2.5	 1.0
2.499	 0.5000000000000006
2.498	 0.5000000000000006
2.497	 0.5000000000000006
2.496	 0.5000000000000006
2.495	 0.5000000000000006
2.494	 0.5000000000000006
2.493	 0.5000000000000006
2.492	 0.5000000000000006
2.491	 0.5000000000000006
2.49	 0.5000000000000006
2.489	 0.5000000000000006
2.488	 0.5000000000000004
2.487	 0.5000000000000004
2.486	 0.5000000000000004
2.485	 0.5000000000000004
2.484	 0.5000000000000004
2.483	 0.5000000000000004
2.482	 0.5000000000000004
2.481	 0.5000000000000004
2.48	 0.5000000000000004
2.479	 0.5000000000000004
2.478	 0.5000000000000006
2.477	 0.5000000000000006
2.476	 0.5000000000000006
2.475	 0.5000000000000006
2.474	 0.5000000000000006
2.473	 0.5000000000000006
2.472	 0.5000000000000006
2.471	 0.5000000000000006
2.47	 0.5000000000000006
2.469	 0.5000000000000006
2.468	 0.5000000000000006
2.467	 0.5000000000000006
2.466	 0.5000000000000006
2.465	 0.5000000000000007
2.464	 0.5000000000000006
2.463	 0.5000000000000006
2.462	 0.5000000000000006
2.461	 0.5000000000000006
2.46	 0.5000000000000006
2.459	 0.5000000000000006
2.458	 0.5000000000000004
2.457	 0.5000000000000004
2.456	 0.5000000000000004
2.455	 0.5000000000000004
2.454	 0.5000000000000004
2.453	 0.5000000000000004
2.452	 0.5000000000000004
2.451	 0.5000000000000004
2.45	 0.5000000000000004
2.449	 0.5000000000000004
2.448	 0.5000000000000003
2.447	 0.5000000000000003
2.446	 0.5000000000000003
2.445	 0.5000000000000003
2.444	 0.5000000000000003
2.443	 0.5000000000000003
2.442	 0.5000000000000003
2.441	 0.5000000000000003
2.44	 0.5000000000000003
2.439	 0.5000000000000003
2.438	 0.5000000000000003
2.437	 0.5000000000000003
2.436	 0.5000000000000003
2.435	 0.5000000000000003
2.434	 0.5000000000000003
2.433	 0.5000000000000002
2.432	 0.5000000000000002
2.431	 0.5000000000000002
2.43	 0.5000000000000002
2.429	 0.5000000000000002
2.428	 0.5000000000000002
2.427	 0.5000000000000002
2.426	 0.5000000000000002
2.425	 0.5000000000000002
2.424	 0.5000000000000002
2.423	 0.5000000000000002
2.422	 0.5000000000000002
2.421	 0.5000000000000002
2.42	 0.5000000000000002
2.419	 0.5000000000000002
2.418	 0.5000000000000002
2.417	 0.5000000000000002
2.416	 0.5000000000000002
2.415	 0.5000000000000002
2.414	 0.5000000000000002
2.413	 0.5000000000000002
2.412	 0.5000000000000002
2.411	 0.5000000000000002
2.41	 0.5000000000000002
2.409	 0.5000000000000002
2.408	 0.5000000000000002
2.407	 0.5000000000000002
2.406	 0.5000000000000002
2.405	 0.5000000000000001
2.404	 0.5000000000000001
2.403	 0.5000000000000001
2.402	 0.5000000000000001
2.401	 0.5000000000000001
2.4	 0.5000000000000001
2.399	 0.5000000000000001
2.398	 0.5000000000000001
2.397	 0.5000000000000001
2.396	 0.5000000000000001
2.395	 0.5000000000000001
2.394	 0.5000000000000001
2.393	 0.5000000000000001
2.392	 0.5000000000000001
2.391	 0.5000000000000001
2.39	 0.5000000000000001
2.389	 0.5000000000000001
2.388	 0.5000000000000001
2.387	 0.5000000000000001
2.386	 0.5000000000000001
2.385	 0.5000000000000001
2.384	 0.5000000000000001
2.383	 0.5000000000000001
2.382	 0.5000000000000001
2.381	 0.5000000000000001
2.38	 0.5000000000000001
2.379	 0.5000000000000001
2.378	 0.5000000000000001
2.377	 0.5000000000000001
2.376	 0.5000000000000001
2.375	 0.5000000000000001
2.374	 0.5000000000000001
2.373	 0.5000000000000001
2.372	 0.5000000000000001
2.371	 0.5000000000000001
2.37	 0.5000000000000001
2.369	 0.5000000000000001
2.368	 0.5000000000000001
2.367	 0.5000000000000001
2.366	 0.5000000000000001
2.365	 0.5000000000000001
2.364	 0.5000000000000001
2.363	 0.5000000000000001
2.362	 0.5000000000000001
2.361	 0.5000000000000001
2.36	 0.5000000000000001
2.359	 0.5000000000000001
2.358	 0.5000000000000001
2.357	 0.5000000000000001
2.356	 0.5000000000000001
2.355	 0.5000000000000001
2.354	 0.5000000000000001
2.353	 0.5000000000000001
2.352	 0.5000000000000001
2.351	 0.5000000000000001
2.35	 0.5000000000000001
2.349	 0.5000000000000001
2.348	 0.5000000000000001
2.347	 0.5000000000000001
2.346	 0.5000000000000001
2.345	 0.5000000000000001
2.344	 0.5000000000000001
2.343	 0.5000000000000001
2.342	 0.5000000000000001
2.341	 0.5000000000000001
2.34	 0.5000000000000001
2.339	 0.5000000000000001
2.338	 0.5000000000000001
2.337	 0.5000000000000001
2.336	 0.5000000000000001
2.335	 0.5000000000000001
2.334	 0.5000000000000001
2.333	 0.5000000000000001
2.332	 0.5000000000000001
2.331	 0.5000000000000001
2.33	 0.5000000000000001
2.329	 0.5000000000000001
2.328	 0.5000000000000001
2.327	 0.5000000000000001
2.326	 0.5000000000000001
2.325	 0.5000000000000001
2.324	 0.5000000000000001
2.323	 0.5000000000000001
2.322	 0.5000000000000001
2.321	 0.5000000000000001
2.32	 0.5000000000000001
2.319	 0.5000000000000001
2.318	 0.5000000000000001
2.317	 0.5000000000000001
2.316	 0.5000000000000001
2.315	 0.5000000000000001
2.314	 0.5000000000000001
2.313	 0.5
2.312	 0.5
2.311	 0.5
2.31	 0.5
2.309	 0.5
2.308	 0.5
2.307	 0.5
2.306	 0.5
2.305	 0.5
2.304	 0.5
2.303	 0.5
2.302	 0.5
2.301	 0.5
2.3	 0.5
2.299	 0.5
2.298	 0.5
2.297	 0.5
2.296	 0.5
2.295	 0.5
2.294	 0.5
2.293	 0.5
2.292	 0.5
2.291	 0.5
2.29	 0.5
2.289	 0.5
2.288	 0.5
2.287	 0.5
2.286	 0.5
2.285	 0.5
2.284	 0.5
2.283	 0.5
2.282	 0.5
2.281	 0.5
2.28	 0.5
2.279	 0.5
2.278	 0.5
2.277	 0.5
2.276	 0.5
2.275	 0.5
2.274	 0.5
2.273	 0.5
2.272	 0.5
2.271	 0.5
2.27	 0.5
2.269	 0.5
2.268	 0.5
2.267	 0.5
2.266	 0.5
2.265	 0.5
2.264	 0.5
2.263	 0.5
2.262	 0.5
2.261	 0.5
2.26	 0.5
2.259	 0.5
2.258	 0.5
2.257	 0.5
2.256	 0.5
2.255	 0.5
2.254	 0.5
2.253	 0.5
2.252	 0.5
2.251	 0.5
2.25	 0.5
2.249	 0.5
2.248	 0.5
2.247	 0.5
2.246	 0.5
2.245	 0.5
2.244	 0.5
2.243	 0.5
2.242	 0.5
2.241	 0.5
2.24	 0.5
2.239	 0.5
2.238	 0.5
2.237	 0.5
2.236	 0.5
2.235	 0.5
2.234	 0.5
2.233	 0.5
2.232	 0.5
2.231	 0.5
2.23	 0.5
2.229	 0.5
2.228	 0.5
2.227	 0.5
2.226	 0.5
2.225	 0.5
2.224	 0.5
2.223	 0.5
2.222	 0.5
2.221	 0.5
2.22	 0.5
2.219	 0.5
2.218	 0.5
2.217	 0.5
2.216	 0.5
2.215	 0.5
2.214	 0.5
2.213	 0.5
2.212	 0.5
2.211	 0.5
2.21	 0.5
2.209	 0.5
2.208	 0.5
2.207	 0.5
2.206	 0.5
2.205	 0.5
2.204	 0.5
2.203	 0.5
2.202	 0.5
2.201	 0.5
2.2	 0.5
2.199	 0.5
2.198	 0.5
2.197	 0.5
2.196	 0.5
2.195	 0.5
2.194	 0.5
2.193	 0.5
2.192	 0.5
2.191	 0.5
2.19	 0.5
2.189	 0.5
2.188	 0.5
2.187	 0.5
2.186	 0.5
2.185	 0.5
2.184	 0.5
2.183	 0.5
2.182	 0.5
2.181	 0.5
2.18	 0.5
2.179	 0.5
2.178	 0.5
2.177	 0.5
2.176	 0.5
2.175	 0.5
2.174	 0.5
2.173	 0.5
2.172	 0.5
2.171	 0.5
2.17	 0.5
2.169	 0.5
2.168	 0.5
2.167	 0.5
2.166	 0.5
2.165	 0.5
2.164	 0.5
2.163	 0.5
2.162	 0.5
2.161	 0.5
2.16	 0.5
2.159	 0.5
2.158	 0.5
2.157	 0.5
2.156	 0.5
2.155	 0.5
2.154	 0.5
2.153	 0.5
2.152	 0.5
2.151	 0.5
2.15	 0.5
2.149	 0.5
2.148	 0.5
2.147	 0.5
2.146	 0.5
2.145	 0.5
2.144	 0.5
2.143	 0.5
2.142	 0.5
2.141	 0.5
2.14	 0.5
2.139	 0.5
2.138	 0.5
2.137	 0.5
2.136	 0.5
2.135	 0.5
2.134	 0.5
2.133	 0.5
2.132	 0.5
2.131	 0.5
2.13	 0.5
2.129	 0.5
2.128	 0.5
2.127	 0.5
2.126	 0.5
2.125	 0.5
2.124	 0.5
2.123	 0.5
2.122	 0.5
2.121	 0.5
2.12	 0.5
2.119	 0.5
2.118	 0.5
2.117	 0.5
2.116	 0.5
2.115	 0.5
2.114	 0.5
2.113	 0.5
2.112	 0.5
2.111	 0.5
2.11	 0.5
2.109	 0.5
2.108	 0.5
2.107	 0.5
2.106	 0.5
2.105	 0.5
2.104	 0.5
2.103	 0.5
2.102	 0.5
2.101	 0.5
2.1	 0.5
2.099	 0.5
2.098	 0.5
2.097	 0.5
2.096	 0.5
2.095	 0.5000042763037088
2.094	 0.5000472356481515
2.093	 0.5000800702476205
2.092	 0.5000804725459156
2.091	 0.500129213206797
2.09	 0.5002425885352502
2.089	 0.5003124899612219
2.088	 0.5003140592761992
2.087	 0.5003985433883308
2.086	 0.5005780569192213
2.085	 0.5006817505652391
2.084	 0.500685171752841
2.083	 0.5007997381920888
2.082	 0.5010472554676022
2.081	 0.5011806493697345
2.08	 0.5011865682015322
2.079	 0.5013319875141001
2.078	 0.5016383438698597
2.077	 0.5018018369832761
2.076	 0.5018108586477942
2.075	 0.5019856801347871
2.074	 0.5023409968359739
2.073	 0.5025289799365973
2.072	 0.5027274724567462
2.071	 0.502741103209961
2.07	 0.5031306422947288
2.069	 0.503341331400488
2.068	 0.5035580473952004
2.067	 0.5035757991623834
2.066	 0.5040037432472493
2.065	 0.5042366899978159
2.064	 0.5044726441073196
2.063	 0.5044949176539197
2.062	 0.504955910743962
2.061	 0.5052042590655023
2.06	 0.5054599155757602
2.059	 0.5054870512436128
2.058	 0.5059747068215271
2.057	 0.5062374664076096
2.056	 0.5065084196194326
2.055	 0.5065406974104514
2.054	 0.5070517141532769
2.053	 0.507327854015997
2.052	 0.5076110311577513
2.051	 0.5076486924757626
2.05	 0.5081796603660454
2.049	 0.5084640292081392
2.048	 0.5087531583837765
2.047	 0.5087963702749291
2.046	 0.5093394221995728
2.045	 0.5096344330673933
2.044	 0.5099323166588352
2.043	 0.5099812314485641
2.042	 0.5105342509647988
2.041	 0.5108338044005095
2.04	 0.5111398037127973
2.039	 0.5111945293107593
2.038	 0.5117516067444141
2.037	 0.5120579321763675
2.036	 0.5123656530258976
2.035	 0.5124262476776138
2.034	 0.5129778174977748
2.033	 0.5132876336890277
2.032	 0.5135964028114287
2.031	 0.5136628594512784
2.03	 0.5142121942528225
2.029	 0.514524181787995
2.028	 0.5148364812978427
2.027	 0.5149088134216357
2.026	 0.5154556127088961
2.025	 0.5157709425022086
2.024	 0.5160839616522284
2.023	 0.5161621729995185
2.022	 0.5167036444325668
2.021	 0.5170151256469637
2.02	 0.5173276391846974
2.019	 0.5174116805542863
2.018	 0.517955689981502
2.017	 0.5182668952936346
2.016	 0.5185818694988156
2.015	 0.5186717587306282
2.014	 0.5192106915154778
2.013	 0.5195233197608413
2.012	 0.5198368530365292
2.011	 0.5199325618527919
2.01	 0.5204689424540687
2.009	 0.5207841763690364
2.008	 0.5210987291079457
2.007	 0.5212002574101152
2.006	 0.5217284690396348
2.005	 0.5220479459167067
2.004	 0.5223680358209261
2.003	 0.522475385445888
2.002	 0.5230035559390359
2.001	 0.5233245819687578
2.0	 0.5236504366783635
1.999	 0.5237636346482398
1.998	 0.5243089174823595
1.997	 0.5244251055312672
1.996	 0.5249637864441552
1.995	 0.5250829394901577
1.994	 0.5256260388247962
1.993	 0.5257481814932764
1.992	 0.5262961054445838
1.991	 0.526421264001148
1.99	 0.5269832224659781
1.989	 0.5271114642404706
1.988	 0.5276803698929788
1.987	 0.5278117301539685
1.986	 0.5283817834330418
1.985	 0.5285162713634777
1.984	 0.5290985681482648
1.983	 0.5292362420306066
1.982	 0.5298333685067398
1.981	 0.5299742976523254
1.98	 0.5305689797050377
1.979	 0.5307131567903233
1.978	 0.5313271342562234
1.977	 0.53147464738812
1.976	 0.5320989083136147
1.975	 0.5322498055056424
1.974	 0.532887987280865
1.973	 0.5330423319828393
1.972	 0.5336889326313011
1.971	 0.5338467638370192
1.97	 0.5345016159336371
1.969	 0.5346629715058662
1.968	 0.5353303672765156
1.967	 0.5354953031713962
1.966	 0.5361736405114039
1.965	 0.5363422052389215
1.964	 0.5370296432939188
1.963	 0.537201876956365
1.962	 0.5379086370706385
1.961	 0.5380846228233093
1.96	 0.538800918791982
1.959	 0.5389806974102868
1.958	 0.5397074640339475
1.957	 0.5398910796963059
1.956	 0.5406300146501993
1.955	 0.5408175180770098
1.954	 0.5415700346177318
1.953	 0.5417614817641262
1.952	 0.5425293822625785
1.951	 0.5427248358329909
1.95	 0.5435024401721742
1.949	 0.5439949920093365
1.948	 0.5444897188427249
1.947	 0.5449929177210209
1.946	 0.5454954870301574
1.945	 0.5459990589213335
1.944	 0.5465060171971183
1.943	 0.5470213108226865
1.942	 0.5475435037096402
1.941	 0.548068651574875
1.94	 0.5485931782449517
1.939	 0.5491206675552875
1.938	 0.5496544741244825
1.937	 0.5501917694020506
1.936	 0.5507295229640107
1.935	 0.5512711426299206
1.934	 0.5518130080158716
1.933	 0.5523617842604098
1.932	 0.5529165714821586
1.931	 0.5534757151430996
1.93	 0.5540370539885603
1.929	 0.5546032385308369
1.928	 0.5551717189887602
1.927	 0.5557462797225956
1.926	 0.5563239151615038
1.925	 0.5569045563704951
1.924	 0.5574874248658951
1.923	 0.5580754851889216
1.922	 0.5586682946833044
1.921	 0.5592676049864113
1.92	 0.5598672421342765
1.919	 0.5604701397774456
1.918	 0.561070151214642
1.917	 0.5616779462855181
1.916	 0.5622873168509974
1.915	 0.5629051757631305
1.914	 0.5635250504793619
1.913	 0.5641523756172484
1.912	 0.564780609195968
1.911	 0.5654109542828092
1.91	 0.5660427958964072
1.909	 0.5666839821536294
1.908	 0.5673312652964324
1.907	 0.5679794731793555
1.906	 0.5686275799615945
1.905	 0.5692808167151505
1.904	 0.5699339728274637
1.903	 0.570594847486362
1.902	 0.5712604013116123
1.901	 0.5719308434740279
1.9	 0.5725985176775814
1.899	 0.57327397893097
1.898	 0.5739459078394956
1.897	 0.5746298132653761
1.896	 0.5753091827528294
1.895	 0.5759856883906681
1.894	 0.576642132872703
1.893	 0.5772821951317523
1.892	 0.5779096341644823
1.891	 0.5785259689292989
1.89	 0.5791365094356185
1.889	 0.579736745640533
1.888	 0.5803182079036986
1.887	 0.5808919054323454
1.886	 0.581460543243454
1.885	 0.5820189286776352
1.884	 0.5825563841265243
1.883	 0.5830894876062712
1.882	 0.583616902237159
1.881	 0.5841252683886223
1.88	 0.5846217303485519
1.879	 0.5851168590355833
1.878	 0.5856048971917818
1.877	 0.5860794079831775
1.876	 0.5865360349727686
1.875	 0.5869944842046231
1.874	 0.5870703595544035
1.873	 0.5878962771532863
1.872	 0.5879503042499918
1.871	 0.5887500607418733
1.87	 0.5888087765719952
1.869	 0.5896213006443757
1.868	 0.5896505088111844
1.867	 0.5904229857395878
1.866	 0.5904588803310125
1.865	 0.5912359733951528
1.864	 0.5912400849935631
1.863	 0.5919850189939622
1.862	 0.5920041027694881
1.861	 0.5927667256482705
1.86	 0.5927521101298853
1.859	 0.5934722426133953
1.858	 0.5934798271652996
1.857	 0.5942129174486398
1.856	 0.5941834353288422
1.855	 0.5948760267177967
1.854	 0.5948736236304201
1.853	 0.5955929780418687
1.852	 0.595551624566371
1.851	 0.5962213021712114
1.85	 0.5962126551472998
1.849	 0.5969136221351001
1.848	 0.5968694091982077
1.847	 0.5975148247159907
1.846	 0.5975061000919011
1.845	 0.5981938548250649
1.844	 0.5981425346925805
1.843	 0.5987668165894102
1.842	 0.5987590123822869
1.841	 0.5994359447908422
1.84	 0.5993837377625779
1.839	 0.5999940053410738
1.838	 0.5999932384518665
1.837	 0.6006516895701318
1.836	 0.6006004949611208
1.835	 0.6011938107364787
1.834	 0.6012064748705906
1.833	 0.6018556621103868
1.832	 0.6018089661087421
1.831	 0.6023959194780958
1.83	 0.6024202955640598
1.829	 0.6030589892205794
1.828	 0.6030164199573144
1.827	 0.6035766270620452
1.826	 0.6036124626695615
1.825	 0.604238469583809
1.824	 0.6045267980892887
1.823	 0.6047472293847299
1.822	 0.6051180153647805
1.821	 0.6054174340187637
1.82	 0.6057087705908364
1.819	 0.6059206101618643
1.818	 0.6062880696397921
1.817	 0.6065772048220679
1.816	 0.6068653776765872
1.815	 0.607066400508766
1.814	 0.6074356843183061
1.813	 0.6077255111600075
1.812	 0.608009247524087
1.811	 0.6082038099061836
1.81	 0.6085732578323979
1.809	 0.6088564790314086
1.808	 0.6091347732423824
1.807	 0.6093201062830866
1.806	 0.6096940056862586
1.805	 0.6099680530502524
1.804	 0.6102391891917461
1.803	 0.6104086076962943
1.802	 0.6107841315680206
1.801	 0.6110489530562501
1.8	 0.6113089249538226
1.799	 0.611452519961221
1.798	 0.6118077367687013
1.797	 0.6119484887472736
1.796	 0.6123073415468007
1.795	 0.6124412721659321
1.794	 0.6127970356713323
1.793	 0.612920917391264
1.792	 0.6132690062603171
1.791	 0.6133775723599474
1.79	 0.6137115274367109
1.789	 0.613800630680902
1.788	 0.6141292343746098
1.787	 0.6142098711058238
1.786	 0.6145352068473952
1.785	 0.6146047782504213
1.784	 0.6149225426816824
1.783	 0.614972471718512
1.782	 0.6152729465033178
1.781	 0.6153062624104136
1.78	 0.6156062419842866
1.779	 0.6156276476433085
1.778	 0.6159153285709222
1.777	 0.6159191625245427
1.776	 0.6161972591735543
1.775	 0.6161848531808831
1.774	 0.6164499609887631
1.773	 0.6164186232941322
1.772	 0.6166761975127095
1.771	 0.6166355148168183
1.77	 0.616882778593697
1.769	 0.6168219289436382
1.768	 0.6170565281328518
1.767	 0.6169836735533056
1.766	 0.6172154350854018
1.765	 0.6171231714479486
1.764	 0.6173431880738617
1.763	 0.6172332478349429
1.762	 0.6174389208983747
1.761	 0.6173110053112665
1.76	 0.6175113638431288
1.759	 0.6173677215300962
1.758	 0.6175618544774099
1.757	 0.6174074663735579
1.756	 0.6175913245869956
1.755	 0.6174182128365038
1.754	 0.6175981319457086
1.753	 0.6174097895718318
1.752	 0.6175777171079692
1.751	 0.617376324648404
1.75	 0.6175394197222364
1.749	 0.6173491186345023
1.748	 0.6174756836670079
1.747	 0.6172756765946372
1.746	 0.6173936782125853
1.745	 0.6171878259819082
1.744	 0.6173057427441152
1.743	 0.6170905527180182
1.742	 0.6171961336431645
1.741	 0.6169622740169721
1.74	 0.6170583852869309
1.739	 0.6168225689534086
1.738	 0.6169147255958918
1.737	 0.616665811037457
1.736	 0.6167501433647322
1.735	 0.6164964297979034
1.734	 0.6165794333481965
1.733	 0.6163190299458293
1.732	 0.6163979883222489
1.731	 0.6161204705837567
1.73	 0.616194616754735
1.729	 0.6159079983552609
1.728	 0.6159753681011595
1.727	 0.6156781998069438
1.726	 0.6157381029938056
1.725	 0.6154297475215462
1.724	 0.6154865358476056
1.723	 0.6151698786034642
1.722	 0.6152180364782641
1.721	 0.6148861356350025
1.72	 0.6149264803435711
1.719	 0.614586868060417
1.718	 0.6146240966987547
1.717	 0.6142821294313306
1.716	 0.6143163206104791
1.715	 0.61396013293503
1.714	 0.6139846891265994
1.713	 0.6136134085156906
1.712	 0.6136278356298407
1.711	 0.6132473474673281
1.71	 0.6132511956975821
1.709	 0.6128611748667512
1.708	 0.6128439249686162
1.707	 0.6124350884839342
1.706	 0.6124053782402712
1.705	 0.6119929573574708
1.704	 0.6119507761634939
1.703	 0.6115289445178949
1.702	 0.6114661122496031
1.701	 0.6110263455970089
1.7	 0.6109462352621746
1.699	 0.6106776697965776
1.698	 0.610401163917995
1.697	 0.6101159481520891
1.696	 0.6098151910724425
1.695	 0.6095115041194632
1.694	 0.6092038195012814
1.693	 0.6089016825537686
1.692	 0.6085940732402741
1.691	 0.6082879753618763
1.69	 0.6079717282837913
1.689	 0.6076508800746975
1.688	 0.6073278224573829
1.687	 0.6070064829989427
1.686	 0.6066761115257325
1.685	 0.606346287804726
1.684	 0.6060162443474164
1.683	 0.6056892886703085
1.682	 0.6053536486659081
1.681	 0.6050222666715578
1.68	 0.6046887046793527
1.679	 0.604357501087509
1.678	 0.6040213932435559
1.677	 0.6036914186931401
1.676	 0.6033581751134168
1.675	 0.6030308587157356
1.674	 0.6024669803704972
1.673	 0.6023815407904968
1.672	 0.6018248837247044
1.671	 0.6017404273449676
1.67	 0.6011794158493384
1.669	 0.6010853322096277
1.668	 0.6005376092984838
1.667	 0.6004614736387889
1.666	 0.5999198457969592
1.665	 0.5998489190552055
1.664	 0.5993209246006546
1.663	 0.59925350886521
1.662	 0.59872998020514
1.661	 0.5986665703293713
1.66	 0.598159139736166
1.659	 0.5981097079338068
1.658	 0.5976122543912026
1.657	 0.5975788494845798
1.656	 0.59709822454859
1.655	 0.5970727855830206
1.654	 0.5966040929078706
1.653	 0.5965979806858683
1.652	 0.5961428738689446
1.651	 0.5961536947710397
1.65	 0.5957212096691594
1.649	 0.5957565583770982
1.648	 0.5953446229750379
1.647	 0.5954078354688354
1.646	 0.5950220510541264
1.645	 0.5951068613229237
1.644	 0.5947467760181642
1.643	 0.5948696349982439
1.642	 0.5945281658705333
1.641	 0.5946733485467385
1.64	 0.5943692873798483
1.639	 0.5945528011658984
1.638	 0.5942733098610917
1.637	 0.5944878726736901
1.636	 0.5942362454229709
1.635	 0.5944897317539583
1.634	 0.5942582191362449
1.633	 0.5945436108916153
1.632	 0.594343161385837
1.631	 0.5946612923495793
1.63	 0.5944876112258218
1.629	 0.5948410949990974
1.628	 0.5946999117015537
1.627	 0.5950917021164509
1.626	 0.5949717513469802
1.625	 0.5953900204083598
1.624	 0.5949520662714916
1.623	 0.5957487707625397
1.622	 0.5953124757278371
1.621	 0.5961503198871241
1.62	 0.5957196911636025
1.619	 0.5966112379538112
1.618	 0.5961899356472738
1.617	 0.5971225808317153
1.616	 0.5967055789388942
1.615	 0.5976759418828101
1.614	 0.5972690785402434
1.613	 0.5982743806240752
1.612	 0.5978710413654302
1.611	 0.598904150368959
1.61	 0.5985116838870299
1.609	 0.5995771175422765
1.608	 0.5991920816274966
1.607	 0.6002754635687073
1.606	 0.5998991991646372
1.605	 0.6010019781667705
1.604	 0.6006355787430748
1.603	 0.6017567233195821
1.602	 0.6013961767406061
1.601	 0.6025266336425531
1.6	 0.6021827969345066
1.599	 0.6033236646660026
1.598	 0.6029938658683337
1.597	 0.6041405505734032
1.596	 0.603817472121891
1.595	 0.6049654190193532
1.594	 0.6046494904100733
1.593	 0.6057954995570228
1.592	 0.6054944684385395
1.591	 0.606641471187992
1.59	 0.6063552004255004
1.589	 0.6075045855936817
1.588	 0.6072326940894293
1.587	 0.6083694359739223
1.586	 0.6081056936079967
1.585	 0.6092296195545741
1.584	 0.6089777066539704
1.583	 0.6100929866808359
1.582	 0.6098584560683188
1.581	 0.610969988310511
1.58	 0.6107492260213861
1.579	 0.6118495405005528
1.578	 0.6116405072619507
1.577	 0.612729770218605
1.576	 0.6125320478302652
1.575	 0.6136084899072555
1.574	 0.6140496876599402
1.573	 0.6144909061931026
1.572	 0.6149318665850494
1.571	 0.6153704132959779
1.57	 0.6158110818500216
1.569	 0.616255782977176
1.568	 0.616703397260692
1.567	 0.6171501576556093
1.566	 0.6175935430362202
1.565	 0.6180373505741994
1.564	 0.6184818436699057
1.563	 0.6189313849223083
1.562	 0.6193839083446234
1.561	 0.619835390432646
1.56	 0.6202839091337476
1.559	 0.6207356722936258
1.558	 0.6211870770000089
1.557	 0.6216347127156872
1.556	 0.6220831709037756
1.555	 0.6225332776129912
1.554	 0.62298085191039
1.553	 0.6234253257261944
1.552	 0.6238732450065139
1.551	 0.6243179524098034
1.55	 0.6247608201635816
1.549	 0.6249327486066838
1.548	 0.6256520681417301
1.547	 0.6258269208984802
1.546	 0.6265407534754261
1.545	 0.6267101778010518
1.544	 0.6274189607679164
1.543	 0.6275854966678744
1.542	 0.6282850133928983
1.541	 0.6284586003437418
1.54	 0.6291531040469043
1.539	 0.6293223706679641
1.538	 0.630013191246714
1.537	 0.630184151283206
1.536	 0.630868390369591
1.535	 0.6310370412302526
1.534	 0.6317160305337444
1.533	 0.6318799959669823
1.532	 0.6325484541817372
1.531	 0.6327146244441357
1.53	 0.6333738536426222
1.529	 0.6335342622834135
1.528	 0.634189084157114
1.527	 0.6343515056452739
1.526	 0.6349978212131812
1.525	 0.6351604447378698
1.524	 0.6358014179745978
1.523	 0.6359619652862748
1.522	 0.6365972622642361
1.521	 0.636758742697711
1.52	 0.6373824996454704
1.519	 0.6375410742328371
1.518	 0.6381629964726065
1.517	 0.6383195297090251
1.516	 0.6389324516019748
1.515	 0.6390871050261205
1.514	 0.6396918307594727
1.513	 0.6398479635789396
1.512	 0.6404437848205589
1.511	 0.6405998361930908
1.51	 0.641195074447103
1.509	 0.6413541740573931
1.508	 0.6419453753572142
1.507	 0.642114867580222
1.506	 0.6427050999020365
1.505	 0.6428784452976479
1.504	 0.6434677756197689
1.503	 0.6436434812841307
1.502	 0.6442291052128607
1.501	 0.6444146492791752
1.5	 0.6449998498570978
1.499	 0.6450473363152545
1.498	 0.6457757579104885
1.497	 0.6458371874473283
1.496	 0.6465683125847782
1.495	 0.6466506866108146
1.494	 0.6473794429771401
1.493	 0.6474765052575231
1.492	 0.6482013335797817
1.491	 0.6483144672252505
1.49	 0.6490407413733678
1.489	 0.6491730543337507
1.488	 0.6498959030047217
1.487	 0.6500422933776452
1.486	 0.6507633523307415
1.485	 0.6509247151802506
1.484	 0.6516407251223112
1.483	 0.6518091653403804
1.482	 0.6525169075946353
1.481	 0.6527015347199705
1.48	 0.653401231314793
1.479	 0.6535897883304396
1.478	 0.6542757573254314
1.477	 0.6544708687500227
1.476	 0.6551420484570726
1.475	 0.6553378431993723
1.474	 0.6559911532816368
1.473	 0.6561843007854729
1.472	 0.6568184469714933
1.471	 0.6570120195388635
1.47	 0.6576272567193897
1.469	 0.6578221352021199
1.468	 0.6584187581079713
1.467	 0.6586000158306656
1.466	 0.659172741249032
1.465	 0.659349187338162
1.464	 0.6598946665418431
1.463	 0.6600659911255311
1.462	 0.6605870941371449
1.461	 0.6607507679549853
1.46	 0.661244074178599
1.459	 0.6613925668453087
1.458	 0.6618581047127114
1.457	 0.6619907111110251
1.456	 0.6624253679941821
1.455	 0.6625459942782731
1.454	 0.6629540165830994
1.453	 0.6630537705646982
1.452	 0.6634261765851579
1.451	 0.6635051375430908
1.45	 0.663837213636215
1.449	 0.6640175474747364
1.448	 0.6641808256981621
1.447	 0.6643235431306441
1.446	 0.6644493973352879
1.445	 0.6645562965274969
1.444	 0.6646443691036091
1.443	 0.6647047392517702
1.442	 0.6647480416805809
1.441	 0.6647729605062633
1.44	 0.6647691709119751
1.439	 0.6647437852171225
1.438	 0.6646967721060356
1.437	 0.6646276244151618
1.436	 0.6645376958659195
1.435	 0.664418348704496
1.434	 0.6642823457196934
1.433	 0.6641204365527664
1.432	 0.6639362163388716
1.431	 0.6637266222198898
1.43	 0.6634929021913487
1.429	 0.6632348399195225
1.428	 0.6629560801738917
1.427	 0.6626546022820581
1.426	 0.6623314587052227
1.425	 0.6619876592246429
1.424	 0.6614766285474304
1.423	 0.6612368811694748
1.422	 0.660679415482081
1.421	 0.6604054531645421
1.42	 0.6598032238062996
1.419	 0.659491482008388
1.418	 0.658845425200941
1.417	 0.658504508455535
1.416	 0.6578172955785109
1.415	 0.6574472371753708
1.414	 0.6567205214238779
1.413	 0.6563234173235405
1.412	 0.655560533467335
1.411	 0.6551411184342923
1.41	 0.6543447341044184
1.409	 0.6539014945531719
1.408	 0.6530710689173862
1.407	 0.6526130647777268
1.406	 0.6517538027774463
1.405	 0.6512811762961975
1.404	 0.6503983344659104
1.403	 0.6499101036081095
1.402	 0.6490002277069999
1.401	 0.6485039066308477
1.4	 0.647570103848913
1.399	 0.6470693461767653
1.398	 0.6461199983379323
1.397	 0.6456155641499584
1.396	 0.6446450544959269
1.395	 0.6441380526465369
1.394	 0.6431581113096975
1.393	 0.6426506634517434
1.392	 0.6416578045977038
1.391	 0.6411552470430412
1.39	 0.6401472996612094
1.389	 0.639647695312942
1.388	 0.638630889447143
1.387	 0.638139592767555
1.386	 0.6371181454854927
1.385	 0.6366362778803862
1.384	 0.6356141217541402
1.383	 0.6351400240851495
1.382	 0.6341093631474264
1.381	 0.6336475477314424
1.38	 0.6326092085126885
1.379	 0.6321544242647272
1.378	 0.6311156996640686
1.377	 0.6306718227796602
1.376	 0.6296298876867883
1.375	 0.6291981896828136
1.374	 0.628381185736421
1.373	 0.627735749802733
1.372	 0.6269227619675461
1.371	 0.6262885143147844
1.37	 0.6254789329221039
1.369	 0.6248509810654079
1.368	 0.6240422711329904
1.367	 0.6234236414643054
1.366	 0.6226168873033228
1.365	 0.622006781148769
1.364	 0.6212041947465115
1.363	 0.6206018202382246
1.362	 0.6197966290255409
1.361	 0.6191998591947144
1.36	 0.6183987152228758
1.359	 0.6178104809865371
1.358	 0.6170074860961429
1.357	 0.6164249947297822
1.356	 0.6156258220640448
1.355	 0.6150506522347566
1.354	 0.6142534236733974
1.353	 0.6136844440765294
1.352	 0.6128886413720402
1.351	 0.6123262940141619
1.35	 0.6115338877768888
1.349	 0.6109776159901374
1.348	 0.6101853541261884
1.347	 0.6096278749862483
1.346	 0.6088345132228568
1.345	 0.6082804977193774
1.344	 0.6074887581156538
1.343	 0.6069384181228572
1.342	 0.6061510034454045
1.341	 0.6056000751115882
1.34	 0.6048124074285088
1.339	 0.6042614281604235
1.338	 0.6034727039858273
1.337	 0.602923253753277
1.336	 0.6021367260653676
1.335	 0.6015866751110377
1.334	 0.6007992188523167
1.333	 0.6002482589475524
1.332	 0.599461852928368
1.331	 0.5989105870382573
1.33	 0.5981258991167243
1.329	 0.5975770368194228
1.328	 0.5967941580274838
1.327	 0.5962407151418367
1.326	 0.595458544565286
1.325	 0.5949073559595911
1.324	 0.5942387736536346
1.323	 0.5935707124131747
1.322	 0.592902710462866
1.321	 0.5922343149139245
1.32	 0.5915707942576033
1.319	 0.5909097281141095
1.318	 0.5902456469115777
1.317	 0.5895797412918787
1.316	 0.5889140859529224
1.315	 0.5882525414282288
1.314	 0.5875925820447515
1.313	 0.586932268343957
1.312	 0.5862750016508723
1.311	 0.5856197336555635
1.31	 0.5849649335063647
1.309	 0.584313586524431
1.308	 0.5836620430741593
1.307	 0.583009611613745
1.306	 0.5823603923689403
1.305	 0.5817088690698636
1.304	 0.5810560675293058
1.303	 0.5804065110081988
1.302	 0.5797601904512872
1.301	 0.5791169801215307
1.3	 0.5784729652022027
1.299	 0.5773821418346672
1.298	 0.5771909374903009
1.297	 0.576096616351365
1.296	 0.5759122691721165
1.295	 0.5748119477075676
1.294	 0.5746370717866965
1.293	 0.5735332472088464
1.292	 0.5733683876534024
1.291	 0.5722546953923195
1.29	 0.5720962104822848
1.289	 0.5709803781011352
1.288	 0.5708344396052304
1.287	 0.5697158305131801
1.286	 0.5695775016638062
1.285	 0.568455506931919
1.284	 0.5683256161632425
1.283	 0.5672030231815854
1.282	 0.567082358459692
1.281	 0.5659559141300227
1.28	 0.5658441962615852
1.279	 0.5647241405436564
1.278	 0.5646251613734445
1.277	 0.5635110641070722
1.276	 0.563421602149412
1.275	 0.562314839657059
1.274	 0.5622333612256554
1.273	 0.561132633822854
1.272	 0.5610634755436056
1.271	 0.5599691674730131
1.27	 0.5599112829050161
1.269	 0.5588319000855908
1.268	 0.5587820518014159
1.267	 0.5577152805122516
1.266	 0.5576735662683645
1.265	 0.5566169063920215
1.264	 0.5565888983850716
1.263	 0.5555457607223552
1.262	 0.5555264178955625
1.261	 0.5544990576041922
1.26	 0.5544876785807636
1.259	 0.5534757799403387
1.258	 0.5534719648175557
1.257	 0.5524780711925641
1.256	 0.5524812915286096
1.255	 0.5514996579966173
1.254	 0.551510641717768
1.253	 0.5505508322882315
1.252	 0.5505677371770603
1.251	 0.5496299693225831
1.25	 0.5496559690378985
1.249	 0.549141944307909
1.248	 0.5487755016806527
1.247	 0.5482790482996027
1.246	 0.5479250037655959
1.245	 0.5474465372084951
1.244	 0.5471043907383285
1.243	 0.5466434447778765
1.242	 0.546316580834938
1.241	 0.5458780181335062
1.24	 0.5455679463041899
1.239	 0.545147460156541
1.238	 0.5448504906274887
1.237	 0.5444494264875349
1.236	 0.5441670417928876
1.235	 0.5437873037481252
1.234	 0.5435214225380518
1.233	 0.5431616181481822
1.232	 0.5429109698627691
1.231	 0.5425722324784069
1.23	 0.5423394571077804
1.229	 0.5420217249323965
1.228	 0.5418023429152214
1.227	 0.541502180448014
1.226	 0.5412964663475865
1.225	 0.5410153707529358
1.224	 0.5408216984577131
1.223	 0.5405590990575412
1.222	 0.5403810594068009
1.221	 0.540135866315875
1.22	 0.5399698609833461
1.219	 0.5397436259971968
1.218	 0.5395884742146284
1.217	 0.5393770540691888
1.216	 0.5392384886977285
1.215	 0.5390413292270957
1.214	 0.5389076904762726
1.213	 0.538723317661782
1.212	 0.5386017855240295
1.211	 0.5384304004668923
1.21	 0.5383166373952425
1.209	 0.5381570536349249
1.208	 0.538053382557922
1.207	 0.5379030336016094
1.206	 0.5378042076060333
1.205	 0.5376633666116188
1.204	 0.537570642019985
1.203	 0.537437768655431
1.202	 0.5373495606767928
1.201	 0.5372226550109857
1.2	 0.5371399940449626
1.199	 0.5370181604643971
1.198	 0.5369385080477868
1.197	 0.5368197180508791
1.196	 0.536741877051994
1.195	 0.5366274493607083
1.194	 0.5365526361574694
1.193	 0.5364413616241711
1.192	 0.536364024459753
1.191	 0.5362505818261504
1.19	 0.5361769540223856
1.189	 0.5360664348034668
1.188	 0.535993426697621
1.187	 0.5358814302657157
1.186	 0.5358083752943701
1.185	 0.5356963498871721
1.184	 0.5356224558862237
1.183	 0.5355086924036275
1.182	 0.5354347766519045
1.181	 0.5353171262312891
1.18	 0.5352432023404258
1.179	 0.5351257151801552
1.178	 0.5350533649553709
1.177	 0.5349312203460732
1.176	 0.5348558566600178
1.175	 0.534731152822195
1.174	 0.5345366237130516
1.173	 0.5345254582820788
1.172	 0.5343259893690816
1.171	 0.5343083841996212
1.17	 0.5341073399964344
1.169	 0.5340844073254474
1.168	 0.533879036261513
1.167	 0.5338454634146077
1.166	 0.5336381638108421
1.165	 0.533599018026328
1.164	 0.5333866057419304
1.163	 0.5333415479288038
1.162	 0.5331307139875118
1.161	 0.5330789353304011
1.16	 0.5328603645868356
1.159	 0.5328017323439523
1.158	 0.5325828486408616
1.157	 0.5325168623448188
1.156	 0.5322931578540722
1.155	 0.5322222629439551
1.154	 0.5319980179754157
1.153	 0.5319230589772482
1.152	 0.5316975495418376
1.151	 0.5316152781957043
1.15	 0.5313862205478818
1.149	 0.5313006582574858
1.148	 0.5310729620948635
1.147	 0.5309854394500387
1.146	 0.5307621348672011
1.145	 0.5306699704878828
1.144	 0.5304449356256608
1.143	 0.5303502927655086
1.142	 0.5301299116020511
1.141	 0.5300355083703577
1.14	 0.5298184572469963
1.139	 0.529724361191728
1.138	 0.5295114690009752
1.137	 0.5294495525503861
1.136	 0.5292037041550747
1.135	 0.5291422906845543
1.134	 0.5289028216394636
1.133	 0.5288418066468026
1.132	 0.5286071771072591
1.131	 0.5285454834853223
1.13	 0.5283156927592385
1.129	 0.528254734041208
1.128	 0.5280312067223633
1.127	 0.5279715380144197
1.126	 0.5277522079292039
1.125	 0.5276900650367901
1.124	 0.5275173699624851
1.123	 0.5274181198655286
1.122	 0.5272478450735402
1.121	 0.5271519692205784
1.12	 0.5269857187293687
1.119	 0.5268881187195686
1.118	 0.5267209483055256
1.117	 0.5266269369978168
1.116	 0.5264662879517963
1.115	 0.5263757285696206
1.114	 0.5262141451303669
1.113	 0.5261231030401907
1.112	 0.5259651029608944
1.111	 0.5258778896626247
1.11	 0.5257194551601725
1.109	 0.525629742405728
1.108	 0.5254703517009793
1.107	 0.525382070212723
1.106	 0.5252248480129282
1.105	 0.5251330121603677
1.104	 0.5249786737501753
1.103	 0.5248939835639231
1.102	 0.5247394343076223
1.101	 0.5246507767492922
1.1	 0.5244956799047287
1.099	 0.5244072477022748
1.098	 0.5242520539572467
1.097	 0.5241623669865796
1.096	 0.5240078616337241
1.095	 0.5239182313203468
1.094	 0.5237611577335555
1.093	 0.5236687180212947
1.092	 0.5235096106186362
1.091	 0.5234183817879928
1.09	 0.5232639551818911
1.089	 0.5231722867100926
1.088	 0.523015163319222
1.087	 0.5229237831622925
1.086	 0.5227667626929021
1.085	 0.5226755906038546
1.084	 0.5225179091276114
1.083	 0.5224275263335103
1.082	 0.5222699224563091
1.081	 0.5221795541811398
1.08	 0.5220244917316257
1.079	 0.5219312567566288
1.078	 0.5217725906561299
1.077	 0.5216792059667108
1.076	 0.5215197880318786
1.075	 0.5214238608569945
1.074	 0.5212646565903026
1.073	 0.5211732333490899
1.072	 0.5210142872133213
1.071	 0.5209186391559014
1.07	 0.5207600377480529
1.069	 0.5206618489284571
1.068	 0.5205022567813435
1.067	 0.5204037778779858
1.066	 0.520243830096399
1.065	 0.5201494843618767
1.064	 0.5199880889970853
1.063	 0.5198873077550038
1.062	 0.5197269312502848
1.061	 0.5196300864435381
1.06	 0.5194705937730761
1.059	 0.5193772412443761
1.058	 0.5192178096869617
1.057	 0.5191274654733765
1.056	 0.5189682329606303
1.055	 0.5188789885425007
1.054	 0.51872189389872
1.053	 0.51863002938374
1.052	 0.518475091149366
1.051	 0.5183868886038826
1.05	 0.5182325020577108
1.049	 0.5180375098641428
1.048	 0.5179877443539066
1.047	 0.5177947475682625
1.046	 0.5177489831540516
1.045	 0.5175578378832115
1.044	 0.5175165910013877
1.043	 0.5173302887088217
1.042	 0.5172931275422096
1.041	 0.517103957836518
1.04	 0.517068985329665
1.039	 0.5168845485198674
1.038	 0.5168550238011496
1.037	 0.5166749658536198
1.036	 0.5166485571033896
1.035	 0.5164670145862398
1.034	 0.5164448431420486
1.033	 0.5162657939230454
1.032	 0.5162471240753639
1.031	 0.5160679618587856
1.03	 0.5160513737533087
1.029	 0.5158769698203886
1.028	 0.5158658693766399
1.027	 0.5156922378901881
1.026	 0.5156846709110428
1.025	 0.5155147768836262
1.024	 0.5155121804623782
1.023	 0.5153454908691342
1.022	 0.515346164640453
1.021	 0.5151795338202438
1.02	 0.5151828955479376
1.019	 0.5150198318238397
1.018	 0.515028936322809
1.017	 0.5148641462908503
1.016	 0.5148723796566212
1.015	 0.5147127299760395
1.014	 0.5147275916609267
1.013	 0.5145725798852613
1.012	 0.5146118431250937
1.011	 0.5144327640459784
1.01	 0.5144747022203069
1.009	 0.5142979634257148
1.008	 0.5143410729464617
1.007	 0.514167538801242
1.006	 0.5142129535950171
1.005	 0.5140430810755509
1.004	 0.5140883155317748
1.003	 0.5139233499285645
1.002	 0.5139713405275566
1.001	 0.5138088503688648
1.0	 0.5138563212472002
0.999	 0.5136930528716483
0.998	 0.5137385064888643
0.997	 0.5135803540155097
0.996	 0.5136265035845423
0.995	 0.5134683365386843
0.994	 0.5135111558386519
0.993	 0.5133553498773485
0.992	 0.5134007587075067
0.991	 0.5132513543947239
0.99	 0.513294963912793
0.989	 0.5131442695793595
0.988	 0.5131863309534007
0.987	 0.5130379967384935
0.986	 0.5130775474070727
0.985	 0.5129287681684377
0.984	 0.5129655133947222
0.983	 0.5128188404780761
0.982	 0.5128542109693423
0.981	 0.5127092367083613
0.98	 0.5127403345724756
0.979	 0.5125917795919287
0.978	 0.5126192721759152
0.977	 0.5124748820357903
0.976	 0.5124999911911222
0.975	 0.5123567175762361
0.974	 0.5123796870054333
0.973	 0.5122398991047429
0.972	 0.5122592254068381
0.971	 0.5121227901934091
0.97	 0.5121388864555263
0.969	 0.5120036221984919
0.968	 0.512015193129756
0.967	 0.5118866399709606
0.966	 0.5118944258476231
0.965	 0.5117709194381764
0.964	 0.5117773882672823
0.963	 0.5116563013725732
0.962	 0.5116577855747416
0.961	 0.5115432349155545
0.96	 0.5115447234979925
0.959	 0.5114369423035001
0.958	 0.5114383535310107
0.957	 0.5113376041004756
0.956	 0.5113370453288603
0.955	 0.511240640546807
0.954	 0.511238156127436
0.953	 0.5111460261780923
0.952	 0.5111421890594166
0.951	 0.5110567982385134
0.95	 0.5110515909447777
0.949	 0.5109692950626961
0.948	 0.5109628750352331
0.947	 0.5108838188753015
0.946	 0.5108765744328714
0.945	 0.5108035239223407
0.944	 0.5107968216999386
0.943	 0.5107260930507193
0.942	 0.5107172453315728
0.941	 0.5106467940458512
0.94	 0.5106373091601126
0.939	 0.5105683809094186
0.938	 0.5105590430338277
0.937	 0.5105125429126408
0.936	 0.510475266753621
0.935	 0.5104370393041692
0.934	 0.5103993875423775
0.933	 0.5103605601710456
0.932	 0.5103239306301087
0.931	 0.5102870593031761
0.93	 0.510251225570044
0.929	 0.5102149015206333
0.928	 0.5101774810951768
0.927	 0.5101397468215753
0.926	 0.5101027167565935
0.925	 0.510068216094442
0.924	 0.5100096345516267
0.923	 0.5099966089781589
0.922	 0.5099367587727199
0.921	 0.5099237686806437
0.92	 0.5098635797824033
0.919	 0.5098497051304706
0.918	 0.5097931434463355
0.917	 0.5097803532422664
0.916	 0.5097216544899306
0.915	 0.5097075735822385
0.914	 0.509651747584063
0.913	 0.5096387775014591
0.912	 0.5095826678902768
0.911	 0.50956723268656
0.91	 0.509510179924719
0.909	 0.5094957078710524
0.908	 0.5094430958161565
0.907	 0.5094292296079348
0.906	 0.5093781725980211
0.905	 0.5093658225949311
0.904	 0.5093158344351214
0.903	 0.5093002537152502
0.902	 0.509246846878676
0.901	 0.5092315296138394
0.9	 0.5091824520362531
0.899	 0.5091689243894825
0.898	 0.5091202632163281
0.897	 0.5091053426938915
0.896	 0.5090565103672838
0.895	 0.5090410127144257
0.894	 0.5089943368148626
0.893	 0.5089799108881731
0.892	 0.5089363455287994
0.891	 0.5089215702058772
0.89	 0.5088749805085915
0.889	 0.5088600407831283
0.888	 0.5088134283856028
0.887	 0.5088017588969468
0.886	 0.50875406447563
0.885	 0.5087362757955479
0.884	 0.5086908575994948
0.883	 0.5086723122149366
0.882	 0.508624354017467
0.881	 0.5086059124007672
0.88	 0.5085583772055094
0.879	 0.5085422031986282
0.878	 0.5084950381633193
0.877	 0.5084752119674263
0.876	 0.5084276411689095
0.875	 0.5084099489236521
0.874	 0.5083624200209141
0.873	 0.5083434776065849
0.872	 0.5082957524439911
0.871	 0.5082776313346156
0.87	 0.5082286203112892
0.869	 0.5082101043720028
0.868	 0.5081615280243476
0.867	 0.5081434212687997
0.866	 0.5080930964981969
0.865	 0.5080729862904634
0.864	 0.508023257822287
0.863	 0.5080043245347307
0.862	 0.5079523247741916
0.861	 0.5079319043640451
0.86	 0.507876044918841
0.859	 0.5078512092283668
0.858	 0.5077902442014675
0.857	 0.50776330016143
0.856	 0.5077019086349694
0.855	 0.5076752767105854
0.854	 0.5076114556418312
0.853	 0.5075861787638819
0.852	 0.5075223269542057
0.851	 0.5074970212935528
0.85	 0.5074302574958134
0.849	 0.5074044236941545
0.848	 0.5073365017052118
0.847	 0.5073104815849415
0.846	 0.5072394729959496
0.845	 0.5072141827738572
0.844	 0.507140997168867
0.843	 0.5071153005506739
0.842	 0.5070394581435946
0.841	 0.5070136863729364
0.84	 0.5069361716001407
0.839	 0.5069098516133822
0.838	 0.5068266403386704
0.837	 0.5067993034022409
0.836	 0.5067157860713976
0.835	 0.5066898254594507
0.834	 0.5066028090255907
0.833	 0.5065766426492118
0.832	 0.5064873453558266
0.831	 0.5064612626958602
0.83	 0.5063710990557103
0.829	 0.5063453048285722
0.828	 0.5062510703728009
0.827	 0.5062258290010656
0.826	 0.5061298949013603
0.825	 0.5061060591138996
0.824	 0.5060073643213573
0.823	 0.5059827199296381
0.822	 0.5058814035304441
0.821	 0.505858512136279
0.82	 0.5057565715625405
0.819	 0.5057331140251747
0.818	 0.5056260607214484
0.817	 0.5056038750214984
0.816	 0.505499094579587
0.815	 0.5054754916424298
0.814	 0.5053651445164761
0.813	 0.5053432715388555
0.812	 0.5052775666046588
0.811	 0.5052129612648092
0.81	 0.5051468264106291
0.809	 0.505081207697406
0.808	 0.5050143933506362
0.807	 0.50494727164853
0.806	 0.5048805100086954
0.805	 0.5048129253898296
0.804	 0.504746385309135
0.803	 0.5046783879654518
0.802	 0.50460940497245
0.801	 0.5045414072068843
0.8	 0.5044732057462402
0.799	 0.5044066085315387
0.798	 0.5043423719341182
0.797	 0.504277623080001
0.796	 0.5042138965899937
0.795	 0.5041523165518464
0.794	 0.5040925048077516
0.793	 0.5040329680841538
0.792	 0.5039719418726242
0.791	 0.5039102295499336
0.79	 0.5038491526091619
0.789	 0.5037891278941715
0.788	 0.5037295211776643
0.787	 0.5036709130639989
0.786	 0.5036134069984691
0.785	 0.5035563082090623
0.784	 0.5035001443044798
0.783	 0.5034441275978147
0.782	 0.5033888237784301
0.781	 0.5033348105193813
0.78	 0.5032817274774511
0.779	 0.5032307074564993
0.778	 0.5031803571756099
0.777	 0.503130857619102
0.776	 0.5030822982984083
0.775	 0.5030347486786116
0.774	 0.5029883908991308
0.773	 0.502941688441426
0.772	 0.5028956916268827
0.771	 0.5028513529991989
0.77	 0.5028077183755252
0.769	 0.5027664851293431
0.768	 0.5027263189255072
0.767	 0.5026871967892103
0.766	 0.5026494279616607
0.765	 0.502611173772797
0.764	 0.5025726336514618
0.763	 0.5025352309390604
0.762	 0.5024971721504374
0.761	 0.5024615588744235
0.76	 0.5024260505395594
0.759	 0.5023911533638296
0.758	 0.5023556959969432
0.757	 0.5023209263078641
0.756	 0.5022868549418262
0.755	 0.5022523806090943
0.754	 0.5022187514448783
0.753	 0.5021850405931851
0.752	 0.5021517190249611
0.751	 0.5021187395686713
0.75	 0.5020860431567667
0.749	 0.502054019818338
0.748	 0.502022386521361
0.747	 0.5019906391391379
0.746	 0.5019588272627452
0.745	 0.5019270851535574
0.744	 0.5018942167902405
0.743	 0.501862128381961
0.742	 0.5018307699495168
0.741	 0.5017995829791644
0.74	 0.501769248600885
0.739	 0.501738736000152
0.738	 0.5017081630633626
0.737	 0.501660093907943
0.736	 0.5016299968038341
0.735	 0.5015996873188521
0.734	 0.5015698406144643
0.733	 0.5015402056909198
0.732	 0.501509929138703
0.731	 0.5014795387757615
0.73	 0.5014491682962962
0.729	 0.5014190846089458
0.728	 0.5013899713546363
0.727	 0.501360656415312
0.726	 0.5013304728714143
0.725	 0.5012998198152225
0.724	 0.5012694467581676
0.723	 0.5012401305824425
0.722	 0.5012107029198067
0.721	 0.5011812452872834
0.72	 0.5011521599992821
0.719	 0.5011227792224432
0.718	 0.5010928246440688
0.717	 0.5010635183796709
0.716	 0.5010349600133869
0.715	 0.5010059735201765
0.714	 0.5009768186165031
0.713	 0.5009468056342827
0.712	 0.5009175931258364
0.711	 0.5008889662464565
0.71	 0.5008603315528323
0.709	 0.5008312350078502
0.708	 0.500803022635061
0.707	 0.5007736311183059
0.706	 0.5007438534342237
0.705	 0.5007135033649823
0.704	 0.5006841126809836
0.703	 0.5006561729856244
0.702	 0.5006282185876795
0.701	 0.5005989725675458
0.7	 0.500569297411859
0.699	 0.5005393759200056
0.698	 0.5005105694273455
0.697	 0.5004809155010695
0.696	 0.500451381634272
0.695	 0.5004224477510102
0.694	 0.5003928439943603
0.693	 0.5003633749584617
0.692	 0.5003336929725596
0.691	 0.5003043012755721
0.69	 0.5002747819905908
0.689	 0.5002448465099005
0.688	 0.5002154412443602
0.687	 0.500206360252734
0.686	 0.5001774798262651
0.685	 0.5001501245482627
0.684	 0.5001211840000384
0.683	 0.5000919513055628
0.682	 0.5000646068780024
0.681	 0.5000366890004448
0.68	 0.5000084719074457
0.679	 0.4999778360192952
0.678	 0.4999482673079649
0.677	 0.4999200852743614
0.676	 0.49989236081708777
0.675	 0.4998630709474248
0.674	 0.49983349798538096
0.673	 0.4998047496762753
0.672	 0.4997756830156689
0.671	 0.4997463778691692
0.67	 0.4997163874496199
0.669	 0.4996867615159014
0.668	 0.4996444086256349
0.667	 0.49961365431596255
0.666	 0.49958290608937045
0.665	 0.4995530167625867
0.664	 0.499522980199679
0.663	 0.49949300386974527
0.662	 0.49946159006131463
0.661	 0.4994316465563311
0.66	 0.4994010819560036
0.659	 0.49937249160840086
0.658	 0.49934427922347596
0.657	 0.4993166880614398
0.656	 0.4992886543600893
0.655	 0.4992594323904732
0.654	 0.49923109332762494
0.653	 0.4992024487001572
0.652	 0.49917143397489816
0.651	 0.49914053375103984
0.65	 0.49911049924641193
0.649	 0.499079949868521
0.648	 0.4990495459034902
0.647	 0.4990184046075709
0.646	 0.4989876617852298
0.645	 0.49895636141039185
0.644	 0.498923981453702
0.643	 0.49889256063038834
0.642	 0.49885977361407857
0.641	 0.4988271604248806
0.64	 0.49879399816949116
0.639	 0.49876047732509854
0.638	 0.4987268099288143
0.637	 0.4986935176687069
0.636	 0.49865917544506494
0.635	 0.4986240255347201
0.634	 0.4985891494051299
0.633	 0.49855323712204014
0.632	 0.4985178139465183
0.631	 0.49848178257828435
0.63	 0.4984462018796997
0.629	 0.49841002300121995
0.628	 0.4983735593579839
0.627	 0.49833667809982535
0.626	 0.49829907198458484
0.625	 0.49826083554703604
0.624	 0.49822165034080423
0.623	 0.49818273610084873
0.622	 0.49814378654619246
0.621	 0.4981037906765202
0.62	 0.49806328609290706
0.619	 0.49802251304455025
0.618	 0.4979813852494042
0.617	 0.497939354809961
0.616	 0.4978961914869606
0.615	 0.49785313873645454
0.614	 0.4978093753775578
0.613	 0.49776355132992167
0.612	 0.4977148319604462
0.611	 0.4976668287566294
0.61	 0.4976186242700936
0.609	 0.49757004600630633
0.608	 0.49752079215069367
0.607	 0.49747019723485647
0.606	 0.4974183971398434
0.605	 0.49736539224538573
0.604	 0.4973118150672654
0.603	 0.49725873709205903
0.602	 0.49720305005849696
0.601	 0.49714712257819754
0.6	 0.49709013227451754
0.599	 0.49707481559603967
0.598	 0.4970587079644598
0.597	 0.49704148422262656
0.596	 0.49702337210167574
0.595	 0.4970042404464222
0.594	 0.496984827290985
0.593	 0.49696608409464293
0.592	 0.4969475736306017
0.591	 0.49692934855215537
0.59	 0.49691108122017225
0.589	 0.4968930363315559
0.588	 0.49687456964934196
0.587	 0.49685598750859405
0.586	 0.496837235958028
0.585	 0.4968191221170365
0.584	 0.4968007412930156
0.583	 0.49678233292329627
0.582	 0.4967637811559469
0.581	 0.496744973254779
0.58	 0.49672684128059935
0.579	 0.4967079681700971
0.578	 0.4966897465004402
0.577	 0.4966709963221907
0.576	 0.4966526290518796
0.575	 0.49663330693521623
0.574	 0.4966140759422464
0.573	 0.4965959440167903
0.572	 0.4965773125492407
0.571	 0.4965585310997899
0.57	 0.4965391183205434
0.569	 0.4965197975464587
0.568	 0.4965004966005923
0.567	 0.49648113552254763
0.566	 0.49646218943302906
0.565	 0.49644359684416034
0.564	 0.4964254839081953
0.563	 0.49640709321275006
0.562	 0.49639110672797965
0.561	 0.4963725987723922
0.56	 0.49635411921435924
0.559	 0.4963353434973093
0.558	 0.49631701791612
0.557	 0.4962987371486108
0.556	 0.4962796038068133
0.555	 0.496261568786129
0.554	 0.4962434426274567
0.553	 0.4962256128557275
0.552	 0.4962077550366778
0.551	 0.49619014461093763
0.55	 0.49617238134661845
0.549	 0.4961546261663964
0.548	 0.49613659511454916
0.547	 0.49611851434150583
0.546	 0.4961005833840777
0.545	 0.4960821887015925
0.544	 0.49606421968509323
0.543	 0.49604596242168986
0.542	 0.4960278835848265
0.541	 0.4960094847668751
0.54	 0.4959911932422671
0.539	 0.4959722705272576
0.538	 0.49595363341157794
0.537	 0.4959351393478355
0.536	 0.4959167698971852
0.535	 0.4958983450584182
0.534	 0.49587957580387043
0.533	 0.495860866402792
0.532	 0.4958419842923463
0.531	 0.4958231024053563
0.53	 0.49580395929324916
0.529	 0.4957851218156933
0.528	 0.4957660656795016
0.527	 0.49574705500497135
0.526	 0.49572753510973244
0.525	 0.4957079655149382
0.524	 0.49568923578018587
0.523	 0.49567063741650347
0.522	 0.49565144712441117
0.521	 0.49563178067109104
0.52	 0.49561180261896626
0.519	 0.49559187703567775
0.518	 0.4955717302921375
0.517	 0.49555152778507955
0.516	 0.4955307025974093
0.515	 0.49550996213015747
0.514	 0.4954889794518977
0.513	 0.4954679602999087
0.512	 0.4954472902747674
0.511	 0.4954272553855539
0.51	 0.49540614485954004
0.509	 0.4953847294367704
0.508	 0.495362092399158
0.507	 0.4953395066681913
0.506	 0.4953174193223662
0.505	 0.4952949206292217
0.504	 0.4952721512445976
0.503	 0.4952494802868843
0.502	 0.49522610511985843
0.501	 0.49520219978588215
0.5	 0.49517860818654075
0.499	 0.4951549214205774
0.498	 0.495130395128803
0.497	 0.4951066694738392
0.496	 0.49508330960803887
0.495	 0.4950596231936229
0.494	 0.49503581990072176
0.493	 0.49501131679596566
0.492	 0.49498663690453326
0.491	 0.4949620257030594
0.49	 0.494936797115798
0.489	 0.49491191931317624
0.488	 0.49488731643228895
0.487	 0.49486591047336304
0.486	 0.4948384916434453
0.485	 0.4948112792875723
0.484	 0.49478468274819315
0.483	 0.4947576841812703
0.482	 0.4947300570497492
0.481	 0.4947019489886768
0.48	 0.4946744490473529
0.479	 0.49464749467714325
0.478	 0.49461960444437425
0.477	 0.4945907878851384
0.476	 0.49456246345548005
0.475	 0.4945342172170294
0.474	 0.49450494699506775
0.473	 0.49447560216735276
0.472	 0.49444497635606316
0.471	 0.49441472687811155
0.47	 0.49438403737034536
0.469	 0.49435397353735716
0.468	 0.4943187269304058
0.467	 0.49428827726253766
0.466	 0.49425815518245336
0.465	 0.49422815056348113
0.464	 0.49419732714247694
0.463	 0.4941659423626452
0.462	 0.49413442436331007
0.461	 0.49410259438522475
0.46	 0.49406955517725015
0.459	 0.49403653128226455
0.458	 0.4940036974202978
0.457	 0.49396991301803167
0.456	 0.4939366272848637
0.455	 0.4939046619131937
0.454	 0.4938711181944297
0.453	 0.4938372459071993
0.452	 0.4938041063532107
0.451	 0.4937703147523648
0.45	 0.49373681247201284
0.449	 0.49370254476665404
0.448	 0.4936677708063477
0.447	 0.4936336617641475
0.446	 0.49359843223324734
0.445	 0.49356401411587414
0.444	 0.49352993634984094
0.443	 0.49349436540310043
0.442	 0.4934598246795708
0.441	 0.4934235053562739
0.44	 0.4933890857802768
0.439	 0.49335446499569957
0.438	 0.4933222741187746
0.437	 0.49328997695848886
0.436	 0.49325885968462096
0.435	 0.49322652151747626
0.434	 0.4931966556622127
0.433	 0.4931674441635208
0.432	 0.49313767063912256
0.431	 0.49310636166766664
0.43	 0.49307237236113033
0.429	 0.4930360791748466
0.428	 0.4929983779256656
0.427	 0.4929547706159662
0.426	 0.4929078718305482
0.425	 0.4928576636865297
0.424	 0.4928037635578567
0.423	 0.49274669207564953
0.422	 0.4926872262360933
0.421	 0.4926250693372416
0.42	 0.49255891161788035
0.419	 0.4924918543050386
0.418	 0.4924249783525999
0.417	 0.49235686087241526
0.416	 0.4922871258367724
0.415	 0.4922167180584412
0.414	 0.4921450772732842
0.413	 0.4920720066263858
0.412	 0.49199991145807587
0.411	 0.4919285036403221
0.41	 0.4918578214720113
0.409	 0.4917820524190126
0.408	 0.4917138060826731
0.407	 0.49164379719364815
0.406	 0.49156920426263667
0.405	 0.49150557586197335
0.404	 0.4914330195309903
0.403	 0.4913515757680245
0.402	 0.4912873790008106
0.401	 0.4912319473482726
0.4	 0.0
