2.5	 1.0
2.499	 0.495312695214674
2.498	 0.49694318446671565
2.497	 0.49633446622158534
2.496	 0.4956776898060947
2.495	 0.4968174788982508
2.494	 0.49612715405478475
2.493	 0.4955571431226087
2.492	 0.4955998969425984
2.491	 0.4953932601303459
2.49	 0.49548665932894664
2.489	 0.4953537881700005
2.488	 0.49550378832372965
2.487	 0.4952858853741923
2.486	 0.495498307575699
2.485	 0.4951848698294343
2.484	 0.4953893265099158
2.483	 0.49522071173313187
2.482	 0.49544705738169675
2.481	 0.49520448799103844
2.48	 0.4952753511191692
2.479	 0.4951327041079822
2.478	 0.4954027060384813
2.477	 0.4952718433331716
2.476	 0.49534729798430405
2.475	 0.4952380024798924
2.474	 0.49532654952965793
2.473	 0.49519843138961145
2.472	 0.4952601338254049
2.471	 0.4951953519421144
2.47	 0.49523005688378374
2.469	 0.49508324626488986
2.468	 0.4951352216268114
2.467	 0.4950948379006679
2.466	 0.49515300116993055
2.465	 0.4950324135880822
2.464	 0.49509538187775337
2.463	 0.49502783892952995
2.462	 0.49499355704530756
2.461	 0.494882645337394
2.46	 0.49492941302061966
2.459	 0.494867029374465
2.458	 0.4948601018142909
2.457	 0.4947773517168927
2.456	 0.49487049364478086
2.455	 0.4948658664774148
2.454	 0.494868844776753
2.453	 0.49479611545846425
2.452	 0.4948051975293065
2.451	 0.49474383544250283
2.45	 0.4947857417733904
2.449	 0.4946936877574229
2.448	 0.4946846924105943
2.447	 0.49467126353835356
2.446	 0.4946740979392502
2.445	 0.49456358754545066
2.444	 0.4945046178499933
2.443	 0.49445435587081943
2.442	 0.49439595441892176
2.441	 0.4942793567456597
2.44	 0.494260287049699
2.439	 0.494217611835492
2.438	 0.49420475209913534
2.437	 0.4941310485804074
2.436	 0.49410828511050087
2.435	 0.4940855930935108
2.434	 0.4940551370864609
2.433	 0.49397250364584383
2.432	 0.49394627673061736
2.431	 0.4939325385352518
2.43	 0.4939089551034476
2.429	 0.4938445084239595
2.428	 0.49383340442195384
2.427	 0.4938077854425827
2.426	 0.49378527059648925
2.425	 0.4937204420468963
2.424	 0.49369992826437814
2.423	 0.4936982964224183
2.422	 0.4936676579411108
2.421	 0.4935545788487962
2.42	 0.4934796275422324
2.419	 0.49345560947427686
2.418	 0.4934253623548153
2.417	 0.49332722047097
2.416	 0.49327040014845247
2.415	 0.4932451761933774
2.414	 0.4932181160286063
2.413	 0.49313682886858234
2.412	 0.4931084364573396
2.411	 0.4931056751911982
2.41	 0.4930585369797132
2.409	 0.49299364336729584
2.408	 0.4929385130372649
2.407	 0.49292401659787716
2.406	 0.49289692293731613
2.405	 0.4928330056111769
2.404	 0.4927980215442618
2.403	 0.4927828981192179
2.402	 0.49274533487702477
2.401	 0.4926606537815323
2.4	 0.4926249024710996
2.399	 0.4926267370144571
2.398	 0.49260282598648314
2.397	 0.49253822102759803
2.396	 0.4924987345941177
2.395	 0.4924790544271305
2.394	 0.49242717810578307
2.393	 0.49234630046797856
2.392	 0.4923038773185005
2.391	 0.49230747052316254
2.39	 0.49228882512876737
2.389	 0.49223636734667114
2.388	 0.4922167122113419
2.387	 0.49221823974558837
2.386	 0.49219654716502675
2.385	 0.49212204050769914
2.384	 0.4920698944800032
2.383	 0.49205725329595384
2.382	 0.49202740495785974
2.381	 0.4919532520388121
2.38	 0.49187875357533795
2.379	 0.4918410544231159
2.378	 0.4918014595086069
2.377	 0.49171476710060624
2.376	 0.4916541608008482
2.375	 0.4916241052180007
2.374	 0.49155476520256686
2.373	 0.4914836108487291
2.372	 0.4914088900570499
2.371	 0.49138475231066014
2.37	 0.49133528625338063
2.369	 0.4912790005040795
2.368	 0.4912123642426033
2.367	 0.49119571544805635
2.366	 0.4911594297016606
2.365	 0.49110464467736087
2.364	 0.49102310869668936
2.363	 0.4909998658108901
2.362	 0.49097167628710336
2.361	 0.4909356329654432
2.36	 0.4908713183590932
2.359	 0.4908498369245561
2.358	 0.4908220550742622
2.357	 0.49078849395354796
2.356	 0.4907211934354623
2.355	 0.4907023080191878
2.354	 0.49066164697294645
2.353	 0.49062053853251664
2.352	 0.4905592227164088
2.351	 0.4905390316830365
2.35	 0.49050903036602667
2.349	 0.4904710886063768
2.348	 0.49040146900197024
2.347	 0.49038152275588054
2.346	 0.4903518406501249
2.345	 0.4903089115987666
2.344	 0.49025563747610595
2.343	 0.4902386606005469
2.342	 0.49019339505964005
2.341	 0.4901539568100942
2.34	 0.4900917493784735
2.339	 0.4900711123210229
2.338	 0.4900215786825113
2.337	 0.4899546382975451
2.336	 0.4898717918758937
2.335	 0.4898520188796583
2.334	 0.4898117191382761
2.333	 0.4897653479953483
2.332	 0.48969008113669416
2.331	 0.4896684009432023
2.33	 0.48962005643227424
2.329	 0.48956939743111016
2.328	 0.48950866367170337
2.327	 0.489494185021192
2.326	 0.4894464441548248
2.325	 0.4893965199442449
2.324	 0.48932630207335853
2.323	 0.4892938768455242
2.322	 0.48927544009678536
2.321	 0.48921939507749573
2.32	 0.4891290681442898
2.319	 0.4890846469586974
2.318	 0.48907804463439164
2.317	 0.489043741744158
2.316	 0.48897136242426725
2.315	 0.48893191865077074
2.314	 0.48892626173992665
2.313	 0.48887476586190043
2.312	 0.48878616318657375
2.311	 0.48873293215286834
2.31	 0.4887161344105573
2.309	 0.4886604607664916
2.308	 0.4885642172299219
2.307	 0.4885203932926511
2.306	 0.48851688303291074
2.305	 0.4884619497695307
2.304	 0.48835050417496584
2.303	 0.48829700079729965
2.302	 0.48828634758126793
2.301	 0.4882279119730556
2.3	 0.4881535658389644
2.299	 0.4881051034502958
2.298	 0.488114586447194
2.297	 0.48806225814717963
2.296	 0.4879844909741346
2.295	 0.48795780098893476
2.294	 0.48798437727496463
2.293	 0.4879207246323112
2.292	 0.4878718202379805
2.291	 0.48783577672319994
2.29	 0.4878613970181432
2.289	 0.4878086984589002
2.288	 0.487759688517917
2.287	 0.4877106801173272
2.286	 0.4877506340334704
2.285	 0.4877125638203984
2.284	 0.4876544167615034
2.283	 0.4875933992839487
2.282	 0.48762660219426285
2.281	 0.4875645589328977
2.28	 0.48751644139078004
2.279	 0.4874432511365772
2.278	 0.4874622234848093
2.277	 0.48741428248371715
2.276	 0.4873668755908614
2.275	 0.4873199531189535
2.274	 0.4873402760009213
2.273	 0.4873077681974221
2.272	 0.4872769800529714
2.271	 0.4872500753019169
2.27	 0.4872879862364898
2.269	 0.4872412690573819
2.268	 0.4872001418530685
2.267	 0.4871661179985318
2.266	 0.48719891194749876
2.265	 0.48715450661086723
2.264	 0.4871031976585343
2.263	 0.4870861616281831
2.262	 0.4871246367869251
2.261	 0.4870903775997209
2.26	 0.4870484024824965
2.259	 0.48701520598070686
2.258	 0.48704481957197693
2.257	 0.4870071450419688
2.256	 0.48695693559139214
2.255	 0.4869301237027115
2.254	 0.4869547903395415
2.253	 0.48690564760915406
2.252	 0.48685831270924
2.251	 0.4868029575744101
2.25	 0.48683384428441545
2.249	 0.48680352923487796
2.248	 0.48678573146673376
2.247	 0.4867328321561293
2.246	 0.48676523438353325
2.245	 0.48673638930698754
2.244	 0.48672008410494494
2.243	 0.48668664909059295
2.242	 0.48672602782886804
2.241	 0.4866937677876004
2.24	 0.48667100588686085
2.239	 0.486636733509884
2.238	 0.4866631042838357
2.237	 0.48662054732652393
2.236	 0.48659630239373475
2.235	 0.4865775458139312
2.234	 0.4866105095407064
2.233	 0.486576745267667
2.232	 0.486559122493635
2.231	 0.486524722282888
2.23	 0.48654911200515877
2.229	 0.4865090948080162
2.228	 0.48647045094968183
2.227	 0.48643177327475945
2.226	 0.4864550758182585
2.225	 0.4864144644011665
2.224	 0.48638450160855345
2.223	 0.4863263600305492
2.222	 0.4863628365699264
2.221	 0.4863169421481404
2.22	 0.486310862279029
2.219	 0.4862812532245384
2.218	 0.48631643696651333
2.217	 0.4862902850337771
2.216	 0.48628126217176704
2.215	 0.4862454480032012
2.214	 0.4862793747260122
2.213	 0.4862383871985897
2.212	 0.4861988313627736
2.211	 0.48615819664369314
2.21	 0.4861760967892694
2.209	 0.4861161334247776
2.208	 0.48610257460543516
2.207	 0.48606913361256526
2.206	 0.48608002736433326
2.205	 0.48602523400827996
2.204	 0.48599010551346306
2.203	 0.4859490064462644
2.202	 0.48598559053756657
2.201	 0.48594203785648804
2.2	 0.4859126681865236
2.199	 0.4858676811831128
2.198	 0.4858424939556155
2.197	 0.4857847379068656
2.196	 0.48579797803815705
2.195	 0.4857658789214839
2.194	 0.485760529598109
2.193	 0.4857001378406377
2.192	 0.48571766928645066
2.191	 0.48565919290239434
2.19	 0.4856394496467723
2.189	 0.48558112809832393
2.188	 0.48558048407824794
2.187	 0.48551412077129924
2.186	 0.48547497732926354
2.185	 0.48542124386356006
2.184	 0.4854433188186518
2.183	 0.4853971501323159
2.182	 0.485368551401026
2.181	 0.48530175327997677
2.18	 0.48533233716725654
2.179	 0.4852826743784449
2.178	 0.48525423730429906
2.177	 0.4851796623944694
2.176	 0.4851932971651512
2.175	 0.48515499097134424
2.174	 0.485136223569846
2.173	 0.48509420821991706
2.172	 0.485071138304749
2.171	 0.48501476399648047
2.17	 0.48499037208514384
2.169	 0.48494886424337913
2.168	 0.4849250800932034
2.167	 0.4848608361641753
2.166	 0.4848249152376689
2.165	 0.4847862478497365
2.164	 0.48476554281676476
2.163	 0.4847036867863233
2.162	 0.4846654998219844
2.161	 0.48461840681167984
2.16	 0.48458634182657523
2.159	 0.48452590447339927
2.158	 0.48446873525519846
2.157	 0.48441967046343065
2.156	 0.4843915523175178
2.155	 0.4843388981661595
2.154	 0.48429303520181033
2.153	 0.4842427356528787
2.152	 0.48420892358857515
2.151	 0.4841362930499208
2.15	 0.48407360556541223
2.149	 0.48402297397960115
2.148	 0.4839874067427531
2.147	 0.48392663422970306
2.146	 0.48388010902145556
2.145	 0.4838189766067586
2.144	 0.4837736587393546
2.143	 0.4837108240819879
2.142	 0.48367640115040006
2.141	 0.4836159449008533
2.14	 0.4835822139399125
2.139	 0.4835238786021943
2.138	 0.48350239621627
2.137	 0.4834731878314612
2.136	 0.4834495537314293
2.135	 0.4833993789412031
2.134	 0.4833542763148203
2.133	 0.4833139035697495
2.132	 0.4832865818495419
2.131	 0.48322839699675485
2.13	 0.4831892792665681
2.129	 0.4831434858016378
2.128	 0.48311207385590554
2.127	 0.48306963216390636
2.126	 0.48301318419705297
2.125	 0.48297995560461976
2.124	 0.4829572052666276
2.123	 0.48291014129462845
2.122	 0.48285898822949846
2.121	 0.48283411147079447
2.12	 0.482819750094604
2.119	 0.48279182228894235
2.118	 0.4827310465224144
2.117	 0.4826906600285364
2.116	 0.48267638766663556
2.115	 0.48265586470905064
2.114	 0.48263571011694584
2.113	 0.4826058627861197
2.112	 0.48259399014552273
2.111	 0.48259087500638936
2.11	 0.48256285209252003
2.109	 0.4825509868089218
2.108	 0.4825502038233572
2.107	 0.4825424176919098
2.106	 0.48251401658302934
2.105	 0.48250752713440587
2.104	 0.4825222648456251
2.103	 0.4825280179198223
2.102	 0.4825031715009337
2.101	 0.4824895396390866
2.1	 0.4825018544599734
2.099	 0.4825064342358174
2.098	 0.48249999630468243
2.097	 0.48248107712047095
2.096	 0.48248107909585913
2.095	 0.48249059550795526
2.094	 0.48248859835970825
2.093	 0.4824821582853103
2.092	 0.4824761121748608
2.091	 0.48247531137172706
2.09	 0.48245915336693107
2.089	 0.4824492534391409
2.088	 0.48244531394378903
2.087	 0.4824397914778323
2.086	 0.48241839360756217
2.085	 0.48241228334124947
2.084	 0.48242365026644496
2.083	 0.4824279068812568
2.082	 0.4824269297589006
2.081	 0.4824308739044066
2.08	 0.4824333531512368
2.079	 0.48243588061207354
2.078	 0.48243315298056466
2.077	 0.4824216817467465
2.076	 0.48241932964360396
2.075	 0.4824146990718811
2.074	 0.4823985925586186
2.073	 0.4823658868619769
2.072	 0.4823205477353472
2.071	 0.4823426225864419
2.07	 0.482315696950437
2.069	 0.4822994349012288
2.068	 0.48226419915104124
2.067	 0.4822849891933774
2.066	 0.4822609625784847
2.065	 0.4822502059638977
2.064	 0.48220980064579344
2.063	 0.48223138179478287
2.062	 0.48220630484150323
2.061	 0.48218755767959703
2.06	 0.4821457369637156
2.059	 0.4821739801336575
2.058	 0.4821722477671605
2.057	 0.48215991945874864
2.056	 0.4821068619138792
2.055	 0.4821255277318155
2.054	 0.48209302527604486
2.053	 0.48208708635968583
2.052	 0.4820500862605762
2.051	 0.4820898053008117
2.05	 0.48206744972004795
2.049	 0.48204855075520003
2.048	 0.4820234813908596
2.047	 0.48202530618122286
2.046	 0.48201399472880835
2.045	 0.48198857633618014
2.044	 0.4819787253313347
2.043	 0.48197448619597266
2.042	 0.48192697128943857
2.041	 0.4819039645294812
2.04	 0.48188848472908447
2.039	 0.48188894951697736
2.038	 0.48186394464805216
2.037	 0.4818515640278423
2.036	 0.4818225200354765
2.035	 0.48181636613786794
2.034	 0.48177294108061
2.033	 0.4817475016008733
2.032	 0.4817310240696905
2.031	 0.4817208556226169
2.03	 0.4816905472423997
2.029	 0.4816792127506643
2.028	 0.48166004651023947
2.027	 0.481651706028281
2.026	 0.481615395461713
2.025	 0.48159051851516244
2.024	 0.48156687384990776
2.023	 0.4815707109724298
2.022	 0.48155578978102875
2.021	 0.48154701785727844
2.02	 0.4815227848506486
2.019	 0.48152637806311344
2.018	 0.4814939829190436
2.017	 0.4814650042919252
2.016	 0.48144416357979797
2.015	 0.48143772637513643
2.014	 0.48140119577238777
2.013	 0.48139708963343875
2.012	 0.48138646342576963
2.011	 0.4813792007324183
2.01	 0.48135616690724276
2.009	 0.4813506532183872
2.008	 0.48133338312411467
2.007	 0.4813274792881415
2.006	 0.4813288313728423
2.005	 0.48133059172913073
2.004	 0.4813216945113166
2.003	 0.48131701145769923
2.002	 0.48128111764310966
2.001	 0.48128093715583464
2.0	 0.48126136094130245
1.999	 0.48125636256328763
1.998	 0.4812085545981034
1.997	 0.4812391275848687
1.996	 0.4812385493894834
1.995	 0.4812366750628919
1.994	 0.4811818793620917
1.993	 0.48121367058809933
1.992	 0.4812038245244011
1.991	 0.4812075518632738
1.99	 0.48115311954478746
1.989	 0.4811792442303528
1.988	 0.4811641295673105
1.987	 0.48115951785659444
1.986	 0.4811303740061966
1.985	 0.48116379831614864
1.984	 0.48113379058150174
1.983	 0.48114011005940865
1.982	 0.4810938265998515
1.981	 0.48114120280699174
1.98	 0.4811336212177193
1.979	 0.48114244804725453
1.978	 0.4811065189264773
1.977	 0.48114674545682534
1.976	 0.48115379679727177
1.975	 0.481160782587143
1.974	 0.48111751713598616
1.973	 0.4811762630442399
1.972	 0.4811800790599479
1.971	 0.48119178756862185
1.97	 0.4811570009418596
1.969	 0.48119744959963945
1.968	 0.4812164118662923
1.967	 0.4812287942646635
1.966	 0.48120723832891393
1.965	 0.4812627964092192
1.964	 0.48127348292578553
1.963	 0.48128810227158697
1.962	 0.4812535333562354
1.961	 0.4813014637878662
1.96	 0.4813160260471227
1.959	 0.48131813925061007
1.958	 0.48129359471597083
1.957	 0.4813519950484258
1.956	 0.48135939959033097
1.955	 0.4813647551007733
1.954	 0.4813402677715618
1.953	 0.4814063665232224
1.952	 0.48142683242907713
1.951	 0.481430699328188
1.95	 0.48140730481683713
1.949	 0.4814212674422865
1.948	 0.48148746391831326
1.947	 0.48145212770207235
1.946	 0.4814685098371496
1.945	 0.4814843228208179
1.944	 0.4815657920694534
1.943	 0.48152509957853545
1.942	 0.48152470720883506
1.941	 0.4815333498506892
1.94	 0.48160481576153497
1.939	 0.48156078779816264
1.938	 0.4815713722812077
1.937	 0.48157240322175665
1.936	 0.48162364955174203
1.935	 0.48158065186398813
1.934	 0.48160339886934433
1.933	 0.48161682299226116
1.932	 0.48167927584786574
1.931	 0.481637945329512
1.93	 0.4816583008123691
1.929	 0.4816767825206334
1.928	 0.4817488140777974
1.927	 0.48168639664017887
1.926	 0.4817037656270882
1.925	 0.4817230427176453
1.924	 0.48176819230216544
1.923	 0.48180390817452495
1.922	 0.48176266853768474
1.921	 0.48176433497611787
1.92	 0.4818151543699179
1.919	 0.4818321237165791
1.918	 0.481786892135584
1.917	 0.481798533969699
1.916	 0.48183545040171094
1.915	 0.4818300942404338
1.914	 0.4817587568563748
1.913	 0.4817450887560434
1.912	 0.48177391824870586
1.911	 0.48176891794980425
1.91	 0.48171930014973485
1.909	 0.4817117256037799
1.908	 0.48173323775805155
1.907	 0.4817343524237129
1.906	 0.48167335772208075
1.905	 0.48165774961999175
1.904	 0.4816652808595045
1.903	 0.48165185446328396
1.902	 0.4816118063161386
1.901	 0.4816033264783873
1.9	 0.48161599732831206
1.899	 0.48159708943256324
1.898	 0.48153051587581025
1.897	 0.48151371929461445
1.896	 0.4815375189097043
1.895	 0.4815218157804006
1.894	 0.481450265960086
1.893	 0.4814238823568669
1.892	 0.48144823996078934
1.891	 0.48144103620445156
1.89	 0.4813708560645439
1.889	 0.4813540507034101
1.888	 0.48137561478059077
1.887	 0.4813626977631432
1.886	 0.481289485919451
1.885	 0.48127765238610315
1.884	 0.48127938479992494
1.883	 0.48126484255323687
1.882	 0.4811980623234235
1.881	 0.48116907499570777
1.88	 0.48117564486057585
1.879	 0.48115400570181605
1.878	 0.4810687283466841
1.877	 0.4810465154902832
1.876	 0.48105622378433727
1.875	 0.4810433768173853
1.874	 0.4810274391175987
1.873	 0.48095872122311256
1.872	 0.4810077445862768
1.871	 0.48097514515705325
1.87	 0.48097786785247604
1.869	 0.48092397870154197
1.868	 0.4809601016743381
1.867	 0.48090396220574516
1.866	 0.48089305673257193
1.865	 0.4808203880588516
1.864	 0.48084781739561105
1.863	 0.48080665335409767
1.862	 0.4807854432690304
1.861	 0.4806996569983883
1.86	 0.48073119080351856
1.859	 0.4806797171732063
1.858	 0.48064892224804767
1.857	 0.48055470889038715
1.856	 0.48058975606049736
1.855	 0.48058008252413403
1.854	 0.48058592897400804
1.853	 0.4805188301410533
1.852	 0.480546324643223
1.851	 0.4805103704710952
1.85	 0.4804947719497835
1.849	 0.4803910906868628
1.848	 0.48042315752454934
1.847	 0.48037345217243116
1.846	 0.48034879108625206
1.845	 0.48026972978761995
1.844	 0.48030876812178414
1.843	 0.48029030717497495
1.842	 0.48029377136187124
1.841	 0.4802185446126675
1.84	 0.48024841534354445
1.839	 0.4802175852462934
1.838	 0.4802085320014661
1.837	 0.480114203146061
1.836	 0.48015453872883584
1.835	 0.48013084242730647
1.834	 0.4801259036620355
1.833	 0.48005651407248057
1.832	 0.48008297858008026
1.831	 0.4800565286407863
1.83	 0.4800480870436876
1.829	 0.47996706744130074
1.828	 0.48000328336544695
1.827	 0.4799879151369176
1.826	 0.4799847792174974
1.825	 0.47993381071599284
1.824	 0.47991845507022257
1.823	 0.47995033846746005
1.822	 0.479872216609414
1.821	 0.4798521992243246
1.82	 0.47982549513643463
1.819	 0.4798495318558702
1.818	 0.4797680849343358
1.817	 0.4797638767245627
1.816	 0.4797442335958984
1.815	 0.47978568906407687
1.814	 0.47971990965702216
1.813	 0.4797080762238172
1.812	 0.47968559591433746
1.811	 0.47973001122751735
1.81	 0.4796610725372412
1.809	 0.47964420122574875
1.808	 0.479595641773557
1.807	 0.4796124267833053
1.806	 0.4795203645715982
1.805	 0.47949191174282896
1.804	 0.479442684538205
1.803	 0.47948454263791807
1.802	 0.47940876007458877
1.801	 0.4793865289035516
1.8	 0.47934965239818617
1.799	 0.4793800359834778
1.798	 0.47930056010485345
1.797	 0.47933139277912407
1.796	 0.47924791647546366
1.795	 0.4792639596109908
1.794	 0.47917707888304334
1.793	 0.47920037003592164
1.792	 0.4791304089974283
1.791	 0.47915997613690914
1.79	 0.4790875820357253
1.789	 0.4791174639002723
1.788	 0.4790475749965047
1.787	 0.47909027295787093
1.786	 0.4790220724913806
1.785	 0.4790650525757552
1.784	 0.4789951334325741
1.783	 0.47902227917983325
1.782	 0.47894856711660505
1.781	 0.4789697043783568
1.78	 0.4788986873301795
1.779	 0.4789266377871365
1.778	 0.478849936683446
1.777	 0.47887751881379975
1.776	 0.4788084841286786
1.775	 0.4788337163491385
1.774	 0.47876032538398183
1.773	 0.47877715223208994
1.772	 0.478709650511864
1.771	 0.478735627879255
1.77	 0.4786618063308671
1.769	 0.47867773066959124
1.768	 0.4785937898720816
1.767	 0.4785969516830769
1.766	 0.47851440921856786
1.765	 0.4785151695101007
1.764	 0.4784420105302957
1.763	 0.47846290143616393
1.762	 0.47838993296751314
1.761	 0.4784042076496216
1.76	 0.4783299088436096
1.759	 0.4783517980732673
1.758	 0.4782734615348075
1.757	 0.478285426060175
1.756	 0.4782086922806079
1.755	 0.47821929050122997
1.754	 0.47814221995853834
1.753	 0.4781547224896148
1.752	 0.47807608441533045
1.751	 0.4780966443604006
1.75	 0.4780200053520491
1.749	 0.4780500786115935
1.748	 0.4779459943189327
1.747	 0.4779683192931546
1.746	 0.4778731903081582
1.745	 0.4779119800360743
1.744	 0.4778140022926394
1.743	 0.4778532093711379
1.742	 0.4777463870263873
1.741	 0.47780393596549053
1.74	 0.4777098638760276
1.739	 0.47775102612359815
1.738	 0.4776536637674152
1.737	 0.4776864802637445
1.736	 0.47760823254925183
1.735	 0.47764890780769237
1.734	 0.47754281307110924
1.733	 0.4775754953787998
1.732	 0.4774795771399337
1.731	 0.4775159456818986
1.73	 0.477425668127182
1.729	 0.4774525487806882
1.728	 0.4773462271367427
1.727	 0.47738003126581224
1.726	 0.47731054474309476
1.725	 0.4773283735681753
1.724	 0.4772505070162294
1.723	 0.4772899813579888
1.722	 0.4771721920325136
1.721	 0.4772066688513062
1.72	 0.47709999052426694
1.719	 0.4771367936462811
1.718	 0.4770204769145838
1.717	 0.4770476063423607
1.716	 0.47695119793700635
1.715	 0.47699558896425825
1.714	 0.4769130032373909
1.713	 0.47696436424533756
1.712	 0.47688324719121233
1.711	 0.47693418945452504
1.71	 0.47683042798896796
1.709	 0.4768634232107172
1.708	 0.4767758212174471
1.707	 0.47681440288556026
1.706	 0.4767042562742557
1.705	 0.47675463446608674
1.704	 0.4766495660338605
1.703	 0.4767067909333587
1.702	 0.476605759763702
1.701	 0.47663845069405786
1.7	 0.47655485945304443
1.699	 0.4765445480550633
1.698	 0.4765118308597243
1.697	 0.47650123051468085
1.696	 0.476475779540957
1.695	 0.47645471839840137
1.694	 0.47641732113912527
1.693	 0.4764003356207772
1.692	 0.47636987795551333
1.691	 0.47633376921824877
1.69	 0.47628677247094103
1.689	 0.47626756789566504
1.688	 0.47624512310680095
1.687	 0.47621669657670046
1.686	 0.47619462222479997
1.685	 0.4761697253232328
1.684	 0.4761488328757808
1.683	 0.4761260304345608
1.682	 0.4760982051591358
1.681	 0.47608040190179934
1.68	 0.4760543844394213
1.679	 0.47603726915121586
1.678	 0.476028609681846
1.677	 0.47602291266821184
1.676	 0.4760022064798264
1.675	 0.475978498696816
1.674	 0.47601016967921567
1.673	 0.4759414477375021
1.672	 0.47597378201286733
1.671	 0.47590759081402534
1.67	 0.47591761985398073
1.669	 0.47581862071199105
1.668	 0.4758633413516699
1.667	 0.47580731415089794
1.666	 0.47583223537502656
1.665	 0.47574396414013453
1.664	 0.47579483107158277
1.663	 0.47572853991837344
1.662	 0.4757706494432247
1.661	 0.4756808976949946
1.66	 0.47571412254415996
1.659	 0.4756430336851005
1.658	 0.4757061888078678
1.657	 0.4756281164845427
1.656	 0.4756516043661196
1.655	 0.4755596952834603
1.654	 0.475566470365333
1.653	 0.4754705813175228
1.652	 0.4754981159645626
1.651	 0.4754051581406626
1.65	 0.4754366027336957
1.649	 0.4753725756037127
1.648	 0.47543555639993434
1.647	 0.47536872416297166
1.646	 0.47542816714052133
1.645	 0.47534178807103256
1.644	 0.47535704839942705
1.643	 0.47526469784063646
1.642	 0.4752633955374836
1.641	 0.4751900526419199
1.64	 0.4752407095392765
1.639	 0.4751494391122884
1.638	 0.4751962078765716
1.637	 0.47512234581137486
1.636	 0.47514861817574167
1.635	 0.4750642634746107
1.634	 0.4750908975939297
1.633	 0.4749959862037383
1.632	 0.4750350862049642
1.631	 0.4749284562824373
1.63	 0.4749359363444449
1.629	 0.4748410208464113
1.628	 0.47488373629773223
1.627	 0.4747908321903174
1.626	 0.47478793166595
1.625	 0.4746787241669358
1.624	 0.47471969582718526
1.623	 0.47460485880396314
1.622	 0.4746500824962308
1.621	 0.4745540341868951
1.62	 0.47459721007022826
1.619	 0.47448676139065926
1.618	 0.47453802596653294
1.617	 0.47443289015167833
1.616	 0.47446565412479674
1.615	 0.47434197623235125
1.614	 0.4743825262345684
1.613	 0.4742569015922609
1.612	 0.4742970810598027
1.611	 0.47416470200350025
1.61	 0.47420504820480286
1.609	 0.4741045247176417
1.608	 0.47416101346968653
1.607	 0.47402957689049685
1.606	 0.47408756089700355
1.605	 0.4739590592123286
1.604	 0.4740206499446718
1.603	 0.4739137929712106
1.602	 0.47395376480574664
1.601	 0.4738469795310485
1.6	 0.4738999309840745
1.599	 0.47374243038766506
1.598	 0.4737880496217275
1.597	 0.4736484669936669
1.596	 0.47368886017259776
1.595	 0.4735676340736495
1.594	 0.473623575012531
1.593	 0.4734944421155964
1.592	 0.47354006595461595
1.591	 0.4733976253310209
1.59	 0.47343601054020806
1.589	 0.4732879248920587
1.588	 0.4733260917180813
1.587	 0.4731554956507035
1.586	 0.47318232212486994
1.585	 0.47300918436740835
1.584	 0.4730386547452185
1.583	 0.47286527220954355
1.582	 0.4729080534998828
1.581	 0.4727225520996828
1.58	 0.47276426055820164
1.579	 0.47258928350415624
1.578	 0.47262849866909606
1.577	 0.47245739294161376
1.576	 0.4724900389885824
1.575	 0.4723028054644925
1.574	 0.47225748961035885
1.573	 0.4721763607926643
1.572	 0.47210232052515627
1.571	 0.4720036664713201
1.57	 0.4719261846474754
1.569	 0.4718446161609381
1.568	 0.47178986652854404
1.567	 0.471714099787751
1.566	 0.47165012380362353
1.565	 0.47155950653303785
1.564	 0.47150244250083123
1.563	 0.47140630567645936
1.562	 0.47132256722505383
1.561	 0.471226205249617
1.56	 0.4711404487395959
1.559	 0.4710411023484505
1.558	 0.4709799213366469
1.557	 0.4708804680768081
1.556	 0.47082560083221353
1.555	 0.4706904094824464
1.554	 0.4706118905624209
1.553	 0.4704865269808992
1.552	 0.4704015442448457
1.551	 0.47029708326906605
1.55	 0.4702108349612657
1.549	 0.4701723728196259
1.548	 0.4700176060364913
1.547	 0.46997380849604503
1.546	 0.4698016401787875
1.545	 0.46973546355311846
1.544	 0.4695759376650662
1.543	 0.46952548754146556
1.542	 0.4693691388856704
1.541	 0.4693002389292921
1.54	 0.46914323003756025
1.539	 0.46906918047537666
1.538	 0.4688972413818274
1.537	 0.4688260857552219
1.536	 0.46863173816726694
1.535	 0.4685639121375766
1.534	 0.46838497951735186
1.533	 0.46830215545839443
1.532	 0.46811989325151393
1.531	 0.4680375003873009
1.53	 0.4678515544599622
1.529	 0.4677808386523547
1.528	 0.4675741268104892
1.527	 0.46748129929962823
1.526	 0.467278189450017
1.525	 0.4671863920193246
1.524	 0.46699750314317606
1.523	 0.4669159963920626
1.522	 0.46671303495051003
1.521	 0.466632697585346
1.52	 0.4664211056081855
1.519	 0.46634506679699683
1.518	 0.4661440101611567
1.517	 0.4660587932427595
1.516	 0.46583775313198683
1.515	 0.46573468340882895
1.514	 0.46550181241452526
1.513	 0.4653787908081688
1.512	 0.4651455382376928
1.511	 0.46502780280125694
1.51	 0.46480554454869244
1.509	 0.4646843732226798
1.508	 0.4644587894360278
1.507	 0.46433863038069445
1.506	 0.46411281975497753
1.505	 0.46399823814656815
1.504	 0.46376829672464986
1.503	 0.4636386004308209
1.502	 0.46340073010744043
1.501	 0.46326690550600735
1.5	 0.46301154764913205
1.499	 0.4629947885720226
1.498	 0.4625988361585646
1.497	 0.46259745732262253
1.496	 0.46218097859826374
1.495	 0.4621707195913391
1.494	 0.4617628371224611
1.493	 0.4617712055467962
1.492	 0.46138960649244526
1.491	 0.4613928645196967
1.49	 0.46101270078322837
1.489	 0.4610083836501414
1.488	 0.4605853690581379
1.487	 0.46056622854137363
1.486	 0.46015469695641376
1.485	 0.4601341079872963
1.484	 0.45971786217122457
1.483	 0.45969937419656665
1.482	 0.4592708358826862
1.481	 0.459249996805195
1.48	 0.45882755595831837
1.479	 0.4588119539111507
1.478	 0.45834695497906747
1.477	 0.45830484292919405
1.476	 0.45785386247190335
1.475	 0.457830316476861
1.474	 0.45739620937502484
1.473	 0.4573612756958649
1.472	 0.4568932511238213
1.471	 0.4568445034533768
1.47	 0.45639058249433506
1.469	 0.45637407155629856
1.468	 0.4559417062149031
1.467	 0.45587954949536913
1.466	 0.45541069158474046
1.465	 0.4553817544882268
1.464	 0.4549169480395357
1.463	 0.4548619435371966
1.462	 0.45437254558413126
1.461	 0.4543406759487431
1.46	 0.45386699076777326
1.459	 0.45382209290229525
1.458	 0.45331765331168006
1.457	 0.453265336582541
1.456	 0.4527663215294382
1.455	 0.4527306338763123
1.454	 0.4522397431262901
1.453	 0.45220339710035756
1.452	 0.4517244962424271
1.451	 0.45168550345280595
1.45	 0.45119078246899724
1.449	 0.45089104281040443
1.448	 0.4505991088550981
1.447	 0.45029175566220614
1.446	 0.449996288456906
1.445	 0.4496801108404921
1.444	 0.4494220305700831
1.443	 0.44913334047055825
1.442	 0.44885541243711174
1.441	 0.44856161897627156
1.44	 0.4482517039838687
1.439	 0.4479511454255744
1.438	 0.44765337352645407
1.437	 0.44733878515326564
1.436	 0.44705023157599794
1.435	 0.44673966432692785
1.434	 0.44644562894186546
1.433	 0.4461381973184371
1.432	 0.445847328877851
1.431	 0.4455445459545683
1.43	 0.4453007842936042
1.429	 0.44502008400571264
1.428	 0.44471186121675904
1.427	 0.4443897966406207
1.426	 0.44408787223151797
1.425	 0.4438086865971965
1.424	 0.44357179496755283
1.423	 0.44318959136571806
1.422	 0.4429362283304758
1.421	 0.4425413375913145
1.42	 0.4422789487567633
1.419	 0.4418832672986172
1.418	 0.4415981754126755
1.417	 0.4411910141038584
1.416	 0.4409459157560004
1.415	 0.44056538970487846
1.414	 0.44032606940067937
1.413	 0.4399444843306538
1.412	 0.4397003646272762
1.411	 0.4393100914117118
1.41	 0.43902017133938576
1.409	 0.4386154730971347
1.408	 0.4383631407878584
1.407	 0.4379981868956247
1.406	 0.4377557243860225
1.405	 0.4373723705855778
1.404	 0.4371125778506409
1.403	 0.4366952247842786
1.402	 0.4364035148415566
1.401	 0.4359967611160995
1.4	 0.43574767468890535
1.399	 0.43537912751904745
1.398	 0.43514341545857205
1.397	 0.43474518642543314
1.396	 0.43447218587996306
1.395	 0.43406164916998174
1.394	 0.4337963538210751
1.393	 0.43339348338582506
1.392	 0.4331127887770004
1.391	 0.43270737431876277
1.39	 0.43245467515550745
1.389	 0.4320622062674585
1.388	 0.4317852711932364
1.387	 0.431393775098962
1.386	 0.4311535265566216
1.385	 0.43075959967154215
1.384	 0.4305250024713216
1.383	 0.4301426603534467
1.382	 0.4299106231571107
1.381	 0.4295383466482527
1.38	 0.4292771397926992
1.379	 0.428877906805207
1.378	 0.4286400024132834
1.377	 0.428253186282244
1.376	 0.4279997574858638
1.375	 0.4276098766648783
1.374	 0.4275162442644982
1.373	 0.4269320770465093
1.372	 0.4268563527309599
1.371	 0.42632595415542457
1.37	 0.42625920738992895
1.369	 0.4257223978802887
1.368	 0.4256372919589479
1.367	 0.4251090555168699
1.366	 0.4250225992856065
1.365	 0.4244885589821955
1.364	 0.4244030429973891
1.363	 0.42385403280919665
1.362	 0.423778958666492
1.361	 0.42325955865404435
1.36	 0.42319947795132523
1.359	 0.4226939433283296
1.358	 0.42259852028867934
1.357	 0.4220563370399236
1.356	 0.4219584784236011
1.355	 0.4214604640316179
1.354	 0.4214203246780075
1.353	 0.42091426816162636
1.352	 0.4208595361935538
1.351	 0.4203485993799682
1.35	 0.4202799517300484
1.349	 0.41975831873174596
1.348	 0.41970481536390775
1.347	 0.41921781757127297
1.346	 0.4191777355854078
1.345	 0.41869980167289733
1.344	 0.4186411664168922
1.343	 0.41817018290523267
1.342	 0.41812092301463505
1.341	 0.41765320372923687
1.34	 0.4175871250809963
1.339	 0.41711821163622065
1.338	 0.41707512690284476
1.337	 0.41661713069936124
1.336	 0.41657819031804627
1.335	 0.4160859407424011
1.334	 0.4160365297918511
1.333	 0.41557235882443344
1.332	 0.41554510353031004
1.331	 0.41509443525328504
1.33	 0.41505178479969723
1.329	 0.4145755070639377
1.328	 0.414566342310599
1.327	 0.4141577528546415
1.326	 0.4141487819332303
1.325	 0.41371571177151373
1.324	 0.4134678849948929
1.323	 0.413225610313795
1.322	 0.4129880327205857
1.321	 0.4127699308607336
1.32	 0.41256612871014614
1.319	 0.41236150815803124
1.318	 0.41214141252366915
1.317	 0.41194195348822954
1.316	 0.4117291883857231
1.315	 0.41154677984130544
1.314	 0.4113442147233597
1.313	 0.4111746643924492
1.312	 0.41099228800585763
1.311	 0.4108188654827965
1.31	 0.4106157441180185
1.309	 0.4104437604594642
1.308	 0.41023935811286427
1.307	 0.4101016889038225
1.306	 0.40994152456782207
1.305	 0.4097721016793746
1.304	 0.4095963566154522
1.303	 0.40945218287190327
1.302	 0.40927917600634933
1.301	 0.40915807891249556
1.3	 0.4089981462947078
1.299	 0.40900102541376454
1.298	 0.4087496723557161
1.297	 0.4087732913201209
1.296	 0.4085311401486499
1.295	 0.4085723872963573
1.294	 0.40831876241056914
1.293	 0.4083335288533259
1.292	 0.4080776840947226
1.291	 0.4080787683123193
1.29	 0.40782247497200197
1.289	 0.4078647640064143
1.288	 0.40761505258254965
1.287	 0.4076517815399191
1.286	 0.40741806494290844
1.285	 0.40748025703313495
1.284	 0.40721858317563636
1.283	 0.40728607763753827
1.282	 0.40703037113997526
1.281	 0.4070825017930229
1.28	 0.4068475800564185
1.279	 0.40692126674387835
1.278	 0.40672189710717105
1.277	 0.4068293820553648
1.276	 0.4065980317710023
1.275	 0.4067074273902342
1.274	 0.40647242022457575
1.273	 0.4065924370784967
1.272	 0.40636768405697277
1.271	 0.406528216767259
1.27	 0.4062558314232208
1.269	 0.40636724414025394
1.268	 0.406139458850052
1.267	 0.4062633552854322
1.266	 0.40604685882350244
1.265	 0.40619212775784547
1.264	 0.4059899916694244
1.263	 0.4061518934206166
1.262	 0.40594570603976815
1.261	 0.4060797617108422
1.26	 0.40590108066152436
1.259	 0.40609356781542183
1.258	 0.40592039407790215
1.257	 0.4061350879068097
1.256	 0.4059780452833456
1.255	 0.4061798057541673
1.254	 0.40600194328910977
1.253	 0.4062030787917304
1.252	 0.4060210790696709
1.251	 0.40619616195663905
1.25	 0.4060378749741784
1.249	 0.4062357891246531
1.248	 0.4061001274638352
1.247	 0.4062849923669355
1.246	 0.40617925775402886
1.245	 0.4063953872935857
1.244	 0.40627668782098947
1.243	 0.40645934044034504
1.242	 0.4063506158382837
1.241	 0.4065674900955365
1.24	 0.4065033792032822
1.239	 0.4067234065899783
1.238	 0.406632569084763
1.237	 0.40684475812598636
1.236	 0.406771808466627
1.235	 0.4069916935805316
1.234	 0.40692118787231785
1.233	 0.4071457588566989
1.232	 0.40709714082936604
1.231	 0.4073302721003803
1.23	 0.40722318906342325
1.229	 0.4074091280330372
1.228	 0.4073494059487373
1.227	 0.407599856626025
1.226	 0.40756527830229994
1.225	 0.4077937704451394
1.224	 0.4077231662152433
1.223	 0.4079686471269916
1.222	 0.4079192827455856
1.221	 0.4081767337059934
1.22	 0.4082065267057024
1.219	 0.4084889683118325
1.218	 0.40848742816273875
1.217	 0.40880025459627695
1.216	 0.4088290718722707
1.215	 0.4090907134143393
1.214	 0.4090428746243244
1.213	 0.4093026715255184
1.212	 0.40931836759286555
1.211	 0.4095951740856958
1.21	 0.40961882959975304
1.209	 0.40990733217152203
1.208	 0.40989443260413216
1.207	 0.4101670428076711
1.206	 0.4101465800540556
1.205	 0.4104392645289229
1.204	 0.41044383854490135
1.203	 0.41073744935447437
1.202	 0.41080260973792354
1.201	 0.4111147010132605
1.2	 0.41113367946422713
1.199	 0.4114150562383319
1.198	 0.41142239956808097
1.197	 0.41170941172910586
1.196	 0.41177824471223545
1.195	 0.4120992326273289
1.194	 0.41215377173226336
1.193	 0.41246032730659504
1.192	 0.41255568196083103
1.191	 0.4128758485854004
1.19	 0.4129507932698678
1.189	 0.41324971256522697
1.188	 0.4133657939918714
1.187	 0.4137148074790774
1.186	 0.41377309863456246
1.185	 0.41410050458826964
1.184	 0.41416305805063397
1.183	 0.41449564783472226
1.182	 0.4145869441294317
1.181	 0.41490730218673866
1.18	 0.41501956592889777
1.179	 0.41537225665706345
1.178	 0.4154816740705088
1.177	 0.4157910338716795
1.176	 0.41591850726613855
1.175	 0.4162736750752166
1.174	 0.41669377501738847
1.173	 0.4167798448748055
1.172	 0.41718399060270317
1.171	 0.4172486166027274
1.17	 0.4176276600240164
1.169	 0.4176950015960344
1.168	 0.4181062679317889
1.167	 0.4181478375673849
1.166	 0.4185361853499179
1.165	 0.41861157973229296
1.164	 0.41907310736626935
1.163	 0.4191447718832125
1.162	 0.41957367075904456
1.161	 0.41964576499873707
1.16	 0.420040131160681
1.159	 0.4201036595164453
1.158	 0.42059662226102973
1.157	 0.4206829151883186
1.156	 0.42114271581815704
1.155	 0.4212288814545089
1.154	 0.42163459529863356
1.153	 0.4217168703992808
1.152	 0.422181967380831
1.151	 0.4222502795173718
1.15	 0.4227157777481259
1.149	 0.4228033793531817
1.148	 0.4232714136158117
1.147	 0.4233542557171156
1.146	 0.4237842913543917
1.145	 0.42384359847734276
1.144	 0.42433424782881296
1.143	 0.42439608060483747
1.142	 0.42482496333554975
1.141	 0.4248801494782098
1.14	 0.4253599439849664
1.139	 0.425423451211223
1.138	 0.4258779416670941
1.137	 0.4258790770371318
1.136	 0.4264646939838113
1.135	 0.4264993707533552
1.134	 0.4271233475711013
1.133	 0.42715813743946657
1.132	 0.42772769465197913
1.131	 0.42772010371825125
1.13	 0.4283277784053942
1.129	 0.4283637814471823
1.128	 0.4289362620372336
1.127	 0.42894608893687397
1.126	 0.4295057650230566
1.125	 0.4294973695965705
1.124	 0.4298567177057778
1.123	 0.43008840304406126
1.122	 0.43047304123905655
1.121	 0.43071800727767373
1.12	 0.43108304092255867
1.119	 0.43129827753485783
1.118	 0.4316550143387659
1.117	 0.4318395202515072
1.116	 0.4322151335542189
1.115	 0.4324490001238808
1.114	 0.43280207329887505
1.113	 0.43301203248264747
1.112	 0.4333638361458271
1.111	 0.4335980715667816
1.11	 0.4339627443109673
1.109	 0.43422792776480623
1.108	 0.43460567304902253
1.107	 0.434839670096059
1.106	 0.4351521376485135
1.105	 0.43537645902263744
1.104	 0.4357471665235141
1.103	 0.43593623772995493
1.102	 0.43627748240553227
1.101	 0.43648643516076746
1.1	 0.43681855439161443
1.099	 0.4370647972518107
1.098	 0.43739307425706164
1.097	 0.4375685876255515
1.096	 0.437881834983886
1.095	 0.43807323008760507
1.094	 0.43841230500608347
1.093	 0.4386228816724813
1.092	 0.4389411974030413
1.091	 0.4391880654630789
1.09	 0.4395359772861846
1.089	 0.43974334292068806
1.088	 0.4400721543199579
1.087	 0.44029018212916005
1.086	 0.44063122051957343
1.085	 0.4408439786054578
1.084	 0.4412010858561672
1.083	 0.44141554312109016
1.082	 0.4417651846789112
1.081	 0.4420135630961229
1.08	 0.4423693563416731
1.079	 0.4425859040039394
1.078	 0.4429160277842982
1.077	 0.44310892832889137
1.076	 0.44346586531654936
1.075	 0.4437106952630761
1.074	 0.4440462637872024
1.073	 0.4443038022121004
1.072	 0.4446280578890908
1.071	 0.4447997014091942
1.07	 0.44515884448306864
1.069	 0.445465487771348
1.068	 0.44579276824677844
1.067	 0.44603509542112374
1.066	 0.4463780121343582
1.065	 0.44660677890271355
1.064	 0.44692318311319545
1.063	 0.4471382912961667
1.062	 0.4474773219903804
1.061	 0.4477238507478795
1.06	 0.44805412349761303
1.059	 0.4483539847645137
1.058	 0.4486533941885389
1.057	 0.4489570528656817
1.056	 0.4492274297459876
1.055	 0.4495346209685754
1.054	 0.4498394409425281
1.053	 0.450162976465464
1.052	 0.45047494110933123
1.051	 0.4508422732737885
1.05	 0.4511704248385478
1.049	 0.45171279267186415
1.048	 0.45182331300988104
1.047	 0.4523979609282152
1.046	 0.45248437692798893
1.045	 0.4530454434786008
1.044	 0.45314879588937185
1.043	 0.4537224952403871
1.042	 0.4538218254658368
1.041	 0.4543441786375443
1.04	 0.4544018650948877
1.039	 0.45493541450777814
1.038	 0.45503711085468923
1.037	 0.45560156315215933
1.036	 0.45566831605688113
1.035	 0.45621458285845806
1.034	 0.4563077232527765
1.033	 0.45682059927577995
1.032	 0.4568883561135545
1.031	 0.4574320461218399
1.03	 0.4575264887661313
1.029	 0.45807686359038985
1.028	 0.4581499860053132
1.027	 0.45868019566071766
1.026	 0.45876096939412614
1.025	 0.45933220897285065
1.024	 0.4594314225036792
1.023	 0.4599564117148807
1.022	 0.4600661361861005
1.021	 0.46059403530942833
1.02	 0.460642470963254
1.019	 0.46112199226841305
1.018	 0.4612284463391324
1.017	 0.4616904600285607
1.016	 0.4617561240400909
1.015	 0.46228467995510614
1.014	 0.4623992418610681
1.013	 0.462940494272294
1.012	 0.4630399083148011
1.011	 0.46351074596189606
1.01	 0.46360575908188445
1.009	 0.46413236612954334
1.008	 0.46424280476417557
1.007	 0.46475190426581336
1.006	 0.4648857592846739
1.005	 0.4654004143357376
1.004	 0.46551896456203223
1.003	 0.46601336509596164
1.002	 0.46611084641867734
1.001	 0.4665831450566989
1.0	 0.46671200127961365
0.999	 0.4672332036547616
0.998	 0.4673534811129622
0.997	 0.46784476017724186
0.996	 0.4679472952981667
0.995	 0.46842793929672094
0.994	 0.4685505472746603
0.993	 0.469026320182788
0.992	 0.4691127766842442
0.991	 0.4695430739870631
0.99	 0.4696345909026101
0.989	 0.470141393356189
0.988	 0.4702237087956503
0.987	 0.47063711392060126
0.986	 0.4707387514067877
0.985	 0.471203521249245
0.984	 0.4713168304881246
0.983	 0.47176670162942963
0.982	 0.4718649151967071
0.981	 0.472321022530862
0.98	 0.4724246697246242
0.979	 0.4728381757712625
0.978	 0.4729282680588488
0.977	 0.473371456346741
0.976	 0.4734554838835215
0.975	 0.4738780747655227
0.974	 0.4739801272981382
0.973	 0.4743791674041106
0.972	 0.474477314380551
0.971	 0.4749175557949794
0.97	 0.47502203206081295
0.969	 0.47545221866172466
0.968	 0.47554364477750605
0.967	 0.47598314350668397
0.966	 0.47609110464436316
0.965	 0.47650895202376414
0.964	 0.4765770350942287
0.963	 0.4769701066852418
0.962	 0.47707331110181583
0.961	 0.47748053694965836
0.96	 0.47758720118339437
0.959	 0.47800632379437213
0.958	 0.47807131910133094
0.957	 0.47844476564469496
0.956	 0.4785486532886789
0.955	 0.47894210899768014
0.954	 0.4790512649445721
0.953	 0.47943671540405847
0.952	 0.4795121144040752
0.951	 0.47990221806402594
0.95	 0.4799864844864937
0.949	 0.4803474006561111
0.948	 0.48044196457764976
0.947	 0.480825836741839
0.946	 0.48092564551494243
0.945	 0.48130802550505525
0.944	 0.4813805466025861
0.943	 0.4817728728359834
0.942	 0.4818722227372967
0.941	 0.48226756909960866
0.94	 0.48235426274598225
0.939	 0.48275657603951855
0.938	 0.4828509990655766
0.937	 0.4830384854691514
0.936	 0.4832539393400353
0.935	 0.48344444346237386
0.934	 0.48364642910468425
0.933	 0.4838170320226373
0.932	 0.4840237071468211
0.931	 0.48421658869301953
0.93	 0.48444628355615305
0.929	 0.48461614909028655
0.928	 0.48479751521257525
0.927	 0.48497969033941374
0.926	 0.4852007995992606
0.925	 0.48541912306572144
0.924	 0.4857884956897202
0.923	 0.4858878077547986
0.922	 0.48620568740033426
0.921	 0.4862738104681339
0.92	 0.4865755121705591
0.919	 0.4866545718689935
0.918	 0.4870233005711859
0.917	 0.48714578245428375
0.916	 0.48745555898018084
0.915	 0.48752140716467385
0.914	 0.48786032280554625
0.913	 0.48796068468861337
0.912	 0.4882976567579481
0.911	 0.48838744563915987
0.91	 0.4886702917813875
0.909	 0.4887398143810239
0.908	 0.48902368990559897
0.907	 0.48911529448943847
0.906	 0.48945963613626076
0.905	 0.4895600378462337
0.904	 0.48986815945692674
0.903	 0.48999055957109217
0.902	 0.4903417638675111
0.901	 0.49043270433068653
0.9	 0.49074481613827864
0.899	 0.49083380440177204
0.898	 0.491168941512177
0.897	 0.4912853094740823
0.896	 0.49162470257947244
0.895	 0.49173244532471155
0.894	 0.4920563623371716
0.893	 0.49215531867366064
0.892	 0.49246238583887886
0.891	 0.49253980774828887
0.89	 0.4928338961112654
0.889	 0.4929434894264714
0.888	 0.49328139824647627
0.887	 0.49340321956251554
0.886	 0.4936932238864246
0.885	 0.49378022806504834
0.884	 0.49405432392583715
0.883	 0.4941682359095483
0.882	 0.49447325895860694
0.881	 0.49458435798751815
0.88	 0.4948715547965665
0.879	 0.4949898213582365
0.878	 0.4952898212299287
0.877	 0.4953985615045274
0.876	 0.49565281994816934
0.875	 0.49572617507609207
0.874	 0.49597013244244914
0.873	 0.49603959561189087
0.872	 0.4963329270254998
0.871	 0.4964398601454045
0.87	 0.49669047791550014
0.869	 0.4967596915309335
0.868	 0.49703402730651003
0.867	 0.49713917509903893
0.866	 0.497394938507787
0.865	 0.49749360112958463
0.864	 0.4977766535441917
0.863	 0.49789619785992656
0.862	 0.4981445941506292
0.861	 0.4982601247560827
0.86	 0.49851380497835696
0.859	 0.4985088275463875
0.858	 0.49867086904783237
0.857	 0.49865194637345833
0.856	 0.49884206502448264
0.855	 0.49882397088863506
0.854	 0.49898064980425766
0.853	 0.49896250797483305
0.852	 0.49910920996753916
0.851	 0.49909059585453314
0.85	 0.499213459491018
0.849	 0.49919588173252444
0.848	 0.49930117737629504
0.847	 0.49928395676516757
0.846	 0.4994145735773477
0.845	 0.49939711408627574
0.844	 0.4995035492306197
0.843	 0.4994893004167676
0.842	 0.49960319507023554
0.841	 0.49959089105566173
0.84	 0.4997503868005119
0.839	 0.4997426767433332
0.838	 0.4998511299791244
0.837	 0.499843035311284
0.836	 0.4999863075716765
0.835	 0.49997818621016393
0.834	 0.5000863153771099
0.833	 0.500081176468712
0.832	 0.5002219518705886
0.831	 0.5002192053771579
0.83	 0.5003290871162349
0.829	 0.5003314501806895
0.828	 0.5004659543531756
0.827	 0.5004650632001518
0.826	 0.5005872494436567
0.825	 0.5005881056728803
0.824	 0.5006832741063544
0.823	 0.5006857289286063
0.822	 0.50077266456289
0.821	 0.5007770274152585
0.82	 0.5009288851382924
0.819	 0.5009384778071949
0.818	 0.5010284866669185
0.817	 0.5010378036377819
0.816	 0.5011717429087792
0.815	 0.5011840635431045
0.814	 0.5012625513129146
0.813	 0.5012736850205587
0.812	 0.501311909837394
0.811	 0.5013630997486224
0.81	 0.5014333763011155
0.809	 0.5014855279897612
0.808	 0.5015400466812436
0.807	 0.5015937951863323
0.806	 0.5016583062506703
0.805	 0.5016805541895057
0.804	 0.5017327879004357
0.803	 0.5017807525232885
0.802	 0.501845120096526
0.801	 0.5019046768016729
0.8	 0.5019723707463237
0.799	 0.501998515955276
0.798	 0.5020555172959712
0.797	 0.5020999867234566
0.796	 0.5021753123291429
0.795	 0.5022227673709113
0.794	 0.5022861763326737
0.793	 0.5023288935975396
0.792	 0.50240583138246
0.791	 0.5024770303466294
0.79	 0.5025759310623095
0.789	 0.5026237790711721
0.788	 0.5026899651108417
0.787	 0.5027769023919315
0.786	 0.5028451835297834
0.785	 0.5029088022198981
0.784	 0.5029856968439604
0.783	 0.5030326705024171
0.782	 0.5031277722074404
0.781	 0.5031789173668182
0.78	 0.503250261538194
0.779	 0.5033186850153838
0.778	 0.503401254499679
0.777	 0.5034755424758594
0.776	 0.5035697822907509
0.775	 0.5036404273557129
0.774	 0.5037235361952263
0.773	 0.5037919139570771
0.772	 0.5038850894314956
0.771	 0.5039484340835156
0.77	 0.5040267093818264
0.769	 0.5040994845528634
0.768	 0.5041796610559007
0.767	 0.5042642335325445
0.766	 0.5043511770391887
0.765	 0.5044141337555348
0.764	 0.5045060878987714
0.763	 0.5046065393320794
0.762	 0.5047494185177747
0.761	 0.5048225725231147
0.76	 0.5049149439158285
0.759	 0.5049800028306133
0.758	 0.5050808229628738
0.757	 0.5051821395929991
0.756	 0.5052685135531926
0.755	 0.505346270826865
0.754	 0.5054369225897574
0.753	 0.5055102526629193
0.752	 0.5056153617612532
0.751	 0.5057128962859838
0.75	 0.5058057189242028
0.749	 0.5059058103363397
0.748	 0.5060019675542756
0.747	 0.5060886425917537
0.746	 0.506175953392614
0.745	 0.5062650938498127
0.744	 0.5063776327562122
0.743	 0.5064722899062168
0.742	 0.5065651816106674
0.741	 0.5066520465240618
0.74	 0.5067551628683649
0.739	 0.5068479111152014
0.738	 0.506930311864034
0.737	 0.5070613944751091
0.736	 0.507167059066305
0.735	 0.507269373437788
0.734	 0.5073722405063733
0.733	 0.5074840139183265
0.732	 0.5075942962621782
0.731	 0.5076999110697319
0.73	 0.5078137375758778
0.729	 0.5079295225053788
0.728	 0.5080574912692682
0.727	 0.508171751501888
0.726	 0.5082690410133688
0.725	 0.5083627443865241
0.724	 0.5084584493738941
0.723	 0.5085640202098961
0.722	 0.5086769127297798
0.721	 0.508801250999045
0.72	 0.508930074935574
0.719	 0.509029947974996
0.718	 0.5091171785107834
0.717	 0.5092174483109656
0.716	 0.5093448452972664
0.715	 0.5094676141762559
0.714	 0.5095800089810903
0.713	 0.5096857731428689
0.712	 0.5097988485039168
0.711	 0.509916593558703
0.71	 0.5100490323740293
0.709	 0.5101717711993544
0.708	 0.5102947146240246
0.707	 0.5104068759981263
0.706	 0.5105294549325461
0.705	 0.5106358452968421
0.704	 0.510752116481194
0.703	 0.5108449513894887
0.702	 0.5109656548675003
0.701	 0.5110899205617673
0.7	 0.5112301757759042
0.699	 0.5113409476607146
0.698	 0.5114586694765352
0.697	 0.5115667755275747
0.696	 0.5116974214267885
0.695	 0.5118033898246718
0.694	 0.511919127785641
0.693	 0.512048159188865
0.692	 0.5121961897993734
0.691	 0.5123178238309019
0.69	 0.5124477029876231
0.689	 0.5125568063969973
0.688	 0.512664448115547
0.687	 0.5127232153294825
0.686	 0.5128418273515565
0.685	 0.5129813473943137
0.684	 0.5131032131189952
0.683	 0.5132393105100524
0.682	 0.513338106314384
0.681	 0.5134672431210758
0.68	 0.5135763312047261
0.679	 0.5137039175034308
0.678	 0.5138076380702563
0.677	 0.5139294361907909
0.676	 0.5140494442529304
0.675	 0.5141943815957007
0.674	 0.5143265346809698
0.673	 0.5144858812396317
0.672	 0.5146101495620586
0.671	 0.5147337724981377
0.67	 0.5148576731332882
0.669	 0.5150087581560864
0.668	 0.5152457524647569
0.667	 0.515378741820722
0.666	 0.5155000049490741
0.665	 0.5156369952655079
0.664	 0.5157630011244057
0.663	 0.5159019712772942
0.662	 0.5160064888091752
0.661	 0.5161550193033153
0.66	 0.5162559378622147
0.659	 0.5164295720395268
0.658	 0.5166279541416854
0.657	 0.5168193862459945
0.656	 0.5170148194950307
0.655	 0.517210123509336
0.654	 0.5174021788956166
0.653	 0.5175949162632505
0.652	 0.5177908681041669
0.651	 0.517987281365615
0.65	 0.5181802933459094
0.649	 0.5183739018807665
0.648	 0.518570860824901
0.647	 0.5187663890769714
0.646	 0.5189622660788451
0.645	 0.5191578408308694
0.644	 0.5193531565358632
0.643	 0.5195488130035772
0.642	 0.5197417491367486
0.641	 0.5199350895733876
0.64	 0.5201289677249471
0.639	 0.5203181967950705
0.638	 0.5205091085492419
0.637	 0.5206993368580889
0.636	 0.5208881773073527
0.635	 0.5210770381944545
0.634	 0.5212687154417385
0.633	 0.5214580353474585
0.632	 0.5216454016416087
0.631	 0.5218328405617847
0.63	 0.5220190168254655
0.629	 0.5222040232466386
0.628	 0.5223875932820194
0.627	 0.5225751693778572
0.626	 0.5227609716064383
0.625	 0.5229463424985269
0.624	 0.5231310352862855
0.623	 0.5233161393355082
0.622	 0.5235001976981472
0.621	 0.5236841955041057
0.62	 0.5238677068248591
0.619	 0.5240485979897626
0.618	 0.5242287331945374
0.617	 0.5244093966977122
0.616	 0.5245889263295274
0.615	 0.5247683883408879
0.614	 0.5249464213453849
0.613	 0.5251267267869035
0.612	 0.5253096812369981
0.611	 0.525487942114959
0.61	 0.5256659901514068
0.609	 0.5258435509833354
0.608	 0.5260196495551605
0.607	 0.5261954604969643
0.606	 0.5263703424175953
0.605	 0.526544948500065
0.604	 0.5267199528664306
0.603	 0.5268930165605074
0.602	 0.527065852852731
0.601	 0.5272393048213203
0.6	 0.527411450695547
0.599	 0.5274718291627016
0.598	 0.5275298955065739
0.597	 0.5275898597192318
0.596	 0.5276468284162446
0.595	 0.5277025382286278
0.594	 0.5277562388450385
0.593	 0.5278093496800288
0.592	 0.5278587467356162
0.591	 0.5279100690507039
0.59	 0.5279604086745358
0.589	 0.5280084366742486
0.588	 0.5280565623084724
0.587	 0.5281055435210396
0.586	 0.5281540933254354
0.585	 0.5282034077713142
0.584	 0.528252613276213
0.583	 0.5282965701078838
0.582	 0.5283411635138443
0.581	 0.5283848781526701
0.58	 0.5284279715831016
0.579	 0.5284691501244948
0.578	 0.5285103280594668
0.577	 0.5285494375794275
0.576	 0.5285893438049533
0.575	 0.5286275122591317
0.574	 0.5286646746328534
0.573	 0.5286983745273253
0.572	 0.5287366172301823
0.571	 0.5287726158203191
0.57	 0.5288074822338001
0.569	 0.5288410495866765
0.568	 0.5288746788279427
0.567	 0.5289070560623949
0.566	 0.5289384590513171
0.565	 0.5289692682354049
0.564	 0.5289995357498551
0.563	 0.5290281717546054
0.562	 0.5290763052480344
0.561	 0.5291057845473613
0.56	 0.5291345103911178
0.559	 0.5291619268477804
0.558	 0.5291887116639709
0.557	 0.5292143556815933
0.556	 0.5292394702924509
0.555	 0.5292636804053211
0.554	 0.5292883968010735
0.553	 0.5293087061054683
0.552	 0.5293288562418365
0.551	 0.5293479580215998
0.55	 0.529364971290026
0.549	 0.5293843987998298
0.548	 0.5294014635002687
0.547	 0.5294188507048586
0.546	 0.5294373956784056
0.545	 0.5294556336465888
0.544	 0.5294752349183922
0.543	 0.5294945526217798
0.542	 0.5295123482085886
0.541	 0.529530884946277
0.54	 0.5295489975572604
0.539	 0.5295649126666274
0.538	 0.5295797578138203
0.537	 0.5295949642588131
0.536	 0.529609197828672
0.535	 0.5296234226646699
0.534	 0.5296352324484426
0.533	 0.5296449289762297
0.532	 0.5296547525091766
0.531	 0.5296643004221974
0.53	 0.5296724238166877
0.529	 0.5296790526935112
0.528	 0.5296831194160855
0.527	 0.5296883482124373
0.526	 0.5296931856840909
0.525	 0.5296955098052757
0.524	 0.5296958771901227
0.523	 0.5296963387834206
0.522	 0.5296947408814805
0.521	 0.5296907076486483
0.52	 0.5296882250269511
0.519	 0.5296835660065297
0.518	 0.5296762890188322
0.517	 0.5296670047369497
0.516	 0.529656476500263
0.515	 0.5296440091212608
0.514	 0.5296288445064614
0.513	 0.5296130710284574
0.512	 0.5295966747108616
0.511	 0.5295774762299632
0.51	 0.5295555459335801
0.509	 0.5295325752737033
0.508	 0.5295083187103498
0.507	 0.5294825877400361
0.506	 0.529454057772458
0.505	 0.529424491479735
0.504	 0.5293924918366436
0.503	 0.5293594680094493
0.502	 0.5293244345135882
0.501	 0.5292869744912971
0.5	 0.5292475046119506
0.499	 0.5292052974881682
0.498	 0.5291614106772018
0.497	 0.529115806455522
0.496	 0.529069146099226
0.495	 0.5290214601685213
0.494	 0.5289737530766557
0.493	 0.5289255284701769
0.492	 0.5288765442159207
0.491	 0.528824709667788
0.49	 0.5287708923857267
0.489	 0.5287181596967359
0.488	 0.5286671572559344
0.487	 0.5285572464104022
0.486	 0.5285055225171951
0.485	 0.5284542282178423
0.484	 0.5284033336627246
0.483	 0.5283528488392893
0.482	 0.5283006468830558
0.481	 0.5282511863835868
0.48	 0.5282019607121801
0.479	 0.5281510244650978
0.478	 0.5281006800324354
0.477	 0.5280478307491839
0.476	 0.5279932129047257
0.475	 0.5279431091253474
0.474	 0.5278907683596901
0.473	 0.5278349409834552
0.472	 0.5277792706191216
0.471	 0.5277218122222291
0.47	 0.5276634824956767
0.469	 0.5276078199915825
0.468	 0.5276193916251711
0.467	 0.5275579195847607
0.466	 0.5274950557542665
0.465	 0.5274293668170812
0.464	 0.5273632986371755
0.463	 0.5272947012612581
0.462	 0.5272252820077652
0.461	 0.5271545656188433
0.46	 0.5270808492849675
0.459	 0.5270050921578323
0.458	 0.526927474301845
0.457	 0.5268485310755442
0.456	 0.526766839267978
0.455	 0.526682387633728
0.454	 0.5266001674309833
0.453	 0.5265153858359334
0.452	 0.5264303088604501
0.451	 0.5263440305170276
0.45	 0.5262584367162563
0.449	 0.5261690638092602
0.448	 0.5260794446518802
0.447	 0.5259897404943044
0.446	 0.5258974901764586
0.445	 0.5258047116651854
0.444	 0.5257126800068059
0.443	 0.5256178995977417
0.442	 0.5255217273203939
0.441	 0.5254267352906
0.44	 0.5253300559323959
0.439	 0.525240963127755
0.438	 0.5251463711790911
0.437	 0.5250569644381647
0.436	 0.5249688085606536
0.435	 0.5248801300141068
0.434	 0.5247906520465289
0.433	 0.5247007348121115
0.432	 0.5246116521807125
0.431	 0.5245218240946359
0.43	 0.5244326585646196
0.429	 0.5243466878469859
0.428	 0.5242546028877411
0.427	 0.5241613073616495
0.426	 0.5240637821801798
0.425	 0.5239710247193937
0.424	 0.5238780333444347
0.423	 0.5237843647190893
0.422	 0.5236904986477375
0.421	 0.523595177997575
0.42	 0.5235000956212752
0.419	 0.5234069456464474
0.418	 0.5233151808644421
0.417	 0.5232311624697797
0.416	 0.5231446680414588
0.415	 0.523058711430901
0.414	 0.5229729774684664
0.413	 0.5228759718953657
0.412	 0.5227773672985887
0.411	 0.5226887303069131
0.41	 0.5226029654036244
0.409	 0.5225224201252018
0.408	 0.5224208404409226
0.407	 0.5223232067134098
0.406	 0.5222335292612132
0.405	 0.5221502928625489
0.404	 0.5220377109056699
0.403	 0.5219501320712655
0.402	 0.5218890042438005
0.401	 0.5216690701296341
0.4	 0.0
