25.0442	 1.0
24.9238	 0.5141700697481117
24.8045	 0.5091628959276018
24.6864	 0.5047066031692985
24.5694	 0.5040869307735214
24.4536	 0.5021120230777156
24.3388	 0.4983587684253085
24.225	 0.4997331180029015
24.1124	 0.5073433774116627
24.0007	 0.5108903861867574
23.8901	 0.5035300200863114
23.7805	 0.49635865438579113
23.6719	 0.4976422113610359
23.5643	 0.5041357202221548
23.4577	 0.5084982689920962
23.352	 0.5106851560199235
23.2473	 0.5121942049328253
23.1435	 0.5008791305055157
23.0407	 0.48528031939345473
22.9387	 0.48116821248711816
22.8377	 0.47773726585160886
22.7375	 0.4798856614401614
22.6382	 0.47893771911955485
22.5398	 0.48690756504365357
22.4422	 0.49897228460036136
22.3455	 0.5095518324147472
22.2496	 0.5145164977520383
22.1545	 0.5175725515295315
22.0602	 0.5212629885089088
21.9668	 0.5233642032371381
21.8741	 0.5231565641757397
21.7822	 0.5237734734778757
21.691	 0.5266351886703536
21.6007	 0.5280645606858103
21.511	 0.5275996792810456
21.4221	 0.5257814938318247
21.334	 0.5218283378529058
21.2465	 0.516503830945105
21.1598	 0.5115159315377552
21.0738	 0.5087040182799417
20.9885	 0.5074794260079027
20.9038	 0.5046358105278714
20.8199	 0.4952617945518095
20.7366	 0.4761236601186917
20.654	 0.44864642289091455
20.572	 0.4181699770159253
20.4907	 0.39677096589308436
20.41	 0.3988987888119251
20.33	 0.42817549380596004
20.2506	 0.4701937503513104
20.1718	 0.5037345403487365
20.0936	 0.519792179871904
20.016	 0.5230022195124091
19.9391	 0.5212102348070421
19.8627	 0.5171759615584632
19.7869	 0.5127878230667074
19.7116	 0.511014484637324
19.637	 0.5131092450140218
19.5628	 0.5168906563391451
19.4893	 0.5189576939732269
19.4163	 0.5201914765818426
19.3439	 0.5213587768299247
19.2719	 0.5215667623646545
19.2006	 0.521315353997661
19.1297	 0.5216508198169026
19.0594	 0.5222039892128428
18.9896	 0.5223522945185386
18.9203	 0.5226523801685049
18.8515	 0.5230645901467932
18.7832	 0.5231494793340438
18.7153	 0.522740254664615
18.648	 0.5249382281820181
18.5812	 0.5231972690657117
18.5148	 0.5209418510580921
18.4489	 0.5223234818718215
18.3835	 0.5198769183256903
18.3185	 0.517436294412234
18.2541	 0.5152389046944993
18.19	 0.5138099752301153
18.1264	 0.5130979730493141
18.0633	 0.5127244595861166
18.0005	 0.5124081902731316
17.9382	 0.5122934581473821
17.8764	 0.5124794061528903
17.815	 0.513014062535326
17.7539	 0.5132744846080787
17.6934	 0.5124867412105275
17.6332	 0.5104524876359972
17.5734	 0.5076558806737663
17.514	 0.5047852628458231
17.4551	 0.5020531676485191
17.3965	 0.49950999778795174
17.3383	 0.4969712035904809
17.2805	 0.4940720751383722
17.2231	 0.4915052667346245
17.1661	 0.4896517339338204
17.1094	 0.4886698594758411
17.0531	 0.48808759136345126
16.9972	 0.4869948859082301
16.9417	 0.4852204015627048
16.8865	 0.4825961318882076
16.8317	 0.479641161674181
16.7772	 0.47744961191930596
16.7231	 0.47684293876537076
16.6693	 0.47856599440405034
16.6159	 0.48253860949483734
16.5628	 0.4863716825752403
16.51	 0.4875373761913661
16.4576	 0.4841786016887751
16.4055	 0.47627649241476655
16.3538	 0.46574955616432445
16.3024	 0.4541315597735722
16.2513	 0.44335099919249255
16.2005	 0.4342671810057003
16.15	 0.4178343906082957
16.0998	 0.4144476067395024
16.05	 0.4149995538848868
16.0005	 0.4198715994078936
15.9513	 0.41861170379837326
15.9023	 0.4306034284663817
15.8537	 0.4443763578630717
15.8054	 0.4583108640118688
15.7573	 0.4706722616392291
15.7096	 0.4798549784540186
15.6621	 0.4856459001814334
15.6149	 0.48901557982921795
15.568	 0.49021545982692255
15.5214	 0.4899583336883633
15.4751	 0.48938418841239695
15.429	 0.48863133860315894
15.3832	 0.4875703345707549
15.3377	 0.4869781766205444
15.2925	 0.4872332962767
15.2475	 0.48883849775932314
15.2028	 0.49206082146838
15.1583	 0.4960894259162628
15.1141	 0.500341695292467
15.0702	 0.5040573167853707
15.0265	 0.5066869539490765
14.9831	 0.5090557553956835
14.9399	 0.5115495868995789
14.897	 0.5135542744251816
14.8543	 0.515595060522268
14.8119	 0.5175948148254602
14.7697	 0.5188252627999886
14.7277	 0.5194064914302295
14.686	 0.5195865968494235
14.6445	 0.5193415392455295
14.6033	 0.5182051920046447
14.5622	 0.5161696044728993
14.5214	 0.5138168152247435
14.4809	 0.5089712228495626
14.4405	 0.5023335743793067
14.4004	 0.4937690795801447
14.3605	 0.4817981562595498
14.3209	 0.4657089319175516
14.2814	 0.44782912457345175
14.2422	 0.4279972707474601
14.2032	 0.40892453268457274
14.1643	 0.39381260171575544
14.1258	 0.38706202517292204
14.0874	 0.39077176677892883
14.0492	 0.4042270863468458
14.0112	 0.4263073492194743
13.9734	 0.4546450582058891
13.9359	 0.48411654925433356
13.8985	 0.5090776479612102
13.8614	 0.5274696194875178
13.8244	 0.5394881991637953
13.7876	 0.5450403623418515
13.7511	 0.5452511415525114
13.7147	 0.5432252701579384
13.6785	 0.540975052488576
13.6425	 0.5379346886919977
13.6067	 0.5340483030985618
13.5711	 0.5304442230272592
13.5356	 0.5272736527183165
13.5004	 0.5233923744784141
13.4653	 0.5187277851331381
13.4304	 0.5139901700253773
13.3957	 0.5091316980877086
13.3612	 0.5036217629146569
13.3269	 0.4976521141748724
13.2927	 0.49201237386359037
13.2587	 0.48757238138136505
13.2249	 0.48502419057412416
13.1912	 0.48504708496069726
13.1577	 0.48721646967041177
13.1244	 0.4917162189306617
13.0913	 0.49786054454437706
13.0583	 0.5043759843551319
13.0255	 0.5084957366973296
12.9929	 0.5134534204789057
12.9604	 0.5176416748603302
12.9281	 0.5204881418788917
12.8959	 0.5212452446016183
12.8639	 0.5197245194939918
12.8321	 0.5165077294600836
12.8004	 0.5127368019737333
12.7688	 0.5084628956384629
12.7375	 0.5034640125173853
12.7063	 0.4979901722461453
12.6752	 0.4929272790059749
12.6443	 0.48914753341147865
12.6135	 0.48633422371422497
12.5829	 0.48439820384349286
12.5524	 0.48396764090702843
12.5221	 0.4857391470347326
12.4919	 0.48991351904137304
12.4619	 0.49579120652079733
12.432	 0.5024742656428326
12.4023	 0.5094206582524702
12.3727	 0.5158823309206136
12.3432	 0.521296136155158
12.3139	 0.525004938255526
12.2847	 0.5269956427482883
12.2557	 0.5292946787239351
12.2268	 0.5288343051983772
12.198	 0.5280397960231477
12.1694	 0.5270246534474419
12.1409	 0.5258814212879156
12.1125	 0.5245652127517374
12.0843	 0.5233256876281026
12.0562	 0.5237940418761934
12.0282	 0.5222902811045772
12.0004	 0.5209068538464642
11.9726	 0.5195109290272089
11.945	 0.5181192613372954
11.9176	 0.5169498433879619
11.8903	 0.5159359855216452
11.8631	 0.5149482906213609
11.836	 0.5142221297072923
11.809	 0.5135873983585407
11.7822	 0.5130891078953957
11.7555	 0.5128797273092153
11.7289	 0.5127281006284067
11.7024	 0.5124795235870536
11.676	 0.5123681298576486
11.6498	 0.5121958703237232
11.6237	 0.5118128542802797
11.5977	 0.5115049517543606
11.5718	 0.5111494006757038
11.546	 0.5106994926367316
11.5203	 0.5103128459702942
11.4948	 0.5099159193379867
11.4694	 0.5103391604137946
11.444	 0.5104524592728001
11.4188	 0.5106235910759751
11.3937	 0.5107336945016504
11.3688	 0.5109372166827508
11.3439	 0.51146648042068
11.3191	 0.512272229722055
11.2944	 0.5134099565166358
11.2699	 0.515405222809207
11.2455	 0.5170462936797829
11.2211	 0.5190463361448641
11.1969	 0.5218650926911452
11.1727	 0.5253918149954248
11.1487	 0.529049664768909
11.1248	 0.5322824243232869
11.101	 0.5346158248089435
11.0773	 0.5355038812678097
11.0536	 0.5347612493382742
11.0301	 0.5323909355651916
11.0067	 0.5280336848100099
10.9834	 0.5212487102689742
10.9602	 0.5122374520718928
10.937	 0.5019230729076403
10.914	 0.49153905781521945
10.8911	 0.48244587111084164
10.8682	 0.47551800897101154
10.8455	 0.4709798376538361
10.8229	 0.4687377014599253
10.8003	 0.4678834966023554
10.7779	 0.46816082230850414
10.7555	 0.46877250671721604
10.7332	 0.4688512238095526
10.7111	 0.46773857825909904
10.689	 0.46493759121929845
10.667	 0.46042379842274433
10.6451	 0.4546520321057672
10.6233	 0.44653217277947826
10.6015	 0.44155728686219814
10.5799	 0.4386734289777329
10.5584	 0.43916372890856087
10.5369	 0.4435510302432318
10.5155	 0.4513652034015169
10.4942	 0.4619279299287906
10.473	 0.47428500187590145
10.4519	 0.4874102874326054
10.4309	 0.5006393786187054
10.4099	 0.5133931444452655
10.3891	 0.5248392011844935
10.3683	 0.5340232107623747
10.3476	 0.5403553148788105
10.327	 0.544011261097323
10.3065	 0.5456582367359591
10.286	 0.5459818794319387
10.2656	 0.5483600887886273
10.2454	 0.5485312061903733
10.2251	 0.5490368378216695
10.205	 0.5498577046641625
10.185	 0.5510264214645625
10.165	 0.5526937893473668
10.1451	 0.5548217509292382
10.1253	 0.557308462507706
10.1056	 0.5599459906026485
10.0859	 0.5624068661171132
10.0663	 0.5664624128448191
10.0468	 0.5676681695902427
10.0274	 0.567780877809704
10.008	 0.5666949235360025
9.9887	 0.5643551741275368
9.9695	 0.5607314804823784
9.9504	 0.556024350987703
9.9313	 0.5507217338725778
9.9123	 0.5455648740322985
9.8934	 0.5413297938186871
9.8746	 0.5384650070936113
9.8558	 0.5372595284885211
9.8371	 0.5379458835968665
9.8185	 0.5406979139229509
9.7999	 0.5508528789769034
9.7814	 0.5571774546995314
9.763	 0.5648151682311193
9.7447	 0.5730470413559986
9.7264	 0.5809859493563695
9.7082	 0.5878521322497688
9.69	 0.5932227676475333
9.6719	 0.5969281937641019
9.6539	 0.5989669315977415
9.636	 0.5993935628326743
9.6181	 0.5982930087519757
9.6003	 0.5990870007910136
9.5825	 0.5962771755980182
9.5649	 0.5923402289446125
9.5472	 0.5875092570669527
9.5297	 0.5821316359207725
9.5122	 0.5764205360616562
9.4948	 0.5703943844951486
9.4774	 0.5639737795990418
9.4601	 0.5570146250607536
9.4429	 0.5493255371691991
9.4257	 0.540748161771427
9.4086	 0.5312145124476874
9.3916	 0.516943204593746
9.3746	 0.5054815744686229
9.3577	 0.493845385231018
9.3408	 0.48231294812526326
9.324	 0.4711950902014851
9.3073	 0.4608000436809228
9.2906	 0.45144070984055107
9.274	 0.44343463039938863
9.2574	 0.43704413021996075
9.2409	 0.4323649915586132
9.2245	 0.4292423885735016
9.2081	 0.4273244379071732
9.1918	 0.42565854444982226
9.1755	 0.4259004700190163
9.1593	 0.4289609882732566
9.1431	 0.4357030609634491
9.127	 0.44633695824853786
9.111	 0.46062932267385415
9.095	 0.47803598439142003
9.0791	 0.4975918110181852
9.0632	 0.5181744927807772
9.0474	 0.538948433485847
9.0316	 0.5683463886956076
9.0159	 0.5870899204971215
9.0003	 0.605461077337907
8.9847	 0.6227819937608913
8.9691	 0.6375288247274112
8.9536	 0.6480582487957584
8.9382	 0.653410202856852
8.9228	 0.6533602790329718
8.9075	 0.6480526179636883
8.8922	 0.6379610392789165
8.877	 0.623933078632735
8.8618	 0.6068795170360466
8.8467	 0.5875383206596259
8.8316	 0.5717089710163566
8.8166	 0.5507694387981088
8.8016	 0.5287651036678813
8.7867	 0.5061794614531843
8.7718	 0.48395404899961975
8.757	 0.4630820879843003
8.7422	 0.4441594021804506
8.7275	 0.42735428670619924
8.7129	 0.4126230938798703
8.6982	 0.39392818459890033
8.6837	 0.38231199589480425
8.6692	 0.3718126094144733
8.6547	 0.36206184495420424
8.6403	 0.35277337380344886
8.6259	 0.3437370698708447
8.6116	 0.3347798724374235
8.5973	 0.3257567613886736
8.583	 0.31653521403410984
8.5688	 0.3070509220109561
8.5547	 0.29728992187243347
8.5406	 0.28724529951421085
8.5266	 0.2769393431813187
8.5126	 0.2665162698007163
8.4986	 0.25177521798804475
8.4847	 0.24162341762325198
8.4708	 0.2320287707227207
8.457	 0.22340637939362734
8.4432	 0.21610473437962394
8.4295	 0.21037283016491998
8.4158	 0.20645317350880005
8.4022	 0.20184455485030767
8.3886	 0.20270532998972635
8.375	 0.2058952177758946
8.3615	 0.21154556869284277
8.3481	 0.21975769479032167
8.3347	 0.2306117194827397
8.3213	 0.24411430995765834
8.3079	 0.2601836616417009
8.2946	 0.2788251678037212
8.2814	 0.2998752530656082
8.2682	 0.32260574201513126
8.255	 0.34624668682167575
8.2419	 0.3702132702531242
8.2288	 0.39386266367550166
8.2158	 0.4166714824332094
8.2028	 0.4238109501286632
8.1898	 0.4447137843370917
8.1769	 0.46374678460956303
8.164	 0.48064790455839146
8.1512	 0.49711867338140864
8.1384	 0.5093012386553106
8.1256	 0.5192878130612797
8.1129	 0.5273942562905602
8.1002	 0.5338465712682104
8.0876	 0.5385744005114433
8.075	 0.5419080769710823
8.0624	 0.5444864211664572
8.0499	 0.5466121802491984
8.0374	 0.5484074693001947
8.025	 0.5498867763521053
8.0126	 0.5508934625791239
8.0002	 0.5514204389561578
7.9879	 0.5516678292684838
7.9756	 0.5516419041820815
7.9634	 0.5512848325797723
7.9512	 0.5518816386847047
7.939	 0.5513329176633148
7.9268	 0.550601269270696
7.9147	 0.5496106524199273
7.9027	 0.5493994661921707
7.8906	 0.5479771964581732
7.8786	 0.5465301805905305
7.8667	 0.5450152578187659
7.8548	 0.5435274162426902
7.8429	 0.5420072953983499
7.831	 0.5403563432969486
7.8192	 0.5386468630147839
7.8075	 0.5369830024366486
7.7957	 0.5352690000313085
7.784	 0.5334338292929528
7.7723	 0.5316132285844309
7.7607	 0.5298358600734292
7.7491	 0.5280289670291259
7.7375	 0.5261537544611828
7.726	 0.5242750989085835
7.7145	 0.5225110707173531
7.7031	 0.5220026462440333
7.6916	 0.5202708492084619
7.6802	 0.5189008142292116
7.6689	 0.5174117181022964
7.6575	 0.5160735500226089
7.6462	 0.514897512516071
7.635	 0.5139262150887438
7.6238	 0.5131357092969593
7.6126	 0.5125386691239388
7.6014	 0.5121362165418394
7.5903	 0.5118922197317596
7.5792	 0.5117227528597933
7.5681	 0.511601716960126
7.5571	 0.5114609690357477
7.5461	 0.5113672352796879
7.5351	 0.5113570522098341
7.5242	 0.5113811468903252
7.5133	 0.51146171452675
7.5024	 0.5116129003371496
7.4916	 0.5118375321535165
7.4807	 0.5127599526291808
7.47	 0.5131263104576007
7.4592	 0.5135105379099871
7.4485	 0.5139018464748804
7.4378	 0.5142555696676292
7.4272	 0.5146147352274051
7.4165	 0.5149691087621411
7.4059	 0.5152803070616984
7.3954	 0.5156196525470855
7.3848	 0.516038115093546
7.3743	 0.5164800869686108
7.3639	 0.5169470822793618
7.3534	 0.5174915607902533
7.343	 0.5180825418584656
7.3326	 0.5186799292748698
7.3223	 0.519238508611444
7.3119	 0.5197393178337294
7.3016	 0.5207822078235042
7.2914	 0.5212370349116343
7.2811	 0.5220103267502607
7.2709	 0.5223599395165027
7.2607	 0.5226054761264811
7.2506	 0.5227564624473573
7.2404	 0.5228803513953203
7.2303	 0.5229592909470109
7.2203	 0.522947109159699
7.2102	 0.5229256176665792
7.2002	 0.5228580601453812
7.1902	 0.5226498266445032
7.1803	 0.5223778455771646
7.1703	 0.5221591717639129
7.1604	 0.5219247438130341
7.1506	 0.5216879448167314
7.1407	 0.521456851383245
7.1309	 0.521228064734291
7.1211	 0.5215245103532221
7.1113	 0.5213276077385397
7.1016	 0.5217204506109643
7.0919	 0.5214276073804529
7.0822	 0.5211444311754105
7.0725	 0.5208475245963016
7.0629	 0.5205352910648123
7.0533	 0.52029479960508
7.0437	 0.5201203870574922
7.0341	 0.5199454484087346
7.0246	 0.5197957051361473
7.0151	 0.5196474258717785
7.0056	 0.519468991497288
6.9962	 0.519320617011625
6.9867	 0.5192483021402386
6.9773	 0.5192123927526503
6.9679	 0.51916717529741
6.9586	 0.5196008055469131
6.9493	 0.5195336647832516
6.94	 0.519458307471569
6.9307	 0.5194283153445682
6.9214	 0.5199094801065233
6.9122	 0.5199463497187953
6.903	 0.5200332248541046
6.8938	 0.5201916050430128
6.8847	 0.520361584377395
6.8755	 0.5205477226520278
6.8664	 0.5208239604417002
6.8573	 0.5211574223970917
6.8483	 0.5214573730722658
6.8393	 0.5217631632520706
6.8302	 0.5220882424919394
6.8213	 0.5224556284194137
6.8123	 0.5234553878582856
6.8034	 0.523897123527302
6.7944	 0.5243204483905646
6.7855	 0.52467458363783
6.7767	 0.524975495430299
6.7678	 0.5252597850180012
6.759	 0.5259128934639955
6.7502	 0.5260521254338616
6.7414	 0.5261589897315284
6.7327	 0.5261858214273479
6.7239	 0.5261131316851914
6.7152	 0.5259704736134615
6.7065	 0.5257567819018769
6.6979	 0.5254416283550959
6.6892	 0.5250884258229315
6.6806	 0.5247707728748668
6.672	 0.5246819708145185
6.6634	 0.5242091834226975
6.6549	 0.523719560069396
6.6464	 0.5232284781945562
6.6378	 0.5227273865698142
6.6294	 0.5221966211248982
6.6209	 0.5216034796899369
6.6124	 0.5215964093481559
6.604	 0.5209706233743109
6.5956	 0.5203292978275337
6.5872	 0.5196799692894244
6.5789	 0.5190324775262535
6.5705	 0.5183537255488652
6.5622	 0.5176708926758946
6.5539	 0.5170465810792318
6.5456	 0.5164728695777988
6.5374	 0.5160823865030536
6.5292	 0.5155462040991888
6.5209	 0.5150362990284002
6.5128	 0.5145547214213845
6.5046	 0.5141164170046473
6.4964	 0.5136953796793653
6.4883	 0.5132417996543336
6.4802	 0.5127646031761032
6.4721	 0.5127225925096847
6.464	 0.512267769230313
6.456	 0.5118014585686074
6.448	 0.51130692232465
6.4399	 0.5107946626250109
6.432	 0.5102367308411867
6.424	 0.5096845310466823
6.416	 0.5091607321802955
6.4081	 0.5085594542696451
6.4002	 0.5079276739895064
6.3923	 0.5072622058955486
6.3844	 0.5066033221540259
6.3766	 0.5059805245687391
6.3687	 0.5054070029607259
6.3609	 0.504840762798458
6.3531	 0.5042412789039729
6.3454	 0.503688301462066
6.3376	 0.50340616843531
6.3299	 0.502895058453052
6.3221	 0.5023935041285862
6.3144	 0.5019070383752237
6.3068	 0.5014545705027145
6.2991	 0.5010407489980162
6.2914	 0.5006407051779322
6.2838	 0.500288691754903
6.2762	 0.4999550019899593
6.2686	 0.49961629496887633
6.2611	 0.4992848064913625
6.2535	 0.4989693579729081
6.246	 0.49865088762759274
6.2385	 0.49836295701472916
6.231	 0.49812088019051987
6.2235	 0.4978830487390833
6.216	 0.4976659170675741
6.2086	 0.4975913128891954
6.2011	 0.49752174887198275
6.1937	 0.49751522613318994
6.1863	 0.49755613733325704
6.179	 0.49758041215674975
6.1716	 0.4976085715234316
6.1643	 0.49763451339683956
6.157	 0.49770756488951134
6.1496	 0.4977855604540154
6.1424	 0.49783196347122116
6.1351	 0.4978753924345246
6.1278	 0.4979205249401012
6.1206	 0.4979671125329925
6.1134	 0.49801269665295084
6.1062	 0.49803733439746334
6.099	 0.4980043934498411
6.0918	 0.49789591125795163
6.0847	 0.49783323291084397
6.0776	 0.497717531175007
6.0704	 0.49765237636257864
6.0633	 0.49757711610287025
6.0563	 0.4975055866829425
6.0492	 0.49746965820861583
6.0421	 0.497465137324048
6.0351	 0.4974399633459229
6.0281	 0.49740022822397545
6.0211	 0.49736122025398877
6.0141	 0.4973025960699548
6.0071	 0.4972039319013077
6.0002	 0.4970776039824919
5.9932	 0.4969382542130356
5.9863	 0.4968191482071634
5.9794	 0.4967298135904812
5.9725	 0.4966874504776958
5.9657	 0.49672694213515833
5.9588	 0.49678745198640606
5.952	 0.4968415262853347
5.9451	 0.4969544662449981
5.9383	 0.4971231233378493
5.9315	 0.49731742936396606
5.9247	 0.4975216708008153
5.918	 0.4977459370751156
5.9112	 0.4979788944235288
5.9045	 0.49824806414850903
5.8978	 0.4986058541038956
5.8911	 0.4989972874002108
5.8844	 0.49937486636469386
5.8777	 0.4999479327196265
5.8711	 0.5003857582734942
5.8644	 0.5008706197275954
5.8578	 0.5014256052143312
5.8512	 0.5020233829541125
5.8446	 0.5026197810019176
5.838	 0.5032551557649189
5.8314	 0.5039564759116875
5.8249	 0.504701916240815
5.8184	 0.5054691752435754
5.8118	 0.5062589114227243
5.8053	 0.5070794630652208
5.7988	 0.5079055773944057
5.7924	 0.508699116281939
5.7859	 0.509700811255467
5.7794	 0.510373617038543
5.773	 0.5109086926470484
5.7666	 0.511424469675031
5.7602	 0.5118115933338534
5.7538	 0.512105765595634
5.7474	 0.5123015472702326
5.741	 0.5123534405438064
5.7347	 0.5122721537060065
5.7283	 0.5120958643816168
5.722	 0.5117952233064011
5.7157	 0.5113553692096738
5.7094	 0.5108144129889145
5.7031	 0.5095289056377826
5.6969	 0.5086848586000018
5.6906	 0.5078130344839115
5.6844	 0.5069106142104585
5.6782	 0.506028685060143
5.6719	 0.5050969541923829
5.6657	 0.5041570962825179
5.6596	 0.5032064341704764
5.6534	 0.5022361335101427
5.6472	 0.5012595556773727
5.6411	 0.5003010142570202
5.6349	 0.49932114869316835
5.6288	 0.4983057338129078
5.6227	 0.49725683999703296
5.6166	 0.49629762438368447
5.6106	 0.49531921853585437
5.6045	 0.49434136291752867
5.5984	 0.4934055641790737
5.5924	 0.492517410724174
5.5864	 0.4919976193397765
5.5804	 0.4912274493484344
5.5744	 0.4905344947351431
5.5684	 0.48996019839967775
5.5624	 0.48954467643071753
5.5564	 0.48928789562093716
5.5505	 0.4891612870124782
5.5445	 0.4892091418707452
5.5386	 0.4900412549422207
5.5327	 0.49048323355062223
5.5268	 0.4911114714313352
5.5209	 0.49196849169784374
5.5151	 0.49303161012473223
5.5092	 0.49428106266503063
5.5033	 0.49579066738463434
5.4975	 0.49730800116990836
5.4917	 0.4989073413659426
5.4859	 0.5005617503570173
5.4801	 0.5022369791974994
5.4743	 0.503875472627693
5.4685	 0.5054470186724699
5.4628	 0.5071457813738698
5.457	 0.5084864161872978
5.4513	 0.5097303465843757
5.4455	 0.5108529591438609
5.4398	 0.5118655769772481
5.4341	 0.5128176371965826
5.4284	 0.5136965884163222
5.4228	 0.5141278959695331
5.4171	 0.5148175534345146
5.4114	 0.5154458377798036
5.4058	 0.5160173642391206
5.4002	 0.5165192673316691
5.3945	 0.516944418830893
5.3889	 0.5170978224219133
5.3833	 0.5173502170887555
5.3778	 0.51751349857979
5.3722	 0.5175857375951893
5.3666	 0.517540543432703
5.3611	 0.5173892676067824
5.3555	 0.5171582904390968
5.35	 0.5168451060676333
5.3445	 0.5164076683352025
5.339	 0.5156978917299813
5.3335	 0.5151594749674746
5.328	 0.5145602461635218
5.3225	 0.5139631782829226
5.3171	 0.5132560208349533
5.3116	 0.5124936497968524
5.3062	 0.5116869121708633
5.3008	 0.5108912684523859
5.2954	 0.5101413969869485
5.29	 0.5094248645471248
5.2846	 0.5087511528258226
5.2792	 0.5081707962345237
5.2738	 0.5077138237333282
5.2684	 0.5073899877496878
5.2631	 0.507821701776499
5.2578	 0.5077838872921405
5.2524	 0.5087515492622301
5.2471	 0.509088375530295
5.2418	 0.5095853498259757
5.2365	 0.510220577533322
5.2312	 0.5109880446829989
5.226	 0.5118735501516443
5.2207	 0.5128620186952159
5.2154	 0.513950398525484
5.2102	 0.5151389838539242
5.205	 0.5164199774982602
5.1998	 0.5177831989163811
5.1945	 0.5192332641825608
5.1893	 0.5219316324746455
5.1842	 0.5234903584855768
5.179	 0.5251199717464436
5.1738	 0.5268015122855855
5.1686	 0.5285398460459999
5.1635	 0.5303432870262195
5.1584	 0.5321801328361837
5.1532	 0.5340315126872177
5.1481	 0.5359025060741718
5.143	 0.5377871401248986
5.1379	 0.5396592261852992
5.1328	 0.5414923054260482
5.1277	 0.5439954105351309
5.1227	 0.5455648795451905
5.1176	 0.5471933629964391
5.1126	 0.5487437680313189
5.1075	 0.5502179035246978
5.1025	 0.551600021589083
5.0975	 0.5528551234876834
5.0925	 0.5539988474446877
5.0875	 0.5550496940082369
5.0825	 0.5560072588407458
5.0775	 0.5568630621356366
5.0726	 0.5576169942667576
5.0676	 0.5587790598962676
5.0627	 0.5592967506129465
5.0577	 0.559695220211155
5.0528	 0.5600446135581248
5.0479	 0.5602480047661789
5.043	 0.5603410905393928
5.038	 0.560332825281354
5.0332	 0.5602269683183503
5.0283	 0.5600244958361343
5.0234	 0.5597555795329631
5.0185	 0.5594437466258284
5.0137	 0.5590695926150896
5.0088	 0.5591062484659021
5.004	 0.5586095487406721
4.9992	 0.5580695549530577
4.9944	 0.5574761283758922
4.9896	 0.557495325782944
4.9848	 0.5568794504833303
4.98	 0.5562198695910323
4.9752	 0.5555118547804877
4.9704	 0.5547776529956185
4.9657	 0.5539973031627187
4.9609	 0.5531647112071645
4.9562	 0.552291217909188
4.9514	 0.5517536478123473
4.9467	 0.5508034987122569
4.942	 0.5498359645339435
4.9373	 0.5488517437046714
4.9326	 0.5478648194416023
4.9279	 0.5478262911178552
4.9232	 0.5468664145942301
4.9186	 0.5459170513555596
4.9139	 0.544986495947547
4.9092	 0.5440727395499996
4.9046	 0.5431717100270989
4.9	 0.542290592913499
4.8953	 0.5415909892277937
4.8907	 0.5407288912230628
4.8861	 0.5398764422906563
4.8815	 0.5390245339806735
4.8769	 0.5381728807737137
4.8723	 0.5373304921143516
4.8678	 0.5372293731271998
4.8632	 0.5364053318755794
4.8586	 0.5356031907610213
4.8541	 0.5348266499548429
4.8495	 0.534080649373963
4.845	 0.5335150676715268
4.8405	 0.5328455273283573
4.836	 0.5322079501330521
4.8315	 0.5316063155759382
4.827	 0.5310197938497365
4.8225	 0.5304400636530917
4.818	 0.5298743661797881
4.8135	 0.5293364398295819
4.809	 0.5293201360663995
4.8046	 0.5288058513652624
4.8001	 0.5283059087133628
4.7957	 0.5281584172432219
4.7913	 0.5276924955022628
4.7868	 0.5272251616269902
4.7824	 0.5267655658245055
4.778	 0.5263286201017825
4.7736	 0.5259076292202817
4.7692	 0.5255074078693788
4.7648	 0.5251396245567261
4.7605	 0.524797277592303
4.7561	 0.5244850288632223
4.7517	 0.5246227964855984
4.7474	 0.5247277596210256
4.7431	 0.5244893012872894
4.7387	 0.5242850193086391
4.7344	 0.5241107929644365
4.7301	 0.5239434402338032
4.7258	 0.5237807537381132
4.7215	 0.523640098643115
4.7172	 0.5235203012593873
4.7129	 0.5234138069110016
4.7086	 0.5233264810695009
4.7043	 0.5232655671095371
4.7	 0.5234605615995792
4.6958	 0.523831689408858
4.6915	 0.5238251947846714
4.6873	 0.5238404574814707
4.6831	 0.5238788587366516
4.6788	 0.523946136862173
4.6746	 0.5240422794499923
4.6704	 0.5241573220486155
4.6662	 0.5242862395349415
4.662	 0.524435024911519
4.6578	 0.5245866879849065
4.6536	 0.5249122034732603
4.6495	 0.5250461989801088
4.6453	 0.525429491692758
4.6411	 0.5255103296680113
4.637	 0.5255653237771913
4.6328	 0.5255903648982428
4.6287	 0.5255968075001962
4.6246	 0.5255897259143386
4.6205	 0.5255596951687965
4.6163	 0.5254900602349282
4.6122	 0.525386518252868
4.6081	 0.5253836593540921
4.604	 0.5252367022762281
4.6	 0.5250700026234958
4.5959	 0.5250406347741422
4.5918	 0.5248300540472594
4.5877	 0.5246051927446397
4.5837	 0.5243762946719417
4.5796	 0.5241356628938061
4.5756	 0.5238773709079734
4.5716	 0.5236009607169614
4.5675	 0.5233052425767328
4.5635	 0.5231064260485562
4.5595	 0.5227928189835401
4.5555	 0.5224702274839093
4.5515	 0.5221362204747911
4.5475	 0.5219601748327447
4.5435	 0.521608451417808
4.5395	 0.5212435647162609
4.5356	 0.5208623060489178
4.5316	 0.5204814096823277
4.5276	 0.5201206374155014
4.5237	 0.5197693243566645
4.5197	 0.5194973627002056
4.5158	 0.5191380220500581
4.5119	 0.5187721178169178
4.508	 0.5184027888321054
4.504	 0.5180309101409095
4.5001	 0.5179701038662288
4.4962	 0.5176104088887375
4.4923	 0.517238743308845
4.4884	 0.5168527175516022
4.4846	 0.5164602339569051
4.4807	 0.5160645344028899
4.4768	 0.5156208126716482
4.473	 0.5151545728481257
4.4691	 0.5146712068771999
4.4652	 0.5141630710005934
4.4614	 0.5136473451466739
4.4576	 0.5131457445466883
4.4537	 0.5130247316238403
4.4499	 0.5125426996384297
4.4461	 0.5120780091503966
4.4423	 0.5116698346920121
4.4385	 0.5112623086629214
4.4347	 0.5108797166217884
4.4309	 0.5105143459073055
4.4271	 0.5101548830055879
4.4233	 0.5098094493500532
4.4196	 0.5094911598475724
4.4158	 0.5092046667742146
4.412	 0.5089385216215941
4.4083	 0.5089026616710571
4.4045	 0.5086971922082915
4.4008	 0.5084486685799539
4.3971	 0.508209460004021
4.3934	 0.5079836631009643
4.3896	 0.5077721926457428
4.3859	 0.5075666575080686
4.3822	 0.5073642344087596
4.3785	 0.5071695891670427
4.3748	 0.5069887708444761
4.3711	 0.5068200641885695
4.3674	 0.5066567812128372
4.3638	 0.5066509942684105
4.3601	 0.5064951868552922
4.3564	 0.5063384341513529
4.3528	 0.5061858899985372
4.3491	 0.506040095005167
4.3455	 0.505898219726528
4.3418	 0.5057634021862056
4.3382	 0.5056367456826666
4.3346	 0.5055141836637369
4.331	 0.505382096008097
4.3273	 0.5052666244912728
4.3237	 0.5051144803634264
4.3201	 0.5050738381261424
4.3165	 0.5049301795882817
4.3129	 0.5047914202797946
4.3094	 0.5046576622874371
4.3058	 0.5045248061485323
4.3022	 0.5043934897904533
4.2986	 0.5042597743414219
4.2951	 0.5041332091750714
4.2915	 0.5040523734580754
4.288	 0.5039599549860425
4.2844	 0.5038849244096161
4.2809	 0.5039517509722418
4.2774	 0.5039175837938787
4.2738	 0.5039156661164707
4.2703	 0.5039339552432545
4.2668	 0.5039759635096336
4.2633	 0.5040374236286773
4.2598	 0.5040862807348484
4.2563	 0.504142198467395
4.2528	 0.5041686700074584
4.2493	 0.5041793630767677
4.2458	 0.5041698694818293
4.2424	 0.5042050596122563
4.2389	 0.5041673046639801
4.2354	 0.5041179596030068
4.232	 0.5040596683332372
4.2285	 0.5039995381976513
4.2251	 0.5039435322710838
4.2216	 0.5039021226302888
4.2182	 0.503833392255937
4.2148	 0.5037643416867486
4.2113	 0.5036945725429498
4.2079	 0.5036263949473533
4.2045	 0.5035951625755533
4.2011	 0.5035314556981796
4.1977	 0.5034766075316792
4.1943	 0.5034229525326701
4.1909	 0.5033663223986601
4.1875	 0.5033194050778004
4.1841	 0.5032684488013025
4.1808	 0.5032229982134983
4.1774	 0.5031769953890551
4.174	 0.5031278496731003
4.1707	 0.5030814363935551
4.1673	 0.5030358777109579
4.164	 0.5030053007627181
4.1606	 0.5029585480662364
4.1573	 0.5029127151020479
4.154	 0.5028730101748558
4.1506	 0.5028285474625183
4.1473	 0.502789129441654
4.144	 0.5027559380625803
4.1407	 0.5027202998867859
4.1374	 0.5026859531175254
4.1341	 0.502651902944241
4.1308	 0.5026132078809691
4.1275	 0.5025838444484778
4.1242	 0.5025456073530739
4.1209	 0.5025147141102481
4.1177	 0.5024784507655424
4.1144	 0.5024379334373534
4.1111	 0.5023929396217539
4.1079	 0.5023482339355844
4.1046	 0.5023011713714686
4.1014	 0.5022506787243813
4.0981	 0.5021994183213455
4.0949	 0.5021418690957812
4.0917	 0.5020996117048759
4.0884	 0.5020331292020971
4.0852	 0.5019513784483823
4.082	 0.501859928375344
4.0788	 0.5017576785980472
4.0756	 0.5016435622652424
4.0724	 0.5015218882799594
4.0692	 0.5013916024013482
4.066	 0.5012497787035682
4.0628	 0.5010855692710601
4.0596	 0.5009513552244715
4.0565	 0.5008928385500815
4.0533	 0.5007515533572733
4.0501	 0.5006196698023732
4.047	 0.500499002264633
4.0438	 0.5003878396224607
4.0406	 0.5002796120669094
4.0375	 0.5001740864980578
4.0344	 0.5000286044958843
4.0312	 0.499933495863003
4.0281	 0.49983876631276475
4.025	 0.49973756817688325
4.0218	 0.49964920672480634
4.0187	 0.49954183746730496
4.0156	 0.49943146678624545
4.0125	 0.49931798350461204
4.0094	 0.4992079615110689
4.0063	 0.49910241154357643
4.0032	 0.49892845054659213
4.0001	 0.4988094579780928
3.997	 0.49868624140684364
3.994	 0.49856238041147394
3.9909	 0.4984382990675648
3.9878	 0.49832326386919484
3.9847	 0.4981949865682492
3.9817	 0.49806684377248667
3.9786	 0.497932625042537
3.9756	 0.4977134829396788
3.9725	 0.49758012050361594
3.9695	 0.4974474830859824
3.9665	 0.4973155919981677
3.9634	 0.4971755819392244
3.9604	 0.4970282501856721
3.9574	 0.49689725109961524
3.9544	 0.496744208428589
3.9513	 0.49658953371151837
3.9483	 0.49632518217312127
3.9453	 0.49613170062913003
3.9423	 0.4959122669125701
3.9393	 0.4956909090329365
3.9363	 0.49548022731836144
3.9333	 0.4952791695970275
3.9304	 0.4950878850025504
3.9274	 0.49489281907475574
3.9244	 0.49469541942534756
3.9214	 0.4943262571293008
3.9185	 0.4940824835394689
3.9155	 0.4938342153032341
3.9126	 0.4935766490605938
3.9096	 0.49329859088788797
3.9067	 0.49299625453355156
3.9037	 0.4926770208372428
3.9008	 0.4923490174484911
3.8979	 0.4920099021069996
3.8949	 0.4914221120638784
3.892	 0.49107798544639286
3.8891	 0.4907290896022395
3.8862	 0.4903921247863448
3.8833	 0.4900688048796933
3.8804	 0.48976001396790575
3.8775	 0.4894679386149961
3.8746	 0.4891867807760971
3.8717	 0.48891188264459623
3.8688	 0.48850222033001744
3.8659	 0.48824783527063675
3.863	 0.4879992357804425
3.8601	 0.4877629083323468
3.8573	 0.4875310933096184
3.8544	 0.4873061679975107
3.8515	 0.4870894905429778
3.8487	 0.4868760440553526
3.8458	 0.4866599094024488
3.843	 0.4863406884419747
3.8401	 0.4861355120317023
3.8373	 0.4859328253394408
3.8344	 0.48571640305862085
3.8316	 0.48551237685984017
3.8288	 0.48530627755142725
3.8259	 0.485103791893273
3.8231	 0.4849077020346936
3.8203	 0.48471789798908443
3.8175	 0.48442531553258716
3.8147	 0.48424146129064577
3.8119	 0.4840530239257969
3.8091	 0.48386124445533646
3.8063	 0.4836706362922841
3.8035	 0.4834607264617346
3.8007	 0.48327673570749424
3.7979	 0.48309624862865874
3.7951	 0.4829137964776247
3.7924	 0.4826214354252289
3.7896	 0.48244568052378917
3.7868	 0.48226969117169133
3.7841	 0.48209339465460077
3.7813	 0.4819210587412228
3.7785	 0.4817517363228611
3.7758	 0.48154924486904793
3.773	 0.4813774004548164
3.7703	 0.4810857816041467
3.7676	 0.4809071180904275
3.7648	 0.48073331752983617
3.7621	 0.48056811129517024
3.7594	 0.48040524829988845
3.7566	 0.48024314784907873
3.7539	 0.4800907903592885
3.7512	 0.4799433895736133
3.7485	 0.47975056915830655
3.7458	 0.4795011408584608
3.7431	 0.4794185865890212
3.7404	 0.47935689888657296
3.7377	 0.47928193472892394
3.735	 0.4791850604130815
3.7323	 0.47907699287792
3.7296	 0.4789616756056058
3.7269	 0.4788553677599459
3.7242	 0.4787640965390995
3.7216	 0.47843551459075856
3.7189	 0.47835488542792265
3.7162	 0.4782840540125025
3.7136	 0.4782224534897323
3.7109	 0.47817665670973936
3.7083	 0.4781582598894844
3.7056	 0.47816672815900463
3.703	 0.4781884302238007
3.7003	 0.4779789510656672
3.6977	 0.4780230502956591
3.695	 0.4779706469318288
3.6924	 0.4780240809830487
3.6898	 0.4780748147440675
3.6872	 0.478110630328713
3.6845	 0.4781284452734324
3.6819	 0.4781269921845006
3.6793	 0.47809288730134986
3.6767	 0.4777756603656729
3.6741	 0.47769251977110677
3.6715	 0.4775936530104108
3.6689	 0.47734442823045803
3.6663	 0.47722149973688816
3.6637	 0.47708752359564116
3.6611	 0.47693755813728683
3.6585	 0.47677816778555127
3.656	 0.4763725336602417
3.6534	 0.47619959612926066
3.6508	 0.4760133245515627
3.6482	 0.47582005690893925
3.6457	 0.4756209079472905
3.6431	 0.47526166655444596
3.6406	 0.4750481990039355
3.638	 0.47483158530957437
3.6355	 0.4743475367695297
3.6329	 0.47411934432183866
3.6304	 0.4738893907357116
3.6278	 0.4736557278821804
3.6253	 0.4734180922229779
3.6227	 0.4731724935272569
3.6202	 0.4729213787560178
3.6177	 0.4725132314089335
3.6152	 0.47225708650778875
3.6127	 0.47172270549779455
3.6101	 0.47147432726056765
3.6076	 0.4712262295950041
3.6051	 0.47097891983450024
3.6026	 0.47073397514927856
3.6001	 0.47049617347749995
3.5976	 0.470270416470318
3.5951	 0.4700518001218501
3.5926	 0.46944391130411184
3.5901	 0.4692410176561781
3.5876	 0.4690478892487628
3.5852	 0.46885735495362063
3.5827	 0.4686720749019621
3.5802	 0.4684936223226778
3.5777	 0.468319204253329
3.5753	 0.46814755344743464
3.5728	 0.4678055495185913
3.5704	 0.46747843018834445
3.5679	 0.46733522875265404
3.5654	 0.4672071436533465
3.563	 0.4670843683161636
3.5605	 0.4669667193457198
3.5581	 0.46685949896505113
3.5557	 0.4667622010177233
3.5532	 0.4665682389004462
3.5508	 0.46649032285317593
3.5484	 0.4664176652321743
3.5459	 0.46618264211771543
3.5435	 0.46610991059614787
3.5411	 0.4660292651962721
3.5387	 0.4659559431661295
3.5363	 0.46590354692128777
3.5338	 0.4658071589669745
3.5314	 0.46578401577537026
3.529	 0.46577575463784154
3.5266	 0.46576601109353066
3.5242	 0.4657609468442715
3.5218	 0.46562633022993166
3.5195	 0.4656477608404103
3.5171	 0.4656719882935742
3.5147	 0.46565050285418075
3.5123	 0.46569142076102993
3.5099	 0.4657415003795266
3.5075	 0.4657996899521373
3.5052	 0.4658683012123881
3.5028	 0.4659474866837023
3.5004	 0.46597386408319497
3.4981	 0.4660615757107028
3.4957	 0.466085902075828
3.4934	 0.46616616879489614
3.491	 0.4662492558219701
3.4887	 0.4663438844956108
3.4863	 0.46644522234754204
3.484	 0.46655062193918156
3.4816	 0.4666689342598111
3.4793	 0.46681092350702064
3.477	 0.46677868346741064
3.4746	 0.46694068442108966
3.4723	 0.4671071532260452
3.47	 0.46728153562231584
3.4677	 0.4674617792851417
3.4653	 0.4676481076311112
3.463	 0.4678470753491633
3.4607	 0.4680587277076778
3.4584	 0.46826768196056806
3.4561	 0.468189933340993
3.4538	 0.46840187191163063
3.4515	 0.4686314763837223
3.4492	 0.46887223590420674
3.4469	 0.4691187006565828
3.4446	 0.4693788798318411
3.4423	 0.46965285303803134
3.44	 0.46980072719566024
3.4378	 0.47007303321991906
3.4355	 0.4701406467176176
3.4332	 0.4704283728106672
3.4309	 0.47072076110449207
3.4287	 0.4710202772989071
3.4264	 0.47132941867888856
3.4241	 0.471650188653914
3.4219	 0.471834432081994
3.4196	 0.4721652445973494
3.4174	 0.4725016646197346
3.4151	 0.47284460240189374
3.4129	 0.47295467060500135
3.4106	 0.4732970864234848
3.4084	 0.47364094188104
3.4061	 0.4739852763059847
3.4039	 0.4741578682228715
3.4017	 0.4744814325267919
3.3994	 0.47479074505410146
3.3972	 0.47508153662278413
3.395	 0.4753599726550918
3.3928	 0.4753692433896637
3.3906	 0.4756244798418238
3.3883	 0.4758650387991764
3.3861	 0.4759064027252942
3.3839	 0.4761280670258484
3.3817	 0.4763403675954949
3.3795	 0.4765451872599839
3.3773	 0.4767454015639488
3.3751	 0.47693278059986216
3.3729	 0.4768338641660621
3.3707	 0.47680121474136616
3.3685	 0.4769551775170932
3.3663	 0.4770855049855881
3.3641	 0.4771975864854194
3.362	 0.4772963301298028
3.3598	 0.4773815810996633
3.3576	 0.477444920705557
3.3554	 0.477489924878578
3.3533	 0.47702580300469505
3.3511	 0.47703737675784236
3.3489	 0.47703228755348304
3.3468	 0.4770195463222386
3.3446	 0.47699342823121343
3.3425	 0.476946350651288
3.3403	 0.47688350729410944
3.3382	 0.47681375667273074
3.336	 0.4764966621349459
3.3339	 0.4761323438618803
3.3317	 0.476031360239885
3.3296	 0.47590623783826524
3.3274	 0.47577193051360156
3.3253	 0.4756368470651976
3.3232	 0.47549395112701504
3.321	 0.4751062228608158
3.3189	 0.47494076547382963
3.3168	 0.4747706284441543
3.3147	 0.47437114059077085
3.3126	 0.47419212460093135
3.3104	 0.4739966910080677
3.3083	 0.47378411565051526
3.3062	 0.47355648544774503
3.3041	 0.47307004343566006
3.302	 0.47281678055649035
3.2999	 0.4725563633806556
3.2978	 0.47229518146859245
3.2957	 0.4718850507846501
3.2936	 0.4716230246446863
3.2915	 0.4713619068981379
3.2894	 0.4708602825747492
3.2874	 0.4705972245082556
3.2853	 0.4703360178050139
3.2832	 0.4700768883838206
3.2811	 0.46982045762420993
3.279	 0.46955542117925725
3.277	 0.46915003824337603
3.2749	 0.4688774406040001
3.2728	 0.46837549545397933
3.2708	 0.46811496650667295
3.2687	 0.46785548574866653
3.2666	 0.4675957595855823
3.2646	 0.46732554136362586
3.2625	 0.4670444858046384
3.2605	 0.4667668788660506
3.2584	 0.46625811538099277
3.2564	 0.46587553944648014
3.2543	 0.4656065473892161
3.2523	 0.4653259371566691
3.2503	 0.46503930649602526
3.2482	 0.4647539228643193
3.2462	 0.4644622215090351
3.2442	 0.4641615435875633
3.2421	 0.4636202588444334
3.2401	 0.46325047135598363
3.2381	 0.46296904308117715
3.2361	 0.4626749394371018
3.234	 0.4623733890688699
3.232	 0.46208045474587894
3.23	 0.46179153684233404
3.228	 0.4612655068074019
3.226	 0.4609672235954912
3.224	 0.46066797126417064
3.222	 0.4603307152502669
3.22	 0.4600356331422708
3.218	 0.4597412451752281
3.216	 0.4594424469510404
3.214	 0.45913640610017586
3.212	 0.45861166322237373
3.21	 0.4583086792553535
3.208	 0.45799941348985573
3.206	 0.45769055097690675
3.204	 0.45736941928832686
3.2021	 0.4570725149664508
3.2001	 0.4565302747643403
3.1981	 0.45623295829568783
3.1961	 0.45594676987626204
3.1942	 0.4556664828545553
3.1922	 0.4553911710828755
3.1902	 0.4551220114370796
3.1883	 0.45486126782224395
3.1863	 0.45454307440451686
3.1844	 0.4540187864077772
3.1824	 0.4537484912100583
3.1805	 0.45347513422320385
3.1785	 0.4531982028297397
3.1766	 0.4529292233422758
3.1746	 0.4526713096090826
3.1727	 0.4524162627387479
3.1707	 0.4518073875260162
3.1688	 0.4515549889357365
3.1669	 0.45131206914501876
3.1649	 0.4510793585237066
3.163	 0.4508551754383491
3.1611	 0.45063885271498005
3.1591	 0.4504337433992332
3.1572	 0.4499755942254332
3.1553	 0.44978045458769644
3.1534	 0.44944904046896766
3.1515	 0.4492670759357693
3.1495	 0.4490947232934105
3.1476	 0.44892130282912757
3.1457	 0.4487450443122236
3.1438	 0.4482803571876454
3.1419	 0.4481132413124723
3.14	 0.447947640267936
3.1381	 0.44778267584669035
3.1362	 0.4474363653729957
3.1343	 0.44727414245451186
3.1324	 0.44710791389060955
3.1305	 0.44660943705669764
3.1286	 0.4464431310920078
3.1268	 0.44626738890733314
3.1249	 0.4460754845685847
3.123	 0.44586995383628264
3.1211	 0.4454428477743514
3.1192	 0.4452155171139257
3.1174	 0.444522536388256
3.1155	 0.4441989701313871
3.1136	 0.4438367716671233
3.1117	 0.4434547606073967
3.1099	 0.44307480643633235
3.108	 0.4427147052410475
3.1061	 0.4423857852805529
3.1043	 0.44142194410284813
3.1024	 0.44117147378551785
3.1006	 0.4409350922496263
3.0987	 0.4407075346856176
3.0969	 0.4404797738905953
3.095	 0.4402490814300341
3.0932	 0.44002159656203294
3.0913	 0.43942812582392016
3.0895	 0.43897675829930066
3.0876	 0.43875322400912725
3.0858	 0.4385303889248402
3.084	 0.4383099255801686
3.0821	 0.4380845279176852
3.0803	 0.43785555128826265
3.0785	 0.43762816890830275
3.0766	 0.43703701774722353
3.0748	 0.43681105403513937
3.073	 0.43634689066388366
3.0712	 0.4361161666249433
3.0694	 0.43588063775436675
3.0675	 0.43563909867719913
3.0657	 0.4350461701733062
3.0639	 0.4348234806240949
3.0621	 0.4346077977785824
3.0603	 0.43438121011809744
3.0585	 0.4339085547431616
3.0567	 0.43367794458306597
3.0549	 0.4334404910166687
3.0531	 0.4331986663291131
3.0513	 0.4325878007680379
3.0495	 0.43234705681939845
3.0477	 0.4321087500520556
3.0459	 0.4318629173789302
3.0441	 0.4316186092250527
3.0423	 0.43112857819602435
3.0406	 0.4308780668150176
3.0388	 0.4302679947857273
3.037	 0.4300078259624165
3.0352	 0.4297555595897165
3.0334	 0.42949427969924164
3.0317	 0.4292162683740332
3.0299	 0.4289297686435246
3.0281	 0.42803126156195
3.0264	 0.4277291015862972
3.0246	 0.4274152258063757
3.0228	 0.42710323690734037
3.0211	 0.42679270609310666
3.0193	 0.4264774520814616
3.0176	 0.4261497604051077
3.0158	 0.42545364019624193
3.014	 0.4251172945906563
3.0123	 0.4245299838127321
3.0105	 0.42419159608598817
3.0088	 0.4238564546554503
3.007	 0.423527926588098
3.0053	 0.4231938009432577
3.0036	 0.42247664207334945
3.0018	 0.4221355047633525
3.0001	 0.42154897957552107
2.9984	 0.42121372956119235
2.9966	 0.4208735743119898
2.9949	 0.42052057288204214
2.9932	 0.41974940037253755
2.9914	 0.419363275396797
2.9897	 0.41895881224146236
2.988	 0.41853646231475977
2.9863	 0.41811696605297993
2.9845	 0.41745423826204897
2.9828	 0.4170469228198913
2.9811	 0.41614781929267036
2.9794	 0.41570506168559374
2.9777	 0.415240904808445
2.976	 0.41474212360171303
2.9743	 0.41422182484915226
2.9726	 0.4136854608130204
2.9709	 0.4128543632228047
2.9692	 0.4114867730477655
2.9675	 0.4107298856330556
2.9658	 0.409908623008197
2.9641	 0.40904902668094156
2.9624	 0.4081810741538126
2.9607	 0.4073044216133664
2.959	 0.406424283098904
2.9573	 0.4044551892536701
2.9556	 0.403594807997897
2.9539	 0.4027411901205385
2.9523	 0.4018866543196843
2.9506	 0.40102896648337677
2.9489	 0.40017606340181056
2.9472	 0.39855559748561936
2.9455	 0.3977342281431228
2.9439	 0.39666146998860863
2.9422	 0.39585381748075227
2.9405	 0.39505070406133036
2.9389	 0.39426061657745715
2.9372	 0.3934808782366333
2.9355	 0.39198543408276315
2.9339	 0.39122920626645125
2.9322	 0.39048538827244317
2.9306	 0.38950226985114417
2.9289	 0.38878748903139343
2.9272	 0.3880891542260385
2.9256	 0.38741537771240997
2.9239	 0.3861070284256027
2.9223	 0.3855029922730192
2.9207	 0.38493024827117994
2.919	 0.38439651553712273
2.9174	 0.383661732927135
2.9157	 0.38327904178332023
2.9141	 0.3823680908202007
2.9124	 0.38215359153128164
2.9108	 0.38196337537059294
2.9092	 0.38175317092712
2.9075	 0.381490888425399
2.9059	 0.3811682485408459
2.9043	 0.38050290174445606
2.9027	 0.37949077447300744
2.901	 0.37902207879186245
2.8994	 0.3785277349734505
2.8978	 0.37802173726207133
2.8962	 0.3775195382702876
2.8946	 0.37701645261887373
2.8929	 0.37597123943886296
2.8913	 0.3751805386005223
2.8897	 0.3747865962611309
2.8881	 0.37449705805574
2.8865	 0.3743099041193081
2.8849	 0.374223529134528
2.8833	 0.3742360295448285
2.8817	 0.3745434652236815
2.8801	 0.3748339006302268
2.8785	 0.375214746246013
2.8769	 0.37535750233755777
2.8753	 0.37588740271828325
2.8737	 0.3764822637404482
2.8721	 0.3778412714062287
2.8705	 0.37864264978807843
2.8689	 0.37953633097618944
2.8673	 0.38049922060455754
2.8658	 0.3811728980817775
2.8642	 0.382238041579543
2.8626	 0.38335530222272135
2.861	 0.3856378190083712
2.8594	 0.3869144675567883
2.8579	 0.38823964102270864
2.8563	 0.389623715988854
2.8547	 0.39106790517621615
2.8531	 0.3925614999293877
2.8516	 0.3950590039981098
2.85	 0.39664887527022097
2.8484	 0.39826208345155795
2.8469	 0.399906000009431
2.8453	 0.4015880933338419
2.8437	 0.4032856759069017
2.8422	 0.40642564670663206
2.8406	 0.40820970114733307
2.8391	 0.4096390537739303
2.8375	 0.4114877496692711
2.836	 0.4133680496631227
2.8344	 0.4152666253139903
2.8329	 0.4172027098517152
2.8313	 0.42065794166514997
2.8298	 0.42268011817174134
2.8282	 0.42431918871132596
2.8267	 0.42638510401868834
2.8252	 0.42848149806782915
2.8236	 0.43206823272569833
2.8221	 0.4341827387864929
2.8205	 0.43630921196833394
2.819	 0.43844995790979463
2.8175	 0.44061027310710327
2.8159	 0.4423573344210225
2.8144	 0.4445558728671479
2.8129	 0.448150446214915
2.8114	 0.45034981175905897
2.8098	 0.45255923240913315
2.8083	 0.45477004779681346
2.8068	 0.45698188118584754
2.8053	 0.45921816844861796
2.8038	 0.46232945325549646
2.8022	 0.464588931851083
2.8007	 0.46684804670215635
2.7992	 0.4691125152549017
2.7977	 0.471388739606034
2.7962	 0.47368282336189443
2.7947	 0.4759977641356483
2.7932	 0.47908687327194344
2.7917	 0.4814333157218197
2.7902	 0.48380834860128885
2.7887	 0.48621262183554514
2.7872	 0.4886322684380362
2.7857	 0.4910488619816044
2.7842	 0.4945863283791259
2.7827	 0.49702118863799877
2.7812	 0.4990015214729239
2.7797	 0.5014865216694917
2.7782	 0.5040065807210984
2.7767	 0.5065754144125365
2.7752	 0.5101978075242224
2.7738	 0.5128346190047895
2.7723	 0.5155213924310894
2.7708	 0.5182851365669057
2.7693	 0.5206498046984702
2.7678	 0.5236184804744781
2.7664	 0.5266983480323802
2.7649	 0.5307624106965991
2.7634	 0.5339493916746227
2.7619	 0.5371284832486589
2.7605	 0.5403038652887391
2.759	 0.5434672871058495
2.7575	 0.5468455027794829
2.7561	 0.549964212644893
2.7546	 0.5530620450969237
2.7531	 0.5561375509331447
2.7517	 0.5592027322385198
2.7502	 0.5622657491319728
2.7488	 0.5653051423933411
2.7473	 0.5683953631720445
2.7458	 0.5713793932377532
2.7444	 0.574339764874886
2.7429	 0.5772856572787806
2.7415	 0.5802250157456224
2.74	 0.5831527002018332
2.7386	 0.5866507369447225
2.7371	 0.5895262269301473
2.7357	 0.5917799327821514
2.7343	 0.5946180451462392
2.7328	 0.5974352198422823
2.7314	 0.6002224560369764
2.7299	 0.6034970937029356
2.7285	 0.6062354703571565
2.7271	 0.6089527382520943
2.7256	 0.6116442482497467
2.7242	 0.6137365308224331
2.7228	 0.6163812677594066
2.7213	 0.6194371109373985
2.7199	 0.622007487424823
2.7185	 0.6245431851783316
2.7171	 0.627024992535831
2.7156	 0.6294332478383143
2.7142	 0.6313878342475729
2.7128	 0.634093356509257
2.7114	 0.6363715470713429
2.71	 0.6386387383665026
2.7085	 0.6409194742319895
2.7071	 0.6432230730912425
2.7057	 0.6455527827429229
2.7043	 0.6482238682746257
2.7029	 0.6500415069551905
2.7015	 0.652379854390589
2.7001	 0.6547210782626317
2.6987	 0.6570641009335956
2.6973	 0.6594033849999438
2.6959	 0.6619816825469574
2.6945	 0.6642854774450583
2.6931	 0.6659801070943236
2.6917	 0.6682519872418315
2.6903	 0.6704442079970006
2.6889	 0.6724898304494004
2.6875	 0.674595608405151
2.6861	 0.6763583345308194
2.6847	 0.6779812738688108
2.6833	 0.6794760215719841
2.6819	 0.6802417837948108
2.6805	 0.6817061398053131
2.6791	 0.6828542390143408
2.6778	 0.6838914027667066
2.6764	 0.6848331122486645
2.675	 0.6856876041667777
2.6736	 0.6864571882256306
2.6722	 0.6865550217080201
2.6709	 0.6873531473882141
2.6695	 0.6878597029489154
2.6681	 0.6882678082228688
2.6667	 0.6886051482834985
2.6654	 0.6888782340908968
2.664	 0.6890807959857345
2.6626	 0.6893864452661776
2.6613	 0.6889332565719828
2.6599	 0.6889500146803852
2.6585	 0.6889020407542797
2.6572	 0.688793742662042
2.6558	 0.6886156212334504
2.6545	 0.6885338504445414
2.6531	 0.6882591324555026
2.6517	 0.6875269455495816
2.6504	 0.6871790554750551
2.649	 0.6867979366046648
2.6477	 0.6865388412598954
2.6463	 0.6860929268593599
2.645	 0.6856232484443304
2.6436	 0.685133281499422
2.6423	 0.6842630326072527
2.6409	 0.6837057581377876
2.6396	 0.683125211434966
2.6382	 0.6826781002049349
2.6369	 0.6820261054725478
2.6356	 0.6813497583061286
2.6342	 0.6806564958656561
2.6329	 0.6799368485840448
2.6315	 0.6791385949474812
2.6302	 0.6783854921860091
2.6289	 0.677601593412195
2.6275	 0.6768026299222745
2.6262	 0.6759877516622692
2.6249	 0.6751522807819597
2.6236	 0.6741719526223808
2.6222	 0.6735225234413373
2.6209	 0.6726682456771751
2.6196	 0.6718049341926171
2.6183	 0.6709333463068776
2.6169	 0.670244185189063
2.6156	 0.6693357586743546
2.6143	 0.6684215437302939
2.613	 0.667492440373121
2.6117	 0.6665905915946232
2.6103	 0.6656825703815544
2.609	 0.6647651544420171
2.6077	 0.6640390427189315
2.6064	 0.6631130954771419
2.6051	 0.6621668570825282
2.6038	 0.6612928519688771
2.6025	 0.6603394458731068
2.6012	 0.6593683699878322
2.5999	 0.6585618097531265
2.5986	 0.6575713832928382
2.5973	 0.6565724967614952
2.596	 0.6555533356241253
2.5947	 0.6545162096223618
2.5934	 0.653809783570037
2.5921	 0.6527553672632894
2.5908	 0.6516871261321122
2.5895	 0.6506023414056175
2.5882	 0.649507523782911
2.5869	 0.6484112754225152
2.5856	 0.6474101842968678
2.5843	 0.6466219850902134
2.583	 0.6454963333774669
2.5817	 0.644357361452738
2.5805	 0.6432123645689466
2.5792	 0.6420579867409802
2.5779	 0.6409906690090942
2.5766	 0.6398061101871416
2.5753	 0.6391175525707318
2.5741	 0.6379317903595052
2.5728	 0.6367374258962267
2.5715	 0.6356410963692224
2.5702	 0.634394211207514
2.569	 0.6331165628786194
2.5677	 0.631796615913523
2.5664	 0.6304204581379409
2.5651	 0.6298417828554276
2.5639	 0.6285784132456842
2.5626	 0.6271895744719596
2.5613	 0.6258072495680946
2.5601	 0.6244226343657073
2.5588	 0.6230432190574852
2.5575	 0.6225260133940156
2.5563	 0.6212659589074598
2.555	 0.6199050083627198
2.5538	 0.6185632814415909
2.5525	 0.6172343349073197
2.5513	 0.6159063320610891
2.55	 0.6147058364400608
2.5487	 0.6134107760649898
2.5475	 0.6130254644469798
2.5462	 0.6117578984533079
2.545	 0.6104988165999108
2.5437	 0.6092533352075274
2.5425	 0.608151436311587
2.5413	 0.6069035851494426
2.54	 0.6056611990138225
2.5388	 0.6053517119828529
2.5375	 0.6041218079306268
2.5363	 0.602894172702054
2.535	 0.601812673901684
2.5338	 0.6006010968316616
2.5326	 0.5994026065097997
2.5313	 0.5982116601543375
2.5301	 0.5979651530761557
2.5289	 0.5967747134176682
2.5276	 0.5957039023928997
2.5264	 0.5945181792785552
2.5252	 0.5933293627829724
2.5239	 0.592141849487874
2.5227	 0.5909601576056296
2.5215	 0.5908592143217277
2.5202	 0.5896939944810692
2.519	 0.5885355592923049
2.5178	 0.5873771654566075
2.5166	 0.5862229525042121
2.5154	 0.5850804224064317
2.5141	 0.5840426771557459
2.5129	 0.5838975125261411
2.5117	 0.5827767386943238
2.5105	 0.5816590851252024
2.5093	 0.5805404957626549
2.5081	 0.5795366753344912
2.5068	 0.5784318501216972
2.5056	 0.5773233051727434
2.5044	 0.577233660778405
2.5032	 0.5761471716966966
2.502	 0.5751982768379974
2.5008	 0.5741334957358901
2.4996	 0.5730701685722074
2.4984	 0.5720081297604475
2.4972	 0.5709534480465301
2.496	 0.5709372354560248
2.4948	 0.5700262782569325
2.4936	 0.5689877730073704
2.4924	 0.5679567298941351
2.4912	 0.566947827641953
2.49	 0.5659959107593493
2.4888	 0.5652243497347769
2.4876	 0.5652787121057727
2.4864	 0.5644331317505787
2.4852	 0.5636253974829367
2.484	 0.5628569349915445
2.4828	 0.5621209602521012
2.4816	 0.5615510665103601
2.4805	 0.5615980575457797
2.4793	 0.5609234766394383
2.4781	 0.5602831316903554
2.4769	 0.559671925655907
2.4757	 0.5592153832751515
2.4745	 0.558652264653815
2.4734	 0.5581129091008489
2.4722	 0.5575987259454616
2.471	 0.5576554631089952
2.4698	 0.5571690452794607
2.4686	 0.5568592797982501
2.4675	 0.556432435265799
2.4663	 0.5560209101023882
2.4651	 0.5556289536594181
2.464	 0.5552548378043994
2.4628	 0.555323221180219
2.4616	 0.5551189889178564
2.4604	 0.5547938751353524
2.4593	 0.5544781555628445
2.4581	 0.5541866168044058
2.4569	 0.5539219536749557
2.4558	 0.5538095530144249
2.4546	 0.5539128597685327
2.4535	 0.5536753324410448
2.4523	 0.5534456131136016
2.4511	 0.553220524695436
2.45	 0.5531379728748615
2.4488	 0.5529320131878466
2.4477	 0.553018186214049
2.4465	 0.5528129981951865
2.4454	 0.5526132049465554
2.4442	 0.5525425343004144
2.4431	 0.5523585187603627
2.4419	 0.5521785374788689
2.4408	 0.5519933689536494
2.4396	 0.5518092369639988
2.4385	 0.551866590339901
2.4373	 0.5518073647353433
2.4362	 0.5516360976779167
2.435	 0.551459111835962
2.4339	 0.5512790562119043
2.4327	 0.5510994190859779
2.4316	 0.5512263048676872
2.4305	 0.5510314595067112
2.4293	 0.5508275909237502
2.4282	 0.5506218969154026
2.427	 0.5504093755089562
2.4259	 0.5502824096950502
2.4248	 0.5500657238143988
2.4236	 0.549840283860014
2.4225	 0.5497680059333143
2.4214	 0.5495250540767983
2.4202	 0.5493245008261518
2.4191	 0.549060355503935
2.418	 0.5487820131360318
2.4169	 0.5486455291197523
2.4157	 0.5483357677824421
2.4146	 0.5480074928056112
2.4135	 0.547558987752445
2.4124	 0.5471290689984537
2.4112	 0.5466581707822235
2.4101	 0.5461393590323259
2.409	 0.5455843843631726
2.4079	 0.5451618990461804
2.4068	 0.5443476726779501
2.4056	 0.5438266944944824
2.4045	 0.543334194143375
2.4034	 0.5428677143323558
2.4023	 0.54233369994834
2.4012	 0.5419502402454971
2.4001	 0.5417245594290693
2.399	 0.5413642115380729
2.3979	 0.5410201727298622
2.3967	 0.5406888953863153
2.3956	 0.5403150910031466
2.3945	 0.5400191150890717
2.3934	 0.5398825946544547
2.3923	 0.5396100213709515
2.3912	 0.5393479416383519
2.3901	 0.539047666503194
2.389	 0.5388135273384906
2.3879	 0.538586544442468
2.3868	 0.5383700011748457
2.3857	 0.5383266147065578
2.3846	 0.5381259324069864
2.3835	 0.5379576592198786
2.3824	 0.5377941834069517
2.3813	 0.5376292453019135
2.3802	 0.5374589551659402
2.3791	 0.5372829627264233
2.3781	 0.5372296053000509
2.377	 0.5370331474634786
2.3759	 0.5368267549209211
2.3748	 0.5366092139581419
2.3737	 0.5363877574186438
2.3726	 0.5361322891635992
2.3715	 0.5360430513945164
2.3704	 0.5357929583188249
2.3694	 0.5355324519266502
2.3683	 0.5352635145866089
2.3672	 0.5349581522385058
2.3661	 0.534691157442125
2.365	 0.5344257590278368
2.364	 0.5343101845153092
2.3629	 0.5340485457149597
2.3618	 0.5337527146343152
2.3607	 0.5335044400809146
2.3597	 0.5332630078888062
2.3586	 0.5330244409236023
2.3575	 0.5327981056826235
2.3564	 0.5327150377429448
2.3554	 0.5324997698098847
2.3543	 0.5322801089648532
2.3532	 0.5320597354218448
2.3522	 0.5318516301924098
2.3511	 0.5316541451351118
2.35	 0.5316385907848468
2.349	 0.5314445122713817
2.3479	 0.5312441301037113
2.3468	 0.531047825418392
2.3458	 0.5308539697073599
2.3447	 0.5307442069025144
2.3436	 0.5305647652762568
2.3426	 0.5305526653802539
2.3415	 0.5303924682922033
2.3405	 0.5302344056173224
2.3394	 0.5301998264319371
2.3384	 0.5300527905867084
2.3373	 0.5299193130296425
2.3363	 0.5297910889788882
2.3352	 0.5299480799076898
2.3342	 0.5298210860270436
2.3331	 0.5296989959241825
2.3321	 0.5295803506252011
2.331	 0.5294711681739568
2.33	 0.529373175487628
2.3289	 0.5294308470502277
2.3279	 0.5295005382879953
2.3268	 0.5294194375305863
2.3258	 0.5293494623557621
2.3247	 0.5292821947918752
2.3237	 0.5293584204939877
2.3226	 0.5292887473319171
2.3216	 0.5293767308197892
2.3206	 0.529314168369918
2.3195	 0.5292503312118555
2.3185	 0.5293320086435109
2.3175	 0.5292670111133633
2.3164	 0.5291986645654192
2.3154	 0.5291294932893151
2.3144	 0.5292160796299897
2.3133	 0.5292909642222274
2.3123	 0.5292161572787752
2.3113	 0.5291354161847174
2.3102	 0.5290621661408826
2.3092	 0.5289878519102506
2.3082	 0.5292046934466652
2.3071	 0.5291223681621525
2.3061	 0.5290473982986224
2.3051	 0.528974711281976
2.3041	 0.5288957861567866
2.303	 0.5289662807415664
2.302	 0.5290225482163176
2.301	 0.5289267555442143
2.3	 0.5288321023085368
2.299	 0.5287408611458767
2.2979	 0.5288038878942852
2.2969	 0.5287071940410902
2.2959	 0.5286082046473866
2.2949	 0.528657677398984
2.2939	 0.5285615701973362
2.2929	 0.5286126512919257
2.2918	 0.5285140826064093
2.2908	 0.5284154847853457
2.2898	 0.5283136086272648
2.2888	 0.5283638191681074
2.2878	 0.528396667804098
2.2868	 0.528280509664826
2.2858	 0.5281603551071639
2.2848	 0.5280434292509547
2.2838	 0.5279309511303079
2.2828	 0.5279764880637409
2.2818	 0.5280103566887973
2.2808	 0.5278985920205903
2.2798	 0.5277933293466051
2.2787	 0.5276871692362904
2.2777	 0.5274276884416446
2.2767	 0.5271708505263905
2.2757	 0.5270518389844989
2.2747	 0.5267936522852692
2.2738	 0.5265355859634495
2.2728	 0.5262749311799764
2.2718	 0.5260078411780937
2.2708	 0.5257394854429683
2.2698	 0.5254731723106364
2.2688	 0.5253334665689869
2.2678	 0.5250538521998578
2.2668	 0.5247761316236182
2.2658	 0.5244995793216668
2.2648	 0.5242268359141254
2.2638	 0.523956002012479
2.2628	 0.5236837279716371
2.2618	 0.5235395419975649
2.2609	 0.5232540141802137
2.2599	 0.5229773578927356
2.2589	 0.5226986885437579
2.2579	 0.5224090628158344
2.2569	 0.5221166694776657
2.2559	 0.5219651674230548
2.255	 0.5216686840490914
2.254	 0.5213673506968052
2.253	 0.5210663632025148
2.252	 0.5207719350283664
2.251	 0.5204835409835611
2.2501	 0.5203282726026393
2.2491	 0.5200386236357916
2.2481	 0.5197537462018194
2.2471	 0.5194726777936353
2.2462	 0.5191899616178366
2.2452	 0.5189082975739308
2.2442	 0.5187535212752962
2.2433	 0.5184651192096956
2.2423	 0.5181770268327103
2.2413	 0.5179030248846906
2.2403	 0.5176379658369532
2.2394	 0.5173696785400593
2.2384	 0.5171006651280583
2.2374	 0.5169533968088443
2.2365	 0.5166882295984895
2.2355	 0.51642719769985
2.2345	 0.5161712435456285
2.2336	 0.5159199070491204
2.2326	 0.5156718521457421
2.2317	 0.515531471671715
2.2307	 0.5152884959040657
2.2297	 0.5150608718847163
2.2288	 0.514842207886853
2.2278	 0.5146302912808671
2.2269	 0.514428262418829
2.2259	 0.5143170585675755
2.225	 0.5141254686307437
2.224	 0.5139469616573819
2.2231	 0.5137926635456651
2.2221	 0.5136563707363019
2.2211	 0.5135321788286402
2.2202	 0.5135055144060641
2.2192	 0.5134155124476487
2.2183	 0.5133469684010789
2.2173	 0.5133162419455304
2.2164	 0.5133278035820398
2.2155	 0.5133852866270625
2.2145	 0.5134976794375267
2.2136	 0.5137530224742827
2.2126	 0.5140188286923939
2.2117	 0.514373642187789
2.2107	 0.514827853358236
2.2098	 0.5153757983282677
2.2088	 0.5159926374892515
2.2079	 0.5166392561085211
2.207	 0.517320738115858
2.206	 0.5178939767487623
2.2051	 0.5184101575503273
2.2041	 0.518877154766997
2.2032	 0.5192885064819176
2.2023	 0.519699456880931
2.2013	 0.5200175697857748
2.2004	 0.5203174088300012
2.1995	 0.5206029151260967
2.1985	 0.520871193962599
2.1976	 0.5211295694124708
2.1967	 0.5213768667490208
2.1957	 0.5216834842391809
2.1948	 0.5219186794094454
2.1939	 0.5221544831097302
2.193	 0.5223844922072852
2.192	 0.5226058265601966
2.1911	 0.5228216673790158
2.1902	 0.5231190119364291
2.1893	 0.5233165725145656
2.1883	 0.5235006103694648
2.1874	 0.5236736865024753
2.1865	 0.5238282464266487
2.1856	 0.5239690796927434
2.1846	 0.5242022003015311
2.1837	 0.5243328263753667
2.1828	 0.5244650628874105
2.1819	 0.5245992754291645
2.181	 0.5247376825438663
2.18	 0.5248826565544868
2.1791	 0.5250362902912739
2.1782	 0.5252963762620094
2.1773	 0.525468770108639
2.1764	 0.5256490855600031
2.1755	 0.5258487069110412
2.1746	 0.5260586422890668
2.1736	 0.5262749677366537
2.1727	 0.5265771691146311
2.1718	 0.5268216990682603
2.1709	 0.5270822389137193
2.17	 0.5273509775793537
2.1691	 0.5276249851823277
2.1682	 0.5279123192477494
2.1673	 0.5282652187683249
2.1664	 0.5285670940884394
2.1655	 0.5288730280811376
2.1646	 0.5291834031263206
2.1637	 0.5295050676077627
2.1628	 0.52983891263279
2.1619	 0.530234203531581
2.161	 0.5305738963572375
2.1601	 0.5309189687202197
2.1592	 0.5312665057906663
2.1583	 0.5316012613481349
2.1574	 0.5319166124717879
2.1565	 0.5322977859832991
2.1556	 0.5326251176942486
2.1547	 0.5329516693766663
2.1538	 0.5332681528360942
2.1529	 0.5335606787904523
2.152	 0.5338318270798811
2.1511	 0.534089829432164
2.1502	 0.5343742889574308
2.1493	 0.5345911086408173
2.1484	 0.5347990032220743
2.1475	 0.5349902450096966
2.1466	 0.5351665939650063
2.1458	 0.5353177236258228
2.1449	 0.5354843647365203
2.144	 0.5355915619651325
2.1431	 0.5356616833242448
2.1422	 0.5357157375962405
2.1413	 0.5357703750744336
2.1404	 0.5358078554306643
2.1396	 0.5358571233494147
2.1387	 0.5358751427827725
2.1378	 0.5358738682927792
2.1369	 0.5358470638495071
2.136	 0.5358136049465554
2.1352	 0.5358112691300418
2.1343	 0.5357859453718893
2.1334	 0.5357522498622397
2.1325	 0.5357095218971292
2.1316	 0.5356642789285601
2.1308	 0.5356129263234242
2.1299	 0.5355411675112254
2.129	 0.5355024721879832
2.1281	 0.5354245249303262
2.1273	 0.5353357036522779
2.1264	 0.5352263859422215
2.1255	 0.5351243507055335
2.1247	 0.5350345479893449
2.1238	 0.5350028753407912
2.1229	 0.534932042249976
2.122	 0.5348494767176794
2.1212	 0.53474896386699
2.1203	 0.5346390507060987
2.1194	 0.534541379293347
2.1186	 0.5345038105213571
2.1177	 0.5344257424689453
2.1168	 0.5343563386704532
2.116	 0.5342864856581071
2.1151	 0.5342216728801376
2.1143	 0.534164482939955
2.1134	 0.5341587775400737
2.1125	 0.5341094889364237
2.1117	 0.5340734042744232
2.1108	 0.5340189648259381
2.11	 0.5339732004102106
2.1091	 0.533930896133017
2.1082	 0.5339289800792838
2.1074	 0.5338773056914089
2.1065	 0.5337928486709093
2.1057	 0.5336940875282989
2.1048	 0.5335924092062975
2.104	 0.5334750696567395
2.1031	 0.5334003136442432
2.1023	 0.5333036754880226
2.1014	 0.5331954334180959
2.1005	 0.5330807012632623
2.0997	 0.5329712556528879
2.0988	 0.5328527256694269
2.098	 0.532770339335172
2.0971	 0.5326595316394801
2.0963	 0.5325448659086719
2.0955	 0.5324450965321109
2.0946	 0.5323073174726365
2.0938	 0.5322020075432554
2.0929	 0.5321655480858132
2.0921	 0.5320835360256689
2.0912	 0.5319708546130317
2.0904	 0.5318345681962768
2.0895	 0.5317448724698721
2.0887	 0.5317062664924149
2.0879	 0.5316156187209969
2.087	 0.5314804046436348
2.0862	 0.5315194504057629
2.0853	 0.5316059327327176
2.0845	 0.5316618757284605
2.0837	 0.5315652249676122
2.0828	 0.5314137674305522
2.082	 0.5313927590079944
2.0812	 0.5314850402347413
2.0803	 0.5313309396736655
2.0795	 0.0
