2.5	 1.0
2.499	 0.5017446919366315
2.498	 0.5015826986069986
2.497	 0.5014297262747844
2.496	 0.5013817375820405
2.495	 0.501427738182374
2.494	 0.5014489988732731
2.493	 0.5014179724616157
2.492	 0.50145926360585
2.491	 0.5014672187686681
2.49	 0.5014750557692187
2.489	 0.5014914586276913
2.488	 0.5014970785073929
2.487	 0.5015464281585417
2.486	 0.5015511723326382
2.485	 0.5015384465604167
2.484	 0.5015242954243254
2.483	 0.5015061509510741
2.482	 0.5015276365440369
2.481	 0.501532166959367
2.48	 0.5015341783625958
2.479	 0.5015287753418457
2.478	 0.5015332527678098
2.477	 0.5015276944054049
2.476	 0.5015313901476938
2.475	 0.5015324882906943
2.474	 0.50152803512672
2.473	 0.5015027318061289
2.472	 0.5014994322162009
2.471	 0.5014827857134304
2.47	 0.5014758716367779
2.469	 0.5014618726060852
2.468	 0.5014616125589492
2.467	 0.5014487789028826
2.466	 0.5014343970060924
2.465	 0.5014111389125965
2.464	 0.5013965365403181
2.463	 0.5013793380293736
2.462	 0.5013648916716924
2.461	 0.5013435114468217
2.46	 0.501341576890812
2.459	 0.5013267279637297
2.458	 0.5013106527115198
2.457	 0.501289797131673
2.456	 0.5012770421876559
2.455	 0.5012626176342396
2.454	 0.5012466981040777
2.453	 0.501228140032091
2.452	 0.5012171312427034
2.451	 0.5012009816973939
2.45	 0.5011856698543428
2.449	 0.5011690877857775
2.448	 0.5011577379101104
2.447	 0.5011490721256662
2.446	 0.5011346322167834
2.445	 0.501116898495738
2.444	 0.5011033433988541
2.443	 0.5010945213978638
2.442	 0.5010854666666382
2.441	 0.5010712015953934
2.44	 0.5010569480713541
2.439	 0.5010443286728804
2.438	 0.5010239850568803
2.437	 0.5010015574362341
2.436	 0.500986978173904
2.435	 0.5009770833334432
2.434	 0.5009626204057366
2.433	 0.5009422110254821
2.432	 0.5009254294432962
2.431	 0.5009128594016423
2.43	 0.500900435934348
2.429	 0.5008824711220302
2.428	 0.5008681990632349
2.427	 0.500855649024591
2.426	 0.500836048105348
2.425	 0.5008153360232617
2.424	 0.5007998740405235
2.423	 0.5007863861862729
2.422	 0.5007721458629877
2.421	 0.5007551099686234
2.42	 0.5007372227068262
2.419	 0.5007234945456568
2.418	 0.5007101554210276
2.417	 0.5006922853401741
2.416	 0.5006769543555302
2.415	 0.500664595774211
2.414	 0.5006479178592903
2.413	 0.5006265823870063
2.412	 0.5006088593109863
2.411	 0.5005937802443936
2.41	 0.5005763756493612
2.409	 0.5005551241961896
2.408	 0.5005385761611717
2.407	 0.5005280351774823
2.406	 0.500514153099808
2.405	 0.5004945877181052
2.404	 0.5004785600933003
2.403	 0.5004639046075636
2.402	 0.5004483205423442
2.401	 0.5004330018016565
2.4	 0.5004158158762159
2.399	 0.5004012370188099
2.398	 0.5003856548509759
2.397	 0.500369734223445
2.396	 0.5003543667113136
2.395	 0.5003402008129303
2.394	 0.5003281801150223
2.393	 0.5003140295700259
2.392	 0.5003015208858392
2.391	 0.50028798298541
2.39	 0.5002748268606733
2.389	 0.5002655606427697
2.388	 0.5002529053049959
2.387	 0.5002376661113292
2.386	 0.5002253981456176
2.385	 0.5002164472032598
2.384	 0.500204973422785
2.383	 0.5001894316080037
2.382	 0.5001775415129592
2.381	 0.500170669495828
2.38	 0.5001614578721313
2.379	 0.500146226117216
2.378	 0.5001343688847598
2.377	 0.5001282097217721
2.376	 0.5001194727024351
2.375	 0.5001052759681427
2.374	 0.5000955954639578
2.373	 0.5000871083479519
2.372	 0.5000860376496982
2.371	 0.500072415715889
2.37	 0.500066680594487
2.369	 0.5000608092099161
2.368	 0.500063324645916
2.367	 0.5000502262547923
2.366	 0.5000459876287496
2.365	 0.5000400888333987
2.364	 0.5000431438432541
2.363	 0.5000305528389118
2.362	 0.5000280373693738
2.361	 0.5000260398308533
2.36	 0.5000347842106776
2.359	 0.5000222472359879
2.358	 0.5000216129863294
2.357	 0.500022702807323
2.356	 0.5000358938550052
2.355	 0.5000253270909492
2.354	 0.5000272231835854
2.353	 0.5000291827737825
2.352	 0.5000449253419917
2.351	 0.5000353575038542
2.35	 0.500038964595975
2.349	 0.5000423610451121
2.348	 0.5000600637574389
2.347	 0.5000502680977619
2.346	 0.5000546583855384
2.345	 0.5000597565251133
2.344	 0.5000787005769705
2.343	 0.500069718316733
2.342	 0.5000736702838079
2.341	 0.5000773234937151
2.34	 0.5000964340258637
2.339	 0.500089531131936
2.338	 0.5000973857816405
2.337	 0.500104973778901
2.336	 0.5001263337474163
2.335	 0.5001198554214331
2.334	 0.5001277954591334
2.333	 0.5001353274289098
2.332	 0.5001570831084271
2.331	 0.5001520995989107
2.33	 0.500161929669915
2.329	 0.5001719144053678
2.328	 0.5001937124584774
2.327	 0.5001908518287045
2.326	 0.5002014955124985
2.325	 0.5002123679618184
2.324	 0.5002341671622972
2.323	 0.500244561109136
2.322	 0.5002438780734028
2.321	 0.5002549994987135
2.32	 0.5002778858990019
2.319	 0.500289344716714
2.318	 0.500291009968767
2.317	 0.5003038337164737
2.316	 0.5003274332524883
2.315	 0.5003409160571629
2.314	 0.5003439231718032
2.313	 0.5003562911075309
2.312	 0.5003782644501594
2.311	 0.500392245084057
2.31	 0.5003973792845305
2.309	 0.5004117461624092
2.308	 0.500433737553938
2.307	 0.5004472657142895
2.306	 0.5004523894951082
2.305	 0.5004648907976624
2.304	 0.5004842580554114
2.303	 0.5004983668907561
2.302	 0.5005062151630204
2.301	 0.5005213765236709
2.3	 0.5005319495004148
2.299	 0.5005380398508955
2.298	 0.5005415230473926
2.297	 0.5005557436071294
2.296	 0.5005613313752071
2.295	 0.5005667475443513
2.294	 0.5005682506816355
2.293	 0.5005808091762942
2.292	 0.5005827339517879
2.291	 0.5005884469690169
2.29	 0.5005887332393321
2.289	 0.5006013686100085
2.288	 0.5005995542704786
2.287	 0.5006043875374221
2.286	 0.500607297887364
2.285	 0.5006200935230799
2.284	 0.5006240966917636
2.283	 0.500628079934299
2.282	 0.5006310142760041
2.281	 0.5006438834760684
2.28	 0.5006444575473248
2.279	 0.5006481609104658
2.278	 0.500651874084674
2.277	 0.5006644022203908
2.276	 0.5006637027449278
2.275	 0.5006684668696536
2.274	 0.5006760666536202
2.273	 0.5006893529795885
2.272	 0.5006914408772433
2.271	 0.5006980555044622
2.27	 0.5007051582221916
2.269	 0.5007189718714152
2.268	 0.5007185517994015
2.267	 0.5007239846586469
2.266	 0.500732261905517
2.265	 0.5007447492811995
2.264	 0.5007477310583015
2.263	 0.5007554067506613
2.262	 0.5007655835725695
2.261	 0.5007760850283417
2.26	 0.5007742923191483
2.259	 0.5007813285843983
2.258	 0.5007914481321528
2.257	 0.5008017004404255
2.256	 0.5008031196413073
2.255	 0.5008109131726749
2.254	 0.5008216087323069
2.253	 0.5008322094790791
2.252	 0.5008325167665817
2.251	 0.5008385076234163
2.25	 0.5008495618136364
2.249	 0.500857177679201
2.248	 0.5008612766479855
2.247	 0.5008601974441188
2.246	 0.5008708068764297
2.245	 0.5008788295493158
2.244	 0.50088455574763
2.243	 0.500882149949868
2.242	 0.5008916673333753
2.241	 0.5008992829679948
2.24	 0.5009049876461772
2.239	 0.5009047799083036
2.238	 0.5009186909350746
2.237	 0.5009250471267902
2.236	 0.5009302412179941
2.235	 0.5009261054563311
2.234	 0.5009375631155459
2.233	 0.5009418615504211
2.232	 0.5009453750710381
2.231	 0.5009394133168859
2.23	 0.5009525353168814
2.229	 0.5009579426569047
2.228	 0.5009612816005741
2.227	 0.5009564933312529
2.226	 0.5009697638222546
2.225	 0.5009717896455923
2.224	 0.5009744392807451
2.223	 0.5009680592164935
2.222	 0.5009794048773845
2.221	 0.5009802775463211
2.22	 0.5009820853521229
2.219	 0.5009706459817367
2.218	 0.5009820983699598
2.217	 0.5009801827709869
2.216	 0.5009789220449893
2.215	 0.5009660370697446
2.214	 0.5009800128152275
2.213	 0.5009785546311305
2.212	 0.5009781908304614
2.211	 0.5009658341053094
2.21	 0.5009788815779556
2.209	 0.5009750425683905
2.208	 0.5009740643864656
2.207	 0.5009577559294139
2.206	 0.50097073818202
2.205	 0.500965386735186
2.204	 0.5009603497877833
2.203	 0.5009451005463281
2.202	 0.500956580815077
2.201	 0.5009477732227643
2.2	 0.5009422540264311
2.199	 0.5009220070540021
2.198	 0.5009148746115788
2.197	 0.5009028886337616
2.196	 0.5009119128847701
2.195	 0.5008864669264268
2.194	 0.5008760289211692
2.193	 0.5008632177855181
2.192	 0.5008711786285981
2.191	 0.5008459424736708
2.19	 0.5008328330620063
2.189	 0.5008141663238879
2.188	 0.5008188353521472
2.187	 0.5007909810943453
2.186	 0.5007742992782814
2.185	 0.5007535473038754
2.184	 0.5007566788516965
2.183	 0.5007238905550149
2.182	 0.5007040404252894
2.181	 0.5006793229556337
2.18	 0.5006792043228704
2.179	 0.5006409601468687
2.178	 0.5006193137593474
2.177	 0.5005909490901039
2.176	 0.5005883471866852
2.175	 0.5005462726317994
2.174	 0.500521684208952
2.173	 0.5004956185603171
2.172	 0.5004853424823379
2.171	 0.5004386040743449
2.17	 0.5004084250920837
2.169	 0.5003768811266553
2.168	 0.5003626813295832
2.167	 0.500311938410355
2.166	 0.5002786068428554
2.165	 0.5002461723784677
2.164	 0.5002295654281523
2.163	 0.5001758604412688
2.162	 0.5001401464259362
2.161	 0.5001033465097633
2.16	 0.500083047552663
2.159	 0.5000253295083932
2.158	 0.49998413739421804
2.157	 0.499942239953468
2.156	 0.49991837673500317
2.155	 0.49985482621382477
2.154	 0.49980995206811524
2.153	 0.49976444363517214
2.152	 0.4997378662005749
2.151	 0.49967064958920837
2.15	 0.4996234504246569
2.149	 0.49957521193787807
2.148	 0.4995457547670722
2.147	 0.4994770579153867
2.146	 0.4994271826061538
2.145	 0.49937626145169284
2.144	 0.4993458070813728
2.143	 0.49927552691348487
2.142	 0.49922563854587537
2.141	 0.49917556944536734
2.14	 0.4991437761332072
2.139	 0.4990723838460846
2.138	 0.4990199194476125
2.137	 0.49896713783964003
2.136	 0.49893410100864694
2.135	 0.4988624037342754
2.134	 0.49880906478665793
2.133	 0.4987560589261759
2.132	 0.49872257460075564
2.131	 0.4986484263110313
2.13	 0.49859426346689517
2.129	 0.49854100733521745
2.128	 0.49850844956659146
2.127	 0.4984356876956584
2.126	 0.4983805335023915
2.125	 0.4983281944624531
2.124	 0.49829576877042464
2.123	 0.49824402738984136
2.122	 0.49817316139136597
2.121	 0.4981204388406848
2.12	 0.4980879135867881
2.119	 0.4980370097212635
2.118	 0.49796676525945405
2.117	 0.497915434263317
2.116	 0.4978845787184944
2.115	 0.4978340180735839
2.114	 0.4977668039186678
2.113	 0.4977191724146362
2.112	 0.4976896597154945
2.111	 0.4976419794110302
2.11	 0.4975776203854523
2.109	 0.49753113908438
2.108	 0.4975028257353124
2.107	 0.497457723313026
2.106	 0.4973985496852666
2.105	 0.49735612541810753
2.104	 0.49732867524776736
2.103	 0.497286190849477
2.102	 0.4972287922827826
2.101	 0.49718816272461397
2.1	 0.4971610269089169
2.099	 0.4971229470865358
2.098	 0.49707350068795836
2.097	 0.49703736946679344
2.096	 0.4970116383437133
2.095	 0.4969760267931119
2.094	 0.4969326869148666
2.093	 0.4969005282870463
2.092	 0.4968762545453171
2.091	 0.49684442731909767
2.09	 0.4968064279782548
2.089	 0.4967772901579904
2.088	 0.49675475368785993
2.087	 0.49672691591682616
2.086	 0.4966953649276356
2.085	 0.4966681118724554
2.084	 0.49664587394169507
2.083	 0.4966190904824299
2.082	 0.49659064905276296
2.081	 0.49656641713561733
2.08	 0.4965451687094884
2.079	 0.4965225610425808
2.078	 0.49649972894294137
2.077	 0.4964782942808695
2.076	 0.49645819106807354
2.075	 0.49643751481423243
2.074	 0.49641484687319726
2.073	 0.4963935136055411
2.072	 0.49638043954402256
2.071	 0.49635306139200824
2.07	 0.49633078105893075
2.069	 0.4963117441781841
2.068	 0.49630165554765415
2.067	 0.49627718662023973
2.066	 0.49626054079520787
2.065	 0.496244269776028
2.064	 0.49623653437562376
2.063	 0.49621173137032737
2.062	 0.49619641576929113
2.061	 0.49618268159044115
2.06	 0.4961763130773337
2.059	 0.4961535111089976
2.058	 0.4961382675895476
2.057	 0.4961237959115745
2.056	 0.4961180887268458
2.055	 0.49609518243008344
2.054	 0.4960803188515181
2.053	 0.49606727680532064
2.052	 0.49606378756450786
2.051	 0.49604410843488056
2.05	 0.49603356041716345
2.049	 0.4960244404155033
2.048	 0.4960131161433447
2.047	 0.4960024469404693
2.046	 0.49599280219503405
2.045	 0.49598313827668705
2.044	 0.4959729146581022
2.043	 0.49596303329657454
2.042	 0.49595536101497156
2.041	 0.49594681802120705
2.04	 0.4959376086672928
2.039	 0.4959299651382942
2.038	 0.4959225149966929
2.037	 0.49591596786752573
2.036	 0.49590917580912586
2.035	 0.4959035083217412
2.034	 0.4959001659189344
2.033	 0.49589582516411046
2.032	 0.4958929975425373
2.031	 0.4958899256720774
2.03	 0.49588622882494104
2.029	 0.49588307747205423
2.028	 0.49588146624017376
2.027	 0.4958790369130728
2.026	 0.4958779219561536
2.025	 0.49587654514767476
2.024	 0.4958745021412915
2.023	 0.49587420640741886
2.022	 0.4958747292434932
2.021	 0.49587610438691015
2.02	 0.4958793540116282
2.019	 0.495883266741261
2.018	 0.49588886597398185
2.017	 0.49589372586221125
2.016	 0.495900128295567
2.015	 0.49590596581551716
2.014	 0.4959113212995354
2.013	 0.4959169573063946
2.012	 0.4959245378141865
2.011	 0.49593165787738447
2.01	 0.4959415867069728
2.009	 0.49595001806549505
2.008	 0.4959587534329957
2.007	 0.4959680313593411
2.006	 0.4959798379625817
2.005	 0.4959933781814219
2.004	 0.49600699577513363
2.003	 0.4960183463535084
2.002	 0.4960313778810483
2.001	 0.49604650418527196
2.0	 0.4960625473403453
1.999	 0.49607777303472
1.998	 0.4961022383736348
1.997	 0.49611262664342043
1.996	 0.496134605062189
1.995	 0.49615238628702796
1.994	 0.4961805380351077
1.993	 0.4961930619157761
1.992	 0.49621610945616257
1.991	 0.4962338020746621
1.99	 0.49626279092108244
1.989	 0.49627976526476153
1.988	 0.4963076575087937
1.987	 0.4963274628650657
1.986	 0.49636122322162585
1.985	 0.4963817626352931
1.984	 0.49641484961287735
1.983	 0.49643778774714725
1.982	 0.4964742721171164
1.981	 0.49649905273601475
1.98	 0.4965373677173018
1.979	 0.4965631826298555
1.978	 0.49660237478489133
1.977	 0.49663020776341055
1.976	 0.4966737104905756
1.975	 0.49670217133619027
1.974	 0.49674483441756917
1.973	 0.49677577639304993
1.972	 0.49682342451974587
1.971	 0.49685291602949017
1.97	 0.49689894069711565
1.969	 0.49693452064688215
1.968	 0.4969880507800033
1.967	 0.4970190820823516
1.966	 0.4970689264898375
1.965	 0.4971073749229114
1.964	 0.49716518770708384
1.963	 0.49719796821150086
1.962	 0.4972490104987864
1.961	 0.49728931240757135
1.96	 0.49735177935603464
1.959	 0.49738592654161806
1.958	 0.4974406454616876
1.957	 0.4974859974451435
1.956	 0.4975544722325379
1.955	 0.4975900848901338
1.954	 0.4976477653653295
1.953	 0.4976975618221053
1.952	 0.49777248845434546
1.951	 0.49780933840511393
1.95	 0.49786823042612915
1.949	 0.49792391717819223
1.948	 0.4979957262366318
1.947	 0.4980364704275847
1.946	 0.49809431568527385
1.945	 0.49815331728590106
1.944	 0.4982302148053872
1.943	 0.49827261001579576
1.942	 0.498332466160821
1.941	 0.49839133536985797
1.94	 0.49846846464217537
1.939	 0.4985097692871318
1.938	 0.4985695724304759
1.937	 0.49862903336645964
1.936	 0.498708166056599
1.935	 0.4987488087715977
1.934	 0.49881000659900376
1.933	 0.49887232045098995
1.932	 0.498954098559963
1.931	 0.49899549044369007
1.93	 0.4990567066963204
1.929	 0.49911671399493357
1.928	 0.4991969608964293
1.927	 0.4992368827084517
1.926	 0.49929835530378297
1.925	 0.49935985639833985
1.924	 0.4994390188505687
1.923	 0.49949859324294715
1.922	 0.49953617928354543
1.921	 0.4995948007710766
1.92	 0.49967485985134463
1.919	 0.49973311632089146
1.918	 0.4997699600050625
1.917	 0.4998271361482055
1.916	 0.49990491333411385
1.915	 0.49996179054780515
1.914	 0.49999558197741073
1.913	 0.5000488330251828
1.912	 0.500121916865355
1.911	 0.5001731835322976
1.91	 0.500203341924338
1.909	 0.500252899033753
1.908	 0.5003211703403923
1.907	 0.5003696034359958
1.906	 0.5003958025858607
1.905	 0.5004411747602907
1.904	 0.5005059248210906
1.903	 0.5005494706260418
1.902	 0.5005705439206218
1.901	 0.5006118341356544
1.9	 0.5006712895937019
1.899	 0.5007093121683497
1.898	 0.5007246648516663
1.897	 0.5007593567208327
1.896	 0.5008136520844297
1.895	 0.5008463464256968
1.894	 0.5008577670819743
1.893	 0.5008865625566427
1.892	 0.5009335676559868
1.891	 0.5009608397323932
1.89	 0.500968259782332
1.889	 0.5009934079876834
1.888	 0.5010354501895153
1.887	 0.5010555796502549
1.886	 0.5010564514992321
1.885	 0.5010774049797072
1.884	 0.5011167722610365
1.883	 0.5011353117558814
1.882	 0.5011331554704702
1.881	 0.5011492318035706
1.88	 0.5011835253030159
1.879	 0.5011975475875434
1.878	 0.5011915036925688
1.877	 0.5012031960849043
1.876	 0.5012341511841011
1.875	 0.5012461377908889
1.874	 0.5012405783809561
1.873	 0.5012510892806049
1.872	 0.5012639163988125
1.871	 0.501291800498294
1.87	 0.50128436495061
1.869	 0.5012918546626872
1.868	 0.5013010382968273
1.867	 0.5013246940030547
1.866	 0.5013156779982911
1.865	 0.5013204870021855
1.864	 0.5013278495226505
1.863	 0.5013499535010243
1.862	 0.5013390180779628
1.861	 0.5013416847626962
1.86	 0.5013478405832991
1.859	 0.5013710734499474
1.858	 0.5013610741282378
1.857	 0.5013647431134558
1.856	 0.5013714930607166
1.855	 0.5013916436181862
1.854	 0.5013814936176244
1.853	 0.5013843794403805
1.852	 0.5013894008505423
1.851	 0.5014069879035816
1.85	 0.5013955883341781
1.849	 0.5013971163256041
1.848	 0.5014021457448381
1.847	 0.5014205019631491
1.846	 0.5014094115381009
1.845	 0.501411691745914
1.844	 0.5014159293419495
1.843	 0.5014312428046295
1.842	 0.5014194058663908
1.841	 0.5014190246474103
1.84	 0.501422650561144
1.839	 0.5014363592017986
1.838	 0.5014253625687107
1.837	 0.5014250935653447
1.836	 0.501427945917941
1.835	 0.5014396220846724
1.834	 0.5014285525464727
1.833	 0.5014256575714262
1.832	 0.50142749252644
1.831	 0.501436618103368
1.83	 0.5014255810786751
1.829	 0.5014226684590001
1.828	 0.5014230792423627
1.827	 0.5014308793800795
1.826	 0.5014201591932652
1.825	 0.5014174035884505
1.824	 0.5014171755706789
1.823	 0.5014264574312811
1.822	 0.5014151850182078
1.821	 0.5014132700785856
1.82	 0.5014109120328295
1.819	 0.5014146197149392
1.818	 0.5014031640342215
1.817	 0.5013994861528588
1.816	 0.5013948030254702
1.815	 0.5013978929631534
1.814	 0.5013861858715999
1.813	 0.5013819312561674
1.812	 0.5013769227238541
1.811	 0.5013775334573939
1.81	 0.5013641440731271
1.809	 0.5013583042487292
1.808	 0.5013520044322394
1.807	 0.5013509904695173
1.806	 0.5013389116583004
1.805	 0.5013311013862887
1.804	 0.5013217470464923
1.803	 0.5013185681716448
1.802	 0.5013065787939436
1.801	 0.5012993701655222
1.8	 0.5012899014029774
1.799	 0.5012825380629716
1.798	 0.5012718948095963
1.797	 0.5012650090206993
1.796	 0.5012534941590188
1.795	 0.5012438718134338
1.794	 0.501233549286207
1.793	 0.501224021565131
1.792	 0.5012126118207418
1.791	 0.501203113362534
1.79	 0.5011924543107632
1.789	 0.5011797237244336
1.788	 0.5011683584113348
1.787	 0.5011549510011604
1.786	 0.5011428313253744
1.785	 0.501128136109281
1.784	 0.5011174723981163
1.783	 0.5011013403984856
1.782	 0.50109048968934
1.781	 0.5010722252120021
1.78	 0.5010613214324142
1.779	 0.501042869842466
1.778	 0.5010337457828815
1.777	 0.5010152619883286
1.776	 0.5010056034873143
1.775	 0.5009828963073923
1.774	 0.5009721075796948
1.773	 0.5009503715697781
1.772	 0.5009405465510669
1.771	 0.500916053681126
1.77	 0.500905820797578
1.769	 0.5008820935064142
1.768	 0.5008728557928387
1.767	 0.500846887634573
1.766	 0.5008359186896303
1.765	 0.5008085105528811
1.764	 0.5007985384401963
1.763	 0.5007687646763648
1.762	 0.5007582485457921
1.761	 0.5007301684999197
1.76	 0.500720001757661
1.759	 0.5006891215674528
1.758	 0.5006789934926171
1.757	 0.5006478936197584
1.756	 0.5006383846446287
1.755	 0.5006052645948832
1.754	 0.5005957991681342
1.753	 0.5005597060290257
1.752	 0.5005491750268909
1.751	 0.5005134245426491
1.75	 0.5005039128103093
1.749	 0.50048561731081
1.748	 0.5004594486066692
1.747	 0.5004417602869199
1.746	 0.500414549260731
1.745	 0.5003950232811029
1.744	 0.5003659225429335
1.743	 0.5003447621247354
1.742	 0.5003169121212526
1.741	 0.5002959104158237
1.74	 0.5002686965537569
1.739	 0.500247775353402
1.738	 0.500219863723358
1.737	 0.500199023445104
1.736	 0.5001716612981142
1.735	 0.5001510044956198
1.734	 0.5001230857471649
1.733	 0.5000997793629587
1.732	 0.5000692835522517
1.731	 0.5000471360966589
1.73	 0.5000172445443952
1.729	 0.4999965559729226
1.728	 0.49996780879663233
1.727	 0.4999454685961353
1.726	 0.49991594642596726
1.725	 0.4998922353648717
1.724	 0.4998622319167981
1.723	 0.4998400474800312
1.722	 0.49980888526962947
1.721	 0.4997879810542218
1.72	 0.4997573812870417
1.719	 0.49973545062961616
1.718	 0.49970469755383445
1.717	 0.49968263002033125
1.716	 0.4996512641118819
1.715	 0.499628683425162
1.714	 0.4995983265814094
1.713	 0.49957735363634725
1.712	 0.4995475473606056
1.711	 0.4995272181056048
1.71	 0.4994996937720669
1.709	 0.4994805619811564
1.708	 0.49945445789634657
1.707	 0.49943649325110023
1.706	 0.4994090125724404
1.705	 0.499391941762157
1.704	 0.4993660843452515
1.703	 0.4993495291494162
1.702	 0.4993235875348932
1.701	 0.49930803706043475
1.7	 0.4992831077048701
1.699	 0.4992637522733754
1.698	 0.49924496433492876
1.697	 0.4992270354036844
1.696	 0.4992084925384911
1.695	 0.499192021519305
1.694	 0.49917597880426107
1.693	 0.49916178643012277
1.692	 0.49914763554815833
1.691	 0.4991328849025293
1.69	 0.4991162549764825
1.689	 0.49910136752154716
1.688	 0.4990892070650509
1.687	 0.49907813494970765
1.686	 0.49906879858767667
1.685	 0.4990573959648085
1.684	 0.4990456253414157
1.683	 0.4990349080437773
1.682	 0.49902447167625796
1.681	 0.49901420898256915
1.68	 0.49900420053635225
1.679	 0.49899488547333437
1.678	 0.49898624670385194
1.677	 0.4989781546517668
1.676	 0.4989695000119273
1.675	 0.49896040625156934
1.674	 0.498951121989999
1.673	 0.4989423270926466
1.672	 0.49893367411439676
1.671	 0.49892499774480953
1.67	 0.4989172321569341
1.669	 0.4989092246634937
1.668	 0.49890412341613705
1.667	 0.49889610645420407
1.666	 0.49889028125755097
1.665	 0.49888221375369557
1.664	 0.4988773074329792
1.663	 0.4988693343172499
1.662	 0.4988653687734568
1.661	 0.4988563556996161
1.66	 0.49885055985796906
1.659	 0.4988403479573825
1.658	 0.4988348047860184
1.657	 0.49882660003485657
1.656	 0.49882136477280736
1.655	 0.4988125391097784
1.654	 0.4988077775342065
1.653	 0.4987995984107389
1.652	 0.4987952340668639
1.651	 0.4987860529538896
1.65	 0.4987816833509212
1.649	 0.49877268090529864
1.648	 0.49876661129624544
1.647	 0.49875708993602413
1.646	 0.49875145779955876
1.645	 0.4987416412676267
1.644	 0.4987370872280364
1.643	 0.4987297822299756
1.642	 0.49872597663336793
1.641	 0.4987181266611153
1.64	 0.49871384769168015
1.639	 0.4987052926264854
1.638	 0.49870101825669877
1.637	 0.49869277282204366
1.636	 0.49868893994794894
1.635	 0.4986810746053372
1.634	 0.4986773620703041
1.633	 0.4986704704710542
1.632	 0.49866625791342595
1.631	 0.4986581753491313
1.63	 0.4986545765780527
1.629	 0.4986475813726198
1.628	 0.49864458035643966
1.627	 0.49863758847349465
1.626	 0.49863385707430813
1.625	 0.49862682378337086
1.624	 0.49862492398212216
1.623	 0.49861577662331397
1.622	 0.49861445471439536
1.621	 0.4986050630933076
1.62	 0.49860337224102447
1.619	 0.49859558330776504
1.618	 0.49859480044913246
1.617	 0.4985852541578191
1.616	 0.4985848842037597
1.615	 0.4985775212370093
1.614	 0.4985758687652637
1.613	 0.4985676075286334
1.612	 0.49856658069559834
1.611	 0.49855906381574533
1.61	 0.49855906899798835
1.609	 0.4985544070033058
1.608	 0.4985535143169549
1.607	 0.4985457342556908
1.606	 0.49854486975193685
1.605	 0.49853901841353043
1.604	 0.49853856065504915
1.603	 0.4985336007487428
1.602	 0.498533274508322
1.601	 0.49852906437010575
1.6	 0.4985283249672542
1.599	 0.49852499764077973
1.598	 0.49852357602195946
1.597	 0.49851709858358206
1.596	 0.4985153706965644
1.595	 0.4985108395088649
1.594	 0.49850938247959653
1.593	 0.49850588915547506
1.592	 0.4985055512496268
1.591	 0.4985009302348165
1.59	 0.4984993903241388
1.589	 0.49849662324451405
1.588	 0.49849704568606645
1.587	 0.4984938043747351
1.586	 0.4984951410588774
1.585	 0.4984946876375954
1.584	 0.49849461457947297
1.583	 0.4984925236943651
1.582	 0.4984923744249622
1.581	 0.49849090243846367
1.58	 0.4984917390523332
1.579	 0.49849089705426325
1.578	 0.4984899422984808
1.577	 0.4984871809932562
1.576	 0.4984858891341048
1.575	 0.4984841409459886
1.574	 0.4984840647278362
1.573	 0.49848329178821843
1.572	 0.49848184941618123
1.571	 0.49848113700795366
1.57	 0.4984814676801835
1.569	 0.49847994844233723
1.568	 0.498478944971978
1.567	 0.49847907117300755
1.566	 0.49847889988436667
1.565	 0.4984781717275287
1.564	 0.4984770771860723
1.563	 0.49847682753830636
1.562	 0.4984778800655389
1.561	 0.4984782114194105
1.56	 0.4984784604216211
1.559	 0.49847747128421316
1.558	 0.49847759080408044
1.557	 0.49847720991057076
1.556	 0.4984776344910216
1.555	 0.4984759600363005
1.554	 0.49847459958706497
1.553	 0.49847369320071594
1.552	 0.49847437304253267
1.551	 0.4984737040328956
1.55	 0.49847418051310943
1.549	 0.4984753784109084
1.548	 0.4984733011714816
1.547	 0.4984739461483204
1.546	 0.49847204371350884
1.545	 0.4984734688465124
1.544	 0.4984712659997105
1.543	 0.49847288120929495
1.542	 0.49846987734951376
1.541	 0.49847109651164534
1.54	 0.4984687110332338
1.539	 0.4984722050396243
1.538	 0.4984695745237692
1.537	 0.49847110680959705
1.536	 0.4984680863578916
1.535	 0.49847026308423836
1.534	 0.49846724809677145
1.533	 0.4984696616146353
1.532	 0.4984666170124242
1.531	 0.4984697040183673
1.53	 0.4984682355423758
1.529	 0.4984704364148113
1.528	 0.49846842110890915
1.527	 0.49847164220850404
1.526	 0.49846915876150855
1.525	 0.49847414684481484
1.524	 0.4984729907183122
1.523	 0.4984776364184622
1.522	 0.4984771414160778
1.521	 0.49848108405705405
1.52	 0.4984785376549229
1.519	 0.49848334433069064
1.518	 0.4984818984565956
1.517	 0.4984870603220597
1.516	 0.4984861877419826
1.515	 0.4984931008449203
1.514	 0.49849042118978476
1.513	 0.49849592063061854
1.512	 0.4984945378272368
1.511	 0.4985005019399356
1.51	 0.49849809618137764
1.509	 0.49850322908848854
1.508	 0.4985024752144237
1.507	 0.4985088639741913
1.506	 0.4985080015205823
1.505	 0.49851352992259484
1.504	 0.49851284789052813
1.503	 0.49851930412116074
1.502	 0.49851917830586845
1.501	 0.49852689426271957
1.5	 0.498527041553731
1.499	 0.49853328550235604
1.498	 0.49853503525639253
1.497	 0.4985412247696001
1.496	 0.49854391418015576
1.495	 0.4985504897469193
1.494	 0.49855030081953905
1.493	 0.49855527033445796
1.492	 0.4985544810772476
1.491	 0.49856152480305027
1.49	 0.4985615217542782
1.489	 0.49856998825234844
1.488	 0.49856453680737883
1.487	 0.4985701254340249
1.486	 0.4985682432714704
1.485	 0.49857398510192663
1.484	 0.4985749949849847
1.483	 0.49858226169395303
1.482	 0.49858255490375136
1.481	 0.4985899465977873
1.48	 0.4985905639480674
1.479	 0.49859792940714
1.478	 0.4985974051313098
1.477	 0.4986041847589172
1.476	 0.498605213174303
1.475	 0.49861360622496503
1.474	 0.49861503340041563
1.473	 0.49862354396334385
1.472	 0.49862612488025865
1.471	 0.4986350779265897
1.47	 0.49863803131947876
1.469	 0.49864699810885527
1.468	 0.4986468784361806
1.467	 0.49865485700191875
1.466	 0.49865511303937426
1.465	 0.49866373472460807
1.464	 0.49866341445057955
1.463	 0.4986719862338523
1.462	 0.4986722478258725
1.461	 0.4986818726567283
1.46	 0.49868328055734223
1.459	 0.49869366817382493
1.458	 0.4986945003678283
1.457	 0.4987029044907775
1.456	 0.4987022022164601
1.455	 0.49871125176199144
1.454	 0.4987118873250258
1.453	 0.49872011148830675
1.452	 0.4987204165179098
1.451	 0.4987299911198371
1.45	 0.4987297616357578
1.449	 0.4987344834170028
1.448	 0.4987389691855031
1.447	 0.4987431120814538
1.446	 0.49874819364479434
1.445	 0.498752966090104
1.444	 0.4987582193817048
1.443	 0.49876072575000174
1.442	 0.49876410575321806
1.441	 0.49876697186735536
1.44	 0.49877039688233843
1.439	 0.4987746121108902
1.438	 0.49877883431250136
1.437	 0.49878247911794177
1.436	 0.4987867551348184
1.435	 0.4987896583173121
1.434	 0.4987939223038153
1.433	 0.4987970403348742
1.432	 0.49880043312059863
1.431	 0.49880379708371075
1.43	 0.49880721157762775
1.429	 0.49880890155705965
1.428	 0.4988106605631648
1.427	 0.49881174959367325
1.426	 0.49881366140493183
1.425	 0.49881499192817236
1.424	 0.49882107362726014
1.423	 0.4988168238896815
1.422	 0.49882215488662385
1.421	 0.4988189510965297
1.42	 0.49882498909095896
1.419	 0.4988206784667745
1.418	 0.4988260621596961
1.417	 0.49882284529986204
1.416	 0.4988263012295603
1.415	 0.49882058998294665
1.414	 0.4988252455694231
1.413	 0.49882058886750463
1.412	 0.49882600042728215
1.411	 0.49882113664591154
1.41	 0.4988233672030444
1.409	 0.49881641037911134
1.408	 0.49882045129898034
1.407	 0.498815677672694
1.406	 0.49881891275340073
1.405	 0.49881194530012646
1.404	 0.4988138777813934
1.403	 0.4988053973217077
1.402	 0.4988047310351396
1.401	 0.4987959752751035
1.4	 0.4987971619393142
1.399	 0.49878808644967293
1.398	 0.4987887191354084
1.397	 0.498780069487635
1.396	 0.49878112003700514
1.395	 0.49877201650899394
1.394	 0.4987727412439014
1.393	 0.4987629499037415
1.392	 0.4987625460856187
1.391	 0.4987533971136801
1.39	 0.4987533270604192
1.389	 0.4987427333381677
1.388	 0.4987408539843852
1.387	 0.4987311249796392
1.386	 0.49872738038302666
1.385	 0.4987147264255056
1.384	 0.49871164210890784
1.383	 0.49870085398466696
1.382	 0.49869787110458397
1.381	 0.4986864230440761
1.38	 0.4986822570181472
1.379	 0.4986700529074413
1.378	 0.49866784854582313
1.377	 0.49865529232846845
1.376	 0.4986521676971223
1.375	 0.49864114531671216
1.374	 0.4986399768951017
1.373	 0.49862453936886963
1.372	 0.4986237484234898
1.371	 0.49860949877949007
1.37	 0.4986080300617508
1.369	 0.4985931606462361
1.368	 0.4985925686220259
1.367	 0.4985763998440583
1.366	 0.49857403013444923
1.365	 0.49855911954349524
1.364	 0.4985589414960923
1.363	 0.4985455512768077
1.362	 0.4985438296579659
1.361	 0.4985283195395851
1.36	 0.4985265297813747
1.359	 0.4985111441187368
1.358	 0.4985103925297413
1.357	 0.49849548670520843
1.356	 0.49849384342811504
1.355	 0.4984801156780242
1.354	 0.4984812689334886
1.353	 0.49846767267687186
1.352	 0.4984670920567735
1.351	 0.49845383994100323
1.35	 0.4984534398232439
1.349	 0.49843767508071
1.348	 0.49843714518591026
1.347	 0.49842252132286335
1.346	 0.49842248970134073
1.345	 0.4984095426062607
1.344	 0.4984091097515729
1.343	 0.49839537810809076
1.342	 0.4983958128437309
1.341	 0.4983810125505981
1.34	 0.4983804680342515
1.339	 0.4983646771355066
1.338	 0.49836307920618816
1.337	 0.4983477562617065
1.336	 0.49834796631818146
1.335	 0.4983331514610667
1.334	 0.4983324632946652
1.333	 0.4983190335942271
1.332	 0.49831981246002766
1.331	 0.4983053447541632
1.33	 0.4983044394431756
1.329	 0.498288407479678
1.328	 0.49828800977857696
1.327	 0.4982720243233579
1.326	 0.49827168963780677
1.325	 0.4982561639285646
1.324	 0.49824587765014455
1.323	 0.49823726958688
1.322	 0.49822876749977313
1.321	 0.49821980702092167
1.32	 0.49821199472425737
1.319	 0.49820427777035375
1.318	 0.4981949220853934
1.317	 0.498186264668653
1.316	 0.49817732765265
1.315	 0.4981674080439684
1.314	 0.4981590268001145
1.313	 0.4981517579911878
1.312	 0.49814347618369104
1.311	 0.4981340233550164
1.31	 0.49812481027136307
1.309	 0.49811659536529507
1.308	 0.49810661524902766
1.307	 0.4980961876329003
1.306	 0.49808570237101224
1.305	 0.498076407405347
1.304	 0.49806659780445944
1.303	 0.4980571176187922
1.302	 0.49804728964000783
1.301	 0.4980376193035063
1.3	 0.49802765546052224
1.299	 0.4980197879550121
1.298	 0.4980059131211322
1.297	 0.49799690010209025
1.296	 0.49798341869703194
1.295	 0.4979744520835981
1.294	 0.49796138142726554
1.293	 0.4979545833998851
1.292	 0.497942727849847
1.291	 0.497934894301814
1.29	 0.4979243789203806
1.289	 0.4979225792498587
1.288	 0.49791529959741004
1.287	 0.49790938241149163
1.286	 0.4978969426541367
1.285	 0.49788867709968454
1.284	 0.49787683885400824
1.283	 0.4978673398271301
1.282	 0.49785540079885454
1.281	 0.4978471523741339
1.28	 0.4978353049607925
1.279	 0.49782671910480697
1.278	 0.4978150585802669
1.277	 0.497806278697287
1.276	 0.49779333063903175
1.275	 0.4977830880357922
1.274	 0.4977707375885103
1.273	 0.4977596109600375
1.272	 0.4977458681504749
1.271	 0.49773375844084317
1.27	 0.49771954837913746
1.269	 0.49770870363298075
1.268	 0.4976961909287809
1.267	 0.497687534872571
1.266	 0.4976757099543434
1.265	 0.4976655874169633
1.264	 0.4976537702475561
1.263	 0.49764455000199415
1.262	 0.4976322833239929
1.261	 0.49762096982830184
1.26	 0.49760816506540284
1.259	 0.4975969607934475
1.258	 0.4975843715883463
1.257	 0.4975752335020797
1.256	 0.4975636607172585
1.255	 0.4975530550335851
1.254	 0.49754013277369935
1.253	 0.49752937626277854
1.252	 0.4975167144318863
1.251	 0.49750524714232763
1.25	 0.4974921351520232
1.249	 0.497489850818336
1.248	 0.49746756371453954
1.247	 0.4974659398172375
1.246	 0.49744442370842856
1.245	 0.4974423640250808
1.244	 0.49742049983821246
1.243	 0.4974186156685447
1.242	 0.49739774086423477
1.241	 0.4973966918354157
1.24	 0.4973751208038161
1.239	 0.49737299627915565
1.238	 0.49734996547316707
1.237	 0.4973478947269082
1.236	 0.4973243030494241
1.235	 0.49732183062304336
1.234	 0.4972986054537891
1.233	 0.4972957075677526
1.232	 0.49727160526750874
1.231	 0.49726957708667574
1.23	 0.4972461100555415
1.229	 0.49724467356363156
1.228	 0.49722313083991027
1.227	 0.4972222356609905
1.226	 0.4971997224913134
1.225	 0.49719893613599436
1.224	 0.4971776581945334
1.223	 0.49717792625413354
1.222	 0.49715482916403153
1.221	 0.4971534382001237
1.22	 0.49712936367188515
1.219	 0.49712877141885586
1.218	 0.4971058386928446
1.217	 0.49710415331715674
1.216	 0.4970813861584911
1.215	 0.497082319030169
1.214	 0.49706084257234284
1.213	 0.4970611992576095
1.212	 0.4970371285542111
1.211	 0.4970355594840227
1.21	 0.49701169967993764
1.209	 0.4970120194790075
1.208	 0.4969883019841602
1.207	 0.49698685091591654
1.206	 0.49696331479492395
1.205	 0.4969637616414322
1.204	 0.49694183032093897
1.203	 0.49694309062309566
1.202	 0.4969211266209437
1.201	 0.49692313331819327
1.2	 0.49690038241705
1.199	 0.4969013884564412
1.198	 0.4968785526515019
1.197	 0.4968804147819971
1.196	 0.4968570686022486
1.195	 0.4968595504815795
1.194	 0.49683518235327473
1.193	 0.49683675978754127
1.192	 0.4968131392032017
1.191	 0.49681460418037987
1.19	 0.4967898670131624
1.189	 0.4967923681556173
1.188	 0.49676778742034683
1.187	 0.49677014932958424
1.186	 0.49674518106755244
1.185	 0.4967490202251764
1.184	 0.4967251239350561
1.183	 0.4967274463485343
1.182	 0.4967023648805152
1.181	 0.4967052201731193
1.18	 0.4966787702738441
1.179	 0.49668157984502814
1.178	 0.49665597744911777
1.177	 0.496658611899779
1.176	 0.496634326626863
1.175	 0.49663623288665565
1.174	 0.49661428745483494
1.173	 0.49661164018605336
1.172	 0.49659172877264
1.171	 0.4965880975634989
1.17	 0.4965671531149575
1.169	 0.4965640016060022
1.168	 0.4965417984177795
1.167	 0.4965381937259747
1.166	 0.49651785060674586
1.165	 0.4965146339683042
1.164	 0.49649080604417123
1.163	 0.49648620430405804
1.162	 0.4964609114775698
1.161	 0.49645650718599926
1.16	 0.4964336289413739
1.159	 0.4964300609553461
1.158	 0.49640615545391475
1.157	 0.49640178783877154
1.156	 0.4963764489740798
1.155	 0.4963714515549871
1.154	 0.49634245489035883
1.153	 0.4963384789144551
1.152	 0.49630885004186853
1.151	 0.4963033569866284
1.15	 0.4962748089384279
1.149	 0.49627041310745845
1.148	 0.4962415218197514
1.147	 0.49623729689259954
1.146	 0.4962066878048929
1.145	 0.4962008323817477
1.144	 0.4961686964449771
1.143	 0.4961635249924883
1.142	 0.4961306371965335
1.141	 0.4961258623283229
1.14	 0.49609348372992645
1.139	 0.49608758278853005
1.138	 0.4960550463086761
1.137	 0.4960292587813166
1.136	 0.49601472712313444
1.135	 0.4959869036254096
1.134	 0.4959721992085323
1.133	 0.4959448228940885
1.132	 0.4959286743588462
1.131	 0.4958999667859964
1.13	 0.4958849629823947
1.129	 0.4958572814975402
1.128	 0.4958419636044769
1.127	 0.4958127075509756
1.126	 0.49579445277083223
1.125	 0.4957634296499717
1.124	 0.49576548067149495
1.123	 0.49571804227130095
1.122	 0.4957178124364016
1.121	 0.4956682990253897
1.12	 0.4956685388974657
1.119	 0.4956159377926081
1.118	 0.49561619987005107
1.117	 0.4955645351471563
1.116	 0.4955642697124992
1.115	 0.4955114550677895
1.114	 0.4955111237904478
1.113	 0.4954552822152338
1.112	 0.49545375147283655
1.111	 0.4953951739134744
1.11	 0.4953953940498401
1.109	 0.4953354743779988
1.108	 0.4953345501426607
1.107	 0.4952739994630626
1.106	 0.49527304230472846
1.105	 0.4952107088564558
1.104	 0.49520913509396586
1.103	 0.4951441209238009
1.102	 0.49514245950237185
1.101	 0.495074306274166
1.1	 0.49507220021030274
1.099	 0.4950028688343073
1.098	 0.495002142662077
1.097	 0.4949312799569349
1.096	 0.4949293073230143
1.095	 0.4948570855831954
1.094	 0.4948559391957568
1.093	 0.49478028061936824
1.092	 0.4947770601278675
1.091	 0.4946972714791339
1.09	 0.494693905582293
1.089	 0.4946101612002992
1.088	 0.4946020956267735
1.087	 0.4945182980412602
1.086	 0.49451437212409965
1.085	 0.49442943070872447
1.084	 0.49442504408814164
1.083	 0.49433566538775214
1.082	 0.4943305944057717
1.081	 0.49423841845470573
1.08	 0.49423281088608223
1.079	 0.4941369972908337
1.078	 0.49413178447206507
1.077	 0.49403389622807653
1.076	 0.4940291462609033
1.075	 0.49392822901672956
1.074	 0.4939224770283595
1.073	 0.4938177041235514
1.072	 0.49381298663932893
1.071	 0.49370490613017076
1.07	 0.49370004138834267
1.069	 0.49358912008565137
1.068	 0.4935827919340152
1.067	 0.4934662229505862
1.066	 0.4934575004755812
1.065	 0.49333678871707226
1.064	 0.4933285476549858
1.063	 0.49320344433361263
1.062	 0.4931943614991621
1.061	 0.49306623723260434
1.06	 0.49305738939657223
1.059	 0.49292448664871885
1.058	 0.49291532326655124
1.057	 0.49277664625457795
1.056	 0.4927653348273074
1.055	 0.4926218087077011
1.054	 0.49261092995723615
1.053	 0.4924625030934288
1.052	 0.4924504311282725
1.051	 0.49229626346419997
1.05	 0.49228526429708275
1.049	 0.4921343159108053
1.048	 0.4921146016876089
1.047	 0.4919578361326245
1.046	 0.49193672576080805
1.045	 0.4917735260398989
1.044	 0.4917515494694698
1.043	 0.4915818205253747
1.042	 0.49155905915827197
1.041	 0.49138148399383436
1.04	 0.49135841192687824
1.039	 0.4911758237640453
1.038	 0.4911517257903593
1.037	 0.4909616936166629
1.036	 0.4909370889194833
1.035	 0.49073975144419674
1.034	 0.49071361295182764
1.033	 0.49050776240990557
1.032	 0.4904809980356839
1.031	 0.4902650797126892
1.03	 0.4902371320914854
1.029	 0.4900119219911399
1.028	 0.4899817992341042
1.027	 0.4897447674497083
1.026	 0.4897145232268268
1.025	 0.489465765764916
1.024	 0.48943353800658873
1.023	 0.48917386281727093
1.022	 0.4891414531092775
1.021	 0.488869556439174
1.02	 0.48883537129587135
1.019	 0.4885490683312999
1.018	 0.48851306969585057
1.017	 0.4882097035567733
1.016	 0.4881715086071583
1.015	 0.48785057437190843
1.014	 0.4878112978991694
1.013	 0.48747207111903956
1.012	 0.48726633854978957
1.011	 0.48707303620555453
1.01	 0.48685631682769615
1.009	 0.48665131699751124
1.008	 0.48642080554949135
1.007	 0.4862012984979923
1.006	 0.48595611702571545
1.005	 0.4857210063677626
1.004	 0.4854606339894336
1.003	 0.485209579114498
1.002	 0.48493336376234925
1.001	 0.4846656340565083
1.0	 0.48437065077093777
0.999	 0.48408518473596407
0.998	 0.4837722984699508
0.997	 0.4834670666963595
0.996	 0.48313381261927946
0.995	 0.48280859863273734
0.994	 0.4824546320345869
0.993	 0.48210834682565745
0.992	 0.48173185045178585
0.991	 0.4813634937775201
0.99	 0.4809651399902809
0.989	 0.48057462382807975
0.988	 0.48015397212804445
0.987	 0.4797393484868073
0.986	 0.4792944418299177
0.985	 0.47885567303994586
0.984	 0.4783860827288161
0.983	 0.4779234392887039
0.982	 0.47743018981764906
0.981	 0.4769447692704386
0.98	 0.47642867508214715
0.979	 0.4759203939828058
0.978	 0.47538081400473176
0.977	 0.4748496020795152
0.976	 0.4742876385609942
0.975	 0.4737363230698883
0.974	 0.4731550280786269
0.973	 0.4725820341776993
0.972	 0.4719792634323665
0.971	 0.47138803274971525
0.97	 0.47076741008335704
0.969	 0.4701580576661792
0.968	 0.4695192829747434
0.967	 0.4688928911640591
0.966	 0.468237433857801
0.965	 0.4675951602262713
0.964	 0.466925766042929
0.963	 0.4662709556053686
0.962	 0.46558698008446403
0.961	 0.464917655244892
0.96	 0.464219142196545
0.959	 0.4635346886769302
0.958	 0.4628220636683871
0.957	 0.4621264002950317
0.956	 0.46140225192729545
0.955	 0.46069519546567983
0.954	 0.45996036555517195
0.953	 0.45924233373765133
0.952	 0.45849650324345714
0.951	 0.45776847051212355
0.95	 0.45701075195891644
0.949	 0.456270609396155
0.948	 0.45550272470744557
0.947	 0.45475207355261216
0.946	 0.45397344539310275
0.945	 0.453214983808199
0.944	 0.4524274959880919
0.943	 0.4516594659435118
0.942	 0.4508626943624888
0.941	 0.45008520689303455
0.94	 0.44927950323739974
0.939	 0.44849457345990584
0.938	 0.4476805924071287
0.937	 0.4474488181189327
0.936	 0.4466383585303049
0.935	 0.4458244416860806
0.934	 0.44500663491326065
0.933	 0.4441835057114309
0.932	 0.443356053742523
0.931	 0.44252580502918404
0.93	 0.4416918673570293
0.929	 0.4408529975303536
0.928	 0.44001029883843673
0.927	 0.43916397813155356
0.926	 0.4383157754216279
0.925	 0.437464713422274
0.924	 0.4366221059103884
0.923	 0.4357496002511806
0.922	 0.43490003965071716
0.921	 0.4340203796378439
0.92	 0.43316586823712167
0.919	 0.4322804817560738
0.918	 0.43141875725327905
0.917	 0.43052568781330564
0.916	 0.42965764123611566
0.915	 0.42875832717149176
0.914	 0.4278846706230455
0.913	 0.42697927087910553
0.912	 0.42610237816782687
0.911	 0.4251932107828547
0.91	 0.42431052895996996
0.909	 0.42339564298970045
0.908	 0.42250818963740244
0.907	 0.42158712886782185
0.906	 0.42069454386822475
0.905	 0.419767736949958
0.904	 0.41887080413251776
0.903	 0.4179399359417164
0.902	 0.41703929062265077
0.901	 0.4161053443006944
0.9	 0.4152011685492729
0.899	 0.41426159897973786
0.898	 0.413351509820011
0.897	 0.41240783110749984
0.896	 0.4114954689206236
0.895	 0.4105463601863654
0.894	 0.4096287369014578
0.893	 0.4086763537314286
0.892	 0.4077565265753092
0.891	 0.4068005191869056
0.89	 0.4058789487067468
0.889	 0.4049190374022021
0.888	 0.4039918283386519
0.887	 0.40254851916359313
0.886	 0.4016214627656646
0.885	 0.4006564238622574
0.884	 0.39972728377451217
0.883	 0.39875909720446173
0.882	 0.39782741107121933
0.881	 0.39685512628261504
0.88	 0.3959222071941422
0.879	 0.39494867899466785
0.878	 0.3940128476328412
0.877	 0.3930358553889454
0.876	 0.3920969913684649
0.875	 0.3911169808331891
0.874	 0.3901775987689398
0.873	 0.38919609103779773
0.872	 0.38825428927632283
0.871	 0.38727011579625203
0.87	 0.3863269381807632
0.869	 0.3853400999295522
0.868	 0.3843949487193635
0.867	 0.3834063044498505
0.866	 0.3824615955572361
0.865	 0.3814715540422373
0.864	 0.38052773007815993
0.863	 0.37953522726729916
0.862	 0.37858881398697086
0.861	 0.3775944624924637
0.86	 0.3766477494933143
0.859	 0.3756534027728782
0.858	 0.37470729277214515
0.857	 0.3737123929675577
0.856	 0.37276750680112314
0.855	 0.37177186405552437
0.854	 0.37082803400364284
0.853	 0.3698319243451549
0.852	 0.36888974833226207
0.851	 0.3678941436102572
0.85	 0.36695108294667295
0.849	 0.36595525830755227
0.848	 0.36501345198391605
0.847	 0.3640165633051895
0.846	 0.36307730014253675
0.845	 0.3620823643981924
0.844	 0.3611465872354215
0.843	 0.3601526033012303
0.842	 0.359219550720686
0.841	 0.35822848286165554
0.84	 0.3572987451120675
0.839	 0.3563092909862394
0.838	 0.3553834235610239
0.837	 0.354396605378469
0.836	 0.3534756836775531
0.835	 0.3524928182205177
0.834	 0.3515782312995039
0.833	 0.3505999600051232
0.832	 0.3496914538372963
0.831	 0.3487181820668848
0.83	 0.34781762976031977
0.829	 0.34685063802384963
0.828	 0.34595967386437343
0.827	 0.3450005081968896
0.826	 0.344119052239818
0.825	 0.3431684393816427
0.824	 0.3422984093175427
0.823	 0.34135712115462963
0.822	 0.340499814376403
0.821	 0.3395709309055309
0.82	 0.3387285465598434
0.819	 0.3378122013595045
0.818	 0.3369867468845299
0.817	 0.33608584158677285
0.816	 0.33527937658342855
0.815	 0.33439540285517355
0.814	 0.33361062112555745
0.813	 0.33274666566077327
0.812	 0.3321091327624103
0.811	 0.3313092152782966
0.81	 0.3305219406145279
0.809	 0.32974766304285463
0.808	 0.32898921231539535
0.807	 0.3282461644289176
0.806	 0.3275199944736845
0.805	 0.3268103595998261
0.804	 0.32611826322267096
0.803	 0.32544527612068663
0.802	 0.3247918630207801
0.801	 0.32415857850070273
0.8	 0.32354728444180064
0.799	 0.3229589407894793
0.798	 0.3223933970126318
0.797	 0.3218520995416637
0.796	 0.32133632304154447
0.795	 0.32084539354944625
0.794	 0.32038075671509125
0.793	 0.3199436230373343
0.792	 0.3195347461870599
0.791	 0.3191531292811447
0.79	 0.3188007942406018
0.789	 0.3184769964240802
0.788	 0.31818355908859075
0.787	 0.31792028714604564
0.786	 0.3176881117417022
0.785	 0.3174870635636357
0.784	 0.3173171192005499
0.783	 0.3171782244983785
0.782	 0.3170697652102463
0.781	 0.3169908459248952
0.78	 0.31694161178031754
0.779	 0.3169223095387289
0.778	 0.316932937140874
0.777	 0.3169717938937048
0.776	 0.31703910653517053
0.775	 0.3171337811256172
0.774	 0.3172545766209308
0.773	 0.317401875385764
0.772	 0.31757509638070297
0.771	 0.31777265301894864
0.77	 0.31799342077529474
0.769	 0.3182367509966693
0.768	 0.31850298970310414
0.767	 0.3187909114228497
0.766	 0.3190999117005209
0.765	 0.3194280438948434
0.764	 0.3197739845268132
0.763	 0.3201385374888984
0.762	 0.3205210280379663
0.761	 0.320923150639406
0.76	 0.3213427389686008
0.759	 0.32177866423929496
0.758	 0.3222314121046846
0.757	 0.32269895293713385
0.756	 0.32318138903510996
0.755	 0.3236791050392474
0.754	 0.3241906277755354
0.753	 0.3247159721689815
0.752	 0.3252548325220151
0.751	 0.32580695500145274
0.75	 0.32637227683335795
0.749	 0.326950180811928
0.748	 0.32754043740654226
0.747	 0.3281430246231092
0.746	 0.32875838070948427
0.745	 0.32938495640067245
0.744	 0.33002267017568504
0.743	 0.330671631345733
0.742	 0.3313317363023084
0.741	 0.3320024103060368
0.74	 0.33268351315435113
0.739	 0.333375194701363
0.738	 0.33407699913841993
0.737	 0.3350269774151533
0.736	 0.3357532661441323
0.735	 0.3364887005474264
0.734	 0.3372339141795694
0.733	 0.3379894320276109
0.732	 0.33875423467091437
0.731	 0.3395272348885322
0.73	 0.3403092157099109
0.729	 0.3411005080808436
0.728	 0.3419004177473849
0.727	 0.34270860589918534
0.726	 0.34352469381474643
0.725	 0.3443485201523552
0.724	 0.3451805979455661
0.723	 0.34602094192298266
0.722	 0.3468695274310354
0.721	 0.3477245886773772
0.72	 0.34858685656263255
0.719	 0.34945752291760473
0.718	 0.3503355399406578
0.717	 0.35122050591979215
0.716	 0.35211292491664453
0.715	 0.35301227768757504
0.714	 0.3539187330546421
0.713	 0.35483136358775436
0.712	 0.35574982557822893
0.711	 0.3566743086153513
0.71	 0.35760563490989483
0.709	 0.3585431043278204
0.708	 0.3594875016561558
0.707	 0.3604379373216234
0.706	 0.36139505676543837
0.705	 0.3623575864782194
0.704	 0.3633254897668825
0.703	 0.36429967164330135
0.702	 0.3652786705641193
0.701	 0.3662626480794744
0.7	 0.3672531342705393
0.699	 0.3682495139828054
0.698	 0.36925134926794145
0.697	 0.37025826700718506
0.696	 0.37127109222995036
0.695	 0.37228958222200087
0.694	 0.3733126419076745
0.693	 0.37434121636624385
0.692	 0.3753750168322876
0.691	 0.37641313987107716
0.69	 0.3774561736316401
0.689	 0.37850543597805736
0.688	 0.37956056065316557
0.687	 0.3800552640250219
0.686	 0.3811129222879384
0.685	 0.38217603582714277
0.684	 0.3832435481793017
0.683	 0.38431656658815255
0.682	 0.3853937169663154
0.681	 0.38647680248029287
0.68	 0.3875639143447553
0.679	 0.3886549038147269
0.678	 0.3897501295902579
0.677	 0.3908501447877713
0.676	 0.3919553412314601
0.675	 0.3930651401691125
0.674	 0.3941793474034327
0.673	 0.39529718568749656
0.672	 0.396419653801212
0.671	 0.39754654723726474
0.67	 0.39867845112106526
0.669	 0.39981434628194173
0.668	 0.40101220177985675
0.667	 0.40215745723374563
0.666	 0.40330644499743284
0.665	 0.40446087963569793
0.664	 0.40561728560339294
0.663	 0.40677832428967414
0.662	 0.40794516323482294
0.661	 0.40911563519689936
0.66	 0.4102903034308742
0.659	 0.41146826953997284
0.658	 0.4126500452956273
0.657	 0.4138359057846556
0.656	 0.41502555975108035
0.655	 0.41621965305625663
0.654	 0.4174171320231147
0.653	 0.41861824211778825
0.652	 0.419823465909313
0.651	 0.4210314859007628
0.65	 0.42224408683591963
0.649	 0.42346055312665826
0.648	 0.42467989452558486
0.647	 0.42590389684003843
0.646	 0.42713139166697395
0.645	 0.4283615643668501
0.644	 0.4295945130812222
0.643	 0.4308306154551298
0.642	 0.43207025543513805
0.641	 0.4333121500524749
0.64	 0.434556535787788
0.639	 0.43580478369810527
0.638	 0.43705557888586477
0.637	 0.4383091918411634
0.636	 0.43956497521511945
0.635	 0.4408224486666136
0.634	 0.4420821652610562
0.633	 0.44334382146988244
0.632	 0.44460729175721986
0.631	 0.44587284666968574
0.63	 0.44713918677450587
0.629	 0.44840674173396733
0.628	 0.4496752081785694
0.627	 0.4509443764863041
0.626	 0.4522134791780734
0.625	 0.4534831472429936
0.624	 0.45475257400115204
0.623	 0.4560229996272953
0.622	 0.4572918595271892
0.621	 0.4585592052632768
0.62	 0.4598249757366392
0.619	 0.461089661402239
0.618	 0.462352180395435
0.617	 0.4636120630514054
0.616	 0.4648683851334239
0.615	 0.4661221302255151
0.614	 0.46737083646851796
0.613	 0.4686152344266983
0.612	 0.47078115847196894
0.611	 0.4720132655968656
0.61	 0.47323886832917256
0.609	 0.47445655833086603
0.608	 0.4756655376056079
0.607	 0.47686603623724594
0.606	 0.47805638188863314
0.605	 0.47923615117373736
0.604	 0.4804060284761601
0.603	 0.48156277365043404
0.602	 0.48270748237622024
0.601	 0.48383868722008533
0.6	 0.48495572985328095
0.599	 0.48599542311565247
0.598	 0.48701945335497443
0.597	 0.48802552107981656
0.596	 0.4890134470284711
0.595	 0.4899838923316576
0.594	 0.4909350198440004
0.593	 0.4918658469468979
0.592	 0.49277628909170845
0.591	 0.49366639282150043
0.59	 0.4945341829687553
0.589	 0.49538095177538116
0.588	 0.4962041539421046
0.587	 0.4970045076482636
0.586	 0.49778155433244387
0.585	 0.49853516049770696
0.584	 0.49926531125612783
0.583	 0.49997218415737876
0.582	 0.5006561217169998
0.581	 0.5013175209986751
0.58	 0.5019562955333231
0.579	 0.5025723569311511
0.578	 0.5031662285075976
0.577	 0.503738318270613
0.576	 0.504289523321815
0.575	 0.5048199590061221
0.574	 0.5053299976258192
0.573	 0.5058202060324384
0.572	 0.5062917329976029
0.571	 0.5067450602040814
0.57	 0.5071810074318439
0.569	 0.5076002507198222
0.568	 0.5080024219219392
0.567	 0.5083888433560602
0.566	 0.5087597058125356
0.565	 0.5091172991500904
0.564	 0.5094621445312665
0.563	 0.5097926423349406
0.562	 0.5098566661525124
0.561	 0.5101721230154288
0.56	 0.5104754112054416
0.559	 0.5107662622990513
0.558	 0.5110457143840934
0.557	 0.5113137326063852
0.556	 0.5115716998488007
0.555	 0.5118187508900738
0.554	 0.5120557204921891
0.553	 0.512283131132292
0.552	 0.5125007240232469
0.551	 0.5127092367617254
0.55	 0.5129095525624928
0.549	 0.5131011578674507
0.548	 0.5132849264515378
0.547	 0.5134605844680077
0.546	 0.5136277146919699
0.545	 0.5137872176776026
0.544	 0.5139397890304651
0.543	 0.5140850306093189
0.542	 0.514223169143411
0.541	 0.5143545528373679
0.54	 0.5144798385583853
0.539	 0.5145989469511035
0.538	 0.5147115582585345
0.537	 0.5148182668404275
0.536	 0.5149188803520801
0.535	 0.5150139175251474
0.534	 0.5151037339096041
0.533	 0.5151883906754707
0.532	 0.5152676614321826
0.531	 0.5153417718588844
0.53	 0.5154106696270822
0.529	 0.5154754526281746
0.528	 0.5155356536849731
0.527	 0.5155910585768806
0.526	 0.5156422002075981
0.525	 0.5156895210105902
0.524	 0.5157326681041864
0.523	 0.5157723036733078
0.522	 0.515808023983693
0.521	 0.5158404294264854
0.52	 0.5158694852602741
0.519	 0.515894580357838
0.518	 0.5159168094561467
0.517	 0.5159364544772096
0.516	 0.5159529060608268
0.515	 0.5159661833456247
0.514	 0.5159767131410691
0.513	 0.5159847996206296
0.512	 0.5159902551800285
0.511	 0.5159933435163311
0.51	 0.5159940315998556
0.509	 0.5159925129422621
0.508	 0.5159889591941517
0.507	 0.5159829778199978
0.506	 0.5159751829528187
0.505	 0.515965376861039
0.504	 0.5159543719403833
0.503	 0.5159412809318535
0.502	 0.5159264040697802
0.501	 0.5159104080764892
0.5	 0.5158924085941434
0.499	 0.5158724841044277
0.498	 0.5158510942102095
0.497	 0.5158281143305999
0.496	 0.5158038391444908
0.495	 0.5157784452537871
0.494	 0.5157513716622351
0.493	 0.5157229369780101
0.492	 0.5156934265764307
0.491	 0.5156627749661381
0.49	 0.5156313372637933
0.489	 0.5155987608580221
0.488	 0.5155643950264457
0.487	 0.5155045248114423
0.486	 0.5154677866606243
0.485	 0.5154298123628714
0.484	 0.5153908368190222
0.483	 0.5153510719810354
0.482	 0.5153101214520858
0.481	 0.5152682078522228
0.48	 0.5152263442798619
0.479	 0.5151833921639369
0.478	 0.5151405355008094
0.477	 0.5150963910260224
0.476	 0.5150515956405284
0.475	 0.5150061662267627
0.474	 0.51496007193745
0.473	 0.5149136389418281
0.472	 0.5148662798839421
0.471	 0.5148182700467258
0.47	 0.5147696953429227
0.469	 0.5147207226240927
0.468	 0.5147059613382291
0.467	 0.5146558181941526
0.466	 0.5146053513584199
0.465	 0.5145548853878653
0.464	 0.5145042688368281
0.463	 0.5144531694216062
0.462	 0.5144013600547006
0.461	 0.5143494782241614
0.46	 0.5142976079856816
0.459	 0.5142455841908103
0.458	 0.5141936611670849
0.457	 0.5141407709119922
0.456	 0.5140878903038474
0.455	 0.5140348778875122
0.454	 0.5139818464914554
0.453	 0.5139286469814932
0.452	 0.5138760271183702
0.451	 0.5138233544301969
0.45	 0.5137701513416545
0.449	 0.5137163836096069
0.448	 0.51366404622388
0.447	 0.5136118330104615
0.446	 0.5135604004997729
0.445	 0.5135097317096119
0.444	 0.5134603862454302
0.443	 0.5134109112767785
0.442	 0.5133627247119723
0.441	 0.513315212639426
0.44	 0.5132686789394639
0.439	 0.5132213537481638
0.438	 0.5131742606836259
0.437	 0.5131282938784864
0.436	 0.5130822279286893
0.435	 0.5130383942710978
0.434	 0.5129955298711711
0.433	 0.5129530165431395
0.432	 0.5129109281674574
0.431	 0.5128689194871399
0.43	 0.5128294037308139
0.429	 0.5127908320888793
0.428	 0.5127543405012539
0.427	 0.5127183965007789
0.426	 0.5126834896168517
0.425	 0.5126501871447635
0.424	 0.5126164888370898
0.423	 0.5125815995969739
0.422	 0.5125482218750963
0.421	 0.5125167727351774
0.42	 0.5124867921769595
0.419	 0.5124565371425328
0.418	 0.512426155390769
0.417	 0.5123973876238493
0.416	 0.5123724434710971
0.415	 0.5123487192171645
0.414	 0.5123263354187485
0.413	 0.5123009306007206
0.412	 0.5122775365345226
0.411	 0.5122531720680883
0.41	 0.5122281176115746
0.409	 0.5122060810851876
0.408	 0.5121841957996409
0.407	 0.5121617636886364
0.406	 0.512143904636912
0.405	 0.5121312599560152
0.404	 0.5121232214852994
0.403	 0.5121068355785121
0.402	 0.5120883231938271
0.401	 0.5120641202125489
0.4	 0.0
