15.3853	 1.0
15.3397	 0.5
15.2945	 0.5
15.2495	 0.5
15.2048	 0.5
15.1603	 0.5
15.1161	 0.5
15.0722	 0.5
15.0285	 0.5
14.9851	 0.5
14.9419	 0.5
14.8989	 0.5
14.8563	 0.5
14.8138	 0.5
14.7716	 0.5
14.7296	 0.5
14.6879	 0.5
14.6464	 0.5
14.6052	 0.5
14.5641	 0.5
14.5233	 0.5
14.4828	 0.5
14.4424	 0.5
14.4023	 0.5
14.3624	 0.5
14.3227	 0.5
14.2833	 0.5
14.244	 0.5
14.205	 0.5
14.1662	 0.5
14.1276	 0.5
14.0892	 0.5
14.051	 0.5
14.0131	 0.5
13.9753	 0.5
13.9377	 0.5
13.9004	 0.5
13.8632	 0.5
13.8262	 0.5
13.7895	 0.5
13.7529	 0.5
13.7165	 0.5
13.6803	 0.5
13.6443	 0.5
13.6085	 0.5
13.5729	 0.5
13.5374	 0.5
13.5022	 0.5
13.4671	 0.5
13.4322	 0.5
13.3975	 0.5
13.363	 0.5
13.3286	 0.5
13.2944	 0.5
13.2604	 0.5
13.2266	 0.5
13.193	 0.5
13.1595	 0.5
13.1262	 0.5
13.093	 0.5
13.06	 0.5
13.0272	 0.5
12.9946	 0.5
12.9621	 0.5
12.9298	 0.5
12.8976	 0.5
12.8656	 0.5
12.8337	 0.5
12.8021	 0.5
12.7705	 0.5
12.7391	 0.5
12.7079	 0.5
12.6769	 0.5
12.6459	 0.5
12.6152	 0.5
12.5845	 0.5
12.5541	 0.5
12.5238	 0.5
12.4936	 0.5
12.4635	 0.5
12.4337	 0.5
12.4039	 0.5
12.3743	 0.5
12.3448	 0.5
12.3155	 0.5
12.2863	 0.5
12.2573	 0.5
12.2284	 0.5
12.1996	 0.5
12.171	 0.5
12.1425	 0.5
12.1141	 0.5
12.0859	 0.5
12.0578	 0.5
12.0298	 0.5
12.0019	 0.5
11.9742	 0.5
11.9466	 0.5
11.9192	 0.5
11.8918	 0.5
11.8646	 0.5
11.8375	 0.5
11.8106	 0.5
11.7837	 0.5
11.757	 0.5
11.7304	 0.5
11.7039	 0.5
11.6776	 0.5
11.6513	 0.5
11.6252	 0.5
11.5992	 0.5
11.5733	 0.5
11.5475	 0.5
11.5219	 0.5
11.4963	 0.5
11.4709	 0.5
11.4455	 0.5
11.4203	 0.5
11.3952	 0.5
11.3702	 0.5
11.3454	 0.5
11.3206	 0.5
11.2959	 0.5
11.2714	 0.5
11.2469	 0.5
11.2226	 0.5
11.1983	 0.5
11.1742	 0.5
11.1502	 0.5
11.1263	 0.5
11.1024	 0.5
11.0787	 0.5
11.0551	 0.5
11.0316	 0.5
11.0081	 0.5
10.9848	 0.5
10.9616	 0.5
10.9385	 0.5
10.9154	 0.5
10.8925	 0.5
10.8697	 0.5
10.8469	 0.5
10.8243	 0.5
10.8017	 0.5
10.7793	 0.5
10.7569	 0.5
10.7346	 0.5
10.7125	 0.5
10.6904	 0.5
10.6684	 0.5
10.6465	 0.5
10.6247	 0.5
10.6029	 0.5
10.5813	 0.5
10.5597	 0.5
10.5383	 0.5
10.5169	 0.5
10.4956	 0.5
10.4744	 0.5
10.4533	 0.5
10.4323	 0.5
10.4113	 0.5
10.3904	 0.5
10.3697	 0.5
10.349	 0.5
10.3284	 0.5
10.3078	 0.5
10.2874	 0.5
10.267	 0.5
10.2467	 0.5
10.2265	 0.5
10.2064	 0.5
10.1863	 0.5
10.1663	 0.5
10.1464	 0.5
10.1266	 0.5
10.1069	 0.5
10.0872	 0.5
10.0676	 0.5
10.0481	 0.5
10.0287	 0.5
10.0093	 0.5
9.9901	 0.5
9.9708	 0.5
9.9517	 0.5
9.9326	 0.5
9.9136	 0.5
9.8947	 0.5
9.8759	 0.5
9.8571	 0.5
9.8384	 0.5
9.8198	 0.5
9.8012	 0.5000000000000001
9.7827	 0.5000000000000001
9.7643	 0.5000000000000001
9.7459	 0.5000000000000001
9.7276	 0.5000000000000001
9.7094	 0.5000000000000001
9.6913	 0.5000000000000001
9.6732	 0.5000000000000001
9.6552	 0.5000000000000001
9.6372	 0.5000000000000001
9.6194	 0.5000000000000001
9.6015	 0.5
9.5838	 0.5
9.5661	 0.5
9.5485	 0.5
9.5309	 0.5
9.5135	 0.5
9.496	 0.5
9.4787	 0.5
9.4614	 0.5
9.4441	 0.5
9.427	 0.5
9.4099	 0.5
9.3928	 0.5
9.3758	 0.5
9.3589	 0.5
9.342	 0.5
9.3252	 0.5
9.3085	 0.5
9.2918	 0.5
9.2752	 0.5
9.2586	 0.5
9.2421	 0.5
9.2257	 0.5
9.2093	 0.5
9.193	 0.5
9.1767	 0.5
9.1605	 0.5
9.1443	 0.5
9.1282	 0.5
9.1122	 0.5
9.0962	 0.5
9.0803	 0.5
9.0644	 0.5
9.0486	 0.5
9.0328	 0.5
9.0171	 0.5
9.0015	 0.5
8.9858	 0.5
8.9703	 0.5
8.9548	 0.5
8.9394	 0.5
8.924	 0.5
8.9086	 0.5
8.8934	 0.5
8.8781	 0.5
8.863	 0.5
8.8478	 0.5
8.8328	 0.5
8.8177	 0.5
8.8028	 0.5
8.7879	 0.5
8.773	 0.5
8.7582	 0.5
8.7434	 0.5
8.7287	 0.5
8.714	 0.5
8.6994	 0.5
8.6848	 0.5
8.6703	 0.5
8.6558	 0.5
8.6414	 0.5
8.627	 0.5
8.6127	 0.5
8.5984	 0.5
8.5842	 0.5
8.57	 0.5
8.5558	 0.5
8.5417	 0.5
8.5277	 0.5
8.5137	 0.5
8.4997	 0.5
8.4858	 0.5
8.4719	 0.5
8.4581	 0.5
8.4444	 0.5
8.4306	 0.5
8.4169	 0.5
8.4033	 0.5
8.3897	 0.5
8.3761	 0.5
8.3626	 0.5
8.3492	 0.5
8.3357	 0.5
8.3224	 0.5
8.309	 0.5
8.2957	 0.5
8.2825	 0.5
8.2693	 0.5
8.2561	 0.5
8.243	 0.5
8.2299	 0.5
8.2169	 0.5
8.2038	 0.5
8.1909	 0.5
8.178	 0.5
8.1651	 0.5
8.1523	 0.5
8.1395	 0.5
8.1267	 0.5
8.114	 0.5
8.1013	 0.5
8.0887	 0.5
8.0761	 0.5
8.0635	 0.5
8.051	 0.5
8.0385	 0.5
8.0261	 0.5
8.0137	 0.5
8.0013	 0.5
7.989	 0.5
7.9767	 0.5
7.9644	 0.5
7.9522	 0.5
7.94	 0.5
7.9279	 0.5
7.9158	 0.5
7.9037	 0.5
7.8917	 0.5
7.8797	 0.5
7.8677	 0.5
7.8558	 0.5
7.8439	 0.5
7.8321	 0.5
7.8203	 0.5
7.8085	 0.5
7.7967	 0.5
7.785	 0.5
7.7734	 0.5
7.7617	 0.5
7.7501	 0.5
7.7386	 0.5
7.727	 0.5
7.7155	 0.5
7.7041	 0.5
7.6926	 0.5
7.6812	 0.5
7.6699	 0.5
7.6585	 0.5
7.6472	 0.5
7.636	 0.5
7.6247	 0.5
7.6136	 0.5
7.6024	 0.5
7.5913	 0.5
7.5802	 0.5
7.5691	 0.5
7.5581	 0.5
7.5471	 0.5
7.5361	 0.5
7.5252	 0.5
7.5142	 0.5
7.5034	 0.5
7.4925	 0.5
7.4817	 0.5
7.4709	 0.5
7.4602	 0.5
7.4495	 0.5
7.4388	 0.5
7.4281	 0.5
7.4175	 0.5
7.4069	 0.5
7.3963	 0.5
7.3858	 0.5
7.3753	 0.5
7.3648	 0.5
7.3544	 0.5
7.344	 0.5
7.3336	 0.5
7.3232	 0.5000281188025585
7.3129	 0.5001539801038237
7.3026	 0.5003248730189352
7.2923	 0.50111980544485
7.2821	 0.5016900690663801
7.2718	 0.5024007097479327
7.2617	 0.5032923308511116
7.2515	 0.5045004391266771
7.2414	 0.5059924218295271
7.2313	 0.5075201521627513
7.2212	 0.5092042375029078
7.2112	 0.5109953823146546
7.2012	 0.5128150327050129
7.1912	 0.5148110116985927
7.1812	 0.5170009243887437
7.1713	 0.5193964801726871
7.1614	 0.5220406717528718
7.1515	 0.5249926853059469
7.1416	 0.5279236954524662
7.1318	 0.5308308505243787
7.122	 0.5355502423352679
7.1123	 0.5387348405638283
7.1025	 0.5418462065661347
7.0928	 0.5446854940610159
7.0831	 0.5473986415276412
7.0734	 0.5501304982633253
7.0638	 0.5530688918310234
7.0542	 0.5556330373610802
7.0446	 0.5573139190709917
7.0351	 0.558659421803085
7.0255	 0.5600642669157913
7.016	 0.5613435517372335
7.0065	 0.5624661993342397
6.9971	 0.5635674156043339
6.9877	 0.5647143331083818
6.9782	 0.5656918894227282
6.9689	 0.5662076879579068
6.9595	 0.5675204986481072
6.9502	 0.5672953234683099
6.9409	 0.5671909484068983
6.9316	 0.5671135282002115
6.9223	 0.5683072164792402
6.9131	 0.5679625936470699
6.9039	 0.5673761293520874
6.8947	 0.5667146543490449
6.8856	 0.5661667907633449
6.8764	 0.5655697880951907
6.8673	 0.564482672476596
6.8582	 0.562889925842252
6.8492	 0.5616722934658679
6.8402	 0.5612889931888856
6.8311	 0.561192724556563
6.8221	 0.5607073918840899
6.8132	 0.5605302161053856
6.8042	 0.559464315729165
6.7953	 0.5581368858813053
6.7864	 0.5564421043946076
6.7776	 0.554802972856329
6.7687	 0.553449715024478
6.7599	 0.5534329899318658
6.7511	 0.5520484758279876
6.7423	 0.5504005955550254
6.7336	 0.5483971427563532
6.7248	 0.5462072566147916
6.7161	 0.5440318629290398
6.7074	 0.5417619104900173
6.6988	 0.5396895784702926
6.6901	 0.5379978201226476
6.6815	 0.5361821535207637
6.6729	 0.534152447500207
6.6643	 0.5325398933380412
6.6558	 0.530909763496142
6.6472	 0.5288452857983283
6.6387	 0.5261543384611814
6.6302	 0.5234540961837147
6.6217	 0.5213976086600969
6.6133	 0.5213853189420614
6.6049	 0.5200983722145587
6.5965	 0.5184743765119553
6.5881	 0.5169823549676354
6.5797	 0.5155846364739267
6.5714	 0.5141027659878109
6.5631	 0.5128045785318582
6.5548	 0.5116076665795161
6.5465	 0.5105776107325828
6.5382	 0.5099194445294869
6.53	 0.5092292007887212
6.5218	 0.5085249766321676
6.5136	 0.5078171282363407
6.5054	 0.507113747349579
6.4973	 0.5058992428531626
6.4892	 0.504323780854372
6.481	 0.5030126898252303
6.4729	 0.5019632112692293
6.4649	 0.5013454129434863
6.4568	 0.5005088522128834
6.4488	 0.49959108554228593
6.4408	 0.49884795378318747
6.4328	 0.4983437669845243
6.4248	 0.49744967729846684
6.4169	 0.4957937093359094
6.4089	 0.49319390752058984
6.401	 0.4914818929722116
6.3931	 0.4903854621971591
6.3853	 0.4895265084911299
6.3774	 0.48847346685177245
6.3696	 0.48709621544518544
6.3618	 0.4856154723606025
6.354	 0.48425871091906103
6.3462	 0.4825981924668869
6.3384	 0.48100898990654145
6.3307	 0.4792352066075404
6.323	 0.47754480910825703
6.3153	 0.47610001846897165
6.3076	 0.4746818234742433
6.2999	 0.4731008702617894
6.2923	 0.47033740020391845
6.2847	 0.4689224406626464
6.277	 0.467489130460752
6.2694	 0.46606675929697
6.2619	 0.4644531300636952
6.2543	 0.4630202625257002
6.2468	 0.46207051684159495
6.2393	 0.46094481425910167
6.2318	 0.4596631266649783
6.2243	 0.45851948988933305
6.2168	 0.4578222235021011
6.2094	 0.4564915631128825
6.202	 0.45589154043113733
6.1945	 0.4548619512612162
6.1871	 0.45365216602037656
6.1798	 0.45192635305317386
6.1724	 0.45149665836404934
6.1651	 0.4515929726812844
6.1578	 0.45170071843651344
6.1505	 0.45221668863449616
6.1432	 0.4535219177310616
6.1359	 0.4556375258941088
6.1286	 0.4581913242448559
6.1214	 0.46084445566332805
6.1142	 0.46361485046023
6.107	 0.4668193061832694
6.0998	 0.4707265827411177
6.0926	 0.47448993651514537
6.0855	 0.47894812615777116
6.0784	 0.4849735666823229
6.0712	 0.4886672741503538
6.0641	 0.49233297899564843
6.0571	 0.49590509510036085
6.05	 0.4988510907459016
6.0429	 0.501688205842267
6.0359	 0.5052326853283998
6.0289	 0.5093620224736681
6.0219	 0.51385353114744
6.0149	 0.5184719198361575
6.0079	 0.5230620725620173
6.001	 0.5277939000396104
5.994	 0.532711134303615
5.9871	 0.5376965708522924
5.9802	 0.5413345103236371
5.9733	 0.5472650968308989
5.9664	 0.5516903668693547
5.9596	 0.5556257289536506
5.9527	 0.559045354460727
5.9459	 0.5617952510620837
5.9391	 0.5634921798964498
5.9323	 0.5641266603163457
5.9255	 0.5642776139626564
5.9188	 0.5643082695606731
5.912	 0.5640501117487693
5.9053	 0.5631910175624996
5.8986	 0.5615850900663442
5.8919	 0.5595854363830242
5.8852	 0.5575825472049375
5.8785	 0.5561213826466856
5.8718	 0.5545529525143207
5.8652	 0.5534230455040549
5.8586	 0.5524010400186846
5.852	 0.5517024449375211
5.8454	 0.551446629639504
5.8388	 0.5508753072130451
5.8322	 0.5495927668297926
5.8257	 0.547634631737347
5.8191	 0.545177972749129
5.8126	 0.5426177728481324
5.8061	 0.5399194713445704
5.7996	 0.5369383435180572
5.7931	 0.5338103771586364
5.7866	 0.5302885067336827
5.7802	 0.5269392949631548
5.7738	 0.5252568055270512
5.7673	 0.5214330861209585
5.7609	 0.5176405131772559
5.7545	 0.514258147605134
5.7481	 0.5111896677384055
5.7418	 0.5083794354964212
5.7354	 0.5061416251632478
5.7291	 0.5042004845204496
5.7228	 0.5023329181223987
5.7165	 0.5006387745855675
5.7102	 0.49907901427490664
5.7039	 0.4976490419077909
5.6976	 0.49680608744635996
5.6914	 0.496092083835041
5.6851	 0.49556622933674516
5.6789	 0.4955587184744602
5.6727	 0.4952715521522704
5.6665	 0.49489591590062904
5.6603	 0.4946222133628288
5.6541	 0.49427255341500076
5.648	 0.4938755179113328
5.6418	 0.4935251530218315
5.6357	 0.4934228298685546
5.6296	 0.49379284784823124
5.6235	 0.49469536182068613
5.6174	 0.4970203237030242
5.6113	 0.49809366959961754
5.6052	 0.4992591325213769
5.5992	 0.5006048219652461
5.5931	 0.5020484210579441
5.5871	 0.5034744061505426
5.5811	 0.5049365470685979
5.5751	 0.5064786833759869
5.5691	 0.5082955823186697
5.5631	 0.5104541477092863
5.5572	 0.5125710975520694
5.5512	 0.5146664958860304
5.5453	 0.5169533721312702
5.5393	 0.5199953220758168
5.5334	 0.5222550295394868
5.5275	 0.5245223975775382
5.5217	 0.5267901612938476
5.5158	 0.5290914090046442
5.5099	 0.5314569621180038
5.5041	 0.5334410700533259
5.4982	 0.5357408059861645
5.4924	 0.53795626874275
5.4866	 0.5400860091852248
5.4808	 0.5420040411170809
5.475	 0.5437681675907898
5.4692	 0.5453304086625367
5.4635	 0.5470768940399698
5.4577	 0.5480527145871852
5.452	 0.5488507045981242
5.4463	 0.549435373203099
5.4405	 0.5497833023181906
5.4348	 0.549747328122237
5.4291	 0.5493204251304777
5.4235	 0.5485488841153331
5.4178	 0.5476544378746965
5.4121	 0.5467946762562389
5.4065	 0.545973580680467
5.4009	 0.5451435045075035
5.3952	 0.5443972854169752
5.3896	 0.5439523215414249
5.384	 0.543515331735419
5.3785	 0.543176618090529
5.3729	 0.5428287704303756
5.3673	 0.5424436592054951
5.3618	 0.5420533360678184
5.3562	 0.5415987007608467
5.3507	 0.5410338345143093
5.3452	 0.5403888933314461
5.3397	 0.5405113213271678
5.3342	 0.539873524313173
5.3287	 0.5391476016277387
5.3232	 0.5390069486456373
5.3178	 0.5382579041455362
5.3123	 0.5374631817113064
5.3069	 0.5366631880656574
5.3015	 0.5359138363761723
5.2961	 0.5352063427696849
5.2907	 0.5345861551834531
5.2852	 0.5341304259907609
5.2799	 0.533901167390636
5.2745	 0.5338088056422348
5.2691	 0.5339082852144021
5.2638	 0.5351658017340828
5.2584	 0.5356409699984946
5.2531	 0.5376749193399694
5.2478	 0.5385147803351857
5.2425	 0.5395766920655513
5.2372	 0.5408629683346197
5.2319	 0.5423473820286071
5.2267	 0.5440606794003832
5.2214	 0.5459841493470527
5.2161	 0.5479202279835592
5.2109	 0.5497697239986828
5.2057	 0.551563523721084
5.2004	 0.553262946290715
5.1952	 0.5547939950374196
5.19	 0.5572996107801359
5.1848	 0.5584174922261956
5.1796	 0.5593918768339317
5.1745	 0.5602449461419277
5.1693	 0.5609822756327683
5.1642	 0.56162013173444
5.159	 0.5621774092686782
5.1539	 0.5626939067401927
5.1488	 0.5631710271285842
5.1437	 0.5635883228842687
5.1386	 0.5639765966941204
5.1335	 0.5643790863610241
5.1284	 0.5651176509374123
5.1234	 0.565783872990851
5.1183	 0.5661245808130588
5.1132	 0.5664301768225751
5.1082	 0.5666617518844155
5.1032	 0.5667739464327897
5.0982	 0.5667583846625076
5.0932	 0.5666134851966851
5.0882	 0.5662872958836712
5.0832	 0.5657445419347624
5.0782	 0.5650657220467731
5.0732	 0.5642743407132453
5.0683	 0.5638047797772351
5.0633	 0.5627725863519679
5.0584	 0.5616601738318107
5.0534	 0.5610232099136226
5.0485	 0.5597831306381368
5.0436	 0.5584725295702585
5.0387	 0.5571110889514415
5.0338	 0.5556981423576406
5.0289	 0.5542250983573859
5.0241	 0.5526945513980646
5.0192	 0.551135996021756
5.0144	 0.5496149922011738
5.0095	 0.548548636680029
5.0047	 0.54712395130042
4.9998	 0.5457772745837235
4.995	 0.5445073242630293
4.9902	 0.54445228404628
4.9854	 0.5433674366063097
4.9806	 0.5423714337916421
4.9759	 0.5414416109019338
4.9711	 0.540591381198088
4.9663	 0.5398112015456038
4.9616	 0.5390979352803315
4.9568	 0.5384634986817443
4.9521	 0.5382977796783867
4.9474	 0.5378117572917874
4.9426	 0.5373535149341592
4.9379	 0.5369068694159318
4.9332	 0.5364380075233071
4.9286	 0.5369310319750342
4.9239	 0.5364253092557872
4.9192	 0.535930237149574
4.9145	 0.5354200513814055
4.9099	 0.5349039677789729
4.9052	 0.5343979810763032
4.9006	 0.5341288688959355
4.896	 0.5336416783851129
4.8914	 0.5331969327600796
4.8867	 0.5328146345110067
4.8821	 0.5324698142922608
4.8776	 0.5321230876209462
4.873	 0.5317952416330056
4.8684	 0.5318137876696701
4.8638	 0.5314958357412504
4.8593	 0.5311791771750949
4.8547	 0.5308681677301682
4.8502	 0.530583185011816
4.8456	 0.530514016092997
4.8411	 0.5302515118290058
4.8366	 0.5299969591781851
4.8321	 0.5297570165516451
4.8276	 0.5295394309777892
4.8231	 0.5293342888611359
4.8186	 0.5291383568117408
4.8141	 0.52894470602527
4.8097	 0.5290187675792187
4.8052	 0.5288121415656954
4.8008	 0.5286011401066573
4.7963	 0.5286508183369675
4.7919	 0.528420465691002
4.7875	 0.5281539987487963
4.7831	 0.5278755909135071
4.7786	 0.5276009181118115
4.7743	 0.5273014529871348
4.7699	 0.5269652319045051
4.7655	 0.5266031884680751
4.7611	 0.5262102500348637
4.7567	 0.5258031048983691
4.7524	 0.525836484510795
4.748	 0.525596666367355
4.7437	 0.5251247563752716
4.7393	 0.5246450085575503
4.735	 0.5241784015615923
4.7307	 0.5237499252284885
4.7264	 0.5233510235715891
4.7221	 0.5229629882620607
4.7178	 0.522595934717035
4.7135	 0.5222702625591952
4.7092	 0.5219769129970798
4.7049	 0.5217082234162654
4.7007	 0.5218700945801678
4.6964	 0.5218055767102228
4.6922	 0.521589076392746
4.6879	 0.5213786817573738
4.6837	 0.521178541671638
4.6795	 0.5209991962132503
4.6752	 0.520845325366988
4.671	 0.5207056531493942
4.6668	 0.520558364481533
4.6626	 0.5204144639716558
4.6584	 0.5202792878436288
4.6543	 0.5201463563062902
4.6501	 0.5201140240145552
4.6459	 0.5202364667505621
4.6418	 0.5201171941977873
4.6376	 0.5200001296633792
4.6334	 0.5198610796081269
4.6293	 0.5196990216709081
4.6252	 0.5195248389667
4.6211	 0.5193305017727168
4.617	 0.5191046340524612
4.6128	 0.5188619683531596
4.6087	 0.5187138444080195
4.6047	 0.5184523804891704
4.6006	 0.5181614162988349
4.5965	 0.5181026331951769
4.5924	 0.5178081776222827
4.5884	 0.5175251301325722
4.5843	 0.5172316692172302
4.5802	 0.5169253548057259
4.5762	 0.5166178287997074
4.5722	 0.5163238116204707
4.5681	 0.5160468512198702
4.5641	 0.5158565620115416
4.5601	 0.5155891488014215
4.5561	 0.5153218195664521
4.5521	 0.5150724830357534
4.5481	 0.5150055909067338
4.5441	 0.514743296836307
4.5401	 0.5144801747606387
4.5362	 0.5142379314717072
4.5322	 0.513985897413398
4.5282	 0.5137254090525345
4.5243	 0.5134704879532906
4.5203	 0.5133090411346668
4.5164	 0.5130702568202108
4.5125	 0.5128294741797185
4.5085	 0.5125986808787458
4.5046	 0.5123707121202836
4.5007	 0.5121411850894088
4.4968	 0.5121463334136238
4.4929	 0.5119364212497912
4.489	 0.5117433003825638
4.4851	 0.5115540880404242
4.4813	 0.5114759719591861
4.4774	 0.5112983860472345
4.4735	 0.5111166669447813
4.4697	 0.5109525277871234
4.4658	 0.5107988159337125
4.462	 0.5106378373649165
4.4581	 0.5104735665889191
4.4543	 0.5103111455884426
4.4505	 0.5103641801184198
4.4467	 0.5102084048053144
4.4429	 0.5100570192294541
4.4391	 0.510017866282241
4.4353	 0.5098881972021814
4.4315	 0.50977038476431
4.4277	 0.5096508804233605
4.4239	 0.5095292171165515
4.4201	 0.5094252535543845
4.4164	 0.5093338736027502
4.4126	 0.509236489386007
4.4089	 0.5092721423956954
4.4051	 0.5091624858255925
4.4014	 0.5091093558230215
4.3976	 0.5090249683931191
4.3939	 0.5089293848562981
4.3902	 0.5088267745456425
4.3865	 0.508731605615066
4.3828	 0.5086538866150901
4.3791	 0.5085810458612743
4.3754	 0.5085072196882211
4.3717	 0.5084386596392564
4.368	 0.5083689580588391
4.3643	 0.508413571806354
4.3607	 0.5083379939438044
4.357	 0.5082657761076549
4.3533	 0.5081968570835217
4.3497	 0.5081243084115765
4.346	 0.5080720211475069
4.3424	 0.5080324265951005
4.3388	 0.5079767319490933
4.3351	 0.5079118536512672
4.3315	 0.5078576700625212
4.3279	 0.5078356200391337
4.3243	 0.5077752834201281
4.3207	 0.5077821421493862
4.3171	 0.5077034308116636
4.3135	 0.5076176269808632
4.3099	 0.5075176819567061
4.3063	 0.5074079585156691
4.3028	 0.5072982357272593
4.2992	 0.5071976491126043
4.2956	 0.50709777961795
4.2921	 0.507017235245677
4.2885	 0.5068996888433849
4.285	 0.5067747549915812
4.2815	 0.506718173377798
4.2779	 0.5065790330118177
4.2744	 0.5064499003952946
4.2709	 0.5063140023249358
4.2674	 0.5061721684491663
4.2638	 0.5060513755913351
4.2603	 0.5059536180370106
4.2568	 0.505890100581074
4.2534	 0.5057934804252648
4.2499	 0.5056884309570244
4.2464	 0.5055680349393104
4.2429	 0.5054279148646583
4.2394	 0.5053596714323535
4.236	 0.5052068871980953
4.2325	 0.5050534952719195
4.2291	 0.5048999422193265
4.2256	 0.5047624926405558
4.2222	 0.5046677412640745
4.2187	 0.5045417373721489
4.2153	 0.5044266157310674
4.2119	 0.504332367135729
4.2085	 0.504250747738988
4.2051	 0.5041723360904711
4.2016	 0.5041811230534525
4.1982	 0.5041133972811987
4.1948	 0.5040674527577069
4.1915	 0.5040338419605437
4.1881	 0.5040188075850243
4.1847	 0.5039705279254991
4.1813	 0.5039238170892336
4.178	 0.5038784987076151
4.1746	 0.5038340642444259
4.1712	 0.5037875947115802
4.1679	 0.5037388734286126
4.1645	 0.5037706680614527
4.1612	 0.5037267563447897
4.1578	 0.5036853879227995
4.1545	 0.5036328588099738
4.1512	 0.5035843995370299
4.1479	 0.5035297258155702
4.1445	 0.5034682123292332
4.1412	 0.5034079857848214
4.1379	 0.5033579274559412
4.1346	 0.5033049584035225
4.1313	 0.5032469551568589
4.128	 0.5032512655025623
4.1248	 0.5031977987265888
4.1215	 0.5031344642501454
4.1182	 0.5030817495359117
4.115	 0.5030320284958454
4.1117	 0.5029963844962715
4.1084	 0.5029636890549619
4.1052	 0.5029263166591046
4.1019	 0.5028847285420224
4.0987	 0.5028310815573208
4.0954	 0.5027807954025161
4.0922	 0.5027614154671902
4.089	 0.502712845545453
4.0858	 0.5026683303892978
4.0826	 0.5026410000697318
4.0793	 0.5026233789172818
4.0761	 0.5025981874805537
4.0729	 0.502569840232186
4.0697	 0.502545955255343
4.0665	 0.5025119093845448
4.0633	 0.5024579217685046
4.0602	 0.5023887201550451
4.057	 0.5023607988061104
4.0538	 0.5022996780084543
4.0507	 0.5022383634170476
4.0475	 0.5021864287165048
4.0443	 0.50214947097572
4.0412	 0.5021235241908844
4.038	 0.5020911292088005
4.0349	 0.502053575508504
4.0317	 0.5020149197917356
4.0286	 0.5019851174705985
4.0255	 0.5019446357999843
4.0224	 0.5019040733169297
4.0193	 0.5018575414908135
4.0161	 0.5018118951536579
4.013	 0.5017594598182832
4.0099	 0.5017013293321704
4.0068	 0.5016434116226707
4.0037	 0.5015708182690963
4.0006	 0.5015054581882867
3.9976	 0.5014258909918835
3.9945	 0.5013359538210801
3.9914	 0.5012522249184739
3.9883	 0.5012126812817056
3.9853	 0.5011358765079675
3.9822	 0.5010580030539967
3.9792	 0.5009739784834465
3.9761	 0.5008734733866496
3.9731	 0.5007933628915286
3.97	 0.500715799895186
3.967	 0.5006340180053493
3.9639	 0.5005491296054038
3.9609	 0.5004716152920711
3.9579	 0.5004385288603468
3.9549	 0.5003753079845993
3.9519	 0.5003128321726593
3.9489	 0.5002264679867159
3.9458	 0.5001569418809307
3.9428	 0.5000875621617973
3.9398	 0.5000129102547758
3.9369	 0.4999358474310013
3.9339	 0.49985690700148216
3.9309	 0.4997759088686678
3.9279	 0.4996984730052497
3.9249	 0.49964464289915606
3.922	 0.49954098002799374
3.919	 0.49946185517430663
3.916	 0.4993813598705806
3.9131	 0.49929385843738905
3.9101	 0.49920116089906186
3.9072	 0.4991198190160981
3.9042	 0.499037144951799
3.9013	 0.4989537338259129
3.8984	 0.4988761314202262
3.8954	 0.49875934788126725
3.8925	 0.4986770939967024
3.8896	 0.498587029922365
3.8867	 0.49849365439662024
3.8838	 0.4984033674601284
3.8809	 0.49830692843241414
3.878	 0.4982085983587376
3.8751	 0.4981144581020893
3.8722	 0.4980131049810143
3.8693	 0.4978582862294954
3.8664	 0.4977625820435618
3.8635	 0.49767683767587617
3.8606	 0.4975920159049755
3.8578	 0.497501937635857
3.8549	 0.49740823160473885
3.852	 0.4973166781350827
3.8492	 0.4972242412745898
3.8463	 0.49712794071073135
3.8435	 0.49696191342138984
3.8406	 0.4968616539669055
3.8378	 0.49677190417363254
3.8349	 0.49668209479998277
3.8321	 0.496591964788576
3.8293	 0.4964893757173379
3.8264	 0.4963860031573907
3.8236	 0.49628746865189544
3.8208	 0.4961926114205291
3.818	 0.49602169587663064
3.8152	 0.4959155524200541
3.8124	 0.49581489331415274
3.8096	 0.4957098799718813
3.8068	 0.495596932491926
3.804	 0.4954838652043369
3.8012	 0.4953733612275711
3.7984	 0.49527036651966805
3.7956	 0.49509548978608203
3.7929	 0.494984014545127
3.7901	 0.49487101294019753
3.7873	 0.4947595215251227
3.7845	 0.4946490185498783
3.7818	 0.494544453691621
3.779	 0.49444103142422835
3.7763	 0.49431854614723303
3.7735	 0.4941989385734666
3.7708	 0.4940004702047286
3.7681	 0.49388773394427665
3.7653	 0.4937724039165229
3.7626	 0.4936489668240955
3.7599	 0.4935251004792153
3.7571	 0.4933993879169845
3.7544	 0.49326620243063407
3.7517	 0.49313068203046834
3.749	 0.4929931726523598
3.7463	 0.4927807386358396
3.7436	 0.49264818874875665
3.7409	 0.4925144942885834
3.7382	 0.4923849686111187
3.7355	 0.49225699145255397
3.7328	 0.49213576804236564
3.7301	 0.49201195737459524
3.7274	 0.4918774087221174
3.7247	 0.49163246974259334
3.7221	 0.49147815322414573
3.7194	 0.4913276941294023
3.7167	 0.49117272957575686
3.7141	 0.49101035220630074
3.7114	 0.4908521309489962
3.7088	 0.49068969527475176
3.7061	 0.49051484349056035
3.7035	 0.490339355077644
3.7008	 0.49000493736498263
3.6982	 0.4898295270699067
3.6955	 0.4896426941937896
3.6929	 0.4894780581524076
3.6903	 0.4893161578785134
3.6877	 0.48916506160836726
3.685	 0.48900825975602646
3.6824	 0.48883743373947314
3.6798	 0.4886650119739609
3.6772	 0.4883613182070648
3.6746	 0.4882055808122651
3.672	 0.4880623717810845
3.6694	 0.4878876560607989
3.6668	 0.4877461456598589
3.6642	 0.48760021646351337
3.6616	 0.48745117948930083
3.659	 0.48730610446204764
3.6564	 0.4870340325510066
3.6539	 0.4868833275452675
3.6513	 0.48673011973267793
3.6487	 0.48657495717119575
3.6462	 0.48642383248636534
3.6436	 0.4862353500901996
3.641	 0.4860842458414697
3.6385	 0.4859197888463922
3.6359	 0.4856082501334854
3.6334	 0.4854315542031807
3.6308	 0.4852508539628418
3.6283	 0.4850705759245396
3.6258	 0.48488089349797564
3.6232	 0.4846779482356111
3.6207	 0.48447169826112035
3.6182	 0.48422771700947986
3.6156	 0.48403008420564464
3.6131	 0.48363673893479314
3.6106	 0.4834293141306909
3.6081	 0.48323202206874893
3.6056	 0.4830458702538535
3.6031	 0.48286349029447284
3.6006	 0.4826791446640201
3.5981	 0.48249456145340514
3.5956	 0.4822720452486117
3.5931	 0.48195480688406755
3.5906	 0.4817869246344241
3.5881	 0.481615131543224
3.5856	 0.48143812522698887
3.5832	 0.48125899880258677
3.5807	 0.4810726375230092
3.5782	 0.48089656632296673
3.5758	 0.4807324760395872
3.5733	 0.48056394460347973
3.5708	 0.48018139577202046
3.5684	 0.48000560039171886
3.5659	 0.479831469943111
3.5635	 0.4796736309235375
3.561	 0.4795178526721375
3.5586	 0.4793427497781765
3.5561	 0.47916271062672267
3.5537	 0.47898870833411805
3.5513	 0.4786693325689672
3.5488	 0.4785036013109665
3.5464	 0.4782777756955055
3.544	 0.4781416387453595
3.5415	 0.47802111472985376
3.5391	 0.4779061398953803
3.5367	 0.47779172338232745
3.5343	 0.47767531374887834
3.5319	 0.47746544858452866
3.5295	 0.4773588006579073
3.5271	 0.47725728447333643
3.5247	 0.47706909402782327
3.5223	 0.4769600662749246
3.5199	 0.4768613144604924
3.5175	 0.4767698146658334
3.5151	 0.47654102791347264
3.5128	 0.476462471814946
3.5104	 0.4763872438116071
3.508	 0.4763307731934328
3.5056	 0.4762923607940946
3.5033	 0.4762668077214898
3.5009	 0.4761758523470835
3.4985	 0.47617982197579195
3.4962	 0.4761815013657105
3.4938	 0.476088292089055
3.4915	 0.4761011020504744
3.4891	 0.4761099824911675
3.4868	 0.4761075165247481
3.4844	 0.4761115022954878
3.4821	 0.47612357563714486
3.4798	 0.4761417746266469
3.4774	 0.47597240113896283
3.4751	 0.4759771776365734
3.4728	 0.4759681766034652
3.4704	 0.4759480793860183
3.4681	 0.47592438851496877
3.4658	 0.47590124945532736
3.4635	 0.4758826603281305
3.4612	 0.47587445172057724
3.4589	 0.4758696295977869
3.4566	 0.47566813605387853
3.4543	 0.4756634878126172
3.452	 0.4756650698449297
3.4497	 0.47567450688663293
3.4474	 0.4756881459525761
3.4451	 0.47570075339119755
3.4428	 0.4757143943079235
3.4405	 0.47573981824370476
3.4382	 0.4756677441828248
3.4359	 0.47557298452336183
3.4337	 0.4756048683494095
3.4314	 0.47565694942268005
3.4291	 0.4757246291264774
3.4269	 0.4758088852151735
3.4246	 0.4759093457903255
3.4223	 0.4759138771171286
3.4201	 0.4760253608666233
3.4178	 0.47613180870603095
3.4156	 0.4762473899139879
3.4133	 0.4762395742973791
3.4111	 0.47636314660560325
3.4088	 0.4764745097462544
3.4066	 0.47657137508472797
3.4043	 0.47653187549774495
3.4021	 0.4766103489966569
3.3999	 0.47668282104256277
3.3977	 0.4767439801050308
3.3954	 0.4767961113070303
3.3932	 0.47670623604484136
3.391	 0.4767586761102372
3.3888	 0.4768051368584173
3.3866	 0.4766994922230388
3.3844	 0.476749327941791
3.3822	 0.4768092625008226
3.3799	 0.47687507397432194
3.3777	 0.476927596050057
3.3755	 0.47697290486313965
3.3733	 0.47702356969490856
3.3712	 0.47691786396159125
3.369	 0.47679863968358677
3.3668	 0.47684464842272467
3.3646	 0.476884107154569
3.3624	 0.4769161761138017
3.3602	 0.4769657920474945
3.358	 0.477029394108231
3.3559	 0.4770951299086601
3.3537	 0.47698177894602534
3.3515	 0.4768615446762422
3.3494	 0.476904019004977
3.3472	 0.47693606335362027
3.3451	 0.47694544429175745
3.3429	 0.47692631841733624
3.3407	 0.47688542077318824
3.3386	 0.47684098257243895
3.3364	 0.4766212752647929
3.3343	 0.4765713960238475
3.3321	 0.47634481852577226
3.33	 0.4763110756835816
3.3279	 0.4762779954210765
3.3257	 0.4762545257011162
3.3236	 0.4762397515566925
3.3215	 0.47604562396102845
3.3194	 0.47602575352588267
3.3172	 0.4760206204428367
3.3151	 0.4758796933787486
3.313	 0.475882611532846
3.3109	 0.47587544801133314
3.3088	 0.4758628168664009
3.3066	 0.47583734463997845
3.3045	 0.4756028909549198
3.3024	 0.4755342510367286
3.3003	 0.47544102068148325
3.2982	 0.47532912454029513
3.2961	 0.4752111043802928
3.294	 0.47495471858678734
3.292	 0.47482086607283364
3.2899	 0.47447614826534096
3.2878	 0.47432826076659373
3.2857	 0.47419382937971527
3.2836	 0.47406549099443823
3.2815	 0.4739305111092487
3.2795	 0.473784322901909
3.2774	 0.47349302862971177
3.2753	 0.47334297146685034
3.2732	 0.47300913546410733
3.2712	 0.4728715016893424
3.2691	 0.472738652368942
3.2671	 0.4726133240607633
3.265	 0.47248752197060684
3.263	 0.4723553955324594
3.2609	 0.4722110554604347
3.2588	 0.471875759291692
3.2568	 0.47158201106912495
3.2548	 0.47143537890242465
3.2527	 0.4712822934847458
3.2507	 0.4711250559820623
3.2486	 0.4709678715908763
3.2466	 0.4708069181420253
3.2446	 0.47064711632766393
3.2426	 0.47029952576302675
3.2405	 0.4701350016479948
3.2385	 0.46984224103532934
3.2365	 0.4696894423796858
3.2345	 0.46953997770892786
3.2324	 0.4693842948075586
3.2304	 0.469214980150738
3.2284	 0.4688327909343415
3.2264	 0.4686377841377824
3.2244	 0.4684454336935934
3.2224	 0.468160742117384
3.2204	 0.46796291904858794
3.2184	 0.46776807972265927
3.2164	 0.46757465578972834
3.2144	 0.4671921455630959
3.2124	 0.46699392916738036
3.2104	 0.46680210070905775
3.2084	 0.46661679550755275
3.2064	 0.4664235290458159
3.2045	 0.4661341480629029
3.2025	 0.4659411697685135
3.2005	 0.4655548583881946
3.1985	 0.4653638531334853
3.1966	 0.46518604591041224
3.1946	 0.4650160267594048
3.1926	 0.4648437937162751
3.1907	 0.4646779682240408
3.1887	 0.46452073039018715
3.1867	 0.46425838601029773
3.1848	 0.463887225003081
3.1828	 0.46371606536546633
3.1809	 0.4635368369139728
3.1789	 0.4633657726813193
3.177	 0.46321402350362684
3.175	 0.4630691246950084
3.1731	 0.4629205241359155
3.1711	 0.46255896163290955
3.1692	 0.4623175113729655
3.1673	 0.46217240894109834
3.1653	 0.4620147247759418
3.1634	 0.4618590445923919
3.1615	 0.4617044866082332
3.1596	 0.46154378045278244
3.1576	 0.46119032850366404
3.1557	 0.461040680061036
3.1538	 0.4607957487808192
3.1519	 0.4606452528492825
3.15	 0.46050828517029846
3.1481	 0.4603784033535644
3.1461	 0.460246840697512
3.1442	 0.4601289826141379
3.1423	 0.4598211380408874
3.1404	 0.45972274801255064
3.1385	 0.45962303485804407
3.1366	 0.45938704133087743
3.1347	 0.4593040992124186
3.1328	 0.45922222783470096
3.1309	 0.45911730231394826
3.129	 0.4588051822159826
3.1272	 0.45869587826342195
3.1253	 0.4585833377443856
3.1234	 0.4584680352471609
3.1215	 0.4582294222299898
3.1196	 0.45813436676479957
3.1178	 0.4580375508734842
3.1159	 0.4577343566823774
3.114	 0.4576134449123326
3.1121	 0.4575126863379418
3.1103	 0.4574240579290354
3.1084	 0.45732708769530256
3.1065	 0.4572381972481899
3.1047	 0.4568817020784685
3.1028	 0.4568144136304247
3.101	 0.4567666521416625
3.0991	 0.4567422153477488
3.0973	 0.4567251105960872
3.0954	 0.45670331126025043
3.0936	 0.45668713217900303
3.0917	 0.4565525413255546
3.0899	 0.45640182843719557
3.088	 0.4564331740783499
3.0862	 0.4564525095850646
3.0844	 0.4564611888426816
3.0825	 0.4564757839095973
3.0807	 0.45650456208373014
3.0789	 0.4565401501712151
3.077	 0.4564383287298519
3.0752	 0.4564807634912775
3.0734	 0.45634944059148463
3.0716	 0.45640903769715147
3.0698	 0.45647106911146057
3.068	 0.45653605958886495
3.0661	 0.4566017949045664
3.0643	 0.45655832035033767
3.0625	 0.4566204903526546
3.0607	 0.45669762660526664
3.0589	 0.4565838562110827
3.0571	 0.45666539325289746
3.0553	 0.456756056636345
3.0535	 0.4568627990206864
3.0517	 0.4568956399422012
3.0499	 0.45700627172821273
3.0481	 0.4571134445568852
3.0463	 0.4572194103295627
3.0445	 0.45733023767856573
3.0427	 0.45723805035334547
3.041	 0.45727776295743794
3.0392	 0.45740529952023884
3.0374	 0.4575277870369332
3.0356	 0.4576456039388716
3.0338	 0.4577695668423203
3.0321	 0.45790107727890944
3.0303	 0.45802639419577296
3.0285	 0.45786061233394054
3.0268	 0.4579963790822
3.025	 0.45811998831996587
3.0232	 0.45823661615907135
3.0215	 0.45837564530334995
3.0197	 0.45852550739512704
3.0179	 0.4586715769942327
3.0162	 0.4587126869112514
3.0144	 0.45862985498436876
3.0127	 0.458747045139962
3.0109	 0.458857187573783
3.0092	 0.4589686267481519
3.0074	 0.4591094637248229
3.0057	 0.45927034483829093
3.004	 0.45933671764037526
3.0022	 0.45950522935414706
3.0005	 0.45944991603938534
2.9987	 0.4596096801948336
2.997	 0.45977029369959865
2.9953	 0.4599269520841283
2.9935	 0.45997800198321775
2.9918	 0.4601459962920291
2.9901	 0.46032427671065723
2.9884	 0.4605116693780425
2.9867	 0.4607068291985469
2.9849	 0.4606976602247711
2.9832	 0.460895168981609
2.9815	 0.4610429148400609
2.9798	 0.46125740959103345
2.9781	 0.4614534622832294
2.9764	 0.4616489028743566
2.9747	 0.4618425949901507
2.9729	 0.46204255991424653
2.9712	 0.4620636066227637
2.9695	 0.4622106221643393
2.9678	 0.46242399303670695
2.9661	 0.46266078684902096
2.9645	 0.4629192930384773
2.9628	 0.4631995584969843
2.9611	 0.46347810434533265
2.9594	 0.4637237669169408
2.9577	 0.46367286412097813
2.956	 0.46395293878726435
2.9543	 0.46425006181193246
2.9526	 0.4645104259557708
2.951	 0.46474825733319036
2.9493	 0.4649697164921844
2.9476	 0.4650503177443326
2.9459	 0.46524867966136463
2.9442	 0.46542779222578623
2.9426	 0.4653903746338564
2.9409	 0.46558112230078535
2.9392	 0.4657773082283963
2.9376	 0.46591693587992666
2.9359	 0.4657299681949701
2.9343	 0.4657612344280159
2.9326	 0.4656843623001986
2.9309	 0.4654653251507658
2.9293	 0.4649397234804919
2.9276	 0.46453278100526635
2.926	 0.4640814435196479
2.9243	 0.46283524757541417
2.9227	 0.4623177945144857
2.921	 0.4617089457409089
2.9194	 0.4608418653160284
2.9177	 0.4600078435887902
2.9161	 0.45931862560230136
2.9145	 0.4586307019448519
2.9128	 0.45847047935359175
2.9112	 0.45833418303336565
2.9096	 0.45824263734480186
2.9079	 0.45819440506710735
2.9063	 0.4581921644299643
2.9047	 0.45807066658496315
2.903	 0.45842490385826423
2.9014	 0.45887811335734485
2.8998	 0.4593598733674094
2.8982	 0.4599254248123509
2.8966	 0.46072899817798346
2.8949	 0.46179159138279247
2.8933	 0.46417396412588036
2.8917	 0.46537634533043426
2.8901	 0.4668545080282508
2.8885	 0.4684120586987705
2.8869	 0.4700465601376254
2.8853	 0.47175850276456044
2.8837	 0.4735188665403212
2.8821	 0.4768410529948917
2.8805	 0.478674256643475
2.8789	 0.48058498348813294
2.8773	 0.4823354581870866
2.8757	 0.48431807167862495
2.8741	 0.4862714739554402
2.8725	 0.4897923843399657
2.8709	 0.491811697996965
2.8693	 0.4938415205291889
2.8677	 0.49581508386608686
2.8661	 0.4978253330740549
2.8645	 0.4996406060896484
2.863	 0.50162677045733
2.8614	 0.5050214277367001
2.8598	 0.5069026756986423
2.8582	 0.5087680181417484
2.8567	 0.5106147936437299
2.8551	 0.512452081775328
2.8535	 0.514264165484541
2.8519	 0.5172093025397548
2.8504	 0.5189729345472707
2.8488	 0.5207246845454526
2.8472	 0.522478815833358
2.8457	 0.5242429258651882
2.8441	 0.5260041107745982
2.8426	 0.5277457398694331
2.841	 0.5304600128723852
2.8394	 0.5321513784947005
2.8379	 0.5338332852302721
2.8363	 0.5355135370729132
2.8348	 0.5371853918884273
2.8332	 0.5388548571792008
2.8317	 0.5416140228159894
2.8302	 0.5433219788798325
2.8286	 0.5448172644167184
2.8271	 0.5464666569539903
2.8255	 0.5481235224081775
2.824	 0.5497548903112498
2.8224	 0.552301107625566
2.8209	 0.5539034269793729
2.8194	 0.5555023275016312
2.8178	 0.5570813072383032
2.8163	 0.5585238123080857
2.8148	 0.5601248912042148
2.8133	 0.5625312065224027
2.8117	 0.564082720788483
2.8102	 0.565645978574105
2.8087	 0.56720340471069
2.8072	 0.5687269310508493
2.8056	 0.5702553968060785
2.8041	 0.571646559305778
2.8026	 0.5738734054548377
2.8011	 0.5753372764033623
2.7996	 0.5767983025472011
2.7981	 0.5782474854001285
2.7966	 0.5797067688637876
2.7951	 0.5812010606753254
2.7936	 0.5832908089330658
2.7921	 0.5847068460715679
2.7906	 0.5860942497050226
2.789	 0.5874707621131526
2.7875	 0.5888389085511965
2.786	 0.5902039361279807
2.7845	 0.59211631917908
2.7831	 0.5934539111287589
2.7816	 0.5946338250221417
2.7801	 0.5959174085611794
2.7786	 0.5972031753688286
2.7771	 0.5984894507205503
2.7756	 0.6002247416564661
2.7741	 0.6014946896169244
2.7726	 0.602756417713433
2.7712	 0.6039687735264871
2.7697	 0.6050734724487199
2.7682	 0.6063011176054846
2.7667	 0.6075040642902472
2.7652	 0.6090577126212271
2.7638	 0.6102190174235503
2.7623	 0.6113594171797673
2.7608	 0.6125106715788693
2.7594	 0.6136746162718129
2.7579	 0.6150397113819569
2.7564	 0.6161329661982896
2.755	 0.6171761537633443
2.7535	 0.6182317737866266
2.752	 0.6193427987851106
2.7506	 0.6204743913390207
2.7491	 0.6218792177438032
2.7477	 0.6229503094539918
2.7462	 0.6241090079235502
2.7447	 0.6252737565132778
2.7433	 0.6264598001079141
2.7418	 0.627640489026626
2.7404	 0.628787121892532
2.7389	 0.6301515654650945
2.7375	 0.6313785270446497
2.7361	 0.6325852504841667
2.7346	 0.6338835798516579
2.7332	 0.635257988751012
2.7317	 0.6368064296756617
2.7303	 0.6386767330319045
2.7289	 0.6404957545923086
2.7274	 0.6424145803362306
2.726	 0.6443629386030952
2.7246	 0.6462287937319732
2.7231	 0.6482154448492171
2.7217	 0.6503479900749046
2.7203	 0.6525443948458868
2.7188	 0.6549328232720907
2.7174	 0.6571276614019621
2.716	 0.6588968726033047
2.7146	 0.6603034891080471
2.7132	 0.6617823369070138
2.7117	 0.663183299339315
2.7103	 0.664532791927416
2.7089	 0.6658204935466543
2.7075	 0.6670454406619324
2.7061	 0.6681782596207978
2.7047	 0.6691694340671762
2.7033	 0.6698397436288445
2.7018	 0.6704882134304311
2.7004	 0.6710334685984967
2.699	 0.6715099568171078
2.6976	 0.6718144121927551
2.6962	 0.671794091971891
2.6948	 0.671506809753445
2.6934	 0.6708724397884613
2.692	 0.6702385774865643
2.6906	 0.6695181725297275
2.6892	 0.6686978653058145
2.6878	 0.6677446453286089
2.6864	 0.666718381540356
2.685	 0.6656057361063074
2.6837	 0.6644329336818671
2.6823	 0.663143028821896
2.6809	 0.6618875834127854
2.6795	 0.6605351600906321
2.6781	 0.6591235081071347
2.6767	 0.6576509997787543
2.6753	 0.6561559123162642
2.674	 0.6546785776190885
2.6726	 0.6532159678507141
2.6712	 0.6516393634372382
2.6698	 0.6500037631441955
2.6685	 0.6483679294678174
2.6671	 0.6467558034840393
2.6657	 0.6450949521804795
2.6644	 0.6434350767145631
2.663	 0.6417827963481127
2.6616	 0.6403428201307662
2.6603	 0.638819970307307
2.6589	 0.6373060619228315
2.6575	 0.6358048579668146
2.6562	 0.6343134283910079
2.6548	 0.6327844530083104
2.6534	 0.6313002519199474
2.6521	 0.629981189812547
2.6507	 0.6285135230626979
2.6494	 0.6270753377653279
2.648	 0.6256485161387947
2.6467	 0.6241737469908096
2.6453	 0.6227220936612895
2.644	 0.6212702451657792
2.6426	 0.6198268956279009
2.6413	 0.61863414143579
2.6399	 0.6171737732497511
2.6386	 0.6157581461830771
2.6372	 0.6143451038190759
2.6359	 0.6129284116931089
2.6346	 0.6115135083099943
2.6332	 0.6100852801274136
2.6319	 0.608922059934013
2.6306	 0.6074619316484544
2.6292	 0.6059880386836425
2.6279	 0.6045540268621336
2.6266	 0.6031275263007866
2.6252	 0.6017050004831636
2.6239	 0.6002926634014564
2.6226	 0.5993037930613513
2.6212	 0.5979348043227933
2.6199	 0.5965337314502709
2.6186	 0.5951385619652385
2.6173	 0.593747293160042
2.616	 0.5923412730521801
2.6146	 0.5909555855467915
2.6133	 0.5900563048080754
2.612	 0.5887273198338936
2.6107	 0.5874015151749036
2.6094	 0.5860641346263206
2.6081	 0.5847160781633043
2.6067	 0.5833768153436388
2.6054	 0.5820111896510234
2.6041	 0.5806481482124102
2.6028	 0.579818153169761
2.6015	 0.5785250685642281
2.6002	 0.5772058666036446
2.5989	 0.5759176198297408
2.5976	 0.5746235225611642
2.5963	 0.5732871150060989
2.595	 0.5718704600251014
2.5937	 0.5709746894362481
2.5924	 0.5695413332682085
2.5911	 0.5682380461624191
2.5898	 0.5669539946729154
2.5885	 0.5656677839912989
2.5872	 0.5643766612754421
2.5859	 0.5630312778252721
2.5847	 0.5623476881737036
2.5834	 0.5610673009734084
2.5821	 0.5598162698591519
2.5808	 0.5585984697034204
2.5795	 0.5573456473841171
2.5782	 0.5561535205463418
2.577	 0.5549691138251006
2.5757	 0.5544097630722735
2.5744	 0.5532427122155364
2.5731	 0.5520627849132794
2.5718	 0.5509078194253203
2.5706	 0.5497743043567367
2.5693	 0.5486418098252047
2.568	 0.547522089808922
2.5667	 0.5464279883448127
2.5655	 0.545993314883517
2.5642	 0.5449126144452898
2.5629	 0.5438268317446995
2.5617	 0.5427391413223513
2.5604	 0.5416491882471558
2.5591	 0.5405868690916361
2.5579	 0.5402308428006948
2.5566	 0.5392303694174905
2.5554	 0.5382407625730493
2.5541	 0.5372525996224836
2.5528	 0.5362339455354983
2.5516	 0.5351992852347011
2.5503	 0.5341715556295974
2.5491	 0.5338853388581245
2.5478	 0.5328615365303063
2.5466	 0.531826312826862
2.5453	 0.5307913869458306
2.5441	 0.5297527178618021
2.5428	 0.5287244449230162
2.5416	 0.527695943728274
2.5403	 0.5266807315767021
2.5391	 0.5264455694130216
2.5379	 0.5254204644272399
2.5366	 0.5243643807602638
2.5354	 0.5233050321215608
2.5341	 0.5222302196537482
2.5329	 0.5210964106690529
2.5317	 0.5198883048531888
2.5304	 0.51968773584194
2.5292	 0.5184401366809093
2.528	 0.517151078424036
2.5267	 0.5158311862700311
2.5255	 0.5145053418480432
2.5243	 0.5131538412567426
2.523	 0.5117906581155172
2.5218	 0.5115220436943754
2.5206	 0.5101394824247041
2.5194	 0.5086505813937051
2.5181	 0.507179168551411
2.5169	 0.5058657838267615
2.5157	 0.5044736655289753
2.5145	 0.503222894191836
2.5133	 0.5029722732037016
2.512	 0.5017351542037244
2.5108	 0.5005184916518953
2.5096	 0.49932771126724257
2.5084	 0.4980206316605605
2.5072	 0.496931825575532
2.506	 0.49590693138070324
2.5048	 0.49577770657673836
2.5035	 0.49484279158258526
2.5023	 0.49399035427592874
2.5011	 0.49315530186607354
2.4999	 0.4924060316108879
2.4987	 0.49170491927609733
2.4975	 0.4911029821631777
2.4963	 0.4910792040810521
2.4951	 0.4905600223805118
2.4939	 0.4901318848376895
2.4927	 0.489743290785576
2.4915	 0.4893651641742645
2.4903	 0.4890082815353914
2.4891	 0.4886880445106579
2.4879	 0.4885626015195155
2.4867	 0.48831254329050744
2.4855	 0.48811260604444073
2.4844	 0.4879557323384022
2.4832	 0.48783501166910903
2.482	 0.4877566086551097
2.4808	 0.48769088631762353
2.4796	 0.4877264385748169
2.4784	 0.4877019520147677
2.4772	 0.4877093325144631
2.476	 0.4877934327047807
2.4749	 0.4878372661608147
2.4737	 0.48787585089495233
2.4725	 0.48792994812853896
2.4713	 0.4880098142126562
2.4701	 0.48812951582216657
2.469	 0.48833071110490756
2.4678	 0.48846294284659214
2.4666	 0.4886243938651948
2.4655	 0.48879973148957206
2.4643	 0.4889587540712758
2.4631	 0.4891552043368439
2.4619	 0.4892984402065909
2.4608	 0.48943611423838285
2.4596	 0.4895688513993792
2.4584	 0.4896963551400983
2.4573	 0.48981864545920495
2.4561	 0.49003566615157906
2.4549	 0.49013925667447406
2.4538	 0.4902669572203606
2.4526	 0.49039970568222546
2.4515	 0.4905387490176348
2.4503	 0.49076505548443783
2.4491	 0.49088933284551045
2.448	 0.4910169904074882
2.4468	 0.491132402704245
2.4457	 0.49127205472282304
2.4445	 0.4914157164338563
2.4434	 0.4916525820756649
2.4422	 0.49180073787870227
2.4411	 0.4919472056985587
2.4399	 0.49206280383048756
2.4388	 0.49221191525210395
2.4376	 0.49245321689075977
2.4365	 0.4926084554318795
2.4353	 0.49276672220277334
2.4342	 0.49293590875503235
2.4331	 0.49310960556077027
2.4319	 0.49332666956387394
2.4308	 0.4935041038226013
2.4296	 0.49370033644027395
2.4285	 0.4938789870633896
2.4274	 0.49405669403756103
2.4262	 0.494248392977714
2.4251	 0.49451894719619793
2.424	 0.49464020913547135
2.4228	 0.49479719776781017
2.4217	 0.49495304641813165
2.4206	 0.49512781222446167
2.4194	 0.49540848764934275
2.4183	 0.4955799454849169
2.4172	 0.4957644486750299
2.416	 0.4959334881389498
2.4149	 0.49603718894054194
2.4138	 0.4961893280390707
2.4127	 0.49645303487125725
2.4116	 0.4966161399255543
2.4104	 0.4967793272350078
2.4093	 0.4969421907393497
2.4082	 0.49714438897982477
2.4071	 0.4973121326364549
2.4059	 0.49749537313062064
2.4048	 0.4976950793586531
2.4037	 0.4978878128739413
2.4026	 0.49807250677717685
2.4015	 0.4983499469242636
2.4004	 0.49849265640357177
2.3993	 0.4986871435756508
2.3982	 0.49889301395842084
2.3971	 0.49912402669102535
2.396	 0.49949409781104
2.3948	 0.4998103061574453
2.3937	 0.5001090819872125
2.3926	 0.5003300363315405
2.3915	 0.5006121385911207
2.3904	 0.5009781930560784
2.3893	 0.5012519601515999
2.3882	 0.5015279886823591
2.3871	 0.5018043090126545
2.386	 0.5020169821439978
2.3849	 0.502275739436728
2.3838	 0.5026278760638749
2.3827	 0.5028919874561583
2.3816	 0.5031387654008617
2.3805	 0.5033761470784802
2.3795	 0.5035615623752054
2.3784	 0.5038686942514937
2.3773	 0.5040898764630604
2.3762	 0.5043097873189818
2.3751	 0.5045129573206669
2.374	 0.5047154643347816
2.3729	 0.5049982353377563
2.3718	 0.5051765398951727
2.3708	 0.5053063015781901
2.3697	 0.5054772360465506
2.3686	 0.5056466252299349
2.3675	 0.5058852271090515
2.3664	 0.5060316224745791
2.3653	 0.5061803456939089
2.3643	 0.5062777037210688
2.3632	 0.506419527302997
2.3621	 0.5066415243772013
2.361	 0.5067840657546362
2.36	 0.5069153580992355
2.3589	 0.5070319138862825
2.3578	 0.507146549222248
2.3567	 0.5073185259120823
2.3557	 0.5074393247363849
2.3546	 0.5075555464290273
2.3535	 0.5076743946960219
2.3525	 0.5078024401186919
2.3514	 0.5080085274517935
2.3503	 0.5081239537514625
2.3493	 0.5082037250708002
2.3482	 0.5083178986886694
2.3471	 0.5084343344981312
2.3461	 0.5085474306634089
2.345	 0.5087332262590541
2.344	 0.5088596850381978
2.3429	 0.5089507624110716
2.3418	 0.5090788184242436
2.3408	 0.5092029143556622
2.3397	 0.5093986503565436
2.3387	 0.509516049655928
2.3376	 0.5096439093955598
2.3366	 0.5097848570424834
2.3355	 0.5098943327486308
2.3345	 0.5101067468231083
2.3334	 0.5102515839110012
2.3324	 0.5104012981435552
2.3313	 0.5105523242749485
2.3303	 0.510706443673115
2.3292	 0.5109199235363809
2.3282	 0.51110292063518
2.3271	 0.5113041452823132
2.3261	 0.5115267720715035
2.325	 0.511770930820471
2.324	 0.5120907998365588
2.323	 0.5123632569709142
2.3219	 0.512616202231674
2.3209	 0.5128948495137441
2.3198	 0.5131804385040029
2.3188	 0.5135468898517112
2.3178	 0.5138703876462505
2.3167	 0.5142219453687593
2.3157	 0.5146031226047723
2.3147	 0.5150549302996945
2.3136	 0.5155967619383314
2.3126	 0.5160922414682213
2.3116	 0.5165926133677097
2.3105	 0.5170843416671186
2.3095	 0.5175561966481974
2.3085	 0.5179764154295731
2.3074	 0.5184517927671302
2.3064	 0.5188381996338324
2.3054	 0.5191953025312265
2.3044	 0.5195291949091746
2.3034	 0.519889304744565
2.3023	 0.5201673212165273
2.3013	 0.520398875689886
2.3003	 0.5206324643502676
2.2993	 0.5208552147832398
2.2982	 0.5211190218024878
2.2972	 0.5213299185651515
2.2962	 0.5215381400630138
2.2952	 0.5217140367818349
2.2942	 0.5219326763385975
2.2932	 0.5221743077407999
2.2921	 0.5224997521422012
2.2911	 0.5228076772957753
2.2901	 0.5231256013610036
2.2891	 0.523436786581183
2.2881	 0.5236920152511083
2.2871	 0.5239965993151612
2.2861	 0.5242361687026488
2.2851	 0.5244474633821132
2.2841	 0.5246303804536157
2.2831	 0.5247933774198539
2.2821	 0.5249501609863099
2.2811	 0.5250866447745014
2.2801	 0.5252142288830707
2.279	 0.5253361243825295
2.278	 0.525496279692137
2.2771	 0.5255994978536884
2.2761	 0.5256641241269886
2.275	 0.5257516788591691
2.274	 0.5258384317456651
2.2731	 0.5259654455459027
2.2721	 0.5260463650576149
2.2711	 0.526118235187602
2.2701	 0.5261858190887103
2.2691	 0.5262311593169707
2.2681	 0.5262834585179361
2.2671	 0.5263640508929085
2.2661	 0.5264019324608356
2.2651	 0.52643691635452
2.2641	 0.5264723435764578
2.2631	 0.5265275255147575
2.2621	 0.5265459504779446
2.2612	 0.526562771609579
2.2602	 0.5265804577069061
2.2592	 0.5265976669343763
2.2582	 0.5266533451421733
2.2572	 0.5266760454426855
2.2562	 0.5266749823831955
2.2553	 0.5266928279422339
2.2543	 0.5267077075733064
2.2533	 0.5267498465757432
2.2523	 0.5267524870468865
2.2513	 0.5267527603098349
2.2504	 0.526733891552212
2.2494	 0.526734029609683
2.2484	 0.5267726722886225
2.2474	 0.526770166545432
2.2465	 0.5267641063685555
2.2455	 0.5267599029956952
2.2445	 0.526788567752275
2.2435	 0.5267687993891885
2.2426	 0.5267636714563102
2.2416	 0.5267600295358519
2.2406	 0.526761660367059
2.2397	 0.5267596513863774
2.2387	 0.5267814142568834
2.2377	 0.5267667547902949
2.2368	 0.5267607599705402
2.2358	 0.526750281397304
2.2348	 0.5267722776819449
2.2339	 0.52675832518447
2.2329	 0.5267420899715171
2.232	 0.5267236273190766
2.231	 0.5267111387639558
2.23	 0.5267232723448992
2.2291	 0.5267087665207879
2.2281	 0.5266905132663839
2.2272	 0.5266634535710384
2.2262	 0.5266344074958211
2.2252	 0.5266373092628138
2.2243	 0.5266103196400077
2.2233	 0.5265879816149668
2.2224	 0.5265642492626106
2.2214	 0.5265409872179543
2.2205	 0.5265425147439565
2.2195	 0.5265042061746895
2.2186	 0.5264735368573082
2.2176	 0.5264418685325106
2.2167	 0.5264453623367396
2.2157	 0.526423942875831
2.2148	 0.5264022842768121
2.2138	 0.526374030398863
2.2129	 0.52633529861089
2.212	 0.5262928379692121
2.211	 0.5262794215749332
2.2101	 0.5262421160123786
2.2091	 0.5262093986519165
2.2082	 0.5261733439315459
2.2073	 0.5261391581427933
2.2063	 0.526128790151892
2.2054	 0.5260842813526292
2.2044	 0.5260344557063173
2.2035	 0.525982783993464
2.2026	 0.5259577800662802
2.2016	 0.5259176734965472
2.2007	 0.5258651610098617
2.1998	 0.5258101141127024
2.1988	 0.5257235448020584
2.1979	 0.5256299021986364
2.197	 0.5255248943453887
2.196	 0.5254612555620942
2.1951	 0.5253526097252578
2.1942	 0.5252424780516552
2.1932	 0.525125760311307
2.1923	 0.5250035641969588
2.1914	 0.5248777327492533
2.1905	 0.5248197730584243
2.1895	 0.5246945338150024
2.1886	 0.5245717590742727
2.1877	 0.5244487079506703
2.1868	 0.5243280933122909
2.1858	 0.5242111021274667
2.1849	 0.5240956270600207
2.184	 0.5240419334178574
2.1831	 0.5239287615309043
2.1822	 0.5238152131312741
2.1812	 0.5237043326423231
2.1803	 0.5235978196095217
2.1794	 0.5234913363595644
2.1785	 0.523439471702936
2.1776	 0.5233294976614913
2.1767	 0.5232180809095148
2.1758	 0.523111632403776
2.1749	 0.5230141439697085
2.1739	 0.5229235960704371
2.173	 0.5228745812334672
2.1721	 0.5227840001993777
2.1712	 0.5226971272224105
2.1703	 0.5226126775847266
2.1694	 0.5225277832638205
2.1685	 0.5224431389749937
2.1676	 0.522385131713343
2.1667	 0.5223001702275454
2.1658	 0.5222151333192663
2.1649	 0.5221363863167461
2.1639	 0.5220639413233806
2.1631	 0.5219951159368484
2.1622	 0.5219461809143212
2.1612	 0.5218768610562673
2.1604	 0.5218069718402971
2.1595	 0.5217377397040593
2.1585	 0.5216677831966474
2.1576	 0.5215952098253527
2.1568	 0.5215435036722185
2.1559	 0.5214646979209102
2.155	 0.5213877508518971
2.1541	 0.5213116008287897
2.1532	 0.5212306310889195
2.1523	 0.5211479705144246
2.1514	 0.5210924722462299
2.1505	 0.5210187863027347
2.1496	 0.5209489215980663
2.1487	 0.5208804023073799
2.1478	 0.520814725955891
2.1469	 0.5207553529524227
2.146	 0.5206978169237845
2.1452	 0.5206641283032528
2.1443	 0.5205933791598968
2.1434	 0.5205135499413883
2.1425	 0.5204341843318907
2.1416	 0.520355093344915
2.1407	 0.5202752171640809
2.1398	 0.5202291833480193
2.139	 0.5201574996759482
2.1381	 0.5200826482095989
2.1372	 0.5199988998058189
2.1363	 0.5199154051098137
2.1354	 0.5198367550504359
2.1345	 0.5197988004153741
2.1337	 0.5197136525892848
2.1328	 0.5196265141760348
2.1319	 0.5195387630734544
2.1311	 0.5194492861574902
2.1302	 0.519354800323406
2.1293	 0.519316673384554
2.1284	 0.519212491525197
2.1275	 0.5191010860532773
2.1267	 0.5189842000033118
2.1258	 0.5188597878976519
2.1249	 0.5187301828696586
2.1241	 0.5187043197553645
2.1232	 0.5185577699978029
2.1223	 0.5184018707413931
2.1214	 0.518245088501119
2.1206	 0.5180877804212269
2.1197	 0.5179266309783545
2.1189	 0.5178901176213421
2.118	 0.5177161772646085
2.1171	 0.5175341382798174
2.1163	 0.517340765726068
2.1154	 0.5171225690266513
2.1145	 0.5168812285369095
2.1137	 0.5168532332051209
2.1128	 0.5166007826810773
2.112	 0.5163423798203697
2.1111	 0.5160875886650411
2.1102	 0.5158417958906535
2.1094	 0.5156063393312775
2.1085	 0.5153783856859244
2.1077	 0.5153502380138852
2.1068	 0.515135438584715
2.1059	 0.5149374081896553
2.1051	 0.5147503876402593
2.1042	 0.5145688496455929
2.1034	 0.5145436770130548
2.1025	 0.5143750716829892
2.1017	 0.5142227185838883
2.1008	 0.5140838270475798
2.1	 0.5139479759967233
2.0991	 0.5138103747310623
2.0983	 0.5137903688418767
2.0974	 0.5136585467489779
2.0966	 0.5135310612282863
2.0957	 0.5134079020550286
2.0949	 0.5132821281494593
2.094	 0.5131466943560099
2.0932	 0.5129909824685106
2.0924	 0.5129664917041667
2.0915	 0.5127875523680696
2.0907	 0.5126004035064091
2.0898	 0.5124166954766016
2.089	 0.5122427776408948
2.0881	 0.5120861104250806
2.0873	 0.5120730641646402
2.0865	 0.5119180451436437
2.0856	 0.5117701909871203
2.0848	 0.511639858902223
2.0839	 0.5115275255725122
2.0831	 0.5114202024327903
2.0823	 0.511412967433404
2.0814	 0.511317607226087
2.0806	 0.5112268650079749
2.0798	 0.5111345799515458
2.0789	 0.5110305626835409
2.0781	 0.5110076437325003
2.0773	 0.510916021049774
2.0764	 0.5108322412592341
2.0756	 0.510745295271984
2.0748	 0.5106535582697284
2.0739	 0.5105604406865529
2.0731	 0.510540363251018
2.0723	 0.5104537043722881
2.0715	 0.5103733895740252
2.0706	 0.510293315187033
2.0698	 0.5102152705763644
2.069	 0.5101401774023046
2.0681	 0.5100680853690935
2.0673	 0.5100584563496997
2.0665	 0.5099857517921217
2.0657	 0.5099133906985831
2.0648	 0.5098364169387448
2.064	 0.5097559417867399
2.0632	 0.5097356454539149
2.0624	 0.509669848721699
2.0616	 0.509605053191613
2.0607	 0.5095423765263414
2.0599	 0.5094852388663166
2.0591	 0.5094294864846499
2.0583	 0.509406684766988
2.0575	 0.509323047669503
2.0567	 0.5092415005932384
2.0558	 0.5091709603442334
2.055	 0.5091092454894995
2.0542	 0.5090519760685662
2.0534	 0.5090515154399312
2.0526	 0.5090144072316871
2.0518	 0.5089730439711696
2.051	 0.5089265514287138
2.0501	 0.5088774650493567
2.0493	 0.508817164936081
2.0485	 0.5088002661886045
2.0477	 0.5087472589476789
2.0469	 0.5086954164237987
2.0461	 0.5086463266069545
2.0453	 0.508594007778917
2.0445	 0.5085808966057519
2.0437	 0.5085239901867906
2.0429	 0.5084632964705503
2.0421	 0.5084000034977902
2.0413	 0.5083321277556285
2.0405	 0.5082748587970848
2.0397	 0.508233043362758
2.0389	 0.5082343701536407
2.0381	 0.5081747246460504
2.0373	 0.508101085570177
2.0365	 0.5080230827204153
2.0357	 0.5079501624006646
2.0349	 0.5079221135746904
2.0341	 0.5078478061166529
2.0333	 0.5077825496834387
2.0325	 0.5077184936148861
2.0317	 0.5076518046392217
2.0309	 0.5075988062589918
2.0301	 0.5075933555048117
2.0293	 0.507524768465522
2.0285	 0.5074567310017063
2.0277	 0.5074078020655947
2.0269	 0.5073524691809163
2.0261	 0.5072896686173768
2.0253	 0.5072783615001291
2.0245	 0.5072428412502744
2.0237	 0.5071954616378698
2.0229	 0.5071404505192694
2.0222	 0.50707576460044
2.0214	 0.5070144528139221
2.0206	 0.5070088957245652
2.0198	 0.5069674171817645
2.019	 0.50691131279826
2.0182	 0.5068435746444947
2.0174	 0.5067768572442423
2.0167	 0.5067380164814558
2.0159	 0.5066594289229788
2.0151	 0.5065965884238489
2.0143	 0.5065480524533904
2.0135	 0.5065089855475714
2.0128	 0.5064813094732703
2.012	 0.5064549522955982
2.0112	 0.5064535205461271
2.0104	 0.5064777287015535
2.0096	 0.5064912472340088
2.0088	 0.5064467730662336
2.0081	 0.5063598988861534
2.0073	 0.5062589152381718
2.0065	 0.5061263904592577
2.0057	 0.5059951688743366
2.005	 0.5059413998814601
2.0042	 0.5059264105330636
2.0034	 0.5058367631677244
2.0026	 0.5057566520494773
2.0019	 0.5058466659219457
2.0011	 0.5060330888441488
2.0003	 0.0
