2.5	 1.0
2.499	 0.5157461924777191
2.498	 0.5173757279886784
2.497	 0.5175049365552562
2.496	 0.5176315495642625
2.495	 0.5180771475349297
2.494	 0.5183935094723537
2.493	 0.5188690410974051
2.492	 0.5189805341285716
2.491	 0.5192219877792996
2.49	 0.5196046891590435
2.489	 0.5201469923348913
2.488	 0.5201394331152114
2.487	 0.5203864705596776
2.486	 0.5207919316299686
2.485	 0.5213737947389391
2.484	 0.5214307700277473
2.483	 0.52171141360641
2.482	 0.5220022901116618
2.481	 0.5225572746365605
2.48	 0.5225188743617387
2.479	 0.5227066099600604
2.478	 0.5229208159745161
2.477	 0.523373669172511
2.476	 0.5232465179680971
2.475	 0.5234065180840701
2.474	 0.5236021487437933
2.473	 0.524028128641087
2.472	 0.5239017792405829
2.471	 0.5240345762568951
2.47	 0.5242130637593284
2.469	 0.524644860237062
2.468	 0.52455114759184
2.467	 0.5246961351505517
2.466	 0.5248520461377286
2.465	 0.5252225208004938
2.464	 0.5251115733156169
2.463	 0.5252490965212698
2.462	 0.5254151577133954
2.461	 0.5257744495257829
2.46	 0.5257245716541846
2.459	 0.525849217193472
2.458	 0.5260249916391336
2.457	 0.5263663609543409
2.456	 0.5263429948111211
2.455	 0.5265130237175724
2.454	 0.5266945120524726
2.453	 0.5270623753096179
2.452	 0.5270795503170164
2.451	 0.5272657674773019
2.45	 0.5274647753119054
2.449	 0.5278063966683978
2.448	 0.5280123405368775
2.447	 0.528050401508041
2.446	 0.5282501171428864
2.445	 0.528596148019636
2.444	 0.5287874847695706
2.443	 0.52883195018683
2.442	 0.5290477916115844
2.441	 0.5294027735939818
2.44	 0.529600938119184
2.439	 0.5296371934676501
2.438	 0.5298303195266322
2.437	 0.5301458201792772
2.436	 0.5303283462341735
2.435	 0.5303604190236781
2.434	 0.5305198625509491
2.433	 0.5307867388955876
2.432	 0.5309179102430527
2.431	 0.5309165675463559
2.43	 0.5310272384688041
2.429	 0.5312217177226877
2.428	 0.5313027554917233
2.427	 0.5312866952946502
2.426	 0.531347304885257
2.425	 0.5314535112210018
2.424	 0.5314826632546865
2.423	 0.5314402161819494
2.422	 0.5314457287531258
2.421	 0.5314571006683142
2.42	 0.5314185656676177
2.419	 0.5313643516845146
2.418	 0.5313178081004166
2.417	 0.5312422331348086
2.416	 0.5311596370735852
2.415	 0.5310932688547603
2.414	 0.5310176298739279
2.413	 0.5308968680495466
2.412	 0.5308131457004664
2.411	 0.5307595735508828
2.41	 0.53066950401113
2.409	 0.5305588587095416
2.408	 0.530493375288699
2.407	 0.5304591906324355
2.406	 0.5304102949584321
2.405	 0.530348111387714
2.404	 0.5303163447912178
2.403	 0.5302994705863782
2.402	 0.5302845800473875
2.401	 0.5302820166021537
2.4	 0.5302922580382778
2.399	 0.5303049053747895
2.398	 0.5303337143518885
2.397	 0.5303712835667619
2.396	 0.530412200926593
2.395	 0.5304637660423629
2.394	 0.5305263030953102
2.393	 0.5305852348077711
2.392	 0.5306568980644456
2.391	 0.5307514529009298
2.39	 0.5308433462398827
2.389	 0.5309176949699828
2.388	 0.5310145124116106
2.387	 0.5311538656379722
2.386	 0.5312878898969288
2.385	 0.5314026423082568
2.384	 0.5315588339826581
2.383	 0.5317561454363186
2.382	 0.5319342873152111
2.381	 0.5320885192104565
2.38	 0.5322914360404806
2.379	 0.5325450454294998
2.378	 0.5327874505876771
2.377	 0.5330214359321694
2.376	 0.5332992753788167
2.375	 0.5336079902079741
2.374	 0.5339219384690732
2.373	 0.5342568859182075
2.372	 0.5346312880520803
2.371	 0.5350001061495634
2.37	 0.5354091274507465
2.369	 0.5358388128790572
2.368	 0.5363491261847123
2.367	 0.5367575879832259
2.366	 0.537254059808619
2.365	 0.5377697977818845
2.364	 0.5384240319910192
2.363	 0.5388580462804465
2.362	 0.539430996857732
2.361	 0.5400257580775678
2.36	 0.5408257693331046
2.359	 0.5412727975848102
2.358	 0.5419198763588284
2.357	 0.5425811084550365
2.356	 0.5435216693459997
2.355	 0.5439517036625812
2.354	 0.5446520776538587
2.353	 0.5453561571976157
2.352	 0.5463870170117977
2.351	 0.5467706884313186
2.35	 0.5474775619822653
2.349	 0.5481826265411394
2.348	 0.5492594839038577
2.347	 0.5495840798840719
2.346	 0.5502755336276205
2.345	 0.5509566013231989
2.344	 0.552027437185789
2.343	 0.5522811976705738
2.342	 0.5529268591667383
2.341	 0.5535581712407406
2.34	 0.5545895275558111
2.339	 0.5547735013910242
2.338	 0.5553630947916484
2.337	 0.5559371962288252
2.336	 0.5569191322703094
2.335	 0.5570388103711991
2.334	 0.5575653624088076
2.333	 0.5580774635479425
2.332	 0.5589974153005955
2.331	 0.5590614379704046
2.33	 0.5595329843963877
2.329	 0.5599903789136668
2.328	 0.5608467150009686
2.327	 0.5608691791503178
2.326	 0.5612896580023156
2.325	 0.5616944186017725
2.324	 0.5624835209427527
2.323	 0.5628605850299448
2.322	 0.5628358270035402
2.321	 0.5631961458104643
2.32	 0.5639279151405892
2.319	 0.5642580243017628
2.318	 0.5641932990128645
2.317	 0.5644989097584142
2.316	 0.5651667090891975
2.315	 0.5654464914046795
2.314	 0.5653441506079504
2.313	 0.5655982280776949
2.312	 0.5661973305264685
2.311	 0.5664259879801334
2.31	 0.5662922250779522
2.309	 0.5664996792476056
2.308	 0.5670357647503109
2.307	 0.5672134060357878
2.306	 0.5670420573680924
2.305	 0.567197384247856
2.304	 0.567672132364598
2.303	 0.5678049328170703
2.302	 0.5676058923986308
2.301	 0.5677257912516731
2.3	 0.5680802930688744
2.299	 0.568092121609041
2.298	 0.567789428458871
2.297	 0.5678715597241626
2.296	 0.5680876424225271
2.295	 0.5680665741719495
2.294	 0.5677331378478213
2.293	 0.5677845736550095
2.292	 0.5679642016223627
2.291	 0.567913266266287
2.29	 0.5675677234151868
2.289	 0.5676024417360439
2.288	 0.5677529179930633
2.287	 0.5676813494944243
2.286	 0.5673230618955809
2.285	 0.5673429128016432
2.284	 0.5674693519970678
2.283	 0.5674002236388795
2.282	 0.5670484946273928
2.281	 0.5670740350778372
2.28	 0.5672065981955331
2.279	 0.5671466909922133
2.278	 0.5668171910238045
2.277	 0.5668567599033862
2.276	 0.5670089669420397
2.275	 0.5669673448356777
2.274	 0.5666620102858949
2.273	 0.5667217067577377
2.272	 0.5668905679193401
2.271	 0.5668724514381208
2.27	 0.56659614056206
2.269	 0.5666803623176303
2.268	 0.5668624974962133
2.267	 0.5668710570608843
2.266	 0.5666347692936828
2.265	 0.5667516237988299
2.264	 0.5669603252383383
2.263	 0.566999972776412
2.262	 0.5668046136122937
2.261	 0.5669552424480883
2.26	 0.5671707365210887
2.259	 0.5672315826336106
2.258	 0.5670700490206878
2.257	 0.5672449069455612
2.256	 0.5674565318505519
2.255	 0.5675388196105456
2.254	 0.5674020612905333
2.253	 0.5675965594764135
2.252	 0.5678007738502614
2.251	 0.5678914297083325
2.25	 0.5677823168525562
2.249	 0.5679892395813475
2.248	 0.5680868470403159
2.247	 0.5682721822419607
2.246	 0.56817896322183
2.245	 0.568396181177068
2.244	 0.5685000499964914
2.243	 0.5686681486347362
2.242	 0.5685859349909153
2.241	 0.5688093349197355
2.24	 0.5689107826004711
2.239	 0.5690676409162231
2.238	 0.5690025963467567
2.237	 0.5692273586119961
2.236	 0.5693340582003159
2.235	 0.5694871264570307
2.234	 0.569449633987789
2.233	 0.5696863563183715
2.232	 0.5698174204423964
2.231	 0.5699968986766268
2.23	 0.570002261517707
2.229	 0.5702689845718856
2.228	 0.5704389644120955
2.227	 0.5706568807829615
2.226	 0.5707210443330677
2.225	 0.571037594835297
2.224	 0.5712638360775077
2.223	 0.5715389231039587
2.222	 0.5716779032269367
2.221	 0.5720568731890062
2.22	 0.5723583152116133
2.219	 0.5727063256378443
2.218	 0.5729251950859212
2.217	 0.57336965014815
2.216	 0.5737321744845681
2.215	 0.57413220870659
2.214	 0.5744060165335809
2.213	 0.5748878697152662
2.212	 0.575281480086696
2.211	 0.5756983228301875
2.21	 0.5759936269306102
2.209	 0.5764751675361863
2.208	 0.5768606436422591
2.207	 0.5772491759260571
2.206	 0.5775231795594508
2.205	 0.5779807332418392
2.204	 0.5783378021523027
2.203	 0.5786872361814599
2.202	 0.5789299352629981
2.201	 0.5793575423782906
2.2	 0.5796817251818045
2.199	 0.5799946676640779
2.198	 0.5803092715317154
2.197	 0.5807282319534868
2.196	 0.5809553602022424
2.195	 0.5812508223508528
2.194	 0.5815688324219194
2.193	 0.5820096101038003
2.192	 0.5822459131651231
2.191	 0.5825369140368539
2.19	 0.5828681949034579
2.189	 0.5833332995135521
2.188	 0.5835870364837848
2.187	 0.5838701934197225
2.186	 0.5842056201284186
2.185	 0.5846936744001985
2.184	 0.5849399878088518
2.183	 0.585191386100622
2.182	 0.5855153427735974
2.181	 0.5860128607287329
2.18	 0.5862527879227584
2.179	 0.5864622457120892
2.178	 0.5867565183157305
2.177	 0.5872379855579164
2.176	 0.5874336764869188
2.175	 0.5875714192935788
2.174	 0.5878110967444439
2.173	 0.588031914009834
2.172	 0.5883799312395497
2.171	 0.5884083791969118
2.17	 0.5885602147264548
2.169	 0.5886900159485097
2.168	 0.5889670627833485
2.167	 0.5888754340229743
2.166	 0.5889258842939668
2.165	 0.5889490122961577
2.164	 0.5891331562536158
2.163	 0.5889099772825831
2.162	 0.5888435838564616
2.161	 0.5887458510049083
2.16	 0.5888207772749772
2.159	 0.5884602884531572
2.158	 0.5882657995365949
2.157	 0.5880367831729765
2.156	 0.5879838804385186
2.155	 0.5874821433408209
2.154	 0.5871632288085049
2.153	 0.5868180779569375
2.152	 0.5866497679483921
2.151	 0.5860543831976234
2.15	 0.5856404963711025
2.149	 0.5852048038924088
2.148	 0.5849396393339701
2.147	 0.5842832327520967
2.146	 0.5838037759704142
2.145	 0.5833116526619642
2.144	 0.5829843243663819
2.143	 0.5823042151508538
2.142	 0.581789218239662
2.141	 0.5812706963690919
2.14	 0.5809027475553823
2.139	 0.5802298144335496
2.138	 0.5797043393614222
2.137	 0.5791781595999567
2.136	 0.5787856729637815
2.135	 0.5781269957767189
2.134	 0.5776068876739928
2.133	 0.5770851530664568
2.132	 0.5766845700357759
2.131	 0.5760528969034068
2.13	 0.5755423909998431
2.129	 0.5750377037609437
2.128	 0.57464132858722
2.127	 0.5740377132628721
2.126	 0.5735430720138958
2.125	 0.573055632102455
2.124	 0.5726699684846401
2.123	 0.5721904437131353
2.122	 0.5716177614688324
2.121	 0.5711479247235711
2.12	 0.5707730998238747
2.119	 0.5703131117534762
2.118	 0.5697754801438355
2.117	 0.569329318369041
2.116	 0.5689687378585885
2.115	 0.5685324601622868
2.114	 0.5680351639183341
2.113	 0.5676194179874192
2.112	 0.5672778012030044
2.111	 0.5668738238865023
2.11	 0.566413118943104
2.109	 0.5660252753033543
2.108	 0.5656993813547285
2.107	 0.5653269884962484
2.106	 0.5649188394622257
2.105	 0.5645670310978691
2.104	 0.5642549927168871
2.103	 0.5639157175636395
2.102	 0.5635565247964204
2.101	 0.5632370921140206
2.1	 0.5629406851291423
2.099	 0.5626313810953463
2.098	 0.5623289376842789
2.097	 0.5620407651322625
2.096	 0.5617536289517845
2.095	 0.5614760604445204
2.094	 0.5612228358037176
2.093	 0.5609592007887018
2.092	 0.5606787733463193
2.091	 0.5604268383192849
2.09	 0.5602066164830272
2.089	 0.5599669074127557
2.088	 0.5596967868911664
2.087	 0.559462643852299
2.086	 0.5592725479394087
2.085	 0.5590473453128144
2.084	 0.5587811158990694
2.083	 0.5585565451527357
2.082	 0.5583715962403055
2.081	 0.5581502249874554
2.08	 0.557891734421663
2.079	 0.557673437317052
2.078	 0.557484734989259
2.077	 0.5572601390817453
2.076	 0.5570075985571276
2.075	 0.5567828881340603
2.074	 0.5565767094799929
2.073	 0.5563473976155264
2.072	 0.5561957214851323
2.071	 0.5558791104064126
2.07	 0.5556567198405197
2.069	 0.5554225024004618
2.068	 0.5552769254476336
2.067	 0.5549552274113424
2.066	 0.5547114403507493
2.065	 0.5544704812235924
2.064	 0.5543362302764214
2.063	 0.5540075855446895
2.062	 0.5537264016120305
2.061	 0.5534728418122993
2.06	 0.5533500205676787
2.059	 0.5530208703706889
2.058	 0.5527123878497717
2.057	 0.5524556052735
2.056	 0.5523438259013159
2.055	 0.5520154014518907
2.054	 0.5516779252681748
2.053	 0.5514172647804194
2.052	 0.5513164853396376
2.051	 0.5509928759943596
2.05	 0.5506282198677795
2.049	 0.5503652878523482
2.048	 0.5501019427601372
2.047	 0.5499628346651058
2.046	 0.54957421171336
2.045	 0.5493115070074411
2.044	 0.5490485407702933
2.043	 0.5489304445562837
2.042	 0.5485271649550783
2.041	 0.5482663179245423
2.04	 0.5480079333312783
2.039	 0.5479072692542044
2.038	 0.547500938364573
2.037	 0.5472484100572943
2.036	 0.546996063811137
2.035	 0.5469162560607306
2.034	 0.5465038768578803
2.033	 0.5462556158231121
2.032	 0.5460035850628518
2.031	 0.5459380578184048
2.03	 0.5455026263912627
2.029	 0.5452484074092068
2.028	 0.5449891010685075
2.027	 0.5449354993765707
2.026	 0.5444644470566985
2.025	 0.5441944637994184
2.024	 0.5439187639342399
2.023	 0.5438788390403811
2.022	 0.5433571361691264
2.021	 0.5430685785270954
2.02	 0.542770479529646
2.019	 0.5427393322795389
2.018	 0.542155992604287
2.017	 0.5418439339901964
2.016	 0.5415257812150627
2.015	 0.5415030719338123
2.014	 0.540884851947849
2.013	 0.5405609018883286
2.012	 0.5402386497254962
2.011	 0.5402225682104118
2.01	 0.5395916340855427
2.009	 0.5392732505501499
2.008	 0.538957459318443
2.007	 0.5389448712176299
2.006	 0.5383294719534804
2.005	 0.5380212159520674
2.004	 0.5377153971416856
2.003	 0.5377069569261859
2.002	 0.5371182891442999
2.001	 0.5368218374068029
2.0	 0.5365222489426739
1.999	 0.5365140941107934
1.998	 0.5362688169372827
1.997	 0.5359219706859368
1.996	 0.5353310874242972
1.995	 0.5353239589990068
1.994	 0.5350705490350891
1.993	 0.5347065843491284
1.992	 0.5340840906021252
1.991	 0.5340722636066689
1.99	 0.533800589172285
1.989	 0.5334217346898285
1.988	 0.5327682383105465
1.987	 0.5327535680758109
1.986	 0.532464056660513
1.985	 0.5320634502967032
1.984	 0.5313819108862797
1.983	 0.5313650964705089
1.982	 0.5310656268448452
1.981	 0.530656317812774
1.98	 0.5299574505725158
1.979	 0.5299359094271318
1.978	 0.5296287806413662
1.977	 0.5292180890145217
1.976	 0.5285301185028317
1.975	 0.5285051862078396
1.974	 0.5282050347579501
1.973	 0.5278030829081789
1.972	 0.5271442488913896
1.971	 0.5271183375522672
1.97	 0.5268385837453898
1.969	 0.526460741597573
1.968	 0.5258575901609435
1.967	 0.5258298754541861
1.966	 0.5255781187612795
1.965	 0.5252330274316067
1.964	 0.524704097814164
1.963	 0.524672648585717
1.962	 0.5244586555199992
1.961	 0.5241566260529469
1.96	 0.5237145768803911
1.959	 0.5236785226739363
1.958	 0.5235140289161858
1.957	 0.5232648491663582
1.956	 0.5229384208597769
1.955	 0.5229099752514601
1.954	 0.5228002131530585
1.953	 0.5226042740400231
1.952	 0.5223801891742234
1.951	 0.5223508474919175
1.95	 0.5222885247804577
1.949	 0.5221867859201157
1.948	 0.5220037518558434
1.947	 0.5220194608447788
1.946	 0.5219491807944137
1.945	 0.5218882011626899
1.944	 0.5217746823049431
1.943	 0.5217927656277718
1.942	 0.5217524956320262
1.941	 0.5217170181410791
1.94	 0.5216436804804448
1.939	 0.5216598418634261
1.938	 0.5216384620898785
1.937	 0.521621634119742
1.936	 0.5215835603974347
1.935	 0.5216045121781849
1.934	 0.5215989055404142
1.933	 0.5215961701748472
1.932	 0.5215795458759076
1.931	 0.5216008489863664
1.93	 0.52160477538993
1.929	 0.521607122618983
1.928	 0.5215968772387408
1.927	 0.5216176901966185
1.926	 0.5216280791015655
1.925	 0.5216401366571881
1.924	 0.5216390687378066
1.923	 0.5216561633122703
1.922	 0.5216864416614997
1.921	 0.5217026789538353
1.92	 0.5217071500472895
1.919	 0.521727254966558
1.918	 0.521761723060421
1.917	 0.5217825838441387
1.916	 0.5217885894484297
1.915	 0.5218096948663868
1.914	 0.5218446218269273
1.913	 0.5218635864597279
1.912	 0.5218638432335271
1.911	 0.5218841485779788
1.91	 0.5219235088500483
1.909	 0.5219434938095862
1.908	 0.5219399382047217
1.907	 0.5219525659711277
1.906	 0.5219846752622117
1.905	 0.5219916137532472
1.904	 0.5219717813518255
1.903	 0.5219716130933395
1.902	 0.5219902394688434
1.901	 0.5219787418134406
1.9	 0.5219366353493424
1.899	 0.5219164810103509
1.898	 0.5219117215913517
1.897	 0.5218789455149445
1.896	 0.5218110148007978
1.895	 0.5217665298649302
1.894	 0.5217426509998697
1.893	 0.5216872452780715
1.892	 0.5216002913048906
1.891	 0.5215347579891692
1.89	 0.5214911945788201
1.889	 0.5214161984341641
1.888	 0.5213088878596197
1.887	 0.5212247980815533
1.886	 0.5211656682812158
1.885	 0.521072442008609
1.884	 0.5209505799109353
1.883	 0.5208552670185349
1.882	 0.5207862037355128
1.881	 0.5206847318299046
1.88	 0.5205513594975452
1.879	 0.5204462449966376
1.878	 0.5203693780481872
1.877	 0.5202626280556173
1.876	 0.5201251074937894
1.875	 0.5200182835344231
1.874	 0.519940302916134
1.873	 0.5198267625922671
1.872	 0.5197141631245908
1.871	 0.5195616664653473
1.87	 0.5194802559391359
1.869	 0.5193570184881744
1.868	 0.5192433842507486
1.867	 0.5190799430150289
1.866	 0.5189962099834795
1.865	 0.518863217631705
1.864	 0.5187460020370415
1.863	 0.5185733604733929
1.862	 0.5184971371065235
1.861	 0.518365231576945
1.86	 0.5182538574082356
1.859	 0.518073454303294
1.858	 0.5180060424785108
1.857	 0.5178692451818795
1.856	 0.5177621197911192
1.855	 0.5175778534924332
1.854	 0.5175234403955408
1.853	 0.5173875088832613
1.852	 0.5172884341149879
1.851	 0.5170983867023738
1.85	 0.5170621204404581
1.849	 0.5169355312265085
1.848	 0.5168487583283579
1.847	 0.5166562564761171
1.846	 0.5166387709058058
1.845	 0.5165158464599594
1.844	 0.5164394974669247
1.843	 0.5162445479457444
1.842	 0.5162412033385293
1.841	 0.516112512188343
1.84	 0.51604390785133
1.839	 0.5158377843936317
1.838	 0.5158403810402887
1.837	 0.5157030834144287
1.836	 0.5156318883405678
1.835	 0.5154068797129145
1.834	 0.5154107498687243
1.833	 0.5152572955903536
1.832	 0.5151795386649234
1.831	 0.5149369921612322
1.83	 0.5149399621916708
1.829	 0.5147747873854754
1.828	 0.5146893197191742
1.827	 0.5144259034433677
1.826	 0.5144248245808705
1.825	 0.514246401129841
1.824	 0.5141101231744356
1.823	 0.513878349568617
1.822	 0.5138259594273272
1.821	 0.5136789274153245
1.82	 0.5135294787326641
1.819	 0.513284496402536
1.818	 0.513222045533336
1.817	 0.513067750262054
1.816	 0.512907644665629
1.815	 0.5126510341967832
1.814	 0.512577620273845
1.813	 0.5124081042125654
1.812	 0.5122323473781116
1.811	 0.5119645418031775
1.81	 0.5118789476777263
1.809	 0.5116995638381788
1.808	 0.5115149882080412
1.807	 0.5112387317136152
1.806	 0.5111435502424042
1.805	 0.5109564537186023
1.804	 0.5107635069607795
1.803	 0.51047935799799
1.802	 0.5103706575035197
1.801	 0.5101728307836246
1.8	 0.5099762137697411
1.799	 0.5096920898638395
1.798	 0.5095815697135658
1.797	 0.5092945399232607
1.796	 0.5091748514939834
1.795	 0.5088858765257073
1.794	 0.5087675315234752
1.793	 0.5084845500685068
1.792	 0.5083621693033498
1.791	 0.5080789015294623
1.79	 0.5079528695630859
1.789	 0.507670080240954
1.788	 0.5075428225987602
1.787	 0.5072639533983156
1.786	 0.5071361650625922
1.785	 0.5068675764748032
1.784	 0.5067400252265255
1.783	 0.5064736597622643
1.782	 0.5063459353689822
1.781	 0.5060829743448872
1.78	 0.505954011598334
1.779	 0.5056980469910056
1.778	 0.5055707660668322
1.777	 0.5053180477927122
1.776	 0.5051862904791837
1.775	 0.5049385410902117
1.774	 0.5048097575707261
1.773	 0.5045680759849683
1.772	 0.5044411198099243
1.771	 0.5042033509511191
1.77	 0.5040780659579815
1.769	 0.503847382469681
1.768	 0.5037229783623446
1.767	 0.5034974447359478
1.766	 0.5033754129411226
1.765	 0.5031570217137444
1.764	 0.503037369554387
1.763	 0.5028251211769652
1.762	 0.5027047563112506
1.761	 0.5024961197417578
1.76	 0.5023817234580084
1.759	 0.5021846478798209
1.758	 0.5020691697217825
1.757	 0.5018695662012252
1.756	 0.5017577782449807
1.755	 0.5015603339255834
1.754	 0.5014504874872012
1.753	 0.5012603524673875
1.752	 0.5011540305506542
1.751	 0.5009639435519002
1.75	 0.5008571547892604
1.749	 0.5007297230132204
1.748	 0.5005741503269908
1.747	 0.5004446165077711
1.746	 0.5002911417433693
1.745	 0.5001613253412077
1.744	 0.5000108460150716
1.743	 0.49987718039175016
1.742	 0.4997339192629656
1.741	 0.49960553889307613
1.74	 0.49946961918575916
1.739	 0.4993398010430391
1.738	 0.4992059377072531
1.737	 0.49907434711076776
1.736	 0.49894387472017915
1.735	 0.49881024892021286
1.734	 0.4986806445607533
1.733	 0.4985484700609879
1.732	 0.4984215620988147
1.731	 0.49828719718600134
1.73	 0.49816545612698554
1.729	 0.4980337013774996
1.728	 0.4979185568175028
1.727	 0.4977862395616579
1.726	 0.4976720384712509
1.725	 0.4975366151738358
1.724	 0.49742162816359303
1.723	 0.49728660248842954
1.722	 0.49717305158876474
1.721	 0.4970394250629138
1.72	 0.49692637013411756
1.719	 0.4967911711740384
1.718	 0.4966775778501318
1.717	 0.49654241946899275
1.716	 0.4964287489914923
1.715	 0.4962948275028444
1.714	 0.49618105410676067
1.713	 0.4960482602201202
1.712	 0.4959330120906415
1.711	 0.49579900662978965
1.71	 0.49568145820488735
1.709	 0.49554768360778734
1.708	 0.4954252517873498
1.707	 0.4952940171299778
1.706	 0.495173338804954
1.705	 0.4950468405012125
1.704	 0.494923731876611
1.703	 0.49480061537822184
1.702	 0.49467635988994074
1.701	 0.4945606476092851
1.7	 0.49443830743449485
1.699	 0.494319403047669
1.698	 0.49420410264159154
1.697	 0.4940917455273383
1.696	 0.4939782181832569
1.695	 0.4938683292098216
1.694	 0.4937610172230054
1.693	 0.493657812423807
1.692	 0.4935532682841885
1.691	 0.4934494177850903
1.69	 0.493346654781199
1.689	 0.493247784386324
1.688	 0.49314801229592503
1.687	 0.4930510452046845
1.686	 0.49295711590825325
1.685	 0.49286519698075565
1.684	 0.4927730913465782
1.683	 0.49268212762713004
1.682	 0.49259118095547655
1.681	 0.49250476352050265
1.68	 0.4924181569206117
1.679	 0.4923347301758708
1.678	 0.4922499575337476
1.677	 0.4921673578448555
1.676	 0.4920856739540239
1.675	 0.4920058416180451
1.674	 0.4919141035459382
1.673	 0.49184886631089475
1.672	 0.49176480434114606
1.671	 0.4917009743662791
1.67	 0.49161761855695174
1.669	 0.4915546235244165
1.668	 0.491477879230583
1.667	 0.49141914941076964
1.666	 0.4913445339364486
1.665	 0.49128691412817876
1.664	 0.4912187728082311
1.663	 0.49116718722517927
1.662	 0.491098075739635
1.661	 0.49104845349177195
1.66	 0.4909780259502397
1.659	 0.49093363282757035
1.658	 0.4908657237785177
1.657	 0.49082504492444295
1.656	 0.4907560587142707
1.655	 0.4907176015351793
1.654	 0.4906468790561974
1.653	 0.4906151734306559
1.652	 0.4905444042434286
1.651	 0.4905152616156793
1.65	 0.4904376386739865
1.649	 0.490408734705273
1.648	 0.49032125491175227
1.647	 0.49029579459126565
1.646	 0.49020473972237766
1.645	 0.490178920514089
1.644	 0.4900806137379716
1.643	 0.4900554831445991
1.642	 0.48995471066272434
1.641	 0.489933202381681
1.64	 0.48982762945145264
1.639	 0.48980057987781744
1.638	 0.4896907615663446
1.637	 0.4896615061196469
1.636	 0.4895477704131343
1.635	 0.4895152400891062
1.634	 0.4894036426815285
1.633	 0.4893733828126164
1.632	 0.48926315708319257
1.631	 0.4892310749873435
1.63	 0.48912234439234903
1.629	 0.4890951320928964
1.628	 0.48899517799888337
1.627	 0.48897418743385945
1.626	 0.48888630027992713
1.625	 0.48886873890343363
1.624	 0.4888676579750053
1.623	 0.4887721786819516
1.622	 0.4887782047366945
1.621	 0.48868300420256294
1.62	 0.4886929087718041
1.619	 0.4885801695025968
1.618	 0.48859779193324393
1.617	 0.48842779492201316
1.616	 0.48844627763145176
1.615	 0.48823433222836543
1.614	 0.48825939195922596
1.613	 0.488035121989927
1.612	 0.48806817798245594
1.611	 0.48783029286620294
1.61	 0.4878647109446444
1.609	 0.48758302842478574
1.608	 0.48762034383287367
1.607	 0.4872913985807534
1.606	 0.48733412153845707
1.605	 0.48696560337011136
1.604	 0.4870116892213239
1.603	 0.48664422317741857
1.602	 0.4866955721242836
1.601	 0.48635305609808316
1.6	 0.48640406289881233
1.599	 0.4860862265191455
1.598	 0.4861374882311816
1.597	 0.48585749993446303
1.596	 0.48591390041287946
1.595	 0.48567934077950387
1.594	 0.48573639676932606
1.593	 0.48553711343674766
1.592	 0.48559795597748706
1.591	 0.4854574651611911
1.59	 0.4855217919133734
1.589	 0.4854372570697671
1.588	 0.48550089583130057
1.587	 0.48547987681003407
1.586	 0.4855453316614734
1.585	 0.4855862135526698
1.584	 0.4856513229881709
1.583	 0.48575327014771524
1.582	 0.4858163374589612
1.581	 0.4859692837633545
1.58	 0.48603444205433544
1.579	 0.48622378215174794
1.578	 0.4862874993292465
1.577	 0.48650251179832665
1.576	 0.48656861788326133
1.575	 0.4867963074140261
1.574	 0.48694514676057604
1.573	 0.48709474775470557
1.572	 0.487244879707533
1.571	 0.4873955497155921
1.57	 0.48754646617929626
1.569	 0.48769580970708476
1.568	 0.4878467438396029
1.567	 0.48799576068007045
1.566	 0.48814582093713466
1.565	 0.48829301712817924
1.564	 0.48843936157687223
1.563	 0.4885827254678712
1.562	 0.488728665678585
1.561	 0.4888749880066079
1.56	 0.4890191142610858
1.559	 0.4891567910208431
1.558	 0.48929654602763695
1.557	 0.4894358715050938
1.556	 0.4895759635495889
1.555	 0.48971084383361463
1.554	 0.48984678979487395
1.553	 0.4899802908544434
1.552	 0.49011211494562373
1.551	 0.4902446616379927
1.55	 0.49037829132774463
1.549	 0.49055044125888636
1.548	 0.49063717708008153
1.547	 0.49080483153721705
1.546	 0.49088445594423136
1.545	 0.4910513341825503
1.544	 0.4911274251142857
1.543	 0.49129198076197006
1.542	 0.4913643642020694
1.541	 0.4915224798401185
1.54	 0.49158985680680495
1.539	 0.49174573624896306
1.538	 0.49180739787674926
1.537	 0.49196139034569597
1.536	 0.4920197536141553
1.535	 0.4921678991299154
1.534	 0.49222342430799526
1.533	 0.4923735253988796
1.532	 0.4924245350019772
1.531	 0.49257193330401017
1.53	 0.4926178032412922
1.529	 0.49275682394316944
1.528	 0.4928005518312734
1.527	 0.49294075242514585
1.526	 0.49298184312828075
1.525	 0.4931220100587318
1.524	 0.4931626423286958
1.523	 0.4933004243721446
1.522	 0.4933399873102464
1.521	 0.4934751981576928
1.52	 0.49351483288390335
1.519	 0.49365067722802536
1.518	 0.49368903802233277
1.517	 0.4938266692056266
1.516	 0.4938707308218183
1.515	 0.49401051076295716
1.514	 0.49405539231414053
1.513	 0.4941969426758499
1.512	 0.4942445126892242
1.511	 0.49438642349978656
1.51	 0.4944367806789301
1.509	 0.4945846386574547
1.508	 0.4946399870650349
1.507	 0.49479165506091966
1.506	 0.49485212726806505
1.505	 0.49500929269253824
1.504	 0.4950765512870205
1.503	 0.49523771423339624
1.502	 0.49531151004939633
1.501	 0.495477311616575
1.5	 0.4955565595291635
1.499	 0.49558834808790064
1.498	 0.4958149966923921
1.497	 0.4958533800456707
1.496	 0.49608763026973124
1.495	 0.4961345336181399
1.494	 0.49637379693297856
1.493	 0.4964228902446578
1.492	 0.4966615309147415
1.491	 0.496720418752317
1.49	 0.49697272835837114
1.489	 0.49703820810074656
1.488	 0.49729089087391865
1.487	 0.4973633535852492
1.486	 0.497621263951689
1.485	 0.4976974095325731
1.484	 0.4979615894405373
1.483	 0.49804391072001314
1.482	 0.49830941282858376
1.481	 0.4983940291174451
1.48	 0.49866356060519146
1.479	 0.49875090743735123
1.478	 0.49901673654550227
1.477	 0.4991076132422359
1.476	 0.49937843075372434
1.475	 0.4994703785565848
1.474	 0.4997401232792897
1.473	 0.49983548848810944
1.472	 0.500104057078083
1.471	 0.500200213791918
1.47	 0.5004687288190306
1.469	 0.5005685594937513
1.468	 0.5008364452633447
1.467	 0.5009340038459716
1.466	 0.5011986195792895
1.465	 0.5012981279467633
1.464	 0.5015581100476084
1.463	 0.5016529278348841
1.462	 0.5019114641994084
1.461	 0.5020056775944267
1.46	 0.5022622164871768
1.459	 0.5023555969009319
1.458	 0.502608167294361
1.457	 0.5026991879689264
1.456	 0.5029492427968413
1.455	 0.5030393843203934
1.454	 0.5032846508421274
1.453	 0.5033710344281809
1.452	 0.5036075574167884
1.451	 0.5036935859399325
1.45	 0.503934083673502
1.449	 0.5040934125355606
1.448	 0.5042571443518102
1.447	 0.5044205458025081
1.446	 0.5045843393218779
1.445	 0.5047500181948115
1.444	 0.5049195033326968
1.443	 0.5050896075266446
1.442	 0.5052612546521895
1.441	 0.5054330160441551
1.44	 0.5056097837483882
1.439	 0.5057941740515692
1.438	 0.5059856696853342
1.437	 0.5061792642256675
1.436	 0.5063790339481891
1.435	 0.5065844630634474
1.434	 0.5067969110330771
1.433	 0.5070106791922959
1.432	 0.5072267311456193
1.431	 0.5074432629079229
1.43	 0.5076668229499188
1.429	 0.5078884356726667
1.428	 0.5081083193576347
1.427	 0.5083249218626202
1.426	 0.5085385231279893
1.425	 0.5087500792236102
1.424	 0.508969687898782
1.423	 0.5091659076165234
1.422	 0.5093790047486438
1.421	 0.5095818306937059
1.42	 0.5098072208272016
1.419	 0.5100316594426246
1.418	 0.510292969483833
1.417	 0.5105773985597859
1.416	 0.5109012176634947
1.415	 0.5112327436620318
1.414	 0.5115859088992677
1.413	 0.5119350185784407
1.412	 0.5122964614197897
1.411	 0.512666736647173
1.41	 0.5130652032632245
1.409	 0.5134794597114143
1.408	 0.5139297595318768
1.407	 0.5143964417668168
1.406	 0.5148941820116179
1.405	 0.5154011844796359
1.404	 0.5159245762936672
1.403	 0.5164382250730888
1.402	 0.5169530278826617
1.401	 0.5174470012955444
1.4	 0.5179427340568002
1.399	 0.518412160715264
1.398	 0.5188796125559089
1.397	 0.5193141187561877
1.396	 0.5197464916626001
1.395	 0.5201450972556413
1.394	 0.5205463184367689
1.393	 0.5209106325193792
1.392	 0.5212682717312651
1.391	 0.5215818568734595
1.39	 0.5218861692473703
1.389	 0.522147984514615
1.388	 0.522398458367139
1.387	 0.5225992061367682
1.386	 0.522792872002973
1.385	 0.5229356321175658
1.384	 0.5230674830957569
1.383	 0.5231502482100842
1.382	 0.5232321356874617
1.381	 0.5232660870986937
1.38	 0.5233028528437174
1.379	 0.5233020162340466
1.378	 0.5233113717243999
1.377	 0.5232848358477499
1.376	 0.523276558243018
1.375	 0.5232362755438291
1.374	 0.523200491411358
1.373	 0.5231678267072349
1.372	 0.5231246965463149
1.371	 0.5230873280758044
1.37	 0.5230386981508269
1.369	 0.5229978220422546
1.368	 0.5229457038411317
1.367	 0.5228993205117209
1.366	 0.5228440557282302
1.365	 0.5227941272196575
1.364	 0.5227392269169229
1.363	 0.5226900845441284
1.362	 0.5226362432116117
1.361	 0.5225832627538288
1.36	 0.5225234409773045
1.359	 0.5224691737633081
1.358	 0.5224122685380033
1.357	 0.522355634147915
1.356	 0.5222949488386476
1.355	 0.5222346278557601
1.354	 0.5221756563471005
1.353	 0.5221152676877937
1.352	 0.522054610385094
1.351	 0.5219954995942033
1.35	 0.5219303790797652
1.349	 0.5218658184331155
1.348	 0.521801464871971
1.347	 0.5217377286303999
1.346	 0.5216787637835795
1.345	 0.5216188775580185
1.344	 0.5215595108867942
1.343	 0.5214988704547147
1.342	 0.521440804708972
1.341	 0.5213826654727602
1.34	 0.5213282939613658
1.339	 0.5212718504137108
1.338	 0.5212197844241199
1.337	 0.5211707956421076
1.336	 0.5211225735973708
1.335	 0.5210737196379132
1.334	 0.5210297965313854
1.333	 0.5209769069444362
1.332	 0.5209320351811182
1.331	 0.5208837644346856
1.33	 0.5208420423962312
1.329	 0.520796547036411
1.328	 0.520757487027652
1.327	 0.5207102870168336
1.326	 0.5206706446839329
1.325	 0.5206214002121674
1.324	 0.5205768426489228
1.323	 0.5205355007522343
1.322	 0.5204897025450742
1.321	 0.5204463220465391
1.32	 0.5204022386369339
1.319	 0.5203591769169171
1.318	 0.5203177558630343
1.317	 0.5202720411322185
1.316	 0.520221229061876
1.315	 0.520168761107427
1.314	 0.5201160926720704
1.313	 0.5200629062778309
1.312	 0.5200093360133423
1.311	 0.5199559369676915
1.31	 0.5199009852689805
1.309	 0.5198432690518912
1.308	 0.5197820373013354
1.307	 0.5197203091044746
1.306	 0.5196561931037734
1.305	 0.5195905050224953
1.304	 0.5195210875147722
1.303	 0.5194523821431453
1.302	 0.5193811654399063
1.301	 0.5193082068360483
1.3	 0.5192309063372186
1.299	 0.519172113896648
1.298	 0.5190742214250118
1.297	 0.5190043654374032
1.296	 0.5189052747662731
1.295	 0.5188249453617638
1.294	 0.5187234870388
1.293	 0.5186393677848299
1.292	 0.5185402178077093
1.291	 0.5184434236579833
1.29	 0.5183420784020176
1.289	 0.5182360486442568
1.288	 0.5181389426926822
1.287	 0.5180234169590118
1.286	 0.5179211669876952
1.285	 0.5178001614897704
1.284	 0.5176956081721179
1.283	 0.5175646674921112
1.282	 0.5174634980226258
1.281	 0.5173282223999942
1.28	 0.5172241421017211
1.279	 0.5170839021383522
1.278	 0.5169856573462382
1.277	 0.5168428977279192
1.276	 0.5167407208112941
1.275	 0.5165910413428676
1.274	 0.516491448771632
1.273	 0.5163354241698183
1.272	 0.5162364821832552
1.271	 0.5160842550427539
1.27	 0.5159848951567448
1.269	 0.5158247005777611
1.268	 0.5157270935814767
1.267	 0.5155650067908134
1.266	 0.515470623116083
1.265	 0.5153089136972652
1.264	 0.5152151568695105
1.263	 0.5150533915951085
1.262	 0.514956627933223
1.261	 0.5147928509527986
1.26	 0.5146970556866247
1.259	 0.5145306662816604
1.258	 0.5144357077241671
1.257	 0.5142670884616922
1.256	 0.5141677324597541
1.255	 0.5139989426841827
1.254	 0.5139035495798813
1.253	 0.5137397751873987
1.252	 0.513646581907772
1.251	 0.5134781040583879
1.25	 0.5133816464324483
1.249	 0.5132610217757086
1.248	 0.5131212564347596
1.247	 0.5130010700195681
1.246	 0.5128556326686018
1.245	 0.512733253296641
1.244	 0.5125854587995746
1.243	 0.5124594581757662
1.242	 0.512309072670303
1.241	 0.5121833850291863
1.24	 0.512029779703827
1.239	 0.5118970632726654
1.238	 0.5117366328844641
1.237	 0.5115991792911015
1.236	 0.5114360850739174
1.235	 0.5112923885970256
1.234	 0.51111647657311
1.233	 0.5109640807923473
1.232	 0.5107839765584813
1.231	 0.5106306783639919
1.23	 0.5104484772809292
1.229	 0.5102882631789377
1.228	 0.5101010298381619
1.227	 0.5099429526364795
1.226	 0.5097595600352444
1.225	 0.5096007893967976
1.224	 0.5094176942321843
1.223	 0.5092621882924321
1.222	 0.509083131240369
1.221	 0.5089258148635522
1.22	 0.5087417523072342
1.219	 0.508575840283388
1.218	 0.5083739766788326
1.217	 0.508181106203572
1.216	 0.5079469828519853
1.215	 0.5077282993248
1.214	 0.5074732438253844
1.213	 0.5072427384665051
1.212	 0.506983360304897
1.211	 0.5067451507272225
1.21	 0.50646806720001
1.209	 0.5062088256622177
1.208	 0.5059073685839766
1.207	 0.5056224870644705
1.206	 0.5052980874276226
1.205	 0.5049913680035014
1.204	 0.5046486816214095
1.203	 0.5043328168070137
1.202	 0.503990197637718
1.201	 0.5036821890001782
1.2	 0.5033518607194623
1.199	 0.50305260359319
1.198	 0.5027327207821362
1.197	 0.5024496742033241
1.196	 0.5021471568337392
1.195	 0.5018812739242768
1.194	 0.5015936029373498
1.193	 0.501341907731612
1.192	 0.5010720993356221
1.191	 0.5008425957630511
1.19	 0.5005979029767591
1.189	 0.5003931072578122
1.188	 0.5001723337618612
1.187	 0.4999986555900074
1.186	 0.4998075800767958
1.185	 0.4996572250828881
1.184	 0.4994936756938924
1.183	 0.49937487504562017
1.182	 0.4992378394101039
1.181	 0.49914294311288454
1.18	 0.4990299660068838
1.179	 0.49895449570713574
1.178	 0.4988532373711093
1.177	 0.49879141787578973
1.176	 0.4987003408748515
1.175	 0.49864574430575337
1.174	 0.4985331465279502
1.173	 0.49851691681711613
1.172	 0.49840783261424393
1.171	 0.4983916974676781
1.17	 0.4982890885071041
1.169	 0.4982708885023999
1.168	 0.4981701452510601
1.167	 0.4981526324707873
1.166	 0.49805864714423886
1.165	 0.49804204501360233
1.164	 0.49794621865373834
1.163	 0.4979305710740282
1.162	 0.49783486868732507
1.161	 0.4978195263749965
1.16	 0.49772877972410434
1.159	 0.4977131324198342
1.158	 0.4976253355213522
1.157	 0.49761037851942147
1.156	 0.4975303172139351
1.155	 0.49751667749692935
1.154	 0.4974394342576013
1.153	 0.49742517241263356
1.152	 0.4973517804928025
1.151	 0.4973348284476852
1.15	 0.4972669654407572
1.149	 0.49725255471277124
1.148	 0.49719419816718224
1.147	 0.49718102954712545
1.146	 0.4971225584533357
1.145	 0.49710804838509354
1.144	 0.49705249448826355
1.143	 0.497039293263998
1.142	 0.4969898064770667
1.141	 0.4969757074481372
1.14	 0.4969220842056923
1.139	 0.4969082954836554
1.138	 0.4968526299743882
1.137	 0.4968264794980369
1.136	 0.49678070639963356
1.135	 0.49675941199405127
1.134	 0.496717843018419
1.133	 0.49669735771743295
1.132	 0.49665483011214645
1.131	 0.4966328948776648
1.13	 0.4965891042578406
1.129	 0.49656832307911436
1.128	 0.4965237976332632
1.127	 0.49650223171561797
1.126	 0.4964621654797101
1.125	 0.49644438657894807
1.124	 0.49642461856620673
1.123	 0.4963850817968823
1.122	 0.496363308854999
1.121	 0.4963256503296065
1.12	 0.4963043951291976
1.119	 0.49626499634487004
1.118	 0.49624151748792805
1.117	 0.4962019114249318
1.116	 0.4961848653003959
1.115	 0.49615095958241395
1.114	 0.4961353762203975
1.113	 0.4961001451229123
1.112	 0.49608350863709655
1.111	 0.49604737291999496
1.11	 0.4960294714514121
1.109	 0.4959936188051498
1.108	 0.4959785936197221
1.107	 0.4959461829184098
1.106	 0.4959326469236462
1.105	 0.4958998317789966
1.104	 0.4958864763673586
1.103	 0.4958540719125096
1.102	 0.4958401748164072
1.101	 0.4958089989054176
1.1	 0.4957963653135565
1.099	 0.4957682555120266
1.098	 0.4957546348315155
1.097	 0.4957258048138696
1.096	 0.4957136247048192
1.095	 0.49568368931870643
1.094	 0.4956731640442185
1.093	 0.4956437453961759
1.092	 0.49563329641589005
1.091	 0.4956092990683569
1.09	 0.4956022023524119
1.089	 0.49557621295361365
1.088	 0.4955665514725945
1.087	 0.49554074259630354
1.086	 0.4955369270461057
1.085	 0.49551308549131334
1.084	 0.4955096290455374
1.083	 0.4954911651821828
1.082	 0.49548790680016264
1.081	 0.4954621228577101
1.08	 0.49546047191073894
1.079	 0.495440325901943
1.078	 0.49543666662747865
1.077	 0.4954107822011165
1.076	 0.4954092382709359
1.075	 0.49539052824291263
1.074	 0.4953892222596961
1.073	 0.4953682551156455
1.072	 0.495368528057335
1.071	 0.49534200443394527
1.07	 0.4953395330042045
1.069	 0.4953169064690565
1.068	 0.49531556304572355
1.067	 0.49529379321462946
1.066	 0.4952922139877225
1.065	 0.4952700340781675
1.064	 0.49526882512862486
1.063	 0.4952442866149546
1.062	 0.4952453984279317
1.061	 0.49522309606050124
1.06	 0.49522385593951185
1.059	 0.495227086225411
1.058	 0.49522826413144216
1.057	 0.4952335085296553
1.056	 0.4952394285540427
1.055	 0.49525028206661514
1.054	 0.49525423279806585
1.053	 0.49526318777177614
1.052	 0.49526613784555695
1.051	 0.49527649747651137
1.05	 0.49528253042197384
1.049	 0.4952998177278875
1.048	 0.49529799362187
1.047	 0.49531414790708694
1.046	 0.4953138825263143
1.045	 0.49533198119308147
1.044	 0.495332540364963
1.043	 0.495354714038108
1.042	 0.49535547845505823
1.041	 0.495372600567377
1.04	 0.4953748218791104
1.039	 0.4953960828333734
1.038	 0.4953960020059332
1.037	 0.4954128342640605
1.036	 0.4954125955481508
1.035	 0.4954333710076887
1.034	 0.4954369411927561
1.033	 0.49546147341795255
1.032	 0.49546442993552875
1.031	 0.4954847697478027
1.03	 0.4954884312342211
1.029	 0.4955177544306616
1.028	 0.4955220993594503
1.027	 0.49554972711746614
1.026	 0.4955521279107398
1.025	 0.49558407057572357
1.024	 0.49558677950172897
1.023	 0.49561379495613966
1.022	 0.49561623458127346
1.021	 0.4956473513586763
1.02	 0.49564885478859866
1.019	 0.49567780084217145
1.018	 0.4956825353323791
1.017	 0.49571662079428735
1.016	 0.49572093526280875
1.015	 0.4957559055932271
1.014	 0.4957621585216105
1.013	 0.4957984629270872
1.012	 0.49581056274201446
1.011	 0.4958422277062294
1.01	 0.4958566238899986
1.009	 0.49589161631804846
1.008	 0.49590784524726267
1.007	 0.4959426620091956
1.006	 0.49595645344631334
1.005	 0.49598907786505764
1.004	 0.49600486603584987
1.003	 0.496042678300306
1.002	 0.4960593441483167
1.001	 0.4960934055748743
1.0	 0.4961097067950984
0.999	 0.49614851802759
0.998	 0.49616463675234984
0.997	 0.4962019552816097
0.996	 0.49621702725768646
0.995	 0.49625539674784924
0.994	 0.49627239764407316
0.993	 0.4963116652794201
0.992	 0.4963287506927578
0.991	 0.4963671647302043
0.99	 0.49638446108762985
0.989	 0.49642853759465316
0.988	 0.49644901654216206
0.987	 0.4964885667083122
0.986	 0.49650643248002174
0.985	 0.4965509208066356
0.984	 0.4965713357217204
0.983	 0.4966163040376838
0.982	 0.4966377199186659
0.981	 0.49668212950773694
0.98	 0.49670412652878193
0.979	 0.496750112486917
0.978	 0.49677253972186014
0.977	 0.4968202646103178
0.976	 0.4968440264912578
0.975	 0.49689007401297
0.974	 0.49691140652148946
0.973	 0.4969587657261387
0.972	 0.49698538036389217
0.971	 0.49703550389426104
0.97	 0.49706088851020125
0.969	 0.4971150655596111
0.968	 0.4971446729657582
0.967	 0.49719952958798924
0.966	 0.4972267896832578
0.965	 0.497283104776006
0.964	 0.4973153052407504
0.963	 0.4973762046002955
0.962	 0.4974106224689128
0.961	 0.4974719739024443
0.96	 0.49750809934314716
0.959	 0.4975713713621464
0.958	 0.4976072435398771
0.957	 0.49766936525296274
0.956	 0.49770346839588875
0.955	 0.4977630989120181
0.954	 0.4977956972517204
0.953	 0.497855632223937
0.952	 0.49788611594346055
0.951	 0.4979464849653333
0.95	 0.4979773681162199
0.949	 0.4980342751800005
0.948	 0.4980600688899301
0.947	 0.49811153134839353
0.946	 0.4981344031954058
0.945	 0.49818574625401363
0.944	 0.4982073390510687
0.943	 0.49825442941166803
0.942	 0.4982719960518077
0.941	 0.4983189965138979
0.94	 0.4983373198086407
0.939	 0.49838612303305346
0.938	 0.4984056652460952
0.937	 0.498434301806478
0.936	 0.49846768741358
0.935	 0.4984974722279154
0.934	 0.49852455989441513
0.933	 0.4985516216591853
0.932	 0.49858119640215753
0.931	 0.4986106366208281
0.93	 0.49864148575435974
0.929	 0.49867084068850637
0.928	 0.49870122760789043
0.927	 0.49873171340415046
0.926	 0.498760804560223
0.925	 0.49878697123420296
0.924	 0.4988264126751342
0.923	 0.4988378694278828
0.922	 0.49888007672318707
0.921	 0.49889346354704966
0.92	 0.49893525904281727
0.919	 0.49894903287689635
0.918	 0.49899359628768036
0.917	 0.49900640226991577
0.916	 0.499044511894233
0.915	 0.4990565089436014
0.914	 0.49909667487211773
0.913	 0.49910959662588744
0.912	 0.4991505417848844
0.911	 0.4991629563593564
0.91	 0.499203861963366
0.909	 0.49921690012222286
0.908	 0.49925767188502157
0.907	 0.4992689236727244
0.906	 0.49930632542333414
0.905	 0.4993177540586193
0.904	 0.4993579301717382
0.903	 0.4993695313828844
0.902	 0.49940747813828046
0.901	 0.49941600067654807
0.9	 0.49944993147808503
0.899	 0.4994561668353213
0.898	 0.49949171318288227
0.897	 0.4994983034197142
0.896	 0.4995354320270577
0.895	 0.49954313299487446
0.894	 0.49958035827116215
0.893	 0.49958963491139996
0.892	 0.49962468264739185
0.891	 0.49962944087612204
0.89	 0.4996628170354954
0.889	 0.4996703245546719
0.888	 0.4997058074119141
0.887	 0.4997003031885866
0.886	 0.49973102751959986
0.885	 0.4997359167491638
0.884	 0.4997652951726364
0.883	 0.4997683465747303
0.882	 0.49979862472334907
0.881	 0.49980573115094423
0.88	 0.49983828745044656
0.879	 0.4998430845867554
0.878	 0.49987431462631193
0.877	 0.49987975764226245
0.876	 0.49991006419360784
0.875	 0.4999138043159644
0.874	 0.4999432568832973
0.873	 0.4999476943322202
0.872	 0.49997721809590623
0.871	 0.4999821916129742
0.87	 0.5000145765018311
0.869	 0.5000191327320547
0.868	 0.5000506510387711
0.867	 0.5000534741613053
0.866	 0.5000819066750757
0.865	 0.5000836662023297
0.864	 0.5001118149462633
0.863	 0.5001150347601825
0.862	 0.5001449651497113
0.861	 0.500147805384586
0.86	 0.5001672519621876
0.859	 0.5001456784234597
0.858	 0.5001474401537356
0.857	 0.5001232134922804
0.856	 0.5001210170417347
0.855	 0.5000932418887513
0.854	 0.5000903280448846
0.853	 0.5000612043144683
0.852	 0.500057229123337
0.851	 0.5000267915831118
0.85	 0.5000212111438818
0.849	 0.49999016498241977
0.848	 0.49998472099901103
0.847	 0.4999530410853967
0.846	 0.4999440786701983
0.845	 0.4999116998114954
0.844	 0.4999004752734908
0.843	 0.4998653333545907
0.842	 0.4998535643967634
0.841	 0.4998195580071877
0.84	 0.499805370527623
0.839	 0.49976937281961054
0.838	 0.4997564010895391
0.837	 0.4997194936067576
0.836	 0.49970518876587006
0.835	 0.49966786307118455
0.834	 0.49964965827859975
0.833	 0.499611645600834
0.832	 0.499592382533357
0.831	 0.4995527983603783
0.83	 0.49953164766361724
0.829	 0.4994903248509389
0.828	 0.4994658349208819
0.827	 0.49942230523719633
0.826	 0.4993980972891974
0.825	 0.4993546835508829
0.824	 0.499331153744113
0.823	 0.4992871345045323
0.822	 0.49926117744438536
0.821	 0.4992153520336756
0.82	 0.4991902590098493
0.819	 0.4991445596861202
0.818	 0.49911494502063103
0.817	 0.49906797990631396
0.816	 0.4990371114258925
0.815	 0.4989878420763956
0.814	 0.4989530953518555
0.813	 0.49890371174329684
0.812	 0.4988940753941545
0.811	 0.498849083311062
0.81	 0.4988035350082921
0.809	 0.4987559213699442
0.808	 0.49870822302414874
0.807	 0.49865866529543557
0.806	 0.4986109920756223
0.805	 0.49856103782995975
0.804	 0.49851121669317855
0.803	 0.4984584006342128
0.802	 0.49840570900474657
0.801	 0.4983523002382381
0.8	 0.49829962396122507
0.799	 0.49824438434013335
0.798	 0.4981903990822989
0.797	 0.4981363618778355
0.796	 0.4980825086523233
0.795	 0.49802840614929705
0.794	 0.49797362040244963
0.793	 0.4979188429860375
0.792	 0.4978625095165258
0.791	 0.4978056273350365
0.79	 0.4977489827816203
0.789	 0.4976892112997967
0.788	 0.4976276949994112
0.787	 0.4975654864942967
0.786	 0.49750439606227154
0.785	 0.49744164142338265
0.784	 0.49737755518427434
0.783	 0.4973110319332091
0.782	 0.49724389921165474
0.781	 0.4971761058312825
0.78	 0.497107400397795
0.779	 0.4970380304570695
0.778	 0.49696832180966927
0.777	 0.49689672824541026
0.776	 0.49682361811737635
0.775	 0.4967493852521743
0.774	 0.49667599877672713
0.773	 0.4966006177314016
0.772	 0.4965224683111324
0.771	 0.4964415469398076
0.77	 0.4963612160871137
0.769	 0.4962791649289007
0.768	 0.4961941512849208
0.767	 0.49610713796574124
0.766	 0.4960214996363621
0.765	 0.49593318082175986
0.764	 0.4958426785388927
0.763	 0.4957484986845023
0.762	 0.49560061961565793
0.761	 0.49550281676842
0.76	 0.49540261152184356
0.759	 0.49530086185025196
0.758	 0.4951978440938567
0.757	 0.49509292320126297
0.756	 0.49498736518055564
0.755	 0.4948801057269169
0.754	 0.49477217567640563
0.753	 0.49466229519148075
0.752	 0.49455095126601795
0.751	 0.4944389524961682
0.75	 0.4943238288497741
0.749	 0.49420666367009664
0.748	 0.4940899146934523
0.747	 0.4939720985441051
0.746	 0.49385295268477125
0.745	 0.49373199790644806
0.744	 0.4936087411348845
0.743	 0.49348403813213415
0.742	 0.49335878831221575
0.741	 0.49323120627236433
0.74	 0.4931014156315399
0.739	 0.4929687530030214
0.738	 0.49283215081309967
0.737	 0.4926917295788554
0.736	 0.4925520361802424
0.735	 0.49241237113708947
0.734	 0.4922694645528082
0.733	 0.4921227949369935
0.732	 0.49197381696849646
0.731	 0.4918213551454113
0.73	 0.4916658532941348
0.729	 0.4915077346910971
0.728	 0.49134676529805366
0.727	 0.49118324412304515
0.726	 0.4910179675419178
0.725	 0.4908502518367087
0.724	 0.49068019879185876
0.723	 0.4905068054434457
0.722	 0.4903296774882791
0.721	 0.49014988925734226
0.72	 0.48996752742421407
0.719	 0.48978087604424053
0.718	 0.48959160510469346
0.717	 0.48940055353940076
0.716	 0.4892071520426242
0.715	 0.48900942231212197
0.714	 0.48880829721741825
0.713	 0.4886042584416563
0.712	 0.48839700865755264
0.711	 0.4881870061913192
0.71	 0.48797424863096706
0.709	 0.4877572788843331
0.708	 0.4875385955158728
0.707	 0.48731773498542014
0.706	 0.4870941393525582
0.705	 0.4868656522426944
0.704	 0.48663443149742086
0.703	 0.4864016261831499
0.702	 0.48616684074338157
0.701	 0.4859293394959599
0.7	 0.4856897404748972
0.699	 0.48544769056013204
0.698	 0.4852025679480259
0.697	 0.48495378539184814
0.696	 0.4847020331361771
0.695	 0.484447148289612
0.694	 0.48418875127639105
0.693	 0.48392784151780194
0.692	 0.4836665381402069
0.691	 0.48340233005884153
0.69	 0.48313448020250505
0.689	 0.48286336125841806
0.688	 0.48259116072325964
0.687	 0.4825247861364414
0.686	 0.48224977483029763
0.685	 0.48197301081133387
0.684	 0.4816939287584051
0.683	 0.4814137610767358
0.682	 0.48113154982734757
0.681	 0.480846271033786
0.68	 0.4805570613625794
0.679	 0.4802682383316154
0.678	 0.47997689117674
0.677	 0.47968345268941015
0.676	 0.4793881822099533
0.675	 0.4790924899437241
0.674	 0.47879428787281375
0.673	 0.47849529487735804
0.672	 0.4781953752845247
0.671	 0.4778948487099491
0.67	 0.4775912825266275
0.669	 0.47728825266704006
0.668	 0.47677126853260837
0.667	 0.47646583144279003
0.666	 0.47616021514662094
0.665	 0.4758534063782258
0.664	 0.4755447451213564
0.663	 0.47523521718856565
0.662	 0.4749222258408557
0.661	 0.4746089396771721
0.66	 0.47429511103088967
0.659	 0.4739894167505757
0.658	 0.47368722255509815
0.657	 0.47338164611506034
0.656	 0.4730749601722669
0.655	 0.47276824482276736
0.654	 0.47245893173976705
0.653	 0.47214930670515376
0.652	 0.4718366918147851
0.651	 0.4715231346654236
0.65	 0.47120644267789
0.649	 0.47088735011655125
0.648	 0.4705662299432551
0.647	 0.47024096201577553
0.646	 0.4699136839560608
0.645	 0.46958196248924894
0.644	 0.4692462027018278
0.643	 0.46890786247423477
0.642	 0.4685641712435832
0.641	 0.46821539301100107
0.64	 0.4678616239595422
0.639	 0.4675039329598212
0.638	 0.46714062849960347
0.637	 0.4667722797852171
0.636	 0.466399239530034
0.635	 0.4660201600059004
0.634	 0.46563508541955256
0.633	 0.4652449661877629
0.632	 0.4648496901960396
0.631	 0.46444930561136727
0.63	 0.4640428105272979
0.629	 0.46363127781692076
0.628	 0.463214741747498
0.627	 0.4627934253912458
0.626	 0.46236799482759183
0.625	 0.4619373308911265
0.624	 0.4615005862555024
0.623	 0.4610588790451926
0.622	 0.460613131623485
0.621	 0.46016301026324896
0.62	 0.4597076570087974
0.619	 0.4592473948048964
0.618	 0.45878317794905804
0.617	 0.4583144430199822
0.616	 0.45784103264805753
0.615	 0.4573635675685163
0.614	 0.4568822135143821
0.613	 0.45639618770149126
0.612	 0.4559174279792689
0.611	 0.45542582013547966
0.61	 0.4549296325939844
0.609	 0.4544286625122423
0.608	 0.4539240715088624
0.607	 0.4534148411877984
0.606	 0.45290146577203444
0.605	 0.4523845648000416
0.604	 0.4518626406039283
0.603	 0.45133694511948313
0.602	 0.45080680273768414
0.601	 0.45027178100836496
0.6	 0.4497326092544336
0.599	 0.4495471010583303
0.598	 0.4493594200316967
0.597	 0.44916962070388017
0.596	 0.44897762917319767
0.595	 0.44878278441451797
0.594	 0.4485857727943991
0.593	 0.44838675048074206
0.592	 0.44818792576474603
0.591	 0.447986393131226
0.59	 0.4477830712499746
0.589	 0.4475782406558454
0.588	 0.4473720455774895
0.587	 0.447164841092192
0.586	 0.44695520697217306
0.585	 0.44674443407073267
0.584	 0.4465319597380416
0.583	 0.44631849753304564
0.582	 0.4461027945974131
0.581	 0.44588595993674385
0.58	 0.4456672766393293
0.579	 0.4454456939198833
0.578	 0.44522323088606325
0.577	 0.44499970679376855
0.576	 0.4447744770935997
0.575	 0.4445482904644956
0.574	 0.4443200602415138
0.573	 0.44409048927612965
0.572	 0.4438603039877126
0.571	 0.4436288338107623
0.57	 0.4433960861248864
0.569	 0.44316194211592164
0.568	 0.4429273155822964
0.567	 0.44269129040831795
0.566	 0.4424531617696565
0.565	 0.44221494957346796
0.564	 0.44197542791179084
0.563	 0.4417352796963551
0.562	 0.441464287401808
0.561	 0.441221203357685
0.56	 0.44097749845034806
0.559	 0.44073227853807867
0.558	 0.44048681700324666
0.557	 0.44024089355495005
0.556	 0.4399946819401594
0.555	 0.4397477198193739
0.554	 0.4395006057006646
0.553	 0.4392522876653449
0.552	 0.4390045416391272
0.551	 0.4387564471193595
0.55	 0.43850888995542764
0.549	 0.4382616626723623
0.548	 0.43801446799949584
0.547	 0.437767205148926
0.546	 0.43752092623842226
0.545	 0.4372750815039455
0.544	 0.437030463026681
0.543	 0.43678701572213413
0.542	 0.43654396608405327
0.541	 0.4363021759902981
0.54	 0.4360611476188209
0.539	 0.43582067244693584
0.538	 0.4355822393094265
0.537	 0.43534593484279926
0.536	 0.4351107165112133
0.535	 0.4348763230389973
0.534	 0.4346445170452361
0.533	 0.4344158437765994
0.532	 0.43418834800121986
0.531	 0.43396273318313683
0.53	 0.4337403382495926
0.529	 0.43352038113366453
0.528	 0.43330248003955524
0.527	 0.43308691228295054
0.526	 0.43287443743629106
0.525	 0.4326643644764184
0.524	 0.43245755960240245
0.523	 0.4322547415660168
0.522	 0.4320546170979434
0.521	 0.43185718332791956
0.52	 0.43166226747740616
0.519	 0.4314712357509098
0.518	 0.4312836068542422
0.517	 0.4310992045975815
0.516	 0.43091762796139804
0.515	 0.4307398319505248
0.514	 0.4305667764963919
0.513	 0.43039686836662655
0.512	 0.4302311583941548
0.511	 0.4300696669474602
0.51	 0.4299115115056453
0.509	 0.429757318362852
0.508	 0.42960689602786883
0.507	 0.4294604546694036
0.506	 0.4293182059110656
0.505	 0.4291798585586884
0.504	 0.42904532151289543
0.503	 0.4289138573603869
0.502	 0.42878615637101125
0.501	 0.4286635374500085
0.5	 0.4285451691904776
0.499	 0.4284303585338303
0.498	 0.42832023363761745
0.497	 0.42821370803072845
0.496	 0.4281101137563674
0.495	 0.42801076177982683
0.494	 0.42791541945906886
0.493	 0.42782214642156685
0.492	 0.4277333508708289
0.491	 0.4276464094401776
0.49	 0.4275625146727883
0.489	 0.4274818381114018
0.488	 0.4274029197168007
0.487	 0.4274007232065091
0.486	 0.4273249602427432
0.485	 0.4272510417153437
0.484	 0.42717849869707253
0.483	 0.42710461045318393
0.482	 0.4270304387469149
0.481	 0.4269560490774299
0.48	 0.4268802265611665
0.479	 0.4268050360810983
0.478	 0.4267304510945938
0.477	 0.42665260286561335
0.476	 0.42657307446970383
0.475	 0.42649106420279453
0.474	 0.42640487707216523
0.473	 0.42631306319104817
0.472	 0.42621672658073906
0.471	 0.426116445940141
0.47	 0.4260108481688818
0.469	 0.4258982731833117
0.468	 0.4256820616953609
0.467	 0.42555658598766427
0.466	 0.42542383662293787
0.465	 0.42528458396279156
0.464	 0.42513902039056817
0.463	 0.42498683075970556
0.462	 0.4248257513574683
0.461	 0.42465674201033016
0.46	 0.42447644039187127
0.459	 0.4242880766059948
0.458	 0.4240897403924676
0.457	 0.42388322166383474
0.456	 0.42366680401337153
0.455	 0.42344080725285915
0.454	 0.4232065129866144
0.453	 0.42296363324372016
0.452	 0.4227098465435386
0.451	 0.4224483179065427
0.45	 0.4221791076062724
0.449	 0.42190331734511444
0.448	 0.4216188505817907
0.447	 0.4213295627372188
0.446	 0.4210350667029907
0.445	 0.42073906327138116
0.444	 0.42044126774469875
0.443	 0.42014173216611594
0.442	 0.41984345857042193
0.441	 0.4195480276411591
0.44	 0.41925766539214343
0.439	 0.4189713472224387
0.438	 0.4186930892270249
0.437	 0.41842136409997466
0.436	 0.4181564654356404
0.435	 0.417903738422907
0.434	 0.41766381545729164
0.433	 0.41743418375691915
0.432	 0.4172143397118883
0.431	 0.4170076001964214
0.43	 0.41681602207248863
0.429	 0.4166372254547417
0.428	 0.41647138534180517
0.427	 0.4163175193905768
0.426	 0.416168243358934
0.425	 0.4160305060435354
0.424	 0.4159055434594149
0.423	 0.41579436456267915
0.422	 0.41569408385655937
0.421	 0.41560312936936783
0.42	 0.41552216844063095
0.419	 0.4154519540166428
0.418	 0.41538910507756727
0.417	 0.41533555884679074
0.416	 0.4152930440909497
0.415	 0.4152627106805897
0.414	 0.415238683096585
0.413	 0.415224818238005
0.412	 0.41521723794505905
0.411	 0.41518605346069326
0.41	 0.41515631123349894
0.409	 0.4151365156507022
0.408	 0.41511759330343656
0.407	 0.4150894214113266
0.406	 0.4150679087191256
0.405	 0.415043592371493
0.404	 0.41503767407276837
0.403	 0.4150046299172428
0.402	 0.4149703149433887
0.401	 0.4149371042492422
0.4	 0.0
