25.0442	 1.0
24.9238	 0.5023537596183723
24.8045	 0.5009522772722969
24.6864	 0.5032871199452871
24.5694	 0.5038280771332412
24.4536	 0.5030710595503958
24.3388	 0.5040918203943736
24.225	 0.5020053697321095
24.1124	 0.49845320597466725
24.0007	 0.49968284950232406
23.8901	 0.5020868024099999
23.7805	 0.5007088377973531
23.6719	 0.5003845832151157
23.5643	 0.5024748527432576
23.4577	 0.5016323143800473
23.352	 0.5009588193204669
23.2473	 0.5016268478855306
23.1435	 0.5020798926813119
23.0407	 0.5009146533439608
22.9387	 0.49987942612204866
22.8377	 0.500558071647814
22.7375	 0.5014672259720824
22.6382	 0.5021676360478771
22.5398	 0.5019941428976026
22.4422	 0.501707292083865
22.3455	 0.501911563306791
22.2496	 0.5018572599753389
22.1545	 0.5011164406000148
22.0602	 0.5003791683433512
21.9668	 0.5005330518510239
21.8741	 0.5015013876681148
21.7822	 0.5020962595226304
21.691	 0.5014614953991515
21.6007	 0.5007573363354251
21.511	 0.5008697510004748
21.4221	 0.5016666083906048
21.334	 0.501434467183367
21.2465	 0.5006052099094007
21.1598	 0.5001954967124316
21.0738	 0.5002452112301022
20.9885	 0.5004772223450755
20.9038	 0.5005842780156247
20.8199	 0.5008070019746897
20.7366	 0.5008679129298553
20.654	 0.5011505384354333
20.572	 0.5015548687497595
20.4907	 0.50163432400151
20.41	 0.501047502129127
20.33	 0.5003655856548408
20.2506	 0.5000239018144305
20.1718	 0.5002370905115504
20.0936	 0.5004791334862554
20.016	 0.5003825034032402
19.9391	 0.5003420106015589
19.8627	 0.5006630546949014
19.7869	 0.5012160305619031
19.7116	 0.5012176041958939
19.637	 0.5009204871288899
19.5628	 0.5003961298938627
19.4893	 0.5002974565615246
19.4163	 0.5004142428196637
19.3439	 0.5005100248861581
19.2719	 0.5003359181286788
19.2006	 0.5000646475917244
19.1297	 0.5001465113510687
19.0594	 0.5004184381310425
18.9896	 0.5005846315118418
18.9203	 0.5003735204018368
18.8515	 0.500213335934
18.7832	 0.5002478014441761
18.7153	 0.5004334220810602
18.648	 0.5003392691337814
18.5812	 0.5003200567788161
18.5148	 0.5006789150083459
18.4489	 0.5010395504931033
18.3835	 0.5011961906020846
18.3185	 0.5009850540444015
18.2541	 0.5005744947879706
18.19	 0.5003934687220123
18.1264	 0.5002012612370859
18.0633	 0.5002463937488115
18.0005	 0.5000591755567293
17.9382	 0.5001222545863114
17.8764	 0.5001680978929547
17.815	 0.5003106931513824
17.7539	 0.5004443774164912
17.6934	 0.5004786118493988
17.6332	 0.5005022754664232
17.5734	 0.500411954236102
17.514	 0.5002940536762411
17.4551	 0.5000492107418583
17.3965	 0.49991818790227077
17.3383	 0.49981418892586116
17.2805	 0.49994016081153336
17.2231	 0.5000662138200145
17.1661	 0.5002045638265118
17.1094	 0.500231634967427
17.0531	 0.5001989057669266
16.9972	 0.5002061562736596
16.9417	 0.500198704876283
16.8865	 0.500226482910462
16.8317	 0.5002665234493759
16.7772	 0.5002223843722626
16.7231	 0.500048207969179
16.6693	 0.49996568490912696
16.6159	 0.4999133942959391
16.5628	 0.5000179863247045
16.51	 0.5000555615431114
16.4576	 0.5001617418653381
16.4055	 0.5002156636383409
16.3538	 0.5001808788252359
16.3024	 0.5001188635738939
16.2513	 0.500035965602832
16.2005	 0.5000824350752717
16.15	 0.5002452692610314
16.0998	 0.5004852397876575
16.05	 0.5005843008401251
16.0005	 0.5005252399068764
15.9513	 0.5005331246665231
15.9023	 0.5003618244363495
15.8537	 0.500239515502935
15.8054	 0.5002037392183045
15.7573	 0.5001206534576254
15.7096	 0.5000552822295399
15.6621	 0.5000659744704439
15.6149	 0.5000567793265221
15.568	 0.5000238223296888
15.5214	 0.5000460818831921
15.4751	 0.5000018133502345
15.429	 0.5000367630508831
15.3832	 0.5001099576359921
15.3377	 0.500199868054585
15.2925	 0.5002452102759353
15.2475	 0.5002950256586709
15.2028	 0.5002253368617362
15.1583	 0.5001101591753221
15.1141	 0.500073207466462
15.0702	 0.5000530847219672
15.0265	 0.5000924168248576
14.9831	 0.5001011667903149
14.9399	 0.5000369796057473
14.897	 0.4998139410974251
14.8543	 0.49962291676196857
14.8119	 0.4993748968579816
14.7697	 0.49928621305764914
14.7277	 0.4992759051560857
14.686	 0.4992847787370671
14.6445	 0.4992957443922278
14.6033	 0.4992170447293758
14.5622	 0.4989894295092105
14.5214	 0.4986281427716441
14.4809	 0.49779975248238467
14.4405	 0.49711786938642305
14.4004	 0.49624308687145857
14.3605	 0.4948439254840302
14.3209	 0.4919479657443386
14.2814	 0.48531280160571094
14.2422	 0.47439659696193176
14.2032	 0.4641136769049398
14.1643	 0.4603492477855993
14.1258	 0.46366267094392727
14.0874	 0.474664771822637
14.0492	 0.4943122759943912
14.0112	 0.5177794931172006
13.9734	 0.5353858462714055
13.9359	 0.542916717665367
13.8985	 0.5422826032706978
13.8614	 0.5351537710428408
13.8244	 0.5227124193593221
13.7876	 0.5110306177527774
13.7511	 0.5046549153344416
13.7147	 0.5021629092331693
13.6785	 0.5012394574609619
13.6425	 0.5008409461988214
13.6067	 0.5008082187720524
13.5711	 0.5007042337816756
13.5356	 0.500581380274555
13.5004	 0.5004769789142425
13.4653	 0.5003758176775862
13.4304	 0.5000418784686839
13.3957	 0.49972784151403854
13.3612	 0.49963017530288734
13.3269	 0.4994590509010667
13.2927	 0.4992964242795953
13.2587	 0.4992923558067722
13.2249	 0.4994716849059579
13.1912	 0.4994133876765975
13.1577	 0.49935007078634774
13.1244	 0.49947755136301303
13.0913	 0.49954973216748205
13.0583	 0.49937615955832626
13.0255	 0.49927185042693184
12.9929	 0.49931311185550514
12.9604	 0.49950903133809516
12.9281	 0.49965053104268525
12.8959	 0.4997983980756961
12.8639	 0.5000075034728573
12.8321	 0.5002899556896997
12.8004	 0.5004602952879559
12.7688	 0.5005864137148759
12.7375	 0.5006067939409489
12.7063	 0.5005506297121277
12.6752	 0.5005609961665262
12.6443	 0.5004500878893747
12.6135	 0.5003690368234697
12.5829	 0.5002003766631451
12.5524	 0.5000121606977909
12.5221	 0.49983588773654863
12.4919	 0.499572615840278
12.4619	 0.49924103847678153
12.432	 0.49906326367772597
12.4023	 0.49888285063949955
12.3727	 0.4986560224928276
12.3432	 0.49847594304183307
12.3139	 0.49836563862324884
12.2847	 0.4983380114643855
12.2557	 0.49811263449281856
12.2268	 0.4979385783682201
12.198	 0.4978827991849405
12.1694	 0.4979033124485622
12.1409	 0.497826138186827
12.1125	 0.4976813369182649
12.0843	 0.4975437625331417
12.0562	 0.49713938890135195
12.0282	 0.49664271777763297
12.0004	 0.49553959186265856
11.9726	 0.49424174074177496
11.945	 0.4935360810400555
11.9176	 0.4930268512126284
11.8903	 0.492379511903306
11.8631	 0.49152814139391304
11.836	 0.49070827114804433
11.809	 0.49028104368795694
11.7822	 0.4899105785001528
11.7555	 0.4881879254786732
11.7289	 0.48428469532078894
11.7024	 0.4779427477540096
11.676	 0.46790584369185356
11.6498	 0.4527899289834462
11.6237	 0.43260009189650445
11.5977	 0.40950901679980434
11.5718	 0.38824155031705326
11.546	 0.373757769961648
11.5203	 0.3687548031144847
11.4948	 0.37656406760013084
11.4694	 0.4176086814368861
11.444	 0.45662919365289656
11.4188	 0.5019328598624087
11.3937	 0.5471762831878778
11.3688	 0.5865397191041778
11.3439	 0.6163045641976033
11.3191	 0.6347280872250531
11.2944	 0.6392446515741602
11.2699	 0.628596768397823
11.2455	 0.6137736089935908
11.2211	 0.5925360231147564
11.1969	 0.5703204778708569
11.1727	 0.5507169170495997
11.1487	 0.5351382985144865
11.1248	 0.523103967533277
11.101	 0.5140008190081442
11.0773	 0.508163146166718
11.0536	 0.5052807173621169
11.0301	 0.5039065409160259
11.0067	 0.5030293274024569
10.9834	 0.5023570196661619
10.9602	 0.5018632873141711
10.937	 0.5014346406550789
10.914	 0.5010597517668055
10.8911	 0.5007406911658904
10.8682	 0.5004916885148434
10.8455	 0.5003082612669059
10.8229	 0.5002058067857437
10.8003	 0.499973769722854
10.7779	 0.4997893220903203
10.7555	 0.49966385490663084
10.7332	 0.49960692347523433
10.7111	 0.49961874179577626
10.689	 0.4996071254513084
10.667	 0.49953597839940855
10.6451	 0.4993639400308255
10.6233	 0.49919794795481875
10.6015	 0.49924199631055294
10.5799	 0.49931635776292754
10.5584	 0.49935592269469437
10.5369	 0.49930515815997406
10.5155	 0.4992102172649977
10.4942	 0.49910390943466276
10.473	 0.4990199006201354
10.4519	 0.4989891280728536
10.4309	 0.49901307234401227
10.4099	 0.49893745394743866
10.3891	 0.4987827402049182
10.3683	 0.49866159675018484
10.3476	 0.4985853621018909
10.327	 0.4985412667703429
10.3065	 0.4985436708033799
10.286	 0.49854783498118505
10.2656	 0.4984296739603568
10.2454	 0.49841648888827017
10.2251	 0.49840442572997185
10.205	 0.4983927693686642
10.185	 0.4983977526639038
10.165	 0.498385016541717
10.1451	 0.4983360419059463
10.1253	 0.4982757301973396
10.1056	 0.4982284983575199
10.0859	 0.49821311819840625
10.0663	 0.4981738505540999
10.0468	 0.4982209441054275
10.0274	 0.4982792798702433
10.008	 0.49835048133255694
9.9887	 0.4984366796305998
9.9695	 0.49852791511250866
9.9504	 0.49861582259293413
9.9313	 0.4986842059099538
9.9123	 0.4987283745600296
9.8934	 0.4987559367286539
9.8746	 0.4987671633530198
9.8558	 0.4987492921561559
9.8371	 0.4987170655051044
9.8185	 0.49867062335621076
9.7999	 0.4985585690928978
9.7814	 0.4984723718918149
9.763	 0.4983987905272897
9.7447	 0.4983631356664212
9.7264	 0.49835477493957403
9.7082	 0.49837346597305954
9.69	 0.4983761326412147
9.6719	 0.49836332309938897
9.6539	 0.49834801776651066
9.636	 0.49834061377227057
9.6181	 0.49831263026021344
9.6003	 0.49816230961179936
9.5825	 0.4981227534617229
9.5649	 0.49809304995579307
9.5472	 0.49804032202109283
9.5297	 0.497983285784238
9.5122	 0.49792498370183136
9.4948	 0.4978464351536785
9.4774	 0.49775818917493886
9.4601	 0.49768841595285007
9.4429	 0.497606896133931
9.4257	 0.49749099294167426
9.4086	 0.4973876036001904
9.3916	 0.49714675115325335
9.3746	 0.49707940345665197
9.3577	 0.49703954202546313
9.3408	 0.497020344924129
9.324	 0.4970073431520182
9.3073	 0.497027475400226
9.2906	 0.49709725504957264
9.274	 0.4971828081009495
9.2574	 0.4972811492656263
9.2409	 0.4974320893302982
9.2245	 0.4976478772395943
9.2081	 0.49787814487817644
9.1918	 0.4980214388029895
9.1755	 0.49826670324015254
9.1593	 0.49847292901232704
9.1431	 0.4986355990807545
9.127	 0.4987392175784618
9.111	 0.4987946141439473
9.095	 0.49879614474408884
9.0791	 0.4987669474855573
9.0632	 0.49871041905269126
9.0474	 0.49861109274320276
9.0316	 0.4982896931326477
9.0159	 0.4980808437699716
9.0003	 0.49781893258667326
8.9847	 0.49750508886421785
8.9691	 0.4971945955062801
8.9536	 0.49689488883919597
8.9382	 0.49662082543130226
8.9228	 0.4963894506219208
8.9075	 0.49618025527422077
8.8922	 0.4959882482056673
8.877	 0.49580683730034103
8.8618	 0.4956778072646737
8.8467	 0.4955789785236492
8.8316	 0.4954058963454375
8.8166	 0.4953133418647575
8.8016	 0.49525089661442806
8.7867	 0.4952384021499868
8.7718	 0.49522808807406826
8.757	 0.4952317016934643
8.7422	 0.4952403172586065
8.7275	 0.4952415949121957
8.7129	 0.49523395391353886
8.6982	 0.495032338240579
8.6837	 0.49501652492486786
8.6692	 0.49499007482694724
8.6547	 0.49495554308611683
8.6403	 0.4949307217177775
8.6259	 0.49492950990390894
8.6116	 0.49493453659665626
8.5973	 0.4949268547509964
8.583	 0.49493325745586936
8.5688	 0.49495041143927937
8.5547	 0.49496701380160774
8.5406	 0.49498121966863806
8.5266	 0.49500503325731593
8.5126	 0.49503492470883076
8.4986	 0.494898118568949
8.4847	 0.49494186830253795
8.4708	 0.4949754075333466
8.457	 0.4949912578756231
8.4432	 0.49498343350913016
8.4295	 0.49494960678278926
8.4158	 0.49488876773834345
8.4022	 0.4945729892458464
8.3886	 0.49446169265647627
8.375	 0.49431048419005613
8.3615	 0.4941529204421276
8.3481	 0.4939896046091818
8.3347	 0.49380670710563795
8.3213	 0.4935956059681161
8.3079	 0.4933676312345623
8.2946	 0.4931152919450095
8.2814	 0.4928441182354833
8.2682	 0.49256651360728726
8.255	 0.49228852910951726
8.2419	 0.4920067882677591
8.2288	 0.49172548774535035
8.2158	 0.4914464661955711
8.2028	 0.4909783443367377
8.1898	 0.4907029500534342
8.1769	 0.49045102185468936
8.164	 0.4902011925354484
8.1512	 0.4895928205732535
8.1384	 0.48935206692886574
8.1256	 0.4891177951698319
8.1129	 0.4888853125150005
8.1002	 0.48865007063900195
8.0876	 0.4884126885652987
8.075	 0.48817442550084983
8.0624	 0.48793171581694433
8.0499	 0.4876761631193457
8.0374	 0.48740874034578174
8.025	 0.48713074803222933
8.0126	 0.4868353344739991
8.0002	 0.48652528115555055
7.9879	 0.48619292839736744
7.9756	 0.4858227492328616
7.9634	 0.4854242854655773
7.9512	 0.4846231339595316
7.939	 0.4841490211523416
7.9268	 0.48364942029538177
7.9147	 0.48312888087379185
7.9027	 0.48188865864667585
7.8906	 0.48130915567756105
7.8786	 0.4807135117134865
7.8667	 0.4800897836925891
7.8548	 0.47945010852331726
7.8429	 0.478799391077371
7.831	 0.47814229558351207
7.8192	 0.47747298167066904
7.8075	 0.47678840775717435
7.7957	 0.4760797529682774
7.784	 0.47536193277356315
7.7723	 0.4746431868022646
7.7607	 0.4739189029513562
7.7491	 0.4731864894702652
7.7375	 0.47243050805200665
7.726	 0.47165777433270384
7.7145	 0.4708660187303103
7.7031	 0.4694282508203885
7.6916	 0.46856945447068377
7.6802	 0.466436608407405
7.6689	 0.4654613216594263
7.6575	 0.46444395327676036
7.6462	 0.4633712476184908
7.635	 0.4622290614224144
7.6238	 0.46101088177122174
7.6126	 0.45971508237380787
7.6014	 0.45833714093739836
7.5903	 0.45687395918689144
7.5792	 0.45529946118298015
7.5681	 0.45361079185497266
7.5571	 0.45180039026505386
7.5461	 0.4498709705960649
7.5351	 0.44780026289012
7.5242	 0.4455589635995436
7.5133	 0.44315910866296904
7.5024	 0.4405891843568635
7.4916	 0.4378350770011369
7.4807	 0.43093957351602036
7.47	 0.4276781768212649
7.4592	 0.4242160915170459
7.4485	 0.42054443433307814
7.4378	 0.41663465267805694
7.4272	 0.41246728685745665
7.4165	 0.4080198844852461
7.4059	 0.40327277740360645
7.3954	 0.3986165174758074
7.3848	 0.39419932164922306
7.3743	 0.39004935961519865
7.3639	 0.3862126945054301
7.3534	 0.3827326222788328
7.343	 0.37964864538506565
7.3326	 0.3770346299160349
7.3223	 0.37493599220638507
7.3119	 0.3733960570889719
7.3016	 0.3712928239505297
7.2914	 0.3712437844201006
7.2811	 0.3696254254637892
7.2709	 0.37082896173546276
7.2607	 0.3727974664039389
7.2506	 0.37558471930220044
7.2404	 0.37927936602223666
7.2303	 0.38397291924583116
7.2203	 0.38973158375349437
7.2102	 0.39662404279442326
7.2002	 0.40415237315333513
7.1902	 0.4117779250382268
7.1803	 0.41936029130063995
7.1703	 0.42687197249313436
7.1604	 0.43426272092333185
7.1506	 0.4414970119185358
7.1407	 0.4485273760691002
7.1309	 0.4552931278018215
7.1211	 0.46175804082038535
7.1113	 0.4678631054274953
7.1016	 0.4693715197319916
7.0919	 0.4748204639673774
7.0822	 0.47984620737763495
7.0725	 0.4844204833108191
7.0629	 0.48849645073715287
7.0533	 0.4920269269667252
7.0437	 0.494981981871754
7.0341	 0.49729458825309947
7.0246	 0.4989152953040493
7.0151	 0.49982676756461664
7.0056	 0.5
6.9962	 0.5
6.9867	 0.5
6.9773	 0.5
6.9679	 0.5
6.9586	 0.5
6.9493	 0.5
6.94	 0.5
6.9307	 0.5
6.9214	 0.5
6.9122	 0.5000745108724355
6.903	 0.5006028303536604
6.8938	 0.5016044748772837
6.8847	 0.5030850408956966
6.8755	 0.505047412843333
6.8664	 0.5074842964883526
6.8573	 0.5103980504428374
6.8483	 0.5137651282932514
6.8393	 0.5175481338972076
6.8302	 0.521723391773785
6.8213	 0.5262816511150021
6.8123	 0.5349362198475233
6.8034	 0.5402353950097283
6.7944	 0.545775254909606
6.7855	 0.5515236054694885
6.7767	 0.557462034548905
6.7678	 0.5635668272316934
6.759	 0.5698097874416773
6.7502	 0.5761691199439521
6.7414	 0.5826299295091079
6.7327	 0.589171763140394
6.7239	 0.595779127079003
6.7152	 0.6023957104448341
6.7065	 0.6087170980088815
6.6979	 0.6143783280098567
6.6892	 0.6193767972606224
6.6806	 0.6237150904621577
6.672	 0.6300081574527328
6.6634	 0.6329854282599952
6.6549	 0.635342246526119
6.6464	 0.6371222495668091
6.6378	 0.6383628659622901
6.6294	 0.6390738040690352
6.6209	 0.6392671483255655
6.6124	 0.6401580694641489
6.604	 0.639603941274506
6.5956	 0.6386375218210283
6.5872	 0.6373055296800737
6.5789	 0.6356338138552717
6.5705	 0.6336289151717212
6.5622	 0.6313192332363184
6.5539	 0.6287324210001022
6.5456	 0.6258754936096885
6.5374	 0.6240046499347598
6.5292	 0.6205468879614435
6.5209	 0.6168576457927077
6.5128	 0.613000935383248
6.5046	 0.6092018761546036
6.4964	 0.6054517825202242
6.4883	 0.6017498486127457
6.4802	 0.5981216384907828
6.4721	 0.5975023458731165
6.464	 0.5939468819882553
6.456	 0.5904646501133414
6.448	 0.5870516896093891
6.4399	 0.5837018224857792
6.432	 0.5804305899368862
6.424	 0.5772562216168312
6.416	 0.5741748297269551
6.4081	 0.5718629987715321
6.4002	 0.5689730271141202
6.3923	 0.566174256628594
6.3844	 0.5634533487683299
6.3766	 0.5608222222090996
6.3687	 0.5582848626288329
6.3609	 0.5558257797103027
6.3531	 0.5534474716790411
6.3454	 0.5511729749880324
6.3376	 0.5508595125315296
6.3299	 0.5487685950664483
6.3221	 0.5467899402175762
6.3144	 0.5448946161419714
6.3068	 0.5430714888893327
6.2991	 0.5413492476185671
6.2914	 0.5401126184935126
6.2838	 0.5385960771681629
6.2762	 0.5371451884440321
6.2686	 0.5357487904622282
6.2611	 0.5344309883388875
6.2535	 0.533196823685271
6.246	 0.5320403785714811
6.2385	 0.5309611681892239
6.231	 0.5299477265434972
6.2235	 0.5289951325465773
6.216	 0.5281156382822183
6.2086	 0.5281609157117089
6.2011	 0.5273692347399463
6.1937	 0.5266312825715033
6.1863	 0.5259523409881532
6.179	 0.5257049009260847
6.1716	 0.525083249422524
6.1643	 0.5244937413718759
6.157	 0.5239426989578067
6.1496	 0.5234235695052938
6.1424	 0.5229181085870164
6.1351	 0.5224127289696039
6.1278	 0.5219064475499573
6.1206	 0.5214215475317134
6.1134	 0.520980444768051
6.1062	 0.5205683053060534
6.099	 0.5201647117315668
6.0918	 0.5203266327030402
6.0847	 0.5199350986114805
6.0776	 0.5197551319366195
6.0704	 0.5194144384412838
6.0633	 0.5190828179360408
6.0563	 0.5187476920272285
6.0492	 0.5184174864519455
6.0421	 0.5180850672463881
6.0351	 0.5177429390633433
6.0281	 0.5173946970466513
6.0211	 0.5170308059768977
6.0141	 0.5166333875399209
6.0071	 0.5162063958862801
6.0002	 0.5157564681723803
5.9932	 0.5152847779285435
5.9863	 0.5148077826402784
5.9794	 0.5146803647069119
5.9725	 0.5143868870570959
5.9657	 0.5139624036813805
5.9588	 0.5135614890867282
5.952	 0.5131825388252004
5.9451	 0.5128204966565966
5.9383	 0.5124838188658841
5.9315	 0.512181502933065
5.9247	 0.5119009869237139
5.918	 0.5116250847659192
5.9112	 0.511350958149131
5.9045	 0.5110875304393417
5.8978	 0.5108352488424807
5.8911	 0.5105913676274209
5.8844	 0.5103526966638495
5.8777	 0.5105834554496047
5.8711	 0.5103458438907466
5.8644	 0.5101255237381933
5.8578	 0.5099286556718692
5.8512	 0.5097421886699596
5.8446	 0.5095650677465424
5.838	 0.5094091831839701
5.8314	 0.5092729836187405
5.8249	 0.5091481440684129
5.8184	 0.5090427581254537
5.8118	 0.5089587321175558
5.8053	 0.5088881657680301
5.7988	 0.5088255564661633
5.7924	 0.5087456813344928
5.7859	 0.5084520450641523
5.7794	 0.507975647059846
5.773	 0.5075030084699017
5.7666	 0.5068638683707988
5.7602	 0.5061969271830913
5.7538	 0.505546440384835
5.7474	 0.5049977528081361
5.741	 0.50457704564765
5.7347	 0.5042423843273959
5.7283	 0.503956470400758
5.722	 0.5037051799949106
5.7157	 0.5034802094610398
5.7094	 0.5032744660857648
5.7031	 0.5032462585011773
5.6969	 0.5030707969948248
5.6906	 0.5029034655197705
5.6844	 0.5027496010065038
5.6782	 0.5027555624897678
5.6719	 0.5026137761780548
5.6657	 0.5024703756224062
5.6596	 0.5023210273066904
5.6534	 0.502174509753576
5.6472	 0.5020379057769406
5.6411	 0.5019015990812248
5.6349	 0.5017656888093598
5.6288	 0.5016327918516069
5.6227	 0.5017316818191271
5.6166	 0.5016136944838286
5.6106	 0.5015137103227367
5.6045	 0.5014342299006596
5.5984	 0.5013962700065856
5.5924	 0.5014607352746887
5.5864	 0.5018638120877432
5.5804	 0.5024427862475642
5.5744	 0.5033160884846656
5.5684	 0.5043471006762837
5.5624	 0.5054371527086925
5.5564	 0.5065264770808379
5.5505	 0.5074902657099644
5.5445	 0.5082240116854279
5.5386	 0.5088387948971586
5.5327	 0.5091957390328199
5.5268	 0.5094617143232478
5.5209	 0.5096670338455607
5.5151	 0.5098263082105882
5.5092	 0.5099517751042896
5.5033	 0.5100104757866549
5.4975	 0.5100903838672406
5.4917	 0.510157663420897
5.4859	 0.5102079509217065
5.4801	 0.510245875628451
5.4743	 0.5102752543649218
5.4685	 0.5102970817603514
5.4628	 0.5103853736704985
5.457	 0.5104002343374601
5.4513	 0.5104050217245187
5.4455	 0.5104035451954216
5.4398	 0.5103991636504867
5.4341	 0.5103916126884473
5.4284	 0.5103799456740271
5.4228	 0.5102888307058996
5.4171	 0.5102731331154683
5.4114	 0.5102490939693223
5.4058	 0.5102174900336961
5.4002	 0.5101761567125881
5.3945	 0.5101012404063879
5.3889	 0.5100121699271297
5.3833	 0.509737095190515
5.3778	 0.5092946147615357
5.3722	 0.5087395581814443
5.3666	 0.5081453393429253
5.3611	 0.5075306501512813
5.3555	 0.5069449366016839
5.35	 0.506459249537052
5.3445	 0.5060939846433543
5.339	 0.5060882047518632
5.3335	 0.5058156435293755
5.328	 0.5055938755552853
5.3225	 0.5054555226518205
5.3171	 0.5052969146727443
5.3116	 0.5051567833891214
5.3062	 0.5050314227861946
5.3008	 0.5049162845536008
5.2954	 0.5048042458463067
5.29	 0.5047012282774479
5.2846	 0.5046075717852879
5.2792	 0.5045155630889328
5.2738	 0.5044288931000495
5.2684	 0.50434892905756
5.2631	 0.5043634300445523
5.2578	 0.5042838942422698
5.2524	 0.5042457016626997
5.2471	 0.5041792084288216
5.2418	 0.5041175665706114
5.2365	 0.5040584453998564
5.2312	 0.5040024023761682
5.226	 0.5039456873497489
5.2207	 0.5038877617899101
5.2154	 0.503832207995186
5.2102	 0.5037785292700482
5.205	 0.5037213491559571
5.1998	 0.5036638133511196
5.1945	 0.5036123475546274
5.1893	 0.5036595218609946
5.1842	 0.5036054248976749
5.179	 0.50355046924644
5.1738	 0.5035004974618073
5.1686	 0.5034542269225906
5.1635	 0.5034069864857172
5.1584	 0.5033582772775054
5.1532	 0.5033099270468582
5.1481	 0.5032647567679304
5.143	 0.5032203882123496
5.1379	 0.503177066501752
5.1328	 0.5031380169486266
5.1277	 0.503128482524796
5.1227	 0.503142418158989
5.1176	 0.503101807505604
5.1126	 0.5030629231350716
5.1075	 0.5030236328750715
5.1025	 0.5029838995107223
5.0975	 0.5029510154237017
5.0925	 0.5029210470016052
5.0875	 0.502886899475876
5.0825	 0.5028527845913129
5.0775	 0.5028221758560837
5.0726	 0.50279136566923
5.0676	 0.5027847637945608
5.0627	 0.5027562085738895
5.0577	 0.5027269677406504
5.0528	 0.5027427100317939
5.0479	 0.5027101943677058
5.043	 0.5026751201968425
5.038	 0.5026388887625937
5.0332	 0.5026065724630844
5.0283	 0.5025759962584015
5.0234	 0.502546755960973
5.0185	 0.502517657764083
5.0137	 0.5024882050767692
5.0088	 0.5024863323011877
5.004	 0.502464105657909
4.9992	 0.5024386259119961
4.9944	 0.5024122131429716
4.9896	 0.5024263252019168
4.9848	 0.5024063109146789
4.98	 0.5023875082514033
4.9752	 0.502364224145875
4.9704	 0.5023362139221579
4.9657	 0.5023103840391853
4.9609	 0.5022868911124155
4.9562	 0.5022645630890107
4.9514	 0.50226000050646
4.9467	 0.502237677329125
4.942	 0.502216214481117
4.9373	 0.502195616601328
4.9326	 0.5021742831870226
4.9279	 0.5021866766063252
4.9232	 0.5021646066221273
4.9186	 0.5021433401936084
4.9139	 0.5021180765505765
4.9092	 0.5020899652632214
4.9046	 0.5020609196815965
4.9	 0.5020304746678166
4.8953	 0.5020028031148164
4.8907	 0.5019679006614869
4.8861	 0.5019352235909188
4.8815	 0.5019029170013268
4.8769	 0.5018713294215614
4.8723	 0.5018403066888354
4.8678	 0.5018379447114035
4.8632	 0.5018065401564292
4.8586	 0.5017767441786773
4.8541	 0.5017480017522892
4.8495	 0.5017210540160812
4.845	 0.5017097150412106
4.8405	 0.501690951209936
4.836	 0.5016717965907365
4.8315	 0.5016492719682079
4.827	 0.5016279584658924
4.8225	 0.5016081972529188
4.818	 0.5015880440512185
4.8135	 0.5015681778065118
4.809	 0.5015751854860171
4.8046	 0.5015611405015976
4.8001	 0.5015455508410186
4.7957	 0.5015488525952476
4.7913	 0.5015320576071831
4.7868	 0.5015123047234372
4.7824	 0.5014901002944406
4.778	 0.5014692942289422
4.7736	 0.5014522632933278
4.7692	 0.5014377405680448
4.7648	 0.501420004395191
4.7605	 0.5014025309531635
4.7561	 0.5013885931122407
4.7517	 0.5013967097293301
4.7474	 0.5013982093973512
4.7431	 0.5013834181444004
4.7387	 0.501367074743311
4.7344	 0.5013504823006572
4.7301	 0.5013346797375456
4.7258	 0.5013200511424897
4.7215	 0.5013058487860763
4.7172	 0.5012945818300459
4.7129	 0.5012903613236339
4.7086	 0.5012908247144995
4.7043	 0.5012936506927258
4.7	 0.5013143844700364
4.6958	 0.5013392989960153
4.6915	 0.5013470414107168
4.6873	 0.5013566916626644
4.6831	 0.5013678755726225
4.6788	 0.501380362608734
4.6746	 0.5013920266348826
4.6704	 0.5014064904690827
4.6662	 0.5014219664729606
4.662	 0.5014355429339257
4.6578	 0.5014472467114068
4.6536	 0.50146935720094
4.6495	 0.5014751373406566
4.6453	 0.5014948448726692
4.6411	 0.5014961380368022
4.637	 0.5014935238566676
4.6328	 0.5014897060332523
4.6287	 0.5014853942548048
4.6246	 0.5014795459208152
4.6205	 0.501474489735648
4.6163	 0.5014708243527268
4.6122	 0.5014660171543767
4.6081	 0.5014645626501083
4.604	 0.5014485893291607
4.6	 0.5014371071270197
4.5959	 0.5014371060646134
4.5918	 0.5014246743537187
4.5877	 0.5014154321281173
4.5837	 0.5014091644418677
4.5796	 0.5014017162293475
4.5756	 0.5013948994617209
4.5716	 0.5013891561197446
4.5675	 0.5013862710377622
4.5635	 0.5013911745511747
4.5595	 0.5013841285563831
4.5555	 0.5013758563933862
4.5515	 0.5013692478859608
4.5475	 0.5013745432550061
4.5435	 0.5013676937007591
4.5395	 0.5013574640799187
4.5356	 0.5013475385687389
4.5316	 0.5013398087841399
4.5276	 0.5013344824223709
4.5237	 0.5013300414150907
4.5197	 0.5013366526337537
4.5158	 0.5013301959436459
4.5119	 0.5013193289262945
4.508	 0.5013062199325515
4.504	 0.5012900367152324
4.5001	 0.5012910131926435
4.4962	 0.501274988721414
4.4923	 0.5012616435145775
4.4884	 0.5012473261501234
4.4846	 0.5012290678502183
4.4807	 0.5012165221879273
4.4768	 0.5011932893875973
4.473	 0.5011688653714603
4.4691	 0.5011444123630008
4.4652	 0.5011222001243292
4.4614	 0.5011018360349079
4.4576	 0.5010825856023229
4.4537	 0.5010855298516428
4.4499	 0.5010672308166552
4.4461	 0.5010521877175206
4.4423	 0.5010423248600145
4.4385	 0.5010280645656308
4.4347	 0.5010168218494826
4.4309	 0.5010063256731835
4.4271	 0.5009978871813101
4.4233	 0.5009895800987902
4.4196	 0.5009769766837316
4.4158	 0.5009607877871279
4.412	 0.5009469299916345
4.4083	 0.5009439543035156
4.4045	 0.5009387572816941
4.4008	 0.5009298899062088
4.3971	 0.5009213999019551
4.3934	 0.5009149140986966
4.3896	 0.5009076301241173
4.3859	 0.5008992075227598
4.3822	 0.500889321962662
4.3785	 0.5008798673167375
4.3748	 0.5008694332786062
4.3711	 0.5008578676168052
4.3674	 0.5008449668941545
4.3638	 0.5008454378639067
4.3601	 0.5008326138234355
4.3564	 0.5008213445451218
4.3528	 0.5008081711348911
4.3491	 0.5007917684558669
4.3455	 0.5007756509146166
4.3418	 0.5007664507788255
4.3382	 0.5007584479222629
4.3346	 0.500748827865842
4.331	 0.500736214725807
4.3273	 0.500721968923194
4.3237	 0.5007040190042034
4.3201	 0.5006979616590551
4.3165	 0.5006801087792966
4.3129	 0.500664302590195
4.3094	 0.5006482467426184
4.3058	 0.5006334681981596
4.3022	 0.5006198705652981
4.2986	 0.5006045401920283
4.2951	 0.5005858163231907
4.2915	 0.5005637256628455
4.288	 0.5005443948604908
4.2844	 0.5005254005376927
4.2809	 0.5005147716359967
4.2774	 0.500497213056067
4.2738	 0.5004817638972654
4.2703	 0.5004625101901321
4.2668	 0.5004392120412634
4.2633	 0.5004144856445614
4.2598	 0.500386932559295
4.2563	 0.5003440582123944
4.2528	 0.5003112076452109
4.2493	 0.5002782889635804
4.2458	 0.5002431806636569
4.2424	 0.5002148081987642
4.2389	 0.5001737360687096
4.2354	 0.5001280186876651
4.232	 0.5000794135207457
4.2285	 0.5000260384559063
4.2251	 0.4999655545548268
4.2216	 0.4998515656988812
4.2182	 0.4997784035300157
4.2148	 0.49969934946898037
4.2113	 0.49960545396899037
4.2079	 0.49949401645732633
4.2045	 0.49936564550922774
4.2011	 0.4992056672585606
4.1977	 0.4990208641991305
4.1943	 0.49881259548442763
4.1909	 0.4985821756074874
4.1875	 0.4981036107869239
4.1841	 0.49782393236300665
4.1808	 0.4975387407986132
4.1774	 0.4972522389399269
4.174	 0.49696841892623833
4.1707	 0.49669274146617814
4.1673	 0.4964271451296475
4.164	 0.4961812636124167
4.1606	 0.4959423677921541
4.1573	 0.4955913802910474
4.154	 0.4954053916066207
4.1506	 0.49524134747537485
4.1473	 0.49509601679125054
4.144	 0.49496532945051436
4.1407	 0.4948475461042312
4.1374	 0.4947422372889882
4.1341	 0.4946466616172661
4.1308	 0.4945563773597556
4.1275	 0.4944713534023115
4.1242	 0.49439736795214106
4.1209	 0.49431917878929876
4.1177	 0.4942442519933348
4.1144	 0.4941698920914576
4.1111	 0.4940972847903583
4.1079	 0.4940281901841827
4.1046	 0.49395965645534173
4.1014	 0.4938935453587758
4.0981	 0.4938307431329153
4.0949	 0.49377293761604735
4.0917	 0.4937554155768206
4.0884	 0.49369967136408827
4.0852	 0.4936457666038287
4.082	 0.49359343338687167
4.0788	 0.4935430751754585
4.0756	 0.4934919117210009
4.0724	 0.4934434882993544
4.0692	 0.4934000314626317
4.066	 0.49335900163192675
4.0628	 0.4933731505118118
4.0596	 0.49334345228022336
4.0565	 0.4933170415777736
4.0533	 0.4932980199806198
4.0501	 0.49328133418201386
4.047	 0.49326827499697046
4.0438	 0.4932615300313262
4.0406	 0.4932633327065162
4.0375	 0.49327721434587823
4.0344	 0.49336930314634847
4.0312	 0.4934068540754025
4.0281	 0.49345807422955185
4.025	 0.49352441542123193
4.0218	 0.4936018469888696
4.0187	 0.4937001938144477
4.0156	 0.493814594190342
4.0125	 0.49395240868193896
4.0094	 0.4941238859409074
4.0063	 0.49433456046763474
4.0032	 0.4946764269290725
4.0001	 0.4949806203743717
3.997	 0.49533017007613106
3.994	 0.4957241106702529
3.9909	 0.4961650967955096
3.9878	 0.49661723815940984
3.9847	 0.49712829464582303
3.9817	 0.497657198482397
3.9786	 0.4981930230550807
3.9756	 0.4987976199774042
3.9725	 0.49931694794277015
3.9695	 0.49982036169995425
3.9665	 0.5003037039195433
3.9634	 0.5007641167204858
3.9604	 0.5011989629776927
3.9574	 0.5015337217913156
3.9544	 0.5019030905666118
3.9513	 0.5022363136138588
3.9483	 0.5025810545828889
3.9453	 0.5028445305434517
3.9423	 0.503078068096274
3.9393	 0.5032844551019905
3.9363	 0.5034728419643484
3.9333	 0.5036491338072894
3.9304	 0.5038205807495019
3.9274	 0.503991325650779
3.9244	 0.5040661837214736
3.9214	 0.5042587138033029
3.9185	 0.5044095843573556
3.9155	 0.5045555072494102
3.9126	 0.5046999406974663
3.9096	 0.5048414932656076
3.9067	 0.5049794541935604
3.9037	 0.5051146030145935
3.9008	 0.505247196003594
3.8979	 0.5053754317492221
3.8949	 0.5055220726316346
3.892	 0.5055474615283916
3.8891	 0.505668787311817
3.8862	 0.5057892921836242
3.8833	 0.5059085187616228
3.8804	 0.5060262569629681
3.8775	 0.506143716343534
3.8746	 0.506262247125216
3.8717	 0.5063787583571738
3.8688	 0.5065095613075619
3.8659	 0.5066207703813537
3.863	 0.5066313863441463
3.8601	 0.5067315282325792
3.8573	 0.5068296304867379
3.8544	 0.506924991602412
3.8515	 0.5070164370199928
3.8487	 0.5071076000851521
3.8458	 0.5071954286125274
3.843	 0.5072870910296324
3.8401	 0.5073592239020361
3.8373	 0.5074203498713156
3.8344	 0.5073984659756609
3.8316	 0.5074420901990762
3.8288	 0.5074758869391275
3.8259	 0.5074980066647906
3.8231	 0.5075052882725604
3.8203	 0.5074982197155796
3.8175	 0.5074820816704183
3.8147	 0.5074524488596797
3.8119	 0.5074046947634431
3.8091	 0.5073372644488076
3.8063	 0.5072494735438173
3.8035	 0.5071803342300429
3.8007	 0.5070647869597029
3.7979	 0.50692399227793
3.7951	 0.5067581150833552
3.7924	 0.5065662971199775
3.7896	 0.506349501846053
3.7868	 0.5061123609649135
3.7841	 0.5058601869663327
3.7813	 0.505600578753413
3.7785	 0.5053405341069588
3.7758	 0.5052654603741907
3.773	 0.5050132497158756
3.7703	 0.504762801328577
3.7676	 0.5045218470543332
3.7648	 0.5042910592124044
3.7621	 0.5040721206036081
3.7594	 0.5038669795831239
3.7566	 0.5036742043358994
3.7539	 0.5034958248826344
3.7512	 0.5033324468138237
3.7485	 0.5032777531712681
3.7458	 0.5031264590487381
3.7431	 0.502997153063805
3.7404	 0.5028811651510565
3.7377	 0.5027722105451339
3.735	 0.5026682676217953
3.7323	 0.5025666072537007
3.7296	 0.502461734805043
3.7269	 0.5023534530557746
3.7242	 0.5022460565999967
3.7216	 0.5021461474887013
3.7189	 0.5020240932684352
3.7162	 0.5019002673868083
3.7136	 0.5017720333402578
3.7109	 0.5016406015809707
3.7083	 0.501507587611238
3.7056	 0.5013745622387029
3.703	 0.5012393578063468
3.7003	 0.5010405591387025
3.6977	 0.500902857397633
3.695	 0.5008055205814076
3.6924	 0.5006632303850124
3.6898	 0.5005160772061111
3.6872	 0.5003640603376819
3.6845	 0.5002071594438783
3.6819	 0.5000463041233799
3.6793	 0.49988287458344305
3.6767	 0.49963702538283883
3.6741	 0.49947537519541346
3.6715	 0.49932165403879214
3.6689	 0.4992269265183802
3.6663	 0.4990955658470416
3.6637	 0.4989767277188134
3.6611	 0.4988661791225997
3.6585	 0.4987598223725208
3.656	 0.49863465058774786
3.6534	 0.49853233789642376
3.6508	 0.49842973932116896
3.6482	 0.4983259986167451
3.6457	 0.4982219519426345
3.6431	 0.49816447960806487
3.6406	 0.4980615421034264
3.638	 0.4979642972618993
3.6355	 0.49786039134542
3.6329	 0.4977728639910042
3.6304	 0.49768919320235383
3.6278	 0.4976081708975141
3.6253	 0.49753011259779745
3.6227	 0.49745728691122487
3.6202	 0.4973859442282993
3.6177	 0.4973370858112122
3.6152	 0.49726628626324343
3.6127	 0.49718530474915706
3.6101	 0.49711791846717857
3.6076	 0.49704909563730426
3.6051	 0.49697956750243427
3.6026	 0.4969138887982608
3.6001	 0.4968498421966399
3.5976	 0.49678779920114274
3.5951	 0.49673002416012807
3.5926	 0.4966773058257749
3.5901	 0.4966221067446925
3.5876	 0.4965679938544817
3.5852	 0.4965144375130158
3.5827	 0.49646361051547955
3.5802	 0.4964137864657177
3.5777	 0.4963649657866541
3.5753	 0.49631815323047007
3.5728	 0.49627362337400416
3.5704	 0.49623445157105484
3.5679	 0.49619405110499903
3.5654	 0.4961529933415029
3.563	 0.49610980802155646
3.5605	 0.49606364531166686
3.5581	 0.49601718819667573
3.5557	 0.4959713241405168
3.5532	 0.49591524279109367
3.5508	 0.49587059598791794
3.5484	 0.49582719791485097
3.5459	 0.4957870303949523
3.5435	 0.4957550074561278
3.5411	 0.4957336272180008
3.5387	 0.4957232467835263
3.5363	 0.4957240765460841
3.5338	 0.49576607826982094
3.5314	 0.4957812916916842
3.529	 0.4958025200004961
3.5266	 0.49582969519597836
3.5242	 0.495868961699884
3.5218	 0.49591809399061604
3.5195	 0.49598121589698785
3.5171	 0.496054390157999
3.5147	 0.49617162119142494
3.5123	 0.4962644599228119
3.5099	 0.49636516774041445
3.5075	 0.49646983963658453
3.5052	 0.4965797091612817
3.5028	 0.49669763412032364
3.5004	 0.496813152847805
3.4981	 0.4969407203568928
3.4957	 0.49710849690489317
3.4934	 0.49724805898899865
3.491	 0.4973958089561751
3.4887	 0.49755236347105475
3.4863	 0.4977168631643361
3.484	 0.497888278300904
3.4816	 0.4980652170795984
3.4793	 0.4982473011840532
3.477	 0.4984376228342988
3.4746	 0.4986135052184784
3.4723	 0.49877752743983733
3.47	 0.49892523993311
3.4677	 0.49905422161984764
3.4653	 0.4991645906771649
3.463	 0.499259640095553
3.4607	 0.499347672614777
3.4584	 0.49943133591926553
3.4561	 0.499507378901831
3.4538	 0.4995839284277935
3.4515	 0.4996588823499749
3.4492	 0.49973514199888636
3.4469	 0.49981281438410413
3.4446	 0.4998902470872254
3.4423	 0.4999705022578567
3.44	 0.5000691550077602
3.4378	 0.5001454628674006
3.4355	 0.5001903232628779
3.4332	 0.5002647275682417
3.4309	 0.5003401107890704
3.4287	 0.5004151013768586
3.4264	 0.5004899971318462
3.4241	 0.5005651223332552
3.4219	 0.5006588169583024
3.4196	 0.5007387560491133
3.4174	 0.5008182925202251
3.4151	 0.5008983162994024
3.4129	 0.500946827945059
3.4106	 0.5010290536647264
3.4084	 0.5011117680158762
3.4061	 0.5011963525626407
3.4039	 0.5012928411481734
3.4017	 0.5013769201450197
3.3994	 0.5014600371889478
3.3972	 0.5015419067293626
3.395	 0.5016209741787587
3.3928	 0.5016588933509132
3.3906	 0.501735657935228
3.3883	 0.5018155762920686
3.3861	 0.5019021338242673
3.3839	 0.5019830610297545
3.3817	 0.5020644318347014
3.3795	 0.5021461748640614
3.3773	 0.5022242315144064
3.3751	 0.5022972368301323
3.3729	 0.5023235461718545
3.3707	 0.5023878576397046
3.3685	 0.5024554897786457
3.3663	 0.5025252565883032
3.3641	 0.5025984192642203
3.362	 0.5026740361870559
3.3598	 0.5027530797236484
3.3576	 0.5028341512708783
3.3554	 0.5029170808723923
3.3533	 0.5029547084474069
3.3511	 0.5030410481911628
3.3489	 0.5031258497035784
3.3468	 0.5032067954882279
3.3446	 0.5032773108966703
3.3425	 0.5033312290222214
3.3403	 0.5033680409537096
3.3382	 0.503388370948298
3.336	 0.5033892672905224
3.3339	 0.5033537966931853
3.3317	 0.5033540811265381
3.3296	 0.5033534303259531
3.3274	 0.5033484603540312
3.3253	 0.5033367940454012
3.3232	 0.5033147840993372
3.321	 0.5032762445744708
3.3189	 0.5032415542812931
3.3168	 0.5032031914390265
3.3147	 0.5031598933631783
3.3126	 0.503115395438012
3.3104	 0.5030650068034642
3.3083	 0.503009645033535
3.3062	 0.5029505206460025
3.3041	 0.5028725259378882
3.302	 0.5028016205158616
3.2999	 0.5027272960437416
3.2978	 0.5026505365038909
3.2957	 0.5025939958857046
3.2936	 0.5025118192970759
3.2915	 0.5024226599725886
3.2894	 0.5023080625111309
3.2874	 0.5022096928506673
3.2853	 0.5021093930527523
3.2832	 0.5020078644031948
3.2811	 0.501903794703819
3.279	 0.5017988876141936
3.277	 0.5017472870607373
3.2749	 0.5016436694920858
3.2728	 0.5015303560186185
3.2708	 0.5014400020827987
3.2687	 0.5013565114714813
3.2666	 0.5012814002355803
3.2646	 0.5012146781755058
3.2625	 0.5011516336343346
3.2605	 0.5010894469825917
3.2584	 0.5010072094791774
3.2564	 0.5009591954030287
3.2543	 0.5009003956987553
3.2523	 0.5008422827391769
3.2503	 0.5007842415800935
3.2482	 0.5007265971911481
3.2462	 0.5006666225828585
3.2442	 0.5006043655041147
3.2421	 0.5005177863325604
3.2401	 0.5004651697686424
3.2381	 0.5004020497334025
3.2361	 0.500339284772814
3.234	 0.5002777939608755
3.232	 0.5002161000476293
3.23	 0.5001531867158306
3.228	 0.5000757061149091
3.226	 0.5000155846951255
3.224	 0.49995385635521744
3.222	 0.4999058320309806
3.22	 0.499838483008613
3.218	 0.4997708694824999
3.216	 0.4997033617048772
3.214	 0.49963290929899884
3.212	 0.4995426978145968
3.21	 0.4994731081067055
3.208	 0.49940467658987486
3.206	 0.49933333022689813
3.204	 0.49928417225115307
3.2021	 0.4992107108768412
3.2001	 0.49911765517971424
3.1981	 0.49904618325206973
3.1961	 0.4989744766021902
3.1942	 0.49890493350128434
3.1922	 0.4988352367379885
3.1902	 0.4987624365839874
3.1883	 0.49868572924787696
3.1863	 0.49863495468256674
3.1844	 0.4985323609288444
3.1824	 0.49845552736130627
3.1805	 0.49837681004737827
3.1785	 0.4982972823898142
3.1766	 0.498220844299227
3.1746	 0.49814775723082033
3.1727	 0.49807578393846763
3.1707	 0.4979951319057165
3.1688	 0.49791952322531996
3.1669	 0.49784092524764995
3.1649	 0.4977607568506154
3.163	 0.49767755774544425
3.1611	 0.4975922750574651
3.1591	 0.4975059316795795
3.1572	 0.4973804699577134
3.1553	 0.49729151158580587
3.1534	 0.49723904624774784
3.1515	 0.49714517841512323
3.1495	 0.497051089136337
3.1476	 0.49695817051961694
3.1457	 0.496867269307105
3.1438	 0.4967469670081348
3.1419	 0.4966698719364707
3.14	 0.49659891511777315
3.1381	 0.49653492962649604
3.1362	 0.4964803951108773
3.1343	 0.49641841616416915
3.1324	 0.4963551111170487
3.1305	 0.4962542628147324
3.1286	 0.4961897624459078
3.1268	 0.49612838539594356
3.1249	 0.4960693077482553
3.123	 0.4960119939092263
3.1211	 0.49595461568626464
3.1192	 0.49589778133771023
3.1174	 0.49580551723926997
3.1155	 0.49574683341596953
3.1136	 0.4956893861709531
3.1117	 0.4956342513649435
3.1099	 0.49558138943354707
3.108	 0.49553057614464385
3.1061	 0.49548291629945873
3.1043	 0.4954049832449623
3.1024	 0.4953636869055575
3.1006	 0.49532313553956325
3.0987	 0.4952844820141515
3.0969	 0.49524798816427235
3.095	 0.49521205487786624
3.0932	 0.49517710767605855
3.0913	 0.4951198813686487
3.0895	 0.4950859979624374
3.0876	 0.49505839601108814
3.0858	 0.49502965771253626
3.084	 0.4949991533261735
3.0821	 0.49496779104507993
3.0803	 0.4949354441544054
3.0785	 0.49490235289939616
3.0766	 0.49484119289570067
3.0748	 0.4948058122403046
3.073	 0.4947644434282331
3.0712	 0.49472893295278747
3.0694	 0.49469368022112326
3.0675	 0.49466059787981964
3.0657	 0.4946058906938113
3.0639	 0.49457600453399014
3.0621	 0.4945493536609764
3.0603	 0.4945249671681447
3.0585	 0.4944932793630951
3.0567	 0.4944696056881641
3.0549	 0.49444519807748644
3.0531	 0.49442201629340177
3.0513	 0.4943817326948164
3.0495	 0.4943604152040463
3.0477	 0.49434189348226293
3.0459	 0.49432748201947835
3.0441	 0.49431729494453036
3.0423	 0.4942974673300421
3.0406	 0.4942913248131439
3.0388	 0.4942746034473841
3.037	 0.49426627542454243
3.0352	 0.4942569056013996
3.0334	 0.4942459973921667
3.0317	 0.49423819706788624
3.0299	 0.49423237110469487
3.0281	 0.49421015610931174
3.0264	 0.49420423565777327
3.0246	 0.49419957506152606
3.0228	 0.49419758261285107
3.0211	 0.49419951996568007
3.0193	 0.4942037279114136
3.0176	 0.494207351517357
3.0158	 0.49421314103136227
3.014	 0.4942221869485158
3.0123	 0.49421635427601357
3.0105	 0.49422771301957047
3.0088	 0.49423811388992145
3.007	 0.49425105731268537
3.0053	 0.49426954866058476
3.0036	 0.49430190092491066
3.0018	 0.49432259695916975
3.0001	 0.4943278797910189
2.9984	 0.49434846896961143
2.9966	 0.4943717144227227
2.9949	 0.4943965597322151
2.9932	 0.4944367184670772
2.9914	 0.4944685119529161
2.9897	 0.49450654221234497
2.988	 0.494548222649318
2.9863	 0.49459226126984557
2.9845	 0.49461822034243497
2.9828	 0.49466100073712904
2.9811	 0.49472603368333123
2.9794	 0.49477536417072476
2.9777	 0.4948259578534146
2.976	 0.4948783073561365
2.9743	 0.4949341564516189
2.9726	 0.49499416003760177
2.9709	 0.49503902825216195
2.9692	 0.4951240357382197
2.9675	 0.49519067200932093
2.9658	 0.49525861669194254
2.9641	 0.4953276374916309
2.9624	 0.4953991139506895
2.9607	 0.49547313247683006
2.959	 0.49555143809754
2.9573	 0.4956415649351273
2.9556	 0.4957257759912181
2.9539	 0.4958131286814301
2.9523	 0.49590293065564367
2.9506	 0.4959945572273448
2.9489	 0.4960866824636286
2.9472	 0.4962100567566741
2.9455	 0.496304521801977
2.9439	 0.4963744513883345
2.9422	 0.4964695370285468
2.9405	 0.49656756978324434
2.9389	 0.4966659881304213
2.9372	 0.49676333679566925
2.9355	 0.49689262975729287
2.9339	 0.4969957082641709
2.9322	 0.4971007749282586
2.9306	 0.49717654439311976
2.9289	 0.4972812729489943
2.9272	 0.49738477940236286
2.9256	 0.4974888904794259
2.9239	 0.4976201303462514
2.9223	 0.4977262592830696
2.9207	 0.4978331735090923
2.919	 0.4979381901368114
2.9174	 0.4980130824544137
2.9157	 0.49811628651154405
2.9141	 0.4982421511621109
2.9124	 0.49834641076880065
2.9108	 0.4984503291426113
2.9092	 0.4985537617466615
2.9075	 0.49865786163239595
2.9059	 0.4987605633067216
2.9043	 0.49883082638852416
2.9027	 0.4989490483385995
2.901	 0.49904535344790407
2.8994	 0.49914215491272407
2.8978	 0.49923863594704276
2.8962	 0.4993370905280227
2.8946	 0.49943832734781707
2.8929	 0.49956222830859703
2.8913	 0.4996352135813036
2.8897	 0.4997320555407823
2.8881	 0.49982849112046
2.8865	 0.4999259877005112
2.8849	 0.5000239846289883
2.8833	 0.5001223102887636
2.8817	 0.5002406025691338
2.8801	 0.5003413780463586
2.8785	 0.500442810889151
2.8769	 0.5005175231869329
2.8753	 0.5006245861077318
2.8737	 0.500731170417685
2.8721	 0.5008554384369702
2.8705	 0.5009591655378878
2.8689	 0.5010614987676559
2.8673	 0.5011629290534351
2.8658	 0.501231255089943
2.8642	 0.501328418610958
2.8626	 0.5014243343291555
2.861	 0.501533653668172
2.8594	 0.5016269632156909
2.8579	 0.5017197371166517
2.8563	 0.5018133087830327
2.8547	 0.5019050310120139
2.8531	 0.5019961172349009
2.8516	 0.5020675786167161
2.85	 0.5021573444970674
2.8484	 0.5022465724431504
2.8469	 0.5023310697228607
2.8453	 0.5024134857329774
2.8437	 0.5024929836135968
2.8422	 0.5025797036104167
2.8406	 0.5026570134402835
2.8391	 0.5027038888404691
2.8375	 0.5027796194865811
2.836	 0.5028562188593461
2.8344	 0.5029346267547331
2.8329	 0.5030091071281633
2.8313	 0.5030846438641647
2.8298	 0.503153560970252
2.8282	 0.5031884433511397
2.8267	 0.5032545830119198
2.8252	 0.5033176367013109
2.8236	 0.5033845908915351
2.8221	 0.5034462970971529
2.8205	 0.503504382642362
2.819	 0.5035614550040403
2.8175	 0.503621412530649
2.8159	 0.5036492539059294
2.8144	 0.5037056198494714
2.8129	 0.503762756757048
2.8114	 0.503811221621948
2.8098	 0.5038586118623699
2.8083	 0.5039060305671854
2.8068	 0.5039470206746876
2.8053	 0.5039847122925121
2.8038	 0.5039977473830086
2.8022	 0.504035369256091
2.8007	 0.5040719481249913
2.7992	 0.5041098127186929
2.7977	 0.5041490985051132
2.7962	 0.5041848526469701
2.7947	 0.5042183931338862
2.7932	 0.5042260437758367
2.7917	 0.5042565716616099
2.7902	 0.504280961371253
2.7887	 0.5043006022215355
2.7872	 0.5043182039657335
2.7857	 0.5043332812188762
2.7842	 0.5043490973946783
2.7827	 0.504363133027806
2.7812	 0.5043567376868381
2.7797	 0.5043658050499308
2.7782	 0.5043714639312005
2.7767	 0.504374743280343
2.7752	 0.5043746292315354
2.7738	 0.504375112000222
2.7723	 0.5043738944939974
2.7708	 0.5043717847088739
2.7693	 0.5043554624234751
2.7678	 0.5043454888730714
2.7664	 0.5043341365960965
2.7649	 0.5043240339579746
2.7634	 0.5043143549328826
2.7619	 0.5043023171539645
2.7605	 0.5042870244922543
2.759	 0.5042688290429311
2.7575	 0.5042422636725946
2.7561	 0.5042168560532405
2.7546	 0.5041897488159782
2.7531	 0.5041595796459117
2.7517	 0.5041280542615273
2.7502	 0.5040929177972294
2.7488	 0.5040574647113042
2.7473	 0.5040165802798807
2.7458	 0.5039768063743967
2.7444	 0.5039363644645681
2.7429	 0.503896513423911
2.7415	 0.5038557409326508
2.74	 0.5038146669967205
2.7386	 0.5037720132445186
2.7371	 0.5037332660996914
2.7357	 0.5036994321960359
2.7343	 0.5036560546418005
2.7328	 0.503613299591747
2.7314	 0.5035717971584431
2.7299	 0.5035245076737199
2.7285	 0.5034803456503898
2.7271	 0.5034346851221723
2.7256	 0.5033883851844486
2.7242	 0.5033542822262093
2.7228	 0.5033062494843927
2.7213	 0.5032459482337495
2.7199	 0.503195715586614
2.7185	 0.5031485538295052
2.7171	 0.5031044258921888
2.7156	 0.5030619595056488
2.7142	 0.5030371098639026
2.7128	 0.5029912593929751
2.7114	 0.5029485243468299
2.71	 0.5029068589699303
2.7085	 0.5028631959751193
2.7071	 0.5028162164116331
2.7057	 0.5027705389671883
2.7043	 0.5027231935352009
2.7029	 0.5026973373338955
2.7015	 0.5026541672692498
2.7001	 0.5026111110771267
2.6987	 0.5025665877277325
2.6973	 0.5025206900899891
2.6959	 0.5024645279758829
2.6945	 0.5024122474842784
2.6931	 0.5023797213801798
2.6917	 0.5023242066650734
2.6903	 0.5022697126930706
2.6889	 0.5022170776725116
2.6875	 0.5021632713033045
2.6861	 0.5021105388639714
2.6847	 0.5020571977205954
2.6833	 0.5020037591516764
2.6819	 0.5019731293448045
2.6805	 0.5019152852500225
2.6791	 0.501860550504769
2.6778	 0.5018065468669012
2.6764	 0.5017505207105278
2.675	 0.5016923137077492
2.6736	 0.5016350145038196
2.6722	 0.5016061146816522
2.6709	 0.5015489084435312
2.6695	 0.5014960400668518
2.6681	 0.5014432999012692
2.6667	 0.5013901613583767
2.6654	 0.5013382498476838
2.664	 0.5012878616131392
2.6626	 0.5012324085115796
2.6613	 0.5012120269100742
2.6599	 0.5011645446198669
2.6585	 0.5011186737988867
2.6572	 0.5010729801168534
2.6558	 0.5010266411515603
2.6545	 0.5009755504395512
2.6531	 0.5009272636927393
2.6517	 0.5009094502242614
2.6504	 0.5008615595658671
2.649	 0.5008120638971333
2.6477	 0.500756366605038
2.6463	 0.5007074802514526
2.645	 0.5006600065656428
2.6436	 0.5006133156500104
2.6423	 0.5005940845594834
2.6409	 0.5005468838396251
2.6396	 0.5004993864734949
2.6382	 0.5004497303897014
2.6369	 0.5004058111915332
2.6356	 0.5003623334287922
2.6342	 0.5003200165303596
2.6329	 0.500279841128396
2.6315	 0.5002606771599092
2.6302	 0.5002195095715175
2.6289	 0.5001781378489252
2.6275	 0.5001373377382288
2.6262	 0.5000991582628048
2.6249	 0.5000633238930993
2.6236	 0.5000500548270809
2.6222	 0.5000072455159474
2.6209	 0.4999699165074652
2.6196	 0.4999347256072648
2.6183	 0.4998975525900255
2.6169	 0.4998536047230199
2.6156	 0.49981702147482315
2.6143	 0.4997805589169862
2.613	 0.4997684939817975
2.6117	 0.4997377488008655
2.6103	 0.49970660443316894
2.609	 0.4996745751112592
2.6077	 0.49964228832130475
2.6064	 0.49961445014560063
2.6051	 0.49958632530493047
2.6038	 0.49957571191511724
2.6025	 0.4995453745818706
2.6012	 0.4995157485064496
2.5999	 0.49948015876013774
2.5986	 0.49944528599021715
2.5973	 0.49941200096535193
2.596	 0.4993821686789629
2.5947	 0.49935479174534586
2.5934	 0.49934116470490414
2.5921	 0.499310409164782
2.5908	 0.49928103396106854
2.5895	 0.49925386586608994
2.5882	 0.4992260535710144
2.5869	 0.49919788405281734
2.5856	 0.4991647018482859
2.5843	 0.49915289375962296
2.583	 0.49912874918672206
2.5817	 0.49910489923965595
2.5805	 0.4990842510487064
2.5792	 0.49906718631507285
2.5779	 0.4990503323351855
2.5766	 0.4990374592344044
2.5753	 0.49903472145050315
2.5741	 0.49901604714233794
2.5728	 0.4989956424325977
2.5715	 0.4989729239554311
2.5702	 0.4989582485521252
2.569	 0.49894972714059294
2.5677	 0.4989414708478601
2.5664	 0.49893231005100597
2.5651	 0.4989310492069697
2.5639	 0.49891961252202466
2.5626	 0.49890787536150777
2.5613	 0.49889717678930295
2.5601	 0.49888494681365936
2.5588	 0.4988720730409085
2.5575	 0.49886704026989953
2.5563	 0.49885204242341263
2.555	 0.49884184472147114
2.5538	 0.4988331371040342
2.5525	 0.49882671966016034
2.5513	 0.49882486998931536
2.55	 0.49882519450966784
2.5487	 0.4988227396592917
2.5475	 0.4988221235157531
2.5462	 0.49882149409358356
2.545	 0.49881908629136845
2.5437	 0.49881546978620467
2.5425	 0.4988084283645703
2.5413	 0.49880829216255396
2.54	 0.49880550484365815
2.5388	 0.4987999622517301
2.5375	 0.4987913967090399
2.5363	 0.4987868400622609
2.535	 0.49878007850954664
2.5338	 0.49877834972326
2.5326	 0.4987745112650623
2.5313	 0.4987710578808093
2.5301	 0.4987677546920324
2.5289	 0.4987648572157108
2.5276	 0.49875809650685826
2.5264	 0.49875756416194356
2.5252	 0.498760218532873
2.5239	 0.4987661879178454
2.5227	 0.49877524203733
2.5215	 0.49878411991110205
2.5202	 0.4987948856871299
2.519	 0.4988053943222477
2.5178	 0.49881387025201607
2.5166	 0.4988177698568435
2.5154	 0.4988169875186985
2.5141	 0.4988123723040219
2.5129	 0.4988107029087909
2.5117	 0.49880888710511473
2.5105	 0.498805832220891
2.5093	 0.49880131274323647
2.5081	 0.49879663115034656
2.5068	 0.4987961857770848
2.5056	 0.498794770186642
2.5044	 0.4987926005456208
2.5032	 0.4987900460934461
2.502	 0.4987875869548945
2.5008	 0.49878738013289803
2.4996	 0.4987879012605479
2.4984	 0.4987858572341194
2.4972	 0.49878627586501345
2.496	 0.4987879802391092
2.4948	 0.4987918687120077
2.4936	 0.49879700888337597
2.4924	 0.4988057503003175
2.4912	 0.49881506923630925
2.49	 0.4988237068645391
2.4888	 0.49882784995227253
2.4876	 0.4988245184785336
2.4864	 0.4988267352348326
2.4852	 0.49882940586956415
2.484	 0.49883259090265364
2.4828	 0.4988363908416483
2.4816	 0.49883535197396306
2.4805	 0.49883176606180624
2.4793	 0.49883619636686094
2.4781	 0.4988402166639022
2.4769	 0.4988417881392977
2.4757	 0.4988438326495536
2.4745	 0.49884680593215336
2.4734	 0.49884955941176046
2.4722	 0.49884992184506627
2.471	 0.49884326833538967
2.4698	 0.4988415605626281
2.4686	 0.49883633494305196
2.4675	 0.49884109302750224
2.4663	 0.4988481650771018
2.4651	 0.49885448866654303
2.464	 0.4988618077111282
2.4628	 0.49886672792774706
2.4616	 0.49887237775570004
2.4604	 0.4988689348348955
2.4593	 0.49886121435793346
2.4581	 0.49885396722533354
2.4569	 0.4988482922364812
2.4558	 0.4988424055586672
2.4546	 0.4988402351525395
2.4535	 0.498840664119409
2.4523	 0.4988419013552934
2.4511	 0.49884481457630986
2.45	 0.49884920900758556
2.4488	 0.4988558437092345
2.4477	 0.4988582793026393
2.4465	 0.4988633189097658
2.4454	 0.49887061912219915
2.4442	 0.49888014705682615
2.4431	 0.4988871635389609
2.4419	 0.4988943846955847
2.4408	 0.49890258545323507
2.4396	 0.4989071244690783
2.4385	 0.49890479654279885
2.4373	 0.4989059027621109
2.4362	 0.4989074532611172
2.435	 0.49891014812516526
2.4339	 0.49891390149337256
2.4327	 0.4989205292850331
2.4316	 0.498925077902002
2.4305	 0.49893052553545875
2.4293	 0.4989386824318199
2.4282	 0.4989470240188794
2.427	 0.4989533749074367
2.4259	 0.49895609228162435
2.4248	 0.4989600986613694
2.4236	 0.4989653953018457
2.4225	 0.4989643290102916
2.4214	 0.4989683399293224
2.4202	 0.49897023494080084
2.4191	 0.4989746564467067
2.418	 0.49898165952134604
2.4169	 0.49898482822240503
2.4157	 0.4989908305082456
2.4146	 0.4989953370029807
2.4135	 0.49899802146588684
2.4124	 0.49900092739290236
2.4112	 0.49900261376188626
2.4101	 0.49900681631323907
2.409	 0.49901229818164694
2.4079	 0.4990123372741285
2.4068	 0.4990139418613284
2.4056	 0.49901579617084285
2.4045	 0.4990199798239353
2.4034	 0.4990250354347637
2.4023	 0.49903260561770457
2.4012	 0.4990396941823077
2.4001	 0.4990426937112343
2.399	 0.4990514661415405
2.3979	 0.49906093653460004
2.3967	 0.4990670421487553
2.3956	 0.49907102372211143
2.3945	 0.4990730928820263
2.3934	 0.4990706667665511
2.3923	 0.4990755917460921
2.3912	 0.49908404275691926
2.3901	 0.49909270686513824
2.389	 0.49910328139655424
2.3879	 0.499115862852459
2.3868	 0.49912869876078453
2.3857	 0.49913431043487705
2.3846	 0.49914240521455183
2.3835	 0.49915265884280813
2.3824	 0.49916030618234875
2.3813	 0.4991647379930822
2.3802	 0.4991667964895664
2.3791	 0.4991690085144491
2.3781	 0.49916569877273226
2.377	 0.49916430986478794
2.3759	 0.49916288062778225
2.3748	 0.4991651666678334
2.3737	 0.49917359686505286
2.3726	 0.499181374075446
2.3715	 0.49918170662441025
2.3704	 0.49918744589550906
2.3694	 0.4991904325405057
2.3683	 0.4991909963486173
2.3672	 0.49919146779210605
2.3661	 0.4991903564888451
2.365	 0.49918863109334743
2.364	 0.4991823444732598
2.3629	 0.49918054742607604
2.3618	 0.4991818055183711
2.3607	 0.49918352453186776
2.3597	 0.4991898459837354
2.3586	 0.49919646961014535
2.3575	 0.49920320786006855
2.3564	 0.4992032787922017
2.3554	 0.49920719752866094
2.3543	 0.49921085365655027
2.3532	 0.4992116831231869
2.3522	 0.4992082064338088
2.3511	 0.4992009969889531
2.35	 0.499188126846481
2.349	 0.4991875652075666
2.3479	 0.4991906952416011
2.3468	 0.49919353328833244
2.3458	 0.4992002330398309
2.3447	 0.49921173254963425
2.3436	 0.4992206403452803
2.3426	 0.4992238597144676
2.3415	 0.4992240453071732
2.3405	 0.4992232866046106
2.3394	 0.4992143916744234
2.3384	 0.4992185312150352
2.3373	 0.49922400682930196
2.3363	 0.49923014640793173
2.3352	 0.4992328639984039
2.3342	 0.49923857811088845
2.3331	 0.49924396410108074
2.3321	 0.4992529564801891
2.331	 0.4992591753430828
2.33	 0.49926767459901067
2.3289	 0.4992793727254752
2.3279	 0.49928653689103697
2.3268	 0.499292579108773
2.3258	 0.4992964195702867
2.3247	 0.49929493665972335
2.3237	 0.4992850926661367
2.3226	 0.4992787015676075
2.3216	 0.49927281220373176
2.3206	 0.4992691208939841
2.3195	 0.4992629989580877
2.3185	 0.4992547450740876
2.3175	 0.4992502094693922
2.3164	 0.49924888430027053
2.3154	 0.4992519117427064
2.3144	 0.49925401629897914
2.3133	 0.4992568511339552
2.3123	 0.4992578404871995
2.3113	 0.4992603861634027
2.3102	 0.49926369029644946
2.3092	 0.4992678029709078
2.3082	 0.4992678876596354
2.3071	 0.4992718193962167
2.3061	 0.4992756573334771
2.3051	 0.49927861165962384
2.3041	 0.49928298336154464
2.303	 0.4992892173319584
2.302	 0.49929275930359185
2.301	 0.4993001586178335
2.3	 0.49930644819548603
2.299	 0.4993141451580181
2.2979	 0.49932897849953617
2.2969	 0.4993356309507806
2.2959	 0.4993410447414328
2.2949	 0.49934475209682594
2.2939	 0.49935005559947937
2.2929	 0.49935092935191905
2.2918	 0.4993477439126848
2.2908	 0.4993424384515898
2.2898	 0.4993376806551724
2.2888	 0.49933145146764274
2.2878	 0.49933715413705865
2.2868	 0.4993447691468463
2.2858	 0.4993499553026817
2.2848	 0.4993561951181146
2.2838	 0.49936273593592234
2.2828	 0.4993699426635966
2.2818	 0.4993741443205568
2.2808	 0.49938315578368775
2.2798	 0.4993900817256669
2.2787	 0.49939507052037346
2.2777	 0.4993995562433992
2.2767	 0.4994048893350724
2.2757	 0.49940405877378546
2.2747	 0.4994077830309925
2.2738	 0.49941324575528934
2.2728	 0.49942083741190757
2.2718	 0.4994315837589115
2.2708	 0.4994427482659844
2.2698	 0.4994534545784699
2.2688	 0.4994592548815343
2.2678	 0.49946414800667877
2.2668	 0.4994640503127062
2.2658	 0.4994618874628215
2.2648	 0.49945912952273
2.2638	 0.4994535137867125
2.2628	 0.49944864881469886
2.2618	 0.49944401738742084
2.2609	 0.4994498098364959
2.2599	 0.49946276896454633
2.2589	 0.49947714705890695
2.2579	 0.49949012650832203
2.2569	 0.4995010091392981
2.2559	 0.4995052944930401
2.255	 0.49951176855165813
2.254	 0.4995169962313908
2.253	 0.49952286008531077
2.252	 0.499525538324989
2.251	 0.4995253963397068
2.2501	 0.4995226913622004
2.2491	 0.4995241415120972
2.2481	 0.4995252882645419
2.2471	 0.4995287452807472
2.2462	 0.49953074663135244
2.2452	 0.499530093442859
2.2442	 0.4995251477366708
2.2433	 0.49952269912623387
2.2423	 0.49952314490635735
2.2413	 0.4995228998119527
2.2403	 0.4995246469386862
2.2394	 0.4995313572497258
2.2384	 0.49953885631409484
2.2374	 0.4995407359746089
2.2365	 0.4995439649917767
2.2355	 0.4995468258243507
2.2345	 0.4995463771695882
2.2336	 0.4995433581575032
2.2326	 0.4995392352836928
2.2317	 0.4995358744157411
2.2307	 0.4995372135540666
2.2297	 0.49953786562766817
2.2288	 0.49953662968355456
2.2278	 0.4995369569682988
2.2269	 0.4995399079254805
2.2259	 0.4995410738431155
2.225	 0.4995433685692299
2.224	 0.4995463011692248
2.2231	 0.49955075710907554
2.2221	 0.49955672914861576
2.2211	 0.49956102648874806
2.2202	 0.49956190005865153
2.2192	 0.49956492504297423
2.2183	 0.49956664486045527
2.2173	 0.49956685766913517
2.2164	 0.49956629189909063
2.2155	 0.4995682105834486
2.2145	 0.49957174875007465
2.2136	 0.4995727223713522
2.2126	 0.49957480590952547
2.2117	 0.49957787615218374
2.2107	 0.4995791544291182
2.2098	 0.49957856762545655
2.2088	 0.4995769006775352
2.2079	 0.49957610187003526
2.207	 0.4995764124367748
2.206	 0.4995817742034682
2.2051	 0.4995860185906114
2.2041	 0.4995894716889011
2.2032	 0.4995905551311158
2.2023	 0.4995885761439451
2.2013	 0.49958804244670446
2.2004	 0.49958955401311095
2.1995	 0.49959203262144486
2.1985	 0.4995943803291743
2.1976	 0.49959829235345116
2.1967	 0.499600269115463
2.1957	 0.4996012005734133
2.1948	 0.49960794514563495
2.1939	 0.49961664247513493
2.193	 0.4996237261587286
2.192	 0.4996266563317757
2.1911	 0.49962583554938395
2.1902	 0.49962357498060933
2.1893	 0.49962124079203135
2.1883	 0.4996185277100679
2.1874	 0.4996171134968441
2.1865	 0.49961693844307314
2.1856	 0.49961820725706785
2.1846	 0.49961964113285123
2.1837	 0.4996191070809145
2.1828	 0.4996203991188214
2.1819	 0.49962795810160593
2.181	 0.4996391483862614
2.18	 0.49964805496007264
2.1791	 0.4996533718971309
2.1782	 0.4996563948328923
2.1773	 0.4996640828738101
2.1764	 0.499672965500972
2.1755	 0.49968061846387657
2.1746	 0.49968061951827936
2.1736	 0.499677879528652
2.1727	 0.4996766947666858
2.1718	 0.49967988202084523
2.1709	 0.49968208835723527
2.17	 0.4996803181224166
2.1691	 0.49967910593269305
2.1682	 0.49967879704114276
2.1673	 0.4996773599270872
2.1664	 0.49967964245654656
2.1655	 0.49968454476594776
2.1646	 0.49969006612412653
2.1637	 0.49969838222107615
2.1628	 0.49970169761103506
2.1619	 0.49969749428798715
2.161	 0.4996989065585256
2.1601	 0.4996965815976902
2.1592	 0.49969193652849714
2.1583	 0.49968728353017833
2.1574	 0.4996861127866053
2.1565	 0.4996916705185973
2.1556	 0.49970279986292876
2.1547	 0.49971408278505197
2.1538	 0.49972573602565373
2.1529	 0.4997412630837108
2.152	 0.4997605586871323
2.1511	 0.4997823031194452
2.1502	 0.4997923058733527
2.1493	 0.49980267132473094
2.1484	 0.4998092406624026
2.1475	 0.499817309904714
2.1466	 0.4998233948618382
2.1458	 0.49981950317483276
2.1449	 0.4998183397534566
2.144	 0.4998204057928828
2.1431	 0.4998279722904948
2.1422	 0.49984400120901656
2.1413	 0.4998665235236171
2.1404	 0.49989526922840694
2.1396	 0.49992855157397736
2.1387	 0.4999571079919247
2.1378	 0.4999769147392016
2.1369	 0.49998628965206976
2.136	 0.4999898574278003
2.1352	 0.4999911216658627
2.1343	 0.4999890159253731
2.1334	 0.4999875438445502
2.1325	 0.49997697847962996
2.1316	 0.49997183410168966
2.1308	 0.4999662884701747
2.1299	 0.4999562426528174
2.129	 0.49994809563907744
2.1281	 0.49993904490065083
2.1273	 0.4999418992495531
2.1264	 0.49994882968050364
2.1255	 0.49995924569903905
2.1247	 0.4999783212924901
2.1238	 0.4999972322614696
2.1229	 0.5000144413199898
2.122	 0.5000338575518009
2.1212	 0.50004387266622
2.1203	 0.5000525782476334
2.1194	 0.5000653391976837
2.1186	 0.5000718302883175
2.1177	 0.5000807344220184
2.1168	 0.5000930112947394
2.116	 0.5000999883641242
2.1151	 0.5000969518190467
2.1143	 0.5000977710481322
2.1134	 0.5001085836896202
2.1125	 0.5001301611757537
2.1117	 0.5001463691089544
2.1108	 0.5001647266916588
2.11	 0.500180380417566
2.1091	 0.5001923861388279
2.1082	 0.5002011650935964
2.1074	 0.5002180324455128
2.1065	 0.500234139881281
2.1057	 0.5002564839198557
2.1048	 0.5002802706274972
2.104	 0.5002928628612759
2.1031	 0.5002934116536386
2.1023	 0.500284864212391
2.1014	 0.5002626120200222
2.1005	 0.5002410189898889
2.0997	 0.5002187162227715
2.0988	 0.5001879898244823
2.098	 0.5001491601697837
2.0971	 0.5001116722355937
2.0963	 0.5000647707578403
2.0955	 0.5000155615352532
2.0946	 0.4999640268490487
2.0938	 0.49993172595133845
2.0929	 0.4999260021453574
2.0921	 0.49992439743100964
2.0912	 0.49995316831635644
2.0904	 0.49999130927250385
2.0895	 0.5000457412168818
2.0887	 0.5000636848360119
2.0879	 0.5000212301200692
2.087	 0.4999630352939674
2.0862	 0.49997303780294594
2.0853	 0.4999941173128688
2.0845	 0.5000146359770354
2.0837	 0.4999655021997039
2.0828	 0.49994546571985626
2.082	 0.5000042852157565
2.0812	 0.5000637142946748
2.0803	 0.5002768912966824
2.0795	 0.0
