2.5	 1.0
2.499	 0.5024347798755526
2.498	 0.5041038755401784
2.497	 0.49892733565420044
2.496	 0.49765610688453793
2.495	 0.49917801386834787
2.494	 0.4991072736158175
2.493	 0.49871061611683976
2.492	 0.4999624452156061
2.491	 0.499335146529842
2.49	 0.49984835177072134
2.489	 0.49938029142734464
2.488	 0.49937442464721005
2.487	 0.4988581345498505
2.486	 0.4991962682964077
2.485	 0.49875067470175927
2.484	 0.4989567886553291
2.483	 0.4986318731426575
2.482	 0.4987510817660044
2.481	 0.4985792593759265
2.48	 0.49876312096522885
2.479	 0.49861150400579
2.478	 0.49864185950160966
2.477	 0.4983373032317221
2.476	 0.49864638495437325
2.475	 0.4985119167000707
2.474	 0.4986164685787339
2.473	 0.49852493565938805
2.472	 0.4985502615673941
2.471	 0.4984160316617491
2.47	 0.4984553133057175
2.469	 0.4982883685163118
2.468	 0.49852899707759246
2.467	 0.49839491352651066
2.466	 0.49849250774158016
2.465	 0.4983453186727276
2.464	 0.49844910877916027
2.463	 0.49827710303197154
2.462	 0.4983912995541626
2.461	 0.4982094040195933
2.46	 0.4982266894571532
2.459	 0.4981655850617469
2.458	 0.49820019233448287
2.457	 0.4980549433184258
2.456	 0.49810299993215784
2.455	 0.4979845178325451
2.454	 0.4979239391496335
2.453	 0.49787677129242147
2.452	 0.498068561567455
2.451	 0.4980938529295652
2.45	 0.4981433422626086
2.449	 0.49800069109648204
2.448	 0.4979174732429615
2.447	 0.49779337244538313
2.446	 0.49781647572574006
2.445	 0.49781433239103845
2.444	 0.49784178272727436
2.443	 0.49782386421603625
2.442	 0.49786344288147305
2.441	 0.49790779822795866
2.44	 0.49794039351251856
2.439	 0.4979345278216261
2.438	 0.4979634066368839
2.437	 0.49791100326027987
2.436	 0.49784881003673875
2.435	 0.4977726104725319
2.434	 0.49777505478340306
2.433	 0.4976590289417324
2.432	 0.4975774523593047
2.431	 0.49753599107037966
2.43	 0.4975471836607693
2.429	 0.4974720392660166
2.428	 0.497468770898074
2.427	 0.4974823968150681
2.426	 0.49745441755390707
2.425	 0.4973687987067792
2.424	 0.497338450293453
2.423	 0.4973283175469563
2.422	 0.49728586859077123
2.421	 0.4971903784213904
2.42	 0.497119660421459
2.419	 0.4970701030724699
2.418	 0.49703022465332486
2.417	 0.49693832203191113
2.416	 0.49685705908112976
2.415	 0.49684645014013573
2.414	 0.4968471745128024
2.413	 0.4967960518555764
2.412	 0.49677695655322246
2.411	 0.49673845739598477
2.41	 0.4966708814443788
2.409	 0.49661823413627
2.408	 0.4965695632087696
2.407	 0.4966002704723823
2.406	 0.4966232274105022
2.405	 0.4965574669858653
2.404	 0.4965368841926626
2.403	 0.4965264573888941
2.402	 0.4965092018706183
2.401	 0.4964709633648046
2.4	 0.496462529875857
2.399	 0.4964561035616151
2.398	 0.496429065966911
2.397	 0.4963656252243132
2.396	 0.4963239138181173
2.395	 0.4962629357104821
2.394	 0.4962022402449208
2.393	 0.4961207492068262
2.392	 0.4960639990005187
2.391	 0.4960409427569416
2.39	 0.4960349508167338
2.389	 0.49599227335302964
2.388	 0.49595422603773204
2.387	 0.4959361535446939
2.386	 0.4959253702984633
2.385	 0.49587834133960557
2.384	 0.49584841698438364
2.383	 0.4958216584206795
2.382	 0.4958016381868888
2.381	 0.4957093539716459
2.38	 0.4956469790776353
2.379	 0.49561836567948275
2.378	 0.49559933320955735
2.377	 0.4955640577958756
2.376	 0.49552595077559997
2.375	 0.495493526601331
2.374	 0.4954586030953002
2.373	 0.49539000491993973
2.372	 0.4953706174793418
2.371	 0.49537766943317113
2.37	 0.4953718492223969
2.369	 0.4953269535336
2.368	 0.49529784131521604
2.367	 0.49527512890104963
2.366	 0.49524997535145326
2.365	 0.4951980917978676
2.364	 0.4951205673503148
2.363	 0.49509035976165294
2.362	 0.49506184905768164
2.361	 0.49500846665539894
2.36	 0.4949697311490765
2.359	 0.49495368189558314
2.358	 0.49494134009065244
2.357	 0.4949122377544669
2.356	 0.49487240301763247
2.355	 0.4948562490871328
2.354	 0.49482737638099383
2.353	 0.49479776157212085
2.352	 0.4947691228313879
2.351	 0.4947516879296095
2.35	 0.4947234833293661
2.349	 0.4947044999684434
2.348	 0.4946818740780565
2.347	 0.49466813921446723
2.346	 0.4946460500274263
2.345	 0.4946174935586673
2.344	 0.4945955992352102
2.343	 0.49458608101302315
2.342	 0.49455333770903687
2.341	 0.4945200917980508
2.34	 0.4944919214463446
2.339	 0.4944790686701817
2.338	 0.4944778458434961
2.337	 0.4944756176396936
2.336	 0.49445272603281915
2.335	 0.49443694340212907
2.334	 0.4943935613613456
2.333	 0.49435191906989856
2.332	 0.494341112692814
2.331	 0.49434250933213
2.33	 0.49434631937133516
2.329	 0.49432980029210855
2.328	 0.49429774285161626
2.327	 0.49429170394113087
2.326	 0.494263214869759
2.325	 0.4942082755093599
2.324	 0.49416948974374897
2.323	 0.4941422099745632
2.322	 0.4941309717779533
2.321	 0.4940868743471003
2.32	 0.49405894713740856
2.319	 0.494037613860344
2.318	 0.4940108833744512
2.317	 0.4939503793026682
2.316	 0.4938808089723144
2.315	 0.493834601660036
2.314	 0.49380693627647776
2.313	 0.49375786934100224
2.312	 0.4936922731414832
2.311	 0.49366847104932504
2.31	 0.4936653667749318
2.309	 0.4936455274322818
2.308	 0.49361445490758327
2.307	 0.4935848994463125
2.306	 0.4935839250063233
2.305	 0.49355922830788096
2.304	 0.4935206456779811
2.303	 0.4935043331705932
2.302	 0.49349910414076054
2.301	 0.49344602163816986
2.3	 0.49334700152780153
2.299	 0.49328640160348564
2.298	 0.49332210535170257
2.297	 0.4932686672828404
2.296	 0.4932061370606266
2.295	 0.49318194765044066
2.294	 0.4932035155707153
2.293	 0.4931584138453184
2.292	 0.49306877107718533
2.291	 0.4930146928852797
2.29	 0.4930374561526775
2.289	 0.4930060316856505
2.288	 0.4929728992855237
2.287	 0.49292827303053866
2.286	 0.4929644880705945
2.285	 0.4929308319056398
2.284	 0.4928997210072432
2.283	 0.49285465834919007
2.282	 0.492871339370672
2.281	 0.4928468258167514
2.28	 0.4927793532858694
2.279	 0.4927411159104871
2.278	 0.49278473751988794
2.277	 0.4927496204378664
2.276	 0.4926890115514027
2.275	 0.49266836311574
2.274	 0.49269207157204165
2.273	 0.49267793399442017
2.272	 0.4926489025154542
2.271	 0.49263004182897147
2.27	 0.4926811706066318
2.269	 0.4926680741041081
2.268	 0.4926171564560229
2.267	 0.492587545407039
2.266	 0.49261462431547615
2.265	 0.4925849587822969
2.264	 0.49256182921692476
2.263	 0.4925076730159405
2.262	 0.49254238826104546
2.261	 0.4924932836243018
2.26	 0.4924611715911855
2.259	 0.4924204666624752
2.258	 0.4924483479249123
2.257	 0.49241254893270753
2.256	 0.49238885075848565
2.255	 0.4923907879919738
2.254	 0.4924275883225294
2.253	 0.49243368218998584
2.252	 0.49238311812716334
2.251	 0.4923523488341603
2.25	 0.49239074095736524
2.249	 0.4923676972804646
2.248	 0.49236439039770863
2.247	 0.4923727212812361
2.246	 0.49239127258565285
2.245	 0.49235226917266295
2.244	 0.4923055977309867
2.243	 0.4922915224469953
2.242	 0.4922868451529836
2.241	 0.49225816255774885
2.24	 0.49222899039852785
2.239	 0.49220985266550177
2.238	 0.4922348904818376
2.237	 0.4922182704549535
2.236	 0.4922175491819321
2.235	 0.49224278296492024
2.234	 0.49227671599522976
2.233	 0.49229732107237933
2.232	 0.4923219062842845
2.231	 0.4923012341293788
2.23	 0.4923382445037071
2.229	 0.4923201279516736
2.228	 0.4923078789424636
2.227	 0.49228316032821273
2.226	 0.4923058230520661
2.225	 0.4922905056355849
2.224	 0.49229248099646983
2.223	 0.4922923714734008
2.222	 0.49233440342613527
2.221	 0.4923255067400121
2.22	 0.4923372421899927
2.219	 0.49238174880170693
2.218	 0.4924266588134294
2.217	 0.4924248062065503
2.216	 0.49244422942290395
2.215	 0.49245176010525377
2.214	 0.49248167051559416
2.213	 0.49247161208676865
2.212	 0.4924323319134283
2.211	 0.49244397268230106
2.21	 0.4924959542973015
2.209	 0.4924526537455026
2.208	 0.49245430205328444
2.207	 0.49243274903628637
2.206	 0.49245624517335285
2.205	 0.49246827777498153
2.204	 0.4924603923775663
2.203	 0.4924438152490151
2.202	 0.49245998461722673
2.201	 0.49244477759869704
2.2	 0.4924151392450302
2.199	 0.49240859971675227
2.198	 0.49244203171688966
2.197	 0.4924275752771836
2.196	 0.4924391414817433
2.195	 0.4924546665237953
2.194	 0.49248172254544154
2.193	 0.4924634026137569
2.192	 0.49250090265662005
2.191	 0.49248551300618015
2.19	 0.492469052555923
2.189	 0.4924254788861018
2.188	 0.4924373054570262
2.187	 0.49240159608017536
2.186	 0.4923935351191608
2.185	 0.4923626731964556
2.184	 0.492370936564391
2.183	 0.49233498979203005
2.182	 0.49234278899831996
2.181	 0.49230917031000326
2.18	 0.49233238026133863
2.179	 0.4923189537665772
2.178	 0.49230553488842727
2.177	 0.4922635592503406
2.176	 0.49227782189881497
2.175	 0.49225230028410866
2.174	 0.49224443690830083
2.173	 0.4922456129832704
2.172	 0.4922165231051557
2.171	 0.492160031660962
2.17	 0.4921611021759548
2.169	 0.49213388183285933
2.168	 0.49209390684355175
2.167	 0.4920806648104597
2.166	 0.4920756198346201
2.165	 0.4920737970619954
2.164	 0.49207992167193143
2.163	 0.49208238690446293
2.162	 0.4920715842602135
2.161	 0.4920572527999849
2.16	 0.4920370459985794
2.159	 0.49200005432329097
2.158	 0.49196753307877833
2.157	 0.4919354149458
2.156	 0.49191174326462456
2.155	 0.4918946242963751
2.154	 0.49186518380726657
2.153	 0.49180993333175466
2.152	 0.4917833938679076
2.151	 0.49178570950833694
2.15	 0.49177003962178817
2.149	 0.49172628267803475
2.148	 0.4917014442575986
2.147	 0.49165928403056386
2.146	 0.49165905078871386
2.145	 0.4916154582751102
2.144	 0.4915984813238738
2.143	 0.491558680717202
2.142	 0.4915514212182184
2.141	 0.49151669613728177
2.14	 0.49149624249015195
2.139	 0.49146120791398096
2.138	 0.49143814040388156
2.137	 0.4913817227159057
2.136	 0.49135358606105883
2.135	 0.49132394718711436
2.134	 0.49131722199214406
2.133	 0.4912722634292575
2.132	 0.4912260593721366
2.131	 0.4911810026556208
2.13	 0.4911710482224454
2.129	 0.4911202220205051
2.128	 0.4911004429092697
2.127	 0.4911122581781591
2.126	 0.4910766162153048
2.125	 0.4910756364912378
2.124	 0.4910570304303915
2.123	 0.4910595973109787
2.122	 0.49107912707091855
2.121	 0.49110225735293084
2.12	 0.49108849259802667
2.119	 0.49106472653938965
2.118	 0.4911095288296679
2.117	 0.4911152625428622
2.116	 0.49111709856346897
2.115	 0.4911431550995034
2.114	 0.49117647722234836
2.113	 0.49118653544779095
2.112	 0.49119439452199765
2.111	 0.4912051349606906
2.11	 0.49121115881652
2.109	 0.4911997775061989
2.108	 0.49118998125814367
2.107	 0.49118281558418486
2.106	 0.4911861205464083
2.105	 0.4911937759998346
2.104	 0.491192783579441
2.103	 0.49120231796692143
2.102	 0.49121517938284276
2.101	 0.4912487480934445
2.1	 0.4912682756023012
2.099	 0.4912796920155515
2.098	 0.4912964453376335
2.097	 0.49130564461032383
2.096	 0.4913155190539488
2.095	 0.4913351841211325
2.094	 0.49134094567652015
2.093	 0.491370476048828
2.092	 0.4913887596161752
2.091	 0.49140254728686056
2.09	 0.4913976834306312
2.089	 0.4913997355181318
2.088	 0.4914177548310343
2.087	 0.49144007847972754
2.086	 0.4914263830021699
2.085	 0.4914318681481233
2.084	 0.4914266158448769
2.083	 0.491431400331653
2.082	 0.4914236070350046
2.081	 0.4914524510428442
2.08	 0.4914692947432032
2.079	 0.49149241674780364
2.078	 0.4914996537558631
2.077	 0.4915265273207341
2.076	 0.4915452043428646
2.075	 0.4915712659558171
2.074	 0.491574859334768
2.073	 0.4915616597875635
2.072	 0.49155751730799935
2.071	 0.4915782123697456
2.07	 0.4915360717030646
2.069	 0.4915440375912552
2.068	 0.49152643789116585
2.067	 0.4915307856444937
2.066	 0.49153955900827234
2.065	 0.4915483090124476
2.064	 0.49155041031483115
2.063	 0.4915804586982339
2.062	 0.491613206977948
2.061	 0.4916397938284286
2.06	 0.4916317163842851
2.059	 0.4916409065996255
2.058	 0.4916365523172541
2.057	 0.49165554576811293
2.056	 0.4916348176772247
2.055	 0.49163989743576086
2.054	 0.4916318450247778
2.053	 0.49160995163590127
2.052	 0.49159849461032756
2.051	 0.49160875582593144
2.05	 0.49162346207836216
2.049	 0.4916385721045642
2.048	 0.4916232453569145
2.047	 0.4916260276661041
2.046	 0.4916141943935799
2.045	 0.4916545775679812
2.044	 0.49164759225304216
2.043	 0.49164946663114484
2.042	 0.49166041122473403
2.041	 0.49167191593075205
2.04	 0.49165880394011835
2.039	 0.4916647655284311
2.038	 0.491666292408083
2.037	 0.4916894659859533
2.036	 0.49166895934190896
2.035	 0.49165529255177803
2.034	 0.49163790132589913
2.033	 0.4916313057694457
2.032	 0.49163636817846207
2.031	 0.4916561668274017
2.03	 0.4916689189764594
2.029	 0.49168760848353965
2.028	 0.49166557733821026
2.027	 0.49167051805300277
2.026	 0.49170693218888134
2.025	 0.49171793430314015
2.024	 0.4916983631734416
2.023	 0.4917078129795316
2.022	 0.49171814166919087
2.021	 0.4917140008273122
2.02	 0.4916687712831538
2.019	 0.49165053044313556
2.018	 0.4916359782176084
2.017	 0.4916528714486699
2.016	 0.4916238498900561
2.015	 0.4916241097738279
2.014	 0.4916050204139713
2.013	 0.49160916264526366
2.012	 0.4916061026345379
2.011	 0.4916186034174205
2.01	 0.49160018449667703
2.009	 0.4916222472272712
2.008	 0.4915896433359036
2.007	 0.49157924803166236
2.006	 0.49155841525985283
2.005	 0.4915574084444359
2.004	 0.49156161501882234
2.003	 0.49157001239708076
2.002	 0.49156765129338464
2.001	 0.49157443241966114
2.0	 0.49156447767269734
1.999	 0.49154554853857557
1.998	 0.4915110507721547
1.997	 0.4915031200066301
1.996	 0.4915053606261665
1.995	 0.49152077135201816
1.994	 0.49150800542786244
1.993	 0.4915173475893786
1.992	 0.4915028732492203
1.991	 0.4915056243896797
1.99	 0.49149862191288674
1.989	 0.4915219980267151
1.988	 0.49153768604125153
1.987	 0.4915602603572112
1.986	 0.49157905697601645
1.985	 0.49159812687669496
1.984	 0.4916150863254357
1.983	 0.49162025034679335
1.982	 0.49163318559116725
1.981	 0.4916465643843058
1.98	 0.4916631887728928
1.979	 0.491675736848353
1.978	 0.49169869552427503
1.977	 0.4917287095968375
1.976	 0.4917298256272152
1.975	 0.4917475065524192
1.974	 0.49179115583738947
1.973	 0.4917930778204093
1.972	 0.4918129440358318
1.971	 0.491827375778345
1.97	 0.4918108305124411
1.969	 0.49181441047320046
1.968	 0.4918489183769847
1.967	 0.49184551416118116
1.966	 0.4918331979170126
1.965	 0.491847415286656
1.964	 0.49183064458694126
1.963	 0.49182656744355546
1.962	 0.49185399681938335
1.961	 0.49187917770265377
1.96	 0.49189867792797454
1.959	 0.49191114280430903
1.958	 0.4919271058910325
1.957	 0.4919759295818171
1.956	 0.49199656521068347
1.955	 0.4919934331685863
1.954	 0.4920110621699918
1.953	 0.4920796885509024
1.952	 0.49211532445849915
1.951	 0.492107105865276
1.95	 0.49209988229365
1.949	 0.49212436911204793
1.948	 0.49217668592350017
1.947	 0.492184934349501
1.946	 0.4922151365578755
1.945	 0.4922408487787936
1.944	 0.4922947573521138
1.943	 0.492292759220179
1.942	 0.4923271397622869
1.941	 0.4923431620162775
1.94	 0.49238344212001084
1.939	 0.4923795236033439
1.938	 0.4923904697468558
1.937	 0.49240513340539255
1.936	 0.4924798167747988
1.935	 0.49248880575472903
1.934	 0.4925094791969199
1.933	 0.49253258479623935
1.932	 0.49258240183340796
1.931	 0.4925768750689981
1.93	 0.4925840720418573
1.929	 0.4926121829217542
1.928	 0.49267256235502843
1.927	 0.4926147748698762
1.926	 0.49265128720963886
1.925	 0.4926810991006686
1.924	 0.49270202839243676
1.923	 0.492722382164225
1.922	 0.4927029794712511
1.921	 0.49265985936480294
1.92	 0.49267728494180935
1.919	 0.4926870802985569
1.918	 0.49263948100815663
1.917	 0.4926399515829971
1.916	 0.4926393841290761
1.915	 0.492635359680007
1.914	 0.4926012993014088
1.913	 0.49259296957393345
1.912	 0.49260199505535185
1.911	 0.49260758291028806
1.91	 0.49255683449645876
1.909	 0.4925509019295631
1.908	 0.49256508485969
1.907	 0.4925730405116101
1.906	 0.4925524795806127
1.905	 0.49253338321685036
1.904	 0.4925366644266463
1.903	 0.4925240473904592
1.902	 0.49249244756138855
1.901	 0.4924974109140609
1.9	 0.4924770071386001
1.899	 0.49251131198117826
1.898	 0.49248513714554
1.897	 0.4924939095719997
1.896	 0.49248112645840225
1.895	 0.49248934153232554
1.894	 0.492440735653537
1.893	 0.4924179736131655
1.892	 0.4924158235811677
1.891	 0.49241932186602977
1.89	 0.4924032513625096
1.889	 0.49241732321696435
1.888	 0.4923940070254496
1.887	 0.49240933011904087
1.886	 0.49239540728640757
1.885	 0.49241085701928805
1.884	 0.4924272083742279
1.883	 0.4924391116954525
1.882	 0.49240814221811013
1.881	 0.4923867679924586
1.88	 0.49236601715576983
1.879	 0.4923930361576246
1.878	 0.49235876610644286
1.877	 0.4923327455333223
1.876	 0.49229662747889835
1.875	 0.49227433990658814
1.874	 0.4922683125025089
1.873	 0.49225347148075843
1.872	 0.49228646872246307
1.871	 0.4923007262531672
1.87	 0.4923138622574304
1.869	 0.49230880584103043
1.868	 0.49232779472004784
1.867	 0.49232598706048986
1.866	 0.4923241367520069
1.865	 0.4922896160747167
1.864	 0.49229778798279716
1.863	 0.49227612432905005
1.862	 0.49227320153984666
1.861	 0.4922031998511199
1.86	 0.49221820079581535
1.859	 0.4922329499821899
1.858	 0.49225362937677963
1.857	 0.49222506160437574
1.856	 0.4922423740638688
1.855	 0.4922250959431849
1.854	 0.4922058342961511
1.853	 0.4921835481430002
1.852	 0.4921998777769355
1.851	 0.4921459469928405
1.85	 0.49213848326973436
1.849	 0.4920846790261414
1.848	 0.4920992281479991
1.847	 0.49209830777353186
1.846	 0.4921106761324389
1.845	 0.49207120157592765
1.844	 0.49208218376089313
1.843	 0.49204835561995053
1.842	 0.4920334828981169
1.841	 0.4919872666529325
1.84	 0.4919994999262085
1.839	 0.49200220716216936
1.838	 0.4919919374992038
1.837	 0.49197517535115454
1.836	 0.49196996798830733
1.835	 0.4919609083756357
1.834	 0.4919433594675301
1.833	 0.4918831812248368
1.832	 0.4918680816102561
1.831	 0.49180393995739025
1.83	 0.4917850921269917
1.829	 0.49174037862994796
1.828	 0.49174373821179446
1.827	 0.49174523861277303
1.826	 0.4917165606970457
1.825	 0.49167046117146607
1.824	 0.4916384243640843
1.823	 0.49164139200477774
1.822	 0.491589851674685
1.821	 0.4916086136667553
1.82	 0.49160667702705485
1.819	 0.4916562062335364
1.818	 0.4916118984192572
1.817	 0.4915999917936851
1.816	 0.4915706037587174
1.815	 0.4916074364249619
1.814	 0.4915629449785368
1.813	 0.4915853739007202
1.812	 0.49157379537496537
1.811	 0.4916093917081208
1.81	 0.49161472951656904
1.809	 0.49162240390407025
1.808	 0.4915931720881756
1.807	 0.4916169572147971
1.806	 0.49156818433145183
1.805	 0.49157048282001337
1.804	 0.49154240151347567
1.803	 0.49153619593770215
1.802	 0.4915172302553972
1.801	 0.4915088277447024
1.8	 0.49148680314004917
1.799	 0.49154505209953375
1.798	 0.4915140235022484
1.797	 0.49154564808900264
1.796	 0.49151113160299215
1.795	 0.4915122553017865
1.794	 0.49147080598812926
1.793	 0.49147893938943005
1.792	 0.4914369649658742
1.791	 0.49145956951759157
1.79	 0.4914338072037747
1.789	 0.49145699484393396
1.788	 0.49140854157376845
1.787	 0.49140593156818624
1.786	 0.49136200904620614
1.785	 0.49136008171851975
1.784	 0.49129868580596586
1.783	 0.49130333404563664
1.782	 0.49127294993688325
1.781	 0.4912862723548696
1.78	 0.49124941287967194
1.779	 0.49125238760957135
1.778	 0.4912132496838847
1.777	 0.49121019842483465
1.776	 0.49117447731045544
1.775	 0.49117940246422914
1.774	 0.49112278327935344
1.773	 0.49113889848185166
1.772	 0.49110535977884423
1.771	 0.49111844604443433
1.77	 0.49109858955670965
1.769	 0.4911421427756052
1.768	 0.491116218745982
1.767	 0.49113407688355004
1.766	 0.4911031369286898
1.765	 0.49113203098452257
1.764	 0.4910896930891144
1.763	 0.49109809748790334
1.762	 0.4910434060931208
1.761	 0.49103453570169603
1.76	 0.49099563993633916
1.759	 0.4910052211539702
1.758	 0.4909641265339734
1.757	 0.4909823358017556
1.756	 0.4909669144415461
1.755	 0.49098500467456946
1.754	 0.4909311296619355
1.753	 0.49089462265213785
1.752	 0.4908546869993389
1.751	 0.49086725323069086
1.75	 0.4908341866690554
1.749	 0.4908513467661534
1.748	 0.4907976455659376
1.747	 0.4908124159687737
1.746	 0.4907811673703192
1.745	 0.49079767124149987
1.744	 0.4907130561671287
1.743	 0.49074194794642656
1.742	 0.490670838837922
1.741	 0.49068335082798487
1.74	 0.4906373331204162
1.739	 0.49065781617776993
1.738	 0.4906094879158862
1.737	 0.49064811024272625
1.736	 0.49056943071790055
1.735	 0.4905711044124294
1.734	 0.4905067226230867
1.733	 0.4905335134387377
1.732	 0.49048349879719505
1.731	 0.4905154342290518
1.73	 0.49047196807126814
1.729	 0.4905121386736432
1.728	 0.4904123244564055
1.727	 0.4904466036229306
1.726	 0.49041829657038927
1.725	 0.49039525758492675
1.724	 0.4903634849446947
1.723	 0.49037530985870237
1.722	 0.4902878909593726
1.721	 0.4903054214899678
1.72	 0.4902787533238287
1.719	 0.4902875889890606
1.718	 0.49027353824795755
1.717	 0.49028697344186717
1.716	 0.49025074660575213
1.715	 0.49029618621713134
1.714	 0.490246674939478
1.713	 0.4902769354526188
1.712	 0.4902213988925445
1.711	 0.4902370294772108
1.71	 0.49020896281027987
1.709	 0.4902464615170766
1.708	 0.49021012438461886
1.707	 0.4902464001244233
1.706	 0.4901844306192537
1.705	 0.49020863663787717
1.704	 0.49015116551841875
1.703	 0.49017358493949964
1.702	 0.49011958625140456
1.701	 0.49012966361748495
1.7	 0.4900917346719878
1.699	 0.4900792103749455
1.698	 0.49003643006417935
1.697	 0.4900344839735402
1.696	 0.4900355137710557
1.695	 0.4900568104844374
1.694	 0.4900471433249428
1.693	 0.4900805851093836
1.692	 0.4900826457938166
1.691	 0.49006546484217606
1.69	 0.4900391779677715
1.689	 0.49004318618042214
1.688	 0.49005040233208363
1.687	 0.4900552571750561
1.686	 0.4900051383787823
1.685	 0.4899722828871403
1.684	 0.48994331168666033
1.683	 0.48994604343230796
1.682	 0.48994329962964883
1.681	 0.48997094334887226
1.68	 0.48997089339298155
1.679	 0.48994389635242974
1.678	 0.4898962447710468
1.677	 0.48990304845137056
1.676	 0.4899042892638299
1.675	 0.48991778809924363
1.674	 0.48992451461048264
1.673	 0.48988345268473493
1.672	 0.4898640481464422
1.671	 0.48981105626419197
1.67	 0.4897834914078847
1.669	 0.4897346517049842
1.668	 0.4897717409630547
1.667	 0.4897446804325701
1.666	 0.489733132304978
1.665	 0.4896992823266114
1.664	 0.489730330728977
1.663	 0.48970344112351527
1.662	 0.48971510351112013
1.661	 0.4896815574207653
1.66	 0.48968435644424624
1.659	 0.489632190097621
1.658	 0.4896087805133019
1.657	 0.48958568117492596
1.656	 0.48961397601975803
1.655	 0.4895863115998013
1.654	 0.4896129553540348
1.653	 0.48956385607788117
1.652	 0.489598548944453
1.651	 0.48957624410215606
1.65	 0.4895912102265995
1.649	 0.48956702422493803
1.648	 0.4895978889936976
1.647	 0.4895566964419361
1.646	 0.4895515729564377
1.645	 0.4895218772619659
1.644	 0.4895518574710631
1.643	 0.48952880396876886
1.642	 0.48954227006838885
1.641	 0.4895283219142716
1.64	 0.4895510460104808
1.639	 0.48950027140009705
1.638	 0.4895056729706929
1.637	 0.48942139657454575
1.636	 0.48943088788509154
1.635	 0.489393673792163
1.634	 0.4894311049066039
1.633	 0.4894195754839345
1.632	 0.4894957570038816
1.631	 0.48945899719339825
1.63	 0.4894740593088583
1.629	 0.4894268418029895
1.628	 0.48944035672188013
1.627	 0.4893626727030689
1.626	 0.4894000467852115
1.625	 0.4893320456580856
1.624	 0.48934195417538356
1.623	 0.4892931544155169
1.622	 0.4893086854475174
1.621	 0.4892694192430032
1.62	 0.4892643650076946
1.619	 0.48921367257264553
1.618	 0.4892233655680641
1.617	 0.4891610927805192
1.616	 0.48917638929926793
1.615	 0.4891169889195104
1.614	 0.48912812228042357
1.613	 0.4890656333615605
1.612	 0.4890676333467227
1.611	 0.4889938364730915
1.61	 0.4889556539920439
1.609	 0.4888629958167796
1.608	 0.4888834705229942
1.607	 0.4888468518078453
1.606	 0.48888340259907065
1.605	 0.4888514383601255
1.604	 0.4888646266942558
1.603	 0.48884686959666945
1.602	 0.48885134051594226
1.601	 0.488803990518026
1.6	 0.4888423570049995
1.599	 0.4887527157687245
1.598	 0.4887460943761928
1.597	 0.48871863156060974
1.596	 0.48872933188800705
1.595	 0.48867919807596405
1.594	 0.4887014346927488
1.593	 0.48864551828810676
1.592	 0.488681991164197
1.591	 0.48865699023859516
1.59	 0.4886692438097853
1.589	 0.48864207104109636
1.588	 0.4886732072475352
1.587	 0.4886626794136521
1.586	 0.48868050356839016
1.585	 0.4886429184379423
1.584	 0.4886777866066904
1.583	 0.4886626422733104
1.582	 0.488685343224488
1.581	 0.48865568220582506
1.58	 0.48867648683384246
1.579	 0.488652214780113
1.578	 0.48866081113136284
1.577	 0.48863617473234255
1.576	 0.48865276427256854
1.575	 0.4886214875023198
1.574	 0.48864065527334893
1.573	 0.4886411209433445
1.572	 0.4886310421413567
1.571	 0.4885831637817337
1.57	 0.4885692066318498
1.569	 0.4885415576860351
1.568	 0.4885376143063736
1.567	 0.488502642966772
1.566	 0.48850574582533923
1.565	 0.48847349107202453
1.564	 0.4884550206484645
1.563	 0.4884340049050982
1.562	 0.4884559158330036
1.561	 0.4884392935181744
1.56	 0.48848014189670785
1.559	 0.4884534913500678
1.558	 0.48846743019904837
1.557	 0.48845735367959053
1.556	 0.48845576277992303
1.555	 0.48836914036301476
1.554	 0.488375740995066
1.553	 0.48837081403824895
1.552	 0.4883827304529558
1.551	 0.48837992124902085
1.55	 0.4883937860800505
1.549	 0.4884195664078428
1.548	 0.48837453534898406
1.547	 0.4883579770589715
1.546	 0.4883012185094519
1.545	 0.4882871216590929
1.544	 0.48826908305241473
1.543	 0.4882726251665116
1.542	 0.4882570469305188
1.541	 0.4882920131374207
1.54	 0.48828003465011444
1.539	 0.48827178507350405
1.538	 0.4882218302213587
1.537	 0.48822374866147233
1.536	 0.48819543542277954
1.535	 0.48821680838782844
1.534	 0.4882023523045345
1.533	 0.4882212089784913
1.532	 0.48820329237824683
1.531	 0.48818017512885864
1.53	 0.4881397199408346
1.529	 0.4881323551413037
1.528	 0.4881153571266907
1.527	 0.4881157922642499
1.526	 0.48808137491704434
1.525	 0.48811397989665695
1.524	 0.4880849379372701
1.523	 0.48809868347506213
1.522	 0.4880661251752868
1.521	 0.4880663549985434
1.52	 0.48804385346867707
1.519	 0.4880580279694643
1.518	 0.4880267630999401
1.517	 0.48801124277918273
1.516	 0.487989436316935
1.515	 0.4879751584576111
1.514	 0.4879595176748779
1.513	 0.48796106612666784
1.512	 0.48792194415461115
1.511	 0.48792327110913325
1.51	 0.4878950959857269
1.509	 0.48788290748745045
1.508	 0.48784825546943006
1.507	 0.48783685645030234
1.506	 0.487821038279597
1.505	 0.48782121786562077
1.504	 0.4878047435793413
1.503	 0.48785554062408343
1.502	 0.4878303840469616
1.501	 0.4878421246162618
1.5	 0.4878150186272723
1.499	 0.48781291301277013
1.498	 0.48781658761753843
1.497	 0.487826644337013
1.496	 0.4877537948699699
1.495	 0.4877348014883993
1.494	 0.48769675866596174
1.493	 0.4876884075555387
1.492	 0.48762413418702655
1.491	 0.4876338201457971
1.49	 0.48761323467037687
1.489	 0.4876183510037508
1.488	 0.48753086474416046
1.487	 0.48753007367053247
1.486	 0.48750393076773135
1.485	 0.4875422533212719
1.484	 0.48752371061922734
1.483	 0.48753914901836226
1.482	 0.48750285038592744
1.481	 0.4874877925639519
1.48	 0.4874491289079952
1.479	 0.4874784532063966
1.478	 0.4874612750331148
1.477	 0.48748583084045316
1.476	 0.48744291371506543
1.475	 0.4874422504576112
1.474	 0.48741278222279794
1.473	 0.48743215028440817
1.472	 0.4874053486710732
1.471	 0.48743410976818063
1.47	 0.48741030097994376
1.469	 0.48743090550261947
1.468	 0.48740099844283835
1.467	 0.487381595005774
1.466	 0.487372507166697
1.465	 0.48737303632650103
1.464	 0.4873219188762591
1.463	 0.48730916095175847
1.462	 0.487301789309147
1.461	 0.48732879711869237
1.46	 0.4873199064049631
1.459	 0.4873409021272832
1.458	 0.48734693160774395
1.457	 0.48734783442534907
1.456	 0.4873033767612029
1.455	 0.4872934215182755
1.454	 0.48724238930170294
1.453	 0.48725892661374703
1.452	 0.48725180250833644
1.451	 0.4872427203067292
1.45	 0.4872237130566935
1.449	 0.48720017830083157
1.448	 0.48720699317106164
1.447	 0.4871695131218904
1.446	 0.487184248278438
1.445	 0.48716347707446533
1.444	 0.4871592018614872
1.443	 0.4871222120941553
1.442	 0.4871262371703103
1.441	 0.4871071784023265
1.44	 0.4870771866369468
1.439	 0.4870691212261484
1.438	 0.4870587677241427
1.437	 0.4870342098551838
1.436	 0.48706105505810354
1.435	 0.48702962447712944
1.434	 0.48702090260494346
1.433	 0.48696053199452916
1.432	 0.4869377199808313
1.431	 0.4869018510579929
1.43	 0.4869224120288712
1.429	 0.48691882871191733
1.428	 0.4869399958000065
1.427	 0.4869407041884479
1.426	 0.48695545295098885
1.425	 0.4869278932950746
1.424	 0.48697544324022884
1.423	 0.4869498310432157
1.422	 0.4869911350680846
1.421	 0.48694391563871997
1.42	 0.4869541979303698
1.419	 0.48690803227078167
1.418	 0.48694701646406047
1.417	 0.48693855731570296
1.416	 0.48698402651034556
1.415	 0.4869417892901225
1.414	 0.48699429784436904
1.413	 0.48698682644152913
1.412	 0.4870293141433565
1.411	 0.4869960356299074
1.41	 0.48707007935584357
1.409	 0.48704267442689403
1.408	 0.48706438957686543
1.407	 0.48703120942427414
1.406	 0.4870478057556813
1.405	 0.48701832983452537
1.404	 0.48702961403582884
1.403	 0.4869728430345162
1.402	 0.4869912782880479
1.401	 0.48696284833078946
1.4	 0.48700114038287395
1.399	 0.4869993161221802
1.398	 0.4870462531915891
1.397	 0.4869768165081515
1.396	 0.48699028908424713
1.395	 0.48696600326517603
1.394	 0.48698686288704246
1.393	 0.4869765607672456
1.392	 0.4869915342463826
1.391	 0.48693603183565587
1.39	 0.4869200811959255
1.389	 0.4868449763972612
1.388	 0.48679510849677793
1.387	 0.4867372950745964
1.386	 0.48673852341202456
1.385	 0.486705611289117
1.384	 0.48672522245488087
1.383	 0.4866840737997758
1.382	 0.48668245267559995
1.381	 0.4866177495122577
1.38	 0.4866287830838252
1.379	 0.48657564431006883
1.378	 0.4865864966371547
1.377	 0.486519678739065
1.376	 0.4864885010061001
1.375	 0.48642505038856004
1.374	 0.48645183456697705
1.373	 0.4863690589955709
1.372	 0.48640160228086754
1.371	 0.48640245504831603
1.37	 0.4864590141794457
1.369	 0.4864196508113343
1.368	 0.4864330872675065
1.367	 0.4863795119013243
1.366	 0.48640784836093254
1.365	 0.48634990470156414
1.364	 0.4863997059817716
1.363	 0.48636517736604257
1.362	 0.486392280092995
1.361	 0.4863502983544469
1.36	 0.4863626775875412
1.359	 0.48628332753830394
1.358	 0.4863117223920035
1.357	 0.4861966884992086
1.356	 0.48619495605679885
1.355	 0.4861754462674684
1.354	 0.4862598624886939
1.353	 0.4861831918679898
1.352	 0.48620229252377056
1.351	 0.48611329640625334
1.35	 0.4861161332085812
1.349	 0.4860313282775944
1.348	 0.48605995155880816
1.347	 0.4860360975884227
1.346	 0.48607558255526795
1.345	 0.48603131293569507
1.344	 0.4860696719450605
1.343	 0.4860087117240578
1.342	 0.4860426712505022
1.341	 0.4859639998192032
1.34	 0.48595240086904495
1.339	 0.4858756146348928
1.338	 0.48592511374556074
1.337	 0.485879255540037
1.336	 0.4859161066267407
1.335	 0.48588176749346657
1.334	 0.48591208336935404
1.333	 0.4858436336042012
1.332	 0.48584761949739835
1.331	 0.48584197139016183
1.33	 0.4858922684363772
1.329	 0.48583587776219284
1.328	 0.4858664964623468
1.327	 0.48584660735624036
1.326	 0.48589774948350717
1.325	 0.48584466809669663
1.324	 0.48579950935831373
1.323	 0.4858217933619563
1.322	 0.4858223187159249
1.321	 0.48585004587757247
1.32	 0.485859173408761
1.319	 0.48585588907338273
1.318	 0.48583082695252305
1.317	 0.48584229356962066
1.316	 0.4858338565038003
1.315	 0.4858318641431413
1.314	 0.4857866744921472
1.313	 0.48577746887313444
1.312	 0.4857824213431837
1.311	 0.4858196529245568
1.31	 0.485808473834088
1.309	 0.4858034049508245
1.308	 0.48579308995831355
1.307	 0.48581747587770624
1.306	 0.4857833842881907
1.305	 0.48579475623058366
1.304	 0.4858034047462922
1.303	 0.48578563995434487
1.302	 0.48573777031427234
1.301	 0.4857556313770896
1.3	 0.4857289485964873
1.299	 0.4857596145393892
1.298	 0.4856766742058292
1.297	 0.48571366948332323
1.296	 0.4856739833088392
1.295	 0.485741799093413
1.294	 0.48567237113947737
1.293	 0.48570159413454744
1.292	 0.4856432251173846
1.291	 0.48567938687075873
1.29	 0.48561399390863613
1.289	 0.48566782766314687
1.288	 0.48562864481639145
1.287	 0.48568538377551296
1.286	 0.4856492492774299
1.285	 0.48569360423091235
1.284	 0.48561481924472005
1.283	 0.48564592471885165
1.282	 0.4856028130863185
1.281	 0.4856153174324002
1.28	 0.48556419428751624
1.279	 0.4856042649392291
1.278	 0.48556875481428463
1.277	 0.4855850967551459
1.276	 0.48553024156404756
1.275	 0.48557661834757027
1.274	 0.48550230235474506
1.273	 0.48554170363013094
1.272	 0.48548714926493547
1.271	 0.48554267399974826
1.27	 0.48543022345395787
1.269	 0.4854929340183114
1.268	 0.4854064387884973
1.267	 0.48543133795290083
1.266	 0.4853822609611628
1.265	 0.48543137044892615
1.264	 0.4853765400849171
1.263	 0.4854169654533567
1.262	 0.4853390073652694
1.261	 0.48533880552859676
1.26	 0.48525835267824274
1.259	 0.4852833872915356
1.258	 0.485188451471798
1.257	 0.48519754196458054
1.256	 0.4851518366513759
1.255	 0.48522980484773903
1.254	 0.4851706020370476
1.253	 0.48518725099248
1.252	 0.4851176625221759
1.251	 0.48513654587391275
1.25	 0.4850746011729224
1.249	 0.48510011932813424
1.248	 0.4850387024290331
1.247	 0.48507054866915805
1.246	 0.4850182029426345
1.245	 0.4850418824029722
1.244	 0.4849701755628069
1.243	 0.48501027524474544
1.242	 0.48497120469499644
1.241	 0.48500055736104797
1.24	 0.4849371469770999
1.239	 0.48496340044129965
1.238	 0.4848921123954319
1.237	 0.48495868263190806
1.236	 0.48494892994055167
1.235	 0.48499106611585113
1.234	 0.4849567494408774
1.233	 0.4850178062430334
1.232	 0.4849858598153471
1.231	 0.485024711848147
1.23	 0.4849601575983274
1.229	 0.4849858536429876
1.228	 0.4849297104632958
1.227	 0.4849570453689309
1.226	 0.484912994444304
1.225	 0.4849710563764036
1.224	 0.4849293885348222
1.223	 0.4849625329926142
1.222	 0.4848470647301608
1.221	 0.48486510875815864
1.22	 0.48482958586898844
1.219	 0.4848911441294195
1.218	 0.4848359777105923
1.217	 0.4848567804626188
1.216	 0.48476998579353037
1.215	 0.4848071472363836
1.214	 0.48470343936485694
1.213	 0.4847030384124739
1.212	 0.484631440161606
1.211	 0.4846661561797387
1.21	 0.4846068131485306
1.209	 0.48464255057982264
1.208	 0.484568952200791
1.207	 0.4846150184498137
1.206	 0.48455082772000024
1.205	 0.4845756155545218
1.204	 0.4845171043114993
1.203	 0.48456845638312157
1.202	 0.4845047281841062
1.201	 0.4845351334976795
1.2	 0.4844262899472035
1.199	 0.484433787357474
1.198	 0.4843926438157103
1.197	 0.4844453848949434
1.196	 0.48442447720090576
1.195	 0.4844489395347546
1.194	 0.4843923969321544
1.193	 0.4844321388220205
1.192	 0.48429868682036803
1.191	 0.48434637704110456
1.19	 0.48429264097502994
1.189	 0.484367220824122
1.188	 0.48436131015316186
1.187	 0.4844569114295288
1.186	 0.48438694681469247
1.185	 0.48443877810178887
1.184	 0.4843294952283274
1.183	 0.4843779656853237
1.182	 0.48431833398234053
1.181	 0.48438561510791217
1.18	 0.48434379190276894
1.179	 0.48438602006404563
1.178	 0.4843587441475791
1.177	 0.4843915754682215
1.176	 0.48436593696640334
1.175	 0.48444199131233784
1.174	 0.4844482884355951
1.173	 0.48444525115443027
1.172	 0.48444974994983125
1.171	 0.48442212426594244
1.17	 0.48436773522757776
1.169	 0.4843494960073816
1.168	 0.48433387174188486
1.167	 0.48432468867565664
1.166	 0.48434950535252547
1.165	 0.4843441606908864
1.164	 0.48432845825577336
1.163	 0.48432701501401576
1.162	 0.4843112438526033
1.161	 0.48428963956586124
1.16	 0.48427592733444874
1.159	 0.4842643134012515
1.158	 0.48427965793562094
1.157	 0.4843078412004308
1.156	 0.48438368004519233
1.155	 0.48438376492007884
1.154	 0.4843138686131055
1.153	 0.4843240422129043
1.152	 0.4843607678186145
1.151	 0.4843746859479461
1.15	 0.4844001544078532
1.149	 0.484402220576804
1.148	 0.48437242602363356
1.147	 0.4843665556765279
1.146	 0.48437795803553024
1.145	 0.48438234330875973
1.144	 0.4843632919595249
1.143	 0.48436839220710237
1.142	 0.48433239970727254
1.141	 0.48432647778281196
1.14	 0.4843755684442412
1.139	 0.48437954943536055
1.138	 0.4843545839786847
1.137	 0.48431903854861375
1.136	 0.48433592805959363
1.135	 0.48428199385334275
1.134	 0.4843053139600837
1.133	 0.4842385492128977
1.132	 0.48427219715545283
1.131	 0.4842071945708263
1.13	 0.48420315838111555
1.129	 0.4841676693999958
1.128	 0.48418363008571025
1.127	 0.48411414612398923
1.126	 0.48408937395115437
1.125	 0.4840205120425941
1.124	 0.48408286965848746
1.123	 0.48405408404948125
1.122	 0.48406760642285074
1.121	 0.4840204455767622
1.12	 0.48402032616768925
1.119	 0.48394353533214873
1.118	 0.4839504418591091
1.117	 0.48391623899164454
1.116	 0.4839147056462224
1.115	 0.4838549966925654
1.114	 0.4838830604234953
1.113	 0.4838810333959834
1.112	 0.4838985467595221
1.111	 0.4838110839119949
1.11	 0.48380729557855684
1.109	 0.48376157453843255
1.108	 0.4837897344711465
1.107	 0.48370152730951566
1.106	 0.48371795156036557
1.105	 0.4836755861871438
1.104	 0.4836589732933351
1.103	 0.48358015631455875
1.102	 0.48362613472272836
1.101	 0.4835763942883024
1.1	 0.48359571458008555
1.099	 0.48351647898515515
1.098	 0.48355959518416525
1.097	 0.4835208434753249
1.096	 0.48353822967864646
1.095	 0.4834551356672269
1.094	 0.4834887767337379
1.093	 0.483448022751538
1.092	 0.4834839852565577
1.091	 0.4834166805140745
1.09	 0.4834492521874781
1.089	 0.4834028411400019
1.088	 0.4834284745705134
1.087	 0.4833632223942269
1.086	 0.48337522674634203
1.085	 0.4832928509892765
1.084	 0.4833250657864527
1.083	 0.48329062976697146
1.082	 0.48328673554559404
1.081	 0.4831958756310858
1.08	 0.4832191713126684
1.079	 0.48313019703397614
1.078	 0.4831269522826717
1.077	 0.4830723263345188
1.076	 0.48310316177471924
1.075	 0.48303680253478615
1.074	 0.48308604112530895
1.073	 0.4830305982027047
1.072	 0.48305345603111643
1.071	 0.4830035379007873
1.07	 0.4830616780565037
1.069	 0.48304459275204226
1.068	 0.48307919933491017
1.067	 0.48306143956533126
1.066	 0.48308649855213764
1.065	 0.48303390403977997
1.064	 0.4830583922557569
1.063	 0.4830200079367964
1.062	 0.48306991340338873
1.061	 0.4830259617739387
1.06	 0.48306828639594007
1.059	 0.4831491507538008
1.058	 0.4831928352393967
1.057	 0.4833354284871744
1.056	 0.4833727647842084
1.055	 0.4834422626748883
1.054	 0.48347163937699944
1.053	 0.483591543949173
1.052	 0.4836427258932718
1.051	 0.4837539219478115
1.05	 0.48379456807275506
1.049	 0.4839115231237397
1.048	 0.4839065983073628
1.047	 0.48405722042545996
1.046	 0.48406008195049793
1.045	 0.48420110646375264
1.044	 0.4842078938572123
1.043	 0.4843221023983964
1.042	 0.4843160832536275
1.041	 0.4844548258892086
1.04	 0.4844802852361822
1.039	 0.4846483700912518
1.038	 0.4846733133341288
1.037	 0.4847484207113795
1.036	 0.484728479354086
1.035	 0.48483286003757187
1.034	 0.4848348862809976
1.033	 0.48492941380288895
1.032	 0.4849363950290678
1.031	 0.4850682641243023
1.03	 0.48508130688208434
1.029	 0.4851889448832016
1.028	 0.48518160186807985
1.027	 0.4852791525661458
1.026	 0.485272769306733
1.025	 0.48535818155926314
1.024	 0.48535531839997437
1.023	 0.4854782313404338
1.022	 0.48552738937146395
1.021	 0.48569202564736513
1.02	 0.4856896054909019
1.019	 0.4857742736550441
1.018	 0.4857863471227236
1.017	 0.485904760096726
1.016	 0.48591343144139304
1.015	 0.486061965563932
1.014	 0.486112380202185
1.013	 0.4862587484598471
1.012	 0.4862766597647385
1.011	 0.48637177510284346
1.01	 0.48640383557240974
1.009	 0.48651418858747025
1.008	 0.48654476037524064
1.007	 0.48665102247332737
1.006	 0.48667786935823953
1.005	 0.4867845506186573
1.004	 0.48681651043248647
1.003	 0.48693129876901053
1.002	 0.4869624987702166
1.001	 0.4870935275926116
1.0	 0.4871366510587514
0.999	 0.4872337199167553
0.998	 0.4872256809231578
0.997	 0.48730312883763693
0.996	 0.48730351803135424
0.995	 0.48739487128631054
0.994	 0.48740527927139043
0.993	 0.4875419282705767
0.992	 0.48761759132889293
0.991	 0.48774503511402
0.99	 0.48777130941425895
0.989	 0.48786286779264926
0.988	 0.4878740387014507
0.987	 0.48792611761635635
0.986	 0.487956520393939
0.985	 0.4880913484235417
0.984	 0.4881356879033636
0.983	 0.48824185780903057
0.982	 0.48825085625685893
0.981	 0.48836309972087033
0.98	 0.4883829776218229
0.979	 0.4884581522340077
0.978	 0.4884606418112764
0.977	 0.488558756374034
0.976	 0.48857942433462803
0.975	 0.48866154986324284
0.974	 0.4886694538464893
0.973	 0.48875936539564374
0.972	 0.4887663511775186
0.971	 0.4888938700624364
0.97	 0.4889062033115932
0.969	 0.48900327282857886
0.968	 0.48903194159274704
0.967	 0.48915326764456224
0.966	 0.4891575911334041
0.965	 0.48922188866049443
0.964	 0.48920974818771473
0.963	 0.48929699241371716
0.962	 0.4893262226644796
0.961	 0.4894520760386222
0.96	 0.4894718101686912
0.959	 0.4895884160238687
0.958	 0.48960431454722314
0.957	 0.48964940634092774
0.956	 0.48964181547237445
0.955	 0.48973790062216055
0.954	 0.48976861636820845
0.953	 0.48985543091791095
0.952	 0.4898538427681114
0.951	 0.4899009977721463
0.95	 0.4899173203832215
0.949	 0.4900408820677654
0.948	 0.4900789477576559
0.947	 0.49019159419030467
0.946	 0.4902191032204553
0.945	 0.49032289291946257
0.944	 0.49035458802228693
0.943	 0.4904582908166976
0.942	 0.49048669036948095
0.941	 0.49058882748231303
0.94	 0.4906086885923043
0.939	 0.490714006387763
0.938	 0.49073477429638057
0.937	 0.49080025598255733
0.936	 0.4908683976224701
0.935	 0.4909388903093323
0.934	 0.49100629209852154
0.933	 0.4910852292462562
0.932	 0.4911811462000559
0.931	 0.49124458928029907
0.93	 0.4913408879886714
0.929	 0.49140637011363414
0.928	 0.4914737215213127
0.927	 0.4915391485403452
0.926	 0.4916245727326899
0.925	 0.49171817333366974
0.924	 0.4918132841428323
0.923	 0.49182764996222034
0.922	 0.4919250742021885
0.921	 0.4919400397296072
0.92	 0.49205597102117204
0.919	 0.49209806525106303
0.918	 0.492234450188143
0.917	 0.49225683259752157
0.916	 0.49238901414381464
0.915	 0.4924319828867337
0.914	 0.49253903491213347
0.913	 0.4925541288723949
0.912	 0.4926635154220656
0.911	 0.49269849534493865
0.91	 0.49283496164172463
0.909	 0.49287538122365676
0.908	 0.4930061394711341
0.907	 0.49306370303094926
0.906	 0.4931813375815281
0.905	 0.4932138851946231
0.904	 0.49338090523059935
0.903	 0.493420671440399
0.902	 0.4935289106325432
0.901	 0.4935653479275534
0.9	 0.49369067124800897
0.899	 0.4937554523662033
0.898	 0.4938899333933844
0.897	 0.4939258063549702
0.896	 0.49406152255579855
0.895	 0.49411340786900115
0.894	 0.4942446719392455
0.893	 0.4942942346059819
0.892	 0.4944192948182842
0.891	 0.49446431287153425
0.89	 0.4945930842294167
0.889	 0.49462665249238597
0.888	 0.4947415428897093
0.887	 0.4947497609546156
0.886	 0.4948893399478062
0.885	 0.4949244004512269
0.884	 0.49504104117564285
0.883	 0.4950874187725495
0.882	 0.49526592847505685
0.881	 0.49533915080302604
0.88	 0.495493459488915
0.879	 0.49553845488105863
0.878	 0.4956853516708508
0.877	 0.495715485478977
0.876	 0.4958566623851199
0.875	 0.4959064388345918
0.874	 0.49603775278573614
0.873	 0.496093660193008
0.872	 0.49620480748759
0.871	 0.49621344467041145
0.87	 0.4962958416298073
0.869	 0.4963393462142332
0.868	 0.49646665042531857
0.867	 0.49650448265936237
0.866	 0.49664188989932956
0.865	 0.4966742649851389
0.864	 0.4967894223387837
0.863	 0.496822133909837
0.862	 0.4969419795227507
0.861	 0.49698846001548336
0.86	 0.49706790629525816
0.859	 0.4969803663053448
0.858	 0.4969584482107558
0.857	 0.49684885495552117
0.856	 0.49683554413952224
0.855	 0.4967281788271301
0.854	 0.4966959496784388
0.853	 0.4965914430211893
0.852	 0.4965603064001612
0.851	 0.49645634991628135
0.85	 0.49643275809917126
0.849	 0.49632939477998644
0.848	 0.4963133481862691
0.847	 0.4962068200690306
0.846	 0.4961787798695716
0.845	 0.4960789368411527
0.844	 0.4960532418035304
0.843	 0.4959540015844337
0.842	 0.49594348884495826
0.841	 0.49584934946508635
0.84	 0.49581001379016004
0.839	 0.49571926986212655
0.838	 0.4956802701195676
0.837	 0.49559081227410784
0.836	 0.49560165086662605
0.835	 0.49551671979755274
0.834	 0.49550832235148684
0.833	 0.4954266639449885
0.832	 0.49541345185321994
0.831	 0.49533136924051
0.83	 0.49531304668736037
0.829	 0.4952333012544424
0.828	 0.49523667670745747
0.827	 0.4951589170365482
0.826	 0.49516256005265163
0.825	 0.49508603042005606
0.824	 0.4950887355249023
0.823	 0.49501549369648756
0.822	 0.4949647523877007
0.821	 0.49489185053035745
0.82	 0.49489491013150566
0.819	 0.4948231199350953
0.818	 0.49481424768087917
0.817	 0.4947467382981298
0.816	 0.4947396756668856
0.815	 0.4946711436872354
0.814	 0.49462347984840965
0.813	 0.4945591813195608
0.812	 0.49455396030427695
0.811	 0.49451068551822763
0.81	 0.4944828313163101
0.809	 0.4944270707143902
0.808	 0.4943964354598313
0.807	 0.49434811983613397
0.806	 0.4943181826744291
0.805	 0.49427622350573447
0.804	 0.49424960334338774
0.803	 0.49420185492256125
0.802	 0.49416583893998506
0.801	 0.4941293791710482
0.8	 0.4940947331595181
0.799	 0.4940471242940278
0.798	 0.49405222950440086
0.797	 0.4940234224975266
0.796	 0.49401855010419193
0.795	 0.4939955740352577
0.794	 0.4939950558952374
0.793	 0.4939618514508431
0.792	 0.49391132613522964
0.791	 0.493861968910112
0.79	 0.49383864821837814
0.789	 0.49381611365498934
0.788	 0.49380737060299634
0.787	 0.49379089565174894
0.786	 0.493780817315411
0.785	 0.4937454260281734
0.784	 0.4937243511301404
0.783	 0.49368949242483556
0.782	 0.49369493799048164
0.781	 0.49367361241117774
0.78	 0.49365177627968054
0.779	 0.49364690211632223
0.778	 0.4936485488806098
0.777	 0.4936421562249246
0.776	 0.49364314056974373
0.775	 0.4936235600713771
0.774	 0.4936312270872859
0.773	 0.49362156943755364
0.772	 0.4936269133856192
0.771	 0.49362018622798587
0.77	 0.49361120434465755
0.769	 0.49361703119935735
0.768	 0.49362319160929224
0.767	 0.4936031195783302
0.766	 0.49360423964280553
0.765	 0.4936155723020514
0.764	 0.493639351629025
0.763	 0.49364530255818845
0.762	 0.4936515983417528
0.761	 0.49363823786181016
0.76	 0.4936484677449527
0.759	 0.4936426874924428
0.758	 0.4936474439701612
0.757	 0.493654977965837
0.756	 0.4936820435047251
0.755	 0.49369501996547593
0.754	 0.49369608424186434
0.753	 0.49369795192741717
0.752	 0.4937115477016649
0.751	 0.4937352242408171
0.75	 0.49376551534266483
0.749	 0.4937601776698654
0.748	 0.4937602569748807
0.747	 0.4937665463987523
0.746	 0.49377651496200764
0.745	 0.49378576830147436
0.744	 0.49379318592881966
0.743	 0.4938034829762523
0.742	 0.4938126667308464
0.741	 0.49382713324862637
0.74	 0.4938480751144074
0.739	 0.4938621909328228
0.738	 0.4938737376485131
0.737	 0.4939013259281904
0.736	 0.4939149139186884
0.735	 0.49394076702376016
0.734	 0.4939568414851484
0.733	 0.49396345237053546
0.732	 0.49397552146026935
0.731	 0.49400224079053845
0.73	 0.4940162433229124
0.729	 0.49402950913537613
0.728	 0.4940578767425556
0.727	 0.4940907995574195
0.726	 0.4941111708854307
0.725	 0.494122269404814
0.724	 0.4941556883465464
0.723	 0.4941866306862242
0.722	 0.49421815131156005
0.721	 0.494255338402388
0.72	 0.49428274768289876
0.719	 0.49430192804256845
0.718	 0.49433658079472625
0.717	 0.4943713697828597
0.716	 0.4944021661925286
0.715	 0.4944250865091021
0.714	 0.49446521047415587
0.713	 0.49451175567949723
0.712	 0.49455179123214144
0.711	 0.4945842118313053
0.71	 0.4946219485029782
0.709	 0.4946559800891764
0.708	 0.494687202933272
0.707	 0.4947153588241219
0.706	 0.49476751519642753
0.705	 0.4948047652980166
0.704	 0.49484688370266317
0.703	 0.49488997224228765
0.702	 0.494933808482979
0.701	 0.49498331113008126
0.7	 0.49503262890182764
0.699	 0.4950539500981093
0.698	 0.495108939833504
0.697	 0.49515714187344095
0.696	 0.49520821028377876
0.695	 0.49525025246050036
0.694	 0.49530350117335525
0.693	 0.4953502006724963
0.692	 0.4954041292675152
0.691	 0.49545770016083557
0.69	 0.4955258950532769
0.689	 0.4955835857246716
0.688	 0.495653116215185
0.687	 0.4956894157942613
0.686	 0.4957482100086734
0.685	 0.49581380214858906
0.684	 0.4958834712837637
0.683	 0.49595270492814264
0.682	 0.49601190167651604
0.681	 0.4960663052476711
0.68	 0.49611728456396315
0.679	 0.49619618321417663
0.678	 0.49625063624730875
0.677	 0.4963404899444812
0.676	 0.4964023500084928
0.675	 0.4964770231500271
0.674	 0.4965383684180488
0.673	 0.49660328586744656
0.672	 0.4966734885221549
0.671	 0.49677405664941543
0.67	 0.4968594747686831
0.669	 0.4969436445005793
0.668	 0.4970725487038487
0.667	 0.497161871584275
0.666	 0.49723886664421185
0.665	 0.4973307878191884
0.664	 0.4974181844456967
0.663	 0.49752516371993855
0.662	 0.49760288805887964
0.661	 0.4977012086408413
0.66	 0.49777950079059385
0.659	 0.49792428161947483
0.658	 0.4980946200001756
0.657	 0.4982664719208861
0.656	 0.49843727420827677
0.655	 0.49860898619131994
0.654	 0.4987846639773634
0.653	 0.4989599515897553
0.652	 0.4991368183413353
0.651	 0.49931482167112157
0.65	 0.4994954152107642
0.649	 0.4996768954388196
0.648	 0.499860080941762
0.647	 0.5000464534250498
0.646	 0.5002374641821429
0.645	 0.500426194170827
0.644	 0.500616067190332
0.643	 0.5008088677513708
0.642	 0.5010017117111928
0.641	 0.5011950592116092
0.64	 0.5013880047085437
0.639	 0.5015808749500441
0.638	 0.5017762661324343
0.637	 0.5019731936878854
0.636	 0.5021703983624385
0.635	 0.5023680530674524
0.634	 0.5025670607141123
0.633	 0.5027668801111037
0.632	 0.5029692162983744
0.631	 0.5031749913932193
0.63	 0.5033808788302359
0.629	 0.5035888647530324
0.628	 0.5037995524347433
0.627	 0.5040105074034957
0.626	 0.5042226606333118
0.625	 0.5044375797916478
0.624	 0.5046536753432564
0.623	 0.5048711337090636
0.622	 0.5050902454284751
0.621	 0.5053131055327374
0.62	 0.5055363922910652
0.619	 0.505761948334866
0.618	 0.5059895235859193
0.617	 0.5062166948145801
0.616	 0.5064481210231208
0.615	 0.5066819785730498
0.614	 0.5069184616620771
0.613	 0.5071562653174888
0.612	 0.5074311636990638
0.611	 0.5076732973832896
0.61	 0.5079196718180226
0.609	 0.5081672217354386
0.608	 0.5084169781829572
0.607	 0.5086687312067018
0.606	 0.5089221429325042
0.605	 0.5091786145078333
0.604	 0.5094368871499094
0.603	 0.5096974786898535
0.602	 0.5099615398459915
0.601	 0.5102309253224564
0.6	 0.5105013718102875
0.599	 0.5106117980051671
0.598	 0.5107232709578621
0.597	 0.5108328544601332
0.596	 0.5109421687338637
0.595	 0.511051007581033
0.594	 0.5111602304710654
0.593	 0.5112666378597092
0.592	 0.511376430248865
0.591	 0.511483858821537
0.59	 0.5115918384979791
0.589	 0.5116987033135749
0.588	 0.5118044316979298
0.587	 0.5119116890714235
0.586	 0.5120188081756395
0.585	 0.5121273189775751
0.584	 0.5122338839488371
0.583	 0.5123391047800143
0.582	 0.5124449188552287
0.581	 0.5125523654790493
0.58	 0.5126581783044368
0.579	 0.5127642200404062
0.578	 0.5128691953529887
0.577	 0.5129757579903258
0.576	 0.5130818465349746
0.575	 0.5131854199779251
0.574	 0.5132909790520376
0.573	 0.5133961229002122
0.572	 0.513501044573772
0.571	 0.5136077207389087
0.57	 0.5137131380152038
0.569	 0.5138167720942075
0.568	 0.5139214962359065
0.567	 0.5140253669441209
0.566	 0.5141288226339633
0.565	 0.5142339545139768
0.564	 0.5143398874708491
0.563	 0.5144455929001772
0.562	 0.514528706011275
0.561	 0.5146342280614309
0.56	 0.514738002435102
0.559	 0.5148411471016195
0.558	 0.5149455507150297
0.557	 0.5150474667884661
0.556	 0.5151495747134672
0.555	 0.5152524632839655
0.554	 0.5153549882236602
0.553	 0.5154572638010956
0.552	 0.5155602476056644
0.551	 0.5156632821819123
0.55	 0.5157673276550411
0.549	 0.5158705991040992
0.548	 0.5159718951568647
0.547	 0.5160745324185153
0.546	 0.5161776005073787
0.545	 0.5162801094927865
0.544	 0.5163827166858049
0.543	 0.5164850682999537
0.542	 0.516587870140343
0.541	 0.5166901546031215
0.54	 0.5167933784179919
0.539	 0.5168970122438424
0.538	 0.5169997050909626
0.537	 0.5171008601043126
0.536	 0.5172031431526697
0.535	 0.5173061550618892
0.534	 0.5174100584927078
0.533	 0.51751373785727
0.532	 0.51761740031644
0.531	 0.5177213677838467
0.53	 0.5178257722899883
0.529	 0.5179294931835232
0.528	 0.5180325060789259
0.527	 0.5181355495868233
0.526	 0.5182376961230204
0.525	 0.5183403344538442
0.524	 0.5184448787415341
0.523	 0.518550414991062
0.522	 0.5186552728386986
0.521	 0.5187597450094632
0.52	 0.5188631669425997
0.519	 0.5189655394643273
0.518	 0.5190693390693221
0.517	 0.5191728452630266
0.516	 0.5192742028870142
0.515	 0.5193772858375445
0.514	 0.519481057760211
0.513	 0.5195832399879787
0.512	 0.5196843258807244
0.511	 0.5197854295246237
0.51	 0.5198862907804258
0.509	 0.5199862470064618
0.508	 0.5200846180084179
0.507	 0.5201837841507134
0.506	 0.5202823878208842
0.505	 0.5203793311234328
0.504	 0.5204756041820662
0.503	 0.5205720883235696
0.502	 0.5206690026737536
0.501	 0.5207651339868715
0.5	 0.5208596626602745
0.499	 0.5209528613453795
0.498	 0.5210468391291444
0.497	 0.5211400473041864
0.496	 0.521231245357377
0.495	 0.5213244985129234
0.494	 0.5214166137789764
0.493	 0.5215066759829914
0.492	 0.5215960987589504
0.491	 0.5216867000293247
0.49	 0.521774309691526
0.489	 0.521861361635286
0.488	 0.5219468746726909
0.487	 0.5220241194184626
0.486	 0.5221071972709409
0.485	 0.5221900142086765
0.484	 0.5222709895029913
0.483	 0.5223533763032697
0.482	 0.5224370749842039
0.481	 0.5225187932451376
0.48	 0.5226028402671291
0.479	 0.5226921765860832
0.478	 0.5227823613009918
0.477	 0.5228720550758783
0.476	 0.5229626697708404
0.475	 0.5230545549608793
0.474	 0.5231457279960262
0.473	 0.5232381297875318
0.472	 0.5233304718075255
0.471	 0.5234241087122959
0.47	 0.5235177726724098
0.469	 0.5236151892891759
0.468	 0.5237281972320983
0.467	 0.5238239755356554
0.466	 0.5239195523242823
0.465	 0.5240139056132307
0.464	 0.5241077151456484
0.463	 0.5242027059902964
0.462	 0.5242958710935054
0.461	 0.5243875590303746
0.46	 0.5244807144758985
0.459	 0.5245750075286499
0.458	 0.5246708749442393
0.457	 0.5247645489511391
0.456	 0.524860936276391
0.455	 0.524954897512172
0.454	 0.5250483749107738
0.453	 0.5251429189139921
0.452	 0.5252365466305042
0.451	 0.5253300483831234
0.45	 0.5254229188270069
0.449	 0.5255152181530399
0.448	 0.5256108184941726
0.447	 0.5257001043127429
0.446	 0.5257869988066026
0.445	 0.5258748633581308
0.444	 0.5259581672180282
0.443	 0.5260407489332611
0.442	 0.5261274520219515
0.441	 0.5262139533754795
0.44	 0.5263019839211915
0.439	 0.5263932872258974
0.438	 0.5264822522643618
0.437	 0.5265704000470626
0.436	 0.5266627760149121
0.435	 0.5267559727341147
0.434	 0.5268462979263963
0.433	 0.5269397764948806
0.432	 0.5270285253520857
0.431	 0.5271173865746583
0.43	 0.5272097230938578
0.429	 0.5272997725462759
0.428	 0.5273875252899185
0.427	 0.5274805714405761
0.426	 0.5275808740080874
0.425	 0.5276783177927625
0.424	 0.5277750803799418
0.423	 0.5278703447642941
0.422	 0.527963462113807
0.421	 0.5280563717970027
0.42	 0.5281473533893358
0.419	 0.5282402929764399
0.418	 0.5283311821517659
0.417	 0.5284208782496314
0.416	 0.5285176306521999
0.415	 0.5286236486653749
0.414	 0.5287183835071287
0.413	 0.5288130857315726
0.412	 0.5289194415823191
0.411	 0.5290198562705994
0.41	 0.5291178805293416
0.409	 0.5292247880849733
0.408	 0.5293076712164142
0.407	 0.5294079644319113
0.406	 0.5295098693899062
0.405	 0.529619124256876
0.404	 0.5297584593679456
0.403	 0.5298734970224251
0.402	 0.5299934666519017
0.401	 0.5300669513406059
0.4	 0.0
