0.4	 1.0
0.401	 0.5188627099517732
0.402	 0.5187232835023993
0.403	 0.518803581002618
0.404	 0.5187500968796989
0.405	 0.5187341837525178
0.406	 0.5187567112708051
0.407	 0.5187024314851683
0.408	 0.5187332732874845
0.409	 0.5188618274978163
0.41	 0.5189686200524263
0.411	 0.5190637419624193
0.412	 0.5191406569534731
0.413	 0.5192749241360616
0.414	 0.519430988629661
0.415	 0.519596930107212
0.416	 0.5197967513889937
0.417	 0.5200098326704258
0.418	 0.5202597484150331
0.419	 0.520520499918564
0.42	 0.5207802950084164
0.421	 0.5210366916515233
0.422	 0.5213260623940965
0.423	 0.5216349001169038
0.424	 0.5219361068640863
0.425	 0.5222451557411983
0.426	 0.5225313282947373
0.427	 0.522803496315862
0.428	 0.5230856771929547
0.429	 0.5233426267865203
0.43	 0.5235571504191487
0.431	 0.5237282628731488
0.432	 0.5238625715354329
0.433	 0.5239690228970605
0.434	 0.5240195766986906
0.435	 0.5240107959627961
0.436	 0.5239609487625284
0.437	 0.5238770109051998
0.438	 0.523789912753743
0.439	 0.5236687808264939
0.44	 0.5235279294575691
0.441	 0.5233618354004005
0.442	 0.5231824017577066
0.443	 0.5230064423848321
0.444	 0.5228142263391183
0.445	 0.5226085839165198
0.446	 0.522388910442775
0.447	 0.5221578315598987
0.448	 0.5219397944120844
0.449	 0.5217153711329204
0.45	 0.5214819327939961
0.451	 0.5212456821359841
0.452	 0.5210081400253781
0.453	 0.5207740889777206
0.454	 0.5205400802009152
0.455	 0.5203148677049325
0.456	 0.5200925086148466
0.457	 0.5198706859939566
0.458	 0.5196556957546264
0.459	 0.519445735967619
0.46	 0.5192302208346491
0.461	 0.5190258165261639
0.462	 0.5188228231932283
0.463	 0.5186167354767991
0.464	 0.5184134353708557
0.465	 0.5182134437807007
0.466	 0.518014472585162
0.467	 0.5178299102518942
0.468	 0.5176421942743521
0.469	 0.517445898475974
0.47	 0.5172582491758121
0.471	 0.5170759788056174
0.472	 0.516897667958822
0.473	 0.5167133709634324
0.474	 0.5165342867318972
0.475	 0.5163579519605538
0.476	 0.5161839736654953
0.477	 0.516017206166708
0.478	 0.5158461223578021
0.479	 0.515678155045027
0.48	 0.5155138246218962
0.481	 0.5153506206708622
0.482	 0.5151924286931409
0.483	 0.5150282694270389
0.484	 0.5148690733971982
0.485	 0.5147155407709177
0.486	 0.5145651926876368
0.487	 0.514422848129135
0.488	 0.5142827711254601
0.489	 0.5141380219792466
0.49	 0.5140032055178754
0.491	 0.5138684558099079
0.492	 0.5137348175066726
0.493	 0.5136032257582621
0.494	 0.5134725358928229
0.495	 0.5133481018725244
0.496	 0.513222531473245
0.497	 0.513095897751652
0.498	 0.5129692389490487
0.499	 0.5128441432015021
0.5	 0.5127225156868431
0.501	 0.5125992246340161
0.502	 0.5124783911717803
0.503	 0.5123589886704447
0.504	 0.5122496578480008
0.505	 0.5121384158963774
0.506	 0.5120307285317562
0.507	 0.5119228910645013
0.508	 0.51181464150192
0.509	 0.5117118191062685
0.51	 0.5116072255008101
0.511	 0.5115029833992252
0.512	 0.5114017789043173
0.513	 0.5112999160017742
0.514	 0.5112047714529878
0.515	 0.511106191824008
0.516	 0.511010574394721
0.517	 0.5109117542056014
0.518	 0.5108162147042017
0.519	 0.5107233983296137
0.52	 0.5106279829152242
0.521	 0.5105360034137544
0.522	 0.5104447483678128
0.523	 0.5103550041539364
0.524	 0.5102699896059091
0.525	 0.5101818444013974
0.526	 0.5100993582348666
0.527	 0.5100177459492731
0.528	 0.5099336521385713
0.529	 0.5098567635564073
0.53	 0.5097800666147474
0.531	 0.5097061187676545
0.532	 0.5096323800559663
0.533	 0.5095585177868959
0.534	 0.5094912633366843
0.535	 0.5094218901800295
0.536	 0.5093541621674434
0.537	 0.5092885151689714
0.538	 0.5092237433327736
0.539	 0.5091601505339461
0.54	 0.5090917248715796
0.541	 0.5090275671214483
0.542	 0.5089680119521475
0.543	 0.5089085038510819
0.544	 0.5088537115287534
0.545	 0.5087982495119145
0.546	 0.508744392085473
0.547	 0.5086933637291658
0.548	 0.5086442879920408
0.549	 0.5085983264161063
0.55	 0.508547996198419
0.551	 0.5084996313278729
0.552	 0.5084535190169835
0.553	 0.5084064889679746
0.554	 0.5083628474478303
0.555	 0.5083136466481899
0.556	 0.508269590978958
0.557	 0.5082283054749605
0.558	 0.5081918812798808
0.559	 0.5081567483372482
0.56	 0.5081169173048045
0.561	 0.5080734088747951
0.562	 0.5080294905118611
0.563	 0.5079772759099667
0.564	 0.5079315204314787
0.565	 0.5078888083576419
0.566	 0.5078490646473547
0.567	 0.5078128495296281
0.568	 0.5077788061608968
0.569	 0.5077444682722365
0.57	 0.507713929618907
0.571	 0.5076856041499636
0.572	 0.5076609816339086
0.573	 0.5076374368599028
0.574	 0.5076126171841646
0.575	 0.5075935788188038
0.576	 0.5075736674581329
0.577	 0.5075562498830026
0.578	 0.5075374436822243
0.579	 0.5075196070443095
0.58	 0.5075047652461173
0.581	 0.5074906789948287
0.582	 0.5074787475171203
0.583	 0.5074666852479579
0.584	 0.5074509417844869
0.585	 0.5074400562656204
0.586	 0.5074290541170123
0.587	 0.5074194447010659
0.588	 0.5074133850695345
0.589	 0.5074045312857641
0.59	 0.5073977883674218
0.591	 0.5073878536616498
0.592	 0.5073808668671949
0.593	 0.5073745718827987
0.594	 0.5073642631378756
0.595	 0.5073570593790969
0.596	 0.5073523245045151
0.597	 0.5073477747940732
0.598	 0.5073433193523338
0.599	 0.5073366712453279
0.6	 0.5073316988781907
0.601	 0.5072349755640109
0.602	 0.5071353119494109
0.603	 0.507037059981707
0.604	 0.506939184356324
0.605	 0.5068411905643407
0.606	 0.5067437373510656
0.607	 0.506651751934399
0.608	 0.5065602702597476
0.609	 0.5064629674186879
0.61	 0.5063639908366739
0.611	 0.5062656366056362
0.612	 0.5061717527817259
0.613	 0.5060786409048353
0.614	 0.5059825395771312
0.615	 0.5058854940356624
0.616	 0.5057819377663837
0.617	 0.5056794606276505
0.618	 0.5055753212446752
0.619	 0.505468612577016
0.62	 0.5053568630624538
0.621	 0.5052482516906128
0.622	 0.5051335350306915
0.623	 0.505016313415299
0.624	 0.5048912254394643
0.625	 0.5047696099231678
0.626	 0.5046500129829499
0.627	 0.5045313669106697
0.628	 0.5044042735731117
0.629	 0.5042817854449011
0.63	 0.5041655806400998
0.631	 0.5040563881459692
0.632	 0.5039412539060077
0.633	 0.5038377887483193
0.634	 0.5037389664332155
0.635	 0.5036517729710446
0.636	 0.5035594805730924
0.637	 0.5034841744638647
0.638	 0.5034100536439632
0.639	 0.5033429717680339
0.64	 0.5032693863291999
0.641	 0.5032135568872111
0.642	 0.5031626553709418
0.643	 0.5031093765481813
0.644	 0.5030442999624336
0.645	 0.5030003113146149
0.646	 0.5029602266338389
0.647	 0.5029255519595532
0.648	 0.5028740856476789
0.649	 0.502838702769292
0.65	 0.5028098585250944
0.651	 0.5027798688467294
0.652	 0.5027342277166456
0.653	 0.5027083759730882
0.654	 0.5026868249679428
0.655	 0.5026662689416436
0.656	 0.5026275986148857
0.657	 0.5026077282142213
0.658	 0.502588227944316
0.659	 0.5025676049521023
0.66	 0.5025336158267699
0.661	 0.5025141319384647
0.662	 0.5024954244602805
0.663	 0.5024797167096993
0.664	 0.502446959669863
0.665	 0.5024332947097991
0.666	 0.5024200605141578
0.667	 0.5024021165223104
0.668	 0.5023676903314481
0.669	 0.5023402907695087
0.67	 0.5023302787162987
0.671	 0.5023173103438658
0.672	 0.5022895323172797
0.673	 0.5022823486046549
0.674	 0.5022750849439118
0.675	 0.502268749944558
0.676	 0.5022353993670858
0.677	 0.5022275892265786
0.678	 0.5022212949469805
0.679	 0.5022146539215604
0.68	 0.5021864124396799
0.681	 0.5021775676582885
0.682	 0.5021725043798753
0.683	 0.5021678869169435
0.684	 0.5021368904156275
0.685	 0.5021288171901398
0.686	 0.5021150928410302
0.687	 0.5021077359941704
0.688	 0.5021025178723096
0.689	 0.5020685396195235
0.69	 0.502056357852935
0.691	 0.5020447366741869
0.692	 0.5020359300654336
0.693	 0.5019982486941532
0.694	 0.5019904515609025
0.695	 0.5019794630354761
0.696	 0.5019661870205919
0.697	 0.5019237822129846
0.698	 0.5019138348612605
0.699	 0.501904438620829
0.7	 0.5018940036684357
0.701	 0.5018536641968714
0.702	 0.5018440160134082
0.703	 0.5018356088595437
0.704	 0.5018219157860208
0.705	 0.5017757581873029
0.706	 0.5017603133847993
0.707	 0.501743238291716
0.708	 0.5017303498114827
0.709	 0.501680875039573
0.71	 0.5016656853476699
0.711	 0.5016496655736854
0.712	 0.5016295997484707
0.713	 0.5015760159331831
0.714	 0.5015578525640043
0.715	 0.5015430516884477
0.716	 0.501525270999734
0.717	 0.5014672040880658
0.718	 0.501448914236176
0.719	 0.5014276064041434
0.72	 0.5014109034490337
0.721	 0.5013521568779163
0.722	 0.5013336573181681
0.723	 0.5013160329601993
0.724	 0.5012945859734923
0.725	 0.5012392643327914
0.726	 0.5012217978241716
0.727	 0.5011971589803699
0.728	 0.5011767408460709
0.729	 0.5011122366089974
0.73	 0.5010895816005583
0.731	 0.5010657657911126
0.732	 0.5010396561944638
0.733	 0.5009748327492832
0.734	 0.5009482633617213
0.735	 0.5009236697356708
0.736	 0.500897921267621
0.737	 0.5008246501257462
0.738	 0.500793829877211
0.739	 0.5007625107934451
0.74	 0.5006955969063248
0.741	 0.5006711063987528
0.742	 0.5006407462168769
0.743	 0.5006135505592673
0.744	 0.5005404024578908
0.745	 0.5005100488853694
0.746	 0.500478257715188
0.747	 0.5004411355360522
0.748	 0.5003629388102895
0.749	 0.50032050232861
0.75	 0.5002859937227849
0.751	 0.5002548314532482
0.752	 0.5001789591747953
0.753	 0.5001432583888327
0.754	 0.5001018758312209
0.755	 0.5000692631961536
0.756	 0.4999927949234165
0.757	 0.49995509287803275
0.758	 0.4999142766785532
0.759	 0.4998684015288812
0.76	 0.4997884170404936
0.761	 0.4997503805319257
0.762	 0.49971011326202736
0.763	 0.4996729026907206
0.764	 0.499595846512505
0.765	 0.49955735141289337
0.766	 0.4995158425898567
0.767	 0.49947403258913237
0.768	 0.49939284726663996
0.769	 0.49935017008602584
0.77	 0.4993078301795529
0.771	 0.49926166077459366
0.772	 0.499173910133556
0.773	 0.4991313606765694
0.774	 0.49908066061427697
0.775	 0.49903420907939094
0.776	 0.4989417919865687
0.777	 0.49889907210372997
0.778	 0.49885152021103035
0.779	 0.49879666678490925
0.78	 0.4986975421957047
0.781	 0.4986411535466043
0.782	 0.49858558762329236
0.783	 0.49853399860392084
0.784	 0.4984370751068797
0.785	 0.49838230438857123
0.786	 0.49832624868868614
0.787	 0.4982617000176907
0.788	 0.4981579214576612
0.789	 0.49808557112195656
0.79	 0.49801829673386955
0.791	 0.4979467249589143
0.792	 0.49782912397127604
0.793	 0.4977593514899906
0.794	 0.4976839787573652
0.795	 0.4976053303051448
0.796	 0.4974704521473082
0.797	 0.49738937446364057
0.798	 0.4973068940144461
0.799	 0.49721675683198063
0.8	 0.4970714868402874
0.804	 0.49688641255341537
0.808	 0.49670530990424344
0.812	 0.49654100974431786
0.816	 0.49643587247290444
0.82	 0.49630689261287103
0.824	 0.4961888862864515
0.828	 0.4960856478039544
0.832	 0.49601196620455784
0.836	 0.49594880396336816
0.84	 0.49589368341554735
0.844	 0.4958524687820957
0.848	 0.4958121769106671
0.852	 0.49578477438120455
0.856	 0.4957551550561159
0.86	 0.49573652368669124
0.864	 0.4957234527997813
0.868	 0.4957134251738883
0.872	 0.495719314543682
0.876	 0.4957327840839536
0.88	 0.49576393027128873
0.884	 0.4958008898339998
0.888	 0.4958548081772463
0.892	 0.4959271493605035
0.896	 0.49601824054516414
0.9	 0.4961238393244399
0.904	 0.49624058876695487
0.908	 0.4963771015426996
0.912	 0.496533474068005
0.916	 0.4967035000684668
0.92	 0.4968860974322109
0.924	 0.4970778205435133
0.928	 0.4973507098456819
0.932	 0.4975589336214912
0.936	 0.4977734429860835
0.94	 0.4979811133351044
0.944	 0.4982074927533057
0.948	 0.4984388550762484
0.952	 0.49866869917577356
0.956	 0.49891042553106
0.96	 0.4991660489956296
0.964	 0.499427375129112
0.968	 0.4996950402427094
0.972	 0.4999790414844146
0.976	 0.500266026664848
0.98	 0.500567021107951
0.984	 0.5008799927129656
0.988	 0.501209858735376
0.992	 0.5015931236700848
0.996	 0.5020183791588794
1.0	 0.5024946838603952
1.004	 0.5027864713190353
1.008	 0.5030807154769683
1.012	 0.5033572837453341
1.016	 0.5036560266859855
1.02	 0.5038472728007318
1.024	 0.504014546409068
1.028	 0.5041565812681845
1.032	 0.5042673053363471
1.036	 0.5043668262893196
1.04	 0.5044522445559216
1.044	 0.5045232384154709
1.048	 0.5045961133672754
1.052	 0.5046663846770547
1.056	 0.5047210018257559
1.06	 0.5047596394677106
1.064	 0.504792914405502
1.068	 0.5048002415775791
1.072	 0.504759517855861
1.076	 0.504649153363945
1.08	 0.5045077006905425
1.084	 0.5043855692208286
1.088	 0.5042757931957534
1.092	 0.5041462838223233
1.096	 0.5039814503390654
1.1	 0.5038260006820301
1.104	 0.5036993602267117
1.108	 0.5035822152932783
1.112	 0.5034648440822647
1.116	 0.5033399828222571
1.12	 0.5032175984005374
1.124	 0.5030909399982549
1.128	 0.5029983465360355
1.132	 0.5028832462622899
1.136	 0.5027749878579546
1.14	 0.5026791200581491
1.144	 0.5025832609690172
1.148	 0.5024899810021212
1.152	 0.5024089750533096
1.156	 0.5023347055560582
1.16	 0.5022420673354785
1.164	 0.502147625955782
1.168	 0.5020427913893818
1.172	 0.5019287413759713
1.176	 0.5018036874579109
1.18	 0.5016553620020114
1.184	 0.5015016399169367
1.188	 0.5013298340042133
1.192	 0.5011278058718667
1.196	 0.500887627778384
1.2	 0.500615957668673
1.204	 0.5003297849123401
1.208	 0.5000169735648851
1.212	 0.49969144371606034
1.216	 0.49933856579724356
1.22	 0.49893447603753655
1.224	 0.4984522077427231
1.228	 0.49791632262514207
1.232	 0.4973887642743098
1.236	 0.49685250869101566
1.24	 0.49628725522169376
1.244	 0.49567183139934984
1.248	 0.49499494007339934
1.252	 0.4942265083773309
1.256	 0.49329337847205657
1.26	 0.492035892704194
1.264	 0.49030736173393125
1.268	 0.4882108302892684
1.272	 0.4861485205678363
1.276	 0.48447341629592067
1.28	 0.48320375751184513
1.284	 0.482155129541189
1.288	 0.48126848422470814
1.292	 0.48058905633355953
1.296	 0.4801412180052957
1.3	 0.4797783397349529
1.304	 0.4795510089594442
1.308	 0.47935709674130955
1.312	 0.47919969077473784
1.316	 0.4790821512191006
1.32	 0.47898821949458853
1.324	 0.4789094987272866
1.328	 0.47885076403127
1.332	 0.4787607530406996
1.336	 0.47866532662178607
1.34	 0.47856810991006415
1.344	 0.4784706136103642
1.348	 0.47836845611032164
1.352	 0.47826903274856924
1.356	 0.4781918867998912
1.36	 0.47812330460539065
1.364	 0.4780763586672388
1.368	 0.47803622163206744
1.372	 0.47801449334680346
1.376	 0.4775345343373471
1.38	 0.4775399764830493
1.384	 0.4775580895252692
1.388	 0.4775999626209636
1.392	 0.47768607291211584
1.396	 0.4778163333751541
1.4	 0.47798848253399423
1.404	 0.47819595539193466
1.408	 0.47843983531436796
1.412	 0.4787119747060811
1.416	 0.4790367183106585
1.42	 0.4794888952985885
1.424	 0.48011495088898143
1.428	 0.48132251942374643
1.432	 0.4821734128572674
1.436	 0.48304242456388946
1.44	 0.48395065470417076
1.444	 0.48495912063265145
1.448	 0.48609201106729155
1.452	 0.48738021973026785
1.456	 0.4889401951292171
1.46	 0.4910162493424446
1.464	 0.49391258318209313
1.468	 0.4976536760334907
1.472	 0.5017606831148221
1.476	 0.5055457826345554
1.48	 0.5086417200483618
1.484	 0.5111535953935379
1.488	 0.5132589757627285
1.492	 0.51496249596188
1.496	 0.5162405246249298
1.5	 0.5172123873137464
1.504	 0.5179386864411061
1.508	 0.5184301005186346
1.512	 0.5187818220868972
1.516	 0.5190277967335425
1.52	 0.5191865286021984
1.524	 0.5192900473622057
1.528	 0.5193522277446851
1.532	 0.5194008212710725
1.536	 0.5194350448355018
1.54	 0.5194520610373926
1.544	 0.5194566892539608
1.548	 0.519467095003984
1.552	 0.5194637659304578
1.556	 0.5194570434015409
1.56	 0.519432894982102
1.564	 0.5193971995986744
1.568	 0.5193422738749255
1.572	 0.5192836084568926
1.576	 0.5196968888420073
1.58	 0.5196216707811472
1.584	 0.5195439794337195
1.588	 0.5194363270938684
1.592	 0.5193024798545743
1.596	 0.5191406200628513
1.6	 0.5189414430181156
1.604	 0.5186999756677412
1.608	 0.5184200620063995
1.612	 0.5181005620509033
1.616	 0.5177054351152715
1.62	 0.5171956917845388
1.624	 0.5165637812629723
1.628	 0.5160516215908488
1.632	 0.5153247145518423
1.636	 0.5145758702526453
1.64	 0.5138078465429168
1.644	 0.5130012500857848
1.648	 0.5121247248941677
1.652	 0.5111654471637005
1.656	 0.5100927672397606
1.66	 0.5088113242924743
1.664	 0.5071372445207105
1.668	 0.5049414054040675
1.672	 0.5023388666715554
1.676	 0.4993043852009365
1.68	 0.49698142968016323
1.684	 0.4950006759226344
1.688	 0.4932507360617104
1.692	 0.4916968050220182
1.696	 0.49035488238026964
1.7	 0.48920730321220424
1.704	 0.4881482305113883
1.708	 0.4872909377066559
1.712	 0.48653081343052984
1.716	 0.4858535571454687
1.72	 0.48523762553689614
1.724	 0.4846754999956089
1.728	 0.4841568378231398
1.732	 0.48367632784642695
1.736	 0.48322592825676525
1.74	 0.48281701427432044
1.744	 0.48243489711435855
1.748	 0.4820695350023485
1.752	 0.48171796757893565
1.756	 0.48137286407238816
1.76	 0.4810291221560147
1.764	 0.4807007758227271
1.768	 0.48039914830765484
1.772	 0.48009571735944057
1.776	 0.4797973954843705
1.78	 0.47949336933823195
1.784	 0.47918893065354545
1.788	 0.4788803863620717
1.792	 0.4785816381224636
1.796	 0.4782888618642249
1.8	 0.4780179804646892
1.804	 0.47778035179243145
1.808	 0.4775903904642576
1.812	 0.47744636651577904
1.816	 0.4773770988368959
1.82	 0.47738180883864334
1.824	 0.47744053451428486
1.828	 0.4776280698616547
1.832	 0.47778290555811936
1.836	 0.4779784934372302
1.84	 0.4781888751092716
1.844	 0.47841382995850207
1.848	 0.4786519373613703
1.852	 0.478925106913865
1.856	 0.479249468297837
1.86	 0.47964752702654956
1.864	 0.48013502163534527
1.868	 0.4807072548743607
1.872	 0.481350371616324
1.876	 0.4818066849100757
1.88	 0.482522543059804
1.884	 0.4832306064533734
1.888	 0.483932221951165
1.892	 0.48464895116885487
1.896	 0.48537852576564394
1.9	 0.48611436644856254
1.904	 0.48684399168838105
1.908	 0.4875420203470664
1.912	 0.4882192935396984
1.916	 0.4888613570919807
1.92	 0.48948842716744334
1.924	 0.4900947042828919
1.928	 0.49067504185855987
1.932	 0.49121008847324965
1.936	 0.4917053101606388
1.94	 0.49213692365410694
1.944	 0.49250431559715796
1.948	 0.49281764546935186
1.952	 0.49308035991899246
1.956	 0.4932936685604619
1.96	 0.4934695997861237
1.964	 0.4935958868224788
1.968	 0.49365793110559875
1.972	 0.49367112377449834
1.976	 0.4936352174681876
1.98	 0.4935542412586402
1.984	 0.4934315084833213
1.988	 0.493261067637552
1.992	 0.49301777037380734
1.996	 0.4926691298420584
2.0	 0.4921919995535945
2.004	 0.49155091056360584
2.008	 0.49070304598576137
2.012	 0.489633403735452
2.016	 0.4883276218064934
2.02	 0.48679356487509107
2.024	 0.4850605941124058
2.028	 0.4831868052735615
2.032	 0.48122448503234605
2.036	 0.479223932104091
2.04	 0.47723283974302544
2.044	 0.4752846077631076
2.048	 0.4733984584819558
2.052	 0.47032581704725174
2.056	 0.4684575696229449
2.06	 0.46649299770797364
2.064	 0.46439329429006726
2.068	 0.46216446892997926
2.072	 0.45982793934518845
2.076	 0.45736192517074514
2.08	 0.45492026161305105
2.084	 0.4524955858816947
2.088	 0.4500903644110301
2.092	 0.44766845907689157
2.096	 0.44518639672766414
2.1	 0.4426302618318414
2.104	 0.4397831799484528
2.108	 0.43670745817410317
2.112	 0.4333634475116899
2.116	 0.42974070939770154
2.12	 0.4258470175712654
2.124	 0.4217273491880454
2.128	 0.4174486806188925
2.132	 0.41306253524452236
2.136	 0.40858058204507
2.14	 0.4040328515051982
2.144	 0.39946066744844033
2.148	 0.39488332692368355
2.152	 0.3902964391118331
2.156	 0.38570514564756375
2.16	 0.3811149481560699
2.164	 0.37653190034028067
2.168	 0.3719752214570867
2.172	 0.3674847262798118
2.176	 0.3630830542466164
2.18	 0.35876034392504724
2.184	 0.35456110353830933
2.188	 0.35054199405243464
2.192	 0.34680767588126105
2.196	 0.3434338992712713
2.2	 0.34050338143432846
2.204	 0.3381235111965442
2.208	 0.3363784269773545
2.212	 0.33526608327978974
2.216	 0.33478520952637303
2.22	 0.3348752662507271
2.224	 0.3354141171989014
2.228	 0.3362547782889622
2.232	 0.33723476052387946
2.236	 0.3382222217672248
2.24	 0.33909540808341526
2.244	 0.3397918913641655
2.248	 0.34031503134222235
2.252	 0.33936198149146135
2.256	 0.33974483277472145
2.26	 0.34019815839166173
2.264	 0.3407765731856159
2.268	 0.3414866703908838
2.272	 0.34230712239617705
2.276	 0.3431991660825435
2.28	 0.34409511947850696
2.284	 0.3449464104028935
2.288	 0.34570640041097644
2.292	 0.3464187573809087
2.296	 0.34718157124941035
2.3	 0.34806264729258557
2.304	 0.34947292410398706
2.308	 0.3509808592036107
2.312	 0.3531594909489852
2.316	 0.35606979906142366
2.32	 0.3597219854247822
2.324	 0.36404186709127934
2.328	 0.36891448609801003
2.332	 0.37420903958015267
2.336	 0.3798904589970957
2.34	 0.38594142353108646
2.344	 0.39226279217612625
2.348	 0.39877941794414784
2.352	 0.40548123340422537
2.356	 0.4123733936958729
2.36	 0.4194570999778093
2.364	 0.42674088925569836
2.368	 0.43420289540953283
2.372	 0.4417417170574086
2.376	 0.449299951142716
2.38	 0.4568768911569315
2.384	 0.4644496088845238
2.388	 0.47194491542421113
2.392	 0.4792565702865749
2.396	 0.4862689952837022
2.4	 0.49288095620896805
2.404	 0.49896316259984286
2.408	 0.5043324739732117
2.412	 0.508919529041992
2.416	 0.5126497445605109
2.42	 0.5155221805745032
2.424	 0.5175759749347525
2.428	 0.5189234793783216
2.432	 0.5197101171014366
2.436	 0.5200818885065713
2.44	 0.5202413306274928
2.444	 0.5203387467909728
2.448	 0.5204821196385191
2.452	 0.5230338792103911
2.456	 0.5233625011813376
2.46	 0.5237318140382277
2.464	 0.5241347735194055
2.468	 0.5245734174714102
2.472	 0.524916573952137
2.476	 0.5252478375680087
2.48	 0.5254514082460394
2.484	 0.5256721795007208
2.488	 0.5258928810065338
2.492	 0.5261751250725432
2.496	 0.5263160637002108
2.5	 0.0
