0.4	 1.0
0.401	 0.5928655889995823
0.402	 0.5922949031568024
0.403	 0.5924182751658224
0.404	 0.5921925975925302
0.405	 0.5923109050515403
0.406	 0.5920539819383215
0.407	 0.5923625934731057
0.408	 0.5924316210224992
0.409	 0.5919791756942469
0.41	 0.5919459728126185
0.411	 0.5918091897172749
0.412	 0.5915598261014039
0.413	 0.5913847449064603
0.414	 0.5909083076286812
0.415	 0.5906967785428806
0.416	 0.5905705918100385
0.417	 0.5902033324244208
0.418	 0.5898920588604061
0.419	 0.5894141906902282
0.42	 0.5892753139443399
0.421	 0.5889487194345965
0.422	 0.5886812381391883
0.423	 0.588358158444703
0.424	 0.5878964581401714
0.425	 0.5877499367248797
0.426	 0.5873864891811053
0.427	 0.587031735494088
0.428	 0.586566268294928
0.429	 0.5860718250848559
0.43	 0.5857173106284338
0.431	 0.5853734642893367
0.432	 0.5848335461324284
0.433	 0.5843385689730629
0.434	 0.5839610764748366
0.435	 0.5834120424750036
0.436	 0.5828429531168332
0.437	 0.5822367725341068
0.438	 0.5816851873118457
0.439	 0.5812079757645738
0.44	 0.5805917540741811
0.441	 0.5799880359937583
0.442	 0.5793589538333083
0.443	 0.5788054219395169
0.444	 0.5782424613361726
0.445	 0.5776666535132478
0.446	 0.5770599991230885
0.447	 0.5764344590821893
0.448	 0.5758451881556095
0.449	 0.5752923004612674
0.45	 0.5748195482886191
0.451	 0.5742551713325651
0.452	 0.5736840499494358
0.453	 0.5731737846092223
0.454	 0.5727105656742169
0.455	 0.5721839547078779
0.456	 0.5716172140554929
0.457	 0.5711010454657964
0.458	 0.5706499862530735
0.459	 0.5702102086348055
0.46	 0.5697323216568951
0.461	 0.5692763204073689
0.462	 0.5688158190998378
0.463	 0.5683429314120901
0.464	 0.5679353498404619
0.465	 0.5675482758325663
0.466	 0.5670974846049973
0.467	 0.5666028666320799
0.468	 0.5661309227341729
0.469	 0.5658100687841762
0.47	 0.5653614728460478
0.471	 0.5649163403346386
0.472	 0.5644137350496299
0.473	 0.563930559809561
0.474	 0.5634924415375173
0.475	 0.5630864277078259
0.476	 0.562613560610858
0.477	 0.5621296797772696
0.478	 0.5616655996325594
0.479	 0.5611903531983231
0.48	 0.5607091366864265
0.481	 0.5601976494708568
0.482	 0.5596171662137891
0.483	 0.5590907497720319
0.484	 0.5585891331320293
0.485	 0.5580890345818439
0.486	 0.5575307389968295
0.487	 0.5569322062840606
0.488	 0.5562343274444366
0.489	 0.5557194760289075
0.49	 0.5551941780843256
0.491	 0.5546288565821573
0.492	 0.5540472446270651
0.493	 0.5534872201446818
0.494	 0.5529361317214037
0.495	 0.5523901287718499
0.496	 0.5517868906604951
0.497	 0.551160191426533
0.498	 0.5505492583891949
0.499	 0.5499315656140181
0.5	 0.5493286595486413
0.501	 0.548693593248955
0.502	 0.548059470647551
0.503	 0.5474269610390345
0.504	 0.5467869165822664
0.505	 0.5461244083880211
0.506	 0.545430135365645
0.507	 0.5447491561333283
0.508	 0.5440747709152188
0.509	 0.543376774396431
0.51	 0.5426929946645836
0.511	 0.541998948358825
0.512	 0.541294641139341
0.513	 0.5405855241742389
0.514	 0.5398378966682322
0.515	 0.5391008113377417
0.516	 0.5383673369470707
0.517	 0.5376500246687833
0.518	 0.5369401208045658
0.519	 0.53620235276006
0.52	 0.5354828216867766
0.521	 0.5347589742032184
0.522	 0.5340353477978926
0.523	 0.5333181825455249
0.524	 0.5325803710844623
0.525	 0.5318623500884564
0.526	 0.5311205520596755
0.527	 0.5303706544064055
0.528	 0.5296365382381918
0.529	 0.528928049135891
0.53	 0.528229338230673
0.531	 0.52750777727327
0.532	 0.5267730335566503
0.533	 0.5260523596495135
0.534	 0.5253399289931023
0.535	 0.5246369106403301
0.536	 0.5239306203747504
0.537	 0.5232311136719242
0.538	 0.522550374718987
0.539	 0.521852208540795
0.54	 0.5211679010481737
0.541	 0.520457711476408
0.542	 0.5197547232749165
0.543	 0.5190856568171456
0.544	 0.518408069729508
0.545	 0.5177385745242249
0.546	 0.5170451730045578
0.547	 0.5163381582270686
0.548	 0.5156628533390745
0.549	 0.5150089091596314
0.55	 0.5143511124223034
0.551	 0.5136601782754214
0.552	 0.5129622160833537
0.553	 0.512304776965216
0.554	 0.5116642420489739
0.555	 0.5110266862610895
0.556	 0.5103728576220607
0.557	 0.5097351968685281
0.558	 0.5091167427047034
0.559	 0.5085335571861556
0.56	 0.5079487144276146
0.561	 0.5073129945676403
0.562	 0.5066826120965225
0.563	 0.5061447109653304
0.564	 0.5054962411491617
0.565	 0.504866657184339
0.566	 0.5042819245935186
0.567	 0.5036889935474754
0.568	 0.5030781155040005
0.569	 0.502460524924933
0.57	 0.5018803222844491
0.571	 0.5013288510411433
0.572	 0.500743556170631
0.573	 0.5001761325048637
0.574	 0.4996261639909951
0.575	 0.49909948151455746
0.576	 0.4986176559796472
0.577	 0.4981229691689892
0.578	 0.4976260340525034
0.579	 0.4971382159158301
0.58	 0.496659155099421
0.581	 0.4962019246889299
0.582	 0.49573098799584714
0.583	 0.49525828240455716
0.584	 0.494810053822944
0.585	 0.4943743180479392
0.586	 0.49396986605180687
0.587	 0.49354281440785375
0.588	 0.49310827412045155
0.589	 0.4926711345767389
0.59	 0.49225196208724276
0.591	 0.4918624975097886
0.592	 0.49145729648182174
0.593	 0.491081596039649
0.594	 0.49072599839688014
0.595	 0.4903654131053678
0.596	 0.49002469134561333
0.597	 0.4896706792309151
0.598	 0.489319683719164
0.599	 0.4889845858130334
0.6	 0.48866095815621
0.601	 0.4880287090560544
0.602	 0.48736658225402557
0.603	 0.48668686124834065
0.604	 0.48601378291064057
0.605	 0.4853680057900485
0.606	 0.48473254384847575
0.607	 0.48407977043716255
0.608	 0.48341533700350625
0.609	 0.48281638628595275
0.61	 0.48219218344966086
0.611	 0.4815627758397235
0.612	 0.4809337035984915
0.613	 0.4803467453257744
0.614	 0.4797750741592698
0.615	 0.47919311750846705
0.616	 0.4786098339612606
0.617	 0.47804913399780397
0.618	 0.4775150549763089
0.619	 0.47700727026320583
0.62	 0.4764876480178941
0.621	 0.47596321561894167
0.622	 0.47546055050230585
0.623	 0.4749800033973937
0.624	 0.47450524968722735
0.625	 0.47399929634699356
0.626	 0.4735186587780477
0.627	 0.4730471086193625
0.628	 0.472609415848545
0.629	 0.47218342215444165
0.63	 0.4717308823176495
0.631	 0.4712772502762494
0.632	 0.4708651542917047
0.633	 0.470495971719085
0.634	 0.4701059578100829
0.635	 0.46972333116291276
0.636	 0.46934297158978444
0.637	 0.4689927028213225
0.638	 0.46866068042335757
0.639	 0.4683254077591826
0.64	 0.46798419308521017
0.641	 0.46766543222677637
0.642	 0.46738782369573445
0.643	 0.467118826218263
0.644	 0.4668184529196978
0.645	 0.4665272586533986
0.646	 0.46625160410486627
0.647	 0.46600817618744145
0.648	 0.4657545108542429
0.649	 0.46553368263502076
0.65	 0.4652617769178252
0.651	 0.46500308426708215
0.652	 0.4647450841767636
0.653	 0.4645391778579039
0.654	 0.4643425475252755
0.655	 0.46415068721624403
0.656	 0.4639335215305043
0.657	 0.46375603973024
0.658	 0.46358609424615804
0.659	 0.463427025651028
0.66	 0.4632148910947079
0.661	 0.463060781887684
0.662	 0.4629104073351097
0.663	 0.4627850993060105
0.664	 0.4626052137104102
0.665	 0.46245238572324354
0.666	 0.4623207560234706
0.667	 0.4622208176178342
0.668	 0.4620765563859931
0.669	 0.461831031919829
0.67	 0.4617316682013073
0.671	 0.46166124302453626
0.672	 0.46155020275817116
0.673	 0.4614852244225842
0.674	 0.461401219555879
0.675	 0.4613347640966946
0.676	 0.46124501855765343
0.677	 0.46118863643173835
0.678	 0.4611519369610975
0.679	 0.4611221505330557
0.68	 0.46104146246282834
0.681	 0.4610614184469219
0.682	 0.46107285770841205
0.683	 0.46108249507177773
0.684	 0.46104080577855
0.685	 0.46104718767005054
0.686	 0.461081574494422
0.687	 0.46112871849226406
0.688	 0.4612311818697567
0.689	 0.46120196303214506
0.69	 0.4612354683375979
0.691	 0.4612938610710595
0.692	 0.4613523120415213
0.693	 0.461342470056484
0.694	 0.46139117333607643
0.695	 0.4614398242822167
0.696	 0.4615260847930825
0.697	 0.461588132068013
0.698	 0.46168470869930006
0.699	 0.46179768470816407
0.7	 0.4619157382457273
0.701	 0.4619984292376244
0.702	 0.4621369504027448
0.703	 0.46225322574425637
0.704	 0.462402812072282
0.705	 0.4625189969614399
0.706	 0.46271377855656093
0.707	 0.4628923583931898
0.708	 0.46304324472449154
0.709	 0.46316946644125506
0.71	 0.46336866338344196
0.711	 0.4635706369873363
0.712	 0.4637898638960509
0.713	 0.46394224460630745
0.714	 0.4641999865807534
0.715	 0.46444511336052813
0.716	 0.4646952422176452
0.717	 0.46486380454413234
0.718	 0.46507695980610037
0.719	 0.46532768086732923
0.72	 0.4655959921728721
0.721	 0.4658003979069819
0.722	 0.46607777166590636
0.723	 0.4663407291667532
0.724	 0.46664236279874577
0.725	 0.46683742493627245
0.726	 0.46714525252929817
0.727	 0.4674542191136573
0.728	 0.4677541864477077
0.729	 0.46797148652736115
0.73	 0.46825688099963175
0.731	 0.4685398444965681
0.732	 0.4688494392128958
0.733	 0.4690685895202834
0.734	 0.46939381824816145
0.735	 0.46971394359112056
0.736	 0.4700213891789264
0.737	 0.4702655839667266
0.738	 0.47055613357842185
0.739	 0.4709072677248388
0.74	 0.47117202060534435
0.741	 0.47148320447769
0.742	 0.47180290740493014
0.743	 0.4721130681976008
0.744	 0.4724272302325365
0.745	 0.47275064181389825
0.746	 0.47306653318028435
0.747	 0.47342355186287005
0.748	 0.4737460902158188
0.749	 0.47410804983432897
0.75	 0.47444370051337453
0.751	 0.4747992928487249
0.752	 0.47513328222486195
0.753	 0.4754839487730825
0.754	 0.4758388320822358
0.755	 0.47617441651432574
0.756	 0.47650130622056125
0.757	 0.47682384778442405
0.758	 0.4771550955776691
0.759	 0.4774622413266625
0.76	 0.4777503216131898
0.761	 0.4780931585106361
0.762	 0.4784263251858913
0.763	 0.47898701206268735
0.764	 0.4793323660987634
0.765	 0.47962992595283
0.766	 0.47994777874971123
0.767	 0.480276543351811
0.768	 0.4806124306798089
0.769	 0.48094237368693715
0.77	 0.48120156188615115
0.771	 0.4815537298108592
0.772	 0.4819117068890086
0.773	 0.4821651142627478
0.774	 0.4824228753172678
0.775	 0.4826466984580059
0.776	 0.4829610775428634
0.777	 0.48319241939471874
0.778	 0.48341810050323303
0.779	 0.4836557389275195
0.78	 0.4839320013598748
0.781	 0.4842098405495244
0.782	 0.48446404726881226
0.783	 0.4846600788312679
0.784	 0.4849261671288962
0.785	 0.48506325771554826
0.786	 0.4853295371836133
0.787	 0.4855624855750304
0.788	 0.48590539048645653
0.789	 0.4861613876444861
0.79	 0.48638443405149206
0.791	 0.4866548792458192
0.792	 0.48701274644618464
0.793	 0.487140061667404
0.794	 0.4873151535779114
0.795	 0.4874950391833195
0.796	 0.4878291697147805
0.797	 0.4879547155266822
0.798	 0.48801672061101825
0.799	 0.4881030441974275
0.8	 0.4880645436573028
0.804	 0.48853430699340183
0.808	 0.4889811177701228
0.812	 0.48944371875937104
0.816	 0.4896877915019813
0.82	 0.4901485076880489
0.824	 0.49061852471352707
0.828	 0.49117513980671823
0.832	 0.49174921153731344
0.836	 0.4922688364768244
0.84	 0.4928746562334147
0.844	 0.4934591351767025
0.848	 0.49403356450930525
0.852	 0.49464059632907686
0.856	 0.4951729106628241
0.86	 0.4957565833838952
0.864	 0.49632182591492036
0.868	 0.49688149240208834
0.872	 0.49739405761746613
0.876	 0.49781397939422994
0.88	 0.49829204435330593
0.884	 0.4987464979269173
0.888	 0.49926979942556143
0.892	 0.49969237345615325
0.896	 0.5001211842759713
0.9	 0.5004651953788217
0.904	 0.500841833288487
0.908	 0.5012165538351842
0.912	 0.5015067984925504
0.916	 0.5018038816226165
0.92	 0.5021537032266407
0.924	 0.5024586405244122
0.928	 0.502893914003469
0.932	 0.5032182257327498
0.936	 0.5034508160510026
0.94	 0.5036947148350038
0.944	 0.5039683945165855
0.948	 0.5041459826070971
0.952	 0.5043196782855776
0.956	 0.5045261901468278
0.96	 0.5046584733853738
0.964	 0.5048400161530667
0.968	 0.5051460322582908
0.972	 0.5053979013459404
0.976	 0.5058185982358686
0.98	 0.5062212041284633
0.984	 0.5066807821917111
0.988	 0.5071568706814116
0.992	 0.5074202205050277
0.996	 0.5079632725069283
1.0	 0.5087322706487201
1.004	 0.5095903141699152
1.008	 0.5104838293701967
1.012	 0.5114532337026539
1.016	 0.5127343606096811
1.02	 0.5138002586138132
1.024	 0.5148284064254288
1.028	 0.5158113285815956
1.032	 0.516843769130264
1.036	 0.5178291681041806
1.04	 0.5188563192872376
1.044	 0.5199261879706929
1.048	 0.521065587360363
1.052	 0.522247941557646
1.056	 0.5234362583458446
1.06	 0.5245714156799397
1.064	 0.5257299519098322
1.068	 0.5269031938428385
1.072	 0.5281962902423423
1.076	 0.5295147734511493
1.08	 0.53079472360536
1.084	 0.5320560975113567
1.088	 0.5333531168258604
1.092	 0.5347446722127611
1.096	 0.5362156387540545
1.1	 0.53768334386881
1.104	 0.5391529236378783
1.108	 0.5406862098763677
1.112	 0.5422707809919403
1.116	 0.5438397416949883
1.12	 0.5454620169264878
1.124	 0.5471107958597523
1.128	 0.5477997271083569
1.132	 0.5495042221604431
1.136	 0.5512715180619382
1.14	 0.5531131911787441
1.144	 0.5549839095227503
1.148	 0.5569334715250795
1.152	 0.5588413296732384
1.156	 0.5607642872475076
1.16	 0.5627200631845406
1.164	 0.5647976175227362
1.168	 0.566775897813148
1.172	 0.5686832386074504
1.176	 0.5718853350620241
1.18	 0.5738519683663216
1.184	 0.5757556011685617
1.188	 0.5775891854539172
1.192	 0.579364908965991
1.196	 0.5809927593498366
1.2	 0.5822883013093011
1.204	 0.5832927732515077
1.208	 0.584088323290211
1.212	 0.58497232240208
1.216	 0.5860979627583043
1.22	 0.5873563575699171
1.224	 0.588614371010912
1.228	 0.5898733918308073
1.232	 0.5910398016522207
1.236	 0.592140593139927
1.24	 0.5932318987392556
1.244	 0.5941855715296251
1.248	 0.5950597246825735
1.252	 0.5958655670346306
1.256	 0.5966010034946605
1.26	 0.5973556410728654
1.264	 0.5980808284969058
1.268	 0.5987805926931128
1.272	 0.5994363738151042
1.276	 0.5999886975850509
1.28	 0.600605879272945
1.284	 0.6011897580577804
1.288	 0.6017667323741273
1.292	 0.6022710649502634
1.296	 0.6027056699300446
1.3	 0.6030325403828493
1.304	 0.6033687784827093
1.308	 0.6036251740314099
1.312	 0.6037979918865883
1.316	 0.6039070482311744
1.32	 0.6039743823068058
1.324	 0.6038912446994263
1.328	 0.6030103022479846
1.332	 0.6028046660417196
1.336	 0.6025480775077927
1.34	 0.6022204527264704
1.344	 0.601826679679032
1.348	 0.6013792006829052
1.352	 0.6009391503831494
1.356	 0.6004593395049939
1.36	 0.5999504894481046
1.364	 0.5994363152001854
1.368	 0.5989462974501345
1.372	 0.5984476086277112
1.376	 0.5979774346457059
1.38	 0.5974555933116162
1.384	 0.5969264687115642
1.388	 0.5964517374307446
1.392	 0.596079209715034
1.396	 0.5959003571291588
1.4	 0.5960681548911985
1.404	 0.5966079875182162
1.408	 0.5974406132346606
1.412	 0.598270856894096
1.416	 0.5987537539058011
1.42	 0.5988113782026774
1.424	 0.5986170830475618
1.428	 0.599344129044012
1.432	 0.5991145337401566
1.436	 0.5989519771089736
1.44	 0.5987647143316392
1.444	 0.5986333161423413
1.448	 0.5984906117667651
1.452	 0.5983769161406671
1.456	 0.5982689605810777
1.46	 0.5981207012191112
1.464	 0.5979710995857389
1.468	 0.5978071623204727
1.472	 0.5976613669637582
1.476	 0.5975229831234111
1.48	 0.5973350358088759
1.484	 0.5971325895125025
1.488	 0.596918711732789
1.492	 0.5966972250517022
1.496	 0.5964938071961483
1.5	 0.5963000553046923
1.504	 0.5961383069816805
1.508	 0.5959899959313596
1.512	 0.5958617823428128
1.516	 0.595747438624192
1.52	 0.5956592156885673
1.524	 0.5956227080722275
1.528	 0.5956285097192224
1.532	 0.5956327883845889
1.536	 0.5956741789791424
1.54	 0.5957301826864596
1.544	 0.5958159323303647
1.548	 0.5959161472584682
1.552	 0.595978797496253
1.556	 0.5960733685989835
1.56	 0.5961733765634248
1.564	 0.5962407393428303
1.568	 0.5962955032119913
1.572	 0.5963376388667408
1.576	 0.5956058790097715
1.58	 0.5956270072830508
1.584	 0.5955846939905618
1.588	 0.5955116169653561
1.592	 0.5953098120892952
1.596	 0.5949325460608224
1.6	 0.5943858777922671
1.604	 0.593651561663557
1.608	 0.5928326604087882
1.612	 0.5920794922221972
1.616	 0.5915098201946346
1.62	 0.591085069701725
1.624	 0.590675178691453
1.628	 0.5904485331315793
1.632	 0.5899711363782889
1.636	 0.5894499982990139
1.64	 0.588914113609364
1.644	 0.588347915712982
1.648	 0.5877507025665865
1.652	 0.5871265041535662
1.656	 0.586465675262649
1.66	 0.585789577772667
1.664	 0.5850933158350531
1.668	 0.5843522456791082
1.672	 0.5835709633167272
1.676	 0.5831597898668529
1.68	 0.5823023274456884
1.684	 0.5814368605217699
1.688	 0.5805442602439786
1.692	 0.5796383203410849
1.696	 0.5787106250735521
1.7	 0.5777945422855805
1.704	 0.5768356586806977
1.708	 0.5758719807799562
1.712	 0.5749091002202078
1.716	 0.5739381460805332
1.72	 0.5729633852780944
1.724	 0.5719861523078086
1.728	 0.5709819786686281
1.732	 0.5699869020145949
1.736	 0.5689316371910227
1.74	 0.5678639346016744
1.744	 0.566746121459347
1.748	 0.5656180709534367
1.752	 0.564461824288693
1.756	 0.563268931823229
1.76	 0.5620259575306179
1.764	 0.5607335646230737
1.768	 0.5594316995625392
1.772	 0.5580998627343633
1.776	 0.556754428939425
1.78	 0.555364479214217
1.784	 0.5539474715797726
1.788	 0.5525083481419282
1.792	 0.5510664710529285
1.796	 0.5496370010703815
1.8	 0.5482187788673004
1.804	 0.5468349749425084
1.808	 0.5454992187410022
1.812	 0.5442385611037355
1.816	 0.5430347167940824
1.82	 0.5418734373456344
1.824	 0.5407833708801092
1.828	 0.5389852748202819
1.832	 0.5380562404883624
1.836	 0.5371769192521841
1.84	 0.5363964059716589
1.844	 0.5357163277616365
1.848	 0.5351101113560209
1.852	 0.5345755771362023
1.856	 0.5341071173456006
1.86	 0.5337054049773123
1.864	 0.5333759127596406
1.868	 0.5331062516572314
1.872	 0.5329066502639372
1.876	 0.5327104219773812
1.88	 0.5325941542072979
1.884	 0.5325401735424361
1.888	 0.5325303553203871
1.892	 0.5325527275233409
1.896	 0.5325884095245466
1.9	 0.5326481871241351
1.904	 0.5327039682887265
1.908	 0.5327664730664852
1.912	 0.5328135798847461
1.916	 0.5328415728456493
1.92	 0.5328507621552835
1.924	 0.5328567971336997
1.928	 0.53284778311611
1.932	 0.5328197480272978
1.936	 0.5328245889914612
1.94	 0.5328415918973582
1.944	 0.532891621910943
1.948	 0.5329741715828246
1.952	 0.533106598866964
1.956	 0.5332742369377571
1.96	 0.5334842341702902
1.964	 0.5337632464313767
1.968	 0.5340625034141253
1.972	 0.5343854881568969
1.976	 0.5347517066091477
1.98	 0.5351628380210992
1.984	 0.5356362347309661
1.988	 0.536133770133697
1.992	 0.5366785722855454
1.996	 0.5372348964355498
2.0	 0.5377889224820004
2.004	 0.538287909893309
2.008	 0.5387115962701904
2.012	 0.5390005601588043
2.016	 0.5391457295868266
2.02	 0.5391330350627827
2.024	 0.538907192289569
2.028	 0.5384217283695274
2.032	 0.5376728401342634
2.036	 0.5366524326759372
2.04	 0.535283066392755
2.044	 0.5335501657018273
2.048	 0.5314837879429625
2.052	 0.5273634277169992
2.056	 0.5247960255667592
2.06	 0.522120438602823
2.064	 0.519409445063854
2.068	 0.5166861151216682
2.072	 0.5139918347932935
2.076	 0.5110660733509577
2.08	 0.5083512161329372
2.084	 0.505622384140142
2.088	 0.5028708993548822
2.092	 0.5000955794065759
2.096	 0.4972338878083303
2.1	 0.49429800083737496
2.104	 0.4913119062555096
2.108	 0.4881849370892488
2.112	 0.4849963619097236
2.116	 0.4817478591464313
2.12	 0.47843648009714246
2.124	 0.47505099027005343
2.128	 0.47160698723312655
2.132	 0.4680624631830278
2.136	 0.46441737461287674
2.14	 0.4606785534155716
2.144	 0.45685023210083836
2.148	 0.45294219825181603
2.152	 0.44899254723050297
2.156	 0.4450230092603378
2.16	 0.44106525268311
2.164	 0.4371626831148806
2.168	 0.43336326021047705
2.172	 0.4296719788703094
2.176	 0.4260982525876103
2.18	 0.42268254758673285
2.184	 0.41941917170099724
2.188	 0.41630906734094225
2.192	 0.41333846536140434
2.196	 0.41050030798282544
2.2	 0.40782653528998547
2.204	 0.40529703111636417
2.208	 0.4029527254799628
2.212	 0.4008192423844398
2.216	 0.39889941790738137
2.22	 0.39729754172642084
2.224	 0.3960985169105355
2.228	 0.3953193439739845
2.232	 0.39500075647629396
2.236	 0.39522518378902416
2.24	 0.3960341207869182
2.244	 0.3973919915700738
2.248	 0.39922691435872826
2.252	 0.40104335750099196
2.256	 0.4033921497818589
2.26	 0.4058034406741325
2.264	 0.4081423534220405
2.268	 0.4103065243644837
2.272	 0.4122192201626163
2.276	 0.4138978545661666
2.28	 0.4154196330167126
2.284	 0.4167999455686766
2.288	 0.41806731860647867
2.292	 0.41929313281701586
2.296	 0.42057087661141546
2.3	 0.4219716139553641
2.304	 0.4234516363755544
2.308	 0.4253600556115805
2.312	 0.42751270844546824
2.316	 0.4298498906321225
2.32	 0.4323581764237554
2.324	 0.43508141620743623
2.328	 0.4380042557357288
2.332	 0.4411665882669175
2.336	 0.4445984672697928
2.34	 0.4482949470038721
2.344	 0.4522406683891288
2.348	 0.4564001927827498
2.352	 0.46072968336705866
2.356	 0.4651556156968876
2.36	 0.4696137029401224
2.364	 0.4740230199199407
2.368	 0.47828184990663736
2.372	 0.48234166229894193
2.376	 0.48615763445243737
2.38	 0.48963549947709856
2.384	 0.4927695474456895
2.388	 0.4955457337857815
2.392	 0.49800439134454716
2.396	 0.5001558589995584
2.4	 0.5020335901239293
2.404	 0.5036820138539868
2.408	 0.5051374783046808
2.412	 0.5063716824097126
2.416	 0.5074300447467947
2.42	 0.5082534409746495
2.424	 0.5087546863320954
2.428	 0.5089367130683987
2.432	 0.5088038275481175
2.436	 0.5083222170553686
2.44	 0.507410103406998
2.444	 0.5061344806126742
2.448	 0.5044822590698014
2.452	 0.502351846858363
2.456	 0.5001324619150767
2.46	 0.497966314972085
2.464	 0.495968617550613
2.468	 0.494294624990241
2.472	 0.49298512309567616
2.476	 0.49177594321814183
2.48	 0.4907870588157344
2.484	 0.49022840517277155
2.488	 0.48995805685626154
2.492	 0.48973019872190604
2.496	 0.48931603503002025
2.5	 0.0
