15.3853	 1.0
15.3397	 0.4867448062604162
15.2945	 0.4809438728587102
15.2495	 0.47503664389043554
15.2048	 0.46724560963166334
15.1603	 0.4578480060794781
15.1161	 0.4461637519212395
15.0722	 0.4314444310893058
15.0285	 0.4136485645431137
14.9851	 0.3943774985044878
14.9419	 0.3793860334621289
14.8989	 0.37378162041807445
14.8563	 0.38000182637377034
14.8138	 0.4004223767190629
14.7716	 0.4294449444878152
14.7296	 0.4580729245393344
14.6879	 0.48103062654477197
14.6464	 0.49550185193961144
14.6052	 0.5
14.5641	 0.5
14.5233	 0.5
14.4828	 0.5
14.4424	 0.5
14.4023	 0.5
14.3624	 0.5
14.3227	 0.5
14.2833	 0.5
14.244	 0.5
14.205	 0.5
14.1662	 0.5
14.1276	 0.5
14.0892	 0.5
14.051	 0.5
14.0131	 0.5
13.9753	 0.5
13.9377	 0.5
13.9004	 0.5
13.8632	 0.5
13.8262	 0.5
13.7895	 0.5
13.7529	 0.5
13.7165	 0.5
13.6803	 0.5
13.6443	 0.5
13.6085	 0.5
13.5729	 0.5
13.5374	 0.5
13.5022	 0.5
13.4671	 0.5
13.4322	 0.5
13.3975	 0.5
13.363	 0.5
13.3286	 0.5
13.2944	 0.5
13.2604	 0.5
13.2266	 0.5
13.193	 0.5
13.1595	 0.5
13.1262	 0.5
13.093	 0.5
13.06	 0.5
13.0272	 0.5
12.9946	 0.5
12.9621	 0.5
12.9298	 0.5
12.8976	 0.5
12.8656	 0.5
12.8337	 0.5
12.8021	 0.5
12.7705	 0.5
12.7391	 0.5
12.7079	 0.5
12.6769	 0.5
12.6459	 0.5
12.6152	 0.5
12.5845	 0.5
12.5541	 0.5
12.5238	 0.5
12.4936	 0.5
12.4635	 0.5
12.4337	 0.5
12.4039	 0.5
12.3743	 0.5
12.3448	 0.5
12.3155	 0.5
12.2863	 0.5
12.2573	 0.5
12.2284	 0.5
12.1996	 0.5
12.171	 0.5
12.1425	 0.5000483479462604
12.1141	 0.5022415945666124
12.0859	 0.5067221521600077
12.0578	 0.5128878147206608
12.0298	 0.5205695081609436
12.0019	 0.529779845875995
11.9742	 0.5404298455166247
11.9466	 0.5523824607245482
11.9192	 0.5641639932301622
11.8918	 0.5742848526359075
11.8646	 0.5828888968506595
11.8375	 0.5901332140714574
11.8106	 0.5960388341580823
11.7837	 0.6004854712694108
11.757	 0.6032454801991802
11.7304	 0.60406228607241
11.7039	 0.6036886011971783
11.6776	 0.6018807895701861
11.6513	 0.598623752998819
11.6252	 0.5940644570710526
11.5992	 0.5882534485576315
11.5733	 0.5814930167091579
11.5475	 0.574296961173379
11.5219	 0.566847080446699
11.4963	 0.5594519743124036
11.4709	 0.5520765371262444
11.4455	 0.543482132003967
11.4203	 0.5348942697254893
11.3952	 0.5266888716222576
11.3702	 0.518954533314746
11.3454	 0.511882912177109
11.3206	 0.5057808602441826
11.2959	 0.5009013118069331
11.2714	 0.49905046965014227
11.2469	 0.4955300162447869
11.2226	 0.49275219435267514
11.1983	 0.49048853856820424
11.1742	 0.4881790142179012
11.1502	 0.48550080276908963
11.1263	 0.48245631590919313
11.1024	 0.4797373796867923
11.0787	 0.47794784747686253
11.0551	 0.47740336362462904
11.0316	 0.4780439088768174
11.0081	 0.4794290413767649
10.9848	 0.48152322135945014
10.9616	 0.48469834413889423
10.9385	 0.48869592042790144
10.9154	 0.49267546026305664
10.8925	 0.49613663275388714
10.8697	 0.4991795769602136
10.8469	 0.502245896675249
10.8243	 0.5089990912914822
10.8017	 0.5135751226722977
10.7793	 0.5186358053380102
10.7569	 0.5237159676648362
10.7346	 0.5287988785574922
10.7125	 0.5338994865937555
10.6904	 0.5383787305408727
10.6684	 0.5413577691444019
10.6465	 0.542183653890912
10.6247	 0.5410638618741448
10.6029	 0.5384912020135741
10.5813	 0.5343234621839014
10.5597	 0.5289008230651053
10.5383	 0.5226899075275688
10.5169	 0.5158697482478083
10.4956	 0.5086766839817409
10.4744	 0.5013188507123155
10.4533	 0.49377939590754427
10.4323	 0.485737509810937
10.4113	 0.4765776812601879
10.3904	 0.46598432652181093
10.3697	 0.4543246488056335
10.349	 0.4420229165516579
10.3284	 0.42979094083405883
10.3078	 0.4183565901204556
10.2874	 0.4084410921442207
10.267	 0.3998892012199738
10.2467	 0.3975006628111525
10.2265	 0.39954885639370746
10.2064	 0.40648047543726495
10.1863	 0.4179982116528871
10.1663	 0.43292833444664053
10.1464	 0.44987430839263326
10.1266	 0.4674508454244176
10.1069	 0.48474140667281845
10.0872	 0.50059523176612
10.0676	 0.5056644731162059
10.0481	 0.5155947062678715
10.0287	 0.5214265044156152
10.0093	 0.5227836680504133
9.9901	 0.5196528438263814
9.9708	 0.5125598565482127
9.9517	 0.5024444476764217
9.9326	 0.49037766328250454
9.9136	 0.4769628591681003
9.8947	 0.46307649121369376
9.8759	 0.4496794418528562
9.8571	 0.437455983071554
9.8384	 0.4271411289485425
9.8198	 0.41877110753156926
9.8012	 0.40824305639940384
9.7827	 0.40305991379205325
9.7643	 0.39955928547275926
9.7459	 0.39769375274203217
9.7276	 0.39799587323170194
9.7094	 0.40030173088016663
9.6913	 0.4040440114402249
9.6732	 0.4089835696108412
9.6552	 0.4145880665452405
9.6372	 0.42034553877348213
9.6194	 0.42646504312885447
9.6015	 0.428150255813063
9.5838	 0.435775554679894
9.5661	 0.44388191323518017
9.5485	 0.452424009014175
9.5309	 0.46065500536726783
9.5135	 0.4679081941182497
9.496	 0.47435999336536144
9.4787	 0.4800326294103496
9.4614	 0.48478715900187835
9.4441	 0.4890166390461612
9.427	 0.4927551020629834
9.4099	 0.495796941971712
9.3928	 0.4979386332636021
9.3758	 0.49931156249572917
9.3589	 0.5
9.342	 0.5
9.3252	 0.5
9.3085	 0.5
9.2918	 0.5
9.2752	 0.5
9.2586	 0.5
9.2421	 0.5
9.2257	 0.5
9.2093	 0.5
9.193	 0.5
9.1767	 0.5
9.1605	 0.5
9.1443	 0.5
9.1282	 0.5
9.1122	 0.5
9.0962	 0.5
9.0803	 0.5
9.0644	 0.5
9.0486	 0.5
9.0328	 0.5
9.0171	 0.5
9.0015	 0.5
8.9858	 0.5
8.9703	 0.5
8.9548	 0.5
8.9394	 0.5
8.924	 0.5
8.9086	 0.5
8.8934	 0.5
8.8781	 0.5
8.863	 0.5
8.8478	 0.5
8.8328	 0.5
8.8177	 0.5
8.8028	 0.5
8.7879	 0.5
8.773	 0.5
8.7582	 0.5
8.7434	 0.5
8.7287	 0.5
8.714	 0.5
8.6994	 0.5
8.6848	 0.5
8.6703	 0.5
8.6558	 0.5
8.6414	 0.5
8.627	 0.5
8.6127	 0.5
8.5984	 0.5
8.5842	 0.5
8.57	 0.5
8.5558	 0.5
8.5417	 0.5
8.5277	 0.5
8.5137	 0.5
8.4997	 0.5
8.4858	 0.5
8.4719	 0.5
8.4581	 0.5
8.4444	 0.5
8.4306	 0.5
8.4169	 0.5
8.4033	 0.5
8.3897	 0.5
8.3761	 0.5
8.3626	 0.5
8.3492	 0.5
8.3357	 0.5
8.3224	 0.5
8.309	 0.5
8.2957	 0.5
8.2825	 0.5
8.2693	 0.5
8.2561	 0.5
8.243	 0.5
8.2299	 0.5
8.2169	 0.5
8.2038	 0.5
8.1909	 0.5
8.178	 0.5
8.1651	 0.5
8.1523	 0.5
8.1395	 0.5
8.1267	 0.5
8.114	 0.5
8.1013	 0.5
8.0887	 0.5
8.0761	 0.5
8.0635	 0.5
8.051	 0.5
8.0385	 0.5
8.0261	 0.5
8.0137	 0.5
8.0013	 0.5
7.989	 0.5
7.9767	 0.5
7.9644	 0.5
7.9522	 0.5
7.94	 0.5
7.9279	 0.5
7.9158	 0.5
7.9037	 0.5
7.8917	 0.5
7.8797	 0.5
7.8677	 0.5
7.8558	 0.5
7.8439	 0.5
7.8321	 0.5
7.8203	 0.5
7.8085	 0.5
7.7967	 0.5
7.785	 0.5
7.7734	 0.5
7.7617	 0.5
7.7501	 0.5
7.7386	 0.5
7.727	 0.5
7.7155	 0.5
7.7041	 0.5
7.6926	 0.5
7.6812	 0.5
7.6699	 0.5
7.6585	 0.5
7.6472	 0.5
7.636	 0.5
7.6247	 0.5
7.6136	 0.5
7.6024	 0.5
7.5913	 0.5
7.5802	 0.5
7.5691	 0.5
7.5581	 0.5
7.5471	 0.5
7.5361	 0.5
7.5252	 0.5
7.5142	 0.5
7.5034	 0.5
7.4925	 0.5
7.4817	 0.5
7.4709	 0.5
7.4602	 0.5
7.4495	 0.5
7.4388	 0.5
7.4281	 0.5
7.4175	 0.5
7.4069	 0.5
7.3963	 0.5
7.3858	 0.5
7.3753	 0.5
7.3648	 0.5
7.3544	 0.5
7.344	 0.5
7.3336	 0.5
7.3232	 0.5
7.3129	 0.5
7.3026	 0.5
7.2923	 0.5
7.2821	 0.5
7.2718	 0.5
7.2617	 0.5
7.2515	 0.5
7.2414	 0.5
7.2313	 0.5
7.2212	 0.5
7.2112	 0.5
7.2012	 0.5
7.1912	 0.5
7.1812	 0.5
7.1713	 0.5
7.1614	 0.5
7.1515	 0.5
7.1416	 0.5
7.1318	 0.5
7.122	 0.5001740270078164
7.1123	 0.5005427190636978
7.1025	 0.5011751153233291
7.0928	 0.5019207492341862
7.0831	 0.5027474920419479
7.0734	 0.5038667650949601
7.0638	 0.5055338635048039
7.0542	 0.5073071251909388
7.0446	 0.5086850915731529
7.0351	 0.5099027783300637
7.0255	 0.5113311652974125
7.016	 0.5129222290216576
7.0065	 0.5144276817725735
6.9971	 0.5159123080951717
6.9877	 0.5175947904995031
6.9782	 0.5192970077557016
6.9689	 0.5208005465317596
6.9595	 0.522473384228929
6.9502	 0.5237685825162306
6.9409	 0.5250592758114228
6.9316	 0.5264247527630322
6.9223	 0.5278404826042798
6.9131	 0.5290514512002483
6.9039	 0.5299160536410312
6.8947	 0.5304415420670981
6.8856	 0.5309882023840982
6.8764	 0.5314140439408785
6.8673	 0.5310853997004339
6.8582	 0.5301132305119223
6.8492	 0.52944779182414
6.8402	 0.5297622246741379
6.8311	 0.5307042914597454
6.8221	 0.5311796405869176
6.8132	 0.5325530545885824
6.8042	 0.5329433477963835
6.7953	 0.533377971154358
6.7864	 0.5337350415376868
6.7776	 0.5344936026316942
6.7687	 0.535820285904255
6.7599	 0.5381380190925765
6.7511	 0.539555861147746
6.7423	 0.5408294503025504
6.7336	 0.541942170190817
6.7248	 0.542912159614851
6.7161	 0.5439367427078887
6.7074	 0.5448633208648888
6.6988	 0.5460789758605156
6.6901	 0.5477511890857757
6.6815	 0.5491740520746602
6.6729	 0.5503169027865072
6.6643	 0.5524317043243632
6.6558	 0.5538120533513352
6.6472	 0.5545178230255634
6.6387	 0.5542698571033061
6.6302	 0.5538339577326374
6.6217	 0.5540556740031184
6.6133	 0.5554855674350487
6.6049	 0.5561218410902753
6.5965	 0.5559802964879235
6.5881	 0.5556607931167504
6.5797	 0.5550439141903077
6.5714	 0.5539252210307379
6.5631	 0.5527325507684714
6.5548	 0.5515384249748838
6.5465	 0.5505722117266694
6.5382	 0.5510539116737532
6.53	 0.550329764251906
6.5218	 0.5494880706779457
6.5136	 0.5485968475583461
6.5054	 0.5477453891227828
6.4973	 0.5463810505749069
6.4892	 0.5445973372170428
6.481	 0.5431353780908202
6.4729	 0.5421477686441438
6.4649	 0.5428396168208447
6.4568	 0.5422628743676555
6.4488	 0.5416182987161102
6.4408	 0.5412066731627924
6.4328	 0.5410878983195053
6.4248	 0.540497923510768
6.4169	 0.5390358358488783
6.4089	 0.5378475360451158
6.401	 0.5366310339021044
6.3931	 0.5362669963358377
6.3853	 0.5363082094856664
6.3774	 0.5363239623722417
6.3696	 0.5360793114798236
6.3618	 0.5357239486244115
6.354	 0.5354695483691166
6.3462	 0.534733846675585
6.3384	 0.5346867929256065
6.3307	 0.5339127505069692
6.323	 0.533399782991891
6.3153	 0.53327028877317
6.3076	 0.5333126157508982
6.2999	 0.5332052501307768
6.2923	 0.5338778691259142
6.2847	 0.5341532473901033
6.277	 0.534442582009104
6.2694	 0.5346870486217273
6.2619	 0.5346762411879685
6.2543	 0.5349587519840838
6.2468	 0.5358560680918243
6.2393	 0.5364786104557518
6.2318	 0.5368214891800702
6.2243	 0.5373335487758487
6.2168	 0.5383398632590819
6.2094	 0.5395539824296768
6.202	 0.5406122679307341
6.1945	 0.5411314861609945
6.1871	 0.5414112009611207
6.1798	 0.5424644276747095
6.1724	 0.5428471428639666
6.1651	 0.543462273834152
6.1578	 0.543586325946922
6.1505	 0.543611714774331
6.1432	 0.5439518607300594
6.1359	 0.5444068563656634
6.1286	 0.5444758972011373
6.1214	 0.5439532285424162
6.1142	 0.5428250627761338
6.107	 0.5414525002357989
6.0998	 0.5403827235009896
6.0926	 0.540212954269654
6.0855	 0.5392022120451825
6.0784	 0.5373158497603916
6.0712	 0.5351980344332967
6.0641	 0.5329181155680596
6.0571	 0.5303657358811907
6.05	 0.5268406285116457
6.0429	 0.5227510535057657
6.0359	 0.5191267354776513
6.0289	 0.5157975477057795
6.0219	 0.5123893890236999
6.0149	 0.5086511965450099
6.0079	 0.5043981802651853
6.001	 0.49993899965244976
5.994	 0.4953172181061822
5.9871	 0.49062523695615023
5.9802	 0.4866083207150557
5.9733	 0.48068934298219673
5.9664	 0.4762620678965259
5.9596	 0.47207410743127504
5.9527	 0.4681765583865486
5.9459	 0.46440007004022266
5.9391	 0.460372480574924
5.9323	 0.4563692692502279
5.9255	 0.4531097389322917
5.9188	 0.45068819184066194
5.912	 0.4488263173154354
5.9053	 0.44697812977732027
5.8986	 0.44468203763179276
5.8919	 0.4422152873462117
5.8852	 0.43977230032590947
5.8785	 0.43709650758696267
5.8718	 0.4349985392584351
5.8652	 0.4332828398789687
5.8586	 0.43161579616368495
5.852	 0.4303445439044655
5.8454	 0.42976734887251755
5.8388	 0.42915953544835334
5.8322	 0.42807589419057557
5.8257	 0.4266547319150002
5.8191	 0.4251519418477617
5.8126	 0.423969946510792
5.8061	 0.42301949547436624
5.7996	 0.4223145609467506
5.7931	 0.42188667831580046
5.7866	 0.4191306432730624
5.7802	 0.41868106675485856
5.7738	 0.4165828459474491
5.7673	 0.41545380245266206
5.7609	 0.4141406359806296
5.7545	 0.41276717067605273
5.7481	 0.4112383081010261
5.7418	 0.4096360517717077
5.7354	 0.4082616929286522
5.7291	 0.40655574433061364
5.7228	 0.4042624489411645
5.7165	 0.40169068013734105
5.7102	 0.3989411927034829
5.7039	 0.3953886015894239
5.6976	 0.39347926820656776
5.6914	 0.39171353603054465
5.6851	 0.3902645619267914
5.6789	 0.3875083953571533
5.6727	 0.38654191909037305
5.6665	 0.3856450873201264
5.6603	 0.3850910661034558
5.6541	 0.3847853451628901
5.648	 0.3847324019915679
5.6418	 0.38489145935380736
5.6357	 0.38555320754674116
5.6296	 0.38700867682558854
5.6235	 0.3892525817895646
5.6174	 0.39206734561259127
5.6113	 0.39519712061681156
5.6052	 0.3984221535539019
5.5992	 0.4016090867979436
5.5931	 0.4048118276576738
5.5871	 0.4072345723235543
5.5811	 0.4104617378997832
5.5751	 0.41377566232954976
5.5691	 0.4172854235730512
5.5631	 0.4211723598800392
5.5572	 0.42504657665644535
5.5512	 0.4288699469035126
5.5453	 0.43288040628444835
5.5393	 0.43693560324622144
5.5334	 0.44104688212677895
5.5275	 0.44528114972864485
5.5217	 0.4496356208169896
5.5158	 0.45407024375023064
5.5099	 0.45855074604677487
5.5041	 0.45970556135321355
5.4982	 0.463883876708292
5.4924	 0.46790822750939964
5.4866	 0.47186382294495377
5.4808	 0.47565876845186733
5.475	 0.4793212078297437
5.4692	 0.4828124416454194
5.4635	 0.4865825283049767
5.4577	 0.4901531083559222
5.452	 0.4937402277928789
5.4463	 0.4974469273333347
5.4405	 0.5013482374702235
5.4348	 0.5051610096078801
5.4291	 0.5088435404494747
5.4235	 0.512477918796623
5.4178	 0.5157174778203799
5.4121	 0.5196644016945204
5.4065	 0.5236315307883276
5.4009	 0.5278953272198923
5.3952	 0.5324268604494904
5.3896	 0.5411092236973905
5.384	 0.5461286898231517
5.3785	 0.5512879839388123
5.3729	 0.5565672666899316
5.3673	 0.5619659460730685
5.3618	 0.567445350388859
5.3562	 0.5729875845351172
5.3507	 0.5785912942796475
5.3452	 0.5842580675130968
5.3397	 0.5899255717944837
5.3342	 0.5955721649745981
5.3287	 0.6012032866299815
5.3232	 0.6101554053075684
5.3178	 0.6156728301588479
5.3123	 0.6211796573772888
5.3069	 0.6266709776584377
5.3015	 0.6321460116834939
5.2961	 0.6376018692530614
5.2907	 0.6430175166566485
5.2852	 0.6484052347821626
5.2799	 0.6537661557387963
5.2745	 0.659052228567374
5.2691	 0.6641721827930916
5.2638	 0.6689778845083598
5.2584	 0.673443077884961
5.2531	 0.6794662350927527
5.2478	 0.6829902617715737
5.2425	 0.6859939353879223
5.2372	 0.6884542273670706
5.2319	 0.6903948199512978
5.2267	 0.6918576210293946
5.2214	 0.6928590350578628
5.2161	 0.6933765862471527
5.2109	 0.6933704771862598
5.2057	 0.6928964719291321
5.2004	 0.6920073896422608
5.1952	 0.690721745060124
5.19	 0.6906723614665057
5.1848	 0.6886716170256346
5.1796	 0.6863485517368862
5.1745	 0.6837245486959656
5.1693	 0.6808167229815282
5.1642	 0.6776569104482465
5.159	 0.674292636318771
5.1539	 0.6707415167486839
5.1488	 0.6670218688899059
5.1437	 0.6631820235677233
5.1386	 0.6592984532943472
5.1335	 0.6554136646106573
5.1284	 0.6521299271720382
5.1234	 0.6505236535789345
5.1183	 0.6469459887064996
5.1132	 0.6434146793426548
5.1082	 0.639923004422714
5.1032	 0.636467251555904
5.0982	 0.633040010932854
5.0932	 0.62964218446364
5.0882	 0.6262738745672267
5.0832	 0.6229059497079499
5.0782	 0.619539875236193
5.0732	 0.6162273968034622
5.0683	 0.6146440504972353
5.0633	 0.6115939403080499
5.0584	 0.6086643076368584
5.0534	 0.6087212140258487
5.0485	 0.6060418642302267
5.0436	 0.6035475809376885
5.0387	 0.6012354940431409
5.0338	 0.5991012064753757
5.0289	 0.5971357240791774
5.0241	 0.5953093949000324
5.0192	 0.5936425849242548
5.0144	 0.592204753988239
5.0095	 0.5923909497270262
5.0047	 0.591343467476067
4.9998	 0.5904941056599938
4.995	 0.5898471248697618
4.9902	 0.5911223545647367
4.9854	 0.5908125604309273
4.9806	 0.5907099578567471
4.9759	 0.590819689636538
4.9711	 0.5911278618567801
4.9663	 0.5916043468577843
4.9616	 0.5922090215121641
4.9568	 0.5929158085473868
4.9521	 0.5944481734510192
4.9474	 0.595222492136283
4.9426	 0.5959609933909823
4.9379	 0.5966193731464294
4.9332	 0.5971609923618169
4.9286	 0.5985674684145736
4.9239	 0.5987197251871901
4.9192	 0.5986646664583013
4.9145	 0.5984196836486456
4.9099	 0.5979939725187127
4.9052	 0.5973799843569162
4.9006	 0.5968954412499798
4.896	 0.5959288052296219
4.8914	 0.5948075199312957
4.8867	 0.5935684281697053
4.8821	 0.5922432256055536
4.8776	 0.5908233728614408
4.873	 0.5893056838227485
4.8684	 0.5883814587966704
4.8638	 0.5867066380985466
4.8593	 0.5849688752066938
4.8547	 0.5831805487043145
4.8502	 0.5813479233846649
4.8456	 0.5795636347975003
4.8411	 0.5776377006246257
4.8366	 0.5756829770166605
4.8321	 0.5737048381619034
4.8276	 0.571718792735764
4.8231	 0.5697315274152946
4.8186	 0.5677187064763016
4.8141	 0.5656602657522432
4.8097	 0.5644513630437434
4.8052	 0.5623815991461789
4.8008	 0.5602881478841938
4.7963	 0.5582341120654081
4.7919	 0.5560954673272367
4.7875	 0.5539339547521787
4.7831	 0.5517398842458987
4.7786	 0.5495054665693204
4.7743	 0.5472402950968029
4.7699	 0.5449601082568277
4.7655	 0.5426826171401288
4.7611	 0.5404054273437454
4.7567	 0.5381397845426374
4.7524	 0.5375001971171853
4.748	 0.5354288849185819
4.7437	 0.5332976168908011
4.7393	 0.5312428388174777
4.735	 0.5292654884676865
4.7307	 0.527388595760573
4.7264	 0.5256345407726899
4.7221	 0.5240213365741636
4.7178	 0.5225333187319323
4.7135	 0.5211616403906806
4.7092	 0.5199149063027866
4.7049	 0.5187867751346201
4.7007	 0.5187109911862389
4.6964	 0.5178997219898953
4.6922	 0.5170102375575009
4.6879	 0.5162221359543747
4.6837	 0.5155095220326957
4.6795	 0.5148643868217391
4.6752	 0.5142924025313808
4.671	 0.513788731435145
4.6668	 0.5133450909709332
4.6626	 0.5129673520606743
4.6584	 0.5126526236164958
4.6543	 0.5123975356412988
4.6501	 0.5123387120265293
4.6459	 0.512529072829501
4.6418	 0.5123684410098049
4.6376	 0.512245181944254
4.6334	 0.5121511316442795
4.6293	 0.5120860460117812
4.6252	 0.5120383744470924
4.6211	 0.5120051996909418
4.617	 0.5119882651268464
4.6128	 0.511978512326275
4.6087	 0.5120191529748834
4.6047	 0.5119959396590553
4.6006	 0.5119675119022136
4.5965	 0.512055472011015
4.5924	 0.5119793819464967
4.5884	 0.5118748243624406
4.5843	 0.5117535363263397
4.5802	 0.5116159434970994
4.5762	 0.5114322907376571
4.5722	 0.5111976265531097
4.5681	 0.5108988012599992
4.5641	 0.5101578188041608
4.5601	 0.5096333016889105
4.5561	 0.5089934083240115
4.5521	 0.5082220201961807
4.5481	 0.5073895080820066
4.5441	 0.5063331779446294
4.5401	 0.5051009340960319
4.5362	 0.5036836678157621
4.5322	 0.5020789856064068
4.5282	 0.5002457072627682
4.5243	 0.498175862444937
4.5203	 0.49398094710675033
4.5164	 0.49146507899661607
4.5125	 0.4888963012097355
4.5085	 0.48633999438373837
4.5046	 0.48386537729242257
4.5007	 0.48151451596273803
4.4968	 0.4793806044841367
4.4929	 0.4773046684081282
4.489	 0.47534424798487646
4.4851	 0.47350394366419624
4.4813	 0.47122512271051964
4.4774	 0.46974156157486413
4.4735	 0.4683421657983545
4.4697	 0.4670217416818827
4.4658	 0.4657856862290415
4.462	 0.4646388183994611
4.4581	 0.4635683005939286
4.4543	 0.46256295399527053
4.4505	 0.461770510975103
4.4467	 0.46090457208334146
4.4429	 0.46009304526732775
4.4391	 0.45984151442291904
4.4353	 0.4591693916476996
4.4315	 0.45853867441768204
4.4277	 0.45795975881205897
4.4239	 0.4574490696113205
4.4201	 0.4570071143989673
4.4164	 0.456629235845009
4.4126	 0.45632298733208976
4.4089	 0.4562493553242192
4.4051	 0.45606278423543467
4.4014	 0.45693885871734924
4.3976	 0.45691566374226417
4.3939	 0.4569526015605466
4.3902	 0.4570573711901947
4.3865	 0.4572279120186012
4.3828	 0.4574566102030657
4.3791	 0.4577667886350271
4.3754	 0.4581739733102144
4.3717	 0.45868885116448205
4.368	 0.45934149548301384
4.3643	 0.4612470527200669
4.3607	 0.4622074577718333
4.357	 0.4633645180975989
4.3533	 0.4647652690166743
4.3497	 0.46642030926893185
4.346	 0.46834398831500934
4.3424	 0.4705643972676205
4.3388	 0.47310822309241907
4.3351	 0.47599183574259174
4.3315	 0.479261012985497
4.3279	 0.483658467614638
4.3243	 0.487670782211104
4.3207	 0.4917531705045739
4.3171	 0.4962527388294968
4.3135	 0.5008606383787058
4.3099	 0.5054487226286936
4.3063	 0.5099035599339182
4.3028	 0.5141371052347878
4.2992	 0.5180978678713831
4.2956	 0.5217719930827458
4.2921	 0.525503582211196
4.2885	 0.5286333156954159
4.285	 0.5315275634851858
4.2815	 0.5334653844808731
4.2779	 0.5359184931222145
4.2744	 0.5381951402659637
4.2709	 0.54031019219956
4.2674	 0.5422762040368756
4.2638	 0.5440804652740036
4.2603	 0.5457144164229857
4.2568	 0.5473160056350471
4.2534	 0.5486456471002426
4.2499	 0.5498536405638061
4.2464	 0.5509584061477628
4.2429	 0.5519659057327748
4.2394	 0.551960612031076
4.236	 0.5527969214128182
4.2325	 0.5535589426849981
4.2291	 0.5542331241990256
4.2256	 0.5547991904261549
4.2222	 0.5552106841185247
4.2187	 0.5555762986847314
4.2153	 0.5558652776192193
4.2119	 0.556077883201108
4.2085	 0.5562337128046198
4.2051	 0.5563375660339932
4.2016	 0.5555083458148358
4.1982	 0.555504663326654
4.1948	 0.5554632130617012
4.1915	 0.555381202861559
4.1881	 0.5552987685766848
4.1847	 0.5551270891807056
4.1813	 0.554917635603847
4.178	 0.5546605595523454
4.1746	 0.554356239584824
4.1712	 0.5539887606813972
4.1679	 0.5535326698856745
4.1645	 0.5526258641817617
4.1612	 0.5520882415301857
4.1578	 0.5515042378076788
4.1545	 0.5507612424974653
4.1512	 0.5498907753617434
4.1479	 0.548892032646961
4.1445	 0.5477548150457079
4.1412	 0.5464689033199212
4.1379	 0.5450230026948792
4.1346	 0.5433991343055139
4.1313	 0.5415756636206788
4.128	 0.5408607306376536
4.1248	 0.5389209947472272
4.1215	 0.5367958105913273
4.1182	 0.534550345326668
4.115	 0.5322423511911616
4.1117	 0.5299383046514263
4.1084	 0.5276904340217219
4.1052	 0.5255410465675064
4.1019	 0.5235201602153716
4.0987	 0.5216398243832662
4.0954	 0.5198663567645513
4.0922	 0.5194780415207563
4.089	 0.5178712601258578
4.0858	 0.51637943801751
4.0826	 0.5149860538119689
4.0793	 0.5136816984898576
4.0761	 0.5124544155206195
4.0729	 0.5113018111991688
4.0697	 0.5102195875687741
4.0665	 0.5091985792043571
4.0633	 0.5081641653997624
4.0602	 0.5072883389110425
4.057	 0.5070546028666865
4.0538	 0.5062705156899923
4.0507	 0.5055489178214984
4.0475	 0.5048826628335572
4.0443	 0.5042659910566992
4.0412	 0.5037025712875933
4.038	 0.5031882875274833
4.0349	 0.5027286852950045
4.0317	 0.5022447434014956
4.0286	 0.5018993313259837
4.0255	 0.5016244933809207
4.0224	 0.5016691572474863
4.0193	 0.5014467825702875
4.0161	 0.5012432372733415
4.013	 0.5010483899964248
4.0099	 0.5008587576966399
4.0068	 0.5006625978756274
4.0037	 0.5004329807115225
4.0006	 0.5002506818805962
3.9976	 0.5000706502700524
3.9945	 0.49988861853548194
3.9914	 0.4997103470579903
3.9883	 0.49960213910246426
3.9853	 0.4994392420256153
3.9822	 0.4992785684870287
3.9792	 0.49911725753505504
3.9761	 0.4989588838200707
3.9731	 0.4988064100160456
3.97	 0.49866180876932775
3.967	 0.49852749025506793
3.9639	 0.49840040858436835
3.9609	 0.4982753362372512
3.9579	 0.4981820919868735
3.9549	 0.49806029284817943
3.9519	 0.4979442191300576
3.9489	 0.49784185363282124
3.9458	 0.49772894763456926
3.9428	 0.49762491999587644
3.9398	 0.49752501739453103
3.9369	 0.49742945625260354
3.9339	 0.497344605118142
3.9309	 0.4972667484997674
3.9279	 0.49718738347567076
3.9249	 0.4971140641978694
3.922	 0.49703855206487463
3.919	 0.496929192410469
3.916	 0.496791887339288
3.9131	 0.49665200161505896
3.9101	 0.49654719758502325
3.9072	 0.4964866394640699
3.9042	 0.4964566826694057
3.9013	 0.49644372992748476
3.8984	 0.4964482199724218
3.8954	 0.4965071082317493
3.8925	 0.49654756788731913
3.8896	 0.4965983568825016
3.8867	 0.496654293031042
3.8838	 0.4967189334809643
3.8809	 0.49679367163270494
3.878	 0.4968844979129469
3.8751	 0.4969910507410685
3.8722	 0.49709789849434494
3.8693	 0.49721908428777506
3.8664	 0.4973462288105624
3.8635	 0.4974663437767377
3.8606	 0.4976085487687829
3.8578	 0.49774791338764635
3.8549	 0.49788696962972345
3.852	 0.4980271854494432
3.8492	 0.49815993784325346
3.8463	 0.49827961910701624
3.8435	 0.4983701751913274
3.8406	 0.49846329239791665
3.8378	 0.4985396853612656
3.8349	 0.4986013667603926
3.8321	 0.4986966940671592
3.8293	 0.49874444779431926
3.8264	 0.49876955788801114
3.8236	 0.49877974758418636
3.8208	 0.49878206568354055
3.818	 0.4987581853206789
3.8152	 0.49877402937944665
3.8124	 0.4987964784932153
3.8096	 0.49882761318547725
3.8068	 0.4988678416451416
3.804	 0.49889357492506586
3.8012	 0.4989325964669362
3.7984	 0.4989759540181232
3.7956	 0.49899098832136485
3.7929	 0.49903553135706813
3.7901	 0.49907089506515234
3.7873	 0.49909776038914366
3.7845	 0.49912470277826687
3.7818	 0.4991493766977353
3.779	 0.4991721244886113
3.7763	 0.49913022468368934
3.7735	 0.4991370102880561
3.7708	 0.49910258311097305
3.7681	 0.4991064941778906
3.7653	 0.49910662225588326
3.7626	 0.499098085437884
3.7599	 0.4990857455949176
3.7571	 0.49907191099046605
3.7544	 0.49905247580585965
3.7517	 0.4990341327536139
3.749	 0.4989520014898955
3.7463	 0.4988971292919598
3.7436	 0.49886916434228135
3.7409	 0.49883564003014264
3.7382	 0.49880195299573454
3.7355	 0.4987666386981854
3.7328	 0.4987288394033429
3.7301	 0.498691598750793
3.7274	 0.49866195950202546
3.7247	 0.4986179216817335
3.7221	 0.49854573690846227
3.7194	 0.49857062915315353
3.7167	 0.4986441293812427
3.7141	 0.49875520192072
3.7114	 0.49884629524898905
3.7088	 0.49887569721920194
3.7061	 0.49885276086539526
3.7035	 0.49880487438009224
3.7008	 0.4987143208408188
3.6982	 0.49864686005966186
3.6955	 0.49854221622385614
3.6929	 0.4984573816329254
3.6903	 0.49836813845213657
3.6877	 0.49827772655106695
3.685	 0.49818538796549366
3.6824	 0.4980923523236464
3.6798	 0.49800457846757296
3.6772	 0.4978846851658693
3.6746	 0.4977860435108986
3.672	 0.49769033234199567
3.6694	 0.49761634450131204
3.6668	 0.4975232299095013
3.6642	 0.4974239781368831
3.6616	 0.4973249255250832
3.659	 0.4972293561446684
3.6564	 0.49710715812952627
3.6539	 0.49700671618936604
3.6513	 0.4969065592851931
3.6487	 0.49680888975491905
3.6462	 0.496719434390995
3.6436	 0.49669000147262504
3.641	 0.49662062424251
3.6385	 0.49654704300878755
3.6359	 0.49644634243122543
3.6334	 0.4963731614328423
3.6308	 0.4962995949598572
3.6283	 0.496230513049543
3.6258	 0.4961601778935807
3.6232	 0.49608904980130714
3.6207	 0.49602300929973003
3.6182	 0.4959835405121766
3.6156	 0.495912708780154
3.6131	 0.49579646222394663
3.6106	 0.4957293773116124
3.6081	 0.4956676467553812
3.6056	 0.495605036089454
3.6031	 0.49553744551855666
3.6006	 0.495475215464446
3.5981	 0.4954174360694785
3.5956	 0.4953710408958331
3.5931	 0.49526126741537296
3.5906	 0.49520922117929395
3.5881	 0.49516124148602847
3.5856	 0.4951095141213177
3.5832	 0.49505683675720297
3.5807	 0.49501063794532313
3.5782	 0.49497025150279433
3.5758	 0.4949320912831162
3.5733	 0.4948990992003764
3.5708	 0.49478158704495295
3.5684	 0.4947376899003869
3.5659	 0.49468609289831306
3.5635	 0.4946397528840109
3.561	 0.49459974522969263
3.5586	 0.4945592500348036
3.5561	 0.4945242340860264
3.5537	 0.49449245840665235
3.5513	 0.4943928033955865
3.5488	 0.49435064753134683
3.5464	 0.4942836207218723
3.544	 0.4942456935979112
3.5415	 0.4942068449177389
3.5391	 0.49416954466169305
3.5367	 0.4941321483191667
3.5343	 0.49409215231270515
3.5319	 0.49397467843175064
3.5295	 0.493921196145999
3.5271	 0.49386295711477796
3.5247	 0.4937622940806105
3.5223	 0.49369259371667784
3.5199	 0.493605051755955
3.5175	 0.4934923099701657
3.5151	 0.4932701430977614
3.5128	 0.4931347926363925
3.5104	 0.4930201552583864
3.508	 0.49293103726824633
3.5056	 0.49285961569720216
3.5033	 0.49279060046351686
3.5009	 0.49267667472092475
3.4985	 0.49259903535272603
3.4962	 0.49252277836921
3.4938	 0.49236603640043
3.4915	 0.49229203388046494
3.4891	 0.4922157533889276
3.4868	 0.49213531374847724
3.4844	 0.492048853856125
3.4821	 0.4919549917702129
3.4798	 0.4918581492326605
3.4774	 0.49161590735922206
3.4751	 0.49151446772120844
3.4728	 0.49140698309098796
3.4704	 0.4912958998473434
3.4681	 0.4911803100416431
3.4658	 0.49105846504261075
3.4635	 0.4909302121097165
3.4612	 0.49079107466828165
3.4589	 0.49064546165302014
3.4566	 0.49034777871099383
3.4543	 0.4901956888944315
3.452	 0.4900354388706199
3.4497	 0.4898750783677636
3.4474	 0.4897126082639416
3.4451	 0.4895411616532343
3.4428	 0.4893576165219306
3.4405	 0.48917387155412634
3.4382	 0.4888720231447973
3.4359	 0.48867572648800633
3.4337	 0.4885046996419276
3.4314	 0.48832791188547425
3.4291	 0.48814955468196924
3.4269	 0.4879758912475814
3.4246	 0.48780507643830534
3.4223	 0.4875033256284547
3.4201	 0.4873316484842653
3.4178	 0.48716607549742297
3.4156	 0.4870022559895149
3.4133	 0.4868111214627085
3.4111	 0.48664140723751687
3.4088	 0.4864653874921809
3.4066	 0.4862921394364392
3.4043	 0.48597502750794014
3.4021	 0.4857987283055175
3.3999	 0.48561194168045624
3.3977	 0.4854247376155328
3.3954	 0.48523983859482617
3.3932	 0.4850291269363509
3.391	 0.48484130796012176
3.3888	 0.48465171321082334
3.3866	 0.48430914758684807
3.3844	 0.484121634461495
3.3822	 0.48392341327525035
3.3799	 0.4837158155765253
3.3777	 0.4835086215137029
3.3755	 0.4833014211272563
3.3733	 0.4830914825009521
3.3712	 0.48285561413909406
3.369	 0.4824654357740524
3.3668	 0.48225653691582543
3.3646	 0.4820462613297812
3.3624	 0.48182658104968523
3.3602	 0.48160358516597
3.358	 0.48137852969394035
3.3559	 0.48114924818523247
3.3537	 0.48073185958639275
3.3515	 0.48046676987988335
3.3494	 0.48024454947643036
3.3472	 0.48002375693308885
3.3451	 0.4798038760175387
3.3429	 0.479585501854576
3.3407	 0.4793647171329877
3.3386	 0.4791321516686923
3.3364	 0.47869825788943854
3.3343	 0.4784564644954807
3.3321	 0.47817887128417647
3.33	 0.4779539399501678
3.3279	 0.4777350978417793
3.3257	 0.4775154519997164
3.3236	 0.47729616578299966
3.3215	 0.4768888816618581
3.3194	 0.4766780115272708
3.3172	 0.47646594352278104
3.3151	 0.47618628977675936
3.313	 0.4759354203622841
3.3109	 0.47568041175741066
3.3088	 0.47542984245636133
3.3066	 0.4751770374496569
3.3045	 0.47470609892397075
3.3024	 0.4744413319894452
3.3003	 0.4741732096931462
3.2982	 0.47390494976507624
3.2961	 0.4736245112256636
3.294	 0.47328352740990287
3.292	 0.47300326571839635
3.2899	 0.472472123683911
3.2878	 0.4721808479837087
3.2857	 0.4718888926206358
3.2836	 0.47159655599616784
3.2815	 0.47130460874360025
3.2795	 0.47100744986082405
3.2774	 0.4706399638473924
3.2753	 0.4703353216845335
3.2732	 0.4697625181806945
3.2712	 0.46945955880247153
3.2691	 0.469159135510025
3.2671	 0.4688597088767831
3.265	 0.468562260577339
3.263	 0.4682711558647345
3.2609	 0.4679837052435312
3.2588	 0.46741662056047145
3.2568	 0.4670354059428432
3.2548	 0.4667314780008583
3.2527	 0.46642518989130466
3.2507	 0.46611520669395023
3.2486	 0.46580141506770056
3.2466	 0.46548209369853727
3.2446	 0.46516068505390795
3.2426	 0.4645073277889898
3.2405	 0.4641570449629521
3.2385	 0.4637019145944987
3.2365	 0.4633376911315884
3.2345	 0.46295926868669895
3.2324	 0.4625742436978812
3.2304	 0.46219170013605876
3.2284	 0.4614396451011196
3.2264	 0.4610428498928505
3.2244	 0.46063832177173336
3.2224	 0.46013141932704293
3.2204	 0.45971674066030443
3.2184	 0.45928952054784705
3.2164	 0.45885195893396524
3.2144	 0.4579897061440399
3.2124	 0.45751507992936047
3.2104	 0.457034852699764
3.2084	 0.4565475140810529
3.2064	 0.45604829225404275
3.2045	 0.45544210346888053
3.2025	 0.4549338224508993
3.2005	 0.45399229361795157
3.1985	 0.453501662318916
3.1966	 0.45300115753698833
3.1946	 0.4524812151070002
3.1926	 0.45195888296196957
3.1907	 0.45143841732288287
3.1887	 0.45090402161801324
3.1867	 0.45024480757428476
3.1848	 0.4492114116343677
3.1828	 0.4486660123094749
3.1809	 0.4481330469043258
3.1789	 0.4476024572889755
3.177	 0.4470707149450664
3.175	 0.4465493890582458
3.1731	 0.4460333638677156
3.1711	 0.4450776338792976
3.1692	 0.44445388552910314
3.1673	 0.44395244121814936
3.1653	 0.4434518512276695
3.1634	 0.4429721716605427
3.1615	 0.44251264391481776
3.1596	 0.4420640909875758
3.1576	 0.44129038807132115
3.1557	 0.440895889798271
3.1538	 0.4403786527426937
3.1519	 0.4400185409746378
3.15	 0.4396680131506194
3.1481	 0.43932456619937216
3.1461	 0.4389911784872261
3.1442	 0.43866575440149724
3.1423	 0.4381400121568912
3.1404	 0.43785527260672513
3.1385	 0.43759145218432427
3.1366	 0.4371908987466868
3.1347	 0.43695975047348834
3.1328	 0.4367297165406064
3.1309	 0.436494186623462
3.129	 0.4361001935360004
3.1272	 0.43586457285013547
3.1253	 0.43563783674830575
3.1234	 0.43541803390031997
3.1215	 0.4350507929133406
3.1196	 0.43484422007211543
3.1178	 0.43463744811735366
3.1159	 0.4343110351488655
3.114	 0.4341053737987355
3.1121	 0.4339026375786793
3.1103	 0.4336874536683485
3.1084	 0.43346233312002874
3.1065	 0.4332431193534094
3.1047	 0.43268399737466734
3.1028	 0.43248527933170483
3.101	 0.4322918089922055
3.0991	 0.432093399066503
3.0973	 0.4318980761670024
3.0954	 0.4317135001617209
3.0936	 0.4315316781240587
3.0917	 0.431171796086469
3.0899	 0.43083577187547967
3.088	 0.4307099076481828
3.0862	 0.43059822523630664
3.0844	 0.43048889428438253
3.0825	 0.4303813558451018
3.0807	 0.43028430728841266
3.0789	 0.4302009279187121
3.077	 0.42996438572063844
3.0752	 0.42988587063925987
3.0734	 0.4296066173296785
3.0716	 0.42953769298310657
3.0698	 0.42947587818802274
3.068	 0.4294305587044489
3.0661	 0.4294069258347042
3.0643	 0.42933106789678477
3.0625	 0.42938925948219875
3.0607	 0.42947535151486277
3.0589	 0.4293767855825152
3.0571	 0.4295170067558203
3.0553	 0.4296896509023084
3.0535	 0.4298958622414454
3.0517	 0.4301732854770858
3.0499	 0.43043552748269087
3.0481	 0.4307121928159715
3.0463	 0.43100785101757844
3.0445	 0.4313338495271245
3.0427	 0.43145733365000716
3.041	 0.4319238099566267
3.0392	 0.4323320838780068
3.0374	 0.4327593801597924
3.0356	 0.4332041414947495
3.0338	 0.43366905816772394
3.0321	 0.4341277531392043
3.0303	 0.434578546078463
3.0285	 0.4348249801702653
3.0268	 0.4352856147629157
3.025	 0.4357615533416073
3.0232	 0.4362522036306943
3.0215	 0.4367594408473255
3.0197	 0.43729914439758344
3.0179	 0.4378628636791987
3.0162	 0.4384850484220116
3.0144	 0.4388083784136176
3.0127	 0.43943013603156167
3.0109	 0.44007023181622773
3.0092	 0.44072650779718586
3.0074	 0.4414020767339105
3.0057	 0.4420982631064923
3.004	 0.44278018510280703
3.0022	 0.44347357741193794
3.0005	 0.44383094411684265
2.9987	 0.4444620888070354
2.997	 0.44509181028048
2.9953	 0.445731178395623
2.9935	 0.44619239347795575
2.9918	 0.44679660196626797
2.9901	 0.44740877103805266
2.9884	 0.44805272809514074
2.9867	 0.44872238428172617
2.9849	 0.4490437127133447
2.9832	 0.44967216328374704
2.9815	 0.44999895525541767
2.9798	 0.45057905066853926
2.9781	 0.45113669892352215
2.9764	 0.45166872900008725
2.9747	 0.4521500165260859
2.9729	 0.45258669683538194
2.9712	 0.4526306765009194
2.9695	 0.452467512727231
2.9678	 0.45273522235859137
2.9661	 0.4529219900888819
2.9645	 0.4529985891842003
2.9628	 0.4529673697096477
2.9611	 0.4528311527512485
2.9594	 0.45256283421357796
2.9577	 0.4504840924537172
2.956	 0.44985187832319845
2.9543	 0.4491908706915455
2.9526	 0.44849192388069287
2.951	 0.4477564358411617
2.9493	 0.4469871756469411
2.9476	 0.44492927464133203
2.9459	 0.4441091258848423
2.9442	 0.443266323613558
2.9426	 0.4419852255631796
2.9409	 0.4410973458078559
2.9392	 0.44018253796282836
2.9376	 0.43924140245107257
2.9359	 0.4370577500484937
2.9343	 0.43606844836213693
2.9326	 0.43507104483018255
2.9309	 0.43406445967474183
2.9293	 0.4326294185410273
2.9276	 0.43171180963833716
2.926	 0.4309446481690892
2.9243	 0.4298031890237949
2.9227	 0.42947968348880317
2.921	 0.4292740631941184
2.9194	 0.4292165762704489
2.9177	 0.42923392406365407
2.9161	 0.4289092229122029
2.9145	 0.42932126756094846
2.9128	 0.42974743870642246
2.9112	 0.43032770002076653
2.9096	 0.4310204925770971
2.9079	 0.4317620733481091
2.9063	 0.432536554300512
2.9047	 0.43292843662495556
2.903	 0.4344869841175717
2.9014	 0.435490376735803
2.8998	 0.436553718597524
2.8982	 0.43766639876695596
2.8966	 0.43882427001135543
2.8949	 0.4400466206203909
2.8933	 0.4423190669093796
2.8917	 0.4431948190286462
2.8901	 0.4444651752637656
2.8885	 0.44574241072018633
2.8869	 0.44704018163957643
2.8853	 0.44836201924063157
2.8837	 0.44970456142435666
2.8821	 0.45209914715483396
2.8805	 0.4534668240906102
2.8789	 0.4548774659768867
2.8773	 0.4559345074681282
2.8757	 0.4574138705208935
2.8741	 0.4588816093467891
2.8725	 0.46136631719656407
2.8709	 0.4628977859492194
2.8693	 0.46442350390256104
2.8677	 0.4658566989047462
2.8661	 0.467298767084379
2.8645	 0.46833358356454236
2.863	 0.4696513920204531
2.8614	 0.47183541510455296
2.8598	 0.4730010837846466
2.8582	 0.47413060907023546
2.8567	 0.47519267825328626
2.8551	 0.4762273368763346
2.8535	 0.47724244012564876
2.8519	 0.47883613943807996
2.8504	 0.479780098642022
2.8488	 0.48069371138893874
2.8472	 0.481596376389296
2.8457	 0.4824875813956766
2.8441	 0.48335498234123075
2.8426	 0.4841768168209503
2.841	 0.4854908871969584
2.8394	 0.4862440587096398
2.8379	 0.4869671042539958
2.8363	 0.487673143170368
2.8348	 0.48836781854844225
2.8332	 0.4890745386581979
2.8317	 0.4904842069283098
2.8302	 0.4912341299749855
2.8286	 0.49173362337714943
2.8271	 0.4923994986672234
2.8255	 0.4930564578879294
2.824	 0.4936437282450029
2.8224	 0.4946163358896662
2.8209	 0.495118205271405
2.8194	 0.4955951302624439
2.8178	 0.49603742832089914
2.8163	 0.49638320020964183
2.8148	 0.49686900770503145
2.8133	 0.4977518229635084
2.8117	 0.4982169456138806
2.8102	 0.4986894881277209
2.8087	 0.49916107067691085
2.8072	 0.499625350635825
2.8056	 0.5000980624152145
2.8041	 0.5005681928307656
2.8026	 0.5013720614704259
2.8011	 0.5018316932701157
2.7996	 0.502335702784599
2.7981	 0.5028823640352755
2.7966	 0.5034848564137854
2.7951	 0.5041853430486976
2.7936	 0.5055008954137608
2.7921	 0.5062647072262271
2.7906	 0.507044279516039
2.789	 0.5078263809117277
2.7875	 0.5086011873227942
2.786	 0.5093999162531271
2.7845	 0.5106464973262917
2.7831	 0.5115757435733127
2.7816	 0.5125808857703881
2.7801	 0.5135280473529833
2.7786	 0.5144889589456737
2.7771	 0.5154799438244324
2.7756	 0.5167932656589612
2.7741	 0.5178489487992628
2.7726	 0.5189546242223801
2.7712	 0.5200675576539228
2.7697	 0.5212884902547665
2.7682	 0.5225229484444321
2.7667	 0.5238429463422744
2.7652	 0.5253590018630215
2.7638	 0.5269643826188365
2.7623	 0.5286982160645771
2.7608	 0.5305825415297946
2.7594	 0.5326456941174992
2.7579	 0.5347457706028653
2.7564	 0.5370949005041732
2.755	 0.5394494196957855
2.7535	 0.5417955276211186
2.752	 0.5441459461679967
2.7506	 0.546491655167746
2.7491	 0.5485170834498853
2.7477	 0.5506585896937779
2.7462	 0.5529896465080162
2.7447	 0.5553356998703544
2.7433	 0.5577051278684263
2.7418	 0.560096073277377
2.7404	 0.5624946074238334
2.7389	 0.5645865365185951
2.7375	 0.5669907383490649
2.7361	 0.569057328799186
2.7346	 0.5714508385782517
2.7332	 0.5738413011978549
2.7317	 0.576238827406038
2.7303	 0.578292881599716
2.7289	 0.5806503470447651
2.7274	 0.5828199583508697
2.726	 0.5847381148621255
2.7246	 0.5859399927649211
2.7231	 0.587349427785514
2.7217	 0.5882831133932599
2.7203	 0.5893090316581617
2.7188	 0.590149781451926
2.7174	 0.590888497758681
2.716	 0.5915128309016774
2.7146	 0.5915703517149761
2.7132	 0.5917947478872265
2.7117	 0.5920457478346661
2.7103	 0.5921254670775813
2.7089	 0.5921004087919427
2.7075	 0.5920225509464476
2.7061	 0.5918915628005138
2.7047	 0.591576606672562
2.7033	 0.5909301034397099
2.7018	 0.5905434904134143
2.7004	 0.5900616048986583
2.699	 0.5895250689158479
2.6976	 0.5889421081405499
2.6962	 0.5882671859579071
2.6948	 0.5875553269051832
2.6934	 0.5865059854386374
2.692	 0.5857392267846665
2.6906	 0.5850117152516876
2.6892	 0.5842773117828393
2.6878	 0.5835895309195381
2.6864	 0.5827844429564333
2.685	 0.5819446306044632
2.6837	 0.5810913988132552
2.6823	 0.5800061294295575
2.6809	 0.5791446220623744
2.6795	 0.5783969865947791
2.6781	 0.577441936965794
2.6767	 0.5764431508209067
2.6753	 0.5754171364092974
2.674	 0.5744146138722473
2.6726	 0.573279924249862
2.6712	 0.5723882376721457
2.6698	 0.5712392245716464
2.6685	 0.5701289121544791
2.6671	 0.5690719253692482
2.6657	 0.5679843882643747
2.6644	 0.5669442362097997
2.663	 0.5662356425829901
2.6616	 0.5652027267011703
2.6603	 0.5643834580306849
2.6589	 0.5635828932136553
2.6575	 0.5628236559105466
2.6562	 0.5621118432221346
2.6548	 0.5617078834948701
2.6534	 0.5610154998165363
2.6521	 0.5601254331947025
2.6507	 0.5594849915521082
2.6494	 0.5588985435209536
2.648	 0.558326801687706
2.6467	 0.5580884993785467
2.6453	 0.5575214788113345
2.644	 0.556981761760524
2.6426	 0.5564853754736399
2.6413	 0.5558230827749502
2.6399	 0.5557528774679905
2.6386	 0.5553377346938276
2.6372	 0.5549327137783706
2.6359	 0.5545291852193067
2.6346	 0.5541248078278181
2.6332	 0.5537078825563109
2.6319	 0.5534948262187789
2.6306	 0.5530695050206678
2.6292	 0.5526479325049191
2.6279	 0.5523016396083948
2.6266	 0.551993295640573
2.6252	 0.5517317383887916
2.6239	 0.5518804646011156
2.6226	 0.5517068644115075
2.6212	 0.5516223565415082
2.6199	 0.5515221013287662
2.6186	 0.5514429086600573
2.6173	 0.5513691942435778
2.616	 0.5512562263453953
2.6146	 0.5514516679548939
2.6133	 0.5513302528601095
2.612	 0.551247629374671
2.6107	 0.5511578846848143
2.6094	 0.5510669124547521
2.6081	 0.5513110648196514
2.6067	 0.5512298467612673
2.6054	 0.5511226618010903
2.6041	 0.5510311101099442
2.6028	 0.551027834888426
2.6015	 0.5510305148895385
2.6002	 0.5513624115115152
2.5989	 0.5513391332263736
2.5976	 0.5512752431056527
2.5963	 0.55111032183832
2.595	 0.5507891704483866
2.5937	 0.5505697522786326
2.5924	 0.5505757908615797
2.5911	 0.5503116852244044
2.5898	 0.5500454905700977
2.5885	 0.5497621431787733
2.5872	 0.5494579944196929
2.5859	 0.5494414128686416
2.5847	 0.5493548942477924
2.5834	 0.5489357028861088
2.5821	 0.5484933112229335
2.5808	 0.5480717369596213
2.5795	 0.5479765318642922
2.5782	 0.547580007339227
2.577	 0.5471873610362613
2.5757	 0.5472306726734908
2.5744	 0.5468941819060523
2.5731	 0.5465471129035949
2.5718	 0.546230269432032
2.5706	 0.5462342262770795
2.5693	 0.5459465224123268
2.568	 0.5456568822127822
2.5667	 0.5453574404950269
2.5655	 0.5457762700280888
2.5642	 0.5457350237537396
2.5629	 0.545377226061634
2.5617	 0.5449961671524773
2.5604	 0.5445799224443871
2.5591	 0.5441339146261798
2.5579	 0.5448216386761476
2.5566	 0.5446746060224065
2.5554	 0.5443007626884234
2.5541	 0.5439810044112545
2.5528	 0.5436915464665781
2.5516	 0.5434289498707198
2.5503	 0.5432026564005404
2.5491	 0.5444398041504386
2.5478	 0.5442461803856338
2.5466	 0.544056500937602
2.5453	 0.543867797030143
2.5441	 0.543662476317451
2.5428	 0.5436362816829269
2.5416	 0.5433891746029365
2.5403	 0.5431452370914706
2.5391	 0.5441090799447893
2.5379	 0.5438841499352031
2.5366	 0.543672487749606
2.5354	 0.5436577344315905
2.5341	 0.5434649620653453
2.5329	 0.5432794689768234
2.5317	 0.5430902855241523
2.5304	 0.5440959300701003
2.5292	 0.5440407767672222
2.528	 0.5438649511103462
2.5267	 0.5437697700928571
2.5255	 0.5437671532521675
2.5243	 0.5438561020361953
2.523	 0.54401124822794
2.5218	 0.5450581749962679
2.5206	 0.5452797644431256
2.5194	 0.5455835779140635
2.5181	 0.5459132109819884
2.5169	 0.5462564532197621
2.5157	 0.5467551936743168
2.5145	 0.5471063665229773
2.5133	 0.5477974832284723
2.512	 0.5481130613431817
2.5108	 0.5484778325779371
2.5096	 0.5488695330645603
2.5084	 0.5494065457846491
2.5072	 0.5498163478900616
2.506	 0.5502471868766942
2.5048	 0.5508284674195777
2.5035	 0.5512859380799784
2.5023	 0.5517700366578395
2.5011	 0.5524120238441943
2.4999	 0.55293307238324
2.4987	 0.5534442122953179
2.4975	 0.5539543788049024
2.4963	 0.5544171362912627
2.4951	 0.555038816373308
2.4939	 0.5555402387144202
2.4927	 0.5560277434298124
2.4915	 0.5564703821477178
2.4903	 0.5568922695524604
2.4891	 0.5573208517069592
2.4879	 0.557744780052537
2.4867	 0.5581705021766322
2.4855	 0.5586001833467712
2.4844	 0.5590228088923587
2.4832	 0.559434553147574
2.482	 0.5599652354476211
2.4808	 0.5603528891419389
2.4796	 0.5605138792498046
2.4784	 0.5609145827040113
2.4772	 0.5613188950226251
2.476	 0.5618436086280651
2.4749	 0.5622564238409729
2.4737	 0.5626604761169417
2.4725	 0.5630663191728048
2.4713	 0.5632011211608311
2.4701	 0.5636586510033548
2.469	 0.564200170027494
2.4678	 0.564601027363745
2.4666	 0.5650136841499273
2.4655	 0.5654134394608124
2.4643	 0.565759202684505
2.4631	 0.5658041196136107
2.4619	 0.5660721173869299
2.4608	 0.5663232234327449
2.4596	 0.5665611181565507
2.4584	 0.5667875176590209
2.4573	 0.5669838249884489
2.4561	 0.5672377519485698
2.4549	 0.5671480834308793
2.4538	 0.5673292222626417
2.4526	 0.5675078413092897
2.4515	 0.5676679828856539
2.4503	 0.5678818632266415
2.4491	 0.5679936566531418
2.448	 0.5680974842496804
2.4468	 0.5679423509627594
2.4457	 0.5680404271317803
2.4445	 0.5681283868079922
2.4434	 0.5682680454859061
2.4422	 0.5683034250079508
2.4411	 0.5683218501093117
2.4399	 0.5681145145241958
2.4388	 0.5681226703947073
2.4376	 0.5682045880050351
2.4365	 0.5682144197358566
2.4353	 0.5682265763977907
2.4342	 0.5682476252587781
2.4331	 0.5682646883980524
2.4319	 0.5681710187285193
2.4308	 0.5681859180157796
2.4296	 0.5682145642345706
2.4285	 0.5682083460452972
2.4274	 0.5681824203753616
2.4262	 0.5681529456981811
2.4251	 0.5681263437945587
2.424	 0.5679638752464929
2.4228	 0.5678410044498257
2.4217	 0.5676981958324839
2.4206	 0.56756530513127
2.4194	 0.567461155490959
2.4183	 0.5673006062963546
2.4172	 0.5671548976839704
2.416	 0.5670092215580066
2.4149	 0.5668298946387516
2.4138	 0.5666512651822917
2.4127	 0.5664688426314145
2.4116	 0.5662687533556322
2.4104	 0.5660582462210636
2.4093	 0.5658330838067558
2.4082	 0.565603997161875
2.4071	 0.565358544383534
2.4059	 0.5651082323691379
2.4048	 0.5648613736126972
2.4037	 0.5645836710263484
2.4026	 0.5642867184665654
2.4015	 0.5639837778452168
2.4004	 0.563720984461335
2.3993	 0.5634049062499323
2.3982	 0.5630940000533168
2.3971	 0.5628006642252485
2.396	 0.562561992183477
2.3948	 0.5623795013133667
2.3937	 0.5621730225623665
2.3926	 0.5619200521097337
2.3915	 0.5616729882229254
2.3904	 0.5614300652298901
2.3893	 0.5611694444026324
2.3882	 0.5609162314369913
2.3871	 0.5606759449779564
2.386	 0.5604274196267928
2.3849	 0.5601841967309905
2.3838	 0.5599687571549518
2.3827	 0.5597565443161014
2.3816	 0.559530627713606
2.3805	 0.5592883256337297
2.3795	 0.5590312008229369
2.3784	 0.558765603866223
2.3773	 0.5585008615462763
2.3762	 0.558221595304766
2.3751	 0.5579129399564613
2.374	 0.5576002338729535
2.3729	 0.5572666218207182
2.3718	 0.5569074527499355
2.3708	 0.5566646121654671
2.3697	 0.5562858612997819
2.3686	 0.5558879404270991
2.3675	 0.5554418607104775
2.3664	 0.5549988676569962
2.3653	 0.5545432375745091
2.3643	 0.5542830562469176
2.3632	 0.5538141731405687
2.3621	 0.553295819596793
2.361	 0.5527876952608788
2.36	 0.5522533260395862
2.3589	 0.5516863158480603
2.3578	 0.5510806751300259
2.3567	 0.5507404920140274
2.3557	 0.5500925922947657
2.3546	 0.5494140473178277
2.3535	 0.5487197600763805
2.3525	 0.5480264186610617
2.3514	 0.5472660917735614
2.3503	 0.5465548109507536
2.3493	 0.546296181424416
2.3482	 0.5455887349957964
2.3471	 0.5448871118996481
2.3461	 0.544186411048057
2.345	 0.5434585404655917
2.344	 0.5427894281374782
2.3429	 0.5425792857154724
2.3418	 0.5419275218314377
2.3408	 0.5412787220915249
2.3397	 0.5406038351638314
2.3387	 0.5399593544259159
2.3376	 0.5393096090325464
2.3366	 0.5386617596821693
2.3355	 0.538489085428997
2.3345	 0.5378457635989952
2.3334	 0.5372201619382967
2.3324	 0.5366011285258626
2.3313	 0.5359868897724679
2.3303	 0.535383258270278
2.3292	 0.5352816086002509
2.3282	 0.5347021391824309
2.3271	 0.5341347100183346
2.3261	 0.5335765954407017
2.325	 0.5330304830280826
2.324	 0.5325115210618256
2.323	 0.531966082259205
2.3219	 0.5318658314878716
2.3209	 0.5313181839545289
2.3198	 0.5307650294304935
2.3188	 0.5302293037542825
2.3178	 0.5296855214529418
2.3167	 0.5291550768961117
2.3157	 0.5290381371284897
2.3147	 0.5285221397023941
2.3136	 0.5280338008711492
2.3126	 0.5275548716199555
2.3116	 0.5270786667179369
2.3105	 0.5266065135671053
2.3095	 0.5261331099198775
2.3085	 0.525990695620642
2.3074	 0.5255036634314398
2.3064	 0.5250241580519655
2.3054	 0.5245417847088725
2.3044	 0.5240550789863387
2.3034	 0.5235415920176321
2.3023	 0.5230483235923331
2.3013	 0.5228831965056531
2.3003	 0.5223850003200126
2.2993	 0.5218810171939934
2.2982	 0.5212982114991838
2.2972	 0.5207773547927296
2.2962	 0.5202557041574477
2.2952	 0.5200070240229802
2.2942	 0.5194564623493986
2.2932	 0.5188876542878554
2.2921	 0.5180961097809437
2.2911	 0.5174492403488274
2.2901	 0.5167640602705179
2.2891	 0.5160299553111427
2.2881	 0.5154659459180132
2.2871	 0.5141351551254577
2.2861	 0.5131996399915438
2.2851	 0.5122198528915629
2.2841	 0.5111913646793504
2.2831	 0.5101210832519749
2.2821	 0.5085464515398158
2.2811	 0.507500667401774
2.2801	 0.5065233909328202
2.279	 0.5056088962859668
2.278	 0.5043604153389194
2.2771	 0.5036363281923943
2.2761	 0.5031677548925626
2.275	 0.5025537647888244
2.274	 0.5019694826451683
2.2731	 0.5013179298933452
2.2721	 0.5008605323739826
2.2711	 0.5004380908331617
2.2701	 0.5000469615448125
2.2691	 0.499880011570309
2.2681	 0.49953251011060373
2.2671	 0.49922228925682494
2.2661	 0.49893460167749193
2.2651	 0.4986739492938359
2.2641	 0.4984373394676804
2.2631	 0.4984661794535365
2.2621	 0.4982844547029293
2.2612	 0.49811022805716915
2.2602	 0.497945462176245
2.2592	 0.497783069028001
2.2582	 0.4976941744487366
2.2572	 0.4975288192345153
2.2562	 0.49748214383266176
2.2553	 0.4972919676662393
2.2543	 0.4971023327732195
2.2533	 0.49699437876437685
2.2523	 0.4967989565071471
2.2513	 0.4966081891070827
2.2504	 0.4965226806293472
2.2494	 0.4963300702900876
2.2484	 0.49623830262052565
2.2474	 0.4960600458456267
2.2465	 0.49588331102384736
2.2455	 0.49570876681670634
2.2445	 0.49562813020421426
2.2435	 0.49554220426095785
2.2426	 0.49538047823018294
2.2416	 0.4952270048780622
2.2406	 0.49507154102304274
2.2397	 0.49491281469552745
2.2387	 0.49484694315307
2.2377	 0.494771889435935
2.2368	 0.4946214232818234
2.2358	 0.4944660090019342
2.2348	 0.49440808128819297
2.2339	 0.49424718345359747
2.2329	 0.49407802480384955
2.232	 0.4940105105240068
2.231	 0.4938523919759275
2.23	 0.4937993770694361
2.2291	 0.4936519142453732
2.2281	 0.4934973515499739
2.2272	 0.4933373106550797
2.2262	 0.4931851073883715
2.2252	 0.4932458494577169
2.2243	 0.49310932423797876
2.2233	 0.4929820215353242
2.2224	 0.49286023185657646
2.2214	 0.49274573110815023
2.2205	 0.49272893069597967
2.2195	 0.49273168419012703
2.2186	 0.4926239587492291
2.2176	 0.492523584893762
2.2167	 0.49252314461194835
2.2157	 0.4924444096676697
2.2148	 0.49237448793181804
2.2138	 0.4923162857784069
2.2129	 0.49236030503050326
2.212	 0.49230409577115225
2.211	 0.49233678558250354
2.2101	 0.4922952588298205
2.2091	 0.4922578428524142
2.2082	 0.4922964900044344
2.2073	 0.4922513946682225
2.2063	 0.4923029354946079
2.2054	 0.4922689849157248
2.2044	 0.4922396226100143
2.2035	 0.49221243991624813
2.2026	 0.49226727745347504
2.2016	 0.4923097193900411
2.2007	 0.4922823295410743
2.1998	 0.4922522317788731
2.1988	 0.49213787553756455
2.1979	 0.49202600481794223
2.197	 0.49191705454176066
2.196	 0.49186967657138025
2.1951	 0.49175331811353307
2.1942	 0.49163195472391363
2.1932	 0.4915068599957254
2.1923	 0.49137855350250825
2.1914	 0.4912486022986915
2.1905	 0.4911780149314649
2.1895	 0.4910545468190648
2.1886	 0.4909363669695717
2.1877	 0.49081515193308534
2.1868	 0.4906903283055689
2.1858	 0.49056373373292694
2.1849	 0.4904373780620973
2.184	 0.490372486377735
2.1831	 0.49025592281152697
2.1822	 0.49014175580987557
2.1812	 0.4900333892033596
2.1803	 0.48993156477135735
2.1794	 0.48983192980496015
2.1785	 0.4897914974586198
2.1776	 0.489691809321132
2.1767	 0.4895934406857995
2.1758	 0.4895052707605512
2.1749	 0.48941780301683674
2.1739	 0.489324674039217
2.173	 0.4892973449267434
2.1721	 0.48920859956573104
2.1712	 0.48912472391391676
2.1703	 0.48904614384345435
2.1694	 0.48897425461104627
2.1685	 0.4889057503447917
2.1676	 0.488886985944071
2.1667	 0.488810841530968
2.1658	 0.48873918272869893
2.1649	 0.4886765151501001
2.1639	 0.4886187354323119
2.1631	 0.48856431425692015
2.1622	 0.48856322913351335
2.1612	 0.48852085553064
2.1604	 0.4884811949302336
2.1595	 0.488449869803035
2.1585	 0.48843696714467394
2.1576	 0.48843956844694564
2.1568	 0.4884872778564417
2.1559	 0.48850808291983927
2.155	 0.48854009349453914
2.1541	 0.48857988095969107
2.1532	 0.48861591683585776
2.1523	 0.4886458426662846
2.1514	 0.48871203759945164
2.1505	 0.4887371090272094
2.1496	 0.4887592507554876
2.1487	 0.48877916680777744
2.1478	 0.48879422839405784
2.1469	 0.48880436350444845
2.146	 0.48880424603299916
2.1452	 0.4888335064215218
2.1443	 0.4888205759931646
2.1434	 0.4888082190229556
2.1425	 0.48879581733463956
2.1416	 0.488779669396574
2.1407	 0.4887554184131732
2.1398	 0.4887585123034415
2.139	 0.4887159216485028
2.1381	 0.488669813303822
2.1372	 0.4886145293487746
2.1363	 0.48855222645223195
2.1354	 0.4884793442926641
2.1345	 0.488429995219503
2.1337	 0.4883262486463421
2.1328	 0.4882084551622387
2.1319	 0.48808291908961676
2.1311	 0.4879517230657181
2.1302	 0.4878122282905339
2.1293	 0.48770288125974043
2.1284	 0.48754983118261663
2.1275	 0.4873932894739484
2.1267	 0.4872341299238301
2.1258	 0.48706816747826137
2.1249	 0.48688978488542434
2.1241	 0.4867479809945418
2.1232	 0.48657546185383405
2.1223	 0.4864027499015208
2.1214	 0.4862270215855451
2.1206	 0.4860573829020101
2.1197	 0.4858925252248517
2.1189	 0.48574943396532544
2.118	 0.4855849930486223
2.1171	 0.4854209044103746
2.1163	 0.48526142349805174
2.1154	 0.4851051239965522
2.1145	 0.48495486431946927
2.1137	 0.48482328596417534
2.1128	 0.4846733951217355
2.112	 0.4845299946611435
2.1111	 0.4843923495256024
2.1102	 0.48426616115050725
2.1094	 0.48415132625143154
2.1085	 0.48404084331452163
2.1077	 0.4839437349684962
2.1068	 0.483847501366562
2.1059	 0.4837569111214478
2.1051	 0.4836725432302354
2.1042	 0.48359783206869733
2.1034	 0.4835323319045684
2.1025	 0.4834756902260973
2.1017	 0.48343321623754393
2.1008	 0.4834016657951774
2.1	 0.48339511989162604
2.0991	 0.48342871534302373
2.0983	 0.48348867175423926
2.0974	 0.4835805755597444
2.0966	 0.4837039663969315
2.0957	 0.4838662914690699
2.0949	 0.48408701974381374
2.094	 0.48438378350619204
2.0932	 0.48476305365968675
2.0924	 0.4852162298607204
2.0915	 0.4858123669054723
2.0907	 0.48653857435597747
2.0898	 0.4874094599002433
2.089	 0.4884537338523916
2.0881	 0.48968106906574704
2.0873	 0.4910401268872022
2.0865	 0.49260795754765674
2.0856	 0.49433884735146083
2.0848	 0.4962425544098231
2.0839	 0.4983084600339525
2.0831	 0.5004833107243752
2.0823	 0.5026252787354175
2.0814	 0.5047831032129767
2.0806	 0.5068013695128601
2.0798	 0.5086505045833073
2.0789	 0.5103274411594143
2.0781	 0.5117549127791124
2.0773	 0.5130902973912234
2.0764	 0.5142434707467098
2.0756	 0.5152482193067346
2.0748	 0.5161431346722186
2.0739	 0.5169228778964854
2.0731	 0.5175079635126312
2.0723	 0.5180664788347445
2.0715	 0.5185286416631986
2.0706	 0.5189116607330447
2.0698	 0.5192318540083333
2.069	 0.5195202563701289
2.0681	 0.5197901260526148
2.0673	 0.5199656710914676
2.0665	 0.5201661394466508
2.0657	 0.520339071766752
2.0648	 0.5204984110256644
2.064	 0.5206210227341169
2.0632	 0.5206542361739591
2.0624	 0.5207037666795428
2.0616	 0.52074900603385
2.0607	 0.5207923315810356
2.0599	 0.5208313173934174
2.0591	 0.5208679775824467
2.0583	 0.5208548997493866
2.0575	 0.5208869589723304
2.0567	 0.5209279553519212
2.0558	 0.5209654129762358
2.055	 0.5209862309235441
2.0542	 0.5210056428635284
2.0534	 0.5209471896955278
2.0526	 0.5209704086483855
2.0518	 0.5209930390193243
2.051	 0.5210178264110709
2.0501	 0.5210488127773883
2.0493	 0.5210753369697524
2.0485	 0.5209961224768866
2.0477	 0.5209994896301321
2.0469	 0.5210022279921016
2.0461	 0.5210085258898864
2.0453	 0.521019920732301
2.0445	 0.5209505979074232
2.0437	 0.5209829241273413
2.0429	 0.5210015631875551
2.0421	 0.5210072837929739
2.0413	 0.5210121559454722
2.0405	 0.5210226423558892
2.0397	 0.5210354327241896
2.0389	 0.520953766036259
2.0381	 0.520957273271722
2.0373	 0.5209410101280053
2.0365	 0.5209268870243405
2.0357	 0.5209161552387344
2.0349	 0.5207976969179119
2.0341	 0.5207775880053956
2.0333	 0.5208008717765069
2.0325	 0.5208260459704208
2.0317	 0.5208182880179458
2.0309	 0.5207962648067263
2.0301	 0.5206777193659105
2.0293	 0.5206442588465493
2.0285	 0.5206341309734319
2.0277	 0.5206504016737064
2.0269	 0.5206605253501121
2.0261	 0.5206355192388521
2.0253	 0.5205283462217623
2.0245	 0.520512328942282
2.0237	 0.5204722582466362
2.0229	 0.5204156604299157
2.0222	 0.5203605863630432
2.0214	 0.5203113422603889
2.0206	 0.5202127728829966
2.0198	 0.52018262693081
2.019	 0.5201953485275395
2.0182	 0.52022886669708
2.0174	 0.5202362823487283
2.0167	 0.5201374664704269
2.0159	 0.5200427697235395
2.0151	 0.51994517300627
2.0143	 0.5198377982112203
2.0135	 0.5197392057635334
2.0128	 0.5196713606385964
2.012	 0.5196220022287302
2.0112	 0.519585343828018
2.0104	 0.519500047803112
2.0096	 0.5193563259917988
2.0088	 0.5192661198446317
2.0081	 0.5192129499700762
2.0073	 0.5191326607093741
2.0065	 0.5190338621110774
2.0057	 0.519128424724676
2.005	 0.5192876411520307
2.0042	 0.5194088305649803
2.0034	 0.5196006532008605
2.0026	 0.5195323616373535
2.0019	 0.5191264036182874
2.0011	 0.5188679140412589
2.0003	 0.0
