15.3853	 1.0
15.3397	 0.5
15.2945	 0.5
15.2495	 0.5
15.2048	 0.5
15.1603	 0.5
15.1161	 0.5
15.0722	 0.5
15.0285	 0.5
14.9851	 0.5
14.9419	 0.5
14.8989	 0.5
14.8563	 0.5
14.8138	 0.5
14.7716	 0.5
14.7296	 0.5
14.6879	 0.5
14.6464	 0.5
14.6052	 0.5
14.5641	 0.5
14.5233	 0.5
14.4828	 0.5
14.4424	 0.5
14.4023	 0.5
14.3624	 0.5
14.3227	 0.5
14.2833	 0.5
14.244	 0.5
14.205	 0.5
14.1662	 0.5
14.1276	 0.5
14.0892	 0.5
14.051	 0.5
14.0131	 0.5
13.9753	 0.5
13.9377	 0.5
13.9004	 0.5
13.8632	 0.5
13.8262	 0.5
13.7895	 0.5
13.7529	 0.5
13.7165	 0.5
13.6803	 0.5
13.6443	 0.5
13.6085	 0.5
13.5729	 0.5
13.5374	 0.5
13.5022	 0.5
13.4671	 0.5
13.4322	 0.5
13.3975	 0.5
13.363	 0.5
13.3286	 0.5
13.2944	 0.5
13.2604	 0.5
13.2266	 0.5
13.193	 0.5
13.1595	 0.5
13.1262	 0.5
13.093	 0.5
13.06	 0.5
13.0272	 0.5
12.9946	 0.5
12.9621	 0.5
12.9298	 0.5
12.8976	 0.5
12.8656	 0.5
12.8337	 0.5
12.8021	 0.5
12.7705	 0.5
12.7391	 0.5
12.7079	 0.5
12.6769	 0.5
12.6459	 0.5
12.6152	 0.5
12.5845	 0.5
12.5541	 0.5
12.5238	 0.5
12.4936	 0.5
12.4635	 0.5
12.4337	 0.5
12.4039	 0.5
12.3743	 0.5
12.3448	 0.5
12.3155	 0.5
12.2863	 0.5
12.2573	 0.5
12.2284	 0.5
12.1996	 0.5
12.171	 0.5
12.1425	 0.5
12.1141	 0.5
12.0859	 0.5
12.0578	 0.5
12.0298	 0.5
12.0019	 0.5
11.9742	 0.5
11.9466	 0.5
11.9192	 0.5
11.8918	 0.5
11.8646	 0.5
11.8375	 0.5
11.8106	 0.5
11.7837	 0.5
11.757	 0.5
11.7304	 0.5
11.7039	 0.5
11.6776	 0.5
11.6513	 0.5
11.6252	 0.5
11.5992	 0.5
11.5733	 0.5
11.5475	 0.5
11.5219	 0.5
11.4963	 0.5
11.4709	 0.5
11.4455	 0.5
11.4203	 0.5
11.3952	 0.5
11.3702	 0.5
11.3454	 0.5
11.3206	 0.5
11.2959	 0.5
11.2714	 0.5
11.2469	 0.5
11.2226	 0.5
11.1983	 0.5
11.1742	 0.5
11.1502	 0.5
11.1263	 0.5
11.1024	 0.5
11.0787	 0.5
11.0551	 0.5
11.0316	 0.5
11.0081	 0.5
10.9848	 0.5
10.9616	 0.5
10.9385	 0.5
10.9154	 0.5
10.8925	 0.5
10.8697	 0.5
10.8469	 0.5
10.8243	 0.5
10.8017	 0.5
10.7793	 0.5
10.7569	 0.5
10.7346	 0.5
10.7125	 0.5
10.6904	 0.5
10.6684	 0.5
10.6465	 0.5
10.6247	 0.5
10.6029	 0.5
10.5813	 0.5
10.5597	 0.5
10.5383	 0.5
10.5169	 0.5
10.4956	 0.5
10.4744	 0.5
10.4533	 0.5
10.4323	 0.5
10.4113	 0.5
10.3904	 0.5
10.3697	 0.5
10.349	 0.5
10.3284	 0.5
10.3078	 0.5
10.2874	 0.5
10.267	 0.5
10.2467	 0.5
10.2265	 0.5
10.2064	 0.5
10.1863	 0.5
10.1663	 0.5
10.1464	 0.5
10.1266	 0.5
10.1069	 0.5
10.0872	 0.5
10.0676	 0.5
10.0481	 0.5
10.0287	 0.5
10.0093	 0.5
9.9901	 0.5
9.9708	 0.5
9.9517	 0.5
9.9326	 0.5
9.9136	 0.5
9.8947	 0.5
9.8759	 0.5
9.8571	 0.5
9.8384	 0.5
9.8198	 0.5
9.8012	 0.5
9.7827	 0.5
9.7643	 0.5
9.7459	 0.5
9.7276	 0.5
9.7094	 0.5
9.6913	 0.5
9.6732	 0.5
9.6552	 0.5
9.6372	 0.5
9.6194	 0.5
9.6015	 0.5
9.5838	 0.5
9.5661	 0.5
9.5485	 0.5
9.5309	 0.5
9.5135	 0.5
9.496	 0.5
9.4787	 0.5
9.4614	 0.5
9.4441	 0.5
9.427	 0.5
9.4099	 0.5
9.3928	 0.5
9.3758	 0.5
9.3589	 0.5
9.342	 0.5
9.3252	 0.5
9.3085	 0.5
9.2918	 0.5
9.2752	 0.5
9.2586	 0.5
9.2421	 0.5
9.2257	 0.5
9.2093	 0.5
9.193	 0.5
9.1767	 0.5
9.1605	 0.5
9.1443	 0.5
9.1282	 0.5
9.1122	 0.5
9.0962	 0.5
9.0803	 0.5
9.0644	 0.5
9.0486	 0.5
9.0328	 0.5
9.0171	 0.5
9.0015	 0.5
8.9858	 0.5
8.9703	 0.5
8.9548	 0.5
8.9394	 0.5
8.924	 0.5
8.9086	 0.5
8.8934	 0.5
8.8781	 0.5
8.863	 0.5
8.8478	 0.5
8.8328	 0.5
8.8177	 0.5
8.8028	 0.5
8.7879	 0.5
8.773	 0.5
8.7582	 0.5
8.7434	 0.5
8.7287	 0.5
8.714	 0.5
8.6994	 0.5
8.6848	 0.5
8.6703	 0.5
8.6558	 0.5
8.6414	 0.5
8.627	 0.5
8.6127	 0.5
8.5984	 0.5
8.5842	 0.5
8.57	 0.5
8.5558	 0.5
8.5417	 0.5
8.5277	 0.5
8.5137	 0.5
8.4997	 0.5
8.4858	 0.5
8.4719	 0.5
8.4581	 0.5
8.4444	 0.5
8.4306	 0.5
8.4169	 0.5
8.4033	 0.5
8.3897	 0.5
8.3761	 0.5
8.3626	 0.5
8.3492	 0.5
8.3357	 0.5
8.3224	 0.5
8.309	 0.5
8.2957	 0.5
8.2825	 0.5
8.2693	 0.5
8.2561	 0.5
8.243	 0.5
8.2299	 0.5
8.2169	 0.5
8.2038	 0.5
8.1909	 0.5
8.178	 0.5
8.1651	 0.5
8.1523	 0.5
8.1395	 0.5
8.1267	 0.5
8.114	 0.5
8.1013	 0.5
8.0887	 0.5
8.0761	 0.5
8.0635	 0.5
8.051	 0.5
8.0385	 0.5
8.0261	 0.5
8.0137	 0.5
8.0013	 0.5
7.989	 0.5
7.9767	 0.5
7.9644	 0.5
7.9522	 0.5
7.94	 0.5
7.9279	 0.5
7.9158	 0.5
7.9037	 0.5
7.8917	 0.5
7.8797	 0.5
7.8677	 0.5
7.8558	 0.5
7.8439	 0.5
7.8321	 0.5
7.8203	 0.5
7.8085	 0.5
7.7967	 0.5
7.785	 0.5
7.7734	 0.5
7.7617	 0.5
7.7501	 0.5
7.7386	 0.5
7.727	 0.5
7.7155	 0.5
7.7041	 0.5
7.6926	 0.5
7.6812	 0.5
7.6699	 0.5
7.6585	 0.5
7.6472	 0.5
7.636	 0.5
7.6247	 0.5
7.6136	 0.5
7.6024	 0.5
7.5913	 0.5
7.5802	 0.5
7.5691	 0.5
7.5581	 0.5
7.5471	 0.5
7.5361	 0.5
7.5252	 0.5
7.5142	 0.5
7.5034	 0.5
7.4925	 0.5
7.4817	 0.5
7.4709	 0.5
7.4602	 0.5
7.4495	 0.5
7.4388	 0.5
7.4281	 0.5
7.4175	 0.5
7.4069	 0.5
7.3963	 0.5
7.3858	 0.5
7.3753	 0.5
7.3648	 0.5
7.3544	 0.5
7.344	 0.5
7.3336	 0.5
7.3232	 0.5
7.3129	 0.5
7.3026	 0.5
7.2923	 0.5
7.2821	 0.5
7.2718	 0.5
7.2617	 0.5
7.2515	 0.5
7.2414	 0.5
7.2313	 0.5
7.2212	 0.5
7.2112	 0.5
7.2012	 0.5
7.1912	 0.5
7.1812	 0.5
7.1713	 0.5
7.1614	 0.5
7.1515	 0.5
7.1416	 0.5
7.1318	 0.5
7.122	 0.5
7.1123	 0.5
7.1025	 0.5
7.0928	 0.5
7.0831	 0.5
7.0734	 0.5
7.0638	 0.5
7.0542	 0.5
7.0446	 0.5
7.0351	 0.5
7.0255	 0.5
7.016	 0.5
7.0065	 0.5
6.9971	 0.5
6.9877	 0.5
6.9782	 0.5
6.9689	 0.5
6.9595	 0.5
6.9502	 0.5
6.9409	 0.5
6.9316	 0.5
6.9223	 0.5
6.9131	 0.5
6.9039	 0.5
6.8947	 0.5
6.8856	 0.5
6.8764	 0.5
6.8673	 0.5
6.8582	 0.5
6.8492	 0.5
6.8402	 0.5
6.8311	 0.5
6.8221	 0.5
6.8132	 0.5
6.8042	 0.5
6.7953	 0.5
6.7864	 0.5
6.7776	 0.5
6.7687	 0.5
6.7599	 0.5
6.7511	 0.5
6.7423	 0.5
6.7336	 0.5
6.7248	 0.5
6.7161	 0.5
6.7074	 0.5
6.6988	 0.5
6.6901	 0.5
6.6815	 0.5
6.6729	 0.5
6.6643	 0.5
6.6558	 0.5
6.6472	 0.5
6.6387	 0.5
6.6302	 0.5
6.6217	 0.5
6.6133	 0.5
6.6049	 0.5
6.5965	 0.5
6.5881	 0.5
6.5797	 0.5
6.5714	 0.5
6.5631	 0.5
6.5548	 0.5
6.5465	 0.5
6.5382	 0.5
6.53	 0.5
6.5218	 0.5
6.5136	 0.5
6.5054	 0.5
6.4973	 0.5
6.4892	 0.5
6.481	 0.5
6.4729	 0.5
6.4649	 0.5
6.4568	 0.5
6.4488	 0.5
6.4408	 0.5
6.4328	 0.5
6.4248	 0.5
6.4169	 0.5
6.4089	 0.5
6.401	 0.5
6.3931	 0.5
6.3853	 0.5
6.3774	 0.5
6.3696	 0.5
6.3618	 0.5
6.354	 0.5
6.3462	 0.5
6.3384	 0.5
6.3307	 0.5
6.323	 0.5
6.3153	 0.5
6.3076	 0.5
6.2999	 0.5
6.2923	 0.5
6.2847	 0.5
6.277	 0.5
6.2694	 0.5
6.2619	 0.5
6.2543	 0.5
6.2468	 0.5
6.2393	 0.5
6.2318	 0.5
6.2243	 0.5
6.2168	 0.5
6.2094	 0.5
6.202	 0.5
6.1945	 0.5
6.1871	 0.5
6.1798	 0.5
6.1724	 0.5
6.1651	 0.5
6.1578	 0.5
6.1505	 0.5
6.1432	 0.5
6.1359	 0.5
6.1286	 0.5
6.1214	 0.5
6.1142	 0.5
6.107	 0.5
6.0998	 0.5
6.0926	 0.5
6.0855	 0.5
6.0784	 0.5
6.0712	 0.5
6.0641	 0.5
6.0571	 0.5
6.05	 0.5
6.0429	 0.5
6.0359	 0.5
6.0289	 0.5
6.0219	 0.5
6.0149	 0.5
6.0079	 0.5
6.001	 0.5
5.994	 0.5
5.9871	 0.5
5.9802	 0.5001482017044491
5.9733	 0.501695373724891
5.9664	 0.5030783102386388
5.9596	 0.5045695618627202
5.9527	 0.5062871475417816
5.9459	 0.5082962586858494
5.9391	 0.5103728343551668
5.9323	 0.5126410970871861
5.9255	 0.5151169224682569
5.9188	 0.5178628259901566
5.912	 0.5208988683190582
5.9053	 0.5240054701194394
5.8986	 0.5269753022583146
5.8919	 0.5300057613741451
5.8852	 0.5333456112353402
5.8785	 0.539239247207361
5.8718	 0.542750668906942
5.8652	 0.5462680996626971
5.8586	 0.5498333594460666
5.852	 0.5533809160237884
5.8454	 0.5570276877479178
5.8388	 0.5608555275470439
5.8322	 0.564594467476881
5.8257	 0.5681973010691538
5.8191	 0.5718281281071266
5.8126	 0.57554136206989
5.8061	 0.5792658656606446
5.7996	 0.582961298902624
5.7931	 0.5866982091520028
5.7866	 0.5916596969929782
5.7802	 0.5948362653608509
5.7738	 0.5973015114495022
5.7673	 0.599060181771445
5.7609	 0.6003873540886134
5.7545	 0.6014664853844308
5.7481	 0.6021379239032669
5.7418	 0.6024921758099813
5.7354	 0.6026023820049449
5.7291	 0.6023251315625995
5.7228	 0.6017101072650951
5.7165	 0.6006060134980695
5.7102	 0.5990769190648348
5.7039	 0.5979072172317954
5.6976	 0.5963247888428349
5.6914	 0.5944124804934174
5.6851	 0.5920102109334774
5.6789	 0.5904568652550157
5.6727	 0.5878360746303124
5.6665	 0.5852029036074003
5.6603	 0.5824919463271742
5.6541	 0.579730810864148
5.648	 0.5768597732993423
5.6418	 0.5736454311364262
5.6357	 0.570232544659568
5.6296	 0.5669424806370988
5.6235	 0.5637236395769204
5.6174	 0.5604901970441282
5.6113	 0.5570743625316441
5.6052	 0.5536179356420672
5.5992	 0.5501223849583732
5.5931	 0.546527199205065
5.5871	 0.5453135523201931
5.5811	 0.541839594662991
5.5751	 0.5385274685059207
5.5691	 0.5355274084144838
5.5631	 0.5327980159192511
5.5572	 0.5301333030976648
5.5512	 0.527624747339097
5.5453	 0.525290304516247
5.5393	 0.5230299398845063
5.5334	 0.5208620253814509
5.5275	 0.518794848697481
5.5217	 0.5168136658129939
5.5158	 0.5150965344679533
5.5099	 0.5135798733919187
5.5041	 0.5131273556653192
5.4982	 0.5116104303644851
5.4924	 0.5102861032994886
5.4866	 0.5092722246855103
5.4808	 0.5083801864126474
5.475	 0.5075334543706258
5.4692	 0.5066399640110839
5.4635	 0.5055288437891398
5.4577	 0.5046727153674548
5.452	 0.5038795801843401
5.4463	 0.5032912370810864
5.4405	 0.5029593221561183
5.4348	 0.5026898074154481
5.4291	 0.5024417686162411
5.4235	 0.5021887742412691
5.4178	 0.5022915580965759
5.4121	 0.5021700124582354
5.4065	 0.5021425081867319
5.4009	 0.5020834190605191
5.3952	 0.502096507126705
5.3896	 0.5026082598001064
5.384	 0.5027166312056298
5.3785	 0.5029926920252792
5.3729	 0.5033539469462261
5.3673	 0.503712909615878
5.3618	 0.5041202000768851
5.3562	 0.5045465978389335
5.3507	 0.5049787077483053
5.3452	 0.5054776301456847
5.3397	 0.5059643892354226
5.3342	 0.5065855400734287
5.3287	 0.5072464126831803
5.3232	 0.5086114510402184
5.3178	 0.5095301509107015
5.3123	 0.510352557650936
5.3069	 0.5111251010215299
5.3015	 0.5119229338761399
5.2961	 0.5126819841053266
5.2907	 0.5133689633932419
5.2852	 0.5140100134721984
5.2799	 0.5146882033276821
5.2745	 0.5153198495785473
5.2691	 0.5160044874122854
5.2638	 0.5167260626046548
5.2584	 0.5174003839169058
5.2531	 0.5179196543429138
5.2478	 0.5183300556091676
5.2425	 0.5186369768000129
5.2372	 0.518919225189645
5.2319	 0.5191114519335707
5.2267	 0.5191766304495725
5.2214	 0.5192155674625452
5.2161	 0.5192228848752762
5.2109	 0.5190624439203201
5.2057	 0.5188037556721613
5.2004	 0.5185813390806847
5.1952	 0.5183198331678653
5.19	 0.5177448752079017
5.1848	 0.5173144329937471
5.1796	 0.5168756600490036
5.1745	 0.5163289516358138
5.1693	 0.5157799128019879
5.1642	 0.5151873491823752
5.159	 0.5144571963580648
5.1539	 0.5137131363616161
5.1488	 0.5129718029967081
5.1437	 0.512204324407029
5.1386	 0.5114172786160329
5.1335	 0.5105516106925893
5.1284	 0.5094772379729963
5.1234	 0.508710167547333
5.1183	 0.5076284290929727
5.1132	 0.5066134706854386
5.1082	 0.5056413695727758
5.1032	 0.5046667216616733
5.0982	 0.503670208742549
5.0932	 0.5027326594647292
5.0882	 0.5018847006960818
5.0832	 0.501056885811756
5.0782	 0.5002887638223505
5.0732	 0.49961501406233044
5.0683	 0.4989568009327249
5.0633	 0.49828786604724234
5.0584	 0.49760052311845043
5.0534	 0.49750416622744675
5.0485	 0.49704277931036195
5.0436	 0.4966265406303848
5.0387	 0.4961745834928263
5.0338	 0.49565382700361277
5.0289	 0.4951907889283368
5.0241	 0.4948006677707849
5.0192	 0.4943700635689712
5.0144	 0.49391745683425764
5.0095	 0.49334808595066865
5.0047	 0.49298839415144396
4.9998	 0.4925477031284343
4.995	 0.49216024090605326
4.9902	 0.49193039247182835
4.9854	 0.49162116380305526
4.9806	 0.491214750031141
4.9759	 0.49076957466864674
4.9711	 0.4903317530203459
4.9663	 0.4898602194641952
4.9616	 0.4894316196830681
4.9568	 0.48899895250734465
4.9521	 0.48810752680165786
4.9474	 0.48758073824963966
4.9426	 0.48696510263621556
4.9379	 0.4863825926384466
4.9332	 0.4858889269562763
4.9286	 0.4852838622700624
4.9239	 0.48480535568562383
4.9192	 0.48435694442933064
4.9145	 0.48382741293819975
4.9099	 0.4832556501089547
4.9052	 0.48267867954278454
4.9006	 0.48167387361886005
4.896	 0.48109827331510047
4.8914	 0.4804615854936484
4.8867	 0.4798044345681495
4.8821	 0.47913113319934547
4.8776	 0.4784150257487214
4.873	 0.47761295668588266
4.8684	 0.4767296429771845
4.8638	 0.47595203737289177
4.8593	 0.47528721497199045
4.8547	 0.47461225234051874
4.8502	 0.4738757708521901
4.8456	 0.4727643053185495
4.8411	 0.47196144277971325
4.8366	 0.4712485455665552
4.8321	 0.47060020035025435
4.8276	 0.469941701256942
4.8231	 0.46932264483650016
4.8186	 0.4688865963362713
4.8141	 0.4684487080468451
4.8097	 0.46792308984578124
4.8052	 0.46745013900465626
4.8008	 0.4671083505958313
4.7963	 0.46655653184505047
4.7919	 0.4661730959278451
4.7875	 0.46578035626644665
4.7831	 0.4655784698855058
4.7786	 0.46554751587640764
4.7743	 0.46545833017234384
4.7699	 0.4652958385434281
4.7655	 0.4651995333335569
4.7611	 0.4652318130627675
4.7567	 0.46539727663953967
4.7524	 0.4652914137736485
4.748	 0.4651385412108155
4.7437	 0.4654292337617727
4.7393	 0.46581055795974313
4.735	 0.46615991268782153
4.7307	 0.46642379755432883
4.7264	 0.4666335238094174
4.7221	 0.46688328286000225
4.7178	 0.46716331384943904
4.7135	 0.4674736864083367
4.7092	 0.4677963057988395
4.7049	 0.4682239005708639
4.7007	 0.4682566075945809
4.6964	 0.4684642071317099
4.6922	 0.4689075271061982
4.6879	 0.46932178727869306
4.6837	 0.4696812160582746
4.6795	 0.47006010291812345
4.6752	 0.47054369818434505
4.671	 0.4711135618599229
4.6668	 0.47165486645628696
4.6626	 0.47214129522523407
4.6584	 0.4726010564552142
4.6543	 0.4730917272782063
4.6501	 0.47362286554599997
4.6459	 0.4736770815910365
4.6418	 0.47429795490547505
4.6376	 0.47492565321839375
4.6334	 0.475580177310329
4.6293	 0.4762240153622522
4.6252	 0.47688558515166446
4.6211	 0.4774920798573525
4.617	 0.47804013074488666
4.6128	 0.478670953841546
4.6087	 0.47946637245635493
4.6047	 0.4801081151513899
4.6006	 0.4807155903234615
4.5965	 0.48095562753578075
4.5924	 0.4817068860668898
4.5884	 0.4825049351257787
4.5843	 0.4831987364848921
4.5802	 0.4837873149410245
4.5762	 0.48443589140254617
4.5722	 0.4853111902136752
4.5681	 0.48625904903071415
4.5641	 0.48725855686912944
4.5601	 0.4879113618156355
4.5561	 0.4885569236941929
4.5521	 0.48933325371370084
4.5481	 0.48985555000637726
4.5441	 0.49056427490313
4.5401	 0.4912367354984749
4.5362	 0.49192134866996334
4.5322	 0.49259520571582116
4.5282	 0.493336623636865
4.5243	 0.49418448251723
4.5203	 0.4952078798147552
4.5164	 0.49594353731033086
4.5125	 0.496745304561003
4.5085	 0.49751376089133675
4.5046	 0.4981738867411355
4.5007	 0.49886990819886895
4.4968	 0.4993381929593674
4.4929	 0.499983914654402
4.489	 0.5005645849068192
4.4851	 0.5012465223083731
4.4813	 0.5018827838964823
4.4774	 0.5024437159972467
4.4735	 0.5028553516763721
4.4697	 0.5032079203752216
4.4658	 0.5035817997855155
4.462	 0.503942913604433
4.4581	 0.5041982802602286
4.4543	 0.5043719587446527
4.4505	 0.5042696811951162
4.4467	 0.5044409178408908
4.4429	 0.5045215794792719
4.4391	 0.5042750412502693
4.4353	 0.5042160130611428
4.4315	 0.5040865500382182
4.4277	 0.5038636631887881
4.4239	 0.5034988338531463
4.4201	 0.5031206135197732
4.4164	 0.5026737971868874
4.4126	 0.5020795161221214
4.4089	 0.5012423969388761
4.4051	 0.5004322316484342
4.4014	 0.49856169669145095
4.3976	 0.4975256281953679
4.3939	 0.4964338156848885
4.3902	 0.49528404602110565
4.3865	 0.49406724100961535
4.3828	 0.49292048074556644
4.3791	 0.4917914118102434
4.3754	 0.49053184870220584
4.3717	 0.48915903232715136
4.368	 0.48778884867679084
4.3643	 0.48583512293549125
4.3607	 0.4846372182639084
4.357	 0.4835504625332852
4.3533	 0.4824532347505427
4.3497	 0.48138677237706184
4.346	 0.48035698136695215
4.3424	 0.4793612953363546
4.3388	 0.478327057672367
4.3351	 0.47723822240765146
4.3315	 0.47616739592335605
4.3279	 0.47483566826096085
4.3243	 0.47366131375898024
4.3207	 0.47266965143057654
4.3171	 0.471657824867123
4.3135	 0.4706413760582103
4.3099	 0.46950735750983835
4.3063	 0.4684114971630409
4.3028	 0.46737616585574804
4.2992	 0.4662882207520882
4.2956	 0.46512860480214824
4.2921	 0.46394220100005595
4.2885	 0.46291121517247236
4.285	 0.46184603049243583
4.2815	 0.46105422892614767
4.2779	 0.46003558403929756
4.2744	 0.45905853314254447
4.2709	 0.4581531993582585
4.2674	 0.45729563902606635
4.2638	 0.45644766529623704
4.2603	 0.4556339200098357
4.2568	 0.45468743298424574
4.2534	 0.45399519846422737
4.2499	 0.4532598085258201
4.2464	 0.4525475027043662
4.2429	 0.4518679772654565
4.2394	 0.4513125821381323
4.236	 0.4507258168998301
4.2325	 0.45021156008738705
4.2291	 0.44980645993555246
4.2256	 0.4496089140313665
4.2222	 0.4493194881652899
4.2187	 0.4492837138210553
4.2153	 0.4493650222263336
4.2119	 0.44963053772265726
4.2085	 0.45011195701856416
4.2051	 0.4508439825546428
4.2016	 0.45168214274778806
4.1982	 0.45268384717818155
4.1948	 0.4537077482432084
4.1915	 0.45476085180706227
4.1881	 0.45573617617391765
4.1847	 0.4569644723845668
4.1813	 0.45808364793901063
4.178	 0.45911089671180155
4.1746	 0.4601077704370688
4.1712	 0.46108374206752883
4.1679	 0.46207930192874724
4.1645	 0.4626197227034938
4.1612	 0.46346240351352974
4.1578	 0.46410916492612403
4.1545	 0.46489901768405245
4.1512	 0.46562856052544616
4.1479	 0.4662152821507223
4.1445	 0.46666880050578907
4.1412	 0.4671382256450892
4.1379	 0.4677502222110154
4.1346	 0.46845189613818866
4.1313	 0.4691755820211903
4.128	 0.4693310866309988
4.1248	 0.4702915702581998
4.1215	 0.4711149872210495
4.1182	 0.47190209124568305
4.115	 0.4726826821820494
4.1117	 0.47359593043992754
4.1084	 0.4746141431273913
4.1052	 0.4757175987100656
4.1019	 0.4769049017540212
4.0987	 0.4782747274070953
4.0954	 0.4805944908373148
4.0922	 0.48131543733239457
4.089	 0.4827805041598002
4.0858	 0.4843498153803331
4.0826	 0.4859095522600781
4.0793	 0.48750069400415513
4.0761	 0.48922488092848726
4.0729	 0.4910348465117462
4.0697	 0.4928849230131831
4.0665	 0.4947230095486838
4.0633	 0.4974905956349202
4.0602	 0.49941159434333043
4.057	 0.5007009302788643
4.0538	 0.5025304708879135
4.0507	 0.5044388222313564
4.0475	 0.5063723504473472
4.0443	 0.5082375333645962
4.0412	 0.5100837549973015
4.038	 0.5119707037107443
4.0349	 0.5138228249901576
4.0317	 0.5162371579490931
4.0286	 0.5179509287991148
4.0255	 0.5195575698542296
4.0224	 0.5208190846426076
4.0193	 0.5224316070562379
4.0161	 0.524034473474307
4.013	 0.5255486668379655
4.0099	 0.526918566116816
4.0068	 0.5280918270757898
4.0037	 0.5294258311016276
4.0006	 0.5303881253546756
3.9976	 0.5313662797452576
3.9945	 0.5324204693717481
3.9914	 0.5334213207517594
3.9883	 0.5345582607016384
3.9853	 0.5352755029061613
3.9822	 0.5360022389847536
3.9792	 0.5368645817477248
3.9761	 0.5380168747134233
3.9731	 0.5390295835105243
3.97	 0.5399953615878378
3.967	 0.5409414633991203
3.9639	 0.5419843568311965
3.9609	 0.5430149911912929
3.9579	 0.5439693230893334
3.9549	 0.5448828432598275
3.9519	 0.5457583158492013
3.9489	 0.5467768930953608
3.9458	 0.547744456901838
3.9428	 0.5487470352184741
3.9398	 0.5496381747018019
3.9369	 0.5503321661951847
3.9339	 0.5509695528114635
3.9309	 0.5515775558694558
3.9279	 0.5522258654250595
3.9249	 0.5525620423331714
3.922	 0.5531301746941134
3.919	 0.5536007505707584
3.916	 0.5540213236948135
3.9131	 0.5543840673077898
3.9101	 0.5546805263370544
3.9072	 0.5548623860300392
3.9042	 0.5549208692493892
3.9013	 0.5548150461244321
3.8984	 0.5545343580607441
3.8954	 0.5540562389683621
3.8925	 0.553642740582461
3.8896	 0.5531790863154652
3.8867	 0.5526512005570187
3.8838	 0.5520944323478751
3.8809	 0.5515251266255728
3.878	 0.5508889820005578
3.8751	 0.5501015612454051
3.8722	 0.5491990953543638
3.8693	 0.5484127347992035
3.8664	 0.5474707754977616
3.8635	 0.5466084418039062
3.8606	 0.5455954933969532
3.8578	 0.5445250395507095
3.8549	 0.5435263101950876
3.852	 0.5424955930256449
3.8492	 0.5414303542626544
3.8463	 0.5404291426061598
3.8435	 0.5395593159589802
3.8406	 0.5385317356405842
3.8378	 0.5375099385808916
3.8349	 0.536494739473853
3.8321	 0.5358417190874656
3.8293	 0.534776591541618
3.8264	 0.5337032298472528
3.8236	 0.5326161586117281
3.8208	 0.5315321821220588
3.818	 0.5303937016042287
3.8152	 0.5293305693901169
3.8124	 0.5283248473716111
3.8096	 0.5273435482870209
3.8068	 0.5263060608067986
3.804	 0.5258526855490194
3.8012	 0.5248223819343937
3.7984	 0.5237239991853216
3.7956	 0.5223846094699104
3.7929	 0.5211492217529552
3.7901	 0.5199570719005984
3.7873	 0.5189119735556252
3.7845	 0.5179598456110123
3.7818	 0.516977288765978
3.779	 0.5158875132036186
3.7763	 0.5154151813179331
3.7735	 0.5142006700507538
3.7708	 0.5126433142754101
3.7681	 0.5115183627835131
3.7653	 0.5103066155497652
3.7626	 0.5090576756595205
3.7599	 0.507908531680405
3.7571	 0.5067839633776635
3.7544	 0.5056471343311422
3.7517	 0.5045073545748334
3.749	 0.5039907556194464
3.7463	 0.5023954058465459
3.7436	 0.5012256694176785
3.7409	 0.500139611401883
3.7382	 0.4991725994116294
3.7355	 0.49824334127941167
3.7328	 0.4972616770931577
3.7301	 0.4962385463094646
3.7274	 0.49511544072620167
3.7247	 0.4935745893824879
3.7221	 0.4930321129206852
3.7194	 0.4919857640175341
3.7167	 0.490941628929524
3.7141	 0.48987904485594924
3.7114	 0.48875673706000056
3.7088	 0.48762816139296544
3.7061	 0.486538629890199
3.7035	 0.4854162982501892
3.7008	 0.4838537314142874
3.6982	 0.48283346061996213
3.6955	 0.48193578674890264
3.6929	 0.48095918692911926
3.6903	 0.47998067369809505
3.6877	 0.4790040111916578
3.685	 0.47798784894968205
3.6824	 0.476925195642399
3.6798	 0.47583479769893117
3.6772	 0.4742968533165399
3.6746	 0.473261737973782
3.672	 0.4723022781584048
3.6694	 0.4712054320692896
3.6668	 0.47018667258512803
3.6642	 0.4691405466323763
3.6616	 0.46808913184584344
3.659	 0.4670424632297476
3.6564	 0.4654002696701169
3.6539	 0.46425322841513184
3.6513	 0.46319200700752916
3.6487	 0.46211392721348904
3.6462	 0.4609141617397472
3.6436	 0.4597503201473753
3.641	 0.458723252311959
3.6385	 0.45769033568918904
3.6359	 0.45609312492248094
3.6334	 0.455035053024971
3.6308	 0.4540365575571432
3.6283	 0.4530630935632777
3.6258	 0.45207741450876426
3.6232	 0.45109681356849535
3.6207	 0.45007823288887905
3.6182	 0.44906655964253067
3.6156	 0.4480163795621754
3.6131	 0.44637648837637217
3.6106	 0.4452958326522874
3.6081	 0.444368498419255
3.6056	 0.4435317192745019
3.6031	 0.44265867698919686
3.6006	 0.44184293125248125
3.5981	 0.44103868327180307
3.5956	 0.44022992282710444
3.5931	 0.43902463215079707
3.5906	 0.4383312009384368
3.5881	 0.43759658868206247
3.5856	 0.4367911285379816
3.5832	 0.43600782860675624
3.5807	 0.4353432363262301
3.5782	 0.4347769204178004
3.5758	 0.4342806155892248
3.5733	 0.4338292282838014
3.5708	 0.43306614027135654
3.5684	 0.4325744515535664
3.5659	 0.4321273149064842
3.5635	 0.4317557287757166
3.561	 0.43136325467031617
3.5586	 0.43094576702368015
3.5561	 0.43056975636058764
3.5537	 0.43025944475717237
3.5513	 0.42972504633262104
3.5488	 0.42947092420157573
3.5464	 0.42925052797671054
3.544	 0.4290610667248387
3.5415	 0.4288604460972208
3.5391	 0.4286122279672658
3.5367	 0.42832221738587145
3.5343	 0.4280693740019043
3.5319	 0.42764321111603026
3.5295	 0.42749797338998535
3.5271	 0.4274339223916565
3.5247	 0.42726273970439854
3.5223	 0.42713825682177153
3.5199	 0.4270451624752074
3.5175	 0.42701242349906865
3.5151	 0.42684697729761745
3.5128	 0.4269001597718851
3.5104	 0.4269843937997476
3.508	 0.4270457214879648
3.5056	 0.4272247855732322
3.5033	 0.42750961304321883
3.5009	 0.4274829486738036
3.4985	 0.4277524993756141
3.4962	 0.42800320590604984
3.4938	 0.4281383702471669
3.4915	 0.42842134076216865
3.4891	 0.4287390592981578
3.4868	 0.4291209856436536
3.4844	 0.4295342933074429
3.4821	 0.42997104968897715
3.4798	 0.4304569986448315
3.4774	 0.430438189438985
3.4751	 0.43096644805879386
3.4728	 0.4314588477889471
3.4704	 0.43193816954025177
3.4681	 0.4324749841465149
3.4658	 0.4330612843023063
3.4635	 0.4336952647822386
3.4612	 0.43440541056207516
3.4589	 0.43517556550623
3.4566	 0.4354391269795287
3.4543	 0.43635297983695176
3.452	 0.43721727267031435
3.4497	 0.43805810762391834
3.4474	 0.4389566196484529
3.4451	 0.4398596737923602
3.4428	 0.4406477449892918
3.4405	 0.44140062670240265
3.4382	 0.4422785547804557
3.4359	 0.44262956993267416
3.4337	 0.44356846958109963
3.4314	 0.44448070222294733
3.4291	 0.4453797846113648
3.4269	 0.4462901904513251
3.4246	 0.44723431760335713
3.4223	 0.44821704646186916
3.4201	 0.4492087592569123
3.4178	 0.4501935368148373
3.4156	 0.45125546120818755
3.4133	 0.4517653561560875
3.4111	 0.4529094868276848
3.4088	 0.45395092646063084
3.4066	 0.4548829188917473
3.4043	 0.4558570041983984
3.4021	 0.4568544413008402
3.3999	 0.4578173542086476
3.3977	 0.4588227476304509
3.3954	 0.4598406053357879
3.3932	 0.46027553208278077
3.391	 0.4612402137779594
3.3888	 0.4621703240065021
3.3866	 0.4631301798941109
3.3844	 0.46410242659482775
3.3822	 0.4650059429563125
3.3799	 0.4658707830883935
3.3777	 0.4667211479214636
3.3755	 0.4675107178956632
3.3733	 0.4683059506941762
3.3712	 0.46865137999521816
3.369	 0.46945761179235707
3.3668	 0.4702527649147798
3.3646	 0.4710148288438663
3.3624	 0.4717698105272295
3.3602	 0.4725404308344342
3.358	 0.4733022907195388
3.3559	 0.4740286431657273
3.3537	 0.4747407512999879
3.3515	 0.47501658031007254
3.3494	 0.4757236381451365
3.3472	 0.4764128603038644
3.3451	 0.4770657028040102
3.3429	 0.47770201294999143
3.3407	 0.4783714152343573
3.3386	 0.4790495403729692
3.3364	 0.4797392001972698
3.3343	 0.4804187228670878
3.3321	 0.48063261833296733
3.33	 0.4813165824173937
3.3279	 0.48197441189337287
3.3257	 0.4825851776060761
3.3236	 0.48321173857643324
3.3215	 0.4838709387152053
3.3194	 0.48448471348605315
3.3172	 0.48508766513053314
3.3151	 0.48525027669506304
3.313	 0.48584197973892207
3.3109	 0.48641193963517587
3.3088	 0.4870095657902532
3.3066	 0.4876146342575727
3.3045	 0.4881424822429983
3.3024	 0.48863297256146926
3.3003	 0.4891474675824264
3.2982	 0.48966406884330727
3.2961	 0.49019194687356454
3.294	 0.4902988108021018
3.292	 0.4908300258507867
3.2899	 0.491324487722941
3.2878	 0.4917649155273765
3.2857	 0.4922331598302828
3.2836	 0.4926994434202401
3.2815	 0.49313905102429023
3.2795	 0.4935715019226033
3.2774	 0.49364124635783707
3.2753	 0.4940404212554694
3.2732	 0.4944331644968406
3.2712	 0.4948858826057574
3.2691	 0.4953219411649241
3.2671	 0.49570767079874356
3.265	 0.4960930840232583
3.263	 0.4964315259592009
3.2609	 0.49672090901073085
3.2588	 0.4969892840119086
3.2568	 0.4970218142624006
3.2548	 0.49722005635888694
3.2527	 0.49740466176540615
3.2507	 0.4976183046625909
3.2486	 0.4978391747988421
3.2466	 0.4980162767069651
3.2446	 0.49823389208491925
3.2426	 0.4985067909994807
3.2405	 0.49871598600120554
3.2385	 0.4987297575278783
3.2365	 0.4988813843355642
3.2345	 0.4990255141184316
3.2324	 0.4991584976022809
3.2304	 0.499300058882198
3.2284	 0.49944801754566936
3.2264	 0.49955803432961204
3.2244	 0.49964854280520427
3.2224	 0.4996522791113402
3.2204	 0.4997226099417028
3.2184	 0.49980860751285233
3.2164	 0.49989919792312104
3.2144	 0.4999158908363279
3.2124	 0.4999158908363279
3.2104	 0.4999208570126322
3.2084	 0.49996010692831494
3.2064	 0.4999999999999999
3.2045	 0.4999999999999999
3.2025	 0.4999999999999999
3.2005	 0.49999999999999983
3.1985	 0.49999999999999983
3.1966	 0.49999999999999983
3.1946	 0.49999999999999983
3.1926	 0.49999999999999983
3.1907	 0.49999999999999983
3.1887	 0.49999999999999983
3.1867	 0.49999999999999983
3.1848	 0.49999999999999983
3.1828	 0.49999999999999983
3.1809	 0.49999999999999983
3.1789	 0.49999999999999983
3.177	 0.49999999999999983
3.175	 0.49999999999999983
3.1731	 0.49999999999999983
3.1711	 0.49999999999999983
3.1692	 0.49999999999999983
3.1673	 0.49999999999999983
3.1653	 0.49999999999999983
3.1634	 0.49999999999999983
3.1615	 0.49999999999999983
3.1596	 0.49999999999999983
3.1576	 0.49999999999999983
3.1557	 0.49999999999999983
3.1538	 0.49999999999999983
3.1519	 0.49999999999999983
3.15	 0.49999999999999983
3.1481	 0.49999999999999983
3.1461	 0.49999999999999983
3.1442	 0.49999999999999983
3.1423	 0.49999999999999983
3.1404	 0.49999999999999983
3.1385	 0.49999999999999983
3.1366	 0.49999999999999983
3.1347	 0.49999999999999983
3.1328	 0.49999999999999983
3.1309	 0.49999999999999983
3.129	 0.49999999999999983
3.1272	 0.49999999999999983
3.1253	 0.49999999999999983
3.1234	 0.49999999999999983
3.1215	 0.49999999999999983
3.1196	 0.49999999999999983
3.1178	 0.49999999999999983
3.1159	 0.4999999999999997
3.114	 0.4999999999999997
3.1121	 0.4999999999999997
3.1103	 0.4999999999999997
3.1084	 0.4999999999999997
3.1065	 0.4999999999999997
3.1047	 0.4999999999999997
3.1028	 0.4999999999999997
3.101	 0.4999999999999997
3.0991	 0.4999999999999997
3.0973	 0.4999999999999997
3.0954	 0.4999999999999997
3.0936	 0.4999999999999997
3.0917	 0.49999999999999967
3.0899	 0.49999999999999967
3.088	 0.49999999999999967
3.0862	 0.49999999999999967
3.0844	 0.49999999999999967
3.0825	 0.49999999999999967
3.0807	 0.49999999999999967
3.0789	 0.49999999999999967
3.077	 0.49999999999999967
3.0752	 0.49999999999999967
3.0734	 0.49999999999999967
3.0716	 0.49999999999999967
3.0698	 0.49999999999999967
3.068	 0.49999999999999967
3.0661	 0.49999999999999967
3.0643	 0.49999999999999967
3.0625	 0.49999999999999967
3.0607	 0.49999999999999967
3.0589	 0.49999999999999967
3.0571	 0.49999999999999967
3.0553	 0.49999999999999967
3.0535	 0.49999999999999967
3.0517	 0.49999999999999967
3.0499	 0.49999999999999967
3.0481	 0.49999999999999967
3.0463	 0.49999999999999967
3.0445	 0.49999999999999967
3.0427	 0.4999999999999997
3.041	 0.49999999999999967
3.0392	 0.49999999999999967
3.0374	 0.49999999999999967
3.0356	 0.49999999999999967
3.0338	 0.49999999999999967
3.0321	 0.49999999999999967
3.0303	 0.49999999999999967
3.0285	 0.49999999999999967
3.0268	 0.49999999999999967
3.025	 0.49999999999999967
3.0232	 0.49999999999999967
3.0215	 0.49999999999999967
3.0197	 0.49999999999999967
3.0179	 0.49999999999999967
3.0162	 0.49999999999999967
3.0144	 0.49999999999999967
3.0127	 0.49999999999999967
3.0109	 0.49999999999999967
3.0092	 0.49999999999999967
3.0074	 0.49999999999999967
3.0057	 0.49999999999999967
3.004	 0.49999999999999967
3.0022	 0.49999999999999967
3.0005	 0.4999999999999997
2.9987	 0.4999999999999997
2.997	 0.4999999999999997
2.9953	 0.4999999999999997
2.9935	 0.4999999999999997
2.9918	 0.4999999999999997
2.9901	 0.4999999999999997
2.9884	 0.4999999999999997
2.9867	 0.4999999999999997
2.9849	 0.4999999999999997
2.9832	 0.4999999999999997
2.9815	 0.49999999999999967
2.9798	 0.49999999999999967
2.9781	 0.49999999999999967
2.9764	 0.49999999999999967
2.9747	 0.49999999999999967
2.9729	 0.49999999999999967
2.9712	 0.49999999999999967
2.9695	 0.49999999999999967
2.9678	 0.49999999999999967
2.9661	 0.49999999999999967
2.9645	 0.49999999999999967
2.9628	 0.49999999999999967
2.9611	 0.49999999999999967
2.9594	 0.49999999999999967
2.9577	 0.49999999999999967
2.956	 0.49999999999999967
2.9543	 0.49999999999999967
2.9526	 0.49999999999999967
2.951	 0.49999999999999967
2.9493	 0.49999999999999967
2.9476	 0.49999999999999967
2.9459	 0.49999999999999967
2.9442	 0.49999999999999967
2.9426	 0.4999999999999997
2.9409	 0.500064219019607
2.9392	 0.5003167738267933
2.9376	 0.5006994898953047
2.9359	 0.5017303157279035
2.9343	 0.5024687349457798
2.9326	 0.5033377829527041
2.9309	 0.5043390459665565
2.9293	 0.5054575891122572
2.9276	 0.506729862775631
2.926	 0.5081583999450566
2.9243	 0.5114927041795964
2.9227	 0.5134603636174461
2.921	 0.5155717901888541
2.9194	 0.5178318258400487
2.9177	 0.5202388236444747
2.9161	 0.5227904233806074
2.9145	 0.5280515988975454
2.9128	 0.5309575304645132
2.9112	 0.534061735348643
2.9096	 0.5373368817003743
2.9079	 0.5407114950579652
2.9063	 0.544172262761571
2.9047	 0.5477046955926637
2.903	 0.5547864989137415
2.9014	 0.5586758000384583
2.8998	 0.5626493984324296
2.8982	 0.5666507473745989
2.8966	 0.5707576108125035
2.8949	 0.5749548296039285
2.8933	 0.582958504444022
2.8917	 0.5872143795067828
2.8901	 0.5914609036674426
2.8885	 0.5957213119206648
2.8869	 0.6000172466452022
2.8853	 0.604360567309855
2.8837	 0.6087228408987185
2.8821	 0.6167776877630748
2.8805	 0.6211050158679691
2.8789	 0.6254379423888494
2.8773	 0.629766095345396
2.8757	 0.6341064900632039
2.8741	 0.6384007578554842
2.8725	 0.6460694134587118
2.8709	 0.6503178285115759
2.8693	 0.6545302668619959
2.8677	 0.6586207666100988
2.8661	 0.6626795220336159
2.8645	 0.666713318834764
2.863	 0.6706911783171849
2.8614	 0.6775634194706834
2.8598	 0.6813259555575663
2.8582	 0.6850465091125735
2.8567	 0.688709278834698
2.8551	 0.6923214599371291
2.8535	 0.6958705511186627
2.8519	 0.7019802090212659
2.8504	 0.7053969630590954
2.8488	 0.7087626940730631
2.8472	 0.7120673308217451
2.8457	 0.7153296115997377
2.8441	 0.7185526718790302
2.8426	 0.7217117007737897
2.841	 0.7270100461274138
2.8394	 0.7300421163503091
2.8379	 0.7330339122283702
2.8363	 0.7359876969368344
2.8348	 0.7388861135423339
2.8332	 0.7417477733533354
2.8317	 0.7464673616492331
2.8302	 0.749246950219797
2.8286	 0.7519687343394175
2.8271	 0.7546444363289802
2.8255	 0.7572947899740234
2.824	 0.759884879023766
2.8224	 0.7640288265178393
2.8209	 0.7665046029510764
2.8194	 0.7689480421305585
2.8178	 0.7713403274810428
2.8163	 0.7737079240530997
2.8148	 0.7760347458610483
2.8133	 0.7796597927068813
2.8117	 0.7818456127574331
2.8102	 0.7839952215655573
2.8087	 0.7861156774577234
2.8072	 0.7881997260471911
2.8056	 0.7902577025908506
2.8041	 0.7922850126101477
2.8026	 0.7953341846097406
2.8011	 0.7972333090710816
2.7996	 0.7990929063529044
2.7981	 0.8009114399110628
2.7966	 0.8027053302822358
2.7951	 0.8044933813820925
2.7936	 0.8071739899193144
2.7921	 0.8088521385818171
2.7906	 0.8104972798402929
2.789	 0.8121207445621648
2.7875	 0.8137210899012903
2.786	 0.8152988162212136
2.7845	 0.8175980483637227
2.7831	 0.8191334959538132
2.7816	 0.8206408073442002
2.7801	 0.8221241371157809
2.7786	 0.8235826761083153
2.7771	 0.8250284262277315
2.7756	 0.827072193547417
2.7741	 0.828455912236029
2.7726	 0.8298236461415021
2.7712	 0.8311616047385089
2.7697	 0.8324811417941987
2.7682	 0.8337846743422849
2.7667	 0.8350666951964992
2.7652	 0.8368179669085601
2.7638	 0.8380511724733009
2.7623	 0.8392668886936879
2.7608	 0.8404656368413944
2.7594	 0.841637648045624
2.7579	 0.8431681361330762
2.7564	 0.8442786327641476
2.755	 0.8453704392074021
2.7535	 0.8464419423146319
2.752	 0.8474943209878896
2.7506	 0.8485287224056252
2.7491	 0.8498441592663009
2.7477	 0.8508352204203772
2.7462	 0.851807909767966
2.7447	 0.8527661510010391
2.7433	 0.8537124748533416
2.7418	 0.8546425870394428
2.7404	 0.8555153758934259
2.7389	 0.8564813018228887
2.7375	 0.8571504414852374
2.7361	 0.8577678063066766
2.7346	 0.8582987164491734
2.7332	 0.8587341608794625
2.7317	 0.8590894055487205
2.7303	 0.859517315956952
2.7289	 0.8597117615087053
2.7274	 0.859817784978954
2.726	 0.8598328546840172
2.7246	 0.8597782659513069
2.7231	 0.8595697339301388
2.7217	 0.8593813094303945
2.7203	 0.8589927897311511
2.7188	 0.8585186884603473
2.7174	 0.8579524772974261
2.716	 0.8572943554403445
2.7146	 0.8566506975382465
2.7132	 0.8559282935788615
2.7117	 0.8550273177955908
2.7103	 0.8540009207078589
2.7089	 0.8528671338557658
2.7075	 0.8516599769074966
2.7061	 0.8503835631626723
2.7047	 0.8490887136410058
2.7033	 0.847817249522455
2.7018	 0.8462805920209655
2.7004	 0.844647922723108
2.699	 0.842941135387353
2.6976	 0.8411778865412334
2.6962	 0.8393391147761372
2.6948	 0.8373921714965904
2.6934	 0.8356599836230894
2.692	 0.833605498698055
2.6906	 0.8315160585325988
2.6892	 0.8293904322845052
2.6878	 0.8272121379560307
2.6864	 0.8249622757936007
2.685	 0.8226356943955009
2.6837	 0.82024845783123
2.6823	 0.8182175585427132
2.6809	 0.8157577910734348
2.6795	 0.8132424923443925
2.6781	 0.810678477970739
2.6767	 0.8080627340930981
2.6753	 0.8053895180157626
2.674	 0.8027026428124477
2.6726	 0.8005378286821858
2.6712	 0.7977913671720678
2.6698	 0.7949757296639486
2.6685	 0.792143690940587
2.6671	 0.7893469218911849
2.6657	 0.7865215200821569
2.6644	 0.7836673696491067
2.663	 0.7808136765118492
2.6616	 0.7786387613323801
2.6603	 0.775827056100989
2.6589	 0.773016579294664
2.6575	 0.7701942140004798
2.6562	 0.7673718181190211
2.6548	 0.7645788222812665
2.6534	 0.7617648647944364
2.6521	 0.7597001070579498
2.6507	 0.7568804790433536
2.6494	 0.7540677245390548
2.648	 0.7512647153657609
2.6467	 0.7485481583519731
2.6453	 0.74575183835557
2.644	 0.742958496399711
2.6426	 0.7401792833327923
2.6413	 0.7382651716265082
2.6399	 0.7355992832942965
2.6386	 0.7328296140007001
2.6372	 0.7300592932731088
2.6359	 0.7272894794285447
2.6346	 0.724529777932529
2.6332	 0.7217633307845212
2.6319	 0.7200789699564268
2.6306	 0.7172989806851792
2.6292	 0.7145029526443356
2.6279	 0.7117279884089199
2.6266	 0.7089558731194947
2.6252	 0.7061835839374796
2.6239	 0.7035981049237309
2.6226	 0.7019211103222258
2.6212	 0.6992301740610789
2.6199	 0.6965245485622108
2.6186	 0.6938237985046936
2.6173	 0.6911416967787203
2.616	 0.688457541898623
2.6146	 0.6859921864679926
2.6133	 0.684478818881752
2.612	 0.6818962138628776
2.6107	 0.6793403928679264
2.6094	 0.6767976625705515
2.6081	 0.6744744720949856
2.6067	 0.671959367731002
2.6054	 0.6694482863293441
2.6041	 0.6669662010178147
2.6028	 0.66570567798552
2.6015	 0.6633269372315378
2.6002	 0.6612111522477561
2.5989	 0.6589049032150975
2.5976	 0.6566321912324434
2.5963	 0.654354302051982
2.595	 0.6520473106422257
2.5937	 0.6509555012896067
2.5924	 0.6490100226844868
2.5911	 0.6468615596410713
2.5898	 0.6447421475336907
2.5885	 0.6426394305842065
2.5872	 0.6405589119507726
2.5859	 0.6388005098947052
2.5847	 0.6379882071032265
2.5834	 0.6359266000791597
2.5821	 0.6338745588137165
2.5808	 0.6318475453045255
2.5795	 0.6301764940792403
2.5782	 0.6281950477202153
2.577	 0.6262119824865356
2.5757	 0.6255280930700137
2.5744	 0.623604746860437
2.5731	 0.6216949638093878
2.5718	 0.619808493998197
2.5706	 0.6183176059788595
2.5693	 0.6164880925784512
2.568	 0.6146738104691695
2.5667	 0.6128823693047529
2.5655	 0.6124208671175586
2.5642	 0.6110450420201156
2.5629	 0.609312928980053
2.5617	 0.6075966779294812
2.5604	 0.6059089059311098
2.5591	 0.6042754229678295
2.5579	 0.6040138779133462
2.5566	 0.6028453929935884
2.5554	 0.6013095445046246
2.5541	 0.5998024021725461
2.5528	 0.5983263163912473
2.5516	 0.596879027068779
2.5503	 0.5954520921540071
2.5491	 0.595783514051796
2.5478	 0.5944128334647703
2.5466	 0.5930723960501443
2.5453	 0.5917578904149641
2.5441	 0.5904595030410679
2.5428	 0.5895758882081332
2.5416	 0.5883169571329583
2.5403	 0.5871012963452257
2.5391	 0.5872298390563393
2.5379	 0.5860712944911874
2.5366	 0.5849376268695947
2.5354	 0.5842375990402525
2.5341	 0.5831843574678139
2.5329	 0.5821684244077956
2.5317	 0.5811829716287741
2.5304	 0.5814382061803818
2.5292	 0.5808830154419528
2.528	 0.5799794670343241
2.5267	 0.579100683036209
2.5255	 0.5782550910656942
2.5243	 0.5774565231737598
2.523	 0.5766968017154761
2.5218	 0.5774056840117566
2.5206	 0.5766773348943505
2.5194	 0.5759676880714034
2.5181	 0.5752866744213821
2.5169	 0.5746478947863637
2.5157	 0.5743848038535445
2.5145	 0.5738161080685686
2.5133	 0.574230305112898
2.512	 0.573705778582971
2.5108	 0.5732289914733546
2.5096	 0.5727950341252418
2.5084	 0.5727215972359905
2.5072	 0.5723498210444581
2.506	 0.57200827631965
2.5048	 0.5725115469178138
2.5035	 0.5722222773270942
2.5023	 0.5719805395482913
2.5011	 0.5720922094183726
2.4999	 0.5719041791027673
2.4987	 0.5717395139638805
2.4975	 0.5716179473608188
2.4963	 0.5721938605148469
2.4951	 0.5723932400535446
2.4939	 0.5723221206323663
2.4927	 0.5722762778101291
2.4915	 0.5722473736299339
2.4903	 0.5722346604029758
2.4891	 0.5722448952519534
2.4879	 0.5731133115052586
2.4867	 0.5731482624453155
2.4855	 0.5732119837081674
2.4844	 0.5733005352781287
2.4832	 0.5734141978873937
2.482	 0.5737858134995782
2.4808	 0.5739232637751823
2.4796	 0.5745332579820751
2.4784	 0.5746950778323382
2.4772	 0.5748731867879338
2.476	 0.5752868174730973
2.4749	 0.5754879799295961
2.4737	 0.5756888412477185
2.4725	 0.5758991826113743
2.4713	 0.5764766666835226
2.4701	 0.576702587095569
2.469	 0.5771138100792521
2.4678	 0.5773341080660072
2.4666	 0.5775584219163284
2.4655	 0.5777841555530371
2.4643	 0.5780063704741938
2.4631	 0.5786497239608485
2.4619	 0.578846003996093
2.4608	 0.57903470902735
2.4596	 0.5792061132866787
2.4584	 0.5793658518237118
2.4573	 0.5795228739419305
2.4561	 0.5797719963530322
2.4549	 0.5801546262761218
2.4538	 0.5802778938849376
2.4526	 0.5803910027774369
2.4515	 0.5804973144939962
2.4503	 0.5806442309352033
2.4491	 0.5807112099017342
2.448	 0.5807655612816718
2.4468	 0.5810094290293888
2.4457	 0.5810580760163814
2.4445	 0.5810998245719176
2.4434	 0.5811466024895898
2.4422	 0.5811712126041793
2.4411	 0.5811917836753687
2.4399	 0.581360171237548
2.4388	 0.5813769381625379
2.4376	 0.5814064568506673
2.4365	 0.5814145830922308
2.4353	 0.5814207166000118
2.4342	 0.5814368953249438
2.4331	 0.5814564317100867
2.4319	 0.581591054723476
2.4308	 0.5816093874295277
2.4296	 0.5816368110305867
2.4285	 0.5816611889311755
2.4274	 0.581692399542995
2.4262	 0.5817316309721846
2.4251	 0.581751371594391
2.424	 0.5818203700832413
2.4228	 0.581813815557924
2.4217	 0.5817997880496668
2.4206	 0.5817936718123959
2.4194	 0.5817834079289222
2.4183	 0.5817700949037179
2.4172	 0.5817601366137201
2.416	 0.5817401605443971
2.4149	 0.5817299754541857
2.4138	 0.581676725534662
2.4127	 0.581592087617593
2.4116	 0.5815299531422449
2.4104	 0.5814635269654231
2.4093	 0.581390411905774
2.4082	 0.5812770791391312
2.4071	 0.5811846207794332
2.4059	 0.5810932251294986
2.4048	 0.5809942990938933
2.4037	 0.5808649784351857
2.4026	 0.5807145303148917
2.4015	 0.5804844939857716
2.4004	 0.5803380545740146
2.3993	 0.5801397169407538
2.3982	 0.5799178311031681
2.3971	 0.5796873342317521
2.396	 0.5793663701196701
2.3948	 0.57915019894544
2.3937	 0.578902115459859
2.3926	 0.5786590240065647
2.3915	 0.5783595601343905
2.3904	 0.5779118155896881
2.3893	 0.5775734942630644
2.3882	 0.5772141930797492
2.3871	 0.5768350434541396
2.386	 0.5764826144541827
2.3849	 0.5760796906944041
2.3838	 0.5755133256257337
2.3827	 0.5751017846933292
2.3816	 0.5746795891788181
2.3805	 0.5742439741341928
2.3795	 0.5738205625424867
2.3784	 0.5731725361950324
2.3773	 0.5727083837173479
2.3762	 0.5722422729231879
2.3751	 0.5717622063833752
2.374	 0.5712714572791745
2.3729	 0.5705848977065159
2.3718	 0.5700623392902524
2.3708	 0.5695685769872106
2.3697	 0.5690243766616958
2.3686	 0.5684682681713549
2.3675	 0.5677208434217753
2.3664	 0.5671571703773298
2.3653	 0.5665899284329053
2.3643	 0.5660597425532684
2.3632	 0.5654795365944963
2.3621	 0.5647166560806521
2.361	 0.5641281667221565
2.36	 0.5635250284591283
2.3589	 0.5628987531269808
2.3578	 0.5622690640878505
2.3567	 0.5615655198091967
2.3557	 0.5609273155070268
2.3546	 0.5602885654921574
2.3535	 0.559640677064518
2.3525	 0.5589831671473406
2.3514	 0.5581947256001182
2.3503	 0.5575386153983755
2.3493	 0.5569902002415201
2.3482	 0.5563089255454365
2.3471	 0.5556103754859655
2.3461	 0.5549041084736638
2.345	 0.5540881596906037
2.344	 0.5533842046383955
2.3429	 0.5528284261630517
2.3418	 0.5521241751573008
2.3408	 0.5514070981759819
2.3397	 0.5505753360759441
2.3387	 0.5498407781102134
2.3376	 0.5491042067607594
2.3366	 0.5483600939721198
2.3355	 0.547779607977042
2.3345	 0.546912514133878
2.3334	 0.5461436431673695
2.3324	 0.5453735747211887
2.3313	 0.5445978363979309
2.3303	 0.5438107642238131
2.3292	 0.5430964928380895
2.3282	 0.5422892800667599
2.3271	 0.5414827570794092
2.3261	 0.5406810215558363
2.325	 0.5398750744017107
2.324	 0.5389281858955588
2.323	 0.5381072029453293
2.3219	 0.5375082812889698
2.3209	 0.5366865462612909
2.3198	 0.5358730201939415
2.3188	 0.5349502925019712
2.3178	 0.5341384738594498
2.3167	 0.5333325918606477
2.3157	 0.5327751538202136
2.3147	 0.5319678660089422
2.3136	 0.5310787181043194
2.3126	 0.5302785697948791
2.3116	 0.5294750259772805
2.3105	 0.5286683104148465
2.3095	 0.5278625394319575
2.3085	 0.5273277349443152
2.3074	 0.5264548269864544
2.3064	 0.5256401907199288
2.3054	 0.5248294971851925
2.3044	 0.5240205452977225
2.3034	 0.5231599218402824
2.3023	 0.5223361382819102
2.3013	 0.5218189349218263
2.3003	 0.5210057077441684
2.2993	 0.5201973266475733
2.2982	 0.5193629231010753
2.2972	 0.5185592574507332
2.2962	 0.5177569487255984
2.2952	 0.5172770231891959
2.2942	 0.5164791261864756
2.2932	 0.5156819924463214
2.2921	 0.5148849616138851
2.2911	 0.5140968487135329
2.2901	 0.5133071772613035
2.2891	 0.5125178028261872
2.2881	 0.5120779768826145
2.2871	 0.511297665468202
2.2861	 0.510518676756257
2.2851	 0.509744755398637
2.2841	 0.5089759168658095
2.2831	 0.5082069910028152
2.2821	 0.5078102369136418
2.2811	 0.5070461372480967
2.2801	 0.5062850155991404
2.279	 0.5055243092145184
2.278	 0.5047973900825675
2.2771	 0.5040551208583797
2.2761	 0.5036882970348946
2.275	 0.5029550160353089
2.274	 0.5022249308414133
2.2731	 0.5015612129410331
2.2721	 0.5008650111515714
2.2711	 0.5001682813130073
2.2701	 0.49948037997235084
2.2691	 0.4991688234691565
2.2681	 0.49849127022426215
2.2671	 0.4978601242115087
2.2661	 0.497205427941293
2.2651	 0.4965623797119687
2.2641	 0.49593522873242146
2.2631	 0.49573218987467077
2.2621	 0.4951269825347267
2.2612	 0.49453035074827323
2.2602	 0.493954257734149
2.2592	 0.49340255500751806
2.2582	 0.4929086314015847
2.2572	 0.49237887693220533
2.2562	 0.4922042127065572
2.2553	 0.4916962144071193
2.2543	 0.4912035891560977
2.2533	 0.49078495990497145
2.2523	 0.49033160916895024
2.2513	 0.48989015437067607
2.2504	 0.48978222640279045
2.2494	 0.48937397372241676
2.2484	 0.4890463813952958
2.2474	 0.48866290082269215
2.2465	 0.48828251742991535
2.2455	 0.48790701495371047
2.2445	 0.4876080071057258
2.2435	 0.4875589625022782
2.2426	 0.48721237347267926
2.2416	 0.48686571665119066
2.2406	 0.4865282285518085
2.2397	 0.48619000728835776
2.2387	 0.4859086060909871
2.2377	 0.4858635701458431
2.2368	 0.48554465955378306
2.2358	 0.4852292348982984
2.2348	 0.4849725802041885
2.2339	 0.48465140782479743
2.2329	 0.48433380448368585
2.232	 0.48428763365366584
2.231	 0.48397692934582087
2.23	 0.4837284921842702
2.2291	 0.4834332858417032
2.2281	 0.48313346300768667
2.2272	 0.4828266168388724
2.2262	 0.48252699479582833
2.2252	 0.4825413556474574
2.2243	 0.48225433711871246
2.2233	 0.4819735623331544
2.2224	 0.48170289910553366
2.2214	 0.48143398644801566
2.2205	 0.48120537195050633
2.2195	 0.4811796684044658
2.2186	 0.4809232517082132
2.2176	 0.4806755135016985
2.2167	 0.4804759032648483
2.2157	 0.4802351135080017
2.2148	 0.48000104360929613
2.2138	 0.47977796624712327
2.2129	 0.47978469037883525
2.212	 0.4795614762595317
2.211	 0.4793772260834263
2.2101	 0.47917093610926326
2.2091	 0.4789741062438675
2.2082	 0.4789952845760737
2.2073	 0.4788003098069533
2.2063	 0.47863144429881377
2.2054	 0.4784441086011072
2.2044	 0.4782698151901896
2.2035	 0.47810723542396716
2.2026	 0.4779427142084357
2.2016	 0.4779793494885433
2.2007	 0.47782833106850836
2.1998	 0.4776909035608837
2.1988	 0.4775762753463922
2.1979	 0.4774770535134972
2.197	 0.4773877877241022
2.196	 0.47748260523999336
2.1951	 0.47740809981754145
2.1942	 0.47734546557427965
2.1932	 0.4772975615695601
2.1923	 0.4772635891012182
2.1914	 0.4772448450056644
2.1905	 0.47739389788938563
2.1895	 0.47740349988012776
2.1886	 0.47743178648671064
2.1877	 0.4774800792102203
2.1868	 0.47754766384135083
2.1858	 0.47763250721274975
2.1849	 0.4777309176472494
2.184	 0.47795733529771534
2.1831	 0.47807345870884227
2.1822	 0.47820013825403246
2.1812	 0.47833972914601147
2.1803	 0.47849712781728854
2.1794	 0.4786671181311077
2.1785	 0.47894029101368246
2.1776	 0.479123151281889
2.1767	 0.4793145519848716
2.1758	 0.47950932515688316
2.1749	 0.4797087205505333
2.1739	 0.47991562134629273
2.173	 0.4802017264767036
2.1721	 0.4804198917649998
2.1712	 0.48064150263064626
2.1703	 0.4808726707358908
2.1694	 0.4811207394633012
2.1685	 0.4813767950676606
2.1676	 0.48167794007419495
2.1667	 0.4819301211710419
2.1658	 0.482184367841214
2.1649	 0.4824385409092468
2.1639	 0.4826918653743822
2.1631	 0.48294973924296714
2.1622	 0.4832349959969005
2.1612	 0.4834928694343586
2.1604	 0.48374266913580427
2.1595	 0.483992171689485
2.1585	 0.4842390397742916
2.1576	 0.48448189621564247
2.1568	 0.4847271233255309
2.1559	 0.48496830016141035
2.155	 0.4851960237982057
2.1541	 0.48541455899382185
2.1532	 0.48563427919002433
2.1523	 0.48585693246703243
2.1514	 0.48605759014116473
2.1505	 0.48626557334841153
2.1496	 0.4864723509399192
2.1487	 0.48668883144669245
2.1478	 0.48691396708473983
2.1469	 0.4871381753367549
2.146	 0.4873587501368242
2.1452	 0.4875329214688751
2.1443	 0.4877451514950094
2.1434	 0.48794717849486763
2.1425	 0.48814240649998714
2.1416	 0.4883484397589709
2.1407	 0.4885707972710297
2.1398	 0.4887399978124318
2.139	 0.4889715134889651
2.1381	 0.48920514114710945
2.1372	 0.4894411928262343
2.1363	 0.48968810864938994
2.1354	 0.4899453466927936
2.1345	 0.4901350409675071
2.1337	 0.490405462527379
2.1328	 0.49067924890369496
2.1319	 0.49095986577355066
2.1311	 0.4912563257568073
2.1302	 0.49156567753303104
2.1293	 0.49179878042154807
2.1284	 0.4921335169661669
2.1275	 0.49247909534910755
2.1267	 0.49282333016739377
2.1258	 0.49316865874413696
2.1249	 0.49352629107114915
2.1241	 0.49379985607721216
2.1232	 0.4941706445328006
2.1223	 0.49454339351505133
2.1214	 0.4949213725893778
2.1206	 0.4952985857114832
2.1197	 0.4956678080596757
2.1189	 0.495934052081248
2.118	 0.4963127725344556
2.1171	 0.49667873485186903
2.1163	 0.49702597747379657
2.1154	 0.4973723870124864
2.1145	 0.49771364062305695
2.1137	 0.4979183183239979
2.1128	 0.49823267671292404
2.112	 0.4985440550681296
2.1111	 0.49885177332796093
2.1102	 0.4991515201482462
2.1094	 0.4994417488800857
2.1085	 0.49973551814072903
2.1077	 0.49989812548409535
2.1068	 0.500193446975791
2.1059	 0.5004787167696505
2.1051	 0.5007564129387861
2.1042	 0.5010310173024717
2.1034	 0.5011570187184002
2.1025	 0.5014297383308292
2.1017	 0.50170250101474
2.1008	 0.5019709587174935
2.1	 0.5022349130439394
2.0991	 0.5024919555791147
2.0983	 0.5025841257460354
2.0974	 0.5028157247011674
2.0966	 0.5030452517506107
2.0957	 0.5032833632262581
2.0949	 0.5035239336024296
2.094	 0.5037591962943769
2.0932	 0.5039815146824199
2.0924	 0.5040359777431742
2.0915	 0.5042495574627847
2.0907	 0.5044660763260876
2.0898	 0.5046832424470729
2.089	 0.5048936034774257
2.0881	 0.5050992293903522
2.0873	 0.5051435352050073
2.0865	 0.5053514896431645
2.0856	 0.5055474098680164
2.0848	 0.5057290008361008
2.0839	 0.5059050966398937
2.0831	 0.5060892770866913
2.0823	 0.5061142575640203
2.0814	 0.5063063215036457
2.0806	 0.506490398476379
2.0798	 0.5066734081571731
2.0789	 0.5068494439728893
2.0781	 0.5068477169511152
2.0773	 0.5070149633474864
2.0764	 0.5071826504392052
2.0756	 0.507351676540307
2.0748	 0.5075238620241798
2.0739	 0.5076664960789969
2.0731	 0.5076100622331253
2.0723	 0.5077190575612007
2.0715	 0.5078582856335676
2.0706	 0.5080106963113552
2.0698	 0.5081527816134722
2.069	 0.5082885017115485
2.0681	 0.5084214391583792
2.0673	 0.5083861907260523
2.0665	 0.5085031731505084
2.0657	 0.5086180538832901
2.0648	 0.5087166902420308
2.064	 0.5087989139294371
2.0632	 0.5087315220236259
2.0624	 0.5088137271705326
2.0616	 0.5088970421167391
2.0607	 0.5089676483315972
2.0599	 0.5090271874536032
2.0591	 0.5090906055421548
2.0583	 0.5090284593614867
2.0575	 0.5090868240247663
2.0567	 0.5091392989030961
2.0558	 0.5091869427752487
2.055	 0.509226676367375
2.0542	 0.5092548911690684
2.0534	 0.5091642615141494
2.0526	 0.5091666402588388
2.0518	 0.5091601834812455
2.051	 0.5091582189922952
2.0501	 0.5091469439843497
2.0493	 0.5091115645988867
2.0485	 0.508978973754484
2.0477	 0.5089352772577562
2.0469	 0.5088902028718504
2.0461	 0.5088567159588444
2.0453	 0.5088253813422329
2.0445	 0.5086905817203484
2.0437	 0.508626960325214
2.0429	 0.5085736977899739
2.0421	 0.5085395737182807
2.0413	 0.5084981795937532
2.0405	 0.5084553800378862
2.0397	 0.508418993321682
2.0389	 0.5082936509402481
2.0381	 0.5082361343447807
2.0373	 0.5081698048104214
2.0365	 0.5080933075229342
2.0357	 0.5080031226144787
2.0349	 0.5078250182473023
2.0341	 0.5077429481692377
2.0333	 0.5076686767409565
2.0325	 0.5075802737167864
2.0317	 0.5074814309768081
2.0309	 0.5073809899365985
2.0301	 0.5071878736126347
2.0293	 0.5070446245770819
2.0285	 0.5068836275218145
2.0277	 0.506734241571618
2.0269	 0.5065952844807031
2.0261	 0.5064731588436318
2.0253	 0.5062757313428348
2.0245	 0.5061648498688582
2.0237	 0.5060574638597448
2.0229	 0.5059244025373758
2.0222	 0.5057729425302596
2.0214	 0.5056345980222545
2.0206	 0.5054199805340802
2.0198	 0.5052657815496407
2.019	 0.505063149863608
2.0182	 0.5048267198995249
2.0174	 0.5045781152406001
2.0167	 0.504290350296814
2.0159	 0.504106240933046
2.0151	 0.5039537666011058
2.0143	 0.5037356559487793
2.0135	 0.5034465717276732
2.0128	 0.5032069930382098
2.012	 0.5029686262053509
2.0112	 0.5025946893682722
2.0104	 0.5022479715761768
2.0096	 0.5019485782841235
2.0088	 0.5017113715316408
2.0081	 0.5014581362849776
2.0073	 0.5011073909330445
2.0065	 0.5006203977065521
2.0057	 0.5002654592824575
2.005	 0.4998423473387496
2.0042	 0.4993700845835374
2.0034	 0.49917381915605225
2.0026	 0.4990579505024497
2.0019	 0.49872815438766505
2.0011	 0.4983264867923696
2.0003	 0.0
