25.044	 1.0
24.924	 0.496525000689484
24.805	 0.504294495552873
24.686	 0.505720855211229
24.569	 0.5093025139740232
24.454	 0.5084066132023859
24.339	 0.502889335485784
24.225	 0.5009986444629257
24.112	 0.5093159315931594
24.001	 0.5162318364043352
23.89	 0.5096772196948597
23.781	 0.5085036573251859
23.672	 0.5179708719677812
23.564	 0.5250158862265011
23.458	 0.5263822726542847
23.352	 0.5239110258946874
23.247	 0.5188273054642242
23.144	 0.5145071354314337
23.041	 0.5128181567582469
22.939	 0.5052483300767938
22.838	 0.49512630888572273
22.738	 0.4947287103517223
22.638	 0.49414702311410436
22.54	 0.49578535237217874
22.442	 0.49920651348927064
22.345	 0.5038297872340426
22.25	 0.508661812703992
22.154	 0.5129148807252979
22.06	 0.5165426975963978
21.967	 0.5189933523266856
21.874	 0.5203156480859638
21.782	 0.5205482258461034
21.691	 0.5188201628879595
21.601	 0.5155636321003575
21.511	 0.5125184659363429
21.422	 0.5091814326821141
21.334	 0.5057322693042599
21.247	 0.5036786563614745
21.16	 0.5013995736398184
21.074	 0.4984766858629017
20.988	 0.49512067938021453
20.904	 0.4935779816513762
20.82	 0.4949842847194776
20.737	 0.4962005647040989
20.654	 0.4956475157359046
20.572	 0.49408483216312404
20.491	 0.4942930531682728
20.41	 0.4951181961686122
20.33	 0.49374199270720404
20.251	 0.4923134905679091
20.172	 0.4929346958326681
20.094	 0.49426633287571675
20.016	 0.49468604935255317
19.939	 0.4938208349558338
19.863	 0.4922011117564092
19.787	 0.49023351446614777
19.712	 0.4886677135944994
19.637	 0.4874840716183235
19.563	 0.4852056665711957
19.489	 0.482260095332314
19.416	 0.4781151009271891
19.344	 0.47128727133048454
19.272	 0.4634987018314432
19.201	 0.45700240538638487
19.13	 0.4515331424181043
19.059	 0.4474870596092837
18.99	 0.44623236781228826
18.92	 0.4477438534743461
18.851	 0.4511590826808656
18.783	 0.4571926225542373
18.715	 0.46191858077586434
18.648	 0.4721436609232533
18.581	 0.4814958970817189
18.515	 0.4869215647555695
18.449	 0.49921643585162145
18.384	 0.5129026847118857
18.319	 0.5269963748012754
18.254	 0.5387780740079005
18.19	 0.5447835924306067
18.126	 0.5417506921420515
18.063	 0.5283207723402559
18.001	 0.5073303227486349
17.938	 0.4819257882775642
17.876	 0.4554919863113249
17.815	 0.43141696458488527
17.754	 0.4117991777927079
17.693	 0.39824982565744016
17.633	 0.39117304228038574
17.573	 0.3899122807017544
17.514	 0.3933772235786536
17.455	 0.3998130515222256
17.396	 0.40798019918423206
17.338	 0.41793606639823117
17.28	 0.43205599874814876
17.223	 0.44986076305504
17.166	 0.4693569959744786
17.109	 0.4861986121666292
17.053	 0.4979620546361881
16.997	 0.5054154386405241
16.942	 0.5111249496267458
16.886	 0.5187464462443951
16.832	 0.5259935131073206
16.777	 0.530140177367281
16.723	 0.5311623952063985
16.669	 0.5291466501368873
16.616	 0.5257475030917091
16.563	 0.5233131426961544
16.51	 0.5225846513932922
16.458	 0.5226167244342177
16.406	 0.5213684005989325
16.354	 0.5198424294191692
16.302	 0.5182520723477801
16.251	 0.5178427473531467
16.2	 0.5221050260482829
16.15	 0.5240007666866915
16.1	 0.5245039182786088
16.05	 0.5232269453100163
16.0	 0.5244615243846646
15.951	 0.5222087195380642
15.902	 0.5206877927725985
15.854	 0.5206381844490138
15.805	 0.521363488226827
15.757	 0.5229636337004141
15.71	 0.5249458693931485
15.662	 0.525408786414327
15.615	 0.5246819161510117
15.568	 0.523277831582607
15.521	 0.5206737150441669
15.475	 0.5174980534336229
15.429	 0.5142342085066129
15.383	 0.5102161830475673
15.338	 0.5060999548802569
15.292	 0.5022953975383537
15.248	 0.4985215417915709
15.203	 0.49563076061236455
15.158	 0.4939638121320647
15.114	 0.4931144269847557
15.07	 0.4927528548244102
15.027	 0.4934162226169331
14.983	 0.49422682990734346
14.94	 0.4938964067942945
14.897	 0.49303720329676964
14.854	 0.4917008224738628
14.812	 0.48806280503349414
14.77	 0.48344463599982573
14.728	 0.4794613603116577
14.686	 0.47408222634126246
14.645	 0.4684292297737179
14.603	 0.46500188542031407
14.562	 0.4623980012042606
14.521	 0.4601161950910598
14.481	 0.45962977145716055
14.441	 0.4642838360297576
14.4	 0.46919507416349404
14.361	 0.4761493304311758
14.321	 0.4843065777836615
14.281	 0.4870176588104553
14.242	 0.4921670848976469
14.203	 0.4972518443069734
14.164	 0.5016345152135646
14.126	 0.5038287191520932
14.087	 0.5051466418080717
14.049	 0.5065380109346524
14.011	 0.5067518829240397
13.973	 0.5059922732489534
13.936	 0.5057770456146898
13.899	 0.505959190998561
13.861	 0.5059548097521167
13.824	 0.5063886061136534
13.788	 0.5079799735630841
13.751	 0.510120849231116
13.715	 0.5124224565756824
13.679	 0.5151076794555215
13.643	 0.5183652165469023
13.607	 0.5219035471440505
13.571	 0.5248311294334979
13.536	 0.5269088755747526
13.5	 0.528672505777296
13.465	 0.5299872490086454
13.43	 0.5300183513499385
13.396	 0.5292037931844762
13.361	 0.5279589984234246
13.327	 0.5252793120763243
13.293	 0.5213451568824473
13.259	 0.5164929002040201
13.225	 0.5096802273418539
13.191	 0.5032706029393806
13.158	 0.4968896577801553
13.124	 0.49086592084361375
13.091	 0.4854543221910018
13.058	 0.48083965444133686
13.026	 0.4765685091336123
12.993	 0.4718155221794091
12.96	 0.46768935119493205
12.928	 0.4639936338316376
12.896	 0.4606811461674504
12.864	 0.4579074975564855
12.832	 0.45578247781004133
12.8	 0.4547604410423194
12.769	 0.4548160640448639
12.737	 0.45574965805253764
12.706	 0.45757648247082905
12.675	 0.46022016512384284
12.644	 0.4635037815091015
12.614	 0.4673819450738693
12.583	 0.4714085667690499
12.552	 0.47581523330015807
12.522	 0.48015245665811446
12.492	 0.4838641978269733
12.462	 0.4874865234824533
12.432	 0.4906504089873364
12.402	 0.4927452475223176
12.373	 0.49425656877897994
12.343	 0.49483014212058957
12.314	 0.4944173248757758
12.285	 0.4934098392559506
12.256	 0.49146545269589337
12.227	 0.48823225280266813
12.198	 0.4865431062649352
12.169	 0.4849968434750119
12.141	 0.4846585457765283
12.113	 0.4859651206157237
12.084	 0.4890767891345987
12.056	 0.494031586523294
12.028	 0.4986157361337343
12.0	 0.5050097037920924
11.973	 0.5121142039040775
11.945	 0.5194257357487156
11.918	 0.525827368786761
11.89	 0.5308108195258799
11.863	 0.5340538704094959
11.836	 0.5360442558271656
11.809	 0.5370382796853386
11.782	 0.5366484366466585
11.755	 0.5354253615966951
11.729	 0.5336830575325779
11.702	 0.5317784679339222
11.676	 0.5299603099063428
11.65	 0.5281537050890305
11.624	 0.5261910712467486
11.598	 0.5246022988190622
11.572	 0.5232621376750274
11.546	 0.5220309204336174
11.52	 0.5210983901003845
11.495	 0.520453510192428
11.469	 0.5214814118531749
11.444	 0.5214719233739757
11.419	 0.5219399586661312
11.394	 0.5221123458473078
11.369	 0.5219768977799171
11.344	 0.5219968687277261
11.319	 0.5221441882636825
11.294	 0.5220679201138214
11.27	 0.523008763422358
11.245	 0.5228569855888151
11.221	 0.522680552719352
11.197	 0.5225972111681156
11.173	 0.5230769742598501
11.149	 0.5238930423565956
11.125	 0.524687974260418
11.101	 0.5257053180758036
11.077	 0.5270384114407741
11.054	 0.5283814939212179
11.03	 0.5297825767478557
11.007	 0.5314323024726012
10.983	 0.5330678285133534
10.96	 0.5346200123428836
10.937	 0.5364062156491912
10.914	 0.5383118017009656
10.891	 0.5401916611522991
10.868	 0.5423610431869248
10.846	 0.544737229461198
10.823	 0.5469631969606175
10.8	 0.5523861193045375
10.778	 0.5542325834266578
10.755	 0.555669582765646
10.733	 0.5566749225385303
10.711	 0.5571085573273286
10.689	 0.556788525794523
10.667	 0.5557995577872211
10.645	 0.5542817175414088
10.623	 0.5522522586477268
10.602	 0.5528623833025428
10.58	 0.5505316405346051
10.558	 0.5481979351615586
10.537	 0.5459372386731565
10.516	 0.5439327647440778
10.494	 0.5423688007415293
10.473	 0.5411891652742328
10.452	 0.5405136275296663
10.431	 0.5404220180348335
10.41	 0.5408462562233549
10.389	 0.5416924794415006
10.368	 0.5429891552145928
10.348	 0.5447472583339386
10.327	 0.5470035161175776
10.306	 0.5535059331951787
10.286	 0.5563868968244519
10.266	 0.5593858656772098
10.245	 0.5620707790548879
10.225	 0.5642973804070616
10.205	 0.566063017891147
10.185	 0.5671103863425866
10.165	 0.5671747950355677
10.145	 0.5663312458138642
10.125	 0.5645485756695331
10.106	 0.5644436793745589
10.086	 0.5609801183043049
10.066	 0.5567989480546524
10.047	 0.5521297352561076
10.027	 0.5472282815944923
10.008	 0.5422651732441677
9.9887	 0.5373611290851263
9.9695	 0.5326215309653602
9.9504	 0.5280981558930283
9.9313	 0.5236957069780355
9.9123	 0.5193700582318113
9.8934	 0.5151180090164192
9.8746	 0.5108856724583309
9.8558	 0.5066034026735292
9.8371	 0.5021883792595239
9.8185	 0.4975876947841445
9.7999	 0.49093035499306015
9.7814	 0.48622035202955816
9.763	 0.4817377582899921
9.7447	 0.4775978479091987
9.7264	 0.4742289831519041
9.7082	 0.4719256662009171
9.69	 0.47074776811484687
9.6719	 0.4708290211138911
9.6539	 0.4723190564026196
9.636	 0.4751369024507713
9.6181	 0.4791945960365432
9.6003	 0.48315051188587516
9.5825	 0.48876633760710336
9.5649	 0.49454954995324774
9.5472	 0.5001306720994322
9.5297	 0.5051812137666858
9.5122	 0.5090034204381951
9.4948	 0.5111972120608671
9.4774	 0.5117118607901968
9.4601	 0.5102246475575039
9.4429	 0.5065330457947483
9.4257	 0.5007938096666891
9.4086	 0.4930956669358011
9.3916	 0.4792464031549434
9.3746	 0.46860362009339596
9.3577	 0.45749248938729853
9.3408	 0.4462203853691909
9.324	 0.43528791092841523
9.3073	 0.4251909318842959
9.2906	 0.4159721603702542
9.274	 0.40776454454575695
9.2574	 0.4007030588343159
9.2409	 0.3946147495139426
9.2245	 0.3893817745351004
9.2081	 0.3850007100713945
9.1918	 0.3782718745767304
9.1755	 0.373885845829337
9.1593	 0.36944353675897634
9.1431	 0.3647813169959136
9.127	 0.35978427967400267
9.111	 0.35425245914897335
9.095	 0.3481270856592786
9.0791	 0.34141642530802385
9.0632	 0.33412246831766373
9.0474	 0.327298958816856
9.0316	 0.3163962341012704
9.0159	 0.3125132655134974
9.0003	 0.30983407240686267
8.9847	 0.3087391961710864
8.9691	 0.3095279516814773
8.9536	 0.3123378795741585
8.9382	 0.31730985303388826
8.9228	 0.32462582575985605
8.9075	 0.33446859020086894
8.8922	 0.3469072323497381
8.877	 0.3621149204879168
8.8618	 0.37875840679409256
8.8467	 0.39537825013557226
8.8316	 0.4018462279110294
8.8166	 0.41721397580898545
8.8016	 0.43186966760576306
8.7867	 0.4456293543165946
8.7718	 0.4581685712369095
8.757	 0.4693438978221407
8.7422	 0.47896222409923644
8.7275	 0.4868969444471453
8.7129	 0.4930469397642454
8.6982	 0.497279558174141
8.6837	 0.49957751453501764
8.6692	 0.5
8.6547	 0.5
8.6403	 0.5
8.6259	 0.5
8.6116	 0.5
8.5973	 0.5
8.583	 0.5
8.5688	 0.5
8.5547	 0.5000632848573805
8.5406	 0.5005093783715178
8.5266	 0.501280972208388
8.5126	 0.5023553981313661
8.4986	 0.5037404610253583
8.4847	 0.5054247352512498
8.4708	 0.5073704818623942
8.457	 0.5096759907015179
8.4432	 0.5123196563351666
8.4295	 0.5151969893113052
8.4158	 0.5183036666089283
8.4022	 0.5236340593194011
8.3886	 0.5271635104220063
8.375	 0.5308882882280221
8.3615	 0.5346756369729185
8.3481	 0.5381808979589232
8.3347	 0.5411758873720487
8.3213	 0.5437606263271108
8.3079	 0.5459642923748002
8.2946	 0.5477531784848599
8.2814	 0.5491645846603636
8.2682	 0.550178893084873
8.255	 0.5507288435613635
8.2419	 0.5508573460062685
8.2288	 0.5506256122479125
8.2158	 0.5500388994914919
8.2028	 0.5505363131870652
8.1898	 0.5496514789483188
8.1769	 0.548497321036861
8.164	 0.5471041729409784
8.1512	 0.5467448715310671
8.1384	 0.5454109399794993
8.1256	 0.5441744868663496
8.1129	 0.5429560339116061
8.1002	 0.5417427088624479
8.0876	 0.5405797114486323
8.075	 0.5394642536381836
8.0624	 0.5384430211088114
8.0499	 0.5374670867870978
8.0374	 0.5365814947471074
8.025	 0.5358251112758421
8.0126	 0.535127967154773
8.0002	 0.5343846691092217
7.9879	 0.5336205003132333
7.9756	 0.5329235250359254
7.9634	 0.532212535506751
7.9512	 0.5326729154635511
7.939	 0.531963686603268
7.9268	 0.5312608806558464
7.9147	 0.5305798259921359
7.9027	 0.5306933740270066
7.8906	 0.5301132985122555
7.8786	 0.5295607176022146
7.8667	 0.5289805162541884
7.8548	 0.5284184089449331
7.8429	 0.5278939950874411
7.831	 0.5273150756032912
7.8192	 0.5266857995028179
7.8075	 0.5261178434757564
7.7957	 0.5256079137105765
7.784	 0.5250860107105197
7.7723	 0.524589293768398
7.7607	 0.5241426774858131
7.7491	 0.5236679975823468
7.7375	 0.5231862252699452
7.726	 0.5227472013677129
7.7145	 0.5222891137872848
7.7031	 0.5225758327637489
7.6916	 0.522116178836038
7.6802	 0.522191955428213
7.6689	 0.5217627600171089
7.6575	 0.5214136939526142
7.6462	 0.5210744422353268
7.635	 0.520783167376501
7.6238	 0.5206022427344323
7.6126	 0.5204354099732483
7.6014	 0.5202512438173887
7.5903	 0.5201494107483656
7.5792	 0.5200783881009367
7.5681	 0.5199606514668101
7.5571	 0.5198811672279435
7.5461	 0.519855557049398
7.5351	 0.5198095933811494
7.5242	 0.5197703027101882
7.5133	 0.5198139744208828
7.5024	 0.5198680749326162
7.4916	 0.519872939842225
7.4807	 0.5209123456150231
7.47	 0.5209113229434098
7.4592	 0.5208944539465145
7.4485	 0.5208872096680021
7.4378	 0.5208634582647428
7.4272	 0.5207823493753932
7.4165	 0.5206722439658918
7.4059	 0.5206030983394012
7.3954	 0.5205299050847398
7.3848	 0.5204080882503094
7.3743	 0.5203231565719212
7.3639	 0.5202594031481036
7.3534	 0.5201450248985493
7.343	 0.5200365683363758
7.3326	 0.5199698119024431
7.3223	 0.5198431738293304
7.3119	 0.5196617794367822
7.3016	 0.5199533706964611
7.2914	 0.5198198493858465
7.2811	 0.5201919131162288
7.2709	 0.5200174814622781
7.2607	 0.5198573859367862
7.2506	 0.5196611706457632
7.2404	 0.5194072322931691
7.2303	 0.519160829977654
7.2203	 0.5189444874791314
7.2102	 0.518691166061933
7.2002	 0.5184063483830766
7.1902	 0.5181364535581772
7.1803	 0.5178313501801783
7.1703	 0.5174738093126063
7.1604	 0.5171226184391895
7.1506	 0.5167845427172363
7.1407	 0.5164108361731241
7.1309	 0.5160351134065898
7.1211	 0.5159393493711728
7.1113	 0.5155470907548723
7.1016	 0.5156115375933342
7.0919	 0.5151799766144801
7.0822	 0.5147275089624958
7.0725	 0.5142981796850107
7.0629	 0.5138512244900387
7.0533	 0.5134074633713068
7.0437	 0.5130048876983431
7.0341	 0.5126212869982817
7.0246	 0.5122192821752062
7.0151	 0.5118034670611168
7.0056	 0.5113687948609447
6.9962	 0.510934029696536
6.9867	 0.5105098475596199
6.9773	 0.5101295578929634
6.9679	 0.5097920963264039
6.9586	 0.5095973052294471
6.9493	 0.5092275908576304
6.94	 0.5088530620243121
6.9307	 0.5084768189283555
6.9214	 0.5084316357007607
6.9122	 0.5080698935474873
6.903	 0.5077007402536293
6.8938	 0.5073330457782724
6.8847	 0.5069935727030318
6.8755	 0.5066468103164967
6.8664	 0.5062865724803914
6.8573	 0.5059306858209457
6.8483	 0.5055649187862525
6.8393	 0.5051633090950891
6.8302	 0.504760210871239
6.8213	 0.504374095488517
6.8123	 0.5038335563368708
6.8034	 0.5034156042878223
6.7944	 0.5029910779895492
6.7855	 0.5025390349555259
6.7767	 0.5020127217724075
6.7678	 0.5014222547927957
6.759	 0.5009637451117324
6.7502	 0.5003571690132748
6.7414	 0.4997536567238443
6.7327	 0.4991275115665601
6.7239	 0.49846974899375573
6.7152	 0.49780315572830597
6.7065	 0.49714505313555485
6.6979	 0.4964767064482999
6.6892	 0.4957937929703629
6.6806	 0.4950896602088898
6.672	 0.49399845009666404
6.6634	 0.4932665503479535
6.6549	 0.4925225550803915
6.6464	 0.49178950226621276
6.6378	 0.49106806996130514
6.6294	 0.4903224818739455
6.6209	 0.48958962639444026
6.6124	 0.4889255878473536
6.604	 0.4881844710411042
6.5956	 0.4874403921272159
6.5872	 0.4867008421154392
6.5789	 0.4859623527277467
6.5705	 0.48526219670942733
6.5622	 0.4846147373249239
6.5539	 0.48398405972230335
6.5456	 0.48333047159625636
6.5374	 0.48217745314996785
6.5292	 0.4815915461531517
6.5209	 0.48104873972344797
6.5128	 0.4805298718662041
6.5046	 0.48004182052433975
6.4964	 0.47959469841478974
6.4883	 0.4791889717400858
6.4802	 0.47884626238661615
6.4721	 0.4783444169170187
6.464	 0.47810730188374945
6.456	 0.47792881072222354
6.448	 0.4778124158513001
6.4399	 0.4777213154630377
6.432	 0.4777083130727695
6.424	 0.4777813144829076
6.416	 0.47790118310128415
6.4081	 0.47794677946924813
6.4002	 0.47825631182652295
6.3923	 0.47861813470312803
6.3844	 0.47908974112835523
6.3766	 0.479658946866198
6.3687	 0.48027277145137415
6.3609	 0.48093342029993635
6.3531	 0.48168868813410337
6.3454	 0.4825729066963565
6.3376	 0.4830446049595653
6.3299	 0.4840156893238812
6.3221	 0.4850232787504681
6.3144	 0.4860882525053033
6.3068	 0.48721038563805164
6.2991	 0.4883749154289147
6.2914	 0.48987805153397074
6.2838	 0.4911535783034421
6.2762	 0.49241768267100394
6.2686	 0.4936978923005703
6.2611	 0.4949922251277241
6.2535	 0.49626018692361956
6.246	 0.49753550739729147
6.2385	 0.49885718918255556
6.231	 0.5001432380046136
6.2235	 0.5013964319897599
6.216	 0.5026245397240129
6.2086	 0.5033982786825801
6.2011	 0.5045284368999631
6.1937	 0.5056339846858612
6.1863	 0.5066949091857416
6.179	 0.5079528724040416
6.1716	 0.5088664554264984
6.1643	 0.5097575684839672
6.157	 0.5105869347174784
6.1496	 0.5113167728616489
6.1424	 0.5119582734460975
6.1351	 0.5125285640390924
6.1278	 0.5130449391073735
6.1206	 0.5135233768980216
6.1134	 0.5139260377696895
6.1062	 0.5142436832896081
6.099	 0.5144852804937952
6.0918	 0.5146701071301756
6.0847	 0.5147933618207335
6.0776	 0.515093857540267
6.0704	 0.5151423994762597
6.0633	 0.5151278216436955
6.0563	 0.5150912639008163
6.0492	 0.5150396284129508
6.0421	 0.5149223054645865
6.0351	 0.514769718434168
6.0281	 0.5146203167353285
6.0211	 0.5144628916716812
6.0141	 0.5143318954120141
6.0071	 0.5142624403917596
6.0002	 0.5142047634972527
5.9932	 0.5141537254585506
5.9863	 0.5141678725079585
5.9794	 0.5145296404543955
5.9725	 0.5151109926923497
5.9657	 0.5152582359169192
5.9588	 0.5154436886779888
5.952	 0.5156915915274431
5.9451	 0.5159943060961735
5.9383	 0.5163482096893588
5.9315	 0.5167654180202004
5.9247	 0.5171962561943053
5.918	 0.5176308028874926
5.9112	 0.5181078752732904
5.9045	 0.518631335681176
5.8978	 0.5191869876649464
5.8911	 0.5197656075947532
5.8844	 0.5203492563922134
5.8777	 0.5216857924504058
5.8711	 0.5222186223794799
5.8644	 0.5227981964030314
5.8578	 0.5233841550523953
5.8512	 0.5239519202078244
5.8446	 0.5245127781034014
5.838	 0.525059404763608
5.8314	 0.5255776419862029
5.8249	 0.526071292171244
5.8184	 0.5265255417400516
5.8118	 0.5269075102778148
5.8053	 0.5272329782046727
5.7988	 0.5275398438180362
5.7923	 0.5280716544375782
5.7859	 0.5282290913743216
5.7794	 0.528316389730252
5.773	 0.5285760561387863
5.7666	 0.5285708775426404
5.7602	 0.5285158258128309
5.7538	 0.5283905579412164
5.7474	 0.5282139954429299
5.741	 0.5279926193996239
5.7347	 0.5276981643225724
5.7283	 0.5273576168174683
5.722	 0.5270242447947034
5.7157	 0.5266742038804679
5.7094	 0.5262958974478505
5.7031	 0.5262844265547658
5.6969	 0.525902221853135
5.6906	 0.5255277933777895
5.6844	 0.5251669198971427
5.6782	 0.5252986059123042
5.6719	 0.525014456458481
5.6657	 0.5247431848501913
5.6596	 0.5244757362179712
5.6534	 0.5242284533412012
5.6472	 0.5239977893762149
5.6411	 0.5237941547959313
5.6349	 0.5236308482833115
5.6288	 0.5234834966424848
5.6227	 0.5237273731846674
5.6166	 0.5235933950897368
5.6106	 0.5234929575404704
5.6045	 0.5233856853812907
5.5984	 0.5232690924943934
5.5924	 0.5236854656564306
5.5864	 0.523602733670363
5.5804	 0.5235282422241494
5.5744	 0.5234622910939322
5.5684	 0.5233977829396039
5.5624	 0.5233269975592355
5.5564	 0.5232615663434126
5.5505	 0.5231952483532951
5.5445	 0.5231145594557739
5.5386	 0.5232265047549544
5.5327	 0.5231499575372254
5.5268	 0.5230558805012073
5.5209	 0.5229424705458726
5.5151	 0.522808778794458
5.5092	 0.5226416245409344
5.5033	 0.5226888852327488
5.4975	 0.522471094670062
5.4917	 0.5222268154907441
5.4859	 0.5219468352108921
5.4801	 0.5216361428974672
5.4743	 0.5212842190445344
5.4685	 0.5208935594955079
5.4628	 0.5206126873375837
5.457	 0.5201689481071702
5.4513	 0.5197042314570536
5.4455	 0.5192431823413304
5.4398	 0.5187525104753054
5.4341	 0.5182334470256981
5.4284	 0.5177221659972712
5.4228	 0.5175880576799868
5.4171	 0.5170936499351841
5.4114	 0.5166038661031781
5.4058	 0.5161168535687602
5.4002	 0.5156410151786175
5.3945	 0.5151802278128848
5.3889	 0.5148813247013455
5.3833	 0.514445604813068
5.3778	 0.5140282715866461
5.3722	 0.5136124477786107
5.3666	 0.5132112097350585
5.3611	 0.5128344284194737
5.3555	 0.5124781334917429
5.35	 0.5121455231564821
5.3445	 0.5118308034502802
5.339	 0.5118769363889583
5.3335	 0.5115649045902738
5.328	 0.5112634420513676
5.3225	 0.5110976108400734
5.3171	 0.5108327095004478
5.3116	 0.5105993676296208
5.3062	 0.5104015206972096
5.3008	 0.5102207451952366
5.2954	 0.510046001239801
5.29	 0.5098875834344981
5.2846	 0.509751526173942
5.2792	 0.5096244256226243
5.2738	 0.5095138618931073
5.2684	 0.5094136808657288
5.2631	 0.5094842072550044
5.2578	 0.5093821395837038
5.2524	 0.5093618131755958
5.2471	 0.5092514262189407
5.2418	 0.5091300033564471
5.2365	 0.5090270564923874
5.2312	 0.508928066110494
5.226	 0.5088107475664514
5.2207	 0.5086867577205572
5.2154	 0.5085476997027248
5.2102	 0.5083977452574813
5.205	 0.508258170236059
5.1998	 0.5081111494472885
5.1945	 0.5079575714859236
5.1893	 0.50794944737322
5.1842	 0.507788505154727
5.179	 0.5076331887985162
5.1738	 0.5074906420297023
5.1686	 0.5073744462092521
5.1635	 0.5072676524821818
5.1584	 0.5071534376674631
5.1532	 0.5070413579274774
5.1481	 0.5069445189208365
5.143	 0.5068666259983473
5.1379	 0.5068074512892017
5.1328	 0.5067641338417392
5.1277	 0.5068971598260208
5.1227	 0.5070258735599031
5.1176	 0.5070483923534473
5.1126	 0.5070961543356782
5.1075	 0.5071450982057616
5.1025	 0.5072075906150616
5.0975	 0.5072973345076469
5.0925	 0.5074036533390397
5.0875	 0.5075325472689365
5.0825	 0.5076928775379695
5.0775	 0.5078709562213503
5.0726	 0.5080645032647151
5.0676	 0.5086390330548082
5.0627	 0.5089137914952805
5.0577	 0.5092092678205041
5.0528	 0.5096635884118862
5.0479	 0.510031109420521
5.043	 0.5104376606789837
5.038	 0.5108712528153411
5.0332	 0.5113285334807746
5.0283	 0.5118287475241492
5.0234	 0.512359787996601
5.0185	 0.512923099139605
5.0137	 0.5135362116195527
5.0088	 0.5146595000414357
5.004	 0.5153113970090779
4.9992	 0.5159858604475697
4.9944	 0.5166911734034777
4.9896	 0.5174762881517331
4.9848	 0.5182202196421781
4.98	 0.5189681407137565
4.9752	 0.5197286479042769
4.9704	 0.5204943725455614
4.9657	 0.5212581682526275
4.9609	 0.5220297917823106
4.9562	 0.5228219648118702
4.9514	 0.524149189046917
4.9467	 0.5249609687534946
4.942	 0.5257775575241871
4.9373	 0.5266015729365984
4.9326	 0.52742614841074
4.9279	 0.5283084034206782
4.9232	 0.529123115245607
4.9186	 0.529943253650272
4.9139	 0.5307448104735499
4.9092	 0.5315385236618989
4.9046	 0.5323375999571721
4.9	 0.5331272632727356
4.8953	 0.534485674841607
4.8907	 0.5352443820066201
4.8861	 0.5359854149173132
4.8815	 0.5367082708903229
4.8769	 0.5374256661710599
4.8723	 0.5381149165295023
4.8678	 0.5388842820575799
4.8632	 0.5395242631775303
4.8586	 0.5401532278060706
4.8541	 0.5407440018090288
4.8495	 0.541295859205115
4.845	 0.542371670013388
4.8405	 0.5428563993652458
4.836	 0.5433058384159392
4.8315	 0.5437197365778128
4.827	 0.5440993092375476
4.8225	 0.544445104837888
4.818	 0.5447460471144988
4.8135	 0.5450075986630456
4.809	 0.5455303403811226
4.8046	 0.5457745205196296
4.8001	 0.5460117739339603
4.7957	 0.5467155013718556
4.7913	 0.5469223581466357
4.7868	 0.5471041421671567
4.7824	 0.5472836412477888
4.778	 0.5474553511164258
4.7736	 0.5475959733126241
4.7692	 0.5477148310208843
4.7648	 0.5478199501094652
4.7605	 0.547906385151439
4.7561	 0.5479674233050948
4.7517	 0.5484242593191352
4.7474	 0.5488745741057373
4.7431	 0.5488380986209378
4.7387	 0.5487668843067312
4.7344	 0.5486574584082329
4.7301	 0.5485191904864106
4.7258	 0.5483583980291282
4.7215	 0.5481596271252226
4.7172	 0.54793166866085
4.7129	 0.5476891651457175
4.7086	 0.5474139045047356
4.7043	 0.5471056684262974
4.7	 0.5471250253677648
4.6958	 0.5472759491141954
4.6915	 0.5469209544840326
4.6873	 0.5465547936289286
4.6831	 0.5461728258865468
4.6788	 0.5457660977400072
4.6746	 0.5453440959773584
4.6704	 0.5449276533352542
4.6662	 0.5445104135922103
4.662	 0.5440731273911764
4.6578	 0.5436295144773408
4.6536	 0.5434734275813426
4.6495	 0.5430294871328402
4.6453	 0.5431053217150835
4.6411	 0.5426669763705212
4.637	 0.5422371273240666
4.6328	 0.5418081583784243
4.6287	 0.541383013952006
4.6246	 0.5409659162043037
4.6205	 0.5405554935498373
4.6163	 0.5401483719928849
4.6122	 0.5397464679818623
4.6081	 0.5395722043770435
4.604	 0.5391294096110694
4.6	 0.5386686777447725
4.5959	 0.5387134494162986
4.5918	 0.538218260175198
4.5877	 0.5377141148150538
4.5837	 0.5371956564115674
4.5796	 0.5366529142490286
4.5756	 0.5360998095610752
4.5716	 0.5355427948227356
4.5675	 0.5349786849909631
4.5635	 0.5346034449700973
4.5595	 0.5340256805751232
4.5555	 0.5334434939087994
4.5515	 0.5328712904154524
4.5475	 0.5328158757059708
4.5435	 0.5322614372308402
4.5395	 0.531717499615662
4.5356	 0.5311883411157433
4.5316	 0.5306758441195163
4.5276	 0.5301762179994469
4.5237	 0.5296901611855211
4.5197	 0.5293786009013687
4.5158	 0.5289112086109252
4.5119	 0.5284536301742778
4.508	 0.5280146718630628
4.504	 0.527586754773014
4.5001	 0.5275860687343799
4.4962	 0.5271740025190669
4.4923	 0.5267678212115069
4.4884	 0.526356876899411
4.4846	 0.5259503431598712
4.4807	 0.5256883580355102
4.4768	 0.5253064127210355
4.473	 0.5249273666845303
4.4691	 0.5245426553011344
4.4652	 0.5241682937462511
4.4614	 0.5237990425775924
4.4576	 0.5234332186028792
4.4537	 0.5234341697000658
4.4499	 0.5230661146512893
4.4461	 0.5226978541302275
4.4423	 0.5224487814983875
4.4385	 0.5220739975282954
4.4347	 0.5217049684989948
4.4309	 0.5213449074200994
4.4271	 0.5209860703387941
4.4233	 0.5206231464253229
4.4196	 0.520261348669404
4.4158	 0.519900911277498
4.412	 0.519540809177634
4.4083	 0.5195261213776657
4.4045	 0.5192827950748655
4.4008	 0.5189444021097014
4.3971	 0.518620741405395
4.3934	 0.518310920485977
4.3896	 0.5180100725805389
4.3859	 0.5177159315029898
4.3822	 0.5174337450212388
4.3785	 0.5171648302557477
4.3748	 0.5169066751987362
4.3711	 0.5166584387205528
4.3674	 0.5164170262391401
4.3638	 0.5165025754343414
4.3601	 0.5162650021076131
4.3564	 0.5160379295379871
4.3528	 0.5158169105883182
4.3491	 0.515592943294653
4.3455	 0.515367670208227
4.3418	 0.5151486858946612
4.3382	 0.5149347823154645
4.3346	 0.5147214247802528
4.331	 0.5145062474362999
4.3273	 0.5143617618304679
4.3237	 0.514144002077139
4.3201	 0.5141403868463738
4.3165	 0.5139334367627796
4.3129	 0.5137274611899943
4.3094	 0.5135212738682591
4.3058	 0.5133165933423582
4.3022	 0.5131132355189032
4.2986	 0.5129096773279165
4.2951	 0.5127096339158211
4.2915	 0.5125753707097771
4.288	 0.5123887792057606
4.2844	 0.5122009280275559
4.2809	 0.5121991623038729
4.2774	 0.5120158002027292
4.2738	 0.5118328959656167
4.2703	 0.5116516096681928
4.2668	 0.5114703365261045
4.2633	 0.5112892746314347
4.2598	 0.5111133805111995
4.2563	 0.5109754086159638
4.2528	 0.5107968583653054
4.2493	 0.5106299559597122
4.2458	 0.5104623650987189
4.2424	 0.5104427684603188
4.2389	 0.5102741777790418
4.2354	 0.5101103331928243
4.232	 0.5099429302195259
4.2285	 0.5097679090643108
4.2251	 0.5095944120712957
4.2216	 0.5094510473694392
4.2182	 0.5092789633042022
4.2148	 0.5091081146147182
4.2113	 0.5089407712679093
4.2079	 0.5087718922824416
4.2045	 0.5087300466399912
4.2011	 0.5085614747107772
4.1977	 0.5083904437221727
4.1943	 0.508216956531636
4.1909	 0.5080480305438946
4.1875	 0.5078738331033419
4.1841	 0.5076877661620747
4.1808	 0.50750889962348
4.1774	 0.5073326218493135
4.174	 0.5071521916047098
4.1707	 0.5069754355323692
4.1673	 0.5067991948341716
4.164	 0.5067280759599271
4.1606	 0.5065467137625136
4.1573	 0.5063528554743773
4.154	 0.5061745133263285
4.1506	 0.506000453178419
4.1473	 0.5058295932861884
4.144	 0.5056604142669374
4.1407	 0.5054876727557068
4.1374	 0.5053120465796586
4.1341	 0.5051372009486718
4.1308	 0.5049659235826207
4.1275	 0.5048892167102677
4.1242	 0.5046995506517776
4.1209	 0.5045320309503359
4.1177	 0.504362782634146
4.1144	 0.5041942262452127
4.1111	 0.5040254811595157
4.1079	 0.5038550867778904
4.1046	 0.5036841837247176
4.1014	 0.503515403362008
4.0981	 0.5033424834712348
4.0949	 0.5031644929831802
4.0917	 0.5030467341905414
4.0884	 0.5028660195904606
4.0852	 0.5026876769667833
4.082	 0.5025080404836313
4.0788	 0.50232337530551
4.0756	 0.5021357662496699
4.0724	 0.5019512278361238
4.0692	 0.501769031397122
4.066	 0.5015909672004656
4.0628	 0.501361418761648
4.0596	 0.5011712152874518
4.0565	 0.5010556519422888
4.0533	 0.500873202137958
4.0501	 0.5006852838724626
4.047	 0.5004921870877839
4.0438	 0.5003029352375439
4.0406	 0.5001154098205225
4.0375	 0.4999231803451345
4.0344	 0.4996672261312793
4.0312	 0.4994805349730134
4.0281	 0.4992974164966895
4.025	 0.4991082955420826
4.0218	 0.49897458158355545
4.0187	 0.49878365311822254
4.0156	 0.4985999910995562
4.0125	 0.4984195458735919
4.0094	 0.49823711111104446
4.0063	 0.49805023855815106
4.0032	 0.4977868121943062
4.0001	 0.49760909898308153
3.997	 0.4974385098881061
3.994	 0.4972653728891559
3.9909	 0.4970904761908554
3.9878	 0.49696220667098967
3.9847	 0.4968079351978256
3.9817	 0.4966529656130865
3.9786	 0.4964905433759268
3.9756	 0.49625255060851187
3.9725	 0.49608768146723675
3.9695	 0.4959221650881218
3.9665	 0.4957619043677177
3.9634	 0.4956034399362751
3.9604	 0.49544984508575834
3.9574	 0.49531513723651216
3.9544	 0.4951494138756008
3.9513	 0.49497856990572714
3.9483	 0.494721252779668
3.9453	 0.4945512088448951
3.9423	 0.49438021356106276
3.9393	 0.4942122539775233
3.9363	 0.4940477422703002
3.9333	 0.49388155345332907
3.9304	 0.49371256485907805
3.9274	 0.4935450617386284
3.9244	 0.49339022490724616
3.9214	 0.4931174508467889
3.9185	 0.4929414616719751
3.9155	 0.492764114044458
3.9126	 0.49258571504265686
3.9096	 0.49240884843967037
3.9067	 0.4922367851161131
3.9037	 0.49206402766024904
3.9008	 0.4918882845782789
3.8979	 0.4917162015777527
3.8949	 0.49143828800644723
3.892	 0.49125920434379
3.8891	 0.49108765410598465
3.8862	 0.4909192715830595
3.8833	 0.49075162983773435
3.8804	 0.4905846355191713
3.8775	 0.49042226894651153
3.8746	 0.49026288244340716
3.8717	 0.49010159110870105
3.8688	 0.48982930859201623
3.8659	 0.48967102886085156
3.863	 0.4895022712297622
3.8601	 0.4893569632960657
3.8573	 0.48921175383788457
3.8544	 0.48906203190854686
3.8515	 0.4889114538126467
3.8487	 0.48876674155549577
3.8458	 0.4886269780152681
3.843	 0.48836737299602406
3.8401	 0.48822773409352466
3.8373	 0.4880899762116268
3.8344	 0.4879177595068927
3.8316	 0.48777457111388006
3.8288	 0.48763439249326446
3.8259	 0.48749629238053943
3.8231	 0.48735832537680696
3.8203	 0.4872176481319545
3.8175	 0.48693583063520074
3.8147	 0.4867908892051112
3.8119	 0.4866452081781196
3.8091	 0.4865022305035939
3.8063	 0.48636031916003153
3.8035	 0.486172064255266
3.8007	 0.4860184439297652
3.7979	 0.48585444031076647
3.7951	 0.48568761126108795
3.7924	 0.48535216696659483
3.7896	 0.4851809081362327
3.7868	 0.4850014023209268
3.7841	 0.48481460104866675
3.7813	 0.4846295677671903
3.7785	 0.4844398905505476
3.7758	 0.48419490833803636
3.773	 0.4840038167799651
3.7703	 0.48362213611636246
3.7676	 0.48342103794145286
3.7648	 0.48321713044705566
3.7621	 0.4830121660580251
3.7594	 0.4828031738657051
3.7566	 0.4825972428491348
3.7539	 0.4823943973914136
3.7512	 0.4821893712476257
3.7485	 0.4819153204415736
3.7458	 0.4814822001199473
3.7431	 0.48126937903221895
3.7404	 0.48105551187541207
3.7377	 0.4808354444124342
3.735	 0.48061076098336686
3.7323	 0.4803860200353219
3.7296	 0.48016021361522515
3.7269	 0.47993080322817616
3.7242	 0.4796997791901607
3.7216	 0.4791470198938473
3.7189	 0.4789058843697414
3.7162	 0.4786604704655588
3.7136	 0.47841240045834704
3.7109	 0.47816034118606665
3.7083	 0.4778997696814743
3.7056	 0.477630011603716
3.703	 0.47736285043897086
3.7003	 0.4768430915533969
3.6977	 0.47658793624668294
3.695	 0.47623791938851084
3.6924	 0.47598570642937904
3.6898	 0.47573702582053745
3.6872	 0.47548944435562884
3.6845	 0.4752430424343942
3.6819	 0.47499886179163525
3.6793	 0.4747557998949343
3.6767	 0.4742851873506054
3.6741	 0.474050096444657
3.6715	 0.47381025221030293
3.6689	 0.4734708649044502
3.6663	 0.4732342052335891
3.6637	 0.47299349697819826
3.6611	 0.4727465230953181
3.6585	 0.47250131582827887
3.656	 0.4720375558722339
3.6534	 0.47179649891311665
3.6508	 0.4715555674702417
3.6482	 0.47130941696970624
3.6457	 0.4710583300281635
3.6431	 0.47070340246100806
3.6406	 0.4704509374990651
3.638	 0.4701977316272816
3.6355	 0.46971982767109416
3.6329	 0.46946682615154023
3.6304	 0.4692081779060302
3.6278	 0.46894654060422053
3.6253	 0.4686866961527272
3.6227	 0.46843103823024307
3.6202	 0.46816892450903647
3.6177	 0.46779682224310715
3.6152	 0.4675351529586097
3.6127	 0.46703795590987884
3.6101	 0.466793724337175
3.6076	 0.46655337990730894
3.6051	 0.4663177617737499
3.6026	 0.46609432727589606
3.6001	 0.46588683468717235
3.5976	 0.46568691561446585
3.5951	 0.46549364002423066
3.5926	 0.4649805163252837
3.5901	 0.46480147564268526
3.5876	 0.46462620476152255
3.5852	 0.4644557344578113
3.5827	 0.46429255248751766
3.5802	 0.4641379006439339
3.5777	 0.46399584147041095
3.5753	 0.46386005525745894
3.5728	 0.46353288621184324
3.5704	 0.463270837770277
3.5679	 0.4631534890594777
3.5654	 0.4630477938984705
3.563	 0.46295062621743016
3.5605	 0.46286206431127164
3.5581	 0.4627785977513123
3.5557	 0.46270280732358443
3.5532	 0.4624519480974824
3.5508	 0.46238792873971707
3.5484	 0.4623339149474819
3.5459	 0.46213887527101266
3.5435	 0.46209416037423284
3.5411	 0.46204927990440253
3.5387	 0.4620104614265859
3.5363	 0.4619839166914429
3.5338	 0.461790654167336
3.5314	 0.4617784935466199
3.529	 0.4617730138333541
3.5266	 0.46177519247292004
3.5242	 0.46178482290491746
3.5218	 0.46162972414073167
3.5195	 0.4616514569596869
3.5171	 0.46168308919894263
3.5147	 0.4615411995765312
3.5123	 0.4615939990911063
3.5099	 0.4616564839529381
3.5075	 0.46173035746632
3.5052	 0.46181132526585555
3.5028	 0.4618933561448532
3.5004	 0.461773986284874
3.4981	 0.4618433685182505
3.4957	 0.4617173978115877
3.4934	 0.46177991559489157
3.491	 0.4618349382584033
3.4887	 0.4618777077550051
3.4863	 0.4619202233773266
3.484	 0.4619633740004729
3.4816	 0.4620029791876013
3.4793	 0.46203902602981284
3.477	 0.4616453163038867
3.4746	 0.4616672619029037
3.4723	 0.46169103408929063
3.47	 0.4617139760982671
3.4677	 0.4617304354775002
3.4653	 0.46174598640975517
3.463	 0.46176350426843643
3.4607	 0.4617793399120615
3.4584	 0.4617941202518662
3.4561	 0.4613425329048754
3.4538	 0.46135562443533035
3.4515	 0.46137068382644375
3.4492	 0.4613842992963245
3.4469	 0.46140065183947226
3.4446	 0.46142467585010627
3.4423	 0.4614444124862988
3.44	 0.461213743584707
3.4378	 0.4612292215120528
3.4355	 0.4609938563318641
3.4332	 0.461013068316848
3.4309	 0.4610376453739488
3.4287	 0.461068377872944
3.4264	 0.46109894940385465
3.4241	 0.46112764326120453
3.4219	 0.46087097005074745
3.4196	 0.46090488503199567
3.4174	 0.4609331597012672
3.4151	 0.4609538086928785
3.4129	 0.46070157080314456
3.4106	 0.460697986359093
3.4084	 0.46068205112683097
3.4061	 0.4606564645387965
3.4039	 0.46028805274073625
3.4017	 0.46022303254945385
3.3994	 0.4601405590804959
3.3972	 0.46005213022419644
3.395	 0.45994957492688293
3.3928	 0.45957002070119174
3.3906	 0.45944401685813674
3.3883	 0.45931161210514587
3.3861	 0.4588024143597587
3.3839	 0.45865371843472247
3.3817	 0.45848874927613
3.3795	 0.4583100591075014
3.3773	 0.45811490629377516
3.3751	 0.4579054953527908
3.3729	 0.4574310252157005
3.3707	 0.4567939568572477
3.3685	 0.4565524475757436
3.3663	 0.45629950835583827
3.3641	 0.4560297864444693
3.362	 0.4557408378174361
3.3598	 0.45543858421973826
3.3576	 0.4551260134568761
3.3554	 0.45479854271400344
3.3533	 0.45376538027164387
3.3511	 0.4534131786889913
3.3489	 0.45304703799613116
3.3468	 0.452660279550501
3.3446	 0.45226134974943805
3.3425	 0.45185717138698805
3.3403	 0.45144623764282865
3.3382	 0.45102117520579943
3.336	 0.4500851253901541
3.3339	 0.44940244302125604
3.3317	 0.4489390445082457
3.3296	 0.4484594587772696
3.3274	 0.4479664227583816
3.3253	 0.4474612170674815
3.3232	 0.44694416960417344
3.321	 0.44589418433791556
3.3189	 0.445356927671648
3.3168	 0.44480342660454825
3.3147	 0.44403425537114904
3.3126	 0.44345184790774306
3.3104	 0.44285767452175506
3.3083	 0.4422517678266599
3.3062	 0.44163180030462973
3.3041	 0.44043184994060397
3.302	 0.4397843890896371
3.2999	 0.4391331294957862
3.2978	 0.4384695293641813
3.2957	 0.4376043520533296
3.2936	 0.43692184061710004
3.2915	 0.43623311236714346
3.2894	 0.4349416797407453
3.2874	 0.43424804125412697
3.2853	 0.43353627630947394
3.2832	 0.4328116983058721
3.2811	 0.43208228722457376
3.279	 0.43134453834925174
3.277	 0.4303836324093918
3.2749	 0.4296215518188157
3.2728	 0.4282017348896214
3.2708	 0.4274150839102211
3.2687	 0.42662326733391664
3.2666	 0.42582359420140337
3.2646	 0.4250156835539282
3.2625	 0.4241959568952869
3.2605	 0.4233660615057639
3.2584	 0.42184233634578383
3.2564	 0.42077782052387747
3.2543	 0.4199179924929565
3.2523	 0.4190422422347462
3.2503	 0.4181616919992164
3.2482	 0.4172742140469746
3.2462	 0.41637067603499833
3.2442	 0.41546153174279504
3.2421	 0.4138435873708888
3.2401	 0.4127165203906333
3.2381	 0.4117849759635409
3.2361	 0.41084491047183114
3.234	 0.40989581758215043
3.232	 0.40894260877477184
3.23	 0.40798155002468184
3.228	 0.40628877525017587
3.226	 0.40531051970209164
3.224	 0.4043295728216424
3.222	 0.4031622049581353
3.22	 0.40217036853354854
3.218	 0.4011744812798485
3.216	 0.4001773585541135
3.214	 0.3991813520225572
3.212	 0.39745796133649525
3.21	 0.3964759362587503
3.208	 0.3954925240791873
3.206	 0.39451207637448815
3.204	 0.39333552899298724
3.2021	 0.3923570916976522
3.2001	 0.39066097000603034
3.1981	 0.389689337961932
3.1961	 0.3887203715743761
3.1942	 0.38776322168950966
3.1922	 0.3868116552237298
3.1902	 0.3858657136972021
3.1883	 0.3849192162960564
3.1863	 0.38374629223969714
3.1844	 0.38210235827058386
3.1824	 0.38117147637251597
3.1805	 0.380251895028156
3.1785	 0.37933845850671344
3.1766	 0.37843292278600277
3.1746	 0.3775344306787724
3.1727	 0.37663839985561415
3.1707	 0.37480960867971125
3.1688	 0.3739292261787151
3.1669	 0.37304654733443804
3.1649	 0.37217721348240096
3.163	 0.37133128650841424
3.1611	 0.3705004008528297
3.1591	 0.36967334622281156
3.1572	 0.3682147734919867
3.1553	 0.3674144926246762
3.1534	 0.3663234825127709
3.1515	 0.3655402803456707
3.1495	 0.36478020965918473
3.1476	 0.36403344196770876
3.1457	 0.3633004500121157
3.1438	 0.3619793670979524
3.1419	 0.3612745391275372
3.14	 0.3605903137754031
3.1381	 0.35992497592370415
3.1362	 0.3589411709699305
3.1343	 0.3583034427471096
3.1324	 0.3576787026681808
3.1305	 0.35653757178591816
3.1286	 0.3559657368563027
3.1268	 0.3554151820165196
3.1249	 0.354875962421085
3.123	 0.35435415967215095
3.1211	 0.35348173822520146
3.1192	 0.3529911847510742
3.1174	 0.3520722521293043
3.1155	 0.3516371326000053
3.1136	 0.3512302680045674
3.1117	 0.3508539313639827
3.1099	 0.35050587041617054
3.108	 0.35018594901963773
3.1061	 0.34989589473060034
3.1043	 0.34890806667842383
3.1024	 0.3486892695292335
3.1006	 0.3485010768344227
3.0987	 0.34834613742622905
3.0969	 0.34822894048550745
3.095	 0.34815336791197604
3.0932	 0.34811666933371244
3.0913	 0.34793961574298177
3.0895	 0.34754496637094684
3.0876	 0.34762036451614925
3.0858	 0.3477384976742259
3.084	 0.3479042359901083
3.0821	 0.3481091043464203
3.0803	 0.3483434341342685
3.0785	 0.3486188527604672
3.0766	 0.34891321688649823
3.0748	 0.3492905637789333
3.073	 0.34920118616217766
3.0712	 0.34964533089913113
3.0694	 0.3501260002638516
3.0675	 0.3506461960086886
3.0657	 0.351244813970317
3.0639	 0.3518300741624605
3.0621	 0.35245086733719444
3.0603	 0.3531085459077301
3.0585	 0.35323657736914754
3.0567	 0.3539370889496377
3.0549	 0.35465882398123627
3.0531	 0.3554098063996622
3.0513	 0.3562313307883424
3.0495	 0.3570194479129502
3.0477	 0.3578352496614241
3.0459	 0.358671085995374
3.0441	 0.3595171751498212
3.0423	 0.3597584313047161
3.0406	 0.3606218671784691
3.0388	 0.36152419349766596
3.037	 0.36243951256936224
3.0352	 0.36338138419739135
3.0334	 0.3643350666376794
3.0317	 0.3652964260214651
3.0299	 0.3662784530123939
3.0281	 0.3665732344335819
3.0264	 0.36758674252332085
3.0246	 0.368622025474966
3.0228	 0.36967853625864827
3.0211	 0.3707543110072704
3.0193	 0.3718495995340544
3.0176	 0.3729721280522444
3.0158	 0.37410585367654503
3.014	 0.37528435797632714
3.0123	 0.37574837291344176
3.0105	 0.3769547941074752
3.0088	 0.3781925717681231
3.007	 0.37946062989229146
3.0053	 0.38075480902379755
3.0036	 0.38212600511382044
3.0018	 0.38351019018667576
3.0001	 0.38415866160796397
2.9984	 0.38560448523409996
2.9966	 0.38708565634339565
2.9949	 0.3886092563889922
2.9932	 0.39032282402676877
2.9914	 0.39194601349059344
2.9897	 0.39361846702895487
2.988	 0.3953433337237414
2.9863	 0.3971206635102281
2.9845	 0.39813029934726135
2.9828	 0.4000293154424667
2.9811	 0.40243703912802015
2.9794	 0.4045067168306513
2.9777	 0.40666172480149715
2.976	 0.40888699269423184
2.9743	 0.41118404877065345
2.9726	 0.41355264868354735
2.9709	 0.41512007705975124
2.9692	 0.41844426273593854
2.9675	 0.4210022514242336
2.9658	 0.42358834563276804
2.9641	 0.42617233237531654
2.9624	 0.42875349659423306
2.9607	 0.43133893236050297
2.959	 0.43393549628660727
2.9573	 0.43640493228740496
2.9556	 0.4389959530496617
2.9539	 0.4416057369856847
2.9523	 0.4442150293519995
2.9506	 0.4468087378061863
2.9489	 0.4493916494396007
2.9472	 0.45271422210899537
2.9455	 0.45531839886653386
2.9439	 0.4569931404244084
2.9422	 0.4596122941916327
2.9405	 0.46223954229523506
2.9389	 0.46487939278622437
2.9372	 0.4675338788315965
2.9355	 0.4709575284469617
2.9339	 0.47362800541166367
2.9322	 0.47631886115640293
2.9306	 0.4780745261397756
2.9289	 0.4807888516885741
2.9272	 0.48350335136379025
2.9256	 0.4862501389817847
2.9239	 0.48997061702278855
2.9223	 0.49284461982720773
2.9207	 0.49577824174988894
2.919	 0.49876703850657333
2.9174	 0.5008826514322665
2.9157	 0.5040539582270972
2.9141	 0.5088355757288588
2.9124	 0.5123444774093435
2.9108	 0.5159779858892435
2.9092	 0.5197322347176011
2.9075	 0.5235813317569791
2.9059	 0.5274920118380557
2.9043	 0.5305071044781031
2.9027	 0.536643628608724
2.901	 0.5405876281726348
2.8994	 0.5445022175594961
2.8978	 0.548383104032779
2.8962	 0.5522263542955399
2.8946	 0.5560307251973873
2.8929	 0.5618975612412178
2.8913	 0.5647563913003087
2.8897	 0.5684478496780211
2.8881	 0.5720935435432484
2.8865	 0.5756922601280886
2.8849	 0.5792360471241642
2.8833	 0.5827225779304119
2.8817	 0.5880997640843092
2.8801	 0.5914730800831652
2.8785	 0.59478623832094
2.8769	 0.5972836397304749
2.8753	 0.6004844413105128
2.8737	 0.6036340466138612
2.8721	 0.6084620957762881
2.8705	 0.6114798057674455
2.8689	 0.614437872472996
2.8673	 0.6173428542981173
2.8658	 0.6195551025814358
2.8642	 0.6223927020543767
2.8626	 0.6251838782850803
2.861	 0.6294146777880387
2.8594	 0.6320896013210221
2.8579	 0.6347267928898355
2.8563	 0.6373308577351826
2.8547	 0.6398932193090519
2.8531	 0.6424207270874205
2.8516	 0.6457000124063974
2.85	 0.648166506391665
2.8484	 0.6505923929969496
2.8469	 0.65298689833791
2.8453	 0.6553626509748091
2.8437	 0.6577161491318297
2.8422	 0.6611556514319172
2.8406	 0.6634470687341358
2.8391	 0.6653007330008117
2.8375	 0.6675399423702018
2.836	 0.6697529361673247
2.8344	 0.6719366278635187
2.8329	 0.6741007177710509
2.8313	 0.6771782532089597
2.8298	 0.6792701872753526
2.8282	 0.6810209761547091
2.8267	 0.6830778629724379
2.8252	 0.6851020753273651
2.8236	 0.6879017686411475
2.8221	 0.6898466071406906
2.8205	 0.6917654323335386
2.819	 0.6936517093842643
2.8175	 0.6955004276390441
2.8159	 0.697092050080412
2.8144	 0.6988877518003895
2.8129	 0.7013146716551163
2.8114	 0.7030386527585034
2.8098	 0.7047260012900396
2.8083	 0.7063749931436107
2.8068	 0.7079874304670372
2.8053	 0.709563802462824
2.8038	 0.711497868586571
2.8022	 0.7129809697483458
2.8007	 0.7144226609449696
2.7992	 0.7158278193642602
2.7977	 0.7171898925773547
2.7962	 0.7185126072578681
2.7947	 0.7197868216496607
2.7932	 0.7213722639833386
2.7917	 0.722551289736242
2.7902	 0.7236774045560879
2.7887	 0.7247468397234125
2.7872	 0.7257644932375487
2.7857	 0.726726026844742
2.7842	 0.7279700206994473
2.7827	 0.7287765711005625
2.7812	 0.7295214114398719
2.7797	 0.7302123058345097
2.7782	 0.7308201623454673
2.7767	 0.7313446395116778
2.7752	 0.7320980633080851
2.7738	 0.7324741519424876
2.7723	 0.732778277954241
2.7708	 0.7330108698265232
2.7693	 0.7332710136732348
2.7678	 0.7334215916254788
2.7664	 0.7335370027498572
2.7649	 0.7338740482272039
2.7634	 0.7339645106579209
2.7619	 0.7340480895573822
2.7605	 0.7341234609289505
2.759	 0.7341941433891318
2.7575	 0.7346344276692304
2.7561	 0.7347036864823502
2.7546	 0.7347633354341082
2.7531	 0.7348102677113126
2.7517	 0.7348595440356281
2.7502	 0.7349162400872792
2.7488	 0.7349685536925531
2.7473	 0.7353888555367496
2.7458	 0.7354164588397423
2.7444	 0.7354338841344145
2.7429	 0.7354385314155478
2.7415	 0.7354289863120502
2.74	 0.7354000605067873
2.7386	 0.7354791275408772
2.7371	 0.7354007552294
2.7357	 0.7355751876550111
2.7343	 0.7354751380898628
2.7328	 0.7353551738849978
2.7314	 0.7352036435240031
2.7299	 0.7351236803079395
2.7285	 0.7349250579088884
2.7271	 0.734698313898804
2.7256	 0.7344246235006974
2.7242	 0.7344134659631413
2.7228	 0.734041166933386
2.7213	 0.7336798983207846
2.7199	 0.7331667836812571
2.7185	 0.7325698187513469
2.7171	 0.7318666319382069
2.7156	 0.7310469603849041
2.7142	 0.7304507283189438
2.7128	 0.729409167835151
2.7114	 0.7281548579084016
2.71	 0.7267361995955516
2.7085	 0.7251567164591668
2.7071	 0.7234453203535611
2.7057	 0.7216407008821409
2.7043	 0.7198118108807446
2.7029	 0.7182937062454401
2.7015	 0.716335614143942
2.7001	 0.7143530230597923
2.6987	 0.712355292524608
2.6973	 0.710341615431109
2.6959	 0.7083542565385665
2.6945	 0.7063052387669883
2.6931	 0.7046980129636912
2.6917	 0.7026197758757661
2.6903	 0.7005192239184594
2.6889	 0.6984086064517142
2.6875	 0.6963295537347587
2.6861	 0.6942092772376314
2.6847	 0.6920898009071079
2.6833	 0.6899717260529539
2.6819	 0.68836606572664
2.6805	 0.6862844261163458
2.6791	 0.6841667125266526
2.6778	 0.6820548940973487
2.6764	 0.6799541802033281
2.675	 0.6778640734440409
2.6736	 0.6757814653506217
2.6722	 0.6742736174809041
2.6709	 0.6722658029636975
2.6695	 0.6702201728219621
2.6681	 0.6681853040222352
2.6667	 0.6661539596667088
2.6654	 0.6641282915014233
2.664	 0.6621101990120569
2.6626	 0.6601724099994598
2.6613	 0.6588319113531393
2.6599	 0.6568613027262781
2.6585	 0.6548978824107782
2.6572	 0.6529429357842469
2.6558	 0.6509972438997876
2.6545	 0.6491448640634293
2.6531	 0.6472248561062184
2.6517	 0.6460344563078567
2.6504	 0.6441308438620564
2.649	 0.6422435419982111
2.6477	 0.6404498592564023
2.6463	 0.6385740266155208
2.645	 0.6367038913525398
2.6436	 0.6348375669154795
2.6423	 0.6337895090861787
2.6409	 0.6319444165851703
2.6396	 0.6301065335580285
2.6382	 0.628359610117805
2.6369	 0.626532600933578
2.6356	 0.6247128237282642
2.6342	 0.6228983801609608
2.6329	 0.6210881055182551
2.6315	 0.6202602156583483
2.6302	 0.6184764382802286
2.6289	 0.6167096061147146
2.6275	 0.6149534287191902
2.6262	 0.6132009873371267
2.6249	 0.611455192970643
2.6236	 0.6106583370180495
2.6222	 0.6090130784742586
2.6209	 0.6072976342213443
2.6196	 0.6055920947738889
2.6183	 0.603902885805307
2.6169	 0.6022941181690433
2.6156	 0.600623620755678
2.6143	 0.5989560692255133
2.613	 0.5982814873220018
2.6117	 0.5966363312756544
2.6103	 0.5950096658290172
2.609	 0.5933942842719121
2.6077	 0.5918339844583823
2.6064	 0.5902370026321583
2.6051	 0.5886538812360241
2.6038	 0.5880855359858153
2.6025	 0.5865303358311138
2.6012	 0.584992701124936
2.5999	 0.5835011042986786
2.5986	 0.581981711910125
2.5973	 0.580477540203208
2.596	 0.5789903733039895
2.5947	 0.5775144359102229
2.5934	 0.5770683797095053
2.5921	 0.5756126990931686
2.5908	 0.5741785166358802
2.5895	 0.5727650892232937
2.5882	 0.5713651386588614
2.5869	 0.5699750086312447
2.5856	 0.5686056143633411
2.5843	 0.5682019002965156
2.583	 0.5668652809949117
2.5817	 0.5655445441006438
2.5805	 0.5642396140251877
2.5792	 0.5629577211316609
2.5779	 0.5616641791954551
2.5766	 0.5604152270571633
2.5753	 0.5600402156035806
2.5741	 0.5588053084430302
2.5728	 0.5575873676150161
2.5715	 0.5563203555040609
2.5702	 0.5551332263840696
2.569	 0.5539449934663548
2.5677	 0.552760136697619
2.5664	 0.5515833936415522
2.5651	 0.5512168701415284
2.5639	 0.5499181771390177
2.5626	 0.5487277778271565
2.5613	 0.5475344761806308
2.5601	 0.5463419479529369
2.5588	 0.5451467645179643
2.5575	 0.5447748196140333
2.5563	 0.5434220386213156
2.555	 0.5422202600103708
2.5538	 0.5410168611567918
2.5525	 0.5398103099494812
2.5513	 0.5386026264232602
2.55	 0.5372251941571283
2.5487	 0.5360171501703014
2.5475	 0.5356642382960193
2.5462	 0.5344730701870124
2.545	 0.5332842973178532
2.5437	 0.53209826142271
2.5425	 0.5307543301090379
2.5413	 0.5295857047687088
2.54	 0.5284270873477354
2.5388	 0.5281124400364373
2.5375	 0.5269713283407361
2.5363	 0.525841049549792
2.535	 0.5245701103549142
2.5338	 0.5234641355844799
2.5326	 0.5223728292839713
2.5313	 0.5212988029325011
2.5301	 0.5210520105235075
2.5289	 0.5200000021062529
2.5276	 0.5188465923815647
2.5264	 0.5178315091885154
2.5252	 0.5168379220903822
2.5239	 0.5158636397736593
2.5227	 0.5149125709505589
2.5215	 0.514627449263809
2.5202	 0.5137203966058544
2.519	 0.5128430496666627
2.5178	 0.5119970882980764
2.5166	 0.5111904039905891
2.5154	 0.5104243594576751
2.5141	 0.5096343955769254
2.5129	 0.5094842451358699
2.5117	 0.5088392785706057
2.5105	 0.5082558831171486
2.5093	 0.5077322795701468
2.5081	 0.5071976367742999
2.5068	 0.5067604918626968
2.5056	 0.5063493584022316
2.5044	 0.5062252191461519
2.5032	 0.5058485086415453
2.502	 0.5054510749092053
2.5008	 0.5051162846159021
2.4996	 0.5048021224571381
2.4984	 0.5045018292873648
2.4972	 0.5042097436943981
2.496	 0.5041216439089101
2.4948	 0.5038347014189718
2.4936	 0.5035863936710121
2.4924	 0.5033522293549008
2.4912	 0.5031355817710521
2.49	 0.5029324940174258
2.4888	 0.502747386836891
2.4876	 0.50269100718819
2.4864	 0.5025136890829963
2.4852	 0.5023428607302819
2.484	 0.5021798706596854
2.4828	 0.5020228150373486
2.4816	 0.5018958140667399
2.4805	 0.5018380121963173
2.4793	 0.5016879218017486
2.4781	 0.5015398865697934
2.4769	 0.5013966688115676
2.4757	 0.5012678979334512
2.4745	 0.5011199712308154
2.4734	 0.5009660912964533
2.4722	 0.5008094529292717
2.471	 0.5007075121841291
2.4698	 0.5005360345280997
2.4686	 0.500359923639738
2.4675	 0.5001831949785793
2.4663	 0.5000015961430229
2.4651	 0.4998123486363341
2.464	 0.4996161452655592
2.4628	 0.4994613107187778
2.4616	 0.4992071644160986
2.4604	 0.49897756082444605
2.4593	 0.49874538190508644
2.4581	 0.4985011137264762
2.4569	 0.49824998999999
2.4558	 0.4979515793375614
2.4546	 0.4977350015580764
2.4535	 0.4974707286225458
2.4523	 0.49720724369072405
2.4511	 0.4969453877040561
2.45	 0.4966430507509288
2.4488	 0.496387638084183
2.4477	 0.4961847160099489
2.4465	 0.4959498309326456
2.4454	 0.49572225790662466
2.4442	 0.4955295075037017
2.4431	 0.4953406574338436
2.4419	 0.49516299959492727
2.4408	 0.49499695925292875
2.4396	 0.49484336587338046
2.4385	 0.49473836370888225
2.4373	 0.494728073205856
2.4362	 0.4946208259422596
2.435	 0.49452143065266757
2.4339	 0.4944341106870123
2.4327	 0.49435771093679537
2.4316	 0.49447253999649016
2.4305	 0.4944112674991903
2.4293	 0.49435114394953644
2.4282	 0.49428967975563387
2.427	 0.4942343438258729
2.4259	 0.494378652360548
2.4248	 0.49434468084157207
2.4236	 0.49431731485655367
2.4225	 0.4943264145263765
2.4214	 0.49430256323075766
2.4202	 0.4944906370474453
2.4191	 0.4944855007561808
2.418	 0.4944792856716382
2.4169	 0.49451504188254
2.4157	 0.49451475221145946
2.4146	 0.4945228332304288
2.4135	 0.4947460586221465
2.4124	 0.4947715276371258
2.4112	 0.49480043158250575
2.4101	 0.49482811635964297
2.409	 0.49486025844210607
2.4079	 0.4949450688748724
2.4068	 0.49519945076346256
2.4056	 0.4952426494579366
2.4045	 0.49529029763456794
2.4034	 0.49534358424839253
2.4023	 0.4956092877858016
2.4012	 0.4956693156920322
2.4001	 0.4957850333828338
2.399	 0.49585429101438544
2.3979	 0.4959301010825362
2.3967	 0.4960083663714761
2.3956	 0.496301191216963
2.3945	 0.49639525647373833
2.3934	 0.49654359977316387
2.3923	 0.4966442400170679
2.3912	 0.49675406517241083
2.3901	 0.4970664836335003
2.389	 0.49717722514549734
2.3879	 0.49729552556214024
2.3868	 0.49742446923109823
2.3857	 0.4976075244774299
2.3846	 0.49794024743006693
2.3835	 0.4980838609293869
2.3824	 0.49823358944162166
2.3813	 0.49838721089578686
2.3802	 0.49854891030352133
2.3791	 0.49872299288641464
2.3781	 0.49916387607317736
2.377	 0.49935693384470364
2.3759	 0.4995663743853799
2.3748	 0.4997948378076448
2.3737	 0.5000360059228273
2.3726	 0.5004761000905424
2.3715	 0.5007930951907321
2.3704	 0.5010642883620154
2.3694	 0.5013532244939753
2.3683	 0.5016566674651555
2.3672	 0.5021496832504094
2.3661	 0.5024735895494308
2.365	 0.5028190715603805
2.364	 0.5032296825884508
2.3629	 0.5035994265929876
2.3618	 0.5041594800052799
2.3607	 0.504554511965071
2.3597	 0.5049592856028887
2.3586	 0.5053733210871473
2.3575	 0.5057973734019321
2.3564	 0.5064369659578295
2.3554	 0.5068720570861478
2.3543	 0.5073160936428037
2.3532	 0.5077676509538714
2.3522	 0.5082257885307555
2.3511	 0.5086895572145769
2.35	 0.5093483693409743
2.349	 0.5098181099048351
2.3479	 0.5102874557752338
2.3468	 0.5107557576546293
2.3458	 0.5112235586129777
2.3447	 0.5118338994027546
2.3436	 0.5123051436455073
2.3426	 0.5128006455358389
2.3415	 0.5132685612724825
2.3405	 0.5137390246113112
2.3394	 0.5143366617184804
2.3384	 0.5148001384346345
2.3373	 0.5152540091293546
2.3363	 0.5157034777236364
2.3352	 0.5162880624542417
2.3342	 0.5167251072382552
2.3331	 0.5171510043420098
2.3321	 0.5175704962340306
2.331	 0.5179829251620597
2.33	 0.5183908204786627
2.3289	 0.5188961373563215
2.3279	 0.5192921670203626
2.3268	 0.5196755293183035
2.3258	 0.5200508068079873
2.3247	 0.5204190039646844
2.3237	 0.5208809873929203
2.3226	 0.5212431421980521
2.3216	 0.5215969130265755
2.3206	 0.521946344283074
2.3195	 0.5222908725006947
2.3185	 0.5227216116337082
2.3175	 0.5230577690542778
2.3164	 0.5233931992763172
2.3154	 0.5237289002363037
2.3144	 0.5240578153753322
2.3133	 0.5244749525526887
2.3123	 0.5247991249985429
2.3113	 0.5251162706044433
2.3102	 0.5254261408314548
2.3092	 0.5257329057050141
2.3082	 0.5261131866841156
2.3071	 0.526416328647223
2.3061	 0.5267185773053924
2.3051	 0.5270185207701685
2.3041	 0.5273105319544015
2.303	 0.5276663777045032
2.302	 0.5279316376595727
2.301	 0.528206252339599
2.3	 0.5284692961258184
2.299	 0.5287253251913895
2.2979	 0.5290471547123095
2.2969	 0.5292991487762271
2.2959	 0.5295456577976215
2.2949	 0.5297712650496587
2.2939	 0.5300075149790809
2.2929	 0.5303067856660473
2.2918	 0.5305300870431282
2.2908	 0.5307449629958081
2.2898	 0.5309543267445658
2.2888	 0.5311352144743658
2.2878	 0.5313911912889535
2.2868	 0.5315823352230274
2.2858	 0.5317731614403325
2.2848	 0.5319588870042607
2.2838	 0.5321383853712561
2.2828	 0.5323677129209105
2.2818	 0.5325139715530673
2.2808	 0.5326922519338605
2.2798	 0.5328746311884218
2.2787	 0.5330606452452777
2.2777	 0.533204387656805
2.2767	 0.5333517872646552
2.2757	 0.5334686501309936
2.2747	 0.5336234359056999
2.2738	 0.533788415078947
2.2728	 0.5339624697802939
2.2718	 0.5341451655086901
2.2708	 0.5343361306914299
2.2698	 0.5345388385331236
2.2688	 0.5346949578426375
2.2678	 0.5349074069044553
2.2668	 0.5351309036283347
2.2658	 0.5353705073464768
2.2648	 0.5356231033870983
2.2638	 0.5358839075605382
2.2628	 0.5361590045973263
2.2618	 0.536379290527316
2.2609	 0.5366792529026678
2.2599	 0.5369844427547131
2.2589	 0.5373028532210844
2.2579	 0.5376379478710108
2.2569	 0.5379795590787299
2.2559	 0.5382440662358541
2.255	 0.5385926027739217
2.254	 0.5389485136109904
2.253	 0.5393059530855067
2.252	 0.5396658099687971
2.251	 0.5400290188507549
2.2501	 0.5402946830763744
2.2491	 0.5406452250753858
2.2481	 0.540978389372368
2.2471	 0.5412987242696162
2.2462	 0.541608182024635
2.2452	 0.5419053045194513
2.2442	 0.5420824796009743
2.2433	 0.542335958704863
2.2423	 0.5425679816602533
2.2413	 0.5427793141841635
2.2403	 0.5429694202067985
2.2394	 0.5431343257855368
2.2384	 0.5432768468601964
2.2374	 0.543293701000532
2.2365	 0.5433997854446327
2.2355	 0.5434950577657319
2.2345	 0.5435745477266363
2.2336	 0.543634944701906
2.2326	 0.5436847317087619
2.2317	 0.5436220392193414
2.2307	 0.5436529333098233
2.2297	 0.5436720575833384
2.2288	 0.5436828932949632
2.2278	 0.5436889958229223
2.2269	 0.5436800516827093
2.2259	 0.5435578842611957
2.225	 0.543534783802986
2.224	 0.543503405453385
2.2231	 0.5434701871418642
2.2221	 0.5434385950478128
2.2211	 0.5433991346530476
2.2202	 0.5432489060590405
2.2192	 0.5431823352702416
2.2183	 0.5431140422080144
2.2173	 0.5430475610635552
2.2164	 0.5429807067867914
2.2155	 0.5429079597589821
2.2145	 0.542826360293678
2.2136	 0.5426594021044517
2.2126	 0.5425725813534756
2.2117	 0.5424776162982726
2.2107	 0.5423813944712643
2.2098	 0.5422878408510261
2.2088	 0.5421885347950146
2.2079	 0.5420795187317603
2.207	 0.5419003065388037
2.206	 0.5417933374449198
2.2051	 0.5416851561262848
2.2041	 0.5415725648291388
2.2032	 0.541455087669327
2.2023	 0.54127442093048
2.2013	 0.5411490575858398
2.2004	 0.5410218550607642
2.1995	 0.5408948922652645
2.1985	 0.5407630117654538
2.1976	 0.5406271097408303
2.1967	 0.5404889444918781
2.1957	 0.5403037484294054
2.1948	 0.5401516575682546
2.1939	 0.5400002900353164
2.193	 0.5398507875322105
2.192	 0.5396923722426095
2.1911	 0.5395300131882048
2.1902	 0.5393413523548927
2.1893	 0.5391761691779594
2.1883	 0.5390084514854548
2.1874	 0.538836862438436
2.1865	 0.5386642474742196
2.1856	 0.5384958894131191
2.1846	 0.5383097201250658
2.1837	 0.5381264689394892
2.1828	 0.5379362361691289
2.1819	 0.5377482580070363
2.181	 0.5375588478462859
2.18	 0.5373640746844515
2.1791	 0.5371601655885119
2.1782	 0.5369749749704243
2.1773	 0.536771159067567
2.1764	 0.5365621687210337
2.1755	 0.5363383416324075
2.1746	 0.5361068191298938
2.1736	 0.5358711245770321
2.1727	 0.5356870676968213
2.1718	 0.535446911896919
2.1709	 0.5352023501473419
2.17	 0.5349530955803952
2.1691	 0.5347014131618999
2.1682	 0.5344459379798612
2.1673	 0.5342731028743624
2.1664	 0.5340076625866208
2.1655	 0.5337256268202257
2.1646	 0.5334298480055341
2.1637	 0.533128380352946
2.1628	 0.5328207732355726
2.1619	 0.5326326396351062
2.161	 0.532314959588295
2.1601	 0.5319899064919151
2.1592	 0.5316648054977209
2.1583	 0.5313356654787053
2.1574	 0.5310051747525716
2.1565	 0.530833534185322
2.1556	 0.5305073850463098
2.1547	 0.5301801427185784
2.1538	 0.5298532223268129
2.1529	 0.5295247797580681
2.152	 0.5291941640114985
2.1511	 0.5288559005324744
2.1502	 0.528687448927807
2.1493	 0.5283443911731737
2.1484	 0.5280101422500286
2.1475	 0.5276787360692816
2.1466	 0.5273515257323504
2.1458	 0.5270217155996947
2.1449	 0.5268820245191485
2.144	 0.5265493465812177
2.1431	 0.5262196771616261
2.1422	 0.525889772288412
2.1413	 0.5255545611286111
2.1404	 0.5252215824669981
2.1396	 0.5250824787170435
2.1387	 0.5247478124693752
2.1378	 0.5244229510765371
2.1369	 0.5241076021079226
2.136	 0.5237915086170023
2.1352	 0.5236639650685523
2.1343	 0.5233537290596009
2.1334	 0.5230577250288128
2.1325	 0.5227612389785371
2.1316	 0.5224628022921923
2.1308	 0.5221617335167626
2.1299	 0.5218658140582614
2.129	 0.5217762095946266
2.1281	 0.5215135158558415
2.1273	 0.5212398172560287
2.1264	 0.5209671873372858
2.1255	 0.5207075686001373
2.1247	 0.5204579206868526
2.1238	 0.5203692303264197
2.1229	 0.5201116151296781
2.122	 0.5198636340364508
2.1212	 0.5196088159970362
2.1203	 0.5193436930371501
2.1194	 0.5190806684883984
2.1186	 0.5190003926080701
2.1177	 0.5187592461015093
2.1168	 0.5185201687741324
2.116	 0.5182808068505503
2.1151	 0.5180287056101586
2.1143	 0.5177679126151951
2.1134	 0.5176894787248179
2.1125	 0.5174460972728392
2.1117	 0.5172017523450492
2.1108	 0.5169534317296443
2.11	 0.5166991695533123
2.1091	 0.516443567084315
2.1082	 0.5163540278685125
2.1074	 0.5161091088307337
2.1065	 0.5158610373866344
2.1057	 0.5156121743988942
2.1048	 0.5153698522963336
2.104	 0.515137099370405
2.1031	 0.5150519445050185
2.1023	 0.5148222128296738
2.1014	 0.5146067166268915
2.1005	 0.5144016512300444
2.0997	 0.5141892242148555
2.0988	 0.5139586554882428
2.098	 0.513880618135581
2.0971	 0.5136695726184831
2.0963	 0.5134384257805658
2.0955	 0.5131980442232956
2.0946	 0.5129588598676725
2.0938	 0.5126814558139934
2.0929	 0.5125131752243275
2.0921	 0.5122627542043164
2.0912	 0.5120412320957125
2.0904	 0.5118186239554967
2.0895	 0.5115692205684558
2.0887	 0.5112982291086469
2.0879	 0.5111662124978827
2.087	 0.5109670533849212
2.0862	 0.5107497548494835
2.0853	 0.5105382141204469
2.0845	 0.5103586186873006
2.0837	 0.5100808515548844
2.0828	 0.5098914832917294
2.082	 0.5097833937272088
2.0812	 0.5096587718634696
2.0803	 0.5095600619766255
2.0795	 0.0
