2.501	 1.0
2.503	 0.5084153139827198
2.504	 0.5085821284490637
2.505	 0.5081416669715929
2.506	 0.5076944186171056
2.507	 0.5070035616844581
2.509	 0.5063804717525664
2.51	 0.5056743873097832
2.511	 0.5051634382246565
2.512	 0.5052344482386922
2.514	 0.5043736764488369
2.515	 0.5039460402723922
2.516	 0.5040124253328226
2.517	 0.5034269330960573
2.518	 0.5033455789504778
2.52	 0.5021621375881646
2.521	 0.5022409354865989
2.522	 0.5015663530244183
2.523	 0.5000905440998547
2.525	 0.4999373054876254
2.526	 0.49907370465870315
2.527	 0.4981652659464644
2.528	 0.4980137873483793
2.53	 0.496217510261715
2.531	 0.4951929587751947
2.532	 0.49501421406115337
2.533	 0.4939762930692224
2.534	 0.4938190691706902
2.536	 0.49184974639038936
2.537	 0.49066422717634045
2.538	 0.49039913184501543
2.539	 0.4882241711295964
2.541	 0.4879565006326129
2.542	 0.48669248469463966
2.543	 0.4854310163085538
2.544	 0.48516265540204406
2.546	 0.4828485585186
2.547	 0.48147985946577887
2.548	 0.48115028245422076
2.549	 0.4797339062740242
2.551	 0.4772490296878607
2.552	 0.47584853516327424
2.553	 0.4754999768041352
2.554	 0.47508138339034967
2.556	 0.4723919210479862
2.557	 0.47195227528147693
2.558	 0.47038668450897303
2.559	 0.4688129185136986
2.561	 0.46721357864925855
2.562	 0.46557688487151544
2.563	 0.4639238250746985
2.565	 0.46224615925483875
2.566	 0.46175664431369207
2.567	 0.458818018528528
2.568	 0.4583169453477329
2.57	 0.45660125286634234
2.571	 0.45483171514731907
2.572	 0.45301901156412977
2.573	 0.45241970401785225
2.575	 0.44931447753886183
2.576	 0.44740917996248214
2.577	 0.4467463132822591
2.579	 0.44359342459255596
2.58	 0.4416677338072786
2.581	 0.4409676357548707
2.582	 0.44024842989081575
2.584	 0.43698764620344566
2.585	 0.4362559979252251
2.586	 0.43422595073414794
2.588	 0.4308797286880936
2.589	 0.43007446791648224
2.59	 0.4279644150063798
2.591	 0.42584146675313556
2.593	 0.42369434672470374
2.594	 0.4228340209720135
2.595	 0.41936831484399667
2.597	 0.4184837251265464
2.598	 0.41626651632847084
2.599	 0.41401783441673423
2.601	 0.41172726493349215
2.602	 0.4094147627107873
2.603	 0.4070847032217025
2.604	 0.40475019210913515
2.606	 0.4037232216301398
2.607	 0.40137476494381874
2.608	 0.39896765356951464
2.61	 0.39649398779117956
2.611	 0.3940131078782567
2.612	 0.3915370768802591
2.614	 0.3903556797874309
2.615	 0.3865005483019191
2.616	 0.38528605044309433
2.618	 0.3827414131767827
2.619	 0.3801824161923313
2.62	 0.37759952378385747
2.622	 0.3749815141442007
2.623	 0.3723405599866148
2.624	 0.36968311210280874
2.626	 0.3683162035811984
2.627	 0.3656355257343801
2.628	 0.362910837218205
2.63	 0.36016684937624505
2.631	 0.3587102298485333
2.632	 0.354647967821274
2.634	 0.35313961702194085
2.635	 0.3503117142254421
2.636	 0.3474726837631238
2.638	 0.344610821794691
2.639	 0.34171258606637483
2.64	 0.3387842097288658
2.642	 0.33584999104766017
2.643	 0.3341697898830259
2.644	 0.3299625832208513
2.646	 0.3282023399959147
2.647	 0.32515380716411957
2.648	 0.3220862609321613
2.65	 0.3189955756293933
2.651	 0.3171240159675016
2.652	 0.3127677774537821
2.654	 0.31085718522432987
2.655	 0.30774717519711503
2.657	 0.30459895419614164
2.658	 0.3014240461714265
2.659	 0.2994023348451327
2.661	 0.2950271338762318
2.662	 0.2929513098295965
2.663	 0.2896584331575976
2.665	 0.2863691106987218
2.666	 0.2830705995554035
2.667	 0.27978565424928076
2.669	 0.276483116707999
2.67	 0.27425311492501964
2.672	 0.2698715693624184
2.673	 0.26759140927598896
2.674	 0.26421947727474754
2.676	 0.2597455719121467
2.677	 0.2573480853830758
2.678	 0.2549254554666767
2.68	 0.25050219318300476
2.681	 0.24706699643269903
2.683	 0.2436395165911786
2.684	 0.24021500185475955
2.685	 0.23770189630620683
2.687	 0.23425068920969092
2.688	 0.23081661822897334
2.69	 0.22743560557814083
2.691	 0.22407820333408215
2.692	 0.22076696927162223
2.694	 0.21831225084822686
2.695	 0.21499443217667896
2.697	 0.2109127028653632
2.698	 0.20857049276162695
2.699	 0.2062842450666753
2.701	 0.202461715602053
2.702	 0.2002318977727523
2.704	 0.1964601948990347
2.705	 0.1935383824574649
2.706	 0.19135059370113017
2.708	 0.18782891059880202
2.709	 0.18562671721755958
2.711	 0.18275448408118294
2.712	 0.17988267516744685
2.713	 0.1770823571919434
2.715	 0.17493530057205756
2.716	 0.17160824187691037
2.718	 0.16956445929705707
2.719	 0.16704476844081367
2.721	 0.16406325801392413
2.722	 0.16221944273632793
2.723	 0.16046158585893439
2.725	 0.15778294505331125
2.726	 0.1561959174870586
2.728	 0.15375842812795756
2.729	 0.15232592509010853
2.731	 0.1505300780154885
2.732	 0.1488724228558828
2.734	 0.1472745353685413
2.735	 0.14607737637125087
2.736	 0.14417943541570763
2.738	 0.14317405684388174
2.739	 0.14176313106083735
2.741	 0.14017332413357253
2.742	 0.1392893215948616
2.744	 0.13815293823109984
2.745	 0.1370028918694745
2.747	 0.13601337510573897
2.748	 0.1351410363620663
2.749	 0.1345527568151608
2.751	 0.13359997193742323
2.752	 0.1327755780060573
2.754	 0.1321903571759176
2.755	 0.13164073258065886
2.757	 0.13088815807534895
2.758	 0.13053139671384298
2.76	 0.13002651012860242
2.761	 0.12940271678633697
2.763	 0.12919338173122125
2.764	 0.12881256142768993
2.766	 0.12856916500747648
2.767	 0.12827672287156297
2.769	 0.12785785928175844
2.77	 0.12774665637741978
2.772	 0.1274734164819741
2.773	 0.12722424091757678
2.774	 0.1269781220832769
2.776	 0.1268378506744265
2.777	 0.12693604318402138
2.779	 0.12661785501839093
2.78	 0.1266775424526836
2.782	 0.12712653760315867
2.783	 0.1269055055320002
2.785	 0.12710014303251468
2.786	 0.12733793637715857
2.788	 0.12722160659279838
2.789	 0.12768431366147678
2.791	 0.12786861806455052
2.792	 0.12821911522340104
2.794	 0.12880769539372997
2.795	 0.12873160845365644
2.797	 0.1293245816891525
2.798	 0.12977785639694864
2.8	 0.1302231310427892
2.801	 0.1306933244437411
2.803	 0.1312976113863068
2.804	 0.1318274661406807
2.806	 0.13275768487041106
2.808	 0.13341471772679855
2.809	 0.1341569376936345
2.811	 0.13492343484979688
2.812	 0.13564539673885742
2.814	 0.1369685861486681
2.815	 0.13731456555937474
2.817	 0.13872632553835396
2.818	 0.13960407570151834
2.82	 0.14053125925385207
2.821	 0.1415075139594623
2.823	 0.14252202893497082
2.824	 0.14353711039207942
2.826	 0.14530671292501432
2.827	 0.14642641953117433
2.829	 0.1475796141717298
2.831	 0.1495443906346781
2.832	 0.15000991411754575
2.834	 0.15217581325648952
2.835	 0.15352605332129626
2.837	 0.15492374224673483
2.838	 0.1563267520176873
2.84	 0.15781531947645372
2.841	 0.15937867500163388
2.843	 0.1619405708899963
2.844	 0.16255251721319475
2.846	 0.1653689813895809
2.848	 0.1672118560639212
2.849	 0.16917142953317466
2.851	 0.17240806150853638
2.852	 0.17312717250117676
2.854	 0.17652660386609995
2.855	 0.17858390048642842
2.857	 0.18089138977387084
2.859	 0.1844829379644092
2.86	 0.18546940300283193
2.862	 0.18946377832545275
2.863	 0.19183742509514054
2.865	 0.19456892400379885
2.866	 0.19709425737182992
2.868	 0.19985228535496546
2.87	 0.20458113281629836
2.871	 0.20535110809603396
2.873	 0.21015907087836647
2.874	 0.21338320564631913
2.876	 0.21433653683980403
2.878	 0.22221316639525954
2.879	 0.22307033487124606
2.881	 0.22653462402936717
2.882	 0.23007320650852858
2.884	 0.23367094092980267
2.886	 0.23998583363266432
2.887	 0.24361038746158648
2.889	 0.2477541004499961
2.89	 0.2517427155663869
2.892	 0.25555522249362655
2.894	 0.2631450673718495
2.895	 0.2672810712708708
2.897	 0.26876842624554725
2.899	 0.27934179744838455
2.9	 0.2803521675524756
2.902	 0.28839335917683095
2.903	 0.2895276141866448
2.905	 0.2941942666759152
2.907	 0.30210837958644104
2.908	 0.3035260875758811
2.91	 0.3118854170194335
2.912	 0.316990813168157
2.913	 0.3217331949990109
2.915	 0.3311317169749894
2.916	 0.3322804250604273
2.918	 0.34156536908706947
2.92	 0.3462893001748744
2.921	 0.3477033459796753
2.923	 0.36024244566369656
2.925	 0.36185021372228954
2.926	 0.3704856918345893
2.928	 0.37153228013367773
2.93	 0.38036390340386667
2.931	 0.385117434650994
2.933	 0.3893375140107215
2.935	 0.3976089188566815
2.936	 0.39861526610892056
2.938	 0.4063569599810072
2.94	 0.41092627905837215
2.941	 0.41194567538137233
2.943	 0.4198141638246726
2.945	 0.42357730496751245
2.946	 0.42778174896358
2.948	 0.4319293565411306
2.95	 0.4391238682251144
2.951	 0.4425718962087413
2.953	 0.44656247628466106
2.955	 0.45273884353951777
2.956	 0.453491289119534
2.958	 0.4599128878056609
2.96	 0.46272869331659344
2.961	 0.4640191549499494
2.963	 0.4692880995650918
2.965	 0.47270577463993446
2.967	 0.4780110487145506
2.968	 0.47891550094837193
2.97	 0.4848100749654918
2.972	 0.4874727654005619
2.973	 0.48898998586128695
2.975	 0.49464805408432533
2.977	 0.49702976831433504
2.978	 0.5000077763701393
2.98	 0.5045675250867787
2.982	 0.5073756073881628
2.984	 0.5102557982253896
2.985	 0.5110058313333252
2.987	 0.5158135174010856
2.989	 0.5178081764074902
2.99	 0.520585035306584
2.992	 0.524471040852006
2.994	 0.5269430107210651
2.996	 0.5294258839406334
2.997	 0.5300669824367534
2.999	 0.5341696833526971
3.001	 0.535869108429047
3.003	 0.5396895305826367
3.004	 0.5412537211030405
3.006	 0.5424211906822545
3.008	 0.5454255570043964
3.01	 0.5472759999474001
3.011	 0.5492040020428499
3.013	 0.5505143533950712
3.015	 0.5536336159573656
3.017	 0.5541490536540278
3.018	 0.556040771166837
3.02	 0.5585484938213998
3.022	 0.5602084210452316
3.024	 0.5624661367542465
3.025	 0.5628978280858878
3.027	 0.5657790986575378
3.029	 0.5663172619840043
3.031	 0.5692066822017822
3.032	 0.5702422031690558
3.034	 0.5713555733962343
3.036	 0.5733385911463404
3.038	 0.574928190346604
3.04	 0.5768971611832985
3.041	 0.5774805840647613
3.043	 0.5798521688653552
3.045	 0.5806931643863384
3.047	 0.5825852019743654
3.048	 0.5832587096678216
3.05	 0.5842312731117549
3.052	 0.5853500417237342
3.054	 0.5862206511067918
3.056	 0.5875343739344417
3.057	 0.5879276354850019
3.059	 0.5895768531527589
3.061	 0.5898552824777068
3.063	 0.5914112333645054
3.065	 0.5917728301765505
3.067	 0.5932274674331609
3.068	 0.5935856553794202
3.07	 0.5939759319548777
3.072	 0.5956459523792678
3.074	 0.5960637926999061
3.076	 0.5971696676553524
3.077	 0.5973859237675164
3.079	 0.5983228351136727
3.081	 0.5990583568458779
3.083	 0.5997543561645226
3.085	 0.6004445178605804
3.087	 0.6011557282530205
3.088	 0.6018959875596717
3.09	 0.6021618055379051
3.092	 0.6032489145105728
3.094	 0.603305947801955
3.096	 0.6034708186925776
3.098	 0.6037817487258977
3.1	 0.6040581936486666
3.101	 0.6041229311753359
3.103	 0.6046939996743228
3.105	 0.6045392013652552
3.107	 0.6052930221223349
3.109	 0.6051847035377709
3.111	 0.6057966141294421
3.113	 0.6053704064656681
3.114	 0.6057641733547479
3.116	 0.6057237729658703
3.118	 0.605817827780406
3.12	 0.6062461142651848
3.122	 0.6061273328841686
3.124	 0.606422426965099
3.126	 0.6061191624438849
3.128	 0.60600457901087
3.129	 0.605953023873389
3.131	 0.6059030983482797
3.133	 0.6054882202038351
3.135	 0.6056189137959507
3.137	 0.6052227940562386
3.139	 0.6048770547201902
3.141	 0.6041732449354495
3.143	 0.604023750141013
3.145	 0.6033152274996819
3.147	 0.6027293360454427
3.148	 0.602025317385935
3.15	 0.601841351288409
3.152	 0.6005706546592211
3.154	 0.5999988109068404
3.156	 0.5987525953215949
3.158	 0.5984940037486358
3.16	 0.5973942876253476
3.162	 0.5965049676334339
3.164	 0.5954514738422951
3.166	 0.5942978699877973
3.168	 0.5926856853654617
3.17	 0.5918288266236515
3.172	 0.5901857350572481
3.173	 0.5894056078589
3.175	 0.588471847796173
3.177	 0.5868163825054237
3.179	 0.5854960454057648
3.181	 0.5841978310239222
3.183	 0.5835349561950796
3.185	 0.5809898726151902
3.187	 0.5804859230990196
3.189	 0.5778559298978139
3.191	 0.5768703796736004
3.193	 0.5753311605179868
3.195	 0.5737988536247124
3.197	 0.5718110137380744
3.199	 0.5705992408367544
3.201	 0.568344117715195
3.203	 0.5677777143569718
3.205	 0.5646374717475608
3.207	 0.5636451212274639
3.209	 0.5608327498875911
3.211	 0.5597323725634502
3.213	 0.5573534525797581
3.215	 0.5557741907669452
3.217	 0.5530517399839023
3.219	 0.5508145031129879
3.221	 0.5486002497775136
3.223	 0.5474584464676919
3.225	 0.5437428912397003
3.227	 0.542977520473249
3.229	 0.5401283175267538
3.231	 0.5382827312246674
3.233	 0.5354173572959255
3.235	 0.5332653596529237
3.237	 0.5310686988404151
3.239	 0.5295200436323969
3.241	 0.5261729397466066
3.243	 0.52517296900752
3.245	 0.521937484388673
3.247	 0.5209377308558847
3.249	 0.5183666658030134
3.251	 0.5165572008908341
3.253	 0.5147536680958414
3.255	 0.5132158319462625
3.257	 0.5103978954816126
3.259	 0.5093347435172212
3.261	 0.5070271295726584
3.263	 0.5057715793815628
3.265	 0.5034020600480187
3.267	 0.5021578234012933
3.27	 0.4991488279533266
3.272	 0.49787717812285465
3.274	 0.4955569412751984
3.276	 0.4943177801493349
3.278	 0.4918847365873416
3.28	 0.4899517281806191
3.282	 0.4880674067695052
3.284	 0.48627291926538474
3.286	 0.4844678871823782
3.288	 0.4825933766156037
3.29	 0.48007005777886885
3.292	 0.47872683597803317
3.294	 0.4763480921276476
3.297	 0.4745647004202673
3.299	 0.4727386307319336
3.301	 0.4702920062970865
3.303	 0.4688909829601036
3.305	 0.4663260698906812
3.307	 0.46466825348273627
3.309	 0.4620952733899848
3.311	 0.46060435972825176
3.313	 0.45797181809061965
3.316	 0.45599569794190997
3.318	 0.454554870904018
3.32	 0.45320131610750963
3.322	 0.4517103194843764
3.324	 0.45152861402558003
3.326	 0.4508176990725286
3.328	 0.449706410733786
3.33	 0.4506904403704252
3.333	 0.4502921031861931
3.335	 0.44878616989856085
3.337	 0.4510033383831532
3.339	 0.4498738978722088
3.341	 0.4506830852346458
3.343	 0.4516105521722987
3.345	 0.4527705422234689
3.348	 0.45411206297623424
3.35	 0.4552017602740093
3.352	 0.45514115071213146
3.354	 0.4583497891584143
3.356	 0.4584588394237671
3.358	 0.46006296055631496
3.361	 0.4642082063083601
3.363	 0.464466710585174
3.365	 0.4669321115540282
3.367	 0.46949225676583833
3.369	 0.4721944302673748
3.372	 0.4748879768757468
3.374	 0.4773501004986354
3.376	 0.4782553230056328
3.378	 0.4812982985336418
3.38	 0.4843337890478146
3.383	 0.4870480607766248
3.385	 0.49028448904731586
3.387	 0.49323625637809143
3.389	 0.49461328791099124
3.391	 0.4978011978718004
3.394	 0.5030986987137638
3.396	 0.5045983370824072
3.398	 0.5080335859563069
3.4	 0.5115652795810193
3.403	 0.5150360700122624
3.405	 0.5187221626150742
3.407	 0.5223515898072306
3.409	 0.5244554590408258
3.411	 0.528258112387063
3.414	 0.5336447297831788
3.416	 0.5360512736478904
3.418	 0.5401383606405995
3.42	 0.5442527403681015
3.423	 0.5484823385102017
3.425	 0.5524456718918882
3.427	 0.5565433417971911
3.43	 0.560519329830877
3.432	 0.564484707886234
3.434	 0.5681338808413277
3.436	 0.5703748811602488
3.439	 0.5753288485557541
3.441	 0.5771893334575743
3.443	 0.5808996595880535
3.445	 0.583830521144212
3.448	 0.5874190150537518
3.45	 0.5904580462172413
3.452	 0.5924108147862585
3.455	 0.5968627844041294
3.457	 0.5984041622365176
3.459	 0.6028311118214104
3.462	 0.6056440198792428
3.464	 0.6074899745862883
3.466	 0.6102805341784758
3.469	 0.6130436044147568
3.471	 0.6157786757436894
3.473	 0.6184282516060081
3.476	 0.6216534132228189
3.478	 0.6243277060632576
3.48	 0.6262803170676658
3.483	 0.6297870271669769
3.485	 0.631679284350152
3.487	 0.6343183647327016
3.49	 0.63773082207297
3.492	 0.6404034684695836
3.494	 0.6430988331091678
3.497	 0.6449560498052462
3.499	 0.6484350991194766
3.501	 0.6497967768140617
3.504	 0.6535991140875029
3.506	 0.656717912357155
3.508	 0.6598233693531771
3.511	 0.6638577370365126
3.513	 0.6658689898811005
3.516	 0.6694739370476824
3.518	 0.6706646654514528
3.52	 0.6728792819515104
3.523	 0.6747793806006688
3.525	 0.675407794731887
3.528	 0.6769375098930991
3.53	 0.6767512776157898
3.532	 0.6772394408284238
3.535	 0.678280122409259
3.537	 0.6776699075074015
3.54	 0.6782836107597069
3.542	 0.6781301263694984
3.544	 0.6775011960376779
3.547	 0.6774215801877107
3.549	 0.6765431037083296
3.552	 0.676553501145928
3.554	 0.6752977261947767
3.557	 0.6746728978216473
3.559	 0.67367270863177
3.561	 0.6726560363864368
3.564	 0.6713312744689096
3.566	 0.6696846088516321
3.569	 0.668213811236479
3.571	 0.6670233374012916
3.574	 0.6652475430664592
3.576	 0.6631908551732818
3.579	 0.661767487526457
3.581	 0.659802019462893
3.584	 0.6582005270655605
3.586	 0.6564973672339938
3.589	 0.654083453895526
3.591	 0.6521256761039589
3.594	 0.6509407762613412
3.596	 0.6481431809540091
3.599	 0.6461471683718603
3.601	 0.6438895824404715
3.604	 0.6422478886483234
3.606	 0.6399664672489362
3.609	 0.6368220862267407
3.611	 0.6348132747100036
3.614	 0.6339323598861636
3.616	 0.6305155743394784
3.619	 0.6283082396206174
3.621	 0.6257254977794587
3.624	 0.6238532231261307
3.626	 0.6214128299252355
3.629	 0.6193797188793388
3.631	 0.6172836877851777
3.634	 0.6152851719892374
3.636	 0.6122636873270882
3.639	 0.6117607660048157
3.641	 0.6083974008602571
3.644	 0.6070861812199846
3.647	 0.6050238060027755
3.649	 0.6034454870258056
3.652	 0.6010536351572744
3.654	 0.6003198117848114
3.657	 0.5975379076185875
3.659	 0.5972027434768595
3.662	 0.5957567638754009
3.665	 0.5931265068841143
3.667	 0.5912764107601441
3.67	 0.5898518488648736
3.672	 0.5884925736076998
3.675	 0.5872464560187506
3.678	 0.5859717788306767
3.68	 0.5833637740726644
3.683	 0.583207569949594
3.685	 0.5806051739873107
3.688	 0.5793253928110534
3.691	 0.5780608271312231
3.693	 0.5767711799015989
3.696	 0.5754772109126144
3.699	 0.5737919305400777
3.701	 0.5710232256553635
3.704	 0.5695495144201373
3.707	 0.5680439263823749
3.709	 0.5665605171929309
3.712	 0.5651053524354904
3.715	 0.5637362187073666
3.717	 0.5625786378217379
3.72	 0.5604429853924683
3.723	 0.5606325687455158
3.725	 0.558996577403826
3.728	 0.5584005086986297
3.731	 0.5574575061305129
3.733	 0.5569828582161183
3.736	 0.5566421421620966
3.739	 0.5563249907756872
3.741	 0.555931269623096
3.744	 0.5549401590390116
3.747	 0.55528352424719
3.749	 0.5543741461407173
3.752	 0.5542538962739422
3.755	 0.5533996995207325
3.758	 0.5532082514384428
3.76	 0.5530643385084884
3.763	 0.553017284446758
3.766	 0.5525750173158693
3.769	 0.5525780708441441
3.771	 0.5530089348707702
3.774	 0.5521863661416256
3.777	 0.5526606312172989
3.779	 0.5527299339675956
3.782	 0.5523456146937307
3.785	 0.552421487018447
3.788	 0.5525055064458989
3.791	 0.5526099226428802
3.793	 0.5527422738201305
3.796	 0.5528865969747502
3.799	 0.553053927698017
3.802	 0.5528438027197699
3.804	 0.5533255900916279
3.807	 0.553124058284405
3.81	 0.5532964593494198
3.813	 0.5529749048573535
3.816	 0.5531477819666099
3.818	 0.553367093192327
3.821	 0.55326939272635
3.824	 0.5537734725928157
3.827	 0.5535978714070209
3.83	 0.5537353763468896
3.833	 0.5539022689901276
3.835	 0.5536021202322635
3.838	 0.5537294399935355
3.841	 0.5535522054445213
3.844	 0.5539213929979829
3.847	 0.5536655751253685
3.85	 0.5537709733152097
3.852	 0.5542600807537384
3.855	 0.5541047753116879
3.858	 0.5542637349853125
3.861	 0.5544093886577233
3.864	 0.5540890904067616
3.867	 0.5539950420466834
3.87	 0.5542000313750718
3.873	 0.5543536739523145
3.876	 0.554494357042311
3.878	 0.5546767331224661
3.881	 0.5548803617559438
3.884	 0.55504897106428
3.887	 0.5552095226266819
3.89	 0.5553545918949858
3.893	 0.5549982945995653
3.896	 0.5551511627116381
3.899	 0.5549592161627878
3.902	 0.5551221272062098
3.905	 0.5553191258837744
3.908	 0.5555313079866325
3.911	 0.5557403260085474
3.914	 0.5559795706352451
3.917	 0.5562129415250496
3.919	 0.5564645846399732
3.922	 0.55675785969565
3.925	 0.5565245976454406
3.928	 0.5567749898705445
3.931	 0.5567169711882073
3.934	 0.5569368786524049
3.937	 0.5570716592573586
3.94	 0.5572696514168233
3.943	 0.557529820557315
3.946	 0.557751465705808
3.949	 0.5579681797983176
3.952	 0.55742798242985
3.955	 0.5577103316751888
3.958	 0.5579680596836848
3.961	 0.5582078144517842
3.964	 0.5583913803913738
3.967	 0.5586045341084569
3.97	 0.5588491971080379
3.974	 0.5586709839461775
3.977	 0.5592093389733597
3.98	 0.5589686578250768
3.983	 0.5590998682878778
3.986	 0.5592155453829962
3.989	 0.5589239737709818
3.992	 0.5590892228818296
3.995	 0.5592250011781426
3.998	 0.5593280157417088
4.001	 0.5594306822301002
4.004	 0.5595285664228284
4.007	 0.5596012630971042
4.01	 0.5596616712383811
4.014	 0.5593674690652618
4.017	 0.5593748184993694
4.02	 0.5593747209910283
4.023	 0.5589816550930445
4.026	 0.5589864311035132
4.029	 0.5589731801140754
4.032	 0.5589525763177364
4.035	 0.558559596581381
4.039	 0.5585390911527366
4.042	 0.5585472579481459
4.045	 0.5585824567342474
4.048	 0.5586118597314517
4.051	 0.5585782284848944
4.054	 0.5585159834238416
4.057	 0.5584555204054775
4.061	 0.5580470710408975
4.064	 0.5575595749056578
4.067	 0.5573980335462385
4.07	 0.557218116371204
4.073	 0.5570631022930586
4.077	 0.5568957875921379
4.08	 0.5566996118812706
4.083	 0.5565363549660179
4.086	 0.5563982127138015
4.089	 0.5562061900521529
4.093	 0.555334623185775
4.096	 0.5551059893223699
4.099	 0.554865337920954
4.102	 0.5545534079960511
4.106	 0.5542219414613603
4.109	 0.5539068402505752
4.112	 0.5535832875823802
4.115	 0.5532494530171019
4.119	 0.5528645538369101
4.122	 0.5524308258475543
4.125	 0.5513292043363273
4.129	 0.5510779868432786
4.132	 0.550428354351613
4.135	 0.5500328508758663
4.138	 0.5496396254875984
4.142	 0.5491634604399591
4.145	 0.5486800724573546
4.148	 0.548201253008683
4.152	 0.547208930107624
4.155	 0.5466592628627314
4.158	 0.546066061479957
4.162	 0.5454666934776611
4.165	 0.5447092400380537
4.168	 0.5440572750976088
4.172	 0.5433843928453702
4.175	 0.542753901172082
4.178	 0.5421529322935621
4.182	 0.5415690879225094
4.185	 0.541003823293257
4.189	 0.5399180102105529
4.192	 0.5393044215261785
4.195	 0.5386824175184018
4.199	 0.5380670304409751
4.202	 0.5373274693398735
4.206	 0.5368414186470214
4.209	 0.5360752109074445
4.212	 0.5354145946405096
4.216	 0.5347869460465416
4.219	 0.5341971343675772
4.223	 0.5331277008891206
4.226	 0.5325262878943686
4.23	 0.5319670575708032
4.233	 0.5313963100163187
4.236	 0.5307254890700736
4.24	 0.5301320800958869
4.243	 0.5296048339338948
4.247	 0.5288796448098355
4.25	 0.5282243805145217
4.254	 0.5275750293512246
4.257	 0.5269272878256017
4.261	 0.5258469813557999
4.264	 0.5252357549518242
4.268	 0.5246299379077909
4.271	 0.5240198758665334
4.275	 0.5234174716267075
4.278	 0.5228116555914517
4.282	 0.5222635374658222
4.285	 0.5216592554817555
4.289	 0.5210445115129744
4.293	 0.5200647255818106
4.296	 0.5194953196420184
4.3	 0.5189703170834484
4.303	 0.5184586781800041
4.307	 0.5178954311850794
4.31	 0.5173011841597338
4.314	 0.5166920930568869
4.318	 0.5161094207886514
4.321	 0.5156246636165216
4.325	 0.5147921728679328
4.328	 0.5146225811579426
4.332	 0.5137903583377
4.336	 0.5132591704722187
4.339	 0.5127704509251292
4.343	 0.5122886032430108
4.347	 0.5117944755106656
4.35	 0.511301531281809
4.354	 0.5108201987109048
4.358	 0.5103092540922369
4.361	 0.5099017722345947
4.365	 0.509209407412465
4.369	 0.5088052123907544
4.372	 0.5084198623977141
4.376	 0.5079941110458965
4.38	 0.5075273389248558
4.383	 0.5070408504444216
4.387	 0.5065542187799569
4.391	 0.5060983517332761
4.394	 0.5056576314551696
4.398	 0.505203618010125
4.402	 0.5045385973800536
4.406	 0.5042399820178713
4.409	 0.5037340658700697
4.413	 0.5032720789007442
4.417	 0.5027604011724003
4.421	 0.502288914705361
4.424	 0.501848457123376
4.428	 0.5013822269820387
4.432	 0.5008924539338218
4.436	 0.5002673723578861
4.44	 0.49979811108365746
4.443	 0.49948014543498775
4.447	 0.4988969517203738
4.451	 0.49859101551373997
4.455	 0.49814920028437626
4.459	 0.4977017173609748
4.463	 0.49727412255726366
4.466	 0.49688910429889177
4.47	 0.4965212471846547
4.474	 0.4961170787642707
4.478	 0.49555311962340587
4.482	 0.49511311797234664
4.486	 0.49473205110021207
4.49	 0.49437530537177626
4.493	 0.4940223022157563
4.497	 0.4937888836843967
4.501	 0.4932948284372233
4.505	 0.49309455114107786
4.509	 0.4928084212837793
4.513	 0.4925373634454362
4.517	 0.4923022149152869
4.521	 0.49195088694865907
4.525	 0.4916799626542097
4.529	 0.4913934904556254
4.533	 0.4911187378093552
4.537	 0.490838669617861
4.541	 0.4905643166476269
4.545	 0.49033703222838926
4.549	 0.49013721761229423
4.553	 0.48999521903965143
4.557	 0.489730204595748
4.561	 0.48963687594117716
4.565	 0.4894844139324982
4.569	 0.48931619115664227
4.573	 0.4891225054391567
4.577	 0.48896304776070953
4.581	 0.48885511138812326
4.585	 0.488780941697166
4.589	 0.4887249847517832
4.593	 0.4886760389106515
4.597	 0.48862776197770935
4.601	 0.4886449056345303
4.605	 0.4886637747099345
4.609	 0.4887832944134688
4.613	 0.4888791349283484
4.617	 0.4889832824901385
4.622	 0.48907159049757554
4.626	 0.48916727471872
4.63	 0.4892912581622515
4.634	 0.48941299452565484
4.638	 0.4895419636829277
4.642	 0.48965585908723036
4.646	 0.48983452136876915
4.651	 0.490125979850687
4.655	 0.49033162701818445
4.659	 0.49054311569724635
4.663	 0.4907267418925535
4.667	 0.49087611999787656
4.672	 0.49105293167942954
4.676	 0.4912639386607917
4.68	 0.4914676785695933
4.684	 0.4916802207484934
4.688	 0.4918362606945289
4.693	 0.4919653732287439
4.697	 0.492325002155373
4.701	 0.49235167818527537
4.705	 0.4926331194609993
4.71	 0.4928054056681737
4.714	 0.49297146895741406
4.718	 0.49313931725554844
4.723	 0.49331386648025016
4.727	 0.4934538309965749
4.731	 0.4936192435142142
4.736	 0.4938346961093658
4.74	 0.49405996782166817
4.744	 0.4942652782074872
4.749	 0.4944361644625711
4.753	 0.49479056208229144
4.757	 0.4948209449798993
4.762	 0.4951249704694104
4.766	 0.4952654340332184
4.77	 0.4954432172572324
4.775	 0.4956855165162841
4.779	 0.49593733217772434
4.784	 0.49614549606769043
4.788	 0.49629608403455133
4.792	 0.49640181761969193
4.797	 0.4965373547360108
4.801	 0.49680956523586867
4.806	 0.4969396382276005
4.81	 0.49702623051380856
4.815	 0.49714559346655274
4.819	 0.4972322797097276
4.824	 0.4973528566509308
4.828	 0.4974445328546843
4.833	 0.4975389307798728
4.837	 0.49766769547469364
4.842	 0.4977974591426736
4.846	 0.4979930657575895
4.851	 0.49807541574815384
4.855	 0.4981223070677828
4.86	 0.4981773777897843
4.864	 0.49826075750830845
4.869	 0.4983381245375919
4.874	 0.49840131645081776
4.878	 0.4984876358513616
4.883	 0.498587180332837
4.887	 0.4986989722230672
4.892	 0.49886211073713554
4.897	 0.49905978501881304
4.901	 0.4991710933824388
4.906	 0.4992448551295562
4.91	 0.4992994921167265
4.915	 0.49934856053748067
4.92	 0.49936832951326254
4.924	 0.4994848208810271
4.929	 0.49965589441418395
4.934	 0.4997440461856085
4.939	 0.49979184612652766
4.943	 0.49978292107287053
4.948	 0.4997708426858522
4.953	 0.4998329350287252
4.957	 0.49986739114172823
4.962	 0.4998879636518212
4.967	 0.49988296050153475
4.972	 0.4997864357634136
4.976	 0.4996292929937404
4.981	 0.4994671992193506
4.986	 0.49935372080897344
4.991	 0.4993510451325526
4.996	 0.4992934581553034
5.0	 0.4992384142617411
5.005	 0.4991408148552108
5.01	 0.4990260446501701
5.015	 0.498817759349548
5.02	 0.4986373934748075
5.025	 0.4984230209235199
5.03	 0.49821809778586196
5.034	 0.4979631835209292
5.039	 0.4977243756768757
5.044	 0.49746951240895804
5.049	 0.49722633786684073
5.054	 0.49695538282559293
5.059	 0.49688829403891693
5.064	 0.4965636582640778
5.069	 0.49626709925779877
5.074	 0.4959814486677323
5.079	 0.49565096713053414
5.084	 0.4953245441201752
5.089	 0.4949414178906065
5.094	 0.49453803635090565
5.099	 0.4941369413375479
5.104	 0.49374765699759987
5.109	 0.4933932400203049
5.114	 0.4930497890529607
5.119	 0.49265392725338086
5.124	 0.49248008720508424
5.129	 0.49187831971640456
5.134	 0.49127485086387324
5.139	 0.4907724697857138
5.144	 0.4903108213292665
5.149	 0.48983510092278465
5.155	 0.4892939487193354
5.16	 0.48875305021383686
5.165	 0.4882224591771277
5.17	 0.4877604455100831
5.175	 0.48732133613383644
5.18	 0.4868285011222634
5.185	 0.48668264868055083
5.191	 0.4856947437690796
5.196	 0.48534187061222445
5.201	 0.48467727301096775
5.206	 0.48400355313304755
5.211	 0.4833911485671497
5.217	 0.4827820972743343
5.222	 0.4821673401568764
5.227	 0.48151865761878265
5.233	 0.4808224702943104
5.238	 0.4800685454173149
5.243	 0.47923528727831477
5.248	 0.4783633217445942
5.254	 0.47746314154795927
5.259	 0.4766654752533216
5.264	 0.4765967934515189
5.27	 0.4755375515893958
5.275	 0.4743428290577213
5.28	 0.4730463881149294
5.286	 0.4716628305168155
5.291	 0.4701430775887975
5.297	 0.46852261105782117
5.302	 0.466760446752143
5.308	 0.46482121504765384
5.313	 0.46271333323043456
5.318	 0.4605133550878854
5.324	 0.4583271638613632
5.329	 0.45585075647837653
5.335	 0.4531711231404113
5.34	 0.4525579700107182
5.346	 0.4495578063552855
5.351	 0.4463308979881005
5.357	 0.4428945328041361
5.362	 0.4392717074440079
5.368	 0.4354563370056663
5.374	 0.4313788831304559
5.379	 0.4271313808703611
5.385	 0.42301194159285016
5.39	 0.41814449354308375
5.396	 0.413786864102308
5.401	 0.40894506562955774
5.407	 0.40384087779043787
5.413	 0.3985399403074467
5.418	 0.39638286389182825
5.424	 0.38746138041755457
5.43	 0.38501744841886765
5.435	 0.3791982098034203
5.441	 0.3733218235981306
5.447	 0.3673018811885155
5.453	 0.36118840013936204
5.458	 0.35501005354040027
5.464	 0.34923930934953457
5.47	 0.34313342568175703
5.476	 0.3370187092058976
5.481	 0.3308466413143185
5.487	 0.3246660505846399
5.493	 0.318450527913173
5.499	 0.3124204752660989
5.505	 0.30958406886939444
5.511	 0.30371637062586165
5.516	 0.29783354379508936
5.522	 0.29221553711998716
5.528	 0.2868892169708476
5.534	 0.2817942741487903
5.54	 0.2779185720570417
5.546	 0.2736824644096298
5.552	 0.2699593256474548
5.558	 0.26666715719123296
5.564	 0.2636499769428035
5.57	 0.2610292231289175
5.576	 0.2589061770459146
5.582	 0.2572577429114233
5.588	 0.2559859669774322
5.594	 0.25511662070589425
5.6	 0.2560017292532325
5.606	 0.25577056177955154
5.612	 0.25589353958808503
5.618	 0.2587060872822302
5.624	 0.25715191468345966
5.63	 0.2609365494176377
5.636	 0.26254854740319733
5.642	 0.26455096842339243
5.649	 0.26700482085878424
5.655	 0.2697022431907102
5.661	 0.27270587633180365
5.667	 0.27617506850515233
5.673	 0.2803099350091878
5.68	 0.2848891753441422
5.686	 0.2901347599806275
5.692	 0.29602197169704364
5.698	 0.3023202690742595
5.705	 0.31349794179076423
5.711	 0.3209624446142709
5.717	 0.32892275388351955
5.723	 0.337156812426497
5.73	 0.3456838002365442
5.736	 0.3544651959957267
5.742	 0.3630793177306535
5.749	 0.37158252284218485
5.755	 0.37995588595063967
5.762	 0.3883292487433339
5.768	 0.3965122036025884
5.774	 0.40417397468450006
5.781	 0.41169874794658373
5.787	 0.41874469775057077
5.794	 0.4257784681687867
5.8	 0.43680374320950827
5.807	 0.4430528914303373
5.813	 0.4490450123268751
5.82	 0.45479746159621937
5.826	 0.46026304675339114
5.833	 0.4654456396491615
5.839	 0.4706596523262258
5.846	 0.47580388217912706
5.853	 0.48059966573896484
5.859	 0.48529243879395334
5.866	 0.4897417883207407
5.873	 0.49677350122872826
5.879	 0.49686254500679106
5.886	 0.5019066959309987
5.893	 0.5041844598557361
5.899	 0.5064551502208816
5.906	 0.5082624255944728
5.913	 0.5094317297647017
5.919	 0.5108199985938917
5.926	 0.51175004109393
5.933	 0.5120867609215732
5.94	 0.5121295773866299
5.947	 0.5125234250173054
5.953	 0.5129233599634714
5.96	 0.5135230252343995
5.967	 0.5144027909659347
5.974	 0.5155285818918146
5.981	 0.5166474517433594
5.988	 0.5178090963344852
5.995	 0.5179835117081074
6.002	 0.5196733349775283
6.009	 0.5219568236105607
6.016	 0.5243192307545299
6.023	 0.5271952586571945
6.03	 0.5304630495319616
6.037	 0.533664909765921
6.044	 0.5362086494204011
6.051	 0.5388367673997088
6.058	 0.5410624284314648
6.065	 0.5433554536141678
6.072	 0.5457322327019609
6.079	 0.5485589946302794
6.086	 0.5510462644158176
6.093	 0.5516602487024295
6.101	 0.553900364669353
6.108	 0.5563216049190015
6.115	 0.558588814962507
6.122	 0.5603717880103805
6.129	 0.5624865586517489
6.137	 0.5651062417988636
6.144	 0.5676460776482005
6.151	 0.5696431844056759
6.158	 0.5712676634272424
6.166	 0.5721127591541407
6.173	 0.5723477843418588
6.18	 0.5724934514289597
6.188	 0.5728917737644279
6.195	 0.5722248843605419
6.203	 0.5710968730876568
6.21	 0.5696023973208123
6.218	 0.5674013706110218
6.225	 0.5645972300642278
6.232	 0.5610654900345855
6.24	 0.5576863871072151
6.248	 0.5542203447642537
6.255	 0.5506663694964008
6.263	 0.547437200925807
6.27	 0.544061203319502
6.278	 0.5401884454081433
6.285	 0.536210568588046
6.293	 0.5313306836912428
6.301	 0.5277630983803229
6.308	 0.5237388385210897
6.316	 0.5200773518371061
6.324	 0.5163566552037941
6.331	 0.5124737113068998
6.339	 0.508503775978765
6.347	 0.5050010100791097
6.355	 0.5014277751575698
6.362	 0.4983383640613715
6.37	 0.49605722246126444
6.378	 0.49399571086804306
6.386	 0.4915909702205345
6.394	 0.48958819171993756
6.402	 0.4885356010094563
6.41	 0.48704270285818885
6.418	 0.48728882700403586
6.426	 0.48800780363834506
6.434	 0.4894863914764132
6.442	 0.4908761571553628
6.45	 0.49281012795000856
6.458	 0.49445925094683696
6.466	 0.4961428874269269
6.474	 0.49741738926646356
6.482	 0.4994773238832791
6.49	 0.5015441202634648
6.498	 0.5033776173166317
6.506	 0.5053286760879886
6.514	 0.5072757537770587
6.523	 0.5090939647445474
6.531	 0.5105947714347966
6.539	 0.511625217710868
6.547	 0.5119112968494562
6.556	 0.5127586824034739
6.564	 0.5120964340921507
6.572	 0.5108520928951499
6.58	 0.5086045642345818
6.589	 0.5059140166586258
6.597	 0.5024794283328526
6.606	 0.49875963985878413
6.614	 0.497565310361004
6.623	 0.49280344084369765
6.631	 0.48733153844234356
6.639	 0.48177749234040396
6.648	 0.4759818898278994
6.657	 0.47018290273684105
6.665	 0.46442590498413616
6.674	 0.4577741086572797
6.682	 0.4515772948027585
6.691	 0.4450269124545862
6.7	 0.4385615409693761
6.708	 0.4321003480190106
6.717	 0.4260104165888191
6.726	 0.42020091023742906
6.734	 0.4151347716644946
6.743	 0.41103847958944006
6.752	 0.4080514999024127
6.761	 0.405727888303014
6.769	 0.40469913563501103
6.778	 0.405445969572819
6.787	 0.4078537659233893
6.796	 0.41093451317458707
6.805	 0.41440033416280486
6.814	 0.4188486728148629
6.823	 0.42304187361739976
6.832	 0.42749957059056626
6.841	 0.4318024301226495
6.85	 0.43635002472594187
6.859	 0.44071419764703157
6.868	 0.4452558487784159
6.877	 0.45004883609570434
6.886	 0.4552903358047199
6.896	 0.4604936460422612
6.905	 0.4660235883589945
6.914	 0.4710654224203618
6.923	 0.4764113485447313
6.932	 0.4812950939312268
6.942	 0.4859295689275688
6.951	 0.4898734871780072
6.96	 0.4934730788901554
6.97	 0.4988089100747531
6.979	 0.49965101683263075
6.988	 0.4997351387345824
6.998	 0.4997351387345824
7.007	 0.4995760102007056
7.017	 0.49935191849062277
7.026	 0.4992827687011029
7.036	 0.4992827687011029
7.045	 0.4992827687011029
7.055	 0.4992827687011029
7.065	 0.49942655803506136
7.074	 0.49942655803506136
7.084	 0.4995554919164374
7.094	 0.4995554919164374
7.103	 0.49939891933604297
7.113	 0.499247591361996
7.123	 0.49925161755209885
7.133	 0.49929865818418656
7.142	 0.4992964469206264
7.152	 0.49941408729106046
7.162	 0.49941408729106046
7.172	 0.4995574259182919
7.182	 0.4995574259182919
7.192	 0.4995574259182919
7.202	 0.4995574259182919
7.212	 0.49971655444380036
7.222	 0.4997893497759639
7.232	 0.4997893497759639
7.242	 0.4997893497759639
7.252	 0.4997893497759639
7.262	 0.49978934977596395
7.273	 0.49978934977596395
7.283	 0.49978934977596395
7.293	 0.49978934977596395
7.303	 0.4999459225165597
7.314	 0.4999459225165597
7.324	 0.49999778873207545
7.334	 0.49999778873207545
7.345	 0.5
7.355	 0.5
7.366	 0.5
7.376	 0.5
7.387	 0.5
7.397	 0.5
7.408	 0.5
7.418	 0.5
7.429	 0.5
7.44	 0.5
7.45	 0.5
7.461	 0.5
7.472	 0.5
7.483	 0.5
7.493	 0.49999999999999994
7.504	 0.49999999999999994
7.515	 0.49999999999999994
7.526	 0.49999999999999994
7.537	 0.49999999999999994
7.548	 0.49999999999999994
7.559	 0.49999999999999994
7.57	 0.49999999999999994
7.581	 0.49999999999999994
7.592	 0.49999999999999994
7.603	 0.49999999999999994
7.614	 0.49999999999999994
7.626	 0.49999999999999994
7.637	 0.49999999999999994
7.648	 0.49999999999999994
7.659	 0.49999999999999994
7.671	 0.49999999999999994
7.682	 0.49999999999999994
7.694	 0.5
7.705	 0.5
7.716	 0.5
7.728	 0.5
7.739	 0.5
7.751	 0.5
7.763	 0.5
7.774	 0.5
7.786	 0.5
7.798	 0.5
7.809	 0.5
7.821	 0.5
7.833	 0.5
7.845	 0.5
7.857	 0.5
7.869	 0.5
7.881	 0.5
7.893	 0.5
7.905	 0.5
7.917	 0.5
7.929	 0.5
7.941	 0.5
7.953	 0.5
7.965	 0.5
7.978	 0.5
7.99	 0.5
8.002	 0.5
8.015	 0.5
8.027	 0.5
8.039	 0.5
8.052	 0.5
8.064	 0.5
8.077	 0.5
8.09	 0.5
8.102	 0.5
8.115	 0.5
8.128	 0.5
8.14	 0.5
8.153	 0.5
8.166	 0.5
8.179	 0.5
8.192	 0.5
8.205	 0.5
8.218	 0.5
8.231	 0.5
8.244	 0.5
8.257	 0.5
8.27	 0.5
8.283	 0.5
8.297	 0.5
8.31	 0.5
8.323	 0.5
8.337	 0.5
8.35	 0.5
8.364	 0.5
8.377	 0.5
8.391	 0.5
8.404	 0.5
8.418	 0.5
8.432	 0.5
8.445	 0.5
8.459	 0.5
8.473	 0.5
8.487	 0.5
8.501	 0.5
8.515	 0.5
8.529	 0.5
8.543	 0.5
8.557	 0.5
8.571	 0.5
8.585	 0.5
8.599	 0.5
8.614	 0.5
8.628	 0.5
8.642	 0.5
8.657	 0.5
8.671	 0.5
8.686	 0.5
8.7	 0.5
8.715	 0.5
8.73	 0.5
8.744	 0.5
8.759	 0.5
8.774	 0.5
8.789	 0.5
8.804	 0.5
8.819	 0.5
8.834	 0.49999999999999994
8.849	 0.49999999999999994
8.864	 0.49999999999999994
8.879	 0.49999999999999994
8.894	 0.49999999999999994
8.91	 0.49999999999999994
8.925	 0.49999999999999994
8.94	 0.5001999950722243
8.956	 0.5001999950722243
8.971	 0.5001999950722243
8.987	 0.5001999950722243
9.002	 0.5001999950722243
9.018	 0.5001999950722243
9.034	 0.5001999950722243
9.05	 0.5001999950722243
9.065	 0.5001999950722243
9.081	 0.5001999950722243
9.097	 0.5001999950722243
9.113	 0.5001999950722243
9.129	 0.5001738048083153
9.145	 0.4999904037578818
9.162	 0.5010001701281985
9.178	 0.5010001701281985
9.194	 0.5029005381761119
9.21	 0.5031804998993606
9.227	 0.5031804998993606
9.243	 0.5042538251764469
9.26	 0.5042538251764469
9.276	 0.5059509290719602
9.293	 0.506121958083919
9.31	 0.50721037835623
9.326	 0.5087733735379525
9.343	 0.5121953207702797
9.36	 0.5120971351751827
9.377	 0.5124346003316611
9.394	 0.5104476953812034
9.411	 0.5094285322850296
9.428	 0.5105258380243359
9.445	 0.5125192729211139
9.462	 0.5121585732006878
9.48	 0.5130689581699304
9.497	 0.513835499043576
9.515	 0.513773533933624
9.532	 0.5096512424548941
9.55	 0.5079604668209005
9.567	 0.5078839305355025
9.585	 0.5085494633601773
9.603	 0.5107980722919468
9.62	 0.5095240726308804
9.638	 0.5114133825353555
9.656	 0.5126280404131879
9.674	 0.5139917854952504
9.692	 0.5119130965305765
9.711	 0.5126626603211661
9.729	 0.5142688050601602
9.747	 0.5188905450024194
9.765	 0.5190585119262336
9.784	 0.5214859444332219
9.802	 0.5205371188571171
9.821	 0.5169778815160609
9.839	 0.510272256555871
9.858	 0.5064942227614925
9.877	 0.5070913230735468
9.896	 0.5076695923222049
9.915	 0.5062239533680168
9.934	 0.5027684290522201
9.953	 0.5007297691767123
9.972	 0.49921967495425684
9.991	 0.4981696726786907
10.01	 0.4993097955933103
10.03	 0.5053703408305418
10.049	 0.5114084657212922
10.069	 0.5123460067969414
10.088	 0.5097611645621841
10.108	 0.5132208702440844
10.128	 0.5165681584994003
10.148	 0.521996926394018
10.167	 0.5232275516564964
10.187	 0.5271876247674547
10.207	 0.5285781713566483
10.228	 0.5303242596852016
10.248	 0.5279886108742975
10.268	 0.5285016820306697
10.289	 0.5279043746418143
10.309	 0.5253771551724138
10.33	 0.5234629126006505
10.35	 0.5235902132670417
10.371	 0.5226193582050613
10.392	 0.5203029990724518
10.412	 0.5181333879725437
10.433	 0.516932875050546
10.454	 0.5171691686640596
10.476	 0.516813540704496
10.497	 0.5155522163786628
10.518	 0.5134959836351843
10.539	 0.5094693184089546
10.561	 0.5061700972407325
10.582	 0.5050894357149915
10.604	 0.5038451143706543
10.626	 0.501675041876047
10.648	 0.49885150407026957
10.67	 0.4975256853774899
10.692	 0.4957557452716444
10.714	 0.4973123941211483
10.736	 0.4968805567946422
10.758	 0.49779263719821937
10.78	 0.4942683208753949
10.803	 0.49340081711544
10.825	 0.49219359391830825
10.848	 0.49472332346864706
10.871	 0.49463570408134677
10.894	 0.4933490156543168
10.917	 0.493069362381339
10.94	 0.4936247723132968
10.963	 0.496383921062959
10.986	 0.5003645541222659
11.009	 0.5020678013785342
11.033	 0.5002262955419778
11.056	 0.4987411954400159
11.08	 0.5011441647597255
11.104	 0.5029904643683349
11.127	 0.5041396789636722
11.151	 0.5042217844075428
11.175	 0.503727369542066
11.2	 0.5026757344333574
11.224	 0.5041538162318357
11.248	 0.5085183847030377
11.273	 0.5085846479736886
11.297	 0.5073379753615426
11.322	 0.50365291537247
11.347	 0.5053017203944511
11.372	 0.5035844209309598
11.397	 0.5042358522534734
11.422	 0.5020097905794272
11.447	 0.5014777281058784
11.472	 0.4973489739292877
11.498	 0.5005936386927451
11.523	 0.5012602394454947
11.549	 0.49874686716791977
11.575	 0.4962620375063355
11.6	 0.4942456051599849
11.626	 0.4922276485045804
11.653	 0.49327368487848217
11.679	 0.491640191264722
11.705	 0.488049591002045
11.732	 0.4869231513431584
11.758	 0.4890721781828685
11.785	 0.4898896160984664
11.812	 0.48995040459410066
11.839	 0.4890832587880595
11.866	 0.4889217619986851
11.893	 0.4888903716554347
11.92	 0.4880166258840881
11.948	 0.4847812734593598
11.976	 0.4837737127371273
12.003	 0.48507769183380106
12.031	 0.4868605406144278
12.059	 0.48743945417614276
12.087	 0.48373473413825624
12.115	 0.4849601377750963
12.144	 0.4839734880258976
12.172	 0.4884815025953374
12.201	 0.4852426122949195
12.23	 0.48518292055381673
12.259	 0.48601084960061514
12.288	 0.4879104861527909
12.317	 0.4889157771919969
12.346	 0.4868692182910255
12.376	 0.48514632310621153
12.405	 0.48327437194930817
12.435	 0.47992186790224406
12.465	 0.47907700760003663
12.495	 0.48242302969666656
12.525	 0.48782254413761883
12.555	 0.4943308592504895
12.586	 0.5001596496829813
12.617	 0.5058381794038188
12.647	 0.5112190608373814
12.678	 0.5122133134439679
12.709	 0.5074294205052006
12.741	 0.49995359628770303
12.772	 0.4951402129935358
12.803	 0.49283071230342274
12.835	 0.4919518027961736
12.867	 0.4918138337012509
12.899	 0.4939204126750184
12.931	 0.49675339626985954
12.964	 0.5021026849669578
12.996	 0.5067864918701069
13.029	 0.5076930185279305
13.061	 0.5091903499031871
13.094	 0.5022156848141804
13.128	 0.5043904242536279
13.161	 0.49468309364313484
13.194	 0.4934212366769552
13.228	 0.48328956566095477
13.262	 0.4790739593308173
13.296	 0.47874431783044014
13.33	 0.47456494762242224
13.364	 0.4770371313564154
13.399	 0.47986453837143
13.434	 0.48713471700591754
13.469	 0.495774874109691
13.504	 0.5031507696519646
13.539	 0.5053373794692996
13.574	 0.5070700618535217
13.61	 0.5057186989524987
13.646	 0.49882428630963827
13.682	 0.4908282596754618
13.718	 0.4899192897517262
13.754	 0.4890462477203477
13.791	 0.49047269456775955
13.828	 0.4917411230256195
13.865	 0.49977452350768026
13.902	 0.49984488810449457
13.939	 0.5007541947430159
13.977	 0.5022475380277434
14.015	 0.5015843606392284
14.053	 0.5047817295412875
14.091	 0.5047126850169343
14.129	 0.5068337339568266
14.168	 0.5053722519304492
14.207	 0.5038790230007968
14.246	 0.5006782976892254
14.285	 0.4963414226007665
14.324	 0.49470675882953435
14.364	 0.4925154206388462
14.404	 0.4939768537382849
14.444	 0.4939768537382848
14.484	 0.4977373513979318
14.525	 0.497291528014014
14.566	 0.4999611058297289
14.607	 0.4999611058297289
14.648	 0.5058905120028417
14.69	 0.508598435261221
14.731	 0.5059922937319472
14.773	 0.5033229274175041
14.815	 0.5055391445556306
14.858	 0.4996096925396436
14.901	 0.5133826927100765
14.944	 0.5159871406630494
14.987	 0.5082298952502009
15.03	 0.5060139537237001
15.074	 0.49179176201065106
15.118	 0.4780289848666091
15.162	 0.47802898486660905
15.206	 0.48578061598756006
15.251	 0.48578061598756006
15.296	 0.5
15.341	 0.0
