14.0112	 1.0
13.9734	 0.5
13.9359	 0.5
13.8985	 0.5
13.8614	 0.5
13.8244	 0.5
13.7876	 0.5
13.7511	 0.5
13.7147	 0.5
13.6785	 0.5
13.6425	 0.5
13.6067	 0.5
13.5711	 0.5
13.5356	 0.5
13.5004	 0.5
13.4653	 0.5
13.4304	 0.5
13.3957	 0.5
13.3612	 0.5
13.3269	 0.5
13.2927	 0.5
13.2587	 0.5
13.2249	 0.49999999999999994
13.1912	 0.49999999999999994
13.1578	 0.49999999999999994
13.1244	 0.49999999999999994
13.0913	 0.49999999999999994
13.0583	 0.49999999999999994
13.0255	 0.5
12.9929	 0.5
12.9604	 0.5
12.9281	 0.5
12.8959	 0.5
12.8639	 0.5
12.8321	 0.5
12.8004	 0.5
12.7688	 0.5
12.7375	 0.5
12.7063	 0.5
12.6752	 0.5
12.6443	 0.5
12.6135	 0.5
12.5829	 0.5
12.5524	 0.5
12.5221	 0.5
12.4919	 0.5
12.4619	 0.5
12.432	 0.5
12.4023	 0.5
12.3727	 0.5
12.3432	 0.5
12.3139	 0.5
12.2847	 0.5
12.2557	 0.5
12.2268	 0.5
12.198	 0.5
12.1694	 0.5
12.1409	 0.5
12.1125	 0.5
12.0843	 0.5
12.0562	 0.5
12.0282	 0.5
12.0003	 0.5
11.9726	 0.5
11.945	 0.5
11.9176	 0.5
11.8903	 0.5
11.863	 0.5
11.836	 0.5
11.809	 0.5
11.7822	 0.5
11.7555	 0.5
11.7289	 0.5
11.7024	 0.5
11.676	 0.5
11.6498	 0.5
11.6237	 0.5
11.5977	 0.5
11.5718	 0.5
11.546	 0.5
11.5203	 0.5
11.4948	 0.5
11.4694	 0.5
11.444	 0.5
11.4188	 0.5
11.3937	 0.5
11.3688	 0.5
11.3439	 0.5
11.3191	 0.5
11.2944	 0.5
11.2699	 0.5
11.2454	 0.5
11.2211	 0.5
11.1969	 0.5
11.1727	 0.5
11.1487	 0.5
11.1248	 0.5
11.101	 0.5
11.0773	 0.5
11.0536	 0.5
11.0301	 0.5
11.0067	 0.5
10.9834	 0.5
10.9602	 0.5
10.937	 0.5
10.914	 0.5
10.8911	 0.5
10.8682	 0.5
10.8455	 0.5
10.8229	 0.5
10.8003	 0.5
10.7779	 0.5
10.7555	 0.5
10.7332	 0.5
10.7111	 0.5
10.689	 0.5
10.667	 0.5
10.6451	 0.5
10.6233	 0.5
10.6015	 0.5
10.5799	 0.5
10.5584	 0.5
10.5369	 0.5
10.5155	 0.5
10.4942	 0.5
10.473	 0.5
10.4519	 0.5
10.4309	 0.5
10.4099	 0.5
10.3891	 0.5
10.3683	 0.5
10.3476	 0.5
10.327	 0.5
10.3065	 0.5
10.286	 0.5
10.2657	 0.5
10.2454	 0.5
10.2252	 0.5
10.205	 0.5
10.185	 0.5
10.165	 0.5
10.1451	 0.5
10.1253	 0.5
10.1056	 0.5
10.0859	 0.5
10.0663	 0.5
10.0468	 0.5
10.0274	 0.5
10.008	 0.5
9.9887	 0.5
9.9695	 0.5
9.9504	 0.5
9.9313	 0.5
9.9123	 0.5
9.8934	 0.5
9.8746	 0.5
9.8558	 0.5
9.8371	 0.5
9.8185	 0.5
9.7999	 0.49999999999999994
9.7814	 0.49999999999999994
9.763	 0.49999999999999994
9.7447	 0.49999999999999994
9.7264	 0.49999999999999994
9.7082	 0.49999999999999994
9.69	 0.49999999999999994
9.6719	 0.49999999999999994
9.6539	 0.49999999999999994
9.636	 0.5004397413243278
9.6181	 0.5014151462254
9.6003	 0.503002675878337
9.5825	 0.505257883632918
9.5649	 0.5082030304006275
9.5472	 0.5118013896769388
9.5297	 0.5159544330907764
9.5122	 0.5205127297055818
9.4948	 0.5253021554945947
9.4774	 0.5301519608843328
9.4601	 0.534920364420549
9.4429	 0.5391336351688752
9.4257	 0.5422374404205347
9.4086	 0.544060986408379
9.3916	 0.5442651479435496
9.3746	 0.5429415320212881
9.3577	 0.5402217653434829
9.3408	 0.5362003164339805
9.324	 0.5310612925959446
9.3073	 0.5250557771835834
9.2906	 0.5184629554992581
9.274	 0.5115481476681789
9.2574	 0.504535211223957
9.2409	 0.49796484980417544
9.2245	 0.4920163611121584
9.2081	 0.48682559715463697
9.1918	 0.48437468622446217
9.1755	 0.48051001708852015
9.1593	 0.4775535221253012
9.1431	 0.47553221187685896
9.127	 0.47443459217533185
9.111	 0.4742147384341563
9.095	 0.4747993434585127
9.0791	 0.47609846266104777
9.0632	 0.47801037248579503
9.0474	 0.4804175948561812
9.0316	 0.4836282089611784
9.0159	 0.4865476646468935
9.0003	 0.48950276261374137
8.9847	 0.4923626605380931
8.9691	 0.4950122744466792
8.9536	 0.49735226143930744
8.9382	 0.49928373337262155
8.9228	 0.5006962617292521
8.9075	 0.5014641819292873
8.8922	 0.5014520745878344
8.877	 0.5005426911430704
8.8618	 0.4987817810014362
8.8467	 0.4966384908032784
8.8316	 0.49419631629985866
8.8166	 0.4918281735901729
8.8016	 0.4893943154644791
8.7867	 0.4870004687421003
8.7718	 0.4847297045378685
8.757	 0.48319267510853764
8.7423	 0.48240729857124076
8.7275	 0.4823382442064735
8.7129	 0.4829972755530081
8.6982	 0.4858216413473509
8.6837	 0.48822861500636155
8.6692	 0.4915970987342481
8.6547	 0.4954855578280837
8.6403	 0.49945157129048545
8.6259	 0.5034524715522771
8.6116	 0.5074567291583358
8.5973	 0.5114478031740034
8.583	 0.51542432752237
8.5688	 0.518924535128024
8.5547	 0.521456826424732
8.5406	 0.5231621113508119
8.5266	 0.5242211618538345
8.5126	 0.5247524548266501
8.4986	 0.5244860946513474
8.4847	 0.524505525779736
8.4708	 0.5240672195027434
8.457	 0.5232108170875642
8.4432	 0.5223343218163664
8.4295	 0.5214270837344381
8.4158	 0.5204478268692821
8.4022	 0.5194262640223687
8.3886	 0.5177631988718515
8.375	 0.5156199737477207
8.3615	 0.5133322231557806
8.3481	 0.5107364545620714
8.3347	 0.507642993646631
8.3213	 0.5041063335372931
8.3079	 0.5005050414199926
8.2946	 0.4968038854222791
8.2814	 0.4929907960792497
8.2682	 0.48907056363683454
8.255	 0.4850551132051669
8.2419	 0.4809711648433201
8.2288	 0.47687583814982465
8.2158	 0.4728703854336004
8.2028	 0.46971828685539463
8.1898	 0.4663676233791007
8.1769	 0.46365701719414637
8.164	 0.46183702006825167
8.1512	 0.46111497705829096
8.1384	 0.46178392476204616
8.1256	 0.46364562629891015
8.1129	 0.46606577615368955
8.1002	 0.46859703407126824
8.0876	 0.47123452329110355
8.075	 0.47397297127072247
8.0624	 0.4768044848052248
8.0499	 0.47971859149972845
8.0374	 0.482693567490421
8.025	 0.48569413190793576
8.0126	 0.4886639668142962
8.0002	 0.491522216620378
7.9879	 0.4941616975276904
7.9756	 0.49645585958453203
7.9634	 0.49827104592106997
7.9512	 0.49837875516877017
7.939	 0.49951622835339365
7.9268	 0.5
7.9147	 0.5
7.9027	 0.5
7.8906	 0.5
7.8786	 0.5
7.8667	 0.5
7.8548	 0.5
7.8429	 0.5
7.831	 0.5
7.8192	 0.5
7.8075	 0.5
7.7957	 0.5
7.784	 0.5
7.7723	 0.5
7.7607	 0.5
7.7491	 0.5
7.7375	 0.5
7.726	 0.5
7.7145	 0.5
7.7031	 0.5
7.6916	 0.5
7.6802	 0.5
7.6689	 0.5
7.6575	 0.5
7.6462	 0.5
7.635	 0.5
7.6238	 0.5
7.6126	 0.5
7.6014	 0.5
7.5903	 0.5
7.5792	 0.5
7.5681	 0.5
7.5571	 0.5
7.5461	 0.5
7.5351	 0.5
7.5242	 0.5
7.5133	 0.5
7.5024	 0.5
7.4916	 0.5
7.4807	 0.5
7.47	 0.5
7.4592	 0.5
7.4485	 0.5
7.4378	 0.5
7.4272	 0.5
7.4165	 0.5
7.4059	 0.5
7.3954	 0.5
7.3848	 0.5
7.3743	 0.5
7.3639	 0.5
7.3534	 0.5
7.343	 0.5
7.3326	 0.5
7.3223	 0.5
7.3119	 0.5
7.3016	 0.5
7.2914	 0.5
7.2811	 0.5
7.2709	 0.5
7.2607	 0.5
7.2506	 0.5
7.2404	 0.5
7.2303	 0.5
7.2203	 0.5
7.2102	 0.5
7.2002	 0.5
7.1902	 0.5
7.1803	 0.5
7.1703	 0.5
7.1604	 0.5
7.1506	 0.5
7.1407	 0.5
7.1309	 0.5
7.1211	 0.5
7.1113	 0.5
7.1016	 0.5
7.0919	 0.5
7.0822	 0.5
7.0725	 0.5
7.0629	 0.5
7.0533	 0.5
7.0437	 0.5
7.0341	 0.5
7.0246	 0.5
7.0151	 0.5
7.0056	 0.5
6.9962	 0.5
6.9867	 0.5
6.9773	 0.5
6.9679	 0.5
6.9586	 0.5000000000000001
6.9493	 0.5000000000000001
6.94	 0.5000000000000001
6.9307	 0.5000000000000001
6.9214	 0.5000000000000001
6.9122	 0.5000000000000001
6.903	 0.5000000000000001
6.8938	 0.5000000000000001
6.8847	 0.5000000000000001
6.8755	 0.5000000000000001
6.8664	 0.5000000000000001
6.8573	 0.5000000000000001
6.8483	 0.5000000000000001
6.8393	 0.5000000000000001
6.8302	 0.5000000000000001
6.8213	 0.5000000000000001
6.8123	 0.5000000000000001
6.8034	 0.5000000000000001
6.7944	 0.5000000000000001
6.7855	 0.5000000000000001
6.7767	 0.5000000000000001
6.7678	 0.5000000000000001
6.759	 0.5
6.7502	 0.5
6.7414	 0.5
6.7327	 0.5
6.7239	 0.5
6.7152	 0.5
6.7065	 0.5
6.6979	 0.5
6.6892	 0.5
6.6806	 0.5
6.672	 0.5
6.6634	 0.5
6.6549	 0.5
6.6464	 0.5
6.6378	 0.5
6.6294	 0.5
6.6209	 0.5
6.6124	 0.5
6.604	 0.5
6.5956	 0.5
6.5872	 0.5
6.5789	 0.5
6.5705	 0.5
6.5622	 0.5
6.5539	 0.5
6.5457	 0.5
6.5374	 0.5
6.5292	 0.5
6.5209	 0.5
6.5128	 0.5
6.5046	 0.5
6.4964	 0.5
6.4883	 0.5
6.4802	 0.5
6.4721	 0.5
6.464	 0.5
6.456	 0.5
6.448	 0.5
6.4399	 0.5
6.432	 0.5
6.424	 0.5
6.416	 0.5
6.4081	 0.5000000000000001
6.4002	 0.5000000000000001
6.3923	 0.5000000000000001
6.3844	 0.5000000000000001
6.3766	 0.5000000000000001
6.3687	 0.5000000000000001
6.3609	 0.5000000000000001
6.3531	 0.5000000000000001
6.3454	 0.5000000000000001
6.3376	 0.5000000000000001
6.3299	 0.5000000000000001
6.3221	 0.5000000000000001
6.3144	 0.5000000000000001
6.3068	 0.5000000000000001
6.2991	 0.5000000000000001
6.2914	 0.5000000000000001
6.2838	 0.5000000000000001
6.2762	 0.5000000000000001
6.2686	 0.5000000000000001
6.2611	 0.5000000000000001
6.2535	 0.5000000000000001
6.246	 0.5000000000000001
6.2385	 0.5000000000000001
6.231	 0.5000000000000001
6.2235	 0.5000000000000001
6.216	 0.5000000000000001
6.2086	 0.5
6.2011	 0.5
6.1937	 0.5
6.1863	 0.5
6.179	 0.5
6.1716	 0.5
6.1643	 0.5
6.157	 0.5
6.1496	 0.5
6.1424	 0.5
6.1351	 0.5
6.1278	 0.5
6.1206	 0.5
6.1134	 0.5
6.1062	 0.5
6.099	 0.5
6.0918	 0.5
6.0847	 0.5
6.0776	 0.5
6.0704	 0.5
6.0633	 0.5
6.0563	 0.5
6.0492	 0.5
6.0421	 0.5
6.0351	 0.5
6.0281	 0.5
6.0211	 0.5
6.0141	 0.5
6.0071	 0.5
6.0002	 0.5
5.9932	 0.5
5.9863	 0.5
5.9794	 0.500004953153668
5.9725	 0.5002942826059208
5.9657	 0.5005778277747633
5.9588	 0.5009660606283024
5.952	 0.5014706509636556
5.9451	 0.5020973122375693
5.9383	 0.5028436983492931
5.9315	 0.503698921584062
5.9247	 0.5046486682539312
5.918	 0.5056797668974871
5.9112	 0.5067795131513037
5.9045	 0.5079351186657413
5.8978	 0.5091315511333622
5.8911	 0.5103474788683541
5.8844	 0.5115539648293642
5.8777	 0.5133574277502158
5.8711	 0.5142791983871386
5.8644	 0.5150453674529678
5.8578	 0.5156297332818799
5.8512	 0.5160189249532726
5.8446	 0.5162132284097629
5.838	 0.5162254961888946
5.8314	 0.5162254961888946
5.8249	 0.5162254961888946
5.8184	 0.5162254961888946
5.8118	 0.5162254961888946
5.8053	 0.5162254961888946
5.7988	 0.5162254961888946
5.7923	 0.5157344055916143
5.7859	 0.5157301947867009
5.7794	 0.5156374004067054
5.773	 0.5153707781377312
5.7666	 0.5149311117985641
5.7602	 0.5143043490294207
5.7538	 0.5134684707678322
5.7474	 0.5124054590185134
5.741	 0.5111100711567502
5.7347	 0.5095925696731315
5.7283	 0.508008711472463
5.722	 0.5064087886165534
5.7157	 0.5048257902155387
5.7094	 0.5032908023736906
5.7031	 0.502506590929266
5.6969	 0.5013342889614
5.6906	 0.500303378784489
5.6844	 0.4994666457021302
5.6782	 0.4992879156659032
5.6719	 0.4990664788880211
5.6657	 0.4992261140900304
5.6596	 0.4998079380023209
5.6534	 0.5008223682959462
5.6472	 0.5022443493994472
5.6411	 0.5040142429654346
5.6349	 0.5059116169543779
5.6288	 0.5077067262499735
5.6227	 0.5100243648879156
5.6166	 0.5111935955926596
5.6106	 0.5121061833663981
5.6045	 0.5127408683836407
5.5984	 0.513084857478016
5.5924	 0.5136263896266299
5.5864	 0.51362638962663
5.5804	 0.5136306014729695
5.5744	 0.5137184683209638
5.5684	 0.5138855361899628
5.5624	 0.514135764120186
5.5564	 0.5144792362544532
5.5505	 0.5149271384664629
5.5445	 0.5154857521413018
5.5386	 0.5153623390164744
5.5327	 0.5160190133342729
5.5268	 0.5164976484948112
5.5209	 0.5167547587291226
5.5151	 0.516764200395938
5.5092	 0.5165032414488303
5.5033	 0.5151633648813511
5.4975	 0.51428134241813
5.4917	 0.5131107278088288
5.4859	 0.5116400071700551
5.4801	 0.5098510540278491
5.4743	 0.5077221489226972
5.4685	 0.5052337809808382
5.4628	 0.5021585445530019
5.457	 0.4994497221100112
5.4513	 0.4967068006134162
5.4455	 0.4940356277730329
5.4398	 0.4915680777519835
5.4341	 0.4895802985692432
5.4284	 0.48818794324202963
5.4228	 0.48818876847906867
5.4171	 0.4882452552548998
5.4114	 0.4890554684552093
5.4058	 0.4906191923475824
5.4002	 0.49291219410119724
5.3945	 0.4958895818397713
5.3889	 0.501898425286401
5.3833	 0.5052566719346395
5.3778	 0.5085924003382327
5.3722	 0.5118958881648517
5.3666	 0.5151618409052836
5.3611	 0.5183872657911018
5.3555	 0.5215700594869052
5.35	 0.5247099681114243
5.3445	 0.5278093168442367
5.339	 0.531662404660602
5.3335	 0.5346956493231269
5.328	 0.5378208298460332
5.3225	 0.5423981889183362
5.3171	 0.5456942922503804
5.3116	 0.5491127981576943
5.3062	 0.5526440385392498
5.3008	 0.556271166066073
5.2954	 0.5599740069769962
5.29	 0.5637332288087015
5.2846	 0.5675355213814656
5.2792	 0.5713754039473551
5.2738	 0.575255010109088
5.2684	 0.5791794160103924
5.2631	 0.5817490532897289
5.2578	 0.5851433613940938
5.2524	 0.5882038317111107
5.2471	 0.5908053030256093
5.2418	 0.592931499899664
5.2365	 0.5945043263088627
5.2312	 0.5954545263439313
5.226	 0.5957328186766013
5.2207	 0.5953170764459338
5.2154	 0.5942162285454271
5.2102	 0.5924693823977547
5.205	 0.5901404488671661
5.1998	 0.5873126600822579
5.1945	 0.5840807778932995
5.1893	 0.5816074403424835
5.1842	 0.5785197694121996
5.179	 0.5755553053547997
5.1738	 0.5727611901996243
5.1686	 0.5701682140648461
5.1635	 0.5677907390012742
5.1584	 0.5656289168738602
5.1532	 0.5636707749518455
5.1481	 0.5618948837260391
5.143	 0.560274853533607
5.1379	 0.5587846155893267
5.1328	 0.5574032090709131
5.1277	 0.5577174839904823
5.1227	 0.5582126968435004
5.1176	 0.5573514551257548
5.1126	 0.556694530444146
5.1075	 0.5562911339759553
5.1025	 0.5561891001143917
5.0975	 0.5564255919133176
5.0925	 0.5570207606482653
5.0875	 0.5579737577813692
5.0825	 0.5592626947813037
5.0775	 0.5608476369567924
5.0726	 0.5626764672069137
5.0676	 0.5678031226440289
5.0627	 0.5700625292552737
5.0577	 0.572546745715504
5.0528	 0.5769175251194731
5.0479	 0.5796544069304045
5.043	 0.5825751593636392
5.038	 0.585685838790966
5.0332	 0.5889914741066257
5.0283	 0.5924904743481371
5.0234	 0.5961704309721931
5.0185	 0.6000069887100437
5.0137	 0.6039642363832801
5.0088	 0.6100511137221069
5.004	 0.6140088597950876
4.9992	 0.6179444036598454
4.9944	 0.6218084073410703
4.9896	 0.6255256253255321
4.9848	 0.6290795208495052
4.98	 0.6324359025156696
4.9752	 0.6355534992944335
4.9704	 0.6384016638398237
4.9657	 0.6409637835939302
4.9609	 0.6432392038874344
4.9562	 0.6452420345731527
4.9514	 0.6480143982609767
4.9467	 0.6494982781172938
4.942	 0.6508031855093686
4.9373	 0.6519546657819262
4.9326	 0.6529656847885263
4.9279	 0.6539957984035003
4.9232	 0.6547154771553764
4.9186	 0.6552290064231364
4.9139	 0.6554863677512308
4.9092	 0.6554325038019738
4.9046	 0.6550148080816558
4.9	 0.6541917782227408
4.8953	 0.6532684071989279
4.8907	 0.6515426820813432
4.8861	 0.6494205481563743
4.8815	 0.6469452248728297
4.8769	 0.6441719419859094
4.8723	 0.641159877497354
4.8678	 0.6391042031407469
4.8632	 0.635866151513681
4.8586	 0.6325252677129745
4.8541	 0.629111885820785
4.8495	 0.6256471148512597
4.845	 0.6224591359635984
4.8405	 0.6189450873004148
4.836	 0.6154099426136129
4.8315	 0.6118601431032678
4.827	 0.6083031133076628
4.8225	 0.6047479383639358
4.818	 0.6012046059111469
4.8135	 0.5976836040224146
4.809	 0.5962552147606077
4.8046	 0.5928566893815634
4.8001	 0.5895018704586356
4.7957	 0.5866333480128955
4.7913	 0.5833975865521853
4.7868	 0.5802359902995698
4.7824	 0.5771588904053664
4.778	 0.5741757718083604
4.7736	 0.5712937483189483
4.7692	 0.568517021663543
4.7648	 0.5658455702651595
4.7605	 0.5632748868379396
4.7561	 0.560796154420815
4.7517	 0.5603101018688611
4.7474	 0.5583320061063161
4.7431	 0.5560290329889628
4.7387	 0.5537740500734972
4.7344	 0.5515600525480597
4.7301	 0.5493867083529033
4.7258	 0.547261062451423
4.7215	 0.5451973519219369
4.7172	 0.5432156509513597
4.7129	 0.5413388938600638
4.7086	 0.5395904923351037
4.7043	 0.5379914228211964
4.7	 0.5365810216725727
4.6958	 0.5365441601318183
4.6915	 0.5353166188134165
4.6873	 0.5342548512895003
4.6831	 0.5333370280515993
4.6788	 0.5325333030687553
4.6746	 0.5318115854943772
4.6704	 0.5311435186374251
4.6662	 0.5305082358375334
4.662	 0.5298931768589078
4.6578	 0.5292925777520144
4.6536	 0.5286820276257512
4.6495	 0.5281254944883282
4.6453	 0.5280680740329519
4.6411	 0.527496041845809
4.637	 0.5269270600567326
4.6328	 0.5263581055867235
4.6287	 0.5257878780458426
4.6246	 0.5252166520573234
4.6205	 0.5246463377849662
4.6163	 0.5240796189070912
4.6122	 0.5235191376872411
4.6081	 0.5231451324966765
4.604	 0.5226219411256581
4.6	 0.522110604898074
4.5959	 0.5219283339079731
4.5918	 0.5214403588470412
4.5877	 0.5209687358312426
4.5837	 0.5205152092566854
4.5796	 0.520081805477989
4.5756	 0.519670510725092
4.5716	 0.5192827761378801
4.5675	 0.5189192612277319
4.5635	 0.5189870904624286
4.5595	 0.5186868254759733
4.5555	 0.5184131883079515
4.5515	 0.5181685611902163
4.5475	 0.5182358647474354
4.5435	 0.5180587570637344
4.5395	 0.5179218220282822
4.5356	 0.5178288337107565
4.5316	 0.5177833386014059
4.5276	 0.5177880786987312
4.5237	 0.5178448314266084
4.5197	 0.5184094216247777
4.5158	 0.5185598698990759
4.5119	 0.518755792344894
4.508	 0.518993053963389
4.504	 0.5192654461100015
4.5001	 0.5199257256916299
4.4962	 0.5202669962184
4.4923	 0.5206176346384719
4.4884	 0.5209709338014562
4.4846	 0.521324997916505
4.4807	 0.521979197174445
4.4768	 0.5223376844997197
4.473	 0.5227196879145581
4.4691	 0.5231306542526648
4.4652	 0.523570232033489
4.4614	 0.5240322153773174
4.4576	 0.5245067148578209
4.4537	 0.5252785170021923
4.4499	 0.5257260003816427
4.4461	 0.5261650644549056
4.4423	 0.5268432476937925
4.4385	 0.5272556126390315
4.4347	 0.5276650029975831
4.4309	 0.5280739432399757
4.4271	 0.5284832587153301
4.4233	 0.5288916906872793
4.4196	 0.5292963331914637
4.4158	 0.5296938354290215
4.412	 0.5300808157030183
4.4083	 0.5305126813182546
4.4045	 0.5310750151144579
4.4008	 0.5313944126293776
4.3971	 0.5316897052774466
4.3934	 0.5319579090498572
4.3896	 0.5321962996812877
4.3859	 0.5324027771815948
4.3822	 0.5325764113592215
4.3785	 0.5327174437745142
4.3748	 0.5328269166240062
4.3711	 0.5329065710471192
4.3674	 0.5329581153716589
4.3638	 0.5331471710330674
4.3601	 0.5331433767527537
4.3564	 0.533112832113552
4.3528	 0.5330539981686753
4.3491	 0.5329654830526679
4.3455	 0.5328463031573223
4.3418	 0.5326963163633162
4.3382	 0.5325160539416437
4.3346	 0.5323061901585859
4.331	 0.5320675642166287
4.3273	 0.5319646124323499
4.3237	 0.5316736454993002
4.3201	 0.5315163845638695
4.3165	 0.5312105351532935
4.3129	 0.5308857848609614
4.3094	 0.5305433067027157
4.3058	 0.5301841303069807
4.3022	 0.5298099139843364
4.2986	 0.5294233441817678
4.2951	 0.5290279435059698
4.2915	 0.5287781797648293
4.288	 0.5283740920937919
4.2844	 0.5279719120665782
4.2809	 0.5279999503245282
4.2774	 0.5276148537483386
4.2738	 0.5272244058571914
4.2703	 0.5268232126547163
4.2668	 0.5264067056263021
4.2633	 0.5259731156680959
4.2598	 0.525524585928846
4.2563	 0.5251768077261013
4.2528	 0.524711552034752
4.2493	 0.5242510202706748
4.2458	 0.523800657375247
4.2424	 0.5237941245510371
4.2389	 0.5233651858038774
4.2354	 0.5229473621345073
4.232	 0.5225366955264661
4.2285	 0.5221285781127317
4.2251	 0.5217187512097564
4.2216	 0.5213610172834331
4.2182	 0.5209363809779834
4.2148	 0.5205069047760378
4.2113	 0.5200746921882821
4.2079	 0.5196429325595625
4.2045	 0.519574150034351
4.2011	 0.5191431484582779
4.1977	 0.5187202705735525
4.1943	 0.5183072898761553
4.1909	 0.5179057558496071
4.1875	 0.517539236300228
4.1841	 0.5171616405944025
4.1808	 0.5167973341245389
4.1774	 0.516445302942308
4.174	 0.5161042279649942
4.1707	 0.5157727714895904
4.1673	 0.5154500029398663
4.164	 0.5153524121106648
4.1606	 0.5150360279597236
4.1573	 0.5147380710470735
4.154	 0.5144421934697502
4.1506	 0.5141567471887829
4.1473	 0.5138812729060522
4.144	 0.513614341683307
4.1407	 0.5133536800576591
4.1374	 0.5130967157075269
4.1341	 0.5128408080138775
4.1308	 0.5125831471926685
4.1275	 0.5124604891229652
4.1242	 0.5121782199589536
4.1209	 0.511896564471922
4.1177	 0.5116054567665697
4.1144	 0.511303740222698
4.1111	 0.5109907186610809
4.1079	 0.5106662864067122
4.1046	 0.5103307280511876
4.1014	 0.5099846129003726
4.0981	 0.5096285280204637
4.0949	 0.5092630420067426
4.0917	 0.5090215033153761
4.0884	 0.5086406633666971
4.0852	 0.5082500480191084
4.082	 0.5078490547773568
4.0788	 0.5074380009738189
4.0756	 0.5070188629878838
4.0724	 0.5065950484666303
4.0692	 0.5061714465142283
4.066	 0.505753087777135
4.0628	 0.5052648154521503
4.0596	 0.5048618510045659
4.0565	 0.5046309467338657
4.0533	 0.5042337868132556
4.0501	 0.5038398864479902
4.047	 0.503446368196962
4.0438	 0.5030514643829105
4.0406	 0.5026549593245313
4.0375	 0.5022580625767414
4.0344	 0.501754144382492
4.0312	 0.5013607644731485
4.0281	 0.500972975571091
4.025	 0.5005928298869207
4.0218	 0.5003687909438783
4.0187	 0.49999836702748046
4.0156	 0.49963597719372804
4.0125	 0.4992804587143775
4.0094	 0.49892999875090177
4.0063	 0.4985827195173993
4.0032	 0.4981025693758965
4.0001	 0.4977563890485632
3.997	 0.497411775779158
3.994	 0.49706814106435776
3.9909	 0.49672441253397837
3.9878	 0.4964786284046522
3.9847	 0.49612772183959897
3.9817	 0.49577347054576276
3.9786	 0.4954163157074624
3.9756	 0.4948875097719041
3.9725	 0.49452440011168514
3.9695	 0.4941599379578417
3.9665	 0.4937931391530815
3.9634	 0.4934227017840076
3.9604	 0.493047241973419
3.9574	 0.49273694383691796
3.9544	 0.4923455195603493
3.9513	 0.49194731991141766
3.9483	 0.4913440569371592
3.9453	 0.49092985283299106
3.9423	 0.49051213663897986
3.9393	 0.49009342358849317
3.9363	 0.4896754319682724
3.9333	 0.48925895202050323
3.9304	 0.48884400829715985
3.9274	 0.48843029003804433
3.9244	 0.48805864050053865
3.9214	 0.48742067756947655
3.9185	 0.4870076617432052
3.9155	 0.48659988401552423
3.9126	 0.4861972894586382
3.9096	 0.4857994569680755
3.9067	 0.48540581292556995
3.9037	 0.485015788841777
3.9008	 0.4846290399884533
3.8979	 0.4842454936516699
3.8949	 0.48363834879970274
3.892	 0.4832623549525722
3.8891	 0.48288462403567434
3.8862	 0.4825110756517143
3.8833	 0.48214259588805586
3.8804	 0.4817798738838779
3.8775	 0.48142299929160615
3.8746	 0.48107133880476927
3.8717	 0.48072324782711745
3.8688	 0.4801411223693524
3.8659	 0.4797930187493692
3.863	 0.4794180926154155
3.8601	 0.47906902197880863
3.8573	 0.47872222455599694
3.8544	 0.4783790258580554
3.8515	 0.4780400796122448
3.8487	 0.4777051280590206
3.8458	 0.47737314292148236
3.843	 0.4767924042078086
3.8401	 0.47645934821241465
3.8373	 0.47612369223813816
3.8344	 0.4757428176406948
3.8316	 0.4753979620211867
3.8288	 0.47504945699131357
3.8259	 0.4746981693977279
3.8231	 0.47434505118358605
3.8203	 0.4739911740351931
3.8175	 0.47336577476743646
3.8147	 0.47301180004590004
3.8119	 0.47265919312960347
3.8091	 0.47230816062771414
3.8063	 0.4719584307335255
3.8035	 0.47154981005646424
3.8007	 0.47119700761965816
3.7979	 0.47084226391581285
3.7951	 0.4704854361412335
3.7924	 0.4698277222265984
3.7896	 0.46946672522525323
3.7868	 0.4691091321619692
3.7841	 0.4687564582893829
3.7813	 0.46840893006974715
3.7785	 0.4680654442728681
3.7758	 0.4676388409398313
3.773	 0.4672959905051593
3.7703	 0.46662500661147754
3.7676	 0.46628077199024
3.7648	 0.4659386204686734
3.7621	 0.46559921559251793
3.7594	 0.4652627361472335
3.7566	 0.4649287387432754
3.7539	 0.46459694608173846
3.7512	 0.46426749115578014
3.7485	 0.46380779585386245
3.7458	 0.46310510107440356
3.7431	 0.4627718361982974
3.7404	 0.46243732059399906
3.7377	 0.46209913458757124
3.735	 0.46175592847701075
3.7323	 0.4614076506324836
3.7296	 0.46105487568093956
3.7269	 0.46069768081187945
3.7242	 0.4603344719785349
3.7216	 0.4593396883333733
3.7189	 0.4589310560748397
3.7162	 0.45849994140116035
3.7136	 0.4580439531261101
3.7109	 0.45756395616715234
3.7083	 0.4570641084888313
3.7056	 0.45655107738076567
3.703	 0.45603222033399315
3.7003	 0.45496172184216144
3.6977	 0.4544559812916757
3.695	 0.4537674695882501
3.6924	 0.45326792702993574
3.6898	 0.4527690880715758
3.6872	 0.4522683507684391
3.6845	 0.45176370380102465
3.6819	 0.45125426443916533
3.6793	 0.4507401429794854
3.6767	 0.4497048644939235
3.6741	 0.44918564112001674
3.6715	 0.448666076447639
3.6689	 0.4479416815912856
3.6663	 0.4474182236258893
3.6637	 0.44689183308403846
3.6611	 0.4463607810866932
3.6585	 0.4458234251764532
3.656	 0.4447509347160694
3.6534	 0.44419690254102345
3.6508	 0.443636554062868
3.6482	 0.44306999452702267
3.6457	 0.442496895116142
3.6431	 0.44169800921761104
3.6406	 0.44110636074561194
3.638	 0.44050487001065547
3.6355	 0.43931292903975866
3.6329	 0.43867629050323304
3.6304	 0.438027700450698
3.6278	 0.4373675968574222
3.6253	 0.4366969647364775
3.6227	 0.4360175255314538
3.6202	 0.4353314344012203
3.6177	 0.43439574066311404
3.6152	 0.4337020312993073
3.6127	 0.43239300444501644
3.6101	 0.4317141982074677
3.6076	 0.43104254182231644
3.6051	 0.43037990690445443
3.6026	 0.42972820552110685
3.6001	 0.4290889218512386
3.5976	 0.42846302056964963
3.5951	 0.42785059043590223
3.5926	 0.42646719317942067
3.5901	 0.4258864056876687
3.5876	 0.42531424921601046
3.5852	 0.4247484413240374
3.5827	 0.4241873962057081
3.5802	 0.42363044069524686
3.5777	 0.4230783015309053
3.5753	 0.42253280791646386
3.5728	 0.4215388423851582
3.5704	 0.420749650867778
3.5679	 0.42024168379902616
3.5654	 0.41974519101751967
3.563	 0.4192600743237315
3.5605	 0.4187867159329078
3.5581	 0.41832611487463156
3.5557	 0.4178793956112118
3.5532	 0.4170611675231361
3.5508	 0.416648072375024
3.5484	 0.4162465856025289
3.5459	 0.4155714617377589
3.5435	 0.41519121097682693
3.5411	 0.41482209959488886
3.5387	 0.41446530466628545
3.5363	 0.4141220473643022
3.5338	 0.4134321436961336
3.5314	 0.41311911505187493
3.529	 0.4128226861435415
3.5266	 0.41254504737736986
3.5242	 0.41229002879406873
3.5218	 0.41175703264462526
3.5195	 0.4115622958143425
3.5171	 0.41141045146711397
3.5147	 0.410931175889031
3.5123	 0.41087254685664637
3.5099	 0.4108551588126937
3.5075	 0.410867153054626
3.5052	 0.4108935722327753
3.5028	 0.41091994594443604
3.5004	 0.4105788910527433
3.4981	 0.41057175400369306
3.4957	 0.41012630475732337
3.4934	 0.4100846409307253
3.491	 0.41003487897130414
3.4887	 0.40998200814069585
3.4863	 0.4099295573133504
3.484	 0.4098789070878324
3.4816	 0.4098294717817392
3.4793	 0.4097796433681379
3.477	 0.4088551576817765
3.4746	 0.4087891055505874
3.4723	 0.40872182273538904
3.47	 0.40865492380949925
3.4677	 0.4085909587474303
3.4653	 0.4085327210920057
3.463	 0.4084826183712754
3.4607	 0.4084419580947924
3.4584	 0.408410868374006
3.4561	 0.40743826560711827
3.4538	 0.4074141049203691
3.4515	 0.40739757852224634
3.4492	 0.4073891187855556
3.4469	 0.4073906661227484
3.4446	 0.4074054391164956
3.4423	 0.40743799322701285
3.44	 0.40698485881850077
3.4378	 0.407068670227566
3.4355	 0.40667583353782905
3.4332	 0.40682241677426006
3.4309	 0.4070043431285959
3.4287	 0.40721895101388245
3.4264	 0.4074618360291423
3.4241	 0.4077271068265124
3.4219	 0.40747154485580384
3.4196	 0.40775527644985404
3.4174	 0.4080412988200092
3.4151	 0.40832357669859837
3.4129	 0.4080222581012216
3.4106	 0.40827471471562626
3.4084	 0.4085118938877258
3.4061	 0.40873224579796735
3.4039	 0.40836683431340054
3.4017	 0.4085466754437523
3.3994	 0.4087047510978928
3.3972	 0.40884015372942883
3.395	 0.40895279350171143
3.3928	 0.408424520167804
3.3906	 0.4084916527561491
3.3883	 0.40854129161837005
3.3861	 0.4079767131075392
3.3839	 0.4079945581520144
3.3817	 0.40799996566076496
3.3795	 0.4079927528811184
3.3773	 0.40797115294127084
3.3751	 0.407932627915747
3.3729	 0.4072246872454905
3.3707	 0.40651126753713895
3.3685	 0.4064082550306157
3.3663	 0.4062852757880662
3.3641	 0.4061414061359178
3.362	 0.40597531083999344
3.3598	 0.4057854427124432
3.3576	 0.40557060168280284
3.3554	 0.4053308584847387
3.3533	 0.40374648005305547
3.3511	 0.4034631230883615
3.3489	 0.40316353250900433
3.3468	 0.4028491494730146
3.3446	 0.40252063008135813
3.3425	 0.4021781117566719
3.3403	 0.40182173262187754
3.3382	 0.4014517347213126
3.336	 0.4004001609199892
3.3339	 0.3993624208566834
3.3317	 0.3989593087740534
3.3296	 0.398544484321712
3.3274	 0.3981168731342532
3.3253	 0.3976752737264088
3.3232	 0.39721783736926947
3.321	 0.3960646360955539
3.3189	 0.3955685446483064
3.3168	 0.3950498914638545
3.3147	 0.39398523432281163
3.3126	 0.3934475201089963
3.3104	 0.3928920437176418
3.3083	 0.39232452727980094
3.3062	 0.39175271827781616
3.3041	 0.390531860738316
3.302	 0.3899735617846689
3.2999	 0.3894290382088746
3.2978	 0.38890011512218753
3.2957	 0.38789483994560797
3.2936	 0.3873838869903627
3.2915	 0.3868832980312832
3.2894	 0.3857487974825878
3.2874	 0.3852633318983655
3.2853	 0.3847829970439623
3.2832	 0.3843100285734159
3.2811	 0.3838475443791892
3.279	 0.3833982772833854
3.277	 0.382453398414399
3.2749	 0.38203257432302334
3.2728	 0.3810174143891741
3.2708	 0.38062213456449084
3.2687	 0.38023377514207923
3.2666	 0.37985084928008417
3.2646	 0.3794730572319032
3.2625	 0.3791011939586778
3.2605	 0.3787360815311567
3.2584	 0.3778190275009976
3.2564	 0.3769705416856583
3.2543	 0.3766256816878564
3.2523	 0.3762842537188457
3.2503	 0.375947599421495
3.2482	 0.3756172113277433
3.2462	 0.3752940333876572
3.2442	 0.37497654539451725
3.2421	 0.3741514099249963
3.2401	 0.3733738667821692
3.2381	 0.37305034423506206
3.2361	 0.37270874297167833
3.234	 0.3723487332145581
3.232	 0.37197389351114774
3.23	 0.37159014731683127
3.228	 0.37072786605043323
3.226	 0.3703491762627959
3.224	 0.3699722867603912
3.222	 0.36926099201178525
3.22	 0.36889904997136264
3.218	 0.3685444980834455
3.216	 0.36820137694784877
3.214	 0.3678733687022334
3.212	 0.3671195925446031
3.21	 0.3668300517844563
3.208	 0.3665556626713198
3.206	 0.36629509490537043
3.2041	 0.36565995592685885
3.2021	 0.36541760831204056
3.2001	 0.3647634850509034
3.1981	 0.3645649328262593
3.1961	 0.36439458973057753
3.1942	 0.3642533209465116
3.1922	 0.36413984738506705
3.1902	 0.3640522640480778
3.1883	 0.36398902231010893
3.1863	 0.3634781477221256
3.1844	 0.36309397449442243
3.1824	 0.3631048361750547
3.1805	 0.3631424582968397
3.1785	 0.3632086487127842
3.1766	 0.36330481522381686
3.1746	 0.36343145502241914
3.1727	 0.3635877818275028
3.1707	 0.36293961446712275
3.1688	 0.3631457762859583
3.1669	 0.36337798250329756
3.1649	 0.36363798931376456
3.163	 0.36392877530190876
3.1611	 0.36425359215681963
3.1591	 0.36461468005447784
3.1572	 0.3647634797497677
3.1553	 0.3652018267789523
3.1534	 0.3650414156055299
3.1515	 0.36552480530186754
3.1495	 0.36603166048357993
3.1476	 0.366560333853389
3.1457	 0.367110946867324
3.1438	 0.36748283103260565
3.1419	 0.3680880146670463
3.14	 0.368719574764443
3.1381	 0.369377127047019
3.1362	 0.36935982225409464
3.1343	 0.37005924023005016
3.1324	 0.3707811229540539
3.1305	 0.3713633752594558
3.1286	 0.37213541610815193
3.1268	 0.37293065538532344
3.1249	 0.3737490365071696
3.123	 0.37458966176756175
3.1211	 0.374714697966559
3.1192	 0.37558892011686257
3.1174	 0.37634989864097745
3.1155	 0.37725607788569704
3.1136	 0.37817227946333315
3.1117	 0.3790964932140177
3.1099	 0.3800280637183793
3.108	 0.380967733004038
3.1061	 0.3819171228215764
3.1043	 0.3820209155227986
3.1024	 0.38300022111881205
3.1006	 0.3839948466938489
3.0987	 0.38500434361533503
3.0969	 0.38602765504038844
3.095	 0.3870641224025825
3.0932	 0.38811307931559536
3.0913	 0.3890980679966769
3.0895	 0.3894002360384205
3.0876	 0.3904835118444612
3.0858	 0.39157805550496044
3.084	 0.392681884732002
3.0821	 0.3937924330530187
3.0803	 0.39490748218354993
3.0785	 0.3960248724414742
3.0766	 0.39708892140254404
3.0748	 0.3982116300255034
3.073	 0.3985640637756385
3.0712	 0.3996930659066464
3.0694	 0.4008252905491997
3.0675	 0.4019603200790343
3.0657	 0.40305573257945726
3.0639	 0.40419350547022587
3.0621	 0.4053293021352546
3.0603	 0.40646380993253023
3.0585	 0.4068139531041846
3.0567	 0.40795736661701765
3.0549	 0.4091097980864924
3.0531	 0.41027122338571126
3.0513	 0.4114127285017551
3.0495	 0.41258280440089407
3.0477	 0.4137480173226426
3.0459	 0.41490415129738406
3.0441	 0.4160519343075841
3.0423	 0.4164056315929324
3.0406	 0.41755307283164556
3.0388	 0.41869778583617606
3.037	 0.4198762924698597
3.0352	 0.42107100411460363
3.0334	 0.42227568167912416
3.0317	 0.4234815774563287
3.0299	 0.42468147994380534
3.0281	 0.42505400953435535
3.0264	 0.4262402736287654
3.0246	 0.42742323387934883
3.0228	 0.42860721885328656
3.0211	 0.42979518451748133
3.0193	 0.43098759466963216
3.0176	 0.4321829408423749
3.0158	 0.43337635019015563
3.014	 0.43457286350737656
3.0123	 0.4349816941364715
3.0105	 0.436180492666887
3.0088	 0.43738337486010453
3.007	 0.4385938559571387
3.0053	 0.43981365092815844
3.0036	 0.4410421698248931
3.0018	 0.4422777504943902
3.0001	 0.44273144355614363
2.9984	 0.4439737818873686
2.9966	 0.44520944902872517
2.9949	 0.4464321766530745
2.9932	 0.4476410555094021
2.9914	 0.44883682546663695
2.9897	 0.45002003295843546
2.988	 0.45119075383076074
2.9863	 0.4523484170031075
2.9845	 0.45274426986828165
2.9828	 0.4538791652947051
2.9811	 0.4549984754937116
2.9794	 0.4561008015205608
2.9777	 0.45718516621306937
2.976	 0.4582516906821361
2.9743	 0.45930125834831126
2.9726	 0.4603354758165838
2.9709	 0.46066769699854954
2.9692	 0.4616803147821134
2.9675	 0.46268008872766736
2.9658	 0.4636666259538509
2.9641	 0.4646380630991618
2.9624	 0.46559200032853826
2.9607	 0.46652648860947754
2.959	 0.4674406696864562
2.9573	 0.467715056876176
2.9556	 0.4686023279177071
2.9539	 0.4694715721175892
2.9523	 0.4703251218342541
2.9506	 0.4711651477236571
2.9489	 0.471992816429959
2.9472	 0.4728080976697222
2.9455	 0.47360991744389697
2.9439	 0.4738332120436051
2.9422	 0.4746133997638814
2.9405	 0.47537682531609005
2.9389	 0.47612244071346127
2.9372	 0.47685035876782494
2.9355	 0.4775613145410468
2.9339	 0.4782560277398001
2.9322	 0.4789346419090461
2.9306	 0.47911327363781264
2.9289	 0.4797699703595674
2.9272	 0.48040969079940277
2.9256	 0.48103205614328964
2.9239	 0.48163698384748793
2.9223	 0.48222528367226025
2.9207	 0.48279843081330176
2.919	 0.48341273392293904
2.9174	 0.4836766721255687
2.9157	 0.48440112394576545
2.9141	 0.4853913712735281
2.9124	 0.48615226083077306
2.9108	 0.48688319318926815
2.9092	 0.4875723861276919
2.9075	 0.48821724356659035
2.9059	 0.4888252903460193
2.9043	 0.4890530948124603
2.9027	 0.48984055728982984
2.901	 0.49058226816794914
2.8994	 0.49144504232199976
2.8978	 0.49247273384566137
2.8962	 0.49371018369983477
2.8946	 0.4952018594958817
2.8929	 0.4986736276640493
2.8913	 0.5008567984149828
2.8897	 0.5037048117690685
2.8881	 0.5069121203515305
2.8865	 0.5104543042447995
2.8849	 0.5142940192920994
2.8833	 0.5183862838744454
2.8817	 0.5265931582320118
2.8801	 0.5311608182772148
2.8785	 0.5358228954786937
2.8769	 0.5403190921585805
2.8753	 0.5451052963710296
2.8737	 0.5499187593439151
2.8721	 0.5588632185109405
2.8705	 0.5636414375032401
2.8689	 0.5683956803287076
2.8673	 0.5731258938165504
2.8658	 0.5776287293734053
2.8642	 0.582324678223474
2.8626	 0.5870038676936483
2.861	 0.5954619788418627
2.8594	 0.6000359122734908
2.8579	 0.604557060943766
2.8563	 0.6090153765425239
2.8547	 0.6134054798943955
2.8531	 0.617726636327286
2.8516	 0.6251377419998432
2.85	 0.6292618213017368
2.8484	 0.6333233304816597
2.8469	 0.6373248198612457
2.8453	 0.6412673791573205
2.8437	 0.6451495357144372
2.8422	 0.6517860752963507
2.8406	 0.655476050253908
2.8391	 0.6589662793012273
2.8375	 0.6625305540959202
2.836	 0.6660232015686249
2.8344	 0.6694435764978484
2.8329	 0.6727935994669725
2.8313	 0.6783550284390782
2.8298	 0.6815174032717068
2.8282	 0.684526642397258
2.8267	 0.6875925737836193
2.8252	 0.6906137904687984
2.8236	 0.695559572100404
2.8221	 0.6984300244566308
2.8205	 0.7012435639181276
2.819	 0.7040006316202383
2.8175	 0.7067048707681014
2.8159	 0.7093009778596465
2.8144	 0.7119198611299846
2.8129	 0.7161100235940788
2.8114	 0.7186097667462776
2.8098	 0.7210639667612856
2.8083	 0.7234685364437771
2.8068	 0.7258224716763574
2.8053	 0.728128514381809
2.8038	 0.7317103422803576
2.8022	 0.7339147010067241
2.8007	 0.7360844060680949
2.7992	 0.7382165807903923
2.7977	 0.7403070964468818
2.7962	 0.742356910137457
2.7947	 0.7443682947007548
2.7932	 0.7474199263736171
2.7917	 0.749348985689831
2.7902	 0.7512589127517956
2.7887	 0.7531487271645255
2.7872	 0.7550151874777455
2.7857	 0.7568555203796546
2.7842	 0.7595865671148903
2.7827	 0.7613499909055426
2.7812	 0.7630908406512488
2.7797	 0.7648102517543849
2.7782	 0.7665084746977461
2.7767	 0.7681848135103165
2.7752	 0.7706103701805528
2.7738	 0.7722195405245043
2.7723	 0.7738068245284881
2.7708	 0.7753732161777264
2.7693	 0.7769197710573281
2.7678	 0.7784472114923043
2.7664	 0.7799554003499037
2.7649	 0.7820678088072122
2.7634	 0.7835184434036605
2.7619	 0.7849512428490745
2.7605	 0.7863681333388449
2.759	 0.7877709495264207
2.7575	 0.7897057083539726
2.7561	 0.7910688040186419
2.7546	 0.7924157430264523
2.7531	 0.7937455804312099
2.7517	 0.7950581177492427
2.7502	 0.7963538363656142
2.7488	 0.7976334903419899
2.7473	 0.7993327349442096
2.7458	 0.8005682405965003
2.7444	 0.801788736129288
2.7429	 0.8029946330185148
2.7415	 0.8041866090514816
2.74	 0.8053654631450476
2.7386	 0.8068883424143225
2.7371	 0.8080320543392718
2.7357	 0.8091634908584084
2.7343	 0.8102824747727806
2.7328	 0.8113888833230276
2.7314	 0.8124827742148794
2.7299	 0.813853016926863
2.7285	 0.8149126136706871
2.7271	 0.8159607550156789
2.7256	 0.8169977024146463
2.7242	 0.8180235669962189
2.7228	 0.8190383617348039
2.7213	 0.8202707959281909
2.7199	 0.8212486983947118
2.7185	 0.8221766881358062
2.7171	 0.823048772536145
2.7156	 0.8238734204440902
2.7142	 0.8246661715831793
2.7128	 0.8256150461554175
2.7114	 0.8263759202657922
2.71	 0.8271450334509169
2.7085	 0.8279288131416603
2.7071	 0.8287269889992803
2.7057	 0.8295323674804276
2.7043	 0.8304683469612755
2.7029	 0.8312446693436729
2.7015	 0.831965312691504
2.7001	 0.8326130138852267
2.6987	 0.8331613700410735
2.6973	 0.8335834000185894
2.6959	 0.833953521399957
2.6945	 0.8340358967410029
2.6931	 0.8339393262542921
2.6917	 0.8335921125661178
2.6903	 0.832999792198052
2.6889	 0.8321544368673947
2.6875	 0.8311362280475955
2.6861	 0.8298003550232536
2.6847	 0.8282479082171946
2.6833	 0.8265039816818042
2.6819	 0.8247178652345453
2.6805	 0.822754445999162
2.6791	 0.8205983507627838
2.6778	 0.8183386401925958
2.6764	 0.8159891168142636
2.675	 0.813562501770485
2.6736	 0.8110715123456547
2.6722	 0.8087766227841625
2.6709	 0.8062742210549629
2.6695	 0.8036695264250276
2.6681	 0.80103225007314
2.6667	 0.798361944342377
2.6654	 0.7956553186499534
2.664	 0.7929094065906168
2.6626	 0.7901889236516721
2.6613	 0.7877639809495213
2.6599	 0.7849301836844841
2.6585	 0.7820735340964576
2.6572	 0.7792028961834485
2.6558	 0.7763253830915211
2.6545	 0.7735117131122097
2.6531	 0.7706319929054257
2.6517	 0.7682733261709069
2.6504	 0.7654118008961472
2.649	 0.7625511580769018
2.6477	 0.7597601670398466
2.6463	 0.7569075624100137
2.645	 0.7540617371811933
2.6436	 0.751223691625719
2.6423	 0.7490266388289978
2.6409	 0.7462189267938641
2.6396	 0.7434182938082566
2.6382	 0.7406960944262924
2.6369	 0.7379182784982034
2.6356	 0.7351575513268903
2.6342	 0.7324184724031442
2.6329	 0.7297045384875047
2.6315	 0.7278376715735594
2.6302	 0.7251877520245318
2.6289	 0.7225565771271176
2.6275	 0.7199390904090192
2.6262	 0.7173307655674701
2.6249	 0.7147297877710993
2.6236	 0.7129589285130212
2.6222	 0.710477304090957
2.6209	 0.7079325028226383
2.6196	 0.7054090129022795
2.6183	 0.7029074274950508
2.6169	 0.7005104808058564
2.6156	 0.6980423940335239
2.6143	 0.6955843275319419
2.613	 0.6940424965192977
2.6117	 0.6916146172041948
2.6103	 0.6892009229739123
2.609	 0.6868071301806806
2.6077	 0.684524844566224
2.6064	 0.6821787121234395
2.6051	 0.6798525072805108
2.6038	 0.6785118440912691
2.6025	 0.6762170663050805
2.6012	 0.673928298106816
2.5999	 0.6717310917212848
2.5986	 0.6694682785004885
2.5973	 0.6672308728295413
2.596	 0.6650227890772681
2.5947	 0.6628411226089013
2.5934	 0.6617917278696959
2.5921	 0.6596460913069337
2.5908	 0.6575028028404523
2.5895	 0.655359854437794
2.5882	 0.6532207057597251
2.5869	 0.6510914198912116
2.5856	 0.6490509445323223
2.5843	 0.6480343437015195
2.583	 0.6459569343971465
2.5817	 0.6438920187974799
2.5805	 0.6418377517905554
2.5792	 0.6397935064818857
2.5779	 0.6378354801688236
2.5766	 0.6358150483939357
2.5753	 0.6349328131987668
2.5741	 0.6329484204765972
2.5728	 0.6309790968937499
2.5715	 0.6291011408962068
2.5702	 0.627161203798658
2.569	 0.625233558525443
2.5677	 0.62331740491865
2.5664	 0.6214132562835778
2.5651	 0.6206870432689269
2.5639	 0.6188883388207904
2.5626	 0.6170260258970284
2.5613	 0.6151729648725143
2.5601	 0.6133259160239103
2.5588	 0.6114821385887698
2.5575	 0.6108294965726616
2.5563	 0.6090662316091051
2.555	 0.6072407959174153
2.5538	 0.6054257003212938
2.5525	 0.6036230945933346
2.5513	 0.6018337000815883
2.55	 0.6001202327622378
2.5487	 0.5983562060446903
2.5475	 0.5978242567872964
2.5462	 0.5960911581477378
2.545	 0.5943716438345691
2.5437	 0.5926654101367578
2.5425	 0.5910401196316737
2.5413	 0.5893567117364065
2.54	 0.5876827307970507
2.5388	 0.5872580755684174
2.5375	 0.5856067349696534
2.5363	 0.5839648742913446
2.535	 0.5824051799360592
2.5338	 0.5807816209502129
2.5326	 0.5791673837572331
2.5313	 0.5775628188752318
2.5301	 0.5772261503431881
2.5289	 0.5756460478993457
2.5276	 0.574146365804676
2.5264	 0.5725878914277892
2.5252	 0.5710392301766348
2.5239	 0.5695002776571026
2.5227	 0.5679709303909137
2.5215	 0.5677914011123972
2.5202	 0.566282586030842
2.519	 0.5647928061202704
2.5178	 0.5633246043066497
2.5166	 0.5618764274261725
2.5154	 0.5604455600307928
2.5141	 0.5590945241102675
2.5129	 0.55892770851055
2.5117	 0.5575312943960644
2.5105	 0.5561380010522536
2.5093	 0.5547452014509234
2.5081	 0.553416884742109
2.5068	 0.5520271104147109
2.5056	 0.5506432053536812
2.5044	 0.5505383380515616
2.5032	 0.5491744762515829
2.502	 0.5478931919979443
2.5008	 0.5465684649902389
2.4996	 0.5452744041964469
2.4984	 0.5440184649045388
2.4972	 0.5428078507463078
2.496	 0.5427619867669013
2.4948	 0.5416771530699721
2.4936	 0.5405854179555162
2.4924	 0.5395589632670506
2.4912	 0.5386032981829346
2.49	 0.5377216786227816
2.4888	 0.5369791558769361
2.4876	 0.5369837018379917
2.4864	 0.5362508618074912
2.4852	 0.5355799845756894
2.484	 0.5349642334050705
2.4828	 0.5343973447558558
2.4816	 0.5339370852451932
2.4805	 0.5339568203489727
2.4793	 0.5334781745422811
2.4781	 0.5330344494794056
2.4769	 0.5326212422956562
2.4757	 0.5322961399279217
2.4745	 0.5319304831600767
2.4734	 0.5315843276604444
2.4722	 0.5312556570786828
2.471	 0.5312844547281463
2.4698	 0.5309732176001224
2.4686	 0.5307310860066603
2.4675	 0.5304500934871923
2.4663	 0.530185054963397
2.4651	 0.5299364967153041
2.464	 0.5297043172910146
2.4628	 0.5297340087501069
2.4616	 0.5295657183791482
2.4604	 0.5293610948854217
2.4593	 0.5291694889641163
2.4581	 0.5289887117366064
2.4569	 0.5288165026098256
2.4558	 0.5286965169602942
2.4546	 0.5287192199770606
2.4535	 0.5285570484544632
2.4523	 0.5283999978373766
2.4511	 0.5282487017078759
2.45	 0.5281435308977134
2.4488	 0.5280029805412033
2.4477	 0.5280184389367656
2.4465	 0.5278808077828102
2.4454	 0.527746080116259
2.4442	 0.5276450047062932
2.4431	 0.5275151134551224
2.4419	 0.5273895544037455
2.4408	 0.5272688058144034
2.4396	 0.5271523204364463
2.4385	 0.5271591088302912
2.4373	 0.5270731509608787
2.4362	 0.5269579711859308
2.435	 0.5268412725386238
2.4339	 0.5267215513602231
2.4327	 0.5265983328653
2.4316	 0.5266162079648065
2.4305	 0.5264865149171698
2.4293	 0.5263535965303106
2.4282	 0.5262186033426332
2.427	 0.5260829944091491
2.4259	 0.5259632943261687
2.4248	 0.5258266682426451
2.4236	 0.5256888693268273
2.4225	 0.5256501746514785
2.4214	 0.5255061189054664
2.4202	 0.5253655054116786
2.4191	 0.5252124973910737
2.418	 0.5250559271592278
2.4169	 0.5249988463033164
2.4157	 0.5248357018661025
2.4146	 0.5246704620418438
2.4135	 0.5244888557023729
2.4124	 0.5243151569416136
2.4112	 0.5241377439580537
2.4101	 0.5239547894106398
2.409	 0.5237651338460422
2.4079	 0.5236653763824606
2.4068	 0.5234310257947442
2.4056	 0.5232355334902726
2.4045	 0.5230448052821812
2.4034	 0.5228615118004162
2.4023	 0.522663134965157
2.4012	 0.5224967528510486
2.4001	 0.5224210392762006
2.399	 0.5222595315082645
2.3979	 0.5220980675972609
2.3967	 0.5219350475023146
2.3956	 0.5217621131404127
2.3945	 0.5216010261855392
2.3934	 0.5215450053960583
2.3923	 0.5213889504163509
2.3912	 0.521237908940854
2.3901	 0.521091112567973
2.389	 0.5209536072535081
2.3879	 0.5208201226246951
2.3868	 0.5206887680111598
2.3857	 0.5206456178200695
2.3846	 0.5205247745406605
2.3835	 0.5204001970557817
2.3824	 0.5202772709757959
2.3813	 0.5201560876546284
2.3802	 0.5200362409838962
2.3791	 0.5199170199020973
2.3781	 0.5198918388868016
2.377	 0.5197722881753432
2.3759	 0.5196526024544756
2.3748	 0.5195327046524997
2.3737	 0.5194123797354319
2.3726	 0.5193067703804326
2.3715	 0.5192690673161159
2.3704	 0.5191460611787256
2.3694	 0.5190215516271791
2.3683	 0.5188963382504856
2.3672	 0.5187873912478939
2.3661	 0.5186624476313157
2.365	 0.5185388731817686
2.364	 0.5185018315221832
2.3629	 0.5183833430671178
2.3618	 0.5182861792567717
2.3607	 0.5181750725889698
2.3597	 0.5180682929950635
2.3586	 0.5179661886483294
2.3575	 0.5178685078959582
2.3564	 0.5178692590817932
2.3554	 0.5177785922182928
2.3543	 0.5176916331292036
2.3532	 0.5176075963984442
2.3522	 0.5175259326125173
2.3511	 0.5174462232473648
2.35	 0.5174750632926932
2.349	 0.5173973769619363
2.3479	 0.5173177864114827
2.3468	 0.517235096131916
2.3458	 0.5171487091153932
2.3447	 0.5170912123932033
2.3436	 0.5170004889177677
2.3426	 0.5169865940905746
2.3415	 0.5168961106522103
2.3405	 0.5168059698315152
2.3394	 0.5167521404885352
2.3384	 0.5166609587216131
2.3373	 0.5165685117539401
2.3363	 0.51647515677714
2.3352	 0.5164948089087006
2.3342	 0.5164038125951134
2.3331	 0.5163148005201205
2.3321	 0.5162275914112763
2.331	 0.5161414884959559
2.33	 0.5160553983098364
2.3289	 0.516009057694371
2.3279	 0.5159962431800772
2.3268	 0.5159049613391921
2.3258	 0.515811416585304
2.3247	 0.5157159210501281
2.3237	 0.5156549019601644
2.3226	 0.5155567863566778
2.3216	 0.5155370064852495
2.3206	 0.5154404140307324
2.3195	 0.515344415397871
2.3185	 0.51528004783298
2.3175	 0.5151836891477191
2.3164	 0.5150864200293697
2.3154	 0.5149873956685843
2.3144	 0.514968027880762
2.3133	 0.5148979523050318
2.3123	 0.5147944009147242
2.3113	 0.5146904505587546
2.3102	 0.5145867415598909
2.3092	 0.5144832697843513
2.3082	 0.5144887467690941
2.3071	 0.5143830939001862
2.3061	 0.5142761996822361
2.3051	 0.5141681218364732
2.3041	 0.5140592938798565
2.303	 0.5139784991559493
2.302	 0.5139496871653685
2.301	 0.5138423990615233
2.3	 0.5137352087683195
2.299	 0.51362726591033
2.2979	 0.5135460011331289
2.2969	 0.5134342439389495
2.2959	 0.5133214214433441
2.2949	 0.513288485797539
2.2939	 0.5131758751369374
2.2929	 0.513090473915921
2.2918	 0.5129795954777145
2.2908	 0.5128677110843753
2.2898	 0.512753921412818
2.2888	 0.5127212234009996
2.2878	 0.5126313107537928
2.2868	 0.512513594389789
2.2858	 0.5123970214910398
2.2848	 0.5122820327801271
2.2838	 0.5121689874871227
2.2828	 0.5120830238629378
2.2818	 0.5120520913932668
2.2808	 0.5119354887596921
2.2798	 0.5118153661490552
2.2787	 0.5116982691876216
2.2777	 0.5115528224404347
2.2767	 0.5114083612619944
2.2757	 0.5113804496331963
2.2747	 0.511240008930628
2.2738	 0.5111019876987972
2.2728	 0.5109661640500226
2.2718	 0.5108693854449686
2.2708	 0.5107369714157957
2.2698	 0.5106056911766395
2.2688	 0.5105543518118232
2.2678	 0.5104695184275935
2.2668	 0.5103392992297429
2.2658	 0.5102093574714837
2.2648	 0.5100801579773668
2.2638	 0.5099907477493513
2.2628	 0.509865181594332
2.2618	 0.5098175348691185
2.2609	 0.5096965825386908
2.2599	 0.5096137993979067
2.2589	 0.5094962344959391
2.2579	 0.5093794678085921
2.2569	 0.5092633494175325
2.2559	 0.5092583716516438
2.255	 0.5091435781769993
2.254	 0.5090305517275235
2.253	 0.508919581935628
2.252	 0.5088529840735476
2.251	 0.5087457571938909
2.2501	 0.5087107951138495
2.2491	 0.5086070127948268
2.2481	 0.5085055425954893
2.2471	 0.5084333624754777
2.2462	 0.5083383479819655
2.2452	 0.5082466434396318
2.2442	 0.5082263976412381
2.2433	 0.5081609137757708
2.2423	 0.5080745626990321
2.2413	 0.5079885660477123
2.2403	 0.50790253559234
2.2394	 0.5078413736206281
2.2384	 0.5077563001681182
2.2374	 0.5077390212985152
2.2365	 0.5076572853885424
2.2355	 0.5075959476672198
2.2345	 0.5075194838943599
2.2336	 0.5074453272896359
2.2326	 0.5073730350280409
2.2317	 0.5073796017436806
2.2307	 0.5073097540197955
2.2297	 0.5072430255948788
2.2288	 0.5071803779985243
2.2278	 0.5071352540159586
2.2269	 0.5070821717662674
2.2259	 0.5070875940773342
2.225	 0.5070426191384282
2.224	 0.5070020195086464
2.2231	 0.5069758539687517
2.2221	 0.5069439346735237
2.2211	 0.5069162049849979
2.2202	 0.506939625167042
2.2192	 0.5069320689730665
2.2183	 0.506916719912447
2.2173	 0.5069074377847906
2.2164	 0.5069055369979805
2.2155	 0.5069140018685885
2.2145	 0.5069300876827121
2.2136	 0.5069977418051925
2.2126	 0.5070337325813994
2.2117	 0.507082857521177
2.2107	 0.5071409295302646
2.2098	 0.5072101636454722
2.2088	 0.5072892368448844
2.2079	 0.5073627548502732
2.207	 0.5074897840965986
2.206	 0.5075788582009602
2.2051	 0.5076640666719995
2.2041	 0.5077429478395877
2.2032	 0.5077991225504971
2.2023	 0.5079018136858263
2.2013	 0.5079616920072688
2.2004	 0.5080182100335069
2.1995	 0.5080485700805957
2.1985	 0.5080988501667809
2.1976	 0.5081455811989929
2.1967	 0.5081880752052668
2.1957	 0.5082339205671464
2.1948	 0.5082677739790683
2.1939	 0.5082989036934269
2.193	 0.5083282866382156
2.192	 0.5083564528875725
2.1911	 0.508352086150688
2.1902	 0.5084131872978145
2.1893	 0.5084355010281413
2.1883	 0.5084551883605125
2.1874	 0.5084353367196952
2.1865	 0.5084491753297358
2.1856	 0.5084601811361802
2.1846	 0.5085040128328809
2.1837	 0.508451365168082
2.1828	 0.5084537660951475
2.1819	 0.5084542910151123
2.181	 0.5084536929161971
2.18	 0.5084527714343202
2.1791	 0.5083758291628729
2.1782	 0.5084057851705427
2.1773	 0.5084036297376906
2.1764	 0.508401604754537
2.1755	 0.5083211035879959
2.1746	 0.5083174598194072
2.1736	 0.5083131642321854
2.1727	 0.5083369670800147
2.1718	 0.508238447446065
2.1709	 0.5082311861165769
2.17	 0.5082247774255895
2.1691	 0.508219640223815
2.1682	 0.5082157386249501
2.1673	 0.508129864139935
2.1664	 0.5081264646491637
2.1655	 0.5081229729607157
2.1646	 0.5081185412482943
2.1637	 0.5079979301280043
2.1628	 0.5079888636160407
2.1619	 0.5080048242638924
2.161	 0.5079911311466153
2.1601	 0.5079751379533106
2.1592	 0.5078309525707209
2.1583	 0.5078100974489304
2.1574	 0.5077874126446151
2.1565	 0.5077902154517762
2.1556	 0.507633407716669
2.1547	 0.5076004021138362
2.1538	 0.5075624590043342
2.1529	 0.5075191932482956
2.152	 0.5074707246963842
2.1511	 0.5072827348409963
2.1502	 0.5072558167225196
2.1493	 0.5071971926104294
2.1484	 0.507138852729278
2.1475	 0.5069319268587738
2.1466	 0.5068762909460807
2.1458	 0.5068222337296838
2.1449	 0.5067926299964387
2.144	 0.5067361167580439
2.1431	 0.5065122423593008
2.1422	 0.5064485815977747
2.1413	 0.5063821020468852
2.1404	 0.5063139217690504
2.1396	 0.5060936037474989
2.1387	 0.5060216153649589
2.1378	 0.5059491827377139
2.1369	 0.5058758929891032
2.136	 0.5058007676789074
2.1352	 0.5055558576218458
2.1343	 0.5054734558653089
2.1334	 0.5053880493536136
2.1325	 0.5052997175026526
2.1316	 0.5050041920725292
2.1308	 0.5049092838246387
2.1299	 0.5048127348139981
2.129	 0.5047334903974899
2.1281	 0.5046350225867812
2.1273	 0.5043035399604309
2.1264	 0.5042063321921859
2.1255	 0.5041116704457875
2.1247	 0.5040193054039614
2.1238	 0.5036830594037164
2.1229	 0.5035904758676145
2.122	 0.5034982218212525
2.1212	 0.5034063014442745
2.1203	 0.5033150397906933
2.1194	 0.5029369181155707
2.1186	 0.5028621613578869
2.1177	 0.5027689393859348
2.1168	 0.5026742674619811
2.116	 0.502577641673916
2.1151	 0.5021667598090935
2.1143	 0.5020628994614845
2.1134	 0.501971928479952
2.1125	 0.5018656566787009
2.1117	 0.5014336588077357
2.1108	 0.5013253695438227
2.11	 0.5012180003337421
2.1091	 0.5011113503196453
2.1082	 0.5010190152010294
2.1074	 0.5005548636679955
2.1065	 0.5004423311482005
2.1057	 0.5003286994599015
2.1048	 0.5002135255224703
2.104	 0.5000957449009894
2.1031	 0.49960958464206645
2.1023	 0.49947880056545674
2.1014	 0.4993428646048563
2.1005	 0.4992021948272517
2.0997	 0.4987059071761178
2.0988	 0.4985564258190195
2.098	 0.4984148210284083
2.0971	 0.49826550688811727
2.0963	 0.4981165495835617
2.0955	 0.4976859185096401
2.0946	 0.49752987322977205
2.0938	 0.49736774240062825
2.0929	 0.4972047848885886
2.0921	 0.4970250007110994
2.0912	 0.49663340746153195
2.0904	 0.49643883840383757
2.0895	 0.4962397711894059
2.0887	 0.4960369928155866
2.0879	 0.4957275538522456
2.087	 0.4955179332845737
2.0862	 0.49530208096223277
2.0853	 0.4950796657612025
2.0845	 0.49484779515189076
2.0837	 0.49460462964893825
2.0828	 0.4943638637972424
2.082	 0.49410078647951255
2.0812	 0.493840427170922
2.0803	 0.49358157153531007
2.0795	 0.49338120182480144
2.076	 0.49305761255357633
2.072	 0.4930245943531876
2.068	 0.4928987712411797
2.064	 0.49284681954160053
2.06	 0.4928689244292757
2.056	 0.4928974614405306
2.052	 0.4928902654624816
2.048	 0.4929098042951033
2.044	 0.49294130835537725
2.04	 0.493006783355543
2.036	 0.4930837252202695
2.032	 0.49315191424603033
2.028	 0.49321888039886974
2.024	 0.4932514635351177
2.02	 0.4932719970851605
2.016	 0.4933032022386354
2.012	 0.4932658135605483
2.008	 0.49318320513270547
2.004	 0.49299691596833917
2.0	 0.49292496398846913
1.996	 0.4928977404860388
1.992	 0.4928318774310338
1.988	 0.49287906846277696
1.984	 0.493027142377929
1.98	 0.4932163379105811
1.976	 0.4934941731066867
1.972	 0.4937760205237062
1.968	 0.49409207447946385
1.964	 0.49448247160194136
1.96	 0.49487837481335145
1.956	 0.49534952952968286
1.952	 0.4958359987199306
1.948	 0.4964020313494756
1.944	 0.4970090406654665
1.94	 0.49769218406691773
1.936	 0.4984393628406207
1.932	 0.49926673692353857
1.928	 0.5002575005309253
1.924	 0.5013089099057316
1.92	 0.5024582084405039
1.916	 0.5036630547845946
1.912	 0.5048793568898345
1.908	 0.5062302459166703
1.904	 0.5076450152905679
1.9	 0.5090801788518444
1.896	 0.5105650051809606
1.892	 0.5119885238259153
1.888	 0.5132090181255263
1.884	 0.5145221196703881
1.88	 0.5158398279892524
1.876	 0.5164578875034753
1.872	 0.5164790433097604
1.868	 0.5165844132567557
1.864	 0.5166426979114648
1.86	 0.5165683694088306
1.856	 0.5164139618133639
1.852	 0.5162452889340724
1.848	 0.5161305202047243
1.844	 0.5159766571128548
1.84	 0.5157474523981976
1.836	 0.5154811386847243
1.832	 0.5152228968476487
1.828	 0.5149832497601919
1.824	 0.5146719173430643
1.82	 0.5144225585092514
1.816	 0.5141500603785865
1.812	 0.5137829710692784
1.808	 0.5134190341475678
1.804	 0.5130456692187523
1.8	 0.512720941854506
1.796	 0.5123871559892056
1.792	 0.5120375951846662
1.788	 0.511720389969231
1.784	 0.5113591936930164
1.78	 0.5109162560517708
1.776	 0.5104243504473732
1.772	 0.5099547330774167
1.768	 0.5095037225070214
1.764	 0.5089522678572163
1.76	 0.5083772407214823
1.756	 0.5077725148055128
1.752	 0.5071569987556587
1.748	 0.5065576757165099
1.744	 0.5059684544948035
1.74	 0.5053675026652955
1.736	 0.5047398737503475
1.732	 0.5040811882224919
1.728	 0.5033583533524146
1.724	 0.5025646798585588
1.72	 0.5017227190099594
1.716	 0.5008378090152614
1.712	 0.4999744026720202
1.708	 0.4991122424178527
1.704	 0.4982324915815656
1.7	 0.4973296504740722
1.696	 0.49640364773109186
1.692	 0.49556895303154314
1.688	 0.49485514987614404
1.684	 0.4942550159615788
1.68	 0.4937852480877056
1.676	 0.4934085373148676
1.672	 0.49294682043287363
1.668	 0.4927468368917207
1.664	 0.4925341227380867
1.66	 0.4923517407656196
1.656	 0.49219509006264534
1.652	 0.49203548613906795
1.648	 0.49185729534454337
1.644	 0.4916940029769012
1.64	 0.49161301588491774
1.636	 0.49151920438894153
1.632	 0.4913759015481832
1.628	 0.4912269789838719
1.624	 0.49118457901889206
1.62	 0.49097410608265535
1.616	 0.490781075671417
1.612	 0.4906213708096109
1.608	 0.49047972684644275
1.604	 0.49026829113290427
1.6	 0.4900024907195261
1.596	 0.48973445497343115
1.592	 0.4895220234268026
1.588	 0.48932493421971784
1.584	 0.48911819822277514
1.58	 0.48892863158453026
1.576	 0.48876914355156903
1.572	 0.4886016504871433
1.568	 0.48847856743892126
1.564	 0.4883987675904203
1.56	 0.4883720752649564
1.556	 0.48836013043827076
1.552	 0.48838454092063477
1.548	 0.4884228260434033
1.544	 0.48847974180816894
1.54	 0.4884785826513235
1.536	 0.4885105794259097
1.532	 0.48855260363157593
1.528	 0.4886049272258362
1.524	 0.488668569690339
1.52	 0.48873533681184733
1.516	 0.48881899939680884
1.512	 0.4889332697464953
1.508	 0.4890094614639965
1.504	 0.4891133277717521
1.5	 0.48918779541733604
1.496	 0.4893399884881555
1.492	 0.48952221993997536
1.488	 0.4896875152289772
1.484	 0.4898012516145773
1.48	 0.48993458546581714
1.476	 0.4900501898459387
1.472	 0.4901692805811807
1.468	 0.49025285801662083
1.464	 0.49036447781691733
1.46	 0.4905230588974787
1.456	 0.49073526857772465
1.452	 0.49098235376484795
1.448	 0.4912461179353656
1.444	 0.49147575329770526
1.44	 0.4916765936601646
1.436	 0.49184533737084096
1.432	 0.4920179114195074
1.428	 0.4922070143151263
1.424	 0.4925495268034236
1.42	 0.49285774301557034
1.416	 0.4932272732849818
1.412	 0.49361083280803625
1.408	 0.4940344040225278
1.404	 0.4944945406982676
1.4	 0.4949739946291233
1.396	 0.4953708863106375
1.392	 0.49569487387894373
1.388	 0.4959868206956856
1.384	 0.4962610734342956
1.38	 0.4964988782897236
1.376	 0.49666838208588476
1.372	 0.49674083790676604
1.368	 0.496788291267147
1.364	 0.4968294099836381
1.36	 0.4968094692351443
1.356	 0.4967683257585916
1.352	 0.49669715804404846
1.348	 0.49659686458544705
1.344	 0.49644567203710444
1.34	 0.4962918848810182
1.336	 0.49615815582468076
1.332	 0.4959976246630376
1.328	 0.49585266299397485
1.324	 0.49558198452449975
1.32	 0.49545256397532494
1.316	 0.49530953286465984
1.312	 0.49511245798604353
1.308	 0.49489843156948155
1.304	 0.49468530258242366
1.3	 0.4945148595612244
1.296	 0.4943535217675831
1.292	 0.49412879694631856
1.288	 0.493899132819949
1.284	 0.49373280687317644
1.28	 0.4935051489540352
1.276	 0.49326715678453814
1.272	 0.4930047307690326
1.268	 0.4927809824230733
1.264	 0.49260573972345123
1.26	 0.49243924122000055
1.256	 0.49221656867298363
1.252	 0.49189345698460496
1.248	 0.49147938502682065
1.244	 0.4911034825214728
1.24	 0.49073643434507
1.236	 0.4903851421035644
1.232	 0.4900903015956026
1.228	 0.48984907837523517
1.224	 0.4895810740373708
1.22	 0.48924943247897684
1.216	 0.4888599007915195
1.212	 0.4884130407346509
1.208	 0.48793938936409764
1.204	 0.48745762881263344
1.2	 0.48702508300376784
1.196	 0.48659059055434195
1.192	 0.48608215473507926
1.188	 0.48570434219056885
1.184	 0.4853206453554926
1.18	 0.4849410648043814
1.176	 0.48458800221913423
1.172	 0.48428704258330363
1.168	 0.48400352584417494
1.164	 0.4837260675784509
1.16	 0.48346952573602664
1.156	 0.483253826215073
1.152	 0.48302686201495554
1.148	 0.4828331280327313
1.144	 0.48265900761495956
1.14	 0.4824408599101215
1.136	 0.4822081059844831
1.132	 0.4819567315322908
1.128	 0.4816893370598443
1.124	 0.48158443292007025
1.12	 0.48129791353490725
1.116	 0.48097009523899276
1.112	 0.4806787117999736
1.108	 0.48044712666753575
1.104	 0.4802075569942725
1.1	 0.47993426963523317
1.096	 0.4796297720061973
1.092	 0.479323698526019
1.088	 0.4790560414367279
1.084	 0.47879576586356626
1.08	 0.4785602602069565
1.076	 0.4783635908962311
1.072	 0.47815170523506356
1.068	 0.47790655030264606
1.064	 0.47761970340525
1.06	 0.477305333615781
1.056	 0.4769554261946628
1.052	 0.4766622376926944
1.048	 0.4764658024433209
1.044	 0.47632079505832287
1.04	 0.4761499545047549
1.036	 0.4759831672897956
1.032	 0.47576940123488076
1.028	 0.4754894426749977
1.024	 0.4752044852471864
1.02	 0.4749453943872575
1.016	 0.47471007993746256
1.012	 0.4742125351433871
1.008	 0.4740020927121509
1.004	 0.4738651948814081
1.0	 0.4736951097455023
0.996	 0.47281630970138583
0.992	 0.47217956506926206
0.988	 0.47153605393935333
0.984	 0.47095318173105005
0.98	 0.47044301250438575
0.976	 0.4700000923196963
0.972	 0.46948291343574455
0.968	 0.4690414213523883
0.964	 0.46861607608139894
0.96	 0.4681799596269925
0.956	 0.4677516562076269
0.952	 0.46731902836920214
0.948	 0.46698216293314804
0.944	 0.4665692060359187
0.94	 0.4661495677136426
0.936	 0.46591274270714533
0.932	 0.4655413400670213
0.928	 0.46516298604402545
0.924	 0.46506534817117273
0.92	 0.4647436833648552
0.916	 0.4644529630319133
0.912	 0.46413320565444205
0.908	 0.4637880234932251
0.904	 0.46339485385496304
0.9	 0.462986272502604
0.896	 0.462605151307003
0.892	 0.4622050747618364
0.888	 0.46178512574812985
0.884	 0.4611504821824156
0.88	 0.4606936043758718
0.876	 0.4602374880767125
0.872	 0.45973742558824693
0.868	 0.45930481603682716
0.864	 0.45883555198708276
0.86	 0.4583567370233552
0.856	 0.4580100503811958
0.852	 0.4575852039178741
0.848	 0.4570744125379201
0.844	 0.4565257461081121
0.84	 0.4559442422256234
0.836	 0.4554360043213366
0.832	 0.45496598080278666
0.828	 0.45449298923996323
0.824	 0.45393326112310556
0.82	 0.45338975888030547
0.816	 0.452818644210953
0.812	 0.45213628789877613
0.808	 0.45150379874932395
0.804	 0.4508007576652059
0.8	 0.4500145828475121
0.799	 0.45008612680300597
0.798	 0.44987010051753296
0.797	 0.44963573584092353
0.796	 0.4493529231754552
0.795	 0.44939589323980494
0.794	 0.4491043523757385
0.793	 0.448817687613227
0.792	 0.4485035940832447
0.791	 0.4484175934378777
0.79	 0.448135505634174
0.789	 0.44784045088413116
0.788	 0.4475347505690629
0.787	 0.4475089178843239
0.786	 0.4471602268305274
0.785	 0.4468020076149373
0.784	 0.4464516808887786
0.783	 0.446351136466538
0.782	 0.445996006183548
0.781	 0.44561193148876016
0.78	 0.4452085393668618
0.779	 0.4450531163184501
0.778	 0.44466453060751887
0.777	 0.4442820794187356
0.776	 0.44385681550380746
0.775	 0.4436502641134478
0.774	 0.4432366170109678
0.773	 0.44284463637816746
0.772	 0.44244532474538695
0.771	 0.44226452672315736
0.77	 0.4418259600025591
0.769	 0.44137130341160374
0.768	 0.44090067810531336
0.767	 0.4406417602354943
0.766	 0.4401404550549938
0.765	 0.4396614523626556
0.764	 0.4392058254230061
0.763	 0.43894649526718943
0.762	 0.43806065027957153
0.761	 0.43756715583139344
0.76	 0.4370558109063658
0.759	 0.4367648157177528
0.758	 0.436205324983736
0.757	 0.4356330928580312
0.756	 0.4350546683820297
0.755	 0.4347012434810319
0.754	 0.43411149834603907
0.753	 0.4335277870397122
0.752	 0.4329238334573234
0.751	 0.4325290562874806
0.75	 0.43190251754214554
0.749	 0.43125349232869115
0.748	 0.4305765975671961
0.747	 0.43016110467517676
0.746	 0.42951865932336647
0.745	 0.42886741251381594
0.744	 0.42821824107208134
0.743	 0.4277805602225615
0.742	 0.42710569035517726
0.741	 0.42643577881841127
0.74	 0.42577717269223664
0.739	 0.42534214492640915
0.738	 0.4246823049764638
0.737	 0.4240137631061288
0.736	 0.42353017454127134
0.735	 0.42284410633303715
0.734	 0.422137712701759
0.733	 0.42143088610190654
0.732	 0.42094001579039775
0.731	 0.4202377066460234
0.73	 0.4195253208689678
0.729	 0.4187936644189604
0.728	 0.4182434038031358
0.727	 0.41748610016257787
0.726	 0.4167187984314701
0.725	 0.415959929241556
0.724	 0.4154034783449349
0.723	 0.41465411980423394
0.722	 0.41389679044967315
0.721	 0.4131364613236893
0.72	 0.41254373002779376
0.719	 0.41178820959764634
0.718	 0.4110105060787924
0.717	 0.41022064028145605
0.716	 0.4095859244530259
0.715	 0.4087851432512202
0.714	 0.40798137404090373
0.713	 0.4071882060814574
0.712	 0.4065725299702793
0.711	 0.4057754321056689
0.71	 0.40493954193144355
0.709	 0.40410598620954014
0.708	 0.40346169223871226
0.707	 0.4026550826393044
0.706	 0.40185081097463066
0.705	 0.40103808991373546
0.704	 0.40041098478134385
0.703	 0.39960687500373326
0.702	 0.3988021032699322
0.701	 0.3979869695301217
0.7	 0.3973387807768626
0.699	 0.39648876381923875
0.698	 0.3956322847296817
0.697	 0.3947789947234846
0.696	 0.3940943278746042
0.695	 0.39324742792390377
0.694	 0.39239015249188475
0.693	 0.39151912455869475
0.692	 0.3907980561738275
0.691	 0.38990709389736106
0.69	 0.3890281567234298
0.689	 0.38816792322571525
0.688	 0.3874655907926732
0.687	 0.38717149139200757
0.686	 0.38627952353459816
0.685	 0.38536691041743915
0.684	 0.3844604279437005
0.683	 0.38372973267212307
0.682	 0.38281143893194186
0.681	 0.38187323099784753
0.68	 0.3809161836800001
0.679	 0.38013607720374515
0.678	 0.37920732547455277
0.677	 0.3782769535965993
0.676	 0.37730865097892574
0.675	 0.37653686265966413
0.674	 0.3756137417969641
0.673	 0.3746936625663259
0.672	 0.3737614782742947
0.671	 0.37298678558440695
0.67	 0.3720313509421903
0.669	 0.371066326475169
0.668	 0.36949134231457004
0.667	 0.36866728619231337
0.666	 0.367671412961162
0.665	 0.36668702774772505
0.664	 0.3657102490547176
0.663	 0.3649378153831159
0.662	 0.3639639493412798
0.661	 0.36298002968173393
0.66	 0.36198603913467226
0.659	 0.3611518323571739
0.658	 0.3601048694411928
0.657	 0.35903250832983513
0.656	 0.35793703493205026
0.655	 0.35702935639076305
0.654	 0.3559733538753138
0.653	 0.3549241968556461
0.652	 0.35383632630763645
0.651	 0.3529010609721508
0.65	 0.35181236066832156
0.649	 0.3507444374833555
0.648	 0.3496917484695869
0.647	 0.34878735594452176
0.646	 0.34770619842407924
0.645	 0.346618776703049
0.644	 0.34551515485038775
0.643	 0.3445670910297223
0.642	 0.343447399379443
0.641	 0.34233023990311284
0.64	 0.3412236219162257
0.639	 0.3402647411293993
0.638	 0.33909348636990605
0.637	 0.3379131157680002
0.636	 0.33673648064780165
0.635	 0.3357098479808326
0.634	 0.33451734602542543
0.633	 0.333323955316556
0.632	 0.3321404644028175
0.631	 0.3311071510938888
0.63	 0.32989711940725563
0.629	 0.3287100634398876
0.628	 0.32754495426337965
0.627	 0.3265461606164976
0.626	 0.32537487510062774
0.625	 0.32420392379404295
0.624	 0.32303863222783014
0.623	 0.3220366444510062
0.622	 0.32086174676467466
0.621	 0.31968105020327925
0.62	 0.3184822047007734
0.619	 0.3174624761987803
0.618	 0.3162855412063677
0.617	 0.315116028763698
0.616	 0.3139538181310556
0.615	 0.31296505694519106
0.614	 0.3118013387201942
0.613	 0.31063605927254395
0.612	 0.3096452946221729
0.611	 0.30850665198510213
0.61	 0.30737963559213755
0.609	 0.30623643643921555
0.608	 0.3052673142200817
0.607	 0.3041300913902103
0.606	 0.30299154166131004
0.605	 0.3018607006829559
0.604	 0.3009147677377553
0.603	 0.29977587158966523
0.602	 0.2986394614984219
0.601	 0.2975144032180513
0.6	 0.2965630667079894
0.599	 0.29606939615859007
0.598	 0.29556016543608277
0.597	 0.2950624602057588
0.596	 0.29455470637485
0.595	 0.2940379172417196
0.594	 0.29352271983237677
0.593	 0.2930229409684839
0.592	 0.292519159091643
0.591	 0.29198864109632694
0.59	 0.291456362884751
0.589	 0.2909176630745432
0.588	 0.290388003716714
0.587	 0.2898741396606828
0.586	 0.2893711283133219
0.585	 0.28884856698291284
0.584	 0.2883479867333102
0.583	 0.287830817405765
0.582	 0.28731061725593954
0.581	 0.286807615372381
0.58	 0.28633191380619727
0.579	 0.28580785043932966
0.578	 0.2852670558849106
0.577	 0.2847440292340892
0.576	 0.2842536956990803
0.575	 0.283749563649815
0.574	 0.283231587998336
0.573	 0.2827167583140579
0.572	 0.282231032055086
0.571	 0.28175863195027423
0.57	 0.28130068374462447
0.569	 0.28085056781614764
0.568	 0.28043126687992104
0.567	 0.2800277201855355
0.566	 0.2796234000750506
0.565	 0.27917623596259905
0.564	 0.2787462303344795
0.563	 0.27832367501861893
0.562	 0.2776955023865677
0.561	 0.27728965299550157
0.56	 0.27690621905028917
0.559	 0.27655548873999425
0.558	 0.2762886091462865
0.557	 0.27604702598627096
0.556	 0.2757951606122035
0.555	 0.27555937846762507
0.554	 0.27534557792480713
0.553	 0.2751149498436939
0.552	 0.27491057406532277
0.551	 0.2747126566291048
0.55	 0.2745147542068069
0.549	 0.2743049648122654
0.548	 0.27413923157207276
0.547	 0.27395455891100096
0.546	 0.2737584195321431
0.545	 0.27358880257015994
0.544	 0.2734277225192208
0.543	 0.27328741276376795
0.542	 0.2731736998987704
0.541	 0.2730679300644072
0.54	 0.27296404976954525
0.539	 0.27283663754179105
0.538	 0.27270777220496084
0.537	 0.27257349403217
0.536	 0.27246995789468303
0.535	 0.27238295271181434
0.534	 0.2723306688711528
0.533	 0.27228611386989626
0.532	 0.27221955099746425
0.531	 0.2721841409257689
0.53	 0.27216407720129676
0.529	 0.27216029111938084
0.528	 0.27216316802178453
0.527	 0.27218065679968556
0.526	 0.27222164615221883
0.525	 0.272259947407386
0.524	 0.27226766313900763
0.523	 0.272264243224665
0.522	 0.27228512413684086
0.521	 0.2723025288790691
0.52	 0.2723234796874837
0.519	 0.27234304377542673
0.518	 0.272399918922203
0.517	 0.27245349102253863
0.516	 0.27252438617452696
0.515	 0.27259949842257786
0.514	 0.27269230128113825
0.513	 0.27275832003153244
0.512	 0.27280803789016256
0.511	 0.27284784230144365
0.51	 0.2729651395873249
0.509	 0.27309525006818
0.508	 0.27319562713788154
0.507	 0.2732823233983766
0.506	 0.2733518779685389
0.505	 0.27343980203939783
0.504	 0.2735092133328931
0.503	 0.2736001202403238
0.502	 0.2736739257387325
0.501	 0.27376440002353897
0.5	 0.273870483288913
0.499	 0.27403269649739853
0.498	 0.27418842302597796
0.497	 0.27433506550650794
0.496	 0.2745074616125375
0.495	 0.2746621107420254
0.494	 0.27483686311217936
0.493	 0.2750204071972934
0.492	 0.27519971143159666
0.491	 0.27541824122631864
0.49	 0.2755681895541035
0.489	 0.2757070800098906
0.488	 0.27590595233485793
0.487	 0.27649856411397594
0.486	 0.27673600626441086
0.485	 0.27696326598281845
0.484	 0.27720684517970784
0.483	 0.2774577718136043
0.482	 0.27770292914259365
0.481	 0.27796317390457287
0.48	 0.2782283331117746
0.479	 0.27849532710638614
0.478	 0.2787337402080373
0.477	 0.27911206802687616
0.476	 0.27937866227269
0.475	 0.27960134898014477
0.474	 0.2798528409975198
0.473	 0.2801563953339614
0.472	 0.2804516483461116
0.471	 0.2807239996585766
0.47	 0.28097975835754363
0.469	 0.2812240211609716
0.468	 0.28105482132923515
0.467	 0.28140133500492276
0.466	 0.28174267076463644
0.465	 0.28204909323635297
0.464	 0.2824550701462053
0.463	 0.2827381186377245
0.462	 0.2829851580370123
0.461	 0.28329284170458435
0.46	 0.28363446063118913
0.459	 0.2839636193613322
0.458	 0.2843741282601352
0.457	 0.2847255469788957
0.456	 0.28506402712084816
0.455	 0.285393799813153
0.454	 0.2857992335573316
0.453	 0.28620873252821005
0.452	 0.2867956332641179
0.451	 0.2874989166119385
0.45	 0.2881394777059614
0.449	 0.28878203743911235
0.448	 0.289294331341738
0.447	 0.2899764154455582
0.446	 0.29070399020920906
0.445	 0.29150994402183694
0.444	 0.2923352255416501
0.443	 0.2933408745078976
0.442	 0.2943392919674308
0.441	 0.2953149955756607
0.44	 0.29633082815845024
0.439	 0.2974417650053035
0.438	 0.2986412298837079
0.437	 0.29987708320495554
0.436	 0.30116407734774336
0.435	 0.30245743357381283
0.434	 0.3037699787505015
0.433	 0.3050853138379015
0.432	 0.30640975909128004
0.431	 0.30772932092730415
0.43	 0.3090743437958392
0.429	 0.3104275778424584
0.428	 0.31176398614914114
0.427	 0.3130980921763423
0.426	 0.3144468589872561
0.425	 0.31579920332308453
0.424	 0.317158772197419
0.423	 0.31851832474556924
0.422	 0.3198941697702993
0.421	 0.321273642921475
0.42	 0.32266657044696
0.419	 0.3240804616051042
0.418	 0.3254858148957045
0.417	 0.32689067876112854
0.416	 0.3282977353700588
0.415	 0.3297056094623681
0.414	 0.3311141892771187
0.413	 0.33254144336206815
0.412	 0.3339705511113785
0.411	 0.3353978807023808
0.41	 0.33681767023252096
0.409	 0.3382376872234879
0.408	 0.33968337463062187
0.407	 0.34111958103030465
0.406	 0.3425693008086323
0.405	 0.34402311076478514
0.404	 0.34547565121500423
0.403	 0.3469275209215379
0.402	 0.3484070665667383
0.401	 0.3498805704778071
0.4	 0.0
