14.0112	 1.0
13.9735	 0.5
13.9359	 0.5
13.8985	 0.5
13.8614	 0.5
13.8244	 0.5
13.7876	 0.5
13.7511	 0.5
13.7147	 0.5
13.6785	 0.5
13.6425	 0.5
13.6067	 0.5
13.5711	 0.5
13.5356	 0.5
13.5004	 0.5
13.4653	 0.5
13.4304	 0.5
13.3957	 0.5
13.3612	 0.5
13.3269	 0.5
13.2927	 0.5
13.2587	 0.5
13.2249	 0.5000000000000001
13.1912	 0.5000000000000001
13.1577	 0.5000000000000001
13.1244	 0.5000000000000001
13.0913	 0.5000000000000001
13.0583	 0.5000000000000001
13.0255	 0.5
12.9929	 0.5
12.9604	 0.5
12.9281	 0.5
12.8959	 0.5
12.8639	 0.5
12.8321	 0.5
12.8004	 0.5
12.7688	 0.5
12.7375	 0.5
12.7063	 0.5
12.6752	 0.5
12.6443	 0.5
12.6135	 0.5
12.5829	 0.5
12.5524	 0.5
12.5221	 0.5
12.4919	 0.5
12.4619	 0.5
12.432	 0.5
12.4023	 0.5
12.3727	 0.5
12.3432	 0.5
12.3139	 0.5
12.2847	 0.5
12.2557	 0.5
12.2268	 0.5
12.198	 0.5
12.1694	 0.5
12.1409	 0.5
12.1125	 0.5
12.0843	 0.5
12.0562	 0.5
12.0282	 0.5
12.0003	 0.5
11.9726	 0.5
11.945	 0.5
11.9176	 0.5
11.8903	 0.5
11.8631	 0.5
11.836	 0.5
11.809	 0.5
11.7822	 0.5
11.7555	 0.5
11.7289	 0.5
11.7024	 0.5
11.676	 0.5
11.6498	 0.5
11.6237	 0.5
11.5977	 0.5
11.5718	 0.5
11.546	 0.5
11.5203	 0.5
11.4948	 0.5
11.4694	 0.5
11.444	 0.5
11.4188	 0.5
11.3937	 0.5
11.3688	 0.5
11.3439	 0.5
11.3191	 0.5
11.2945	 0.5
11.2699	 0.5
11.2455	 0.5
11.2211	 0.5
11.1969	 0.5
11.1727	 0.5
11.1487	 0.5
11.1248	 0.5
11.101	 0.5
11.0773	 0.5
11.0536	 0.5
11.0301	 0.5
11.0067	 0.5
10.9834	 0.5
10.9602	 0.5
10.937	 0.5
10.914	 0.5
10.8911	 0.5
10.8682	 0.5
10.8455	 0.5
10.8229	 0.5
10.8003	 0.5
10.7779	 0.5
10.7555	 0.5
10.7332	 0.5
10.7111	 0.5
10.689	 0.5
10.667	 0.5
10.6451	 0.5
10.6233	 0.5
10.6015	 0.5
10.5799	 0.5
10.5584	 0.5
10.5369	 0.5
10.5155	 0.5
10.4942	 0.5
10.473	 0.5
10.4519	 0.5
10.4309	 0.5
10.4099	 0.5
10.3891	 0.5
10.3683	 0.5
10.3476	 0.5
10.327	 0.5
10.3065	 0.5
10.286	 0.5
10.2656	 0.5
10.2454	 0.5
10.2252	 0.5
10.205	 0.5
10.185	 0.5
10.165	 0.5
10.1451	 0.5
10.1253	 0.5
10.1056	 0.5
10.0859	 0.5
10.0663	 0.5
10.0468	 0.5
10.0274	 0.5
10.008	 0.5
9.9887	 0.5
9.9695	 0.5
9.9504	 0.5
9.9313	 0.5
9.9123	 0.5
9.8934	 0.5
9.8746	 0.5
9.8558	 0.5
9.8371	 0.5
9.8185	 0.5
9.7999	 0.5000000000000001
9.7814	 0.5000000000000001
9.763	 0.5000000000000001
9.7447	 0.5000000000000001
9.7264	 0.5000000000000001
9.7082	 0.5000000000000001
9.69	 0.5000000000000001
9.6719	 0.5000000000000001
9.6539	 0.5000000000000001
9.636	 0.5000000000000001
9.6181	 0.5000000000000001
9.6003	 0.5
9.5825	 0.5
9.5649	 0.5
9.5472	 0.5
9.5297	 0.5
9.5122	 0.5004520852572788
9.4948	 0.5013971487739991
9.4774	 0.5026731268761343
9.4601	 0.5041437835036804
9.4429	 0.5057105326819703
9.4257	 0.5073149887267683
9.4086	 0.5089228475188888
9.3916	 0.5110769510899703
9.3746	 0.5124431370969479
9.3577	 0.5137306259065733
9.3408	 0.5149179999214204
9.324	 0.5155951685643062
9.3073	 0.515255023859406
9.2906	 0.5139704836866997
9.274	 0.511994457832937
9.2574	 0.5095261328616439
9.2409	 0.5067053899442073
9.2245	 0.5036476408126093
9.2081	 0.5005856727080836
9.1918	 0.49842170938288816
9.1755	 0.49560553459894474
9.1593	 0.4929136342768436
9.1431	 0.49039116610634614
9.127	 0.4880847096589352
9.111	 0.4864295313403316
9.095	 0.4855585552643947
9.0791	 0.4854901666987304
9.0632	 0.48610616201890877
9.0474	 0.4872868313188168
9.0316	 0.4890713298785652
9.0159	 0.49072223844902785
9.0003	 0.49229786944303994
8.9847	 0.49379316508395443
8.9691	 0.495201516000262
8.9536	 0.49652674319306356
8.9382	 0.4977615069501158
8.9228	 0.4988806735556252
8.9075	 0.499811715685923
8.8922	 0.5003782297184313
8.877	 0.5004910759107966
8.8618	 0.5002346944196141
8.8467	 0.49972199112298016
8.8316	 0.4991901941183258
8.8166	 0.49871636449495993
8.8016	 0.4983950133973355
8.7867	 0.49821081588447746
8.7718	 0.498131860509729
8.757	 0.49811445502343066
8.7422	 0.49811445502343066
8.7275	 0.4984277512433882
8.7129	 0.49909506849299895
8.6982	 0.5008412808517726
8.6837	 0.502078629328472
8.6692	 0.5035107490136574
8.6547	 0.5050884213238122
8.6403	 0.5067692730913602
8.6259	 0.5085272918231859
8.6116	 0.5103615986048889
8.5973	 0.5122915584147701
8.583	 0.5143500666643792
8.5688	 0.5165647573289874
8.5547	 0.518967654156546
8.5406	 0.5213125016090685
8.5266	 0.5232630136421332
8.5126	 0.5249126850999285
8.4986	 0.5266208661408354
8.4847	 0.5283263263622232
8.4708	 0.5301532993232512
8.457	 0.532104553804096
8.4432	 0.5341441186571682
8.4295	 0.536202377693136
8.4158	 0.538176470788765
8.4022	 0.5415168989997052
8.3886	 0.5426272548787551
8.375	 0.5431500328679065
8.3615	 0.5429502443980536
8.3481	 0.5419025874102928
8.3347	 0.5401568614584102
8.3213	 0.537638709526874
8.3079	 0.5341360613582854
8.2946	 0.5294997493527817
8.2814	 0.5236400114171481
8.2682	 0.5171248557528986
8.255	 0.5100292271199522
8.2419	 0.5023948877944644
8.2288	 0.49432147537142196
8.2158	 0.4859668809338648
8.2028	 0.4791490560538421
8.1898	 0.47091847927779584
8.1769	 0.4631027441260383
8.164	 0.4559907521151413
8.1512	 0.44930817156473224
8.1384	 0.4446834778742597
8.1256	 0.44153130727302803
8.1129	 0.4400268489261033
8.1002	 0.44028188846049415
8.0876	 0.44234561413436935
8.075	 0.4455233460619513
8.0624	 0.44913185332239103
8.0499	 0.4530996787469324
8.0374	 0.4574153813835444
8.025	 0.46203918567074176
8.0126	 0.46690445822386767
8.0002	 0.47191617805008196
7.9879	 0.4769524096689772
7.9756	 0.4818679896097371
7.9634	 0.48649753124216427
7.9512	 0.4873200341842443
7.939	 0.49124030699409343
7.9268	 0.4945662315523339
7.9147	 0.49716847679026255
7.9027	 0.4989601057706286
7.8906	 0.4999013265723563
7.8786	 0.5
7.8667	 0.5
7.8548	 0.5
7.8429	 0.5
7.831	 0.5
7.8192	 0.5
7.8075	 0.5
7.7957	 0.5
7.784	 0.5
7.7723	 0.5
7.7607	 0.5
7.7491	 0.5
7.7375	 0.5
7.726	 0.5
7.7145	 0.5
7.7031	 0.5
7.6916	 0.5
7.6802	 0.5
7.6689	 0.5
7.6575	 0.5
7.6462	 0.5
7.635	 0.5
7.6238	 0.5
7.6126	 0.5
7.6014	 0.5
7.5903	 0.5
7.5792	 0.5
7.5681	 0.5
7.5571	 0.5
7.5461	 0.5
7.5351	 0.5
7.5242	 0.5
7.5133	 0.5
7.5024	 0.5
7.4916	 0.5
7.4807	 0.5
7.47	 0.5
7.4592	 0.5
7.4485	 0.5
7.4378	 0.5
7.4272	 0.5
7.4165	 0.5
7.4059	 0.5
7.3954	 0.5
7.3848	 0.5
7.3743	 0.5
7.3639	 0.5
7.3534	 0.5
7.343	 0.5
7.3326	 0.5
7.3223	 0.5
7.3119	 0.5
7.3016	 0.5
7.2914	 0.5
7.2811	 0.5
7.2709	 0.5
7.2607	 0.5
7.2506	 0.5
7.2404	 0.5
7.2303	 0.5
7.2203	 0.5
7.2102	 0.5
7.2002	 0.5
7.1902	 0.5
7.1803	 0.5
7.1703	 0.5
7.1604	 0.5
7.1506	 0.5
7.1407	 0.5
7.1309	 0.5
7.1211	 0.5
7.1113	 0.5
7.1016	 0.5
7.0919	 0.5
7.0822	 0.5
7.0725	 0.5
7.0629	 0.5
7.0533	 0.5
7.0437	 0.5
7.0341	 0.5
7.0246	 0.5
7.0151	 0.5
7.0056	 0.5
6.9962	 0.5
6.9867	 0.5
6.9773	 0.5
6.9679	 0.5
6.9586	 0.49999999999999994
6.9493	 0.49999999999999994
6.94	 0.49999999999999994
6.9307	 0.49999999999999994
6.9214	 0.49999999999999994
6.9122	 0.49999999999999994
6.903	 0.49999999999999994
6.8938	 0.49999999999999994
6.8847	 0.49999999999999994
6.8755	 0.49999999999999994
6.8664	 0.49999999999999994
6.8573	 0.49999999999999994
6.8483	 0.49999999999999994
6.8393	 0.49999999999999994
6.8302	 0.49999999999999994
6.8213	 0.49999999999999994
6.8123	 0.49999999999999994
6.8034	 0.49999999999999994
6.7944	 0.49999999999999994
6.7855	 0.49999999999999994
6.7767	 0.49999999999999994
6.7678	 0.49999999999999994
6.759	 0.5
6.7502	 0.5
6.7414	 0.5
6.7327	 0.5
6.7239	 0.5
6.7152	 0.5
6.7065	 0.5
6.6979	 0.5
6.6892	 0.5
6.6806	 0.5
6.672	 0.5
6.6634	 0.5
6.6549	 0.5
6.6464	 0.5
6.6378	 0.5
6.6294	 0.5
6.6209	 0.5
6.6124	 0.5
6.604	 0.5
6.5956	 0.5
6.5872	 0.5
6.5789	 0.5
6.5705	 0.5
6.5622	 0.5
6.5539	 0.5
6.5456	 0.5
6.5374	 0.5
6.5292	 0.5
6.5209	 0.5
6.5128	 0.5
6.5046	 0.5
6.4964	 0.5
6.4883	 0.5
6.4802	 0.5
6.4721	 0.5
6.464	 0.5
6.456	 0.5
6.448	 0.5
6.4399	 0.5
6.432	 0.5
6.424	 0.5
6.416	 0.5
6.4081	 0.49999999999999994
6.4002	 0.49999999999999994
6.3923	 0.49999999999999994
6.3844	 0.49999999999999994
6.3766	 0.49999999999999994
6.3687	 0.49999999999999994
6.3609	 0.49999999999999994
6.3531	 0.49999999999999994
6.3454	 0.49999999999999994
6.3376	 0.49999999999999994
6.3299	 0.49999999999999994
6.3221	 0.49999999999999994
6.3144	 0.49999999999999994
6.3068	 0.49999999999999994
6.2991	 0.49999999999999994
6.2914	 0.49999999999999994
6.2838	 0.49999999999999994
6.2762	 0.49999999999999994
6.2686	 0.49999999999999994
6.2611	 0.49999999999999994
6.2535	 0.49999999999999994
6.246	 0.49999999999999994
6.2385	 0.49999999999999994
6.231	 0.49999999999999994
6.2235	 0.49999999999999994
6.216	 0.49999999999999994
6.2086	 0.5
6.2011	 0.5
6.1937	 0.5
6.1863	 0.5
6.179	 0.5
6.1716	 0.5
6.1643	 0.5
6.157	 0.5
6.1496	 0.5
6.1424	 0.5
6.1351	 0.5
6.1278	 0.5
6.1206	 0.5
6.1134	 0.5
6.1062	 0.5
6.099	 0.5
6.0918	 0.5
6.0847	 0.5
6.0776	 0.5
6.0704	 0.5
6.0633	 0.5
6.0563	 0.5
6.0492	 0.5
6.0421	 0.5
6.0351	 0.5
6.0281	 0.5
6.0211	 0.5
6.0141	 0.5
6.0071	 0.5
6.0002	 0.5
5.9932	 0.5
5.9863	 0.5
5.9794	 0.5
5.9725	 0.5
5.9657	 0.5
5.9588	 0.5
5.952	 0.5
5.9451	 0.5
5.9383	 0.5
5.9315	 0.5
5.9247	 0.5
5.918	 0.5001003975773959
5.9112	 0.5003136674653891
5.9045	 0.5006216012744276
5.8978	 0.5009986257341849
5.8911	 0.5014135402718715
5.8844	 0.5018304899747149
5.8777	 0.5024414433315174
5.8711	 0.5026404131273485
5.8644	 0.5027112323686643
5.8578	 0.5027112323686643
5.8512	 0.5027112323686643
5.8446	 0.5027112323686643
5.838	 0.5027112323686642
5.8314	 0.5027112323686642
5.8249	 0.5027112323686642
5.8184	 0.5027112323686642
5.8118	 0.5027112323686642
5.8053	 0.5027112323686642
5.7988	 0.5027112323686642
5.7923	 0.5026269514993894
5.7859	 0.5026269514993894
5.7794	 0.5026269514993893
5.773	 0.5026269514993894
5.7666	 0.5026269514993893
5.7602	 0.5026269514993893
5.7538	 0.5026269514993893
5.7474	 0.5026269514993894
5.741	 0.5026269514993894
5.7347	 0.5026269514993894
5.7283	 0.5026269514993894
5.722	 0.5025337790401178
5.7157	 0.5023011319889112
5.7094	 0.502031562282569
5.7031	 0.5022459072644854
5.6969	 0.5022023324224478
5.6906	 0.5022749106136217
5.6844	 0.5025254563063769
5.6782	 0.5030852368813982
5.6719	 0.5038751420374041
5.6657	 0.504991776442672
5.6596	 0.5063854630191333
5.6534	 0.5079055583544448
5.6472	 0.509448719537523
5.6411	 0.5109783691272671
5.6349	 0.51245424403485
5.6288	 0.5138350190182538
5.6227	 0.51561885797092
5.6166	 0.5164619156698347
5.6106	 0.5170798910617808
5.6045	 0.5174562439110674
5.5984	 0.5175834846795304
5.5924	 0.5176676632165051
5.5864	 0.5176676632165051
5.5804	 0.5176676632165051
5.5744	 0.5176676632165051
5.5684	 0.517667663216505
5.5624	 0.517667663216505
5.5564	 0.5176676632165049
5.5505	 0.5176676632165049
5.5445	 0.5176676632165049
5.5386	 0.5171105869219592
5.5327	 0.5171105869219592
5.5268	 0.5171105869219591
5.5209	 0.5171474959826278
5.5151	 0.5170833714205362
5.5092	 0.5168003095115115
5.5033	 0.5160023988432497
5.4975	 0.5151678133962455
5.4917	 0.514065877088248
5.4859	 0.5126728964024382
5.4801	 0.5109691691660313
5.4743	 0.5089399696708339
5.4685	 0.5065820026664514
5.4628	 0.5036762847903794
5.457	 0.5011058659089959
5.4513	 0.4986680646673183
5.4455	 0.49645514596075974
5.4398	 0.49456617849946577
5.4341	 0.4930999753302552
5.4284	 0.4921455585168996
5.4228	 0.4922817258800952
5.4171	 0.4925779905024639
5.4114	 0.49352987161740736
5.4058	 0.4951351730858824
5.4002	 0.4973684488154923
5.3945	 0.5000704607017201
5.3889	 0.5051934575070423
5.3833	 0.5080313390608303
5.3778	 0.5108524746768209
5.3722	 0.5136472638801125
5.3666	 0.516410995887579
5.3611	 0.5191420287877933
5.3555	 0.5218405118445607
5.35	 0.5245082024156924
5.3445	 0.527148376890581
5.339	 0.5303211531145857
5.3335	 0.5329201964133017
5.328	 0.5355075743612182
5.3225	 0.5392587860844513
5.3171	 0.5418373967109954
5.3116	 0.5445453219804682
5.3062	 0.5473724979073366
5.3008	 0.5503033159183088
5.2954	 0.5533188572525076
5.29	 0.5564016970890038
5.2846	 0.5595375971695405
5.2792	 0.5627184484107055
5.2738	 0.5659408839344459
5.2684	 0.5692029270696036
5.2631	 0.5714537679586627
5.2578	 0.5744039877237425
5.2524	 0.5770476510846572
5.2471	 0.5793021859686593
5.2418	 0.5811379874437301
5.2365	 0.5824859385854094
5.2312	 0.5832846209775394
5.226	 0.5834895363843334
5.2207	 0.5830795618880397
5.2154	 0.5820616610590091
5.2102	 0.580470662572347
5.205	 0.5783646636453403
5.1998	 0.5758203109161503
5.1945	 0.5730368902315545
5.1893	 0.5709049371733589
5.1842	 0.5682780016040959
5.179	 0.5657636736809326
5.1738	 0.5634089908057914
5.1686	 0.5612441500966204
5.1635	 0.5592824532938737
5.1584	 0.5575210229902179
5.1532	 0.5559442236697594
5.1481	 0.5545271555762707
5.143	 0.5532414674629795
5.1379	 0.55206061580309
5.1328	 0.5509653764608535
5.1277	 0.5513950546181059
5.1227	 0.5518992951395618
5.1176	 0.5512514121232754
5.1126	 0.5507919117454352
5.1075	 0.5505734824152866
5.1025	 0.5506486421125095
5.0975	 0.55106111387561
5.0925	 0.5518383647795493
5.0875	 0.5529864575452325
5.0825	 0.5544887215432205
5.0775	 0.556309222358667
5.0726	 0.5583990176985595
5.0676	 0.5638848223947179
5.0627	 0.5663932296073805
5.0577	 0.5691281724838337
5.0528	 0.5735947262771738
5.0479	 0.5765828050306804
5.043	 0.5797374438478884
5.038	 0.5830589975397623
5.0332	 0.5865485408964002
5.0283	 0.5902037016098209
5.0234	 0.59401541767189
5.0185	 0.597963988527655
5.0137	 0.602020167820425
5.0088	 0.6083164061267821
5.004	 0.6123690412129701
4.9992	 0.6164075556226487
4.9944	 0.6203863025150199
4.9896	 0.6242332266536176
4.9848	 0.6279344890157199
4.98	 0.63145220839827
4.9752	 0.6347438305900043
4.9704	 0.6377782256170245
4.9657	 0.6405388338843955
4.9609	 0.6430260962421908
4.9562	 0.6452565128838944
4.9514	 0.6483837278310028
4.9467	 0.6501344664990425
4.942	 0.651725625644413
4.9373	 0.6531813935379849
4.9326	 0.654512115518023
4.9279	 0.6558657956282201
4.9232	 0.6569243692711825
4.9186	 0.6577837197350636
4.9139	 0.6583897944737515
4.9092	 0.658681876871723
4.9046	 0.6585997702629588
4.9	 0.6580938143564381
4.8953	 0.6574646508435537
4.8907	 0.6559778191514843
4.8861	 0.6540567347157665
4.8815	 0.6517458641064862
4.8769	 0.6491032465247846
4.8723	 0.6461923908674845
4.8678	 0.6441524317373528
4.8632	 0.6409734356735981
4.8586	 0.6376724965023906
4.8541	 0.6342822407897046
4.8495	 0.630827318033922
4.845	 0.6276681095277867
4.8405	 0.6241581036493858
4.836	 0.6206280458757408
4.8315	 0.6170876648253267
4.827	 0.6135447531849919
4.8225	 0.6100062329233497
4.818	 0.6064794023677176
4.8135	 0.6029720113627843
4.809	 0.601507477104848
4.8046	 0.5981162688073745
4.8001	 0.5947599538111081
4.7957	 0.5919154635236119
4.7913	 0.5886515788472286
4.7868	 0.5854449239109779
4.7824	 0.5823058375102848
4.778	 0.5792452826562444
4.7736	 0.5762721198492868
4.7692	 0.5733912266326351
4.7648	 0.5706019494476396
4.7605	 0.567897109032948
4.7561	 0.5652645722946245
4.7517	 0.564657122809594
4.7474	 0.5624640692719854
4.7431	 0.5599371404829628
4.7387	 0.5574373317015032
4.7344	 0.5549608929987349
4.7301	 0.5525106583532006
4.7258	 0.5500965565961888
4.7215	 0.5477345828359281
4.7172	 0.5454462413537003
4.7129	 0.5432571528972484
4.7086	 0.5411954410636326
4.7043	 0.539288404039115
4.7	 0.5374451811203701
4.6958	 0.5372459786821755
4.6915	 0.5357559444478717
4.6873	 0.5344564425699958
4.6831	 0.5333209955910316
4.6788	 0.5323116976118717
4.6746	 0.5313873418501404
4.6704	 0.5305113406401076
4.6662	 0.5296579823454426
4.662	 0.5288139034064415
4.6578	 0.5279762202811653
4.6536	 0.5269909950936253
4.6495	 0.5262015785777444
4.6453	 0.5259431512180325
4.6411	 0.5251289274776674
4.637	 0.5243145861301044
4.6328	 0.5234967517345077
4.6287	 0.5226751360565425
4.6246	 0.5218524924964871
4.6205	 0.5210329716443931
4.6163	 0.5202205631558124
4.6122	 0.519418299261951
4.6081	 0.518771474882843
4.604	 0.5180228656144552
4.6	 0.517289246239777
4.5959	 0.5169193752777004
4.5918	 0.5162170779861279
4.5877	 0.5155404366850163
4.5837	 0.5148943071380586
4.5796	 0.5142824284550682
4.5756	 0.5137071451442129
4.5716	 0.5131698431150138
4.5675	 0.5126713548542479
4.5635	 0.5126629725553837
4.5595	 0.5122655337838434
4.5555	 0.5119127628479517
4.5515	 0.5116088810565884
4.5475	 0.5116310783389034
4.5435	 0.5114300101731474
4.5395	 0.5112886336132991
4.5356	 0.5112092172955107
4.5316	 0.5111939644741799
4.5276	 0.5112451847255808
4.5237	 0.5113654104844351
4.5198	 0.5120478252892142
4.5158	 0.5123002007168199
4.5119	 0.512620688859538
4.508	 0.5130034259038616
4.504	 0.5134384911099072
4.5001	 0.5142731002538181
4.4962	 0.5148044107526422
4.4923	 0.5153478865624186
4.4884	 0.5158929812906031
4.4846	 0.5164364227723749
4.4807	 0.5172635388202369
4.4768	 0.5178040492969528
4.473	 0.5183753538288096
4.4691	 0.5189864773280761
4.4652	 0.5196382596229945
4.4614	 0.5203228234400556
4.4576	 0.5210263045213689
4.4537	 0.5219857467224684
4.4499	 0.5226523290355787
4.4461	 0.5233088143114565
4.4423	 0.5242005136042973
4.4385	 0.5248272672055386
4.4347	 0.525448457267482
4.4309	 0.5260652092768695
4.4271	 0.5266756215989374
4.4233	 0.527275349026139
4.4196	 0.527859018053815
4.4158	 0.5284214100367544
4.412	 0.5289580001583579
4.4083	 0.5294059908662953
4.4045	 0.5300325436465663
4.4008	 0.5304517099811156
4.3971	 0.5308384092349685
4.3934	 0.5311912277007748
4.3896	 0.5315080997720373
4.3859	 0.5317861773788536
4.3822	 0.532023016352127
4.3785	 0.5322173765512151
4.3748	 0.5323692582799561
4.3711	 0.5324795283015837
4.3674	 0.5325492224050783
4.3638	 0.532567509430152
4.3601	 0.5325597605832062
4.3564	 0.5325148236144197
4.3528	 0.5324323025132868
4.3491	 0.5323118625639011
4.3455	 0.5321537443770672
4.3418	 0.531958849146758
4.3382	 0.5317288499201621
4.3346	 0.5314653787650763
4.331	 0.5311695548291829
4.3273	 0.5309671138251248
4.3237	 0.5306067584359705
4.3201	 0.5303249433006656
4.3165	 0.529940656753841
4.3129	 0.5295246615584881
4.3094	 0.5290783291804709
4.3058	 0.5286041941873475
4.3022	 0.5281061543008992
4.2986	 0.5275898081153221
4.2951	 0.5270619835247435
4.2915	 0.526644956248719
4.288	 0.5261121259696918
4.2844	 0.5255861757323935
4.2809	 0.5255567857894637
4.2774	 0.5250658988091267
4.2738	 0.524573068299522
4.2703	 0.5240693956636525
4.2668	 0.523546926791275
4.2633	 0.5230011031520091
4.2598	 0.522432818424131
4.2563	 0.5219152238459587
4.2528	 0.5213168360114053
4.2493	 0.5207195738501208
4.2458	 0.5201302686771972
4.2424	 0.5200266288146818
4.2389	 0.5194550281344282
4.2354	 0.5188965109692689
4.232	 0.5183477911807637
4.2285	 0.5178060456375643
4.2251	 0.5172698075908149
4.2216	 0.5167505752048961
4.2182	 0.5162227173531844
4.2148	 0.5157051648157099
4.2113	 0.5152007067979361
4.2079	 0.514711641450661
4.2045	 0.5146062336015407
4.2011	 0.5141374568615389
4.1977	 0.5136862133567275
4.1943	 0.5132517856458257
4.1909	 0.5128329688848285
4.1875	 0.5123980847296689
4.1841	 0.512005541816919
4.1808	 0.5116273669888902
4.1774	 0.511263000041392
4.174	 0.5109117269274477
4.1707	 0.5105729993871936
4.1673	 0.5102464212024311
4.164	 0.5101078205236544
4.1606	 0.5097905657140944
4.1573	 0.5094436074340304
4.154	 0.5091485385990808
4.1506	 0.5088637907549292
4.1473	 0.508588263883647
4.144	 0.5083203336327404
4.1407	 0.5080575656912931
4.1374	 0.5077967349066809
4.1341	 0.5075345109735165
4.1308	 0.5072680193221847
4.1275	 0.5070860555285638
4.1242	 0.5067478880051981
4.1209	 0.5064585743245735
4.1177	 0.5061616505591093
4.1144	 0.505855851252114
4.1111	 0.5055393734456126
4.1079	 0.5052102038438709
4.1046	 0.5048670814231262
4.1014	 0.5045094132836337
4.0981	 0.5041369020880817
4.0949	 0.5037493394647611
4.0917	 0.5033849496471445
4.0884	 0.5029718176734413
4.0852	 0.5025435217683937
4.082	 0.5020997323581567
4.0788	 0.5016416306384026
4.0756	 0.5011727318547076
4.0724	 0.5006985347446906
4.0692	 0.5002259493280837
4.066	 0.4997618665155468
4.0628	 0.49917729073565875
4.0596	 0.4987388835046631
4.0565	 0.498438803368364
4.0533	 0.4980135736655122
4.0501	 0.4975981754374409
4.047	 0.4971889162792431
4.0438	 0.496782678557169
4.0407	 0.4963777489099494
4.0375	 0.4959741285836976
4.0344	 0.49541191375342086
4.0312	 0.49501293218226
4.0281	 0.4946199462592899
4.025	 0.4942339210469534
4.0218	 0.49394703879981633
4.0187	 0.4935699382403286
4.0156	 0.49319800550956777
4.0125	 0.49282978831014906
4.0094	 0.49246375069955073
4.0063	 0.4920987051620489
4.0032	 0.491548619990905
4.0001	 0.4911795365736281
3.997	 0.49080946653385477
3.994	 0.4904389995375663
3.9909	 0.49006869874152176
3.9878	 0.489769477679091
3.9847	 0.489394979795957
3.9817	 0.489018791129695
3.9786	 0.4886403411099847
3.9756	 0.48803414976427384
3.9725	 0.4876464581601318
3.9695	 0.48725554497657875
3.9665	 0.4868605620075019
3.9634	 0.4864609222125596
3.9604	 0.4860566858843535
3.9574	 0.485679064164408
3.9544	 0.4852649247569148
3.9513	 0.4848483646929937
3.9483	 0.48417151783279944
3.9453	 0.4837444183458309
3.9423	 0.4833117975538072
3.9393	 0.4828736716415797
3.9363	 0.48243124695945516
3.9333	 0.481986414261659
3.9304	 0.48154115746932996
3.9274	 0.481096966428921
3.9244	 0.4806466091291036
3.9214	 0.4799234524057287
3.9185	 0.47948147407381014
3.9155	 0.4790417960933288
3.9126	 0.47860465953220654
3.9096	 0.478170761638067
3.9067	 0.4777410286122032
3.9037	 0.47731631856299767
3.9008	 0.476897156503602
3.8979	 0.47648380150607167
3.8949	 0.4757832126134086
3.892	 0.47532776544909605
3.8891	 0.4749253367428099
3.8862	 0.4745272525120254
3.8833	 0.47413319615831767
3.8804	 0.47374302457032763
3.8775	 0.47335666226988254
3.8746	 0.47297414382283703
3.8717	 0.4725951838456397
3.8688	 0.47191132837920313
3.8659	 0.47153713502648603
3.863	 0.47108176757446324
3.8601	 0.4707069966777522
3.8573	 0.4703332522377499
3.8544	 0.46996097448109553
3.8515	 0.4695901173501215
3.8487	 0.4692199474090338
3.8458	 0.4688495596299372
3.843	 0.46815055651741505
3.8401	 0.46777626864429417
3.8373	 0.46739957947155947
3.8344	 0.4669218165807275
3.8316	 0.4665385108246771
3.8288	 0.4661516314896457
3.8259	 0.46576074069491
3.8231	 0.4653660143378404
3.8203	 0.4649679006847236
3.8175	 0.46421766035396744
3.8147	 0.4638116654105961
3.8119	 0.46340326218449174
3.8091	 0.46299301174457974
3.8063	 0.4625817042722264
3.8035	 0.4620591176950262
3.8007	 0.4616474090610552
3.7979	 0.46123768540781585
3.7951	 0.4608299864725434
3.7924	 0.46005355365569317
3.7896	 0.45964452714852466
3.7868	 0.4592369631641512
3.7841	 0.4588322627365951
3.7813	 0.458431924455778
3.7785	 0.45803702780263417
3.7758	 0.45750885094946786
3.773	 0.4571204735067309
3.7703	 0.45634164748216316
3.7676	 0.4559603853913412
3.7648	 0.45558366955548035
3.7621	 0.4552109416841601
3.7594	 0.45484111702730423
3.7566	 0.4544728450304335
3.7539	 0.4541050464857187
3.7512	 0.4537377038023668
3.7485	 0.4531890030385171
3.7458	 0.45239126966874593
3.7431	 0.4520258375469771
3.7404	 0.45166618369799144
3.7377	 0.45131178526278126
3.735	 0.4509607084174185
3.7323	 0.45061005846984487
3.7296	 0.45025671241282755
3.7269	 0.4498979691233003
3.7242	 0.44953172213668197
3.7216	 0.4484424588864301
3.7189	 0.4480436273389112
3.7162	 0.44763321065924505
3.7136	 0.4472108261018296
3.7109	 0.44677723425669014
3.7083	 0.44633407054226826
3.7056	 0.4458835950626675
3.703	 0.445428523676459
3.7003	 0.4444215339579337
3.6977	 0.4439683565171938
3.695	 0.4432643821733245
3.6924	 0.4428099619445347
3.6898	 0.44235519682072993
3.6872	 0.44189964134877824
3.6845	 0.44144302340965835
3.6819	 0.4409852454723586
3.6793	 0.44052624560045356
3.6767	 0.4395213751617116
3.6741	 0.43905804961072514
3.6715	 0.4385911288254993
3.6689	 0.43785175623454037
3.6663	 0.43737317372077317
3.6637	 0.4368914160279841
3.6611	 0.43640811355013337
3.6585	 0.43592454347849957
3.656	 0.4348924602053376
3.6534	 0.4344060432680213
3.6508	 0.43391812377537
3.6482	 0.43342823729303703
3.6457	 0.43293556995289084
3.6431	 0.4321507357704189
3.6406	 0.43164605156167246
3.638	 0.4311363922026279
3.6355	 0.43004046339958923
3.6329	 0.4295128766916441
3.6304	 0.42897897521765294
3.6278	 0.42843896650464697
3.6253	 0.4278931327731685
3.6227	 0.42734209497948233
3.6202	 0.4267870885516803
3.6177	 0.425909300498423
3.6152	 0.4253492291333241
3.6127	 0.4241719271579533
3.6101	 0.42362333204474173
3.6076	 0.4230806937496131
3.6051	 0.4225436365855336
3.6026	 0.42201167137990075
3.6001	 0.4214850579947577
3.5976	 0.420964270766471
3.5951	 0.4204505740405287
3.5926	 0.4190422719162129
3.5901	 0.41855152906318766
3.5876	 0.41806981113442776
3.5852	 0.41759625413188295
3.5827	 0.41712920424904765
3.5802	 0.4166668268755725
3.5777	 0.41620787756459343
3.5753	 0.41575222577900695
3.5728	 0.4147860197335936
3.5704	 0.4139922005117962
3.5679	 0.41355829030019936
3.5654	 0.41313269872600367
3.563	 0.4127155657221808
3.5605	 0.4123069586740775
3.5581	 0.4119070385028219
3.5557	 0.4115158710549976
3.5532	 0.41065748236245037
3.5508	 0.4102874226965487
3.5484	 0.409926566297505
3.5459	 0.4092059625143564
3.5435	 0.4088624980844792
3.5411	 0.40852730911865653
3.5387	 0.40819936102982834
3.5363	 0.4078782497937499
3.5338	 0.40711457200498685
3.5314	 0.40681080699988786
3.529	 0.40652019422436536
3.5266	 0.4062455714632752
3.5242	 0.4059893342217929
3.5218	 0.4053598360931393
3.5195	 0.4051424545748839
3.5171	 0.40495140732836105
3.5147	 0.40433302429679174
3.5123	 0.4041962577586314
3.5099	 0.4040839582227916
3.5075	 0.4039897575408419
3.5052	 0.4039057870853154
3.5028	 0.4038243017890412
3.5004	 0.40331133755672527
3.4981	 0.40321461313395457
3.4957	 0.40262247538478607
3.4934	 0.40251166057627685
3.491	 0.4023978046472837
3.4887	 0.4022831639438192
3.4863	 0.4021695740091509
3.484	 0.4020577973048351
3.4816	 0.4019476004621318
3.4793	 0.4018384409168169
3.477	 0.4007410719218402
3.4746	 0.40062476804879993
3.4723	 0.4005101738248737
3.47	 0.40039842829731825
3.4677	 0.4002897912237495
3.4653	 0.40018368353011957
3.463	 0.400078904823235
3.4607	 0.3999740077749958
3.4584	 0.3998687542383327
3.4561	 0.39869458709578964
3.4538	 0.3985894411962999
3.4515	 0.39849038541160103
3.4492	 0.39839883301767265
3.4469	 0.39831628537160224
3.4446	 0.39824416729655654
3.4423	 0.39818390141696797
3.44	 0.39756749196907687
3.4378	 0.3975347888365793
3.4355	 0.3969702355499578
3.4332	 0.3969674295204867
3.4309	 0.3969837405616854
3.4287	 0.39701971570972955
3.4264	 0.39707527548333715
3.4241	 0.3971494284884637
3.4219	 0.39664669773229744
3.4196	 0.3967479371130433
3.4174	 0.3968576074755815
3.4151	 0.39697089648035333
3.4129	 0.3964917944935057
3.4106	 0.396594907280016
3.4084	 0.3966901701474151
3.4061	 0.3967754653187904
3.4039	 0.39623483874114324
3.4017	 0.3962940946720687
3.3994	 0.3963420046856228
3.3972	 0.396378543975857
3.395	 0.396403139547021
3.3928	 0.39578284192245095
3.3906	 0.39577911319475595
3.3883	 0.39576173690635275
3.3861	 0.3951068169952144
3.3839	 0.3950603376044071
3.3817	 0.395004550260421
3.3795	 0.3949421067513876
3.3773	 0.39487452699748443
3.3751	 0.3948011157128466
3.3729	 0.3940639065397289
3.3707	 0.3933421102864416
3.3685	 0.39323082482187194
3.3663	 0.3931045752179408
3.3641	 0.3929643242357356
3.362	 0.3928121374341912
3.3598	 0.3926497187920428
3.3576	 0.39247811695324486
3.3554	 0.3922978097081816
3.3533	 0.39081247322528834
3.3511	 0.39061168568396515
3.3489	 0.3903992916443534
3.3468	 0.3901743842335326
3.3446	 0.38993643579203957
3.3425	 0.38968574924893373
3.3403	 0.38942403212106474
3.3382	 0.3891543174380687
3.336	 0.3882540634761244
3.3339	 0.3873177522609491
3.3317	 0.38704068253281637
3.3296	 0.3867605337894201
3.3274	 0.3864751854857218
3.3253	 0.38618271118924974
3.3232	 0.38588186117446766
3.321	 0.3849655115107543
3.3189	 0.38464754885900043
3.3168	 0.3843190566998882
3.3147	 0.3833854071394754
3.3126	 0.38305025547401983
3.3104	 0.38270677708824224
3.3083	 0.38235944963423585
3.3062	 0.38201473423233345
3.3041	 0.3811075582162384
3.302	 0.38079370215769437
3.2999	 0.38049941012687594
3.2978	 0.3802249230987034
3.2957	 0.3793988015523423
3.2936	 0.37915727952767647
3.2915	 0.37893482472046314
3.2894	 0.3782375828103803
3.2874	 0.37806034679496314
3.2853	 0.3778993572471738
3.2832	 0.37775450287674794
3.2811	 0.3776262220205147
3.279	 0.37751519589907795
3.277	 0.3768468570194154
3.2749	 0.37677048205130154
3.2728	 0.37630295032278027
3.2708	 0.37627090752220693
3.2687	 0.3762570504752493
3.2666	 0.37626263843691016
3.2646	 0.37628897677314405
3.2625	 0.37633688057041415
3.2605	 0.376406306280968
3.2584	 0.3761545101813618
3.2564	 0.37568984178193526
3.2543	 0.3758181821901765
3.2523	 0.37595826363364787
3.2503	 0.3761091593290262
3.2482	 0.37627048543729286
3.2462	 0.3764423656246688
3.2442	 0.37662478633875845
3.2421	 0.3765460140008143
3.2401	 0.3761978292672501
3.2381	 0.3764200860237846
3.2361	 0.37665012582132357
3.234	 0.37688796604152763
3.232	 0.37713378146742377
3.23	 0.37738754751085224
3.228	 0.37743374296344656
3.226	 0.3777103696149137
3.224	 0.37799518723764447
3.222	 0.37780417395276683
3.22	 0.3781134394483989
3.218	 0.3784325810011504
3.216	 0.37876409389685795
3.214	 0.3791107852264781
3.212	 0.3793153047105794
3.21	 0.379708042977811
3.208	 0.3801251057925243
3.206	 0.38056832743503666
3.204	 0.3805314570336512
3.2021	 0.3810183226161655
3.2001	 0.3814037003356272
3.1981	 0.38193933712506983
3.1961	 0.382494808169873
3.1942	 0.38307055770059634
3.1922	 0.3836683987657823
3.1902	 0.3842911668509603
3.1883	 0.38494115733258155
3.1863	 0.38504010156846086
3.1844	 0.3856531456022005
3.1824	 0.3863782113125058
3.1805	 0.3871240626862929
3.1785	 0.3878877280320048
3.1766	 0.3886683455747338
3.1746	 0.3894676873197465
3.1727	 0.3902889873757239
3.1707	 0.3904490396020256
3.1688	 0.3913171914266616
3.1669	 0.3922140182730734
3.1649	 0.3931387281967331
3.163	 0.3940883807356597
3.1611	 0.39506016338932715
3.1591	 0.39605271047793045
3.1572	 0.39703258143553205
3.1553	 0.3980689399315562
3.1534	 0.39842956148550474
3.1515	 0.39950135520072677
3.1495	 0.40059461254726536
3.1476	 0.4017091607250696
3.1457	 0.40284495019558514
3.1438	 0.40398544245363827
3.1419	 0.405167265151715
3.14	 0.40637062898694903
3.1381	 0.4075936642761604
3.1362	 0.4080686011594613
3.1343	 0.40932084858180956
3.1324	 0.41058569050553456
3.1305	 0.4118548985126363
3.1286	 0.413143871087632
3.1268	 0.4144459404556866
3.1249	 0.4157622699031485
3.123	 0.41709322111087377
3.1211	 0.4176403284623027
3.1192	 0.4189942279118352
3.1174	 0.42035776722155344
3.1155	 0.4217329120268093
3.1136	 0.42311717174980334
3.1117	 0.42450971820671607
3.1099	 0.4259088523716912
3.108	 0.42731162636844655
3.1061	 0.42871474455220987
3.1043	 0.42931180861320084
3.1024	 0.4307101153216035
3.1006	 0.4320994302979995
3.0987	 0.43347837914698073
3.0969	 0.43484740572776776
3.095	 0.4362064355085844
3.0932	 0.4375548021242846
3.0913	 0.4388914575945741
3.0895	 0.43941797115779374
3.0876	 0.44073238123345587
3.0858	 0.4420341724022007
3.084	 0.4433230508305124
3.0821	 0.4445989259199737
3.0803	 0.4458617703365461
3.0785	 0.4471115336764192
3.0766	 0.44834802366147775
3.0748	 0.4495713174449039
3.073	 0.4500119681378596
3.0712	 0.45121272403640245
3.0694	 0.4524000625166768
3.0675	 0.4535728535947142
3.0657	 0.45472995040745307
3.0639	 0.4558704918797907
3.0621	 0.456994001914006
3.0603	 0.45810073499947623
3.0585	 0.45847014965900307
3.0567	 0.4595526127787139
3.0549	 0.4606213237390262
3.0531	 0.4616776194853349
3.0513	 0.4627220036201461
3.0495	 0.46375440517801275
3.0477	 0.46477447640542147
3.0459	 0.4657816804037204
3.0441	 0.4667757263669765
3.0423	 0.467071309319109
3.0406	 0.46804412295167214
3.0388	 0.46900406118974963
3.037	 0.46995119236542376
3.0352	 0.47088476819086034
3.0334	 0.4718038741328723
3.0317	 0.4727075223266975
3.0299	 0.47359509858980264
3.0281	 0.47383116397036334
3.0264	 0.4746950304698343
3.0246	 0.47554295258298623
3.0228	 0.47637567183898866
3.0211	 0.4771940415795187
3.0193	 0.47799860864700705
3.0176	 0.4787897046968202
3.0158	 0.4795674746970198
3.014	 0.4803313848607066
3.0123	 0.4805080377142606
3.0105	 0.48125069332728526
3.0088	 0.4819774787453872
3.007	 0.4826876528837937
3.0053	 0.48338092830194807
3.0036	 0.4840579698279508
3.0018	 0.4847205392036608
3.0001	 0.4848577311424533
2.9984	 0.4855022141201606
2.9966	 0.486135439709175
2.9949	 0.48675757579163637
2.9932	 0.4873676418256924
2.9914	 0.4879636926506704
2.9897	 0.4885432707354113
2.988	 0.48910486067255887
2.9863	 0.48964876562550236
2.9845	 0.4897417827259791
2.9828	 0.4902643691922662
2.9811	 0.4907718289360986
2.9794	 0.4912660201918205
2.9777	 0.49174855341426166
2.976	 0.4922195233128526
2.9743	 0.49267766050686457
2.9726	 0.4931212208629162
2.9709	 0.49318290261312103
2.9692	 0.49360674887713185
2.9675	 0.4940134874654473
2.9658	 0.4944028656293457
2.9641	 0.4947759324325895
2.9624	 0.49513431423876914
2.9607	 0.49547901515897347
2.959	 0.49581024459685863
2.9573	 0.49584767667762436
2.9556	 0.496162397158048
2.9539	 0.4964632892047843
2.9523	 0.4967501020752316
2.9506	 0.497023152814805
2.9489	 0.49728339604880045
2.9472	 0.4975316924734877
2.9455	 0.4977680727170964
2.9439	 0.4977879124746491
2.9422	 0.49800965903332267
2.9405	 0.49821786676308344
2.9389	 0.49841200337533287
2.9372	 0.49859203576359334
2.9355	 0.49875863146293953
2.9339	 0.4989133271655976
2.9322	 0.4990576319976326
2.9306	 0.4990659559584816
2.9289	 0.49919939732590113
2.9272	 0.4993229674195066
2.9256	 0.49949567681790774
2.9239	 0.4999403874937113
2.9223	 0.5003355099730331
2.9207	 0.5008203109302299
2.919	 0.5013989644615962
2.9174	 0.5020105729567597
2.9157	 0.5027653040013147
2.9141	 0.5043437100099606
2.9124	 0.5051839836863358
2.9108	 0.5059864743603105
2.9092	 0.5067208623455784
2.9075	 0.5073673544613724
2.9059	 0.5079229416059049
2.9043	 0.5084030085861111
2.9027	 0.5092730338250292
2.901	 0.509856424647409
2.8994	 0.5106156204049211
2.8978	 0.5116196777040872
2.8962	 0.5129278156109185
2.8946	 0.5145863863180616
2.8929	 0.518933618656572
2.8913	 0.5217649851161159
2.8897	 0.5249921383985625
2.8881	 0.5285919054428215
2.8865	 0.5325292044933536
2.8849	 0.5367601090380544
2.8833	 0.5412358927676223
2.8817	 0.5503885952043172
2.8801	 0.5552924905302098
2.8785	 0.5602755814180508
2.8769	 0.5653115637076994
2.8753	 0.5703783928577585
2.8737	 0.575456770254366
2.8721	 0.5850561843159012
2.8705	 0.5900530496706126
2.8689	 0.5950110265280273
2.8673	 0.5999252334565979
2.8658	 0.6047930180543586
2.8642	 0.6096120285589589
2.8626	 0.6143789420161108
2.861	 0.623053197255696
2.8594	 0.6276206749684303
2.8579	 0.6321201644789666
2.8563	 0.6365497654425643
2.8547	 0.6409088557724947
2.8531	 0.6451971763448516
2.8516	 0.6527806958504091
2.85	 0.6568415392900703
2.8484	 0.6608299166942372
2.8469	 0.6647460802675003
2.8453	 0.6685910975205002
2.8437	 0.6723667368865686
2.8422	 0.6788807625332449
2.8406	 0.6824507599772972
2.8391	 0.685956514720779
2.8375	 0.6893980470508244
2.836	 0.6927757392980256
2.8344	 0.6960906690191901
2.8329	 0.6993448586916919
2.8313	 0.7048085905903675
2.8298	 0.7078921741582936
2.8282	 0.7109230089361688
2.8267	 0.7139005435990498
2.8252	 0.7168239208405522
2.8236	 0.7216218186457832
2.8221	 0.7243810170868571
2.8205	 0.7270896875255264
2.819	 0.7297499087702123
2.8175	 0.732363571744298
2.8159	 0.7349322130643882
2.8144	 0.7374569491758731
2.8129	 0.7414893265556547
2.8114	 0.7438872066385235
2.8098	 0.7462451476110246
2.8083	 0.7485641014077924
2.8068	 0.7508451879562459
2.8053	 0.753089607393987
2.8038	 0.756589773030611
2.8022	 0.7587300087861251
2.8007	 0.7608363609425388
2.7992	 0.762908920227158
2.7977	 0.7649477427043246
2.7962	 0.7669533165249501
2.7947	 0.7689266775200811
2.7932	 0.7719114276165847
2.7917	 0.7737961104856618
2.7902	 0.77565224212687
2.7887	 0.7774799955175286
2.7872	 0.779279468058056
2.7857	 0.7810510739013674
2.7842	 0.7836599284224222
2.7827	 0.7853561742981479
2.7812	 0.7870288476471226
2.7797	 0.7886783643643434
2.7782	 0.7903046879335738
2.7767	 0.791907448964809
2.7752	 0.7942042910389466
2.7738	 0.7957388950794155
2.7723	 0.7972517662977657
2.7708	 0.7987438430767696
2.7693	 0.8002158499445579
2.7678	 0.8016681657939997
2.7664	 0.8031008839863235
2.7649	 0.8050917997064085
2.7634	 0.8064700020907513
2.7619	 0.8078304259690492
2.7605	 0.8091734066891766
2.759	 0.8104990650389161
2.7575	 0.8122988995040149
2.7561	 0.8135751371272694
2.7546	 0.8148348108015623
2.7531	 0.8160783816243714
2.7517	 0.8173061318336636
2.7502	 0.8185181728647727
2.7488	 0.8197145457062803
2.7473	 0.8212832148817036
2.7458	 0.8224362503957451
2.7444	 0.8235749722225054
2.7429	 0.8246998843146608
2.7415	 0.825811386107042
2.74	 0.8269097695730652
2.7386	 0.8283102896889571
2.7371	 0.8293737912163363
2.7357	 0.8304253195282254
2.7343	 0.8314647314386914
2.7328	 0.8324917353276836
2.7314	 0.8335059921437116
2.7299	 0.8347571015643684
2.7285	 0.8357363867340344
2.7271	 0.8366991804497226
2.7256	 0.8376127564441425
2.7242	 0.838471053541131
2.7228	 0.839267692557156
2.7213	 0.8401939486645524
2.7199	 0.8408429142508462
2.7185	 0.8414194874570725
2.7171	 0.8419283669049827
2.7156	 0.8423792165589569
2.7142	 0.842800953058806
2.7128	 0.8433390625954007
2.7114	 0.8437115660157962
2.71	 0.844098826435618
2.7085	 0.8445185938792699
2.7071	 0.8449819520916855
2.7057	 0.845489398734022
2.7043	 0.8461444948644927
2.7029	 0.8467175645455673
2.7015	 0.8472276338323739
2.7001	 0.8476653298318443
2.6987	 0.8479879527858696
2.6973	 0.8481558881761964
2.6959	 0.8482212071960133
2.6945	 0.8479814751749873
2.6931	 0.8475695975363154
2.6917	 0.8468566594685477
2.6903	 0.8458916497458245
2.6889	 0.8446760005006421
2.6875	 0.8432862581017532
2.6861	 0.8416010221644097
2.6847	 0.8397105590292144
2.6833	 0.8376385557943281
2.6819	 0.8355820767589623
2.6805	 0.8332994857918281
2.6791	 0.830839646590402
2.6778	 0.828281638053339
2.6764	 0.8256389488079539
2.675	 0.8229233553830657
2.6736	 0.8201457598771775
2.6722	 0.8176232118824941
2.6709	 0.8148291780607475
2.6695	 0.8119407415555009
2.6681	 0.809021099195425
2.6667	 0.8060732542543909
2.6654	 0.8030991012931494
2.664	 0.800100690900135
2.6626	 0.7971389510322976
2.6613	 0.7945647171740073
2.6599	 0.7915339024270042
2.6585	 0.788493655604524
2.6572	 0.785447626329747
2.6558	 0.7823985174535508
2.6545	 0.7794064151234746
2.6531	 0.7763573399968755
2.6517	 0.773900277715827
2.6504	 0.7708769995916044
2.649	 0.7678602285445042
2.6477	 0.7649102418352949
2.6463	 0.7619108561684639
2.645	 0.7589218242576939
2.6436	 0.7559434286227409
2.6423	 0.7536785247669903
2.6409	 0.7507385452829887
2.6396	 0.7478104635410592
2.6382	 0.7449590385353325
2.6369	 0.7420595513960748
2.6356	 0.7391758093120048
2.6342	 0.7363082040618569
2.6329	 0.7334560659982295
2.6315	 0.7315037530454355
2.6302	 0.728695412035715
2.6289	 0.72590054433822
2.6275	 0.7231205576428706
2.6262	 0.7203578733334075
2.6249	 0.7176150273729698
2.6236	 0.7157839326585138
2.6222	 0.7131809090319723
2.6209	 0.710517056893997
2.6196	 0.7078726322797648
2.6183	 0.7052464864371627
2.6169	 0.7027223853193527
2.6156	 0.7001325396926119
2.6143	 0.6975609012041042
2.613	 0.6959840045755115
2.6117	 0.6934601091344811
2.6103	 0.6909534427047458
2.609	 0.6884633485525088
2.6077	 0.6860806279624824
2.6064	 0.6836214049536619
2.6051	 0.681177026492338
2.6038	 0.6797869661396542
2.6025	 0.6773821141292575
2.6012	 0.6749925511542615
2.5999	 0.6727117709118422
2.5986	 0.6703543552855729
2.5973	 0.6680134662411076
2.596	 0.6656888075826152
2.5947	 0.6633794982802831
2.5934	 0.6622738301885313
2.5921	 0.6600019026259921
2.5908	 0.6577448666652034
2.5895	 0.6555031096976738
2.5882	 0.6532770863272455
2.5869	 0.6510669602186225
2.5856	 0.6489550670100409
2.5843	 0.6479217631839731
2.583	 0.6457612563412388
2.5817	 0.6436135578284969
2.5805	 0.641478719592176
2.5792	 0.6393573952554343
2.5779	 0.6373362118912709
2.5766	 0.6352469192024128
2.5753	 0.6343616405009647
2.5741	 0.6323124709841401
2.5728	 0.6302784746202881
2.5715	 0.6283440446057891
2.5702	 0.6263361390038795
2.569	 0.6243404621501
2.5677	 0.6223571810491579
2.5664	 0.6203867426512689
2.5651	 0.6196551330472477
2.5639	 0.6177994934925984
2.5626	 0.6158713626183724
2.5613	 0.6139544587464337
2.5601	 0.6120487741279231
2.5588	 0.6101544854083975
2.5575	 0.6095194771727792
2.5563	 0.6077305252141749
2.555	 0.6058740717155204
2.5538	 0.604028700513389
2.5525	 0.6021945521595481
2.5513	 0.6003722474279275
2.55	 0.5986345117392129
2.5487	 0.5968379621308391
2.5475	 0.5963306041564775
2.5462	 0.5945657184508871
2.545	 0.5928138352610459
2.5437	 0.5910741937638069
2.5425	 0.5894197005003586
2.5413	 0.5877017802380122
2.54	 0.5859941893320632
2.5388	 0.585591233621658
2.5375	 0.5839082308959467
2.5363	 0.5822359196885319
2.535	 0.5806551705279679
2.5338	 0.5790083016254695
2.5326	 0.5773745684391973
2.5313	 0.5757548953162402
2.5301	 0.5754591503521295
2.5289	 0.573870532728269
2.5276	 0.5723778509495754
2.5264	 0.5708213141880534
2.5252	 0.5692856110804534
2.5239	 0.5677721189332341
2.5227	 0.5662832391407512
2.5215	 0.5661647610667303
2.5202	 0.564719038232574
2.519	 0.5633023977034092
2.5178	 0.561913130402902
2.5166	 0.5605474850631366
2.5154	 0.5592004318983899
2.5141	 0.5579541161056131
2.5129	 0.5578294738917879
2.5117	 0.5565120467030178
2.5105	 0.5551978276925756
2.5093	 0.5538827085507457
2.5081	 0.5526522621259453
2.5068	 0.551329136513119
2.5056	 0.5500045961261889
2.5044	 0.5499517350861521
2.5032	 0.5486437779543262
2.502	 0.5474395018172458
2.5008	 0.5461684997274692
2.4996	 0.5449315379506003
2.4984	 0.5437387610393224
2.4972	 0.5425990834733643
2.496	 0.5426061860953766
2.4948	 0.5416239854345014
2.4936	 0.5406182332499528
2.4924	 0.5396823330356684
2.4912	 0.538818534778121
2.49	 0.5380271388912045
2.4888	 0.5373977786318034
2.4876	 0.5374499603071661
2.4864	 0.5367993383168954
2.4852	 0.536208007709169
2.484	 0.5356697971498605
2.4828	 0.5351784256441673
2.4816	 0.5348145974252381
2.4805	 0.5348783895985304
2.4793	 0.5344669143327785
2.4781	 0.5340890564032061
2.4769	 0.5337418133937135
2.4757	 0.533506540158296
2.4745	 0.5332104854436235
2.4734	 0.5329351624191864
2.4722	 0.5326777195754954
2.471	 0.5327526745355811
2.4698	 0.5325120193678015
2.4686	 0.5323669461995684
2.4675	 0.5321591093953705
2.4663	 0.5319664710448643
2.4651	 0.5317874321353582
2.464	 0.5316201338259058
2.4628	 0.5316971597393907
2.4616	 0.5316107183340487
2.4604	 0.5314618946619389
2.4593	 0.5313237688904655
2.4581	 0.5311957159019243
2.4569	 0.5310767087860122
2.4558	 0.5310336787673047
2.4546	 0.5311072164276811
2.4535	 0.5309979081861429
2.4523	 0.5308927009115835
2.4511	 0.5307912761941144
2.45	 0.5307505558026976
2.4488	 0.530656793770615
2.4477	 0.5307202812132171
2.4465	 0.530632242462378
2.4454	 0.5305484524144524
2.4442	 0.5305192382061817
2.4431	 0.5304414176901432
2.4419	 0.5303661977021491
2.4408	 0.5302928267699709
2.4396	 0.5302205877561454
2.4385	 0.5302724836262467
2.4373	 0.5302445664857169
2.4362	 0.5301714413096599
2.435	 0.5300997211653498
2.4339	 0.5300289203227169
2.4327	 0.529958256243596
2.4316	 0.5300345145231756
2.4305	 0.5299552299080476
2.4293	 0.5298735373558048
2.4282	 0.5297889392933692
2.427	 0.529700706938479
2.4259	 0.5296361521388114
2.4248	 0.5295378890611826
2.4236	 0.5294354634862489
2.4225	 0.5294262487889249
2.4214	 0.5293165659063238
2.4202	 0.5292185524714325
2.4191	 0.5291004413513798
2.418	 0.5289805215735183
2.4169	 0.528952038902387
2.4157	 0.5288263355234224
2.4146	 0.5286963870190436
2.4135	 0.5285557231089953
2.4124	 0.5284076667105805
2.4112	 0.5282526221393993
2.4101	 0.5280920008773364
2.409	 0.527927616646966
2.4079	 0.5278473755899222
2.4068	 0.5276499889884352
2.4056	 0.5274843514663756
2.4045	 0.527321518436149
2.4034	 0.5271619227309927
2.4023	 0.5269885757619536
2.4012	 0.5268394410149363
2.4001	 0.5267732738886387
2.399	 0.5266312588737944
2.3979	 0.5264933740721097
2.3967	 0.5263596730742064
2.3956	 0.5262318581880598
2.3945	 0.5261079085575436
2.3934	 0.5260665610599713
2.3923	 0.5259491590473986
2.3912	 0.525834687224012
2.3901	 0.5257368229042247
2.389	 0.5256307934269434
2.3879	 0.5255276754810885
2.3868	 0.5254276166838898
2.3857	 0.525408735028952
2.3846	 0.5253381669693499
2.3835	 0.5252481369901514
2.3824	 0.5251606338727329
2.3813	 0.5250748482308908
2.3802	 0.5249897381791985
2.3791	 0.5249041172595559
2.3781	 0.5249218574348222
2.377	 0.5248340854213353
2.3759	 0.5247451103965499
2.3748	 0.524655335037844
2.3737	 0.5245655165080053
2.3726	 0.5245113873313351
2.3715	 0.5244996601877828
2.3704	 0.5244130550151958
2.3694	 0.5243277012233943
2.3683	 0.5242434335981647
2.3672	 0.524197323350215
2.3661	 0.5241150188050252
2.365	 0.5240337631449936
2.364	 0.5240283599153638
2.3629	 0.5239501106454628
2.3618	 0.5239163042403522
2.3607	 0.5238438148519889
2.3597	 0.5237734737658942
2.3586	 0.523705383931742
2.3575	 0.5236398594669198
2.3564	 0.523697330474041
2.3554	 0.5236395957096086
2.3543	 0.5235855237727343
2.3532	 0.5235343829805248
2.3522	 0.5234848951344961
2.3511	 0.5234357490457542
2.35	 0.523510467293901
2.349	 0.5234616831797442
2.3479	 0.5234126617072811
2.3468	 0.5233628257446713
2.3458	 0.5233115961537409
2.3447	 0.5233091102713354
2.3436	 0.5232545920673872
2.3426	 0.5232776509199009
2.3415	 0.523224522159817
2.3405	 0.5231727605894031
2.3394	 0.5231751768168502
2.3384	 0.5231229933567155
2.3373	 0.5230685104578285
2.3363	 0.5230108049378367
2.3352	 0.5230770611243338
2.3342	 0.523011729289265
2.3331	 0.522942264075203
2.3321	 0.5228683020074186
2.331	 0.5227900027113107
2.33	 0.5227082836839708
2.3289	 0.5226711261768131
2.3279	 0.5226705167610679
2.3268	 0.5225886714004156
2.3258	 0.5225074035018616
2.3247	 0.5224262304302256
2.3237	 0.5223959279669835
2.3226	 0.5223106830690967
2.3216	 0.5223044725281268
2.3206	 0.5222125068870701
2.3195	 0.5221158117247776
2.3185	 0.5220575074992291
2.3175	 0.5219513331550149
2.3164	 0.5218433194263272
2.3154	 0.5217350422079174
2.3144	 0.5217144756586741
2.3133	 0.5216487897510711
2.3123	 0.5215444490695292
2.3113	 0.5214410363943401
2.3102	 0.521337778356421
2.3092	 0.5212337603167151
2.3082	 0.5212606676795559
2.3071	 0.5211511948521675
2.3061	 0.5210381677980555
2.3051	 0.5209216956897218
2.3041	 0.5208023572024153
2.303	 0.5207191252243378
2.302	 0.5206885924155098
2.301	 0.5205667020822656
2.3	 0.5204445275355698
2.299	 0.5203225119893422
2.2979	 0.5202415770461772
2.2969	 0.5201195621572492
2.2959	 0.5199963555937498
2.2949	 0.5199627530762403
2.2939	 0.5198349802046295
2.2929	 0.5197368653642275
2.2918	 0.5196033630333324
2.2908	 0.5194685480016978
2.2898	 0.5193327194369766
2.2888	 0.5192893424203797
2.2878	 0.5191878032649014
2.2868	 0.5190514541414024
2.2858	 0.5189165177279874
2.2848	 0.5187839516537868
2.2838	 0.518653658865757
2.2828	 0.5185622618683116
2.2818	 0.5185245482794684
2.2808	 0.5183934388744206
2.2798	 0.5182630423490852
2.2787	 0.5181304885921431
2.2777	 0.517964377265005
2.2767	 0.5177977316997134
2.2757	 0.5177587605299021
2.2747	 0.5175925941803635
2.2738	 0.5174274383102048
2.2728	 0.5172639705019988
2.2718	 0.5171334202149677
2.2708	 0.516973126053386
2.2698	 0.5168129868114264
2.2688	 0.5167448128501693
2.2678	 0.5166153588054627
2.2668	 0.5164520062481187
2.2658	 0.5162887709957154
2.2648	 0.5161272725813949
2.2638	 0.5159940813902519
2.2628	 0.5158387844628436
2.2618	 0.5157776931991608
2.2609	 0.5156261067988553
2.2599	 0.5155046023947216
2.2589	 0.5153528904745878
2.2579	 0.5152007371423747
2.2569	 0.515048949903813
2.2559	 0.5150144021861578
2.255	 0.5148665848046878
2.254	 0.5147221817655632
2.253	 0.5145818451085907
2.252	 0.5144733489179713
2.251	 0.51434082163146
2.2501	 0.5143014720503217
2.2491	 0.5141733203310218
2.2481	 0.5140461683818829
2.2471	 0.5139528557612755
2.2462	 0.513827654154331
2.2452	 0.513703878092543
2.2442	 0.5136729304296932
2.2433	 0.5135685463860075
2.2423	 0.5134478135160702
2.2413	 0.5133283082046944
2.2403	 0.513210661007164
2.2394	 0.5131015370002007
2.2384	 0.5129888292366319
2.2374	 0.5129647555677437
2.2365	 0.5128552394353999
2.2355	 0.5127449653154148
2.2345	 0.5126374846850162
2.2336	 0.5125323964364027
2.2326	 0.5124312977826557
2.2317	 0.5124095647211042
2.2307	 0.5123177511057913
2.2297	 0.5122317895420281
2.2288	 0.5121515432191124
2.2278	 0.5120750779070861
2.2269	 0.512005444901422
2.2259	 0.5120126256581651
2.225	 0.511950890667912
2.224	 0.5118937411416675
2.2231	 0.5118362312654247
2.2221	 0.5117890536421734
2.2211	 0.5117481148313521
2.2202	 0.5117809152265725
2.2192	 0.5117441894670396
2.2183	 0.5117225854411321
2.2173	 0.5117063952739381
2.2164	 0.5116954958423331
2.2155	 0.5116777354252864
2.2145	 0.5116812697891775
2.2136	 0.5117548704204494
2.2126	 0.5117805866931218
2.2117	 0.5118055903139817
2.2107	 0.511858136061001
2.2098	 0.5119223665841854
2.2088	 0.511995786941334
2.2079	 0.5120545052194451
2.207	 0.5121910857463317
2.206	 0.512274075695705
2.2051	 0.5123557424794466
2.2041	 0.5124342037465881
2.2032	 0.5124801841761025
2.2023	 0.5125980222817124
2.2013	 0.512658363953565
2.2004	 0.512712423903626
2.1995	 0.5127235516554526
2.1985	 0.5127647841090553
2.1976	 0.5128010583761571
2.1967	 0.5128332477506053
2.1957	 0.5128737349918296
2.1948	 0.5128997871403621
2.1939	 0.5129229351204335
2.193	 0.5129428980725014
2.192	 0.5129590539018716
2.1911	 0.5129204529161758
2.1902	 0.5129764431186451
2.1893	 0.512976190585143
2.1883	 0.5129707711734969
2.1874	 0.5128921172797649
2.1865	 0.5128780213210432
2.1856	 0.5128614800641207
2.1846	 0.5128952921707044
2.1837	 0.5127904737071339
2.1828	 0.5127663536380422
2.1819	 0.5127395462846986
2.181	 0.5127104217854735
2.18	 0.512679781863441
2.1791	 0.512555274989577
2.1782	 0.5125702628723133
2.1773	 0.5125361554396695
2.1764	 0.51250131410441
2.1755	 0.5123634915068106
2.1746	 0.5123253185090424
2.1736	 0.512285787691584
2.1727	 0.5122902423988681
2.1718	 0.5121354238591077
2.1709	 0.5120916133925698
2.17	 0.5120468142886347
2.1691	 0.5120010837852237
2.1682	 0.511954454298337
2.1673	 0.5118092265048169
2.1664	 0.5117592196456693
2.1655	 0.5117079983600514
2.1646	 0.5116551378927924
2.1637	 0.5114455520403739
2.1628	 0.5113860064155994
2.1619	 0.5113677968663514
2.161	 0.5113012777811237
2.1601	 0.5112316399376187
2.1592	 0.5110024665636075
2.1583	 0.5109264844436814
2.1574	 0.5108480745403301
2.1565	 0.510815043014363
2.1556	 0.5105625266722656
2.1547	 0.5104726675988932
2.1538	 0.5103789050317754
2.1529	 0.5102823019812331
2.152	 0.5101841598226664
2.1511	 0.5099044500168696
2.1502	 0.5098542466432533
2.1493	 0.5097504542948594
2.1484	 0.5096439516292053
2.1475	 0.5093488905068975
2.1466	 0.5092372300742602
2.1458	 0.5091255502532964
2.1449	 0.5090637769524795
2.144	 0.5089525377407097
2.1431	 0.5086358854737959
2.1422	 0.5085179787267378
2.1413	 0.508395689976969
2.1404	 0.5082697450362453
2.1396	 0.507990529340681
2.1387	 0.5078598210665708
2.1378	 0.5077298032547396
2.1369	 0.5076009797605082
2.136	 0.5074730630984421
2.1352	 0.5071585679245798
2.1343	 0.5070294173805842
2.1334	 0.5069031010915217
2.1325	 0.5067806895015349
2.1316	 0.5064078934852559
2.1308	 0.5062901833340983
2.1299	 0.5061728596619903
2.129	 0.5060904920374818
2.1281	 0.505964574037198
2.1273	 0.5055570739901041
2.1264	 0.5054156248205838
2.1255	 0.5052691171244487
2.1247	 0.5051198125440675
2.1238	 0.5047119483668738
2.1229	 0.5045600058423094
2.122	 0.5044104708973703
2.1212	 0.5042643530904739
2.1203	 0.5041223060901225
2.1194	 0.503668344151111
2.1186	 0.5035612946892142
2.1177	 0.5034269080689041
2.1168	 0.5032946110463441
2.116	 0.5031625893858315
2.1151	 0.5026853295733796
2.1143	 0.5025451033139976
2.1134	 0.5024292513455462
2.1125	 0.5022775306158827
2.1117	 0.5017821778735144
2.1108	 0.5016118596079947
2.11	 0.5014351300891926
2.1091	 0.5012547688428455
2.1082	 0.5011005489722077
2.1074	 0.5005998743312137
2.1065	 0.5004242314744175
2.1057	 0.5002524165537926
2.1048	 0.5000820056352405
2.104	 0.4999098069700047
2.1031	 0.4994149626163963
2.1023	 0.49922771834189605
2.1014	 0.49903397049989573
2.1005	 0.49883390771986036
2.0997	 0.49834198345685166
2.0988	 0.49812648200871346
2.098	 0.4979248641287519
2.0971	 0.49769877726953
2.0963	 0.49747080550829625
2.0955	 0.4970295689657595
2.0946	 0.4968042966405308
2.0938	 0.4965815276487972
2.0929	 0.4963758756295117
2.0921	 0.49614747890577476
2.0912	 0.4957944290602349
2.0904	 0.4955486865090166
2.0895	 0.49529253494311437
2.0887	 0.495027059441432
2.0879	 0.49477309825571253
2.087	 0.4944931532560616
2.0862	 0.49420159662419594
2.0853	 0.4938951211645202
2.0845	 0.49357319934886984
2.0837	 0.49332037797273304
2.0828	 0.4929951779482704
2.082	 0.4926515408235388
2.0812	 0.49230231351334086
2.0803	 0.49193869866232426
2.0795	 0.49177761836647205
2.076	 0.49137735071193145
2.072	 0.49165198537367727
2.068	 0.4916576391233196
2.064	 0.49177027376015797
2.06	 0.4918876593133143
2.056	 0.49202421996577544
2.052	 0.492143904715749
2.048	 0.4922178957656895
2.044	 0.4923666655892657
2.04	 0.4925539027765753
2.036	 0.4927936201730687
2.032	 0.49308300622680257
2.028	 0.49332213013102955
2.024	 0.49348800386235236
2.02	 0.493655500031313
2.016	 0.49378321639631906
2.012	 0.4938687217131565
2.008	 0.4938506975808312
2.004	 0.49368840052758856
2.0	 0.49372026348144354
1.996	 0.49380995072203765
1.992	 0.4938657020132549
1.988	 0.49410989343932515
1.984	 0.4944382783173335
1.98	 0.494793574944528
1.976	 0.49522358696890867
1.972	 0.4957138108797736
1.968	 0.49625141147828955
1.964	 0.4969008005861818
1.96	 0.49755822324515264
1.956	 0.49832132983851146
1.952	 0.4991515134565028
1.948	 0.5000244457156314
1.944	 0.5009594300649837
1.94	 0.501895681859827
1.936	 0.5029884144524249
1.932	 0.5041072253856894
1.928	 0.505323776260767
1.924	 0.5066240394774912
1.92	 0.5080614464973435
1.916	 0.5095407669108742
1.912	 0.5109685936542339
1.908	 0.5125860912192635
1.904	 0.5142407085740224
1.9	 0.5158129078996967
1.896	 0.5175193338592456
1.892	 0.5191321986105065
1.888	 0.5204710042199808
1.884	 0.5220228533572423
1.88	 0.5236388855606995
1.876	 0.5242040997195252
1.872	 0.5240299982294759
1.868	 0.5240473142047272
1.864	 0.5239479770482417
1.86	 0.5237343051993479
1.856	 0.5235281422010247
1.852	 0.523288834741535
1.848	 0.5230380497458805
1.844	 0.5227916126763525
1.84	 0.5225100396016118
1.836	 0.5221925547157164
1.832	 0.521788433642618
1.828	 0.5213057337595338
1.824	 0.5208275661445376
1.82	 0.5204058943270429
1.816	 0.519966659070076
1.812	 0.5195398683267705
1.808	 0.5190897910476178
1.804	 0.5186180636595404
1.8	 0.5181270941923187
1.796	 0.5176418380826248
1.792	 0.517177070029195
1.788	 0.5166874698749153
1.784	 0.5161610464469115
1.78	 0.5155487337323724
1.776	 0.5149025131859838
1.772	 0.5142657412533557
1.768	 0.5136272387628548
1.764	 0.5129108797105748
1.76	 0.5121729597944404
1.756	 0.5114062892364859
1.752	 0.5105819202955956
1.748	 0.509744580994525
1.744	 0.5089156324819122
1.74	 0.5080994900568953
1.736	 0.5073216480222875
1.732	 0.5064325161012523
1.728	 0.5054889502874044
1.724	 0.5045071088531721
1.72	 0.503511023883549
1.716	 0.5025402521632673
1.712	 0.5015380908333291
1.708	 0.50054877721626
1.704	 0.4995403716675528
1.7	 0.4985184859879198
1.696	 0.4976185367371706
1.692	 0.49679685802886137
1.688	 0.49602866860042866
1.684	 0.4953962883559269
1.68	 0.4948826893218492
1.676	 0.4944619941017257
1.672	 0.4939535705898281
1.668	 0.4936378754316785
1.664	 0.49337866005810027
1.66	 0.4931153223779331
1.656	 0.49283007252730626
1.652	 0.4925481671539956
1.648	 0.4922847294080001
1.644	 0.4920043944785683
1.64	 0.4916815161883375
1.636	 0.4913642152954206
1.632	 0.49109154333982896
1.628	 0.49086543083369527
1.624	 0.49077586867935213
1.62	 0.4904767832086838
1.616	 0.49018766421164706
1.612	 0.4898479948884848
1.608	 0.4894932471808665
1.604	 0.4891536094883822
1.6	 0.4888610307825431
1.596	 0.48855878932171043
1.592	 0.4882178329635194
1.588	 0.4879006558353019
1.584	 0.48762591345485734
1.58	 0.4874051273725121
1.576	 0.48726628525027216
1.572	 0.48706800545974355
1.568	 0.486965463614677
1.564	 0.4868635148286041
1.56	 0.48677708228067695
1.556	 0.4866860448832413
1.552	 0.48663505724770445
1.548	 0.4865848988610537
1.544	 0.4865137016399182
1.54	 0.48643688059129947
1.536	 0.48630193236668284
1.532	 0.48624256430310303
1.528	 0.48626926524198455
1.524	 0.4863601037947624
1.52	 0.486446753785799
1.516	 0.4864859629259826
1.512	 0.48651877278118527
1.508	 0.48660118282246945
1.504	 0.48672287389801516
1.5	 0.4868692234140139
1.496	 0.48694494517349163
1.492	 0.4869086204148835
1.488	 0.4869384369107369
1.484	 0.48700291035972737
1.48	 0.4870630663360652
1.476	 0.4871072689116744
1.472	 0.4871647197762478
1.468	 0.4872819262492678
1.464	 0.4874401572365644
1.46	 0.48762224464429244
1.456	 0.48783596161362275
1.452	 0.48803164537565985
1.448	 0.4881403311371453
1.444	 0.4882571321178023
1.44	 0.4883852088896933
1.436	 0.4885406709667091
1.432	 0.4887192550859361
1.428	 0.4888491457810136
1.424	 0.48912929431925645
1.42	 0.4893913143266467
1.416	 0.4897209923165347
1.412	 0.49011832126391114
1.408	 0.4905013705173041
1.404	 0.49085170154908203
1.4	 0.4911331672885686
1.396	 0.4913951408354338
1.392	 0.4916016454932151
1.388	 0.49169117875186596
1.384	 0.49169121955638145
1.38	 0.49160886051382097
1.376	 0.49146850087563826
1.372	 0.4914343378875831
1.368	 0.491195084155283
1.364	 0.4909019020976206
1.36	 0.4905549210845118
1.356	 0.49021802031271
1.352	 0.48986150789339916
1.348	 0.48948912881272677
1.344	 0.4891598150958452
1.34	 0.4888274586328833
1.336	 0.4884853639694404
1.332	 0.488108071462036
1.328	 0.487586000747605
1.324	 0.48670201219526765
1.32	 0.4861066501077131
1.316	 0.4854995610591753
1.312	 0.4849087896996488
1.308	 0.48428224127897856
1.304	 0.4836431928959374
1.3	 0.4829864056028396
1.296	 0.48231605891325136
1.292	 0.48174937049558225
1.288	 0.4812155083275439
1.284	 0.4806562526084068
1.28	 0.47997618764792843
1.276	 0.4792800509985878
1.272	 0.4786757996085519
1.268	 0.4780379320523845
1.264	 0.4773373302451993
1.26	 0.47655653972947554
1.256	 0.47572062166628215
1.252	 0.4748826913622985
1.248	 0.47423258835630927
1.244	 0.4737194418862987
1.24	 0.4731170870234954
1.236	 0.47246118274149046
1.232	 0.47174224405361476
1.228	 0.47108641888772473
1.224	 0.4704339246281211
1.22	 0.4696584457090634
1.216	 0.4687210301133198
1.212	 0.46775740155617695
1.208	 0.4667965581662462
1.204	 0.4658755284364818
1.2	 0.46495891316766497
1.196	 0.46413270653213673
1.192	 0.46333276303923965
1.188	 0.46254117923256877
1.184	 0.4617998230586321
1.18	 0.4611046342783949
1.176	 0.46040050467007826
1.172	 0.4598345322330093
1.168	 0.4592380512430454
1.164	 0.4586669721574134
1.16	 0.45809576739707625
1.156	 0.4575067900446655
1.152	 0.4569573470618678
1.148	 0.45636074537753746
1.144	 0.45573165372674596
1.14	 0.4550652207171166
1.136	 0.45441904057048493
1.132	 0.45388503042232853
1.128	 0.45334143711059266
1.124	 0.4530642257047279
1.12	 0.4524311685419876
1.116	 0.45182900624888006
1.112	 0.4512427176395556
1.108	 0.4506169831491359
1.104	 0.4499862284010635
1.1	 0.449302754972193
1.096	 0.4486650482566861
1.092	 0.4479978057237331
1.088	 0.44728879088660717
1.084	 0.44653547130034155
1.08	 0.44587453571972674
1.076	 0.44528466334568756
1.072	 0.4445870566698617
1.068	 0.44375573143453345
1.064	 0.44295967900599453
1.06	 0.4422393406718062
1.056	 0.4416200583759557
1.052	 0.441021220326339
1.048	 0.44030789751907085
1.044	 0.43936812395730707
1.04	 0.4384784905592226
1.036	 0.43766080730754486
1.032	 0.436950510196888
1.028	 0.4361517723775622
1.024	 0.4353600417182658
1.02	 0.43458373067712736
1.016	 0.4339054088999622
1.012	 0.43236548063698294
1.008	 0.4316929805903393
1.004	 0.4308651473730313
1.0	 0.43010022239618884
0.996	 0.4263906485770902
0.992	 0.4232511020955787
0.988	 0.42033036604717733
0.984	 0.4178930502849498
0.98	 0.41551942882978327
0.976	 0.41327853923939045
0.972	 0.4111686270891018
0.968	 0.4091830863020939
0.964	 0.40720041531677253
0.96	 0.40537872353034105
0.956	 0.40371009993167617
0.952	 0.4021126807818496
0.948	 0.4004776985621821
0.944	 0.39894720518907933
0.94	 0.3975659647572482
0.936	 0.39661329589633043
0.932	 0.3952481222005384
0.928	 0.39382489686259153
0.924	 0.39326753703641293
0.92	 0.39204331502639017
0.916	 0.39089165296654566
0.912	 0.38974230392199705
0.908	 0.3886901556784649
0.904	 0.387645584736961
0.9	 0.3866108502761073
0.896	 0.3855954470115378
0.892	 0.3846834225196365
0.888	 0.38374236195836314
0.884	 0.3825163893099416
0.88	 0.38161071302123306
0.876	 0.3806941683999655
0.872	 0.37993299821596627
0.868	 0.3791716357920633
0.864	 0.37841505304811796
0.86	 0.377639581171811
0.856	 0.37681798993381516
0.852	 0.3760227817351355
0.848	 0.3753009868375432
0.844	 0.37460434285126515
0.84	 0.3738679685320959
0.836	 0.37319677815303803
0.832	 0.3724981206392618
0.828	 0.37182154847327636
0.824	 0.37110621643313507
0.82	 0.37041769712076783
0.816	 0.3697704223887706
0.812	 0.368743568297854
0.808	 0.3680894078303411
0.804	 0.3674356900166608
0.8	 0.3668880388604577
0.799	 0.3676598771408772
0.798	 0.36773792167586455
0.797	 0.36776672784831443
0.796	 0.3677561436796439
0.795	 0.3685596647208315
0.794	 0.3684398139675776
0.793	 0.3682761098032125
0.792	 0.3680545211140353
0.791	 0.36874818199458254
0.79	 0.3685545164964276
0.789	 0.36832494227995555
0.788	 0.36810903589268607
0.787	 0.36870330503981813
0.786	 0.3684048452760583
0.785	 0.3680793912276903
0.784	 0.36772192101000273
0.783	 0.36811608012239116
0.782	 0.3677291181572578
0.781	 0.36737606599233336
0.78	 0.3669960145018389
0.779	 0.36748744550490364
0.778	 0.36711356171396503
0.777	 0.3667347710036869
0.776	 0.36631478496892655
0.775	 0.36671015649851113
0.774	 0.3662878923448062
0.773	 0.36582256225818677
0.772	 0.3653487940118305
0.771	 0.3656944080660048
0.77	 0.36517578116625776
0.769	 0.3646541020555138
0.768	 0.3641555360429113
0.767	 0.36454050564015944
0.766	 0.36408352949841716
0.765	 0.3635635528260356
0.764	 0.36304716116377544
0.763	 0.36331727622364307
0.762	 0.36220334604610627
0.761	 0.36159723298547286
0.76	 0.3610106623801252
0.759	 0.361238072256538
0.758	 0.36063643580234456
0.757	 0.36001108444900365
0.756	 0.3593183258277817
0.755	 0.359400224291513
0.754	 0.35870614063321365
0.753	 0.358005486684436
0.752	 0.35731601705589766
0.751	 0.35740792855010484
0.75	 0.3567237347620981
0.749	 0.35604261766625767
0.748	 0.3553361879907519
0.747	 0.3553822031183057
0.746	 0.354659356641371
0.745	 0.35394611998252934
0.744	 0.3531973574731365
0.743	 0.3531869914272036
0.742	 0.3523975053282015
0.741	 0.3516051709793366
0.74	 0.35082244597208345
0.739	 0.35078411688075856
0.738	 0.3500225342726045
0.737	 0.34926494810473174
0.736	 0.3492280429165882
0.735	 0.34845435617950865
0.734	 0.3476680600271647
0.733	 0.34688119705895704
0.732	 0.3468590385750875
0.731	 0.34611630364768703
0.73	 0.34535676891687744
0.729	 0.3445782317307634
0.728	 0.344494689298843
0.727	 0.34366567333655296
0.726	 0.3428308838920245
0.725	 0.3420098788838824
0.724	 0.3419020891981311
0.723	 0.34112626829336185
0.722	 0.3403598577286956
0.721	 0.3396001088054801
0.72	 0.339510128261766
0.719	 0.3387304466476329
0.718	 0.33795127123815155
0.717	 0.33716520033640957
0.716	 0.3370580075560757
0.715	 0.3362986925484943
0.714	 0.33553823597621224
0.713	 0.3347667627974147
0.712	 0.3346347969598096
0.711	 0.3338618755030842
0.71	 0.3330971725088054
0.709	 0.3323172737796665
0.708	 0.3321805100844551
0.707	 0.331401789575337
0.706	 0.33064856716257834
0.705	 0.3299049409604858
0.704	 0.32979865627295063
0.703	 0.3290511913010886
0.702	 0.32831032117121495
0.701	 0.3275620932768952
0.7	 0.32742946440424076
0.699	 0.32669472314574155
0.698	 0.32596207058213267
0.697	 0.3252177302295946
0.696	 0.3250913945366983
0.695	 0.3243532361363131
0.694	 0.3235778886147772
0.693	 0.3227929447314373
0.692	 0.32263400261999564
0.691	 0.3219022159682927
0.69	 0.3211881105167085
0.689	 0.3204807290007895
0.688	 0.32033383727486
0.687	 0.3200411775391306
0.686	 0.3193136670987507
0.685	 0.3185719193501413
0.684	 0.31780011707161765
0.683	 0.3175987080078603
0.682	 0.3168235335757862
0.681	 0.31609134563419644
0.68	 0.31538416719327256
0.679	 0.3152308239717491
0.678	 0.3145034594146151
0.677	 0.31381121878686513
0.676	 0.31313582553686553
0.675	 0.3130114356472062
0.674	 0.31231258893106134
0.673	 0.31162335211111164
0.672	 0.3109264479126285
0.671	 0.31076226555041153
0.67	 0.3100943952986953
0.669	 0.3094335489422275
0.668	 0.3084119705161619
0.667	 0.30827372220430427
0.666	 0.3076111042465452
0.665	 0.3069570524608407
0.664	 0.306322571399748
0.663	 0.3062226659322383
0.662	 0.3055812115646901
0.661	 0.3049227979515138
0.66	 0.3042656839816663
0.659	 0.30414132810528854
0.658	 0.30352319334573263
0.657	 0.30290051994768996
0.656	 0.3022921866485301
0.655	 0.3021859045568672
0.654	 0.3015722080428006
0.653	 0.300969489405851
0.652	 0.3003681796215825
0.651	 0.3002715808899841
0.65	 0.29967030292203184
0.649	 0.29910850683022244
0.648	 0.2985326052531274
0.647	 0.2984788466042552
0.646	 0.29793203099280174
0.645	 0.29739525794469884
0.644	 0.29685220922363503
0.643	 0.29680186107923145
0.642	 0.29625658166749136
0.641	 0.2957215323474072
0.64	 0.29519313768526967
0.639	 0.2951290812551819
0.638	 0.2945846295671305
0.637	 0.29403432162099075
0.636	 0.2934578448879586
0.635	 0.293351874656986
0.634	 0.29277922350225416
0.633	 0.29220921915364795
0.632	 0.29172055589740103
0.631	 0.29168916477934714
0.63	 0.2912231213406125
0.629	 0.2907888529831803
0.628	 0.29030797056055574
0.627	 0.2902830929953259
0.626	 0.2898205993870516
0.625	 0.28933779180420055
0.624	 0.2888698582172271
0.623	 0.2888958887772701
0.622	 0.2884524879955693
0.621	 0.2879820007797483
0.62	 0.28752295215959833
0.619	 0.28752884524008165
0.618	 0.2870914976667498
0.617	 0.28663658547101695
0.616	 0.28620731802235927
0.615	 0.28627325621507727
0.614	 0.2858988043305683
0.613	 0.2855291152906399
0.612	 0.28560279028254093
0.611	 0.2851921268449894
0.61	 0.2848421249147545
0.609	 0.28452051249494426
0.608	 0.28465552927801274
0.607	 0.28431106830424774
0.606	 0.2839446577636722
0.605	 0.2836042319092349
0.604	 0.2837086523341114
0.603	 0.2834124520093414
0.602	 0.2831182941363006
0.601	 0.28280140945885324
0.6	 0.2829089057417889
0.599	 0.28310564367374796
0.598	 0.28331427828878275
0.597	 0.28349269242597747
0.596	 0.28368290594990603
0.595	 0.2838990538399539
0.594	 0.28411833861148816
0.593	 0.284385186753885
0.592	 0.2846451084809504
0.591	 0.28490731635889843
0.59	 0.28518921486942966
0.589	 0.285451091925126
0.588	 0.2856999777655072
0.587	 0.28593925391735414
0.586	 0.2861668104809504
0.585	 0.2864158153009009
0.584	 0.2867727700326301
0.583	 0.2871361363231379
0.582	 0.2874734031565468
0.581	 0.28782922203986483
0.58	 0.28810691013192724
0.579	 0.28839537323426867
0.578	 0.28868848904021
0.577	 0.28901986064665713
0.576	 0.2893660955450216
0.575	 0.289688963077674
0.574	 0.29007966267006385
0.573	 0.29050807184267385
0.572	 0.2909434032155436
0.571	 0.2913936317027591
0.57	 0.29185100972215566
0.569	 0.29229813854304326
0.568	 0.29269971969153064
0.567	 0.29309086954469105
0.566	 0.2935797054561579
0.565	 0.2940573961239932
0.564	 0.29456947599532074
0.563	 0.2951749688193364
0.562	 0.2952543655062088
0.561	 0.29587117682096276
0.56	 0.29651566042388017
0.559	 0.2971595144144326
0.558	 0.29784700365016964
0.557	 0.298522111822644
0.556	 0.299243051984695
0.555	 0.29998687440779515
0.554	 0.30074723235378514
0.553	 0.3015801497274823
0.552	 0.30242825807569534
0.551	 0.3033127465308307
0.55	 0.3041935271104281
0.549	 0.30506596351474363
0.548	 0.3059901888115413
0.547	 0.3069549105835944
0.546	 0.30796462936126273
0.545	 0.3089687353371962
0.544	 0.3099984258311292
0.543	 0.31104228167401615
0.542	 0.31209937471078936
0.541	 0.3131826010376677
0.54	 0.31426811503453983
0.539	 0.3153969509910556
0.538	 0.31653130755293557
0.537	 0.3176647358368852
0.536	 0.3187996992496202
0.535	 0.3199402043274803
0.534	 0.3210888990114119
0.533	 0.3222451722635847
0.532	 0.3233984122014161
0.531	 0.3245287854482501
0.53	 0.3256730347336258
0.529	 0.3268227030785818
0.528	 0.3279892619397906
0.527	 0.32916826609670785
0.526	 0.3303606622469376
0.525	 0.3315503402064746
0.524	 0.3327343878166127
0.523	 0.3339039291819832
0.522	 0.3350701570351212
0.521	 0.33623432013385446
0.52	 0.33739768761371985
0.519	 0.33857756826222674
0.518	 0.3397515677041217
0.517	 0.340934581000633
0.516	 0.3421201490975285
0.515	 0.3432940535037288
0.514	 0.34446671532623546
0.513	 0.34564518925336135
0.512	 0.34683320404401413
0.511	 0.3480256873044201
0.51	 0.3492084246395527
0.509	 0.35039488121408985
0.508	 0.3515972371214118
0.507	 0.35280252500795456
0.506	 0.35399319744471774
0.505	 0.355173397026197
0.504	 0.35635552279524585
0.503	 0.35753540074003975
0.502	 0.3587261326342751
0.501	 0.3599042076522096
0.5	 0.36110302696082125
0.499	 0.3622994245347654
0.498	 0.36347396785912295
0.497	 0.3646661451621503
0.496	 0.365859716163493
0.495	 0.3670328591120967
0.494	 0.3682384158023754
0.493	 0.36946174726497094
0.492	 0.3706852933873389
0.491	 0.37187984504746824
0.49	 0.3730724104510222
0.489	 0.3742499600134347
0.488	 0.37543336294372864
0.487	 0.3773542896795037
0.486	 0.37855485680131945
0.485	 0.3797680785010749
0.484	 0.3810078081841184
0.483	 0.38224190727244206
0.482	 0.38347551945474206
0.481	 0.3846653735107782
0.48	 0.3858593076921515
0.479	 0.38706018056956115
0.478	 0.38827196519571944
0.477	 0.3894400454597721
0.476	 0.3906194221692685
0.475	 0.391800870912874
0.474	 0.39299974747576977
0.473	 0.3941786411182909
0.472	 0.3953802105834884
0.471	 0.3965656539100874
0.47	 0.39773303170179986
0.469	 0.398904884505305
0.468	 0.39930856596124376
0.467	 0.40048105053982186
0.466	 0.4016523983044951
0.465	 0.4028253830575318
0.464	 0.4039888680990205
0.463	 0.40513682988927796
0.462	 0.4062741227301003
0.461	 0.40744616186562843
0.46	 0.4086182462266013
0.459	 0.4097898906885735
0.458	 0.4109470100660079
0.457	 0.41208363163786543
0.456	 0.41323755068110635
0.455	 0.4143659070566246
0.454	 0.41550583118245193
0.453	 0.4166484580410838
0.452	 0.41777737038746005
0.451	 0.41891241694869585
0.45	 0.4200371126667337
0.449	 0.421174409815781
0.448	 0.4222593360497699
0.447	 0.42338818469165357
0.446	 0.4244754704308045
0.445	 0.4255683549753641
0.444	 0.4266462382468489
0.443	 0.427738743752403
0.442	 0.42883871711195115
0.441	 0.42992151902919584
0.44	 0.43100058370481864
0.439	 0.43207320032062674
0.438	 0.4331660561993452
0.437	 0.43424963286889173
0.436	 0.43534433307835124
0.435	 0.43646432952901904
0.434	 0.4375823064025499
0.433	 0.43868595785158926
0.432	 0.43979323599952097
0.431	 0.4408016200849409
0.43	 0.44185874065728953
0.429	 0.44286194850043886
0.428	 0.4438511850774911
0.427	 0.4449013383325765
0.426	 0.44595255754596347
0.425	 0.4469499978610093
0.424	 0.447995262478057
0.423	 0.44899995516228614
0.422	 0.4499920662080834
0.421	 0.45098857130340525
0.42	 0.4520145037892934
0.419	 0.4530124844917969
0.418	 0.4540148817308642
0.417	 0.4549944499758043
0.416	 0.45600391960235487
0.415	 0.4569680886226072
0.414	 0.4578833401640714
0.413	 0.45881822736941885
0.412	 0.4597370839091289
0.411	 0.4606596281470291
0.41	 0.46163015937374485
0.409	 0.46250491641797115
0.408	 0.46338299496372526
0.407	 0.4642404722761301
0.406	 0.46514954882326714
0.405	 0.4660621926666253
0.404	 0.4669396930315788
0.403	 0.46777714439820994
0.402	 0.46862717220915556
0.401	 0.4694672943833857
0.4	 0.0
