2.501	 1.0
2.503	 0.4620744405569223
2.504	 0.46303911993008795
2.505	 0.4631234285045346
2.506	 0.46120821865042205
2.507	 0.45898719051680203
2.509	 0.45752681560336206
2.51	 0.4563165663964589
2.511	 0.45615406825347316
2.512	 0.4567246595316987
2.514	 0.4555575806407718
2.515	 0.45522782961203645
2.516	 0.45560190641067083
2.517	 0.4552957984521638
2.518	 0.45549816583857955
2.52	 0.45369676207355497
2.521	 0.4534730403697441
2.522	 0.45252639562490854
2.523	 0.45074767509924546
2.525	 0.45034218847786467
2.526	 0.4492973564250601
2.527	 0.4483943155097742
2.528	 0.4481723593283005
2.529	 0.4472433391029612
2.531	 0.44553723514111837
2.532	 0.4453027104981248
2.533	 0.44439120372545304
2.534	 0.44340653989821727
2.536	 0.44229876626673365
2.537	 0.44119813013182424
2.538	 0.4410014759670098
2.539	 0.4393971116807318
2.541	 0.4392322661604621
2.542	 0.4382361918887918
2.543	 0.4370131154807894
2.544	 0.43650930146866235
2.546	 0.43462875752064317
2.547	 0.43373778958793374
2.548	 0.433424024860072
2.549	 0.4322609320378554
2.551	 0.4305212152937957
2.552	 0.42924497658792865
2.553	 0.42861561091017547
2.554	 0.4280727511310793
2.556	 0.42611624709395446
2.557	 0.4255510900570505
2.558	 0.42436604228652836
2.559	 0.423126339583883
2.561	 0.4218884652145909
2.562	 0.420601078325417
2.563	 0.4192787926374336
2.564	 0.41799448446619314
2.566	 0.4173345216880195
2.567	 0.4153054434328456
2.568	 0.4140021020670325
2.57	 0.4133457572211868
2.571	 0.41138713263598964
2.572	 0.41074930008565835
2.573	 0.41009663827492576
2.575	 0.4080428394664775
2.576	 0.4066005399128075
2.577	 0.4057033958181865
2.579	 0.40390651354480533
2.58	 0.4027439143898709
2.581	 0.40199827317255443
2.582	 0.401185778205487
2.584	 0.39919254024485823
2.585	 0.3984145087753262
2.586	 0.397114174221142
2.588	 0.3953380622733007
2.589	 0.3946570851859742
2.59	 0.39356813033629534
2.591	 0.3924511591074237
2.593	 0.391232993650523
2.594	 0.3904003341198215
2.595	 0.3886745266072459
2.597	 0.3878491353819173
2.598	 0.38653325767687036
2.599	 0.38525961108243667
2.6	 0.3840464331402726
2.602	 0.38294680585152496
2.603	 0.3818966591865915
2.604	 0.3808523340121529
2.606	 0.3801379695814468
2.607	 0.3785838300483696
2.608	 0.37781376275396555
2.61	 0.37668334981371376
2.611	 0.37554846661124297
2.612	 0.3743507211742946
2.614	 0.3734993829126448
2.615	 0.3718865248494117
2.616	 0.37114496553726134
2.618	 0.3701220786839239
2.619	 0.36909995121527617
2.62	 0.36805670987648226
2.622	 0.3669416755687745
2.623	 0.36582963447955336
2.624	 0.364747534561223
2.626	 0.36402981556056835
2.627	 0.3630734446115374
2.628	 0.3620867721056607
2.63	 0.36108198585885304
2.631	 0.36007438878585524
2.632	 0.35905147077173527
2.634	 0.35834805262577407
2.635	 0.357347746083606
2.636	 0.356325243585711
2.638	 0.35536588359898225
2.639	 0.35452703024870685
2.64	 0.3537303996996697
2.642	 0.35289265186913454
2.643	 0.3522639361863652
2.644	 0.3513903317085332
2.646	 0.3508001682054243
2.647	 0.35001607692961684
2.648	 0.34927985681817364
2.65	 0.3485418562406562
2.651	 0.34792556386965856
2.652	 0.34704533124526205
2.654	 0.3465237131247858
2.655	 0.34599511962859614
2.656	 0.34556004725885925
2.658	 0.34509863440075883
2.659	 0.3445998998627701
2.661	 0.3439450480138168
2.662	 0.3433645814132919
2.663	 0.3427192931037951
2.665	 0.34224427472158553
2.666	 0.3419188613881936
2.667	 0.34163785511516254
2.669	 0.34135454153808104
2.67	 0.34107073909174407
2.672	 0.3409298897356006
2.673	 0.34070390647546167
2.674	 0.3405029505652768
2.676	 0.3404615229246616
2.677	 0.3404081881444545
2.678	 0.34035529539885634
2.68	 0.3404905213947857
2.681	 0.34022624472232893
2.683	 0.3401525452790748
2.684	 0.3402564966719291
2.685	 0.34018582304077355
2.687	 0.3402108528315954
2.688	 0.340433866492429
2.69	 0.34084361204871527
2.691	 0.3411940882858402
2.692	 0.34138713658644676
2.694	 0.34166530212779717
2.695	 0.3419377246482904
2.697	 0.3422573874903011
2.698	 0.3425957981335406
2.699	 0.34294148545133063
2.701	 0.3435540752972801
2.702	 0.3439474336511628
2.704	 0.34494012955859915
2.705	 0.34594880839456593
2.706	 0.3467945924858047
2.708	 0.34784527507131857
2.709	 0.348597257650379
2.711	 0.34953626676797
2.712	 0.3508075186817239
2.713	 0.3515707064285893
2.715	 0.35241568486277336
2.716	 0.3536336790458349
2.718	 0.3548796541565721
2.719	 0.3556999918721443
2.721	 0.3571081691905161
2.722	 0.35804462219537225
2.723	 0.35874032333354033
2.725	 0.3601604495831994
2.726	 0.3611474202164466
2.728	 0.3624013587509449
2.729	 0.36347768093173566
2.731	 0.36415201101354516
2.732	 0.3654993429210051
2.733	 0.36655611478829214
2.735	 0.36765345935433585
2.736	 0.36898885043047924
2.738	 0.3705021971642248
2.739	 0.3714137016075607
2.741	 0.3731346722906276
2.742	 0.37446647262491833
2.744	 0.3762975519663555
2.745	 0.37676724961869623
2.747	 0.3773685380949059
2.748	 0.3786934207107228
2.749	 0.37989773087236006
2.751	 0.380292201904108
2.752	 0.38133814426304175
2.754	 0.3837060437851431
2.755	 0.3845001952098038
2.757	 0.3863345343080886
2.758	 0.38761128161134667
2.76	 0.3888194188538042
2.761	 0.3895955168256048
2.763	 0.3908608189383685
2.764	 0.3918357349385198
2.766	 0.39353878324782005
2.767	 0.39390178257354513
2.768	 0.3954809890144551
2.77	 0.39663032572793777
2.771	 0.396758884073422
2.773	 0.4013440180116814
2.774	 0.4022067032971716
2.776	 0.4042312079161598
2.777	 0.40597875449398135
2.779	 0.4053556330268561
2.78	 0.40655489293356606
2.782	 0.40855849138774153
2.783	 0.4087874885181685
2.785	 0.41126854231031734
2.786	 0.4128010409902108
2.788	 0.4135351779740171
2.789	 0.41517653785542635
2.791	 0.4150889191618709
2.792	 0.4163670370757229
2.794	 0.4172610688523612
2.795	 0.4169496530436749
2.797	 0.4193640171850775
2.798	 0.42089462918638554
2.8	 0.4228194004278753
2.801	 0.4241318830895357
2.803	 0.42532090542484763
2.804	 0.4261977562086866
2.806	 0.4279347179783118
2.807	 0.42832633835043815
2.809	 0.4301648322670662
2.811	 0.43075955204614436
2.812	 0.43190529840550096
2.814	 0.43497203340025015
2.815	 0.4354253877342867
2.817	 0.4380334394460362
2.818	 0.43909242981813396
2.82	 0.44034257076009853
2.821	 0.44129049584966334
2.823	 0.442395283729813
2.824	 0.44372893512570055
2.826	 0.4455047300449738
2.827	 0.4469096687582435
2.829	 0.44853713645107485
2.83	 0.44994337963112163
2.832	 0.4507203727164678
2.834	 0.45222049907158274
2.835	 0.4536214322779194
2.837	 0.45509259032723226
2.838	 0.45643291975888917
2.84	 0.45749997138844156
2.841	 0.4598312467522135
2.843	 0.461940336781391
2.844	 0.46196854158403566
2.846	 0.46408092053964645
2.848	 0.4647289255991248
2.849	 0.4649046480608976
2.851	 0.4658729363209532
2.852	 0.4659384885906618
2.854	 0.4667862516907504
2.855	 0.4675692683308814
2.857	 0.46830953518192886
2.859	 0.47004362163348024
2.86	 0.4697550255959232
2.862	 0.47162078865560275
2.863	 0.4725837060448614
2.865	 0.4732539487718296
2.866	 0.4738492004752503
2.868	 0.4743226823091198
2.87	 0.47566046858213035
2.871	 0.4753112737868586
2.873	 0.4769088716271596
2.874	 0.4774129951977163
2.876	 0.47715238144769345
2.878	 0.47808803344691275
2.879	 0.47754938310714534
2.881	 0.47819800094924353
2.882	 0.4789889506869286
2.884	 0.47928108119864343
2.886	 0.4802110975848423
2.887	 0.4804260223438331
2.889	 0.4806304957288792
2.89	 0.4805433485019319
2.892	 0.4805948650190605
2.894	 0.4811749343186835
2.895	 0.48134360204117377
2.897	 0.48115122574237623
2.898	 0.48165403823297576
2.9	 0.48185885684872154
2.902	 0.4820636160217456
2.903	 0.4818730499275232
2.905	 0.48168759294308816
2.907	 0.48163977097975125
2.908	 0.4813161533606393
2.91	 0.48095857518920715
2.912	 0.480401638730669
2.913	 0.4800744806724391
2.915	 0.47976706095540317
2.916	 0.47940843967807795
2.918	 0.4784650753529834
2.92	 0.478032209133342
2.921	 0.47771416506377623
2.923	 0.47754152463378374
2.925	 0.4771918983552157
2.926	 0.4769062546563107
2.928	 0.4766251225914797
2.93	 0.47652335888810626
2.931	 0.4765199225818435
2.933	 0.47635452031078834
2.935	 0.4762812381147522
2.936	 0.4757782073925103
2.938	 0.47506088446115485
2.94	 0.4743258664094402
2.941	 0.4738296503869279
2.943	 0.4736970362689673
2.945	 0.47367093750153166
2.946	 0.4722496257385864
2.948	 0.4727673943219877
2.95	 0.4715806145386394
2.951	 0.4713114089191829
2.953	 0.4700611338094474
2.955	 0.468095314329615
2.956	 0.46770816973605567
2.958	 0.46583128043322897
2.96	 0.4658316314638779
2.961	 0.46562509013064846
2.963	 0.467498077302366
2.965	 0.46923152769537163
2.966	 0.46970225284356915
2.968	 0.4708907751042788
2.97	 0.47408200709197373
2.972	 0.47410965249741205
2.973	 0.47176480821525396
2.975	 0.46878470370937286
2.977	 0.4684593723785757
2.978	 0.4718614212917493
2.98	 0.476746409346189
2.982	 0.4785768005936265
2.984	 0.47905954780741816
2.985	 0.4786062448225062
2.987	 0.47863685938063333
2.989	 0.4787690017439534
2.99	 0.48033744402096273
2.992	 0.4833723915254271
2.994	 0.4860084557253926
2.996	 0.4867142634433689
2.997	 0.4865257294434274
2.999	 0.4852579294887709
3.001	 0.4846176268584223
3.003	 0.484864018628169
3.004	 0.4853956194383187
3.006	 0.4857058189092814
3.008	 0.4862192690384886
3.01	 0.48719097114587295
3.011	 0.48785648663843045
3.013	 0.48711616156595344
3.015	 0.48625136095640914
3.017	 0.4858677780361252
3.018	 0.4860196409662658
3.02	 0.48646347316819577
3.022	 0.4867935597520494
3.024	 0.4872602208060169
3.025	 0.4877578277948353
3.027	 0.48742317875369856
3.029	 0.48715337920773993
3.031	 0.48725488731388344
3.032	 0.4884206964471576
3.034	 0.48921151480328295
3.036	 0.48913729429354647
3.038	 0.4885778414669168
3.04	 0.48764758483806947
3.041	 0.48615357560415706
3.043	 0.48537452314473295
3.045	 0.48531859576717085
3.047	 0.4853297551769998
3.048	 0.48682684090955186
3.05	 0.48909920863906037
3.052	 0.4912806521733678
3.054	 0.49228891984042455
3.056	 0.49247751933140077
3.057	 0.492377911345552
3.059	 0.4923540545421554
3.061	 0.49279701062855524
3.063	 0.49335913767280476
3.065	 0.4932878004089366
3.066	 0.49331557156131445
3.068	 0.4938415355405466
3.07	 0.4933093740518749
3.072	 0.49301793013088263
3.074	 0.49287836884944825
3.076	 0.493244236696178
3.077	 0.4937540798512322
3.079	 0.4940912729061403
3.081	 0.493351558872471
3.083	 0.49288480738101054
3.085	 0.49267352949028875
3.087	 0.4925957364261873
3.088	 0.49202643385218825
3.09	 0.4919237035531582
3.092	 0.49229814108239406
3.094	 0.4922794919722478
3.096	 0.49262942811449095
3.098	 0.4927252446063065
3.099	 0.492514084605378
3.101	 0.49258870592610704
3.103	 0.49211995390749574
3.105	 0.49198087689741843
3.107	 0.49090958819126
3.109	 0.49116450101900433
3.111	 0.4914310176802072
3.112	 0.4916445883902984
3.114	 0.491779001942099
3.116	 0.49251188529844336
3.118	 0.4930588423294411
3.12	 0.4929095908284161
3.122	 0.492911146274437
3.124	 0.49290352427337264
3.126	 0.493300336471997
3.127	 0.4935706189629281
3.129	 0.4933762518649002
3.131	 0.49278095455920534
3.133	 0.49284388620749575
3.135	 0.4920183564986923
3.137	 0.4922926066807526
3.139	 0.4927156290223828
3.141	 0.49325413386995354
3.143	 0.4926627901551179
3.145	 0.4926489121679097
3.146	 0.49445560648116527
3.148	 0.496512210380201
3.15	 0.4974053212946157
3.152	 0.4990363852160611
3.154	 0.5018711882435367
3.156	 0.5041103611054155
3.158	 0.5056428379568241
3.16	 0.5069770495822719
3.162	 0.505181416527519
3.164	 0.5014822674738153
3.166	 0.4999164620270426
3.168	 0.49728631174684645
3.17	 0.4951329348348449
3.171	 0.49313169728698886
3.173	 0.4952667074389391
3.175	 0.495238881113486
3.177	 0.49376499940026375
3.179	 0.4873502453438472
3.181	 0.48269698884507056
3.183	 0.4813946759263343
3.185	 0.4802574418416917
3.187	 0.4790603264397969
3.189	 0.47899501749907336
3.191	 0.4774494887753817
3.193	 0.47465127196879087
3.195	 0.47276129814181084
3.197	 0.4728092093741143
3.199	 0.47263092509688087
3.201	 0.47309550681652224
3.203	 0.4726259038669384
3.205	 0.4718543523103474
3.207	 0.47156927235575363
3.209	 0.47115760662435185
3.211	 0.4704701946106693
3.213	 0.47133485419915944
3.215	 0.47109443116254
3.217	 0.4717183571744493
3.219	 0.4723496106364106
3.221	 0.4731606892519872
3.223	 0.4730418661027051
3.225	 0.475422472439248
3.227	 0.4753160588033129
3.229	 0.4803459326208315
3.231	 0.4805456905575341
3.233	 0.4815954773488905
3.235	 0.4829956084598817
3.237	 0.48480906208038044
3.239	 0.4852688857644689
3.241	 0.4890657497809679
3.243	 0.4892773580841738
3.245	 0.49156737614390766
3.247	 0.4919310324935271
3.249	 0.49073065934786153
3.251	 0.4899692113581713
3.253	 0.4899453024976133
3.255	 0.4898179670151812
3.257	 0.4916736738491327
3.259	 0.49233582552347965
3.261	 0.49282362412626607
3.263	 0.4930460472361594
3.265	 0.493417874414112
3.267	 0.4940172290370892
3.269	 0.49470698537026286
3.272	 0.4960715724047034
3.274	 0.49726847406611946
3.276	 0.498005493454202
3.278	 0.49813586004097554
3.28	 0.4993070009323683
3.282	 0.5004458187475272
3.284	 0.5015058235512225
3.286	 0.5025881527297353
3.288	 0.5033244426271523
3.29	 0.5041812144985144
3.292	 0.5042084856164316
3.294	 0.5044577727492364
3.296	 0.5046235216355588
3.299	 0.5051187154020956
3.301	 0.5063148998976574
3.303	 0.5071441744633488
3.305	 0.5090780074012173
3.307	 0.5108685538383635
3.309	 0.5130691034462073
3.311	 0.513568135153351
3.313	 0.5166567826245844
3.315	 0.5170577328923485
3.318	 0.5192766867942804
3.32	 0.5203582425866647
3.322	 0.5222029929204264
3.324	 0.5233446184045173
3.326	 0.5243657725432301
3.328	 0.5255779944828852
3.33	 0.5273393498564091
3.333	 0.5292822506534385
3.335	 0.530521776347725
3.337	 0.5320751089152637
3.339	 0.5324921250545915
3.341	 0.5337350133274857
3.343	 0.5351084066271447
3.345	 0.5358116296703062
3.348	 0.5353491264078784
3.35	 0.5353660493626523
3.352	 0.5359935413485896
3.354	 0.5344474329712326
3.356	 0.535233446375286
3.358	 0.5349442781960425
3.361	 0.5359745674518125
3.363	 0.5390650638605945
3.365	 0.5419670059665292
3.367	 0.5430097868903703
3.369	 0.5451112037624436
3.372	 0.5477585003780613
3.374	 0.5488019696918266
3.376	 0.5497577829245397
3.378	 0.5529890967535539
3.38	 0.5572414314261868
3.383	 0.559314029271709
3.385	 0.5602714498690838
3.387	 0.562890665169457
3.389	 0.5637862871783718
3.391	 0.5653046654997864
3.394	 0.5676877117154642
3.396	 0.5692201131788438
3.398	 0.5700613319963462
3.4	 0.5713404529491195
3.402	 0.5726165339711325
3.405	 0.5739880616856351
3.407	 0.5753783636614662
3.409	 0.5762250466628224
3.411	 0.5770573582656143
3.414	 0.5777787658779213
3.416	 0.5782725623486045
3.418	 0.5781635077987275
3.42	 0.577464668688403
3.423	 0.5764428836714373
3.425	 0.5744678007081438
3.427	 0.5719310785946893
3.429	 0.5685062024166043
3.432	 0.5650960372610707
3.434	 0.5622083881238753
3.436	 0.5599795865776694
3.439	 0.5580383551583209
3.441	 0.5567216863251027
3.443	 0.5555731329648068
3.445	 0.5547897142275423
3.448	 0.5542608795441588
3.45	 0.5542307143012292
3.452	 0.5534725251197766
3.455	 0.5526258684559955
3.457	 0.5521281462035915
3.459	 0.5508914205630155
3.462	 0.5505241967028941
3.464	 0.5503636029940778
3.466	 0.5501618363842191
3.468	 0.5499026145960655
3.471	 0.5493672216538646
3.473	 0.5489190472457248
3.475	 0.5487818115333484
3.478	 0.5482548026748096
3.48	 0.5480871196199718
3.482	 0.5479302734683653
3.485	 0.5477343274539553
3.487	 0.547737288267248
3.489	 0.5480885214790034
3.492	 0.5484110178372757
3.494	 0.5486357084888046
3.497	 0.5488283590030519
3.499	 0.54881431116202
3.501	 0.5489551593773092
3.504	 0.5480313637833283
3.506	 0.5468968996481819
3.508	 0.5450544542320126
3.511	 0.5424308043362523
3.513	 0.5403102629890407
3.516	 0.538075191032199
3.518	 0.5367043875211266
3.52	 0.5341785170994194
3.523	 0.532936665024047
3.525	 0.5315987331994793
3.527	 0.5303943543152023
3.53	 0.5292286788424184
3.532	 0.5280754294254243
3.535	 0.5263785955732744
3.537	 0.5258339332014788
3.54	 0.5245689272382982
3.542	 0.5237917681997518
3.544	 0.5228107274184505
3.547	 0.5222484519545939
3.549	 0.5214727545222692
3.552	 0.52058224319297
3.554	 0.5202383826008109
3.557	 0.5188560879722292
3.559	 0.5180189171224039
3.561	 0.5181724713398895
3.564	 0.5166984257172819
3.566	 0.5157823650364274
3.569	 0.5155207616555177
3.571	 0.5151324046143486
3.574	 0.5144954219074861
3.576	 0.5132980014070446
3.579	 0.5128223239678448
3.581	 0.5122105874944507
3.584	 0.5119188434554103
3.586	 0.5114493516143848
3.589	 0.5099580162780618
3.591	 0.5090210619994066
3.593	 0.508907017462712
3.596	 0.507497075190566
3.598	 0.5079412676167664
3.601	 0.5067682970833948
3.603	 0.5063151194449278
3.606	 0.5059968056582437
3.608	 0.5055460023445245
3.611	 0.5043557956569643
3.614	 0.5045116865254854
3.616	 0.5039500855060548
3.619	 0.5040145149562534
3.621	 0.504110899648206
3.624	 0.5051000886520509
3.626	 0.5061039664197455
3.629	 0.5090574279199005
3.631	 0.5095464572379377
3.634	 0.5112515438742
3.636	 0.5135364542106416
3.639	 0.5142474163847237
3.641	 0.5150577347648645
3.644	 0.5160594345167526
3.647	 0.5162747126675853
3.649	 0.5165082072537592
3.652	 0.5172420468214793
3.654	 0.5175287754906859
3.657	 0.5178922350719811
3.659	 0.5185181702474757
3.662	 0.519178572011914
3.665	 0.5195942531852057
3.667	 0.5196809441836749
3.67	 0.5200248182720277
3.672	 0.5203558310730519
3.675	 0.5204928676901772
3.678	 0.5205145047265635
3.68	 0.5202870236424334
3.683	 0.5204791014458603
3.685	 0.5205189399920257
3.688	 0.5204221483287443
3.691	 0.5203487758362245
3.693	 0.5203302175229271
3.696	 0.5202948386695878
3.699	 0.5201336360637637
3.701	 0.5198280949832601
3.704	 0.5201796941185465
3.706	 0.5208362838877808
3.709	 0.5218570017400559
3.712	 0.5232751173430248
3.714	 0.5243260146694411
3.717	 0.5257748403712896
3.72	 0.5270903609464183
3.722	 0.5272880387134435
3.725	 0.5286857741822771
3.728	 0.5293355610840128
3.73	 0.5294804634742041
3.733	 0.5299790312099104
3.736	 0.5306229581207021
3.739	 0.5311602657346013
3.741	 0.5316441209942844
3.744	 0.5320169258656829
3.747	 0.5322668875105371
3.749	 0.5325070031671552
3.752	 0.5326200439312196
3.755	 0.5331069747732361
3.758	 0.5336256129425496
3.76	 0.5339247777559621
3.763	 0.5340289326417451
3.766	 0.5340607935742427
3.768	 0.5342198683265855
3.771	 0.5342717351542495
3.774	 0.5339492402772216
3.777	 0.534053891297326
3.779	 0.5342141585291823
3.782	 0.5341661713387826
3.785	 0.5341825020744649
3.788	 0.5343899417925572
3.79	 0.5346673369744269
3.793	 0.534846141770828
3.796	 0.5350543635262573
3.799	 0.5348150162836607
3.802	 0.5348510973741993
3.804	 0.534745485299098
3.807	 0.5345412979180871
3.81	 0.5347011629864696
3.813	 0.535011386353911
3.816	 0.5350301126499449
3.818	 0.5353112552159349
3.821	 0.5355173623506905
3.824	 0.5358287018329773
3.827	 0.5355333901356985
3.83	 0.5354125182680737
3.833	 0.5352750215365216
3.835	 0.5348051955598825
3.838	 0.5344842886450653
3.841	 0.5341558942365249
3.844	 0.5341191429589253
3.847	 0.5334883787292939
3.85	 0.5332764785315007
3.852	 0.5335690442163172
3.855	 0.533434847388655
3.858	 0.5333390599635196
3.861	 0.5330814750241758
3.864	 0.5325931698941729
3.867	 0.532236024433997
3.87	 0.5321641982762704
3.873	 0.5320807621754994
3.875	 0.532052614153761
3.878	 0.5319792132830411
3.881	 0.5318670157158928
3.884	 0.5316667281218123
3.887	 0.5314615043500928
3.89	 0.531348865802398
3.893	 0.5311746830433893
3.896	 0.5313237970906486
3.899	 0.5310919661934648
3.902	 0.5308969639968005
3.905	 0.5305066609912908
3.908	 0.5301424220068163
3.911	 0.5296297005844697
3.914	 0.5286511504136502
3.916	 0.5285482216207471
3.919	 0.5282049055647855
3.922	 0.5274908768603249
3.925	 0.5273217027888533
3.928	 0.5269536604525541
3.931	 0.5264174106902005
3.934	 0.5260390082244057
3.937	 0.525711587126478
3.94	 0.5254232683042412
3.943	 0.5250698593725152
3.946	 0.5247686173541994
3.949	 0.5244364970633595
3.952	 0.5237969511369507
3.955	 0.5232264642257163
3.958	 0.522638322710334
3.961	 0.5221670180352778
3.964	 0.521794827698138
3.967	 0.5214445326354985
3.97	 0.521073327913771
3.973	 0.5208179931685438
3.977	 0.5205472898995827
3.98	 0.5197754231733609
3.983	 0.519381666237198
3.986	 0.5189817078156771
3.989	 0.5185344924639458
3.992	 0.5182272711420762
3.995	 0.5179055075754861
3.998	 0.5175274997259737
4.001	 0.5171339238964212
4.004	 0.5168227189437813
4.007	 0.5167010790964237
4.01	 0.5164983553658412
4.013	 0.5160914804423603
4.017	 0.5153553584766928
4.02	 0.5147995182154471
4.023	 0.5141557863942776
4.026	 0.5135962555318897
4.029	 0.5133235284721118
4.032	 0.5132074773360621
4.035	 0.5127258870013437
4.038	 0.5120282751300836
4.042	 0.5112926353857861
4.045	 0.5108936947853844
4.048	 0.5105468572920888
4.051	 0.5101217507475206
4.054	 0.5095432712613276
4.057	 0.5089640966396031
4.061	 0.5085549122928654
4.064	 0.5078534094209727
4.067	 0.5071965387074456
4.07	 0.5065193776195028
4.073	 0.505929121774082
4.077	 0.5053527025822618
4.08	 0.5046422599380166
4.083	 0.5038831078671672
4.086	 0.5033515989554689
4.089	 0.5028994100229248
4.093	 0.502023486601718
4.096	 0.5012277740388773
4.099	 0.5006699635477951
4.102	 0.5002837832223608
4.106	 0.4998841915976993
4.109	 0.49957691740353805
4.112	 0.4994288319882735
4.115	 0.4990394816422231
4.119	 0.4984226435254302
4.122	 0.4979166871834078
4.125	 0.4974976196776634
4.128	 0.4969433735056762
4.132	 0.49646641393290714
4.135	 0.4960028143091565
4.138	 0.4954077382276547
4.142	 0.4948688272591714
4.145	 0.49451573220903217
4.148	 0.4941282815492979
4.152	 0.493555334970302
4.155	 0.4931688874995793
4.158	 0.4927911854817811
4.162	 0.49244277857825286
4.165	 0.4921788682299072
4.168	 0.4917713225017119
4.172	 0.49129053609987383
4.175	 0.490771584593782
4.178	 0.4903124280113028
4.182	 0.4898542307699468
4.185	 0.48940199773295134
4.189	 0.4888706956400757
4.192	 0.4882589349124604
4.195	 0.48769794362522373
4.199	 0.48710145188283493
4.202	 0.4867193244725291
4.206	 0.48578341657326785
4.209	 0.48527118410698244
4.212	 0.4845527561849068
4.216	 0.4839237707962113
4.219	 0.4833258842889096
4.223	 0.482927029061548
4.226	 0.48238775746130014
4.23	 0.4815271944265058
4.233	 0.4807805047583318
4.236	 0.4808384161608373
4.24	 0.48097112093118194
4.243	 0.4806584323158504
4.247	 0.4806297361534472
4.25	 0.48021168020071736
4.254	 0.479736872131039
4.257	 0.4793581241014706
4.261	 0.4790146327888135
4.264	 0.4786695393907712
4.268	 0.4784168029032413
4.271	 0.47821948575858797
4.275	 0.47798779964766436
4.278	 0.47807912423319715
4.282	 0.47805456116653827
4.285	 0.4778936597424372
4.289	 0.4775299454954651
4.293	 0.477496483097702
4.296	 0.47718032463476145
4.3	 0.4767446385579063
4.303	 0.4764827804299243
4.307	 0.4764108252216916
4.31	 0.4761459057985976
4.314	 0.47586192812620315
4.318	 0.4757775592698422
4.321	 0.4758854799462139
4.325	 0.4758138797288026
4.328	 0.47562781083270483
4.332	 0.4752731347566637
4.336	 0.47498761925635546
4.339	 0.4748412952810722
4.343	 0.47465316107245736
4.347	 0.47436727871623857
4.35	 0.4741667095691174
4.354	 0.4741050021541372
4.357	 0.47424545088650316
4.361	 0.47414096526434607
4.365	 0.4741101747581255
4.368	 0.4738079250811945
4.372	 0.47348844532967044
4.376	 0.47327034011847763
4.38	 0.4731245372406077
4.383	 0.4730676933625168
4.387	 0.47306679779656946
4.391	 0.47314650905620675
4.394	 0.4732322519588256
4.398	 0.4733053835556521
4.402	 0.47361382235344696
4.406	 0.47340709121003566
4.409	 0.4741534375851051
4.413	 0.47434456279676424
4.417	 0.4743724281662063
4.421	 0.4746128077887115
4.424	 0.4747719707371724
4.428	 0.47505138317537243
4.432	 0.47545712731216166
4.436	 0.4754695317408632
4.44	 0.4750450954638901
4.443	 0.47495390681853583
4.447	 0.47502789204008755
4.451	 0.4752935276861061
4.455	 0.4752437805167165
4.459	 0.4752124342400518
4.462	 0.4752660688625246
4.466	 0.4754096575951365
4.47	 0.4754535959368335
4.474	 0.4754960629200345
4.478	 0.47574490454070983
4.482	 0.4758582031763589
4.486	 0.47604095065909485
4.49	 0.4763360885819753
4.493	 0.47656553314728695
4.497	 0.4770671265858124
4.501	 0.47751563642261563
4.505	 0.47771645244642447
4.509	 0.477752140443975
4.513	 0.4779577225931876
4.517	 0.47811294558509326
4.521	 0.4785463588012141
4.525	 0.47873318679602905
4.529	 0.47905125205510063
4.533	 0.47953167749348646
4.537	 0.4799112785615294
4.541	 0.48016153679106016
4.545	 0.4803849735115463
4.549	 0.48057982536020644
4.553	 0.4808428551724809
4.557	 0.48099253852927487
4.561	 0.48125024650677495
4.565	 0.481559478566763
4.569	 0.48210826512898325
4.573	 0.48252006566124633
4.577	 0.4829289211484217
4.581	 0.48324683946264974
4.585	 0.4836330805241448
4.589	 0.4839814085022619
4.593	 0.4841452353833103
4.597	 0.48434750123471226
4.601	 0.4846362738156984
4.605	 0.4849410871851276
4.609	 0.4855046743119027
4.613	 0.48605209640927455
4.617	 0.4865771320216491
4.622	 0.4869107697859876
4.626	 0.487208594856873
4.63	 0.48730895399200436
4.634	 0.48760445799797697
4.638	 0.4882518033542318
4.642	 0.4887959659852883
4.646	 0.48917722015470866
4.651	 0.49010825024800825
4.655	 0.4907376868941934
4.659	 0.4912911819109072
4.663	 0.49174959622859205
4.667	 0.4921348062962999
4.672	 0.4925942109594481
4.676	 0.49311333529454415
4.68	 0.4935312990615831
4.684	 0.49387881178555115
4.688	 0.49426399287920836
4.693	 0.4946633137607493
4.697	 0.49495934316453866
4.701	 0.49494321324995877
4.705	 0.4954843265969854
4.71	 0.49595593838521335
4.714	 0.4964013500368626
4.718	 0.4968476425097796
4.723	 0.49728696052799753
4.727	 0.4977060254317096
4.731	 0.49802321206332667
4.736	 0.4982638712215293
4.74	 0.49853149816667586
4.744	 0.4990322833095454
4.749	 0.4997171826621042
4.753	 0.5003094896001633
4.757	 0.50077120896477
4.762	 0.5017159002043339
4.766	 0.5022943439534525
4.77	 0.5028488642071636
4.775	 0.5033113642056064
4.779	 0.5035235958336282
4.784	 0.5036531873030723
4.788	 0.5037426706281974
4.792	 0.5039410837499957
4.797	 0.5043370635337011
4.801	 0.5049126028631202
4.806	 0.5053638121635073
4.81	 0.5054641821593531
4.815	 0.5059439181008418
4.819	 0.5059746965295833
4.824	 0.5061981519115072
4.828	 0.5067195102497373
4.833	 0.507494716054593
4.837	 0.508015614860182
4.842	 0.5082686623202047
4.846	 0.5085961571496972
4.851	 0.5087312890517294
4.855	 0.5090433613561125
4.86	 0.5093412502046298
4.864	 0.5095962727712058
4.869	 0.5099464809648107
4.873	 0.5101457410188783
4.878	 0.510404516201946
4.883	 0.5107591507305399
4.887	 0.5110625630139254
4.892	 0.5112653478035214
4.896	 0.5115349943756881
4.901	 0.5119525590321412
4.906	 0.5121482711132226
4.91	 0.5122945040009759
4.915	 0.5124954015385363
4.92	 0.512826537870595
4.924	 0.5131597626073767
4.929	 0.5134362437195544
4.934	 0.5136054344851917
4.938	 0.5140033642492964
4.943	 0.5143155136668321
4.948	 0.5144023933402494
4.953	 0.5143046316383718
4.957	 0.514524832252127
4.962	 0.5146518064955137
4.967	 0.5147206911620675
4.972	 0.514800550103425
4.976	 0.5151568599021161
4.981	 0.5154372298595578
4.986	 0.5156516045210535
4.991	 0.5159412200938461
4.996	 0.5161683486494819
5.0	 0.5162402400173863
5.005	 0.5162751227219585
5.01	 0.5160997937221289
5.015	 0.5160092957456731
5.02	 0.5159366324449363
5.025	 0.5158391357440976
5.029	 0.5156205849181328
5.034	 0.5153840602138912
5.039	 0.5152470774601405
5.044	 0.515171930732845
5.049	 0.5151745008501079
5.054	 0.5151495782156739
5.059	 0.5149792227950102
5.064	 0.5147897485150337
5.069	 0.5148173534324619
5.074	 0.5147162173637276
5.079	 0.514382835609517
5.084	 0.5139473732877653
5.089	 0.5135744390765722
5.094	 0.5132598680553727
5.099	 0.5127527175145248
5.104	 0.5122775279824189
5.109	 0.5119655655830485
5.114	 0.511740524354539
5.119	 0.5114149793614239
5.124	 0.5110169712392445
5.129	 0.5107118627810763
5.134	 0.5101270211036127
5.139	 0.5097084650537946
5.144	 0.5092078270254566
5.149	 0.5087543667995892
5.154	 0.5081060239730699
5.16	 0.507413600571225
5.165	 0.5068208827073862
5.17	 0.5061796215411662
5.175	 0.5053907949270424
5.18	 0.5047546931857271
5.185	 0.5046261683244039
5.191	 0.5038287204641968
5.196	 0.5038434079009996
5.201	 0.502812411048857
5.206	 0.5022052797939592
5.211	 0.501780588602257
5.217	 0.5014289824529186
5.222	 0.5010849684055297
5.227	 0.5007810982632953
5.232	 0.5002970803828742
5.238	 0.4996477830079989
5.243	 0.4989206614871097
5.248	 0.4982394453150623
5.254	 0.497293613176068
5.259	 0.4959573452391947
5.264	 0.4952366763932408
5.27	 0.4942169267907254
5.275	 0.49344136561825525
5.28	 0.49280499862641375
5.286	 0.4922784614764904
5.291	 0.49178760381990455
5.297	 0.4914446865128814
5.302	 0.49108571989594074
5.307	 0.49049699294945515
5.313	 0.48964102689505
5.318	 0.48871361133504143
5.324	 0.48760342204164325
5.329	 0.48643108600358387
5.335	 0.48524335719648903
5.34	 0.4848333237193938
5.346	 0.483999392465869
5.351	 0.48319865174035376
5.357	 0.4824581368429928
5.362	 0.4814561417835424
5.368	 0.4805103295431957
5.373	 0.47961250159087304
5.379	 0.47862723934420964
5.385	 0.47737227039471275
5.39	 0.47642875272813395
5.396	 0.4752412452241209
5.401	 0.47422993173834777
5.407	 0.4730624065451697
5.413	 0.4717166269040892
5.418	 0.471084075543424
5.424	 0.468305403445128
5.43	 0.46758872663350065
5.435	 0.46595318957205906
5.441	 0.46450043778577677
5.447	 0.46282853310671757
5.453	 0.46140094099644297
5.458	 0.46011865740826646
5.464	 0.45914129090556804
5.47	 0.4576986710251313
5.476	 0.4561069265019544
5.481	 0.4544296853410241
5.487	 0.4526132967543068
5.493	 0.450421230033673
5.499	 0.44802016860452054
5.505	 0.4456097231388527
5.511	 0.4451104264693758
5.516	 0.4427181784676356
5.522	 0.4402744026625426
5.528	 0.43810544269751356
5.534	 0.43585399051469537
5.54	 0.43391680519752956
5.546	 0.431571211324616
5.552	 0.42952414285811896
5.558	 0.4283709981041754
5.564	 0.4279807257145423
5.57	 0.42791977978765233
5.576	 0.4285062140335606
5.582	 0.429467801292144
5.588	 0.43066482764632047
5.594	 0.43229592364835207
5.6	 0.43234902753367116
5.606	 0.43444352797926106
5.612	 0.43650267077857613
5.618	 0.4395704149652913
5.624	 0.441422815588929
5.63	 0.4451243101081122
5.636	 0.4478339362215171
5.642	 0.4509470357373376
5.649	 0.45439403266104206
5.655	 0.4581319395338401
5.661	 0.4622050020531578
5.667	 0.46636924652323075
5.673	 0.47054228624802324
5.68	 0.47485884455743005
5.686	 0.47791723162859695
5.692	 0.48269130079273387
5.698	 0.4881349453081549
5.704	 0.4936544005291617
5.711	 0.5005553762545645
5.717	 0.5066483030868322
5.723	 0.5124883379859344
5.73	 0.5181700183531376
5.736	 0.5238615076663959
5.742	 0.5290885512905926
5.749	 0.5338883945067766
5.755	 0.5377698391312923
5.762	 0.5403984506631209
5.768	 0.5420909539021238
5.774	 0.5437404517612133
5.781	 0.5434386805959115
5.787	 0.5423860306261914
5.794	 0.54101502553445
5.8	 0.5402965654572199
5.807	 0.5381930448940764
5.813	 0.5362523072581239
5.82	 0.5341617502311911
5.826	 0.5316311769915221
5.833	 0.5292902757724819
5.839	 0.5268356071901258
5.846	 0.5239726227957493
5.853	 0.5203948903060519
5.859	 0.5159585542525703
5.866	 0.5115116006813586
5.872	 0.5081166505142599
5.879	 0.5039549846582477
5.886	 0.49873251235425264
5.892	 0.49373118393139465
5.899	 0.48853355121204123
5.906	 0.48373789143998946
5.913	 0.47895468781333206
5.919	 0.4743250593588942
5.926	 0.47012674615994887
5.933	 0.46644802168337235
5.94	 0.46327494120999063
5.947	 0.4606269655973245
5.953	 0.45825144706970894
5.96	 0.45656588664814474
5.967	 0.45514156107239057
5.974	 0.45391322481652935
5.981	 0.45420923629480425
5.988	 0.4547814376969665
5.995	 0.45561097676204015
6.002	 0.4564529331752689
6.009	 0.45729533569710235
6.016	 0.4580938675888362
6.023	 0.4594531608963299
6.03	 0.46067270793780113
6.037	 0.4618789659987563
6.044	 0.46337083165930093
6.051	 0.46525676648557457
6.058	 0.467764211557948
6.065	 0.470418097907403
6.072	 0.4739279034220608
6.079	 0.47652811446816057
6.086	 0.4792091834311733
6.093	 0.482140739710707
6.1	 0.4849219356508237
6.108	 0.4873804199734437
6.115	 0.489732044438803
6.122	 0.49189433814620437
6.129	 0.49386387668098464
6.137	 0.49551904657473783
6.144	 0.4966514531915473
6.151	 0.49773641562847415
6.158	 0.49901217413134585
6.166	 0.5005365675872682
6.173	 0.5020550225968057
6.18	 0.5031898855557863
6.188	 0.5045481279569918
6.195	 0.5064201419956321
6.203	 0.5077963779415041
6.21	 0.5087602964421011
6.217	 0.5096108512478659
6.225	 0.5099444617375777
6.232	 0.5105216804092846
6.24	 0.5107839843886629
6.247	 0.5106338995230619
6.255	 0.5103153196881244
6.263	 0.5096785025741172
6.27	 0.5095323624442286
6.278	 0.5092389169078794
6.285	 0.5085354739586634
6.293	 0.5072403987824348
6.301	 0.5065583319201645
6.308	 0.5061195863417348
6.316	 0.5059777051476816
6.324	 0.5053755652284794
6.331	 0.5050369621039698
6.339	 0.5044792200355626
6.347	 0.5038777340044531
6.355	 0.5026543210808022
6.362	 0.5017160503678768
6.37	 0.5003974923596192
6.378	 0.4994565339080025
6.386	 0.49836243255342716
6.394	 0.49726318960600446
6.402	 0.49636897258856505
6.41	 0.49508317657639583
6.418	 0.49512504291818044
6.426	 0.49507058532490344
6.433	 0.4951014153222938
6.441	 0.4952454613005279
6.449	 0.49586665584121736
6.458	 0.4965254137240093
6.466	 0.4972731437240881
6.474	 0.4975842264994169
6.482	 0.49815514102387887
6.49	 0.4989923261762655
6.498	 0.5000741365409744
6.506	 0.5006201459908146
6.514	 0.5003274717368484
6.523	 0.49970926351608297
6.531	 0.49911681873840547
6.539	 0.49863268324963994
6.547	 0.4983797906272396
6.555	 0.4987278846457274
6.564	 0.4999276947971922
6.572	 0.5002350336578402
6.58	 0.5001338818972786
6.589	 0.5002604131889264
6.597	 0.49996276734495504
6.606	 0.499807117369081
6.614	 0.4993015091981588
6.622	 0.498160226563176
6.631	 0.49742410320803476
6.639	 0.4973906652997054
6.648	 0.4977573388861893
6.656	 0.49773920582059533
6.665	 0.4971590010254769
6.674	 0.49657461647503237
6.682	 0.4965124942221955
6.691	 0.49578616527132635
6.699	 0.4951549392558287
6.708	 0.4946709312427727
6.717	 0.4952729428037078
6.726	 0.49601819260316365
6.734	 0.49722995743997317
6.743	 0.49852635325258865
6.752	 0.499716100998006
6.761	 0.5003586526426854
6.769	 0.5013245208662843
6.778	 0.5025405973693964
6.787	 0.5034325629408266
6.796	 0.5043230120747938
6.805	 0.5049956369377181
6.814	 0.5060986531447493
6.823	 0.5066138311938407
6.832	 0.5068553709151626
6.841	 0.5054753821612237
6.85	 0.5037217088825566
6.859	 0.5021481191203783
6.868	 0.5015084815933789
6.877	 0.5006360075536403
6.886	 0.4999899853626059
6.895	 0.4997504933336149
6.905	 0.5003702254864134
6.914	 0.5004243462194696
6.923	 0.5001803845922943
6.932	 0.4993392422750267
6.942	 0.4979889222196007
6.951	 0.49633465025237195
6.96	 0.49490247953187483
6.97	 0.492862076905365
6.979	 0.49116209432383623
6.988	 0.4901192956035278
6.998	 0.48917300786838447
7.007	 0.4887891797214344
7.017	 0.4881358293456917
7.026	 0.4879311166873569
7.036	 0.4882568040952171
7.045	 0.48968467650022285
7.055	 0.49074228795100017
7.065	 0.4916360456085161
7.074	 0.49189186940830754
7.084	 0.49221314293931195
7.094	 0.4922486794742598
7.103	 0.49190961931710736
7.113	 0.49149162201982105
7.123	 0.49159765275096523
7.133	 0.49253078399941885
7.142	 0.493293931943254
7.152	 0.49394294750023876
7.162	 0.49377100548353675
7.172	 0.4941348309216084
7.182	 0.4945252732354483
7.192	 0.4958482872786874
7.202	 0.4964296176883323
7.212	 0.49686153673435424
7.222	 0.4970221050084134
7.232	 0.49740758337985186
7.242	 0.4971265879492607
7.252	 0.4973052425281724
7.262	 0.49715213033378947
7.273	 0.4975392470491407
7.283	 0.49782073103150953
7.293	 0.49825413134625557
7.303	 0.4990062585522331
7.314	 0.49842315902413187
7.324	 0.4981149742133866
7.334	 0.49711302880828295
7.345	 0.49675666774571425
7.355	 0.4968171467911329
7.366	 0.4978477353035657
7.376	 0.49798110482609215
7.387	 0.49731714354140066
7.397	 0.4959339352635277
7.408	 0.4952819686903549
7.418	 0.49428244300769725
7.429	 0.4941985366141679
7.44	 0.494430046078555
7.45	 0.4949562801970738
7.461	 0.49516745912988597
7.472	 0.4956890986558022
7.483	 0.49534304996330863
7.493	 0.4951533632286996
7.504	 0.4957731136078635
7.515	 0.4963866293880717
7.526	 0.49775036382483734
7.537	 0.49889712103648254
7.548	 0.5004449934547385
7.559	 0.5007243419366154
7.57	 0.5008506526722619
7.581	 0.5014904421504783
7.592	 0.5035395128125609
7.603	 0.5048670099166563
7.614	 0.5065490366789753
7.626	 0.5072963693279696
7.637	 0.5075788932396491
7.648	 0.5069181100748181
7.659	 0.5065217831096186
7.671	 0.5060772429744109
7.682	 0.5067794617742138
7.693	 0.507263032414182
7.705	 0.5072680381466373
7.716	 0.5068976148355256
7.728	 0.5062177805914806
7.739	 0.505869353113355
7.751	 0.5051156473050337
7.763	 0.5057549187419706
7.774	 0.5058693020154362
7.786	 0.5056785650791695
7.798	 0.5053035415388665
7.809	 0.5060071299926625
7.821	 0.5062107050104049
7.833	 0.5068138433502064
7.845	 0.5070127913092417
7.857	 0.508015489874892
7.869	 0.5082345142520439
7.881	 0.5083273653383451
7.893	 0.5077690329618951
7.905	 0.5090489653886783
7.917	 0.51068049927557
7.929	 0.5115966438493749
7.941	 0.5118781334361744
7.953	 0.5117252733362176
7.965	 0.5115667006924033
7.978	 0.5107881503196574
7.99	 0.511213856876682
8.002	 0.5106477683814954
8.015	 0.5102996406913034
8.027	 0.510566274769598
8.039	 0.5130275472231666
8.052	 0.5146047809457753
8.064	 0.5159750390481064
8.077	 0.5167550320655281
8.09	 0.5182593935058502
8.102	 0.5185012221831413
8.115	 0.5180987190378592
8.128	 0.5172479795000801
8.14	 0.5180523544967127
8.153	 0.5189355880852642
8.166	 0.5211585393931022
8.179	 0.5228603577743587
8.192	 0.5239854084640048
8.205	 0.5250957039557637
8.218	 0.5251480744646249
8.231	 0.5233506249047114
8.244	 0.5215407504312639
8.257	 0.5222934258462086
8.27	 0.5227041894560205
8.283	 0.5238386783843181
8.297	 0.5242484913852306
8.31	 0.5257690234140268
8.323	 0.5265321669822149
8.337	 0.5269389688229817
8.35	 0.5253718907494715
8.364	 0.5241296146673065
8.377	 0.5220648228163283
8.391	 0.5211178313998732
8.404	 0.5188834269171871
8.418	 0.5167424122135575
8.432	 0.5139263117602466
8.445	 0.5099350717825885
8.459	 0.5055147750799925
8.473	 0.5008772260080571
8.487	 0.4953765559304635
8.501	 0.4895422511222304
8.515	 0.4844980613110384
8.529	 0.48124388881128655
8.543	 0.47986519053636634
8.557	 0.47801807384697104
8.571	 0.4763859387035783
8.585	 0.47258311675754544
8.599	 0.47089378428324186
8.614	 0.47115708799657907
8.628	 0.47331958481995007
8.642	 0.4748895404055003
8.657	 0.4771734933317493
8.671	 0.47788432148618604
8.686	 0.4806414783165939
8.7	 0.4832285420073899
8.715	 0.4859495359720984
8.73	 0.4863010124204154
8.744	 0.48361531455793755
8.759	 0.4810382068623632
8.774	 0.4794729653731823
8.789	 0.47785099844997786
8.804	 0.47400434866374924
8.819	 0.4681123633055457
8.834	 0.4647011926262183
8.849	 0.4609090632097296
8.864	 0.45748100986541435
8.879	 0.45497046049474194
8.894	 0.4517996271039339
8.91	 0.4509810218814006
8.925	 0.4518770276533292
8.94	 0.4554406264609631
8.956	 0.45795135548968413
8.971	 0.4625119209626781
8.987	 0.4666278284586968
9.002	 0.47269377922630007
9.018	 0.478999632774035
9.034	 0.4878674185241097
9.05	 0.491848252077128
9.065	 0.4952075232842029
9.081	 0.4971525935413046
9.097	 0.4967364888323111
9.113	 0.4937490480040306
9.129	 0.4898441190363722
9.145	 0.48742429640185253
9.161	 0.48584731092938577
9.178	 0.4833500909700278
9.194	 0.4806202478596659
9.21	 0.477963911076684
9.227	 0.4748341969645332
9.243	 0.4751817472267061
9.26	 0.47439100935854334
9.276	 0.4760196226808966
9.293	 0.4793373493320036
9.309	 0.4859548940942074
9.326	 0.4913465041456895
9.343	 0.49805726556277696
9.36	 0.5003353186855508
9.377	 0.5032054874482722
9.394	 0.5042195764685924
9.411	 0.5076188554905521
9.428	 0.5079412362060794
9.445	 0.507240503593235
9.462	 0.5073074837310195
9.48	 0.5064392197180813
9.497	 0.5031485719702612
9.514	 0.5003425439598082
9.532	 0.4973259150489688
9.55	 0.49443231002184196
9.567	 0.49333656083161886
9.585	 0.49320690441383574
9.603	 0.49300364968418786
9.62	 0.49222544200225476
9.638	 0.4934975858977544
9.656	 0.4931223930562493
9.674	 0.4946123862442295
9.692	 0.49680910547425244
9.71	 0.5012008823027941
9.729	 0.5020594341602709
9.747	 0.5066814549536307
9.765	 0.5108733835742644
9.784	 0.5174010563635048
9.802	 0.5217248806067983
9.821	 0.5274948504865402
9.839	 0.5317097919837644
9.858	 0.534717552118359
9.877	 0.5352875488553881
9.896	 0.5337264969125096
9.915	 0.5340929370581372
9.934	 0.5363293133420253
9.953	 0.5362509922103083
9.972	 0.5317929117442668
9.991	 0.5254747906408844
10.01	 0.5206876610062563
10.03	 0.5169879549415958
10.049	 0.5142651148418992
10.069	 0.5121121863295283
10.088	 0.5120374611900035
10.108	 0.5109509675250092
10.128	 0.5040550455077234
10.148	 0.4968366392069867
10.167	 0.4905047785016426
10.187	 0.4898456874975962
10.207	 0.48836588244415535
10.228	 0.4875798357008583
10.248	 0.48437804060628337
10.268	 0.4849155223401573
10.289	 0.4842201207701949
10.309	 0.4878936338921613
10.33	 0.49389194647098145
10.35	 0.5024244314637328
10.371	 0.5097730272963421
10.392	 0.5156687933972761
10.412	 0.5197526332137916
10.433	 0.5215085611125214
10.454	 0.523064039968207
10.476	 0.5232164994928435
10.497	 0.5222840442870792
10.518	 0.5213707268964176
10.539	 0.5188089728845968
10.561	 0.5142821897530085
10.582	 0.5076499136300073
10.604	 0.5008316518514478
10.626	 0.4958917616126206
10.648	 0.49522714164314646
10.67	 0.4906772853305233
10.692	 0.4844512925155904
10.714	 0.48059587831618444
10.736	 0.473798763145305
10.758	 0.4712326349049443
10.78	 0.47049391144204356
10.803	 0.4748665149226744
10.825	 0.4780421786250919
10.848	 0.482681725570725
10.871	 0.48776172699237136
10.894	 0.4911423134964897
10.917	 0.4948698884758364
10.94	 0.4978856407427836
10.963	 0.4991388335415893
10.986	 0.4987822616107973
11.009	 0.4955254237288136
11.033	 0.48879506333225076
11.056	 0.48345837553865434
11.08	 0.486982945524694
11.104	 0.4962905640697811
11.127	 0.4992560394549862
11.151	 0.4992351012860385
11.175	 0.500422511407808
11.2	 0.5023875812030709
11.224	 0.5089935004954403
11.248	 0.5186756215388241
11.273	 0.5202153578791339
11.297	 0.5099804170818015
11.322	 0.4955702061863224
11.347	 0.49241318689857294
11.372	 0.48701111218045995
11.397	 0.48444145959256774
11.422	 0.4755803596141168
11.447	 0.46692614825628875
11.472	 0.45522278740610905
11.498	 0.4636951091108037
11.523	 0.4660827824329445
11.549	 0.4678380988369652
11.575	 0.4740982348426707
11.6	 0.4827586206896552
11.626	 0.48824918231637315
11.653	 0.49355717867655075
11.679	 0.49651381067310263
11.705	 0.4951220608730836
11.732	 0.4917581156159603
11.758	 0.48708801325722706
11.785	 0.4798259771244123
11.812	 0.4732229795520935
11.839	 0.47126571589416405
11.866	 0.47213412927898524
11.893	 0.4749627809154714
11.92	 0.48046985564675915
11.948	 0.4850590186792317
11.976	 0.491127248244686
12.003	 0.49772293227559866
12.031	 0.5014410629671242
12.059	 0.5029030927835051
12.087	 0.5010268458581145
12.115	 0.5033052847487365
12.144	 0.4988950434807566
12.172	 0.49896326094784027
12.201	 0.4912510118936422
12.23	 0.4891820580474934
12.259	 0.4878744231164937
12.288	 0.4876363529446356
12.317	 0.48519610734296664
12.346	 0.48546649301444467
12.376	 0.49121148562819417
12.405	 0.49871007917445076
12.435	 0.5022670325736786
12.465	 0.5037079122062078
12.495	 0.505972416669149
12.525	 0.5077931013851079
12.555	 0.5043068274548916
12.586	 0.4942053231939164
12.617	 0.48414207717317964
12.647	 0.4765117363593969
12.678	 0.4693819693819694
12.709	 0.4626893999304085
12.741	 0.4606977187519858
12.772	 0.4614292169646892
12.803	 0.46402533566456644
12.835	 0.47168295621903866
12.867	 0.4828074911422304
12.899	 0.49426418680423573
12.931	 0.5015844890448767
12.964	 0.5057941376959781
12.996	 0.5136091453456723
13.029	 0.5234772003523274
13.061	 0.5249140314206729
13.094	 0.5196142947314701
13.128	 0.520584923921703
13.161	 0.51499176276771
13.194	 0.5177496717838063
13.228	 0.5024914972712172
13.262	 0.4916349958860636
13.296	 0.4809015898571142
13.33	 0.48130362906400065
13.364	 0.48295026001349695
13.399	 0.48676021492906574
13.434	 0.49869801941134695
13.469	 0.5152966625463535
13.504	 0.5257224515719275
13.539	 0.52438739789965
13.574	 0.5157810945273632
13.61	 0.5036070485276146
13.646	 0.4949050949050949
13.682	 0.4873371507628454
13.718	 0.47981146897093474
13.754	 0.4794192601745309
13.791	 0.48244738208394905
13.828	 0.48703019595245745
13.865	 0.4767417296886222
13.902	 0.4650044298190102
13.939	 0.46336320506062195
13.977	 0.47514372675008454
14.015	 0.48094358269239035
14.053	 0.49240426867545506
14.091	 0.5152920962199313
14.129	 0.5366960907944515
14.168	 0.5399712154912993
14.207	 0.5289581761797
14.246	 0.5230323432905782
14.285	 0.5221346763057428
14.324	 0.5137610960236716
14.364	 0.501600437192599
14.404	 0.5066298727821555
14.444	 0.49234311684916493
14.484	 0.4962239369561649
14.525	 0.486322188449848
14.566	 0.4890148126056268
14.607	 0.5055420515313563
14.648	 0.5218495190664517
14.69	 0.5220163083765753
14.731	 0.518362432269717
14.773	 0.48970785484839
14.815	 0.45595285526710344
14.858	 0.4461932930341057
14.901	 0.45033479374427593
14.944	 0.4770196396031585
14.987	 0.5208789979023398
15.03	 0.5525218645233573
15.074	 0.5794340285169104
15.118	 0.5991063481339552
15.162	 0.5927750410509032
15.206	 0.5746726338471739
15.251	 0.5558628090305006
15.296	 0.5318813131313131
15.341	 0.468237325767855
15.387	 0.0
