0.35	 1.0
0.351	 0.5240108325542123
0.352	 0.524806247935858
0.353	 0.5255998737802308
0.354	 0.5263899916085095
0.355	 0.5271751511744923
0.356	 0.5279536769494964
0.357	 0.5287234279449657
0.358	 0.5294818049399573
0.359	 0.5302276946467909
0.36	 0.5309596348647209
0.361	 0.5316758193227568
0.362	 0.5323750619682901
0.363	 0.5335632565082288
0.364	 0.5342058015136679
0.365	 0.5348294492890818
0.366	 0.5354339909550215
0.367	 0.5360194513694856
0.368	 0.5365856170544788
0.369	 0.5371322728881087
0.37	 0.5376593185892963
0.371	 0.5381671165615854
0.372	 0.5386555572283138
0.373	 0.5391254556285113
0.374	 0.5395781949977021
0.375	 0.5400153753562698
0.376	 0.5404377746166396
0.377	 0.5408461625109838
0.378	 0.5412414159762116
0.379	 0.5416241745123929
0.38	 0.541994727996914
0.381	 0.5423537057961432
0.382	 0.5427026451708084
0.383	 0.543042160759469
0.384	 0.5433729763737042
0.385	 0.5436960381167696
0.386	 0.5440121725168199
0.387	 0.5443216341428905
0.388	 0.5446250153414287
0.389	 0.5449233571570753
0.39	 0.545216791520503
0.391	 0.5455053366561727
0.392	 0.5457888978141284
0.393	 0.546068167952545
0.394	 0.5463439487780732
0.395	 0.5466173746470819
0.396	 0.5468889018360691
0.397	 0.5471582006977718
0.398	 0.5474247194621302
0.399	 0.5476880205914636
0.4	 0.5479482263356895
0.401	 0.5482051239643853
0.402	 0.548458167660417
0.403	 0.5487065915214109
0.404	 0.5489496328043052
0.405	 0.5491863098345121
0.406	 0.5494161988524717
0.407	 0.5496389880364242
0.408	 0.54985359180024
0.409	 0.5500585963520371
0.41	 0.5502520398308327
0.411	 0.5504325173255894
0.412	 0.5506051319057231
0.413	 0.5507729865345524
0.414	 0.5509366422210097
0.415	 0.5510946777395166
0.416	 0.5512471048295385
0.417	 0.5513937150538909
0.418	 0.551534409906647
0.419	 0.551669858862409
0.42	 0.5518004003719313
0.421	 0.5519264813901764
0.422	 0.5520492049169555
0.423	 0.5521690143903452
0.424	 0.5522863521822432
0.425	 0.5524016596520666
0.426	 0.5525149398893603
0.427	 0.5526268515540144
0.428	 0.5527377243071555
0.429	 0.5528474504885943
0.43	 0.552955704414404
0.431	 0.5530625972420787
0.432	 0.5531685669130807
0.433	 0.5532738326146655
0.434	 0.5533775240711194
0.435	 0.5534787725999178
0.436	 0.5535769286474874
0.437	 0.5536713436947386
0.438	 0.5537613701570105
0.439	 0.5538465786173804
0.44	 0.5539270832113301
0.441	 0.5540026718137164
0.442	 0.554073240842066
0.443	 0.5541387950493302
0.444	 0.5541991218401953
0.445	 0.5542543339278159
0.446	 0.5543046520126402
0.447	 0.5543502962662141
0.448	 0.5543912695568654
0.449	 0.5544282248164064
0.45	 0.5544618143019612
0.451	 0.5544926897040696
0.452	 0.554521393888196
0.453	 0.5545479276928461
0.454	 0.5545725085383156
0.455	 0.5545954620052647
0.456	 0.5546162470903756
0.457	 0.5546344312308655
0.458	 0.5546497984936912
0.459	 0.5546623494618698
0.46	 0.5546719763373112
0.461	 0.5546787877701862
0.462	 0.5546830005567213
0.463	 0.5546848313804986
0.464	 0.5546848313804985
0.465	 0.5546848313804985
0.466	 0.5546848313804986
0.467	 0.5546848313804985
0.468	 0.5546848313804985
0.469	 0.5549294405111324
0.47	 0.5549294405111325
0.471	 0.5549299741954309
0.472	 0.5549326817082839
0.473	 0.5549382151008523
0.474	 0.5549469002146257
0.475	 0.5549588453587888
0.476	 0.554974593361454
0.477	 0.5549952300219637
0.478	 0.5550208626279614
0.479	 0.5550522498818541
0.48	 0.5550901496474165
0.481	 0.5551349929644978
0.482	 0.555187318466122
0.483	 0.5552475550184854
0.484	 0.5553160217009703
0.485	 0.5553933617023679
0.486	 0.5554798910250126
0.487	 0.5555759240553018
0.488	 0.5555533156169058
0.489	 0.5556860248251032
0.49	 0.5558364274589598
0.491	 0.5560088022405337
0.492	 0.5562056037505497
0.493	 0.5564284057015761
0.494	 0.5566846756319653
0.495	 0.5569817669517569
0.496	 0.5573270719562038
0.497	 0.5577261441036411
0.498	 0.5581834719737843
0.499	 0.5587055177966334
0.5	 0.5592975011948397
0.501	 0.5599622310596829
0.502	 0.5607009169307073
0.503	 0.5615146766111213
0.504	 0.562404354760735
0.505	 0.5633696371499255
0.506	 0.5644099758414217
0.507	 0.5655226719448105
0.508	 0.5667037015788546
0.509	 0.5679508914237609
0.51	 0.5692616824578661
0.511	 0.5706323232080153
0.512	 0.5720594266372993
0.513	 0.5735391481090545
0.514	 0.5750667553089897
0.515	 0.5766378083975872
0.516	 0.5782486836890603
0.517	 0.5798939012609354
0.518	 0.5815682578137443
0.519	 0.5832665427109228
0.52	 0.5849833670563798
0.521	 0.5867145322496936
0.522	 0.5884563797937471
0.523	 0.590205748463456
0.524	 0.5919595182313887
0.525	 0.5937160252104751
0.526	 0.5954736041269537
0.527	 0.5972297008592802
0.528	 0.5989830290029
0.529	 0.600733823386436
0.53	 0.602482260212573
0.531	 0.604228128760773
0.532	 0.6059715594004844
0.533	 0.6077127080223534
0.534	 0.6094515705884229
0.535	 0.6111882595833171
0.536	 0.6129231784816378
0.537	 0.6146564063323374
0.538	 0.6163881553681431
0.539	 0.6181189893765191
0.54	 0.6198494553876104
0.541	 0.6215800843831255
0.542	 0.623310834261084
0.543	 0.6250402923260313
0.544	 0.6267648061488501
0.545	 0.6284803920280677
0.546	 0.6301838630520945
0.547	 0.6318723431962736
0.548	 0.633544547889349
0.549	 0.6352009485431074
0.55	 0.6367402488021636
0.551	 0.6382608250236929
0.552	 0.6397638782852335
0.553	 0.6412511209982398
0.554	 0.6427245817198279
0.555	 0.644185955936417
0.556	 0.6456375555392007
0.557	 0.6470823217037501
0.558	 0.6485230829004875
0.559	 0.649961396092944
0.56	 0.6513992837072929
0.561	 0.6528385796534157
0.562	 0.6542805925480836
0.563	 0.6540902827073974
0.564	 0.6555704365392134
0.565	 0.6570546678597978
0.566	 0.6585434002327731
0.567	 0.6600366793933827
0.568	 0.6615345071105441
0.569	 0.6630372580984637
0.57	 0.6645450309584683
0.571	 0.6660577166988906
0.572	 0.667575007078592
0.573	 0.6690967053763329
0.574	 0.6706214974027558
0.575	 0.6721474442271554
0.576	 0.673672903850513
0.577	 0.6751972284812051
0.578	 0.6767193439905359
0.579	 0.678238250371138
0.58	 0.6797534595234731
0.581	 0.6812646040160877
0.582	 0.6827707026313973
0.583	 0.6842702857585723
0.584	 0.6857627967091108
0.585	 0.6872473672870255
0.586	 0.6887230008921498
0.587	 0.6901889108949001
0.588	 0.6916448159113311
0.589	 0.6930900234810717
0.59	 0.6945239012370755
0.591	 0.695946594509241
0.592	 0.6973580884467316
0.593	 0.6987585094742423
0.594	 0.7001472768919419
0.595	 0.7015234027705577
0.596	 0.702886043978059
0.597	 0.704235135324297
0.598	 0.7055713445352741
0.599	 0.7068953159125434
0.6	 0.7082075904499044
0.601	 0.7095083510029745
0.602	 0.7107981652422024
0.603	 0.7120779377663157
0.604	 0.7133487358531655
0.605	 0.7146116404708307
0.606	 0.7158677092510087
0.607	 0.7171175629282968
0.608	 0.7183618255150733
0.609	 0.7196019132280267
0.61	 0.7208397607517855
0.611	 0.7220773594312113
0.612	 0.7233143309923193
0.613	 0.7252637102675649
0.614	 0.7264725146209442
0.615	 0.7276732983902192
0.616	 0.7288673942603695
0.617	 0.7300551377677738
0.618	 0.7312368037325895
0.619	 0.7324122895111043
0.62	 0.7335810189038002
0.621	 0.7347427168041682
0.622	 0.7358969040729652
0.623	 0.737042720212365
0.624	 0.7381798617837863
0.625	 0.739307940262032
0.626	 0.7404267542514523
0.627	 0.7415362362083318
0.628	 0.7426359627645962
0.629	 0.743725826970089
0.63	 0.7448061442571405
0.631	 0.7458773334363785
0.632	 0.7469392750619738
0.633	 0.747991800759787
0.634	 0.7490351583829772
0.635	 0.7500703842109648
0.636	 0.7510984407085531
0.637	 0.7521200822013839
0.638	 0.7531360494630822
0.639	 0.7541469636535288
0.64	 0.755153273974636
0.641	 0.756155095607499
0.642	 0.7571526778786675
0.643	 0.7581460313691051
0.644	 0.7591353944659291
0.645	 0.7601210828196777
0.646	 0.7611030159262022
0.647	 0.7620808863695733
0.648	 0.7630547640331394
0.649	 0.7640245789622643
0.65	 0.7649896941432296
0.651	 0.7659495085085405
0.652	 0.7669035748398096
0.653	 0.7678516481813199
0.654	 0.7687937102281867
0.655	 0.769729635538412
0.656	 0.770659407722511
0.657	 0.7715836483519571
0.658	 0.7725028002847949
0.659	 0.7734171008717858
0.66	 0.7743266084512564
0.661	 0.7752313903690585
0.662	 0.7761315157603565
0.663	 0.7770268006204044
0.664	 0.7779170194123308
0.665	 0.7788014647896286
0.666	 0.7796789786097307
0.667	 0.7805496420280268
0.668	 0.7814135977660389
0.669	 0.7821022819392401
0.67	 0.7829534064782052
0.671	 0.7837972141189523
0.672	 0.7846326703774006
0.673	 0.7854594260607798
0.674	 0.7862772173680844
0.675	 0.7870860126670207
0.676	 0.7878853494117388
0.677	 0.788674582879696
0.678	 0.7894535783807913
0.679	 0.7902218258429137
0.68	 0.7909789181749577
0.681	 0.7917244994681498
0.682	 0.7924583368791673
0.683	 0.7931802344139488
0.684	 0.793889958970133
0.685	 0.7945871408750806
0.686	 0.7952716848381131
0.687	 0.795943351038179
0.688	 0.7966626383265067
0.689	 0.7973096053934557
0.69	 0.7979396647294272
0.691	 0.7985500809503676
0.692	 0.7991373474398756
0.693	 0.7996989287859623
0.694	 0.8002297685440364
0.695	 0.8007244304831754
0.696	 0.8011772951463505
0.697	 0.8015829234793951
0.698	 0.8019368432558522
0.699	 0.8022344725560612
0.7	 0.8024709806675385
0.701	 0.802643044741889
0.702	 0.8027483172539884
0.703	 0.8027848009452834
0.704	 0.8027507060823859
0.705	 0.8026455045597138
0.706	 0.8024685406134322
0.707	 0.8022197477865328
0.708	 0.8019001364773822
0.709	 0.8015102184004093
0.71	 0.8010503634583046
0.711	 0.800521309659622
0.712	 0.7999238455287198
0.713	 0.7992589888687416
0.714	 0.7985278017981081
0.715	 0.797731843567024
0.716	 0.7968722633249942
0.717	 0.795950492232993
0.718	 0.7949685733951608
0.719	 0.7939282614584918
0.72	 0.7928316026164386
0.721	 0.791680841734671
0.722	 0.7904778336332159
0.723	 0.789224563666981
0.724	 0.7879233375500014
0.725	 0.7865763173360052
0.726	 0.7851852382910971
0.727	 0.7837524172471226
0.728	 0.7822802709448473
0.729	 0.7807706090230331
0.73	 0.7792250980092853
0.731	 0.7776457338426612
0.732	 0.7760346927274654
0.733	 0.7743936676224804
0.734	 0.7727243381249337
0.735	 0.7710286301268612
0.736	 0.7693084341931684
0.737	 0.7675654730898955
0.738	 0.7657998297337749
0.739	 0.7640155060374622
0.74	 0.7622131379784581
0.741	 0.7603940625258789
0.742	 0.7585597159286318
0.743	 0.7567117762054083
0.744	 0.7548525411278441
0.745	 0.7529847744366781
0.746	 0.7511108288881192
0.747	 0.7492326895666549
0.748	 0.7473522445826548
0.749	 0.7454704368231369
0.75	 0.7435876825456506
0.751	 0.7417049101433916
0.752	 0.739822760649691
0.753	 0.7379415287957134
0.754	 0.7360613122288603
0.755	 0.7341819714593859
0.756	 0.7323036373377956
0.757	 0.7304260782785486
0.758	 0.728548730018495
0.759	 0.726671461904251
0.76	 0.7247941452129084
0.761	 0.7229165665001318
0.762	 0.7210387795876362
0.763	 0.7189028123994843
0.764	 0.7170097962205044
0.765	 0.7151167954435943
0.766	 0.7132240041452361
0.767	 0.7113316648087603
0.768	 0.7094399891435615
0.769	 0.7075490209574209
0.77	 0.7056588304229292
0.771	 0.7037698922693033
0.772	 0.7018821520555982
0.773	 0.699995970923686
0.774	 0.6981122039109401
0.775	 0.6962315690863202
0.776	 0.6943541674926499
0.777	 0.692480168555529
0.778	 0.6906103181968836
0.779	 0.688744937240094
0.78	 0.6868837792350261
0.781	 0.6850271223164023
0.782	 0.6831761247015973
0.783	 0.6813306496517635
0.784	 0.6794906948789822
0.785	 0.677656719844078
0.786	 0.6758293700588237
0.787	 0.6740090656012855
0.788	 0.6721959384601892
0.789	 0.670390270439816
0.79	 0.6685920417180247
0.791	 0.6668009472904545
0.792	 0.6650174555095059
0.793	 0.6632418342173233
0.794	 0.6614741703682434
0.795	 0.6597150502247742
0.796	 0.6579643926031309
0.797	 0.6562220318233096
0.798	 0.6544880111623559
0.799	 0.6527622778457799
0.8	 0.6510450270083691
0.801	 0.6493565320752072
0.802	 0.6476761540933387
0.803	 0.6460034851226522
0.804	 0.6443382142127638
0.805	 0.6426800183327075
0.806	 0.6410286499298978
0.807	 0.6393839372611536
0.808	 0.6377457281532495
0.809	 0.6361135827592349
0.81	 0.6344866104952558
0.811	 0.6328643607046972
0.812	 0.6312486546521058
0.813	 0.6303853492108905
0.814	 0.6287861043257644
0.815	 0.6272040517336824
0.816	 0.6256197437768268
0.817	 0.6240530958139231
0.818	 0.6224824240738089
0.819	 0.6209303364544704
0.82	 0.619373459906397
0.821	 0.617836569728004
0.822	 0.6162942267675459
0.823	 0.6147729673021614
0.824	 0.613245829296426
0.825	 0.6117407653371958
0.826	 0.6102293171275603
0.827	 0.608740935958948
0.828	 0.6072454865265291
0.829	 0.6057742942899623
0.83	 0.6042950655690007
0.831	 0.602840672016945
0.832	 0.6013771550967678
0.833	 0.5999396542152252
0.834	 0.5984918643495197
0.835	 0.5970703120930324
0.836	 0.595636861995747
0.837	 0.5942294045355992
0.838	 0.5928090797487262
0.839	 0.5914148861824731
0.84	 0.5900068748729189
0.841	 0.5886253326816827
0.842	 0.5872289166832232
0.843	 0.5858593971371294
0.844	 0.584474518681125
0.845	 0.583116747562365
0.846	 0.5817424941005974
0.847	 0.5803959387170613
0.848	 0.5790326014135234
0.849	 0.5776969818469206
0.85	 0.5763442740460519
0.851	 0.5750197711684848
0.852	 0.5736786988208092
0.853	 0.5723658445023139
0.854	 0.5710363933583279
0.855	 0.5697354296182983
0.856	 0.5684176616812741
0.857	 0.5671282358172979
0.858	 0.5658212686723849
0.859	 0.5645420913561741
0.86	 0.5632453040167964
0.861	 0.5619762930384045
0.862	 0.5606896076030441
0.863	 0.5594303410134998
0.864	 0.5581535836906639
0.865	 0.5569040126507565
0.866	 0.5556381374046326
0.867	 0.5543990391804681
0.868	 0.5531441984912028
0.869	 0.5519154683902161
0.87	 0.5506711572078391
0.871	 0.5494532328986831
0.872	 0.5482203883693908
0.873	 0.547013625180121
0.874	 0.5457923129606495
0.875	 0.5445965739824616
0.876	 0.543387161405359
0.877	 0.5422028965519252
0.878	 0.5410059401046898
0.879	 0.5398336942653365
0.88	 0.5386496358416792
0.881	 0.5374898414721451
0.882	 0.5363190508304664
0.883	 0.5351723175015386
0.884	 0.5340148082475702
0.885	 0.5328812536299052
0.886	 0.5317374627141657
0.887	 0.530616989820839
0.888	 0.5285243270222524
0.889	 0.5274193790485405
0.89	 0.526307657193235
0.891	 0.5252206287698258
0.892	 0.5241299262844462
0.893	 0.5230662893457598
0.894	 0.5220024495098504
0.895	 0.5209683103652072
0.896	 0.5199380591399423
0.897	 0.5189398633664568
0.898	 0.517949516835007
0.899	 0.5169940483588398
0.9	 0.51604941533226
0.901	 0.5151413093104306
0.902	 0.5142459488902354
0.903	 0.5133880668581927
0.904	 0.512544476808816
0.905	 0.5117379951125691
0.906	 0.5109469740417565
0.907	 0.5101929178650766
0.908	 0.5094550687207409
0.909	 0.5087536010840711
0.91	 0.5080687151370478
0.911	 0.5074199451561529
0.912	 0.5067879974316659
0.913	 0.5061913787567012
0.914	 0.5056123397091095
0.915	 0.5050675132345454
0.916	 0.5045402845802096
0.917	 0.5040460612808957
0.918	 0.5035698805194567
0.919	 0.5031251993357901
0.92	 0.5026989475733611
0.921	 0.5023020086383618
0.922	 0.50192400904823
0.923	 0.501572558009805
0.924	 0.5012402517177722
0.925	 0.5009311070692178
0.926	 0.5006415572393368
0.927	 0.5003716356205488
0.928	 0.5001206031799715
0.929	 0.4998877297142586
0.93	 0.4996719920746674
0.931	 0.49947227353424656
0.932	 0.49928763784701446
0.933	 0.4991173790686448
0.934	 0.4989605216617722
0.935	 0.4988159699025668
0.936	 0.4986828315026383
0.937	 0.49856044169026514
0.938	 0.4985385761561942
0.939	 0.49844483825583286
0.94	 0.49832108761228505
0.941	 0.4982488587476296
0.942	 0.4981364872188323
0.943	 0.49808340132484735
0.944	 0.49797981543017117
0.945	 0.4979432226161785
0.946	 0.4978459639457173
0.947	 0.4978237948242084
0.948	 0.49773132672628684
0.949	 0.4977218951978297
0.95	 0.4976341763462323
0.951	 0.4976369968031241
0.952	 0.49755305367310126
0.953	 0.4975654113446942
0.954	 0.4974846030165289
0.955	 0.4975057260637741
0.956	 0.4974287691366635
0.957	 0.4974579645633949
0.958	 0.4973845496515603
0.959	 0.49742055805475344
0.96	 0.4973505713069862
0.961	 0.4973923050923227
0.962	 0.49732491000401274
0.963	 0.4973709094615573
0.964	 0.49730556743607635
0.965	 0.49735471727736363
0.966	 0.49729091510372886
0.967	 0.49734265021471596
0.968	 0.4972803170876104
0.969	 0.49733384239875655
0.97	 0.497272360931586
0.971	 0.49732723200775897
0.972	 0.4972663556301395
0.973	 0.4973222765559035
0.974	 0.4972620566867718
0.975	 0.49731842777557594
0.976	 0.4972583210367745
0.977	 0.4973154672017091
0.978	 0.49725556991014414
0.979	 0.497312638002432
0.98	 0.49725233575029065
0.981	 0.49731005055014826
0.982	 0.4972496129379634
0.983	 0.4973065166498274
0.984	 0.4972453849784943
0.985	 0.4973027496904858
0.986	 0.4972414941555045
0.987	 0.4972982873662032
0.988	 0.4972353932995379
0.989	 0.49729110993199244
0.99	 0.49722706007205336
0.991	 0.4972821926892923
0.992	 0.4972179195463851
0.993	 0.4972720087967673
0.994	 0.4972065930035782
0.995	 0.497259159005713
0.996	 0.49719280747616185
0.997	 0.49724432125237844
0.998	 0.49717753679395876
0.999	 0.4972276667489305
1.0	 0.49715975407747026
1.001	 0.4971848959653667
1.002	 0.4970707194140837
1.003	 0.49707106208055
1.004	 0.49695655805064604
1.005	 0.4969547476920709
1.006	 0.49684017092586374
1.007	 0.49683635764163286
1.008	 0.49672190891093604
1.009	 0.49671558686025274
1.01	 0.49660074418262207
1.011	 0.49659186359267005
1.012	 0.49647700544986617
1.013	 0.4964659431326486
1.014	 0.4963668009206766
1.015	 0.4963382518191531
1.016	 0.49623796776136864
1.017	 0.496207432415955
1.018	 0.4961062948426021
1.019	 0.496073862978115
1.02	 0.4959718592587894
1.021	 0.4959378226292853
1.022	 0.49583498914049334
1.023	 0.49579946276469405
1.024	 0.4956959097106057
1.025	 0.4956588574903519
1.026	 0.49555439475494684
1.027	 0.49551575406527926
1.028	 0.4954102185742167
1.029	 0.4953698531362793
1.03	 0.49526325702633467
1.031	 0.4952212826409664
1.032	 0.4951133302491924
1.033	 0.4950694333497953
1.034	 0.49496033889041474
1.035	 0.49491485972694244
1.036	 0.49480490885143974
1.037	 0.49475821393426556
1.038	 0.4946478728954377
1.039	 0.4945997916220151
1.04	 0.4944885740108389
1.041	 0.49443899325611185
1.042	 0.49432749174297
1.043	 0.4942765203078969
1.044	 0.49416444961091033
1.045	 0.49411207086729064
1.046	 0.49399971724600295
1.047	 0.4939459361552148
1.048	 0.49383324639262277
1.049	 0.4937783990606642
1.05	 0.493666172143643
1.051	 0.49358138400054746
1.052	 0.49349849514080774
1.053	 0.49341387399697206
1.054	 0.4933303351251996
1.055	 0.4932453520356521
1.056	 0.4931609586077174
1.057	 0.49307571882033707
1.058	 0.49299107091459565
1.059	 0.4929058787595733
1.06	 0.49282119840135785
1.061	 0.4927357981847642
1.062	 0.4926508325110122
1.063	 0.49256527364748665
1.064	 0.49248052653190966
1.065	 0.49239513402594565
1.066	 0.49231076153352255
1.067	 0.49222570705331015
1.068	 0.49214170495560544
1.069	 0.49205650047927846
1.07	 0.4919727948482725
1.071	 0.49188723272710216
1.072	 0.4918034003884555
1.073	 0.4917176077789584
1.074	 0.4916347300129289
1.075	 0.49154897176617846
1.076	 0.4914667015580877
1.077	 0.4913808668348621
1.078	 0.4912991073619243
1.079	 0.49121298381650635
1.08	 0.49113168928963563
1.081	 0.49104521643168486
1.082	 0.4909639832443141
1.083	 0.49087659132284256
1.084	 0.49079516461039474
1.085	 0.49070674525455743
1.086	 0.4906252048676365
1.087	 0.49053595019984564
1.088	 0.49045475614558126
1.089	 0.4903649823569829
1.09	 0.49028397984515815
1.091	 0.4901930859051813
1.092	 0.4901115446794534
1.093	 0.4900190852940543
1.094	 0.4899369811611215
1.095	 0.4898430450735715
1.096	 0.4897607078209721
1.097	 0.48966540550200843
1.098	 0.4895825544198914
1.099	 0.4894851824402897
1.1	 0.48940083229221915
1.101	 0.48930096784206056
1.102	 0.48921524475389105
1.103	 0.4891132318427727
1.104	 0.4890261883588946
1.105	 0.48892203813020385
1.106	 0.48883367207352035
1.107	 0.4887271345875615
1.108	 0.4886366601348367
1.109	 0.488527286313882
1.11	 0.4884345423576149
1.111	 0.4883221154365061
1.112	 0.4882270733317769
1.113	 0.4881118324756025
1.114	 0.48801419150493275
1.115	 0.48789601500903806
1.116	 0.4877960127231851
1.117	 0.48767475529199067
1.118	 0.48757193418197653
1.119	 0.48744770664139914
1.12	 0.4873421711184468
1.121	 0.4872151272694906
1.122	 0.4871064891404475
1.123	 0.4869766388816579
1.124	 0.4868651986847158
1.125	 0.48673287944347937
1.126	 0.4866742235061309
1.127	 0.4864849101355632
1.128	 0.4864278802881141
1.129	 0.4862335830614576
1.13	 0.4861788118209259
1.131	 0.4859799156272926
1.132	 0.485928498376011
1.133	 0.4857258456176875
1.134	 0.4856784399984524
1.135	 0.4854727802681667
1.136	 0.4854303739738603
1.137	 0.48522239118398985
1.138	 0.4851857585730099
1.139	 0.4849814153124669
1.14	 0.48494620069736505
1.141	 0.484740415443101
1.142	 0.4847133387979611
1.143	 0.4845060257237389
1.144	 0.48448706349552456
1.145	 0.48427841335355676
1.146	 0.48426759203364217
1.147	 0.48405736561172646
1.148	 0.4840543550670459
1.149	 0.4838417149754902
1.15	 0.4838458501536299
1.151	 0.4836287719714642
1.152	 0.4836389814323545
1.153	 0.48341730539356664
1.154	 0.4834325081458803
1.155	 0.4832046860689037
1.156	 0.48322374829584913
1.157	 0.48298832771595945
1.158	 0.48301016769370453
1.159	 0.482766407296875
1.16	 0.4827901731110811
1.161	 0.48253726349272463
1.162	 0.4825622454230094
1.163	 0.48229935908725907
1.164	 0.4823248691418634
1.165	 0.48205104388966774
1.166	 0.4820765040623086
1.167	 0.48178980614907263
1.168	 0.48181479399468957
1.169	 0.48151361569628026
1.17	 0.4815378454470884
1.171	 0.48121974175342164
1.172	 0.4812429356976778
1.173	 0.4809047343947937
1.174	 0.4809265776390148
1.175	 0.48056530946568693
1.176	 0.4803994825249046
1.177	 0.4801972732109394
1.178	 0.48001553307116784
1.179	 0.4797967965454548
1.18	 0.4795966538446541
1.181	 0.4793580389172654
1.182	 0.4791367986198758
1.183	 0.4788772706123762
1.184	 0.47863258104929035
1.185	 0.4783486566603057
1.186	 0.47807823720192716
1.187	 0.4777684289554466
1.188	 0.4774701214915541
1.189	 0.4771329830792232
1.19	 0.4768049622369807
1.191	 0.4764385381236806
1.192	 0.4760795853489003
1.193	 0.47568285623130663
1.194	 0.47529202307725055
1.195	 0.4748650526580835
1.196	 0.4744420398406458
1.197	 0.47398444738473006
1.198	 0.4735298027304189
1.199	 0.47304268184196885
1.2	 0.4725576413360481
1.201	 0.4720654284530547
1.202	 0.471550882913912
1.203	 0.471054848775738
1.204	 0.4705119785981767
1.205	 0.46999079343871675
1.206	 0.4694213291215401
1.207	 0.4688767009169299
1.208	 0.468282725661415
1.209	 0.4677169067754048
1.21	 0.46710014053377
1.211	 0.46651500778532373
1.212	 0.46587725530942253
1.213	 0.4652741372848367
1.214	 0.4646172064776669
1.215	 0.4639978235290607
1.216	 0.46332337604588425
1.217	 0.46268963716535244
1.218	 0.4619988951603428
1.219	 0.46135208593819477
1.22	 0.46064626312906326
1.221	 0.4599872045267561
1.222	 0.4592674105260738
1.223	 0.4585970171128506
1.224	 0.45786433205647675
1.225	 0.4571838414930697
1.226	 0.4564392479448659
1.227	 0.45574942338158314
1.228	 0.45499348041865845
1.229	 0.45429503134311683
1.23	 0.4535283636330337
1.231	 0.4528218733651486
1.232	 0.4520451979603287
1.233	 0.4513316753722484
1.234	 0.4505456312515128
1.235	 0.4498254301741088
1.236	 0.4490307850089847
1.237	 0.44830423258302815
1.238	 0.44750142240102214
1.239	 0.4467689832201803
1.24	 0.44595833543548963
1.241	 0.4452204953816968
1.242	 0.4444023403484975
1.243	 0.4436593050921125
1.244	 0.4428340461678105
1.245	 0.4420863781253761
1.246	 0.44125454806055286
1.247	 0.4405026626606511
1.248	 0.43966460593268053
1.249	 0.43890841481570836
1.25	 0.4380643455782759
1.251	 0.4378243261548587
1.252	 0.4364542705680427
1.253	 0.43620302365257274
1.254	 0.4348348102206409
1.255	 0.43457262656910556
1.256	 0.43320736037523433
1.257	 0.43293420457573556
1.258	 0.4315728933869041
1.259	 0.4312884683312631
1.26	 0.42993203191219925
1.261	 0.42963649714023694
1.262	 0.4282866290035829
1.263	 0.4279801814466051
1.264	 0.4266383680797961
1.265	 0.4263208393221395
1.266	 0.42498853700827377
1.267	 0.42465982902573485
1.268	 0.42333872564391595
1.269	 0.4229991111163492
1.27	 0.4216910444393294
1.271	 0.4213405710788631
1.272	 0.4200470659177479
1.273	 0.4196859492005478
1.274	 0.4184081738577742
1.275	 0.41803631290962406
1.276	 0.4167757877174916
1.277	 0.4163934551508125
1.278	 0.4151515617050384
1.279	 0.4147590634099052
1.28	 0.4135368970401738
1.281	 0.4131342869985763
1.282	 0.4119327369219104
1.283	 0.4115206483819637
1.284	 0.4103410445470528
1.285	 0.40992006450805635
1.286	 0.4087633717094355
1.287	 0.408333558921823
1.288	 0.4072006293281006
1.289	 0.4067620366908792
1.29	 0.4056536078338245
1.291	 0.4052069706917021
1.292	 0.4041243948939572
1.293	 0.4036704640771119
1.294	 0.4026148277487121
1.295	 0.40215398323709906
1.296	 0.4011258551417092
1.297	 0.4006583136255755
1.298	 0.39965806396554293
1.299	 0.39918447369162086
1.3	 0.3982135811219511
1.301	 0.39750077142089146
1.302	 0.39679434031246463
1.303	 0.3960942625930613
1.304	 0.395400612441603
1.305	 0.3947134391175754
1.306	 0.39403294456799554
1.307	 0.3933593167167929
1.308	 0.3926927956770117
1.309	 0.3920335071438555
1.31	 0.391381731001797
1.311	 0.3907375967553308
1.312	 0.3901011042485709
1.313	 0.38947220279965206
1.314	 0.3888509719415298
1.315	 0.38823767971178413
1.316	 0.38763238884926643
1.317	 0.387035347522353
1.318	 0.386446737133865
1.319	 0.3858665176103594
1.32	 0.38529473610880527
1.321	 0.3847314953128351
1.322	 0.3841770117533119
1.323	 0.3836313436616077
1.324	 0.3830945044043951
1.325	 0.3825665619604578
1.326	 0.3821116903539205
1.327	 0.3815369904690299
1.328	 0.3810992569060528
1.329	 0.3805426676963351
1.33	 0.3801216496768561
1.331	 0.3795840300599329
1.332	 0.3791794429051394
1.333	 0.37866093967211634
1.334	 0.37827200336019273
1.335	 0.377772669792981
1.336	 0.37739882287113324
1.337	 0.3769190913280722
1.338	 0.37655953501551626
1.339	 0.3760992551915903
1.34	 0.3757527647514143
1.341	 0.3753118564947983
1.342	 0.3749779222030619
1.343	 0.3745562863602591
1.344	 0.3742347381901767
1.345	 0.3738320867752701
1.346	 0.3735223626419108
1.347	 0.37313829980269236
1.348	 0.37284052528905026
1.349	 0.37247495509963513
1.35	 0.37218952410129014
1.351	 0.37184211621068525
1.352	 0.371570045136805
1.353	 0.37124094235985944
1.354	 0.3709831718950978
1.355	 0.37067238160368965
1.356	 0.370430124315172
1.357	 0.3701376016721297
1.358	 0.36991195639666213
1.359	 0.36963793410411483
1.36	 0.36943026907693277
1.361	 0.3691754104743516
1.362	 0.3689870849929179
1.363	 0.36875254274055325
1.364	 0.3685858465697357
1.365	 0.36837312531640864
1.366	 0.3682302994866161
1.367	 0.36804118169140476
1.368	 0.36792471253676556
1.369	 0.3677616655429426
1.37	 0.3676745403671046
1.371	 0.36754069191016064
1.372	 0.36748695623109073
1.373	 0.36738613652307006
1.374	 0.36737035450036915
1.375	 0.3673069654269616
1.376	 0.36696631159243615
1.377	 0.36731292196956217
1.378	 0.36700956322828865
1.379	 0.3674156074473446
1.38	 0.367156257042757
1.381	 0.3676273040556556
1.382	 0.3674190169722138
1.383	 0.36796060501741884
1.384	 0.3678099112759536
1.385	 0.36842746670190823
1.386	 0.3683407715028847
1.387	 0.3690391553583216
1.388	 0.3690226538195426
1.389	 0.36980554895384193
1.39	 0.3698638791523064
1.391	 0.3707337873007754
1.392	 0.370869931985912
1.393	 0.37182810999218374
1.394	 0.37204443426061834
1.395	 0.373090908989684
1.396	 0.37338839959062925
1.397	 0.3745216277105906
1.398	 0.3748992819159315
1.399	 0.3761155819509966
1.4	 0.37657039001048903
1.401	 0.3778652860462451
1.402	 0.378394007143831
1.403	 0.37976228215405095
1.404	 0.38036099815375984
1.405	 0.3817970570395349
1.406	 0.3824610170478159
1.407	 0.38395864822837
1.408	 0.3846825544674432
1.409	 0.38623507062413565
1.41	 0.3870140406580586
1.411	 0.3886155710510259
1.412	 0.38944480161958206
1.413	 0.3910898937626477
1.414	 0.3919647862228347
1.415	 0.39364792439621576
1.416	 0.3945639687512433
1.417	 0.39628042809486613
1.418	 0.3972340945602273
1.419	 0.3989797379796117
1.42	 0.39996775702184373
1.421	 0.40173875381412844
1.422	 0.4027582720434328
1.423	 0.404551003265786
1.424	 0.4055993647319327
1.425	 0.4074109272849781
1.426	 0.4088572093040141
1.427	 0.4103136641571302
1.428	 0.41177978093578127
1.429	 0.41325503174967904
1.43	 0.41473895893395546
1.431	 0.4162311158418865
1.432	 0.41773105406164346
1.433	 0.4192383833948457
1.434	 0.4207527657186759
1.435	 0.4222737368582277
1.436	 0.4238008426307802
1.437	 0.42533364688016834
1.438	 0.4268717953430246
1.439	 0.4284150661082965
1.44	 0.4299631756686811
1.441	 0.43151579878937174
1.442	 0.43307272254111184
1.443	 0.4346337333677581
1.444	 0.4361986262856945
1.445	 0.4377671136893573
1.446	 0.43933886667189315
1.447	 0.4409136195441178
1.448	 0.4424910752397857
1.449	 0.44407105741076414
1.45	 0.4456534131400341
1.451	 0.4475515712684082
1.452	 0.44882447791118807
1.453	 0.45073814294391573
1.454	 0.45200256399964206
1.455	 0.45393074135361045
1.456	 0.4551853496407456
1.457	 0.45712677508125676
1.458	 0.45837021059048827
1.459	 0.46032392738262207
1.46	 0.46155497810610113
1.461	 0.46351962291654025
1.462	 0.4647367157285977
1.463	 0.4667106655273353
1.464	 0.46791215376744866
1.465	 0.46989377882976074
1.466	 0.4710780344961613
1.467	 0.4730653723225016
1.468	 0.4742303466664479
1.469	 0.47622149649807344
1.47	 0.47736534282745585
1.471	 0.4793587822785632
1.472	 0.48047991908464055
1.473	 0.48247396912851315
1.474	 0.4835708858780135
1.475	 0.4855638062905755
1.476	 0.48663512477317344
1.477	 0.4886252689988207
1.478	 0.48966969194358606
1.479	 0.49165568596215403
1.48	 0.4926723298702153
1.481	 0.49465348043840923
1.482	 0.4956416495885529
1.483	 0.4976164709350853
1.484	 0.4985754449567224
1.485	 0.5005426157077174
1.486	 0.5014716838587567
1.487	 0.5034302689518679
1.488	 0.504328801688723
1.489	 0.506277809416451
1.49	 0.5071454071075497
1.491	 0.5090837091366123
1.492	 0.5099199433495221
1.493	 0.5118462700132506
1.494	 0.5126509011746484
1.495	 0.5145645155193673
1.496	 0.5153373893925154
1.497	 0.5172375065152515
1.498	 0.5179785870083103
1.499	 0.5198644882994083
1.5	 0.5205733773728138
1.501	 0.5217429036652844
1.502	 0.5231201345761869
1.503	 0.5242723011788979
1.504	 0.5256182213086568
1.505	 0.5267527900304535
1.506	 0.5280672791631302
1.507	 0.5291837476192517
1.508	 0.5304663616136793
1.509	 0.5315640257260058
1.51	 0.5328145688394729
1.511	 0.5338928008187399
1.512	 0.5351107008965503
1.513	 0.5361691564943104
1.514	 0.5373547867734951
1.515	 0.5383933874028053
1.516	 0.5395467163014991
1.517	 0.5405648688809765
1.518	 0.5416856409788107
1.519	 0.5426826899655723
1.52	 0.5437709541438178
1.521	 0.5447467362809124
1.522	 0.5458025167629443
1.523	 0.5467566651366522
1.524	 0.5477798345088681
1.525	 0.5487119480664305
1.526	 0.549702430872168
1.527	 0.5506123959442786
1.528	 0.5515704128478885
1.529	 0.5524580137038816
1.53	 0.5533837074834351
1.531	 0.5542485510540947
1.532	 0.5551411471456047
1.533	 0.5559827971678615
1.534	 0.5568425232825319
1.535	 0.5576609982663663
1.536	 0.558488132995447
1.537	 0.5592832444140171
1.538	 0.5600775448314698
1.539	 0.5608493565450589
1.54	 0.5616107694860462
1.541	 0.5623594901159564
1.542	 0.5630878152273844
1.543	 0.5638133425960805
1.544	 0.5645085976860906
1.545	 0.5652111344131169
1.546	 0.5658734257610054
1.547	 0.5665534972069286
1.548	 0.5671831405068727
1.549	 0.567840821227992
1.55	 0.5684377512040009
1.551	 0.5690446275774353
1.552	 0.5696379080203453
1.553	 0.5702177323023526
1.554	 0.5707843834831546
1.555	 0.5713376691515321
1.556	 0.5718775856662804
1.557	 0.5724042404217915
1.558	 0.5729176301039268
1.559	 0.5734178733751705
1.56	 0.5739049883406684
1.561	 0.5743788153916302
1.562	 0.5748395835222095
1.563	 0.5752868991841501
1.564	 0.5757206205316637
1.565	 0.5761407836719349
1.566	 0.5765470791244073
1.567	 0.5769393193156255
1.568	 0.577317303944212
1.569	 0.5776805941987484
1.57	 0.5780289543830417
1.571	 0.5783618441251637
1.572	 0.5786785735929764
1.573	 0.5789786240002004
1.574	 0.5792612450838321
1.575	 0.5795257551717242
1.576	 0.5803403526403803
1.577	 0.5799977809997162
1.578	 0.5807477091167687
1.579	 0.580388171020685
1.58	 0.5810653830037339
1.581	 0.5806902280326041
1.582	 0.5812864976485838
1.583	 0.5808968558338186
1.584	 0.5814041504136109
1.585	 0.5810005889290294
1.586	 0.5814110915026925
1.587	 0.5809950366352935
1.588	 0.5813016326320791
1.589	 0.5808744548615894
1.59	 0.5810722201052825
1.591	 0.580634915724318
1.592	 0.5807211735740248
1.593	 0.5802748968310716
1.594	 0.5802479211618435
1.595	 0.5797937982237263
1.596	 0.5796536579411451
1.597	 0.5791927685328183
1.598	 0.5789424247029514
1.599	 0.5784760442085282
1.6	 0.5781205596720874
1.601	 0.5776493114511866
1.602	 0.5771946867339015
1.603	 0.5767197140426129
1.604	 0.5761728197796054
1.605	 0.5756950120031844
1.606	 0.5750635838192121
1.607	 0.574583557026207
1.608	 0.5738757907880696
1.609	 0.5733945261225362
1.61	 0.5726184700193968
1.611	 0.5721366239204945
1.612	 0.5712993200956722
1.613	 0.5708169963646433
1.614	 0.5699250566409692
1.615	 0.5694427535188036
1.616	 0.5685032183380493
1.617	 0.5680214415186615
1.618	 0.5670395830232422
1.619	 0.5665585426379821
1.62	 0.5655391539166978
1.621	 0.5650593793370953
1.622	 0.564007131007128
1.623	 0.563528956256592
1.624	 0.5624474831442671
1.625	 0.5619707513926668
1.626	 0.561247780656466
1.627	 0.5603877054740812
1.628	 0.5596531856792836
1.629	 0.558782709468002
1.63	 0.5580383368006263
1.631	 0.5571506964510431
1.632	 0.5563977818779657
1.633	 0.5554926452359279
1.634	 0.5547321975658149
1.635	 0.5538173468872615
1.636	 0.5530503675971943
1.637	 0.552126736420205
1.638	 0.5513545533551704
1.639	 0.5504219051343258
1.64	 0.5496454399559028
1.641	 0.5487027066386423
1.642	 0.5479227224064308
1.643	 0.5469693974565342
1.644	 0.5461864099727736
1.645	 0.5452211427811678
1.646	 0.5444357288857772
1.647	 0.5434575226170644
1.648	 0.542670635996247
1.649	 0.5416777167425907
1.65	 0.5408900639249032
1.651	 0.5398800690683544
1.652	 0.5390918675765399
1.653	 0.5380627073515182
1.654	 0.5372745501296619
1.655	 0.5362238363461181
1.656	 0.5354366352523089
1.657	 0.5343614671540108
1.658	 0.5335759867437312
1.659	 0.5324729537744078
1.66	 0.5316895674912107
1.661	 0.5305554177981614
1.662	 0.5297747271371392
1.663	 0.5286053835856404
1.664	 0.5278278786278081
1.665	 0.5266192485566099
1.666	 0.5258453876406235
1.667	 0.5245930188888689
1.668	 0.5238239460976366
1.669	 0.522523697767386
1.67	 0.5217602527429936
1.671	 0.5204078743786901
1.672	 0.5196505911715911
1.673	 0.51824253785696
1.674	 0.5174921230184083
1.675	 0.5160256485791735
1.676	 0.5148972135708599
1.677	 0.5137552412813549
1.678	 0.512599725664464
1.679	 0.5114303979018128
1.68	 0.5102476739315633
1.681	 0.509051558910679
1.682	 0.5078424278405984
1.683	 0.5066203269071361
1.684	 0.5053855498820146
1.685	 0.5041382814523648
1.686	 0.5028789247551996
1.687	 0.5016080290840441
1.688	 0.5003261859161602
1.689	 0.4990341749724221
1.69	 0.49773267227740103
1.691	 0.49642239783533004
1.692	 0.4951039295490414
1.693	 0.4937783377345728
1.694	 0.49244625647970197
1.695	 0.4911084804711271
1.696	 0.4897659643018903
1.697	 0.4884194077351697
1.698	 0.48706956286209885
1.699	 0.48571722746057744
1.7	 0.48436301158025574
1.701	 0.4826775627378685
1.702	 0.4816516514906296
1.703	 0.4799727654508273
1.704	 0.4789402263621555
1.705	 0.47727027331910526
1.706	 0.476233346817026
1.707	 0.4745742845825134
1.708	 0.4735344483557921
1.709	 0.4718873845360554
1.71	 0.47084531249237893
1.711	 0.4692115427680916
1.712	 0.46816834284280934
1.713	 0.46654855703855
1.714	 0.4655049869425746
1.715	 0.4638995979316872
1.716	 0.46285613619063065
1.717	 0.4612657521459206
1.718	 0.4602227260350499
1.719	 0.4586474448512415
1.72	 0.4576046338427038
1.721	 0.45604406999980485
1.722	 0.4550016934533865
1.723	 0.453456290980318
1.724	 0.4524149377466879
1.725	 0.4508852405316629
1.726	 0.44984526854493434
1.727	 0.4483309921273162
1.728	 0.4472919201474106
1.729	 0.44579284757363163
1.73	 0.4447550516034363
1.731	 0.44327147902442515
1.732	 0.442235541944233
1.733	 0.4407677391428295
1.734	 0.43973326392965
1.735	 0.4382808526916812
1.736	 0.4372480215974689
1.737	 0.4358111682314686
1.738	 0.43478085830986557
1.739	 0.433360522315196
1.74	 0.4323334017019347
1.741	 0.430930064308924
1.742	 0.42990685257155675
1.743	 0.4285206997038932
1.744	 0.4275016029173015
1.745	 0.4261330604657456
1.746	 0.42511869472856956
1.747	 0.42376823936875796
1.748	 0.4227592327819306
1.749	 0.4214270417661648
1.75	 0.4204239485177198
1.751	 0.4198654880829723
1.752	 0.41811418220033314
1.753	 0.4175591057191367
1.754	 0.4158293658211772
1.755	 0.41527696728595054
1.756	 0.41356930101644673
1.757	 0.413019895592382
1.758	 0.41133474691267746
1.759	 0.4107880666665628
1.76	 0.40912529287354904
1.761	 0.40858071456425554
1.762	 0.4069404732524879
1.763	 0.40639747556721406
1.764	 0.40477977904395224
1.765	 0.4042376342134915
1.766	 0.4026421909159626
1.767	 0.40209994961347456
1.768	 0.4005267825868297
1.769	 0.39998375550998616
1.77	 0.39843219448939865
1.771	 0.39788771875690254
1.772	 0.39635738290553596
1.773	 0.39581116910810094
1.774	 0.39430292771807013
1.775	 0.39375459159244236
1.776	 0.39226881875019554
1.777	 0.3917176816487449
1.778	 0.3902541810229647
1.779	 0.3896993751690149
1.78	 0.38825731890753834
1.781	 0.3876975035253355
1.782	 0.38627605022803607
1.783	 0.3857101246310898
1.784	 0.38430932040114296
1.785	 0.3837369549470355
1.786	 0.38235714143227534
1.787	 0.38177748501881925
1.788	 0.38041795380440063
1.789	 0.3798297752211692
1.79	 0.3784901485175304
1.791	 0.37789293962880527
1.792	 0.3765734025490085
1.793	 0.3759661798613489
1.794	 0.374666912657078
1.795	 0.37404903399277467
1.796	 0.3727700345814767
1.797	 0.3721410240205954
1.798	 0.37088159745172455
1.799	 0.3702405984360262
1.8	 0.3690005487053554
1.801	 0.36806312167228794
1.802	 0.36712766119817325
1.803	 0.36646223745473355
1.804	 0.36526221626295197
1.805	 0.36433220874507083
1.806	 0.36340392938133265
1.807	 0.3627125409655808
1.808	 0.36155322927290573
1.809	 0.36063077537869054
1.81	 0.3597100589072151
1.811	 0.35899202944208036
1.812	 0.3578748401036074
1.813	 0.3569609217252311
1.814	 0.35604966928282056
1.815	 0.35530629819406606
1.816	 0.35423414912880175
1.817	 0.3533297614114548
1.818	 0.352427965826103
1.819	 0.35165899164266984
1.82	 0.35063255060665754
1.821	 0.34973903126513456
1.822	 0.3488483531504628
1.823	 0.3480545698553352
1.824	 0.3470765950675706
1.825	 0.3461959230121322
1.826	 0.3453456241002682
1.827	 0.34450233628918314
1.828	 0.34360563101870756
1.829	 0.3427092225652542
1.83	 0.3418806133054437
1.831	 0.34102345942732654
1.832	 0.3402070358057367
1.833	 0.3393433111589141
1.834	 0.33856272256220415
1.835	 0.3376922013123373
1.836	 0.3369424513702075
1.837	 0.33609659471928605
1.838	 0.33534835468272234
1.839	 0.33446191201099673
1.84	 0.3337848762334625
1.841	 0.3329647018636839
1.842	 0.33225643175873376
1.843	 0.3313635939451093
1.844	 0.33076687414782596
1.845	 0.3299808459621589
1.846	 0.3293218686941108
1.847	 0.32843299751632987
1.848	 0.32792760172157315
1.849	 0.327188200050463
1.85	 0.32659139521023406
1.851	 0.3257218429828224
1.852	 0.3253221347085876
1.853	 0.32464574037015986
1.854	 0.3241278943306259
1.855	 0.3232948193230977
1.856	 0.32301881596846266
1.857	 0.3224251933734131
1.858	 0.32200689502915353
1.859	 0.32123371551607405
1.86	 0.32110445559381634
1.861	 0.3206175929584398
1.862	 0.32032402068305854
1.863	 0.3196363662604072
1.864	 0.3196801559664081
1.865	 0.31932732605933395
1.866	 0.319187979382785
1.867	 0.31861688277440064
1.868	 0.31886361072087055
1.869	 0.31867573123343695
1.87	 0.3187230454985524
1.871	 0.31830164918095377
1.872	 0.31878153149151117
1.873	 0.31878817209373905
1.874	 0.31905084063938377
1.875	 0.31880740574992866
1.876	 0.3190720286209114
1.877	 0.319761852160665
1.878	 0.3201480569233856
1.879	 0.32021381489748973
1.88	 0.3207117002696662
1.881	 0.32165719590839725
1.882	 0.3222755709753808
1.883	 0.3225523882961831
1.884	 0.3232806671912449
1.885	 0.3244734215447928
1.886	 0.3253185751722216
1.887	 0.3258024697610612
1.888	 0.3267512872934506
1.889	 0.32817394811940154
1.89	 0.3292257115595351
1.891	 0.32989589068494884
1.892	 0.3310364662530186
1.893	 0.3326517538904681
1.894	 0.33387676641946745
1.895	 0.3347027310985544
1.896	 0.3359987212447944
1.897	 0.3377681123835914
1.898	 0.33912974535068147
1.899	 0.34007701985904326
1.9	 0.3414930400747845
1.901	 0.34337983689201246
1.902	 0.3448458507964979
1.903	 0.3458853978772468
1.904	 0.3473921278988583
1.905	 0.3493667458141495
1.906	 0.350909511074557
1.907	 0.35201699767336747
1.908	 0.35358958958432357
1.909	 0.35562803877897753
1.91	 0.35722848426208836
1.911	 0.3583892648575291
1.912	 0.3600136843975008
1.913	 0.36210237086849895
1.914	 0.3637496621165889
1.915	 0.364954065397582
1.916	 0.36662146458143835
1.917	 0.3687514745801688
1.918	 0.37043687519894597
1.919	 0.37167820885232056
1.92	 0.3733813164009338
1.921	 0.37554504518258564
1.922	 0.37726458634347193
1.923	 0.37854052369419916
1.924	 0.380275142583378
1.925	 0.38246615444561155
1.926	 0.3842129753251454
1.927	 0.3859662659446406
1.928	 0.38727942548164085
1.929	 0.3894918053896046
1.93	 0.3912631828434288
1.931	 0.39303975812873493
1.932	 0.39437996656243424
1.933	 0.39660767528509133
1.934	 0.3983989300408667
1.935	 0.4001946898035083
1.936	 0.4015606016784627
1.937	 0.40379794585430256
1.938	 0.405604810417361
1.939	 0.40741453009299616
1.94	 0.40880167772237497
1.941	 0.4110422290821697
1.942	 0.4128592538722944
1.943	 0.41467817057049494
1.944	 0.41608296567207115
1.945	 0.4183214326114506
1.946	 0.4201453057919911
1.947	 0.4219700489664388
1.948	 0.4233899098622322
1.949	 0.42562095677210526
1.95	 0.42744651815921686
1.951	 0.4297001900010609
1.952	 0.43070238175193365
1.953	 0.43335769422819903
1.954	 0.4347419025350594
1.955	 0.4370113055888287
1.956	 0.4380024214358943
1.957	 0.4406594043597893
1.958	 0.4420185367905985
1.959	 0.4443005202529251
1.96	 0.44527823466122163
1.961	 0.4479329102149365
1.962	 0.4492632325856328
1.963	 0.45155496078649393
1.964	 0.452516519507149
1.965	 0.4551664843491864
1.966	 0.45646495003196946
1.967	 0.4587663477194305
1.968	 0.45970827119221497
1.969	 0.46235404015365994
1.97	 0.4636181974967596
1.971	 0.4659305753618382
1.972	 0.46685161455519675
1.973	 0.46949522307289127
1.974	 0.4707237902242123
1.975	 0.4730463975029833
1.976	 0.4739427752064825
1.977	 0.476582908225544
1.978	 0.47777252598812636
1.979	 0.4801055310155766
1.98	 0.48097458628862777
1.981	 0.48361648450833694
1.982	 0.4847670640699499
1.983	 0.4871153140393069
1.984	 0.4879546977353725
1.985	 0.4906004727973756
1.986	 0.4917084603459371
1.987	 0.4940716564859049
1.988	 0.4948785773637274
1.989	 0.49752940532243384
1.99	 0.49859273235378837
1.991	 0.5009731343554613
1.992	 0.5017449978201556
1.993	 0.5044027232061895
1.994	 0.5054184962755484
1.995	 0.5078169573829433
1.996	 0.5085502118480376
1.997	 0.5112148676126723
1.998	 0.5121799492295758
1.999	 0.5145974675828581
2.0	 0.515291443597484
2.001	 0.516967046032013
2.002	 0.51863828657214
2.003	 0.5213156029449147
2.004	 0.5219680382916979
2.005	 0.5236263129755141
2.006	 0.5252801858790573
2.007	 0.5279656812769838
2.008	 0.5285748490291817
2.009	 0.5302149446539935
2.01	 0.5318502043515921
2.011	 0.5345417679738299
2.012	 0.5351058077025113
2.013	 0.5367254354251789
2.014	 0.538339152531511
2.015	 0.5410315594789308
2.016	 0.541548830022415
2.017	 0.54314530673166
2.018	 0.5447359607800908
2.019	 0.5474290236796477
2.02	 0.5478993267406937
2.021	 0.5494717399819571
2.022	 0.5510377468485976
2.023	 0.5537280888413559
2.024	 0.5541495440985924
2.025	 0.5556952132598424
2.026	 0.5572336230710653
2.027	 0.5599170534546085
2.028	 0.5602895113965288
2.029	 0.5618064469643593
2.03	 0.5633159085518137
2.031	 0.565972247037147
2.032	 0.5662966520630468
2.033	 0.5677665830717873
2.034	 0.5692270545716365
2.035	 0.5718423921468295
2.036	 0.5721180764347101
2.037	 0.5735482929820097
2.038	 0.5749673780763777
2.039	 0.5775443035893035
2.04	 0.5777705397208339
2.041	 0.5791537958163078
2.042	 0.5805245598756288
2.043	 0.5830499481579889
2.044	 0.5832280718427201
2.045	 0.5845592003725838
2.046	 0.5858761580201205
2.047	 0.5883349654288187
2.048	 0.5884644332362243
2.049	 0.589734631981623
2.05	 0.5909877308969272
2.051	 0.5933580434004936
2.052	 0.5935107172056043
2.053	 0.5946374094453704
2.054	 0.5958152740379251
2.055	 0.5980726843487723
2.056	 0.5981639684701314
2.057	 0.5992165037029152
2.058	 0.600301376042907
2.059	 0.6024052366853533
2.06	 0.6024337468277289
2.061	 0.6033925055774988
2.062	 0.6043642629893333
2.063	 0.6062735711807247
2.064	 0.6062398418727956
2.065	 0.6070833294931236
2.066	 0.6079194710603085
2.067	 0.6095856353720537
2.068	 0.6094920683495518
2.069	 0.610195745514259
2.07	 0.6108722106278489
2.071	 0.6122465118414969
2.072	 0.61209605768088
2.073	 0.612635640552502
2.074	 0.6131312115907743
2.075	 0.6141725051242669
2.076	 0.6145328934562184
2.077	 0.6143304554683862
2.078	 0.6146316991241931
2.079	 0.6153129952898367
2.08	 0.615472751817884
2.081	 0.6152354841219156
2.082	 0.6153385352245659
2.083	 0.6156600435111171
2.084	 0.6156267918765227
2.085	 0.6153597628455547
2.086	 0.6152721518672623
2.087	 0.6152479873205562
2.088	 0.6150325876639257
2.089	 0.6147387747477815
2.09	 0.6144762524433562
2.091	 0.6141450262053686
2.092	 0.61377518329768
2.093	 0.6134615831277841
2.094	 0.6130537829262055
2.095	 0.6124709754468828
2.096	 0.6119770664376744
2.097	 0.6116462217449795
2.098	 0.6111216816590384
2.099	 0.6103414926918818
2.1	 0.6097503458347384
2.101	 0.6094046834188537
2.102	 0.6087895877003626
2.103	 0.6078593791231066
2.104	 0.6071941998083322
2.105	 0.6068348303824129
2.106	 0.6061515414542167
2.107	 0.6051125394016966
2.108	 0.604393312430875
2.109	 0.6040224454712917
2.11	 0.6032886278551821
2.111	 0.6021678242814994
2.112	 0.6014062580882303
2.113	 0.6010250499654193
2.114	 0.6002509594850614
2.115	 0.5990670440816411
2.116	 0.59827081530937
2.117	 0.5978783997867723
2.118	 0.5970723040861702
2.119	 0.5958378649104124
2.12	 0.595012840506106
2.121	 0.5946118854985668
2.122	 0.5937782186826274
2.123	 0.592498791104399
2.124	 0.5916481905453547
2.125	 0.5912393054323892
2.126	 0.5903809151905849
2.127	 0.5895168894086888
2.128	 0.5881854814003876
2.129	 0.5877709766901643
2.13	 0.5868899278242674
2.131	 0.5860040859711542
2.132	 0.5846381184470372
2.133	 0.5842197576600952
2.134	 0.583321502034124
2.135	 0.5824190925432664
2.136	 0.5810223218241611
2.137	 0.5806033544130088
2.138	 0.5796904799895423
2.139	 0.5787744579721694
2.14	 0.5773520112344827
2.141	 0.5769325869694658
2.142	 0.576006793412711
2.143	 0.5750782306615336
2.144	 0.5736313537527162
2.145	 0.5732132930406171
2.146	 0.5722767862355033
2.147	 0.5713382330648137
2.148	 0.569872238081913
2.149	 0.5694567611913413
2.15	 0.5685143131966242
2.151	 0.5675708352361245
2.152	 0.5660912824967168
2.153	 0.5656801132534786
2.154	 0.5647340994378421
2.155	 0.5637878026303921
2.156	 0.5623014108925757
2.157	 0.5618952215248544
2.158	 0.5609488046069244
2.159	 0.560002768454936
2.16	 0.5585122699998616
2.161	 0.5581123632534869
2.162	 0.5571690972590595
2.163	 0.5562263761381046
2.164	 0.5547365909709501
2.165	 0.5543439845042875
2.166	 0.5534037009938535
2.167	 0.5524645497679627
2.168	 0.5509739502118453
2.169	 0.5505881183611624
2.17	 0.5496505888634089
2.171	 0.5487135216302733
2.172	 0.5472221609641317
2.173	 0.5468418472292719
2.174	 0.5459081436854446
2.175	 0.5449756285600473
2.176	 0.5434900289484216
2.177	 0.5429609797783223
2.178	 0.5421844866193657
2.179	 0.5412553109168401
2.18	 0.5397716240575562
2.181	 0.5392404655560854
2.182	 0.5384678884034514
2.183	 0.5375380637887051
2.184	 0.5360523690722526
2.185	 0.5355177281683647
2.186	 0.5347503619258142
2.187	 0.533822884659146
2.188	 0.5323430141804514
2.189	 0.5318070271487491
2.19	 0.5310452942429176
2.191	 0.5301209980739118
2.192	 0.5286483585757163
2.193	 0.5281113582403885
2.194	 0.5273553230479929
2.195	 0.5264365870961597
2.196	 0.5249761672559632
2.197	 0.5244385528272995
2.198	 0.5236906450686657
2.199	 0.5227773755818814
2.2	 0.5213226237444678
2.201	 0.5204110729869843
2.202	 0.5196720814382083
2.203	 0.5191304018490286
2.204	 0.5176887335304683
2.205	 0.5167864592864492
2.206	 0.5160558555502789
2.207	 0.5155166942072319
2.208	 0.5140922132030491
2.209	 0.5131977026555978
2.21	 0.5124762289838477
2.211	 0.5119366160207001
2.212	 0.5105273884705299
2.213	 0.5096433139333768
2.214	 0.5089328846663274
2.215	 0.5083964402353901
2.216	 0.5070031492412949
2.217	 0.506126941493367
2.218	 0.5054285156313031
2.219	 0.5048922044674979
2.22	 0.503518188730194
2.221	 0.502655522080469
2.222	 0.5019690673846104
2.223	 0.5014381960324417
2.224	 0.5000848916481401
2.225	 0.4992340038812052
2.226	 0.4985603438172162
2.227	 0.4980322727216765
2.228	 0.49670066985932115
2.229	 0.4958624417770753
2.23	 0.4952036534130571
2.231	 0.49468169804472345
2.232	 0.4933689553106944
2.233	 0.4925459779277327
2.234	 0.4919048813127503
2.235	 0.4913927081155615
2.236	 0.490108626944976
2.237	 0.4893077036370227
2.238	 0.48868967525788304
2.239	 0.4881932641102872
2.24	 0.48694385369193566
2.241	 0.4861699136544309
2.242	 0.48557649532046493
2.243	 0.48510019687742845
2.244	 0.48388523093359875
2.245	 0.483134072522436
2.246	 0.48256398371118064
2.247	 0.48210045329346374
2.248	 0.48091853570347426
2.249	 0.480193637089891
2.25	 0.47964693201251524
2.251	 0.47920256548823387
2.252	 0.478492656097593
2.253	 0.47734988408709755
2.254	 0.4768229913836589
2.255	 0.47638751874857005
2.256	 0.4756953218781565
2.257	 0.47458194150276467
2.258	 0.47407918199958227
2.259	 0.47366108223684544
2.26	 0.47299812038200684
2.261	 0.4719296500903942
2.262	 0.4714525732643293
2.263	 0.47105310149022583
2.264	 0.47041788937661355
2.265	 0.4693838158823284
2.266	 0.46893482190066127
2.267	 0.46855115004427034
2.268	 0.4679408325811838
2.269	 0.46693989011198134
2.27	 0.46651747267422156
2.271	 0.46614825405271476
2.272	 0.4655668580990368
2.273	 0.46461573741210294
2.274	 0.4642186971299702
2.275	 0.463870004102285
2.276	 0.46331915237770416
2.277	 0.4624139484926145
2.278	 0.46204226251237335
2.279	 0.4617127492925832
2.28	 0.46119281567893455
2.281	 0.46033782772200293
2.282	 0.45999072702996474
2.283	 0.45968046499294923
2.284	 0.459191990021438
2.285	 0.45839090807261684
2.286	 0.45806623923341955
2.287	 0.4577777478865837
2.288	 0.4573207707418442
2.289	 0.4565614260566618
2.29	 0.45626004460323927
2.291	 0.4559810534632526
2.292	 0.4555472976443756
2.293	 0.4548308796606091
2.294	 0.454551390356275
2.295	 0.45428995255666366
2.296	 0.4538861644201305
2.297	 0.4532175256004156
2.298	 0.4529628312888774
2.299	 0.45272212690666985
2.3	 0.45235058014334834
2.301	 0.4518562261377397
2.302	 0.45162704244877466
2.303	 0.45152711301685744
2.304	 0.45130679507279037
2.305	 0.45097496744950405
2.306	 0.4507688374160673
2.307	 0.45067865602173585
2.308	 0.45047935360088415
2.309	 0.45018028652490605
2.31	 0.44999408348764636
2.311	 0.4499107515125423
2.312	 0.4497293702820242
2.313	 0.4494595053290875
2.314	 0.44928850801013287
2.315	 0.4492056664121676
2.316	 0.44903679290739573
2.317	 0.4487921981857073
2.318	 0.44863293936644516
2.319	 0.44854961199938786
2.32	 0.4483932457483261
2.321	 0.44817259756212485
2.322	 0.4480244478699678
2.323	 0.4479399303524296
2.324	 0.4477957345602829
2.325	 0.4476018773483635
2.326	 0.44746962331559104
2.327	 0.4473419647952644
2.328	 0.4472639804806558
2.329	 0.4471001481586098
2.33	 0.4469854968123598
2.331	 0.44687402290454165
2.332	 0.4467994786447253
2.333	 0.44666092765965704
2.334	 0.4465594172065129
2.335	 0.446461952924428
2.336	 0.44639172433688273
2.337	 0.4462786194198161
2.338	 0.4461926960552846
2.339	 0.4461108593142745
2.34	 0.44604637881277986
2.341	 0.44596119397708384
2.342	 0.44589393575373737
2.343	 0.445831115120526
2.344	 0.4457759882655893
2.345	 0.4457191578730987
2.346	 0.445669470351601
2.347	 0.4456230576373833
2.348	 0.4455735386780613
2.349	 0.445539527274349
2.35	 0.4455023132797922
2.351	 0.4454694044683291
2.352	 0.4454254726878592
2.353	 0.4454141664693469
2.354	 0.4453904431943165
2.355	 0.4453689093996216
2.356	 0.44532624124008374
2.357	 0.44533269219420973
2.358	 0.44531785568992016
2.359	 0.44530556337312593
2.36	 0.4452635442432658
2.361	 0.44528524538079856
2.362	 0.44527813199510985
2.363	 0.4452729096692226
2.364	 0.44523141835465235
2.365	 0.4452701068549257
2.366	 0.4452730626381523
2.367	 0.4452793573905317
2.368	 0.4452437622568947
2.369	 0.4453038910339116
2.37	 0.44532184287803434
2.371	 0.44534299595880705
2.372	 0.445312650156875
2.373	 0.4453909248368662
2.374	 0.4454170524626499
2.375	 0.4454454379160597
2.376	 0.445414376525988
2.377	 0.4454468984503618
2.378	 0.44554950397908655
2.379	 0.44559111133059043
2.38	 0.4455649607368171
2.381	 0.4456125820870178
2.382	 0.4457426615782672
2.383	 0.44580415739642476
2.384	 0.4457890306823397
2.385	 0.44585669736439026
2.386	 0.44601338787400246
2.387	 0.446088895470367
2.388	 0.44607673050473823
2.389	 0.44615762165012673
2.39	 0.446338536679812
2.391	 0.446428432290941
2.392	 0.446419260436111
2.393	 0.44651123950501426
2.394	 0.44671204938428716
2.395	 0.44681080335727086
2.396	 0.4468006180212823
2.397	 0.44690346856866253
2.398	 0.44712809062280684
2.399	 0.4472459816858304
2.4	 0.447248510725427
2.401	 0.4473753698241541
2.402	 0.4476326592389685
2.403	 0.44776707695116946
2.404	 0.44777118423696416
2.405	 0.4479050424412933
2.406	 0.44817563199521177
2.407	 0.4483149832991085
2.408	 0.4483166173525222
2.409	 0.4484613870444949
2.41	 0.4487566423723962
2.411	 0.44891137951151855
2.412	 0.44891686053573
2.413	 0.4490713503976717
2.414	 0.4493839723480182
2.415	 0.449550963519471
2.416	 0.4495673097968592
2.417	 0.44974606905069375
2.418	 0.4500901668128275
2.419	 0.4502736686221309
2.42	 0.4502907597419391
2.421	 0.45047343168660975
2.422	 0.4508288642805304
2.423	 0.4510213300669393
2.424	 0.4510419181863547
2.425	 0.45123816854486637
2.426	 0.45161721355480394
2.427	 0.45182027024244187
2.428	 0.4518465077268099
2.429	 0.4520594987254763
2.43	 0.4524620019764173
2.431	 0.45268715884802385
2.432	 0.45272872974163436
2.433	 0.45295977920443553
2.434	 0.4533827802412825
2.435	 0.4536190588120302
2.436	 0.45366679444192465
2.437	 0.4539065362419802
2.438	 0.4543403532862401
2.439	 0.4545830700701315
2.44	 0.45463524984496656
2.441	 0.4548753293897681
2.442	 0.4553005101159232
2.443	 0.4555403850853859
2.444	 0.455595013250071
2.445	 0.4558463671713832
2.446	 0.4562943587952972
2.447	 0.4565480302198564
2.448	 0.45660866417182766
2.449	 0.45685855102286327
2.45	 0.45729574433258335
2.451	 0.45754537205360907
2.452	 0.4578042228422003
2.453	 0.45787540655589454
2.454	 0.45834168366161504
2.455	 0.45862413008001474
2.456	 0.458910017544502
2.457	 0.45900247006590333
2.458	 0.4594782412168978
2.459	 0.4597564916367879
2.46	 0.46003048746435476
2.461	 0.4601102389156804
2.462	 0.46058596298176074
2.463	 0.4608772592638143
2.464	 0.46117711231533376
2.465	 0.4612977440161052
2.466	 0.4618121593097527
2.467	 0.4621522757789875
2.468	 0.46250963180058347
2.469	 0.46268377300288294
2.47	 0.46323882557988083
2.471	 0.46359743393011593
2.472	 0.4639510156340609
2.473	 0.4641170244005231
2.474	 0.4646625156630566
2.475	 0.46502142239220107
2.476	 0.4653815455771697
2.477	 0.46555786657278825
2.478	 0.4661090818874093
2.479	 0.4664751882863232
2.48	 0.46683605311142395
2.481	 0.4669998815605831
2.482	 0.46753525150857655
2.483	 0.46786742245212687
2.484	 0.46817555486697
2.485	 0.46826853653632655
2.486	 0.46869869795741326
2.487	 0.468956417476425
2.488	 0.46924157674250877
2.489	 0.46939121955724317
2.49	 0.4699377818261566
2.491	 0.47029237857223954
2.492	 0.47063918771850416
2.493	 0.47077831433804546
2.494	 0.4713101879469368
2.495	 0.47163431062016953
2.496	 0.47193626517926657
2.497	 0.47213503561734144
2.498	 0.47260804877431234
2.499	 0.47283336597112097
2.5	 0.0
