2.501	 1.0
2.503	 0.46542718217050294
2.504	 0.46639875454073704
2.505	 0.46578503453103876
2.506	 0.46522517209684333
2.507	 0.46480525907732484
2.509	 0.4645091650926714
2.51	 0.4641545613861044
2.511	 0.46388729379335386
2.512	 0.46384911515685967
2.514	 0.462761132911005
2.515	 0.46207877992741464
2.516	 0.46198987833408084
2.517	 0.46150390105803685
2.518	 0.46151610432284507
2.52	 0.4604598262509577
2.521	 0.46030355238895254
2.522	 0.4596303401312015
2.523	 0.45854273321738587
2.525	 0.458405497047803
2.526	 0.4578751551303485
2.527	 0.45726513213324854
2.528	 0.4570480386176218
2.53	 0.4558869838036686
2.531	 0.4552332808341174
2.532	 0.4549937471027774
2.533	 0.4544504246285995
2.534	 0.45441609872215305
2.536	 0.4533129758293722
2.537	 0.4526123209079604
2.538	 0.45240995001463435
2.539	 0.4512029650355035
2.541	 0.45087740370145457
2.542	 0.45010005756595123
2.543	 0.4494200776525573
2.544	 0.44913473580157814
2.546	 0.4480035948871537
2.547	 0.4472422614548709
2.548	 0.44690912834139024
2.549	 0.44613366784683595
2.551	 0.4449968112910234
2.552	 0.44425091353129986
2.553	 0.44392987583514404
2.554	 0.4436153926400063
2.556	 0.4424097003973529
2.557	 0.44201427763673345
2.558	 0.44117438603480674
2.559	 0.4402942631479764
2.561	 0.4394178268181828
2.562	 0.4385771907910345
2.563	 0.4377917127124299
2.565	 0.4369980298493803
2.566	 0.4365844086455381
2.567	 0.435361009773593
2.568	 0.43483494514271426
2.57	 0.4339378393805231
2.571	 0.4330867872274884
2.572	 0.43223261794573903
2.573	 0.4317578200847165
2.575	 0.4305825488747404
2.576	 0.42976461377575936
2.577	 0.4292965034907375
2.579	 0.4281020048734589
2.58	 0.42722740024896366
2.581	 0.42671077583524786
2.582	 0.42619688275819595
2.584	 0.42500842979343134
2.585	 0.42452583166476077
2.586	 0.42375514119896246
2.588	 0.42262703141083624
2.589	 0.42209495318004275
2.59	 0.42123422540858385
2.591	 0.42040497158231105
2.593	 0.4195940829063715
2.594	 0.4191016958373795
2.595	 0.41807320354246114
2.597	 0.4176562090559038
2.598	 0.4168856600603679
2.599	 0.4160879936206109
2.601	 0.4152772565724989
2.602	 0.41449970270171466
2.603	 0.41375637400509296
2.604	 0.41305371844514677
2.606	 0.4126161861705894
2.607	 0.41195000858388603
2.608	 0.4112862411442223
2.61	 0.41060825665772926
2.611	 0.40991989328183714
2.612	 0.40922218362175145
2.614	 0.4087900690550151
2.615	 0.40791468411409765
2.616	 0.40752459204712
2.618	 0.40697829775729205
2.619	 0.40643630040386075
2.62	 0.40591915567746506
2.622	 0.40539981468968955
2.623	 0.4048261696345369
2.624	 0.4042256835158229
2.626	 0.4038411712759005
2.627	 0.4033521106794586
2.628	 0.4028893063965543
2.63	 0.40241930440654056
2.631	 0.40216291032844553
2.632	 0.401619232837321
2.634	 0.4013564759629862
2.635	 0.4009632196320195
2.636	 0.4005716975263406
2.638	 0.4001571340999629
2.639	 0.39971452965686405
2.64	 0.39925702704082855
2.642	 0.39883398106701307
2.643	 0.39858523942141033
2.644	 0.39810337697232584
2.646	 0.3978668802141053
2.647	 0.3975517899859521
2.648	 0.3972689877353661
2.65	 0.3970137633339202
2.651	 0.39688497687453794
2.652	 0.39664911527687174
2.654	 0.3965535831663245
2.655	 0.39637560675747907
2.657	 0.39621172281135847
2.658	 0.3960675236101378
2.659	 0.39599041959526826
2.661	 0.39585088060317586
2.662	 0.3958289958349019
2.663	 0.39577892244393253
2.665	 0.3957686252710513
2.666	 0.3957679257562866
2.667	 0.39579005559256786
2.669	 0.3958239700553347
2.67	 0.3958777945567293
2.672	 0.3959320286200299
2.673	 0.39604982740818534
2.674	 0.39613677004709036
2.676	 0.3961820231296958
2.677	 0.3962865663504762
2.678	 0.39640495197982145
2.68	 0.3965445925677631
2.681	 0.3967170324295794
2.683	 0.3969161130292774
2.684	 0.3971117857139651
2.685	 0.39733003840701003
2.687	 0.39755993198672895
2.688	 0.39777298875271183
2.69	 0.39801089336639894
2.691	 0.39824615385032863
2.692	 0.39850344751664485
2.694	 0.3987719450281595
2.695	 0.3991055048706717
2.697	 0.3994954163047817
2.698	 0.3998145397484112
2.699	 0.40013130446752865
2.701	 0.40074045224336025
2.702	 0.4011108924556316
2.704	 0.40194585815516126
2.705	 0.40258561613257965
2.706	 0.40318719063567765
2.708	 0.40392475549290846
2.709	 0.4045623731742037
2.711	 0.40523093945392363
2.712	 0.40616734084357264
2.713	 0.4066403622069604
2.715	 0.40733366551791955
2.716	 0.4082913120406785
2.718	 0.40920304523196466
2.719	 0.4097021049819591
2.721	 0.41078551156982923
2.722	 0.41150028043399584
2.723	 0.41194623295427774
2.725	 0.4130345048547963
2.726	 0.4137934713755383
2.728	 0.41495533228668124
2.729	 0.4154173486466027
2.731	 0.4161542299631513
2.732	 0.41718654098375496
2.734	 0.41822774511476407
2.735	 0.41869710295359236
2.736	 0.4195714351089497
2.738	 0.42068415318379704
2.739	 0.42119235967902646
2.741	 0.4224285571709802
2.742	 0.4232317767637388
2.744	 0.42434011596024807
2.745	 0.42471956279019174
2.747	 0.4255278725946673
2.748	 0.42675142532519295
2.749	 0.42750788469896295
2.751	 0.4279413852998045
2.752	 0.42880241570829486
2.754	 0.4304571765965552
2.755	 0.43092316094263616
2.757	 0.4322795012440877
2.758	 0.43314941105614846
2.76	 0.4340496444234922
2.761	 0.4350303395515801
2.763	 0.4359180089469793
2.764	 0.43688801698401014
2.766	 0.43828393740978494
2.767	 0.43868462782055934
2.769	 0.44018404671026534
2.77	 0.44106191288315694
2.772	 0.4419950413020468
2.773	 0.44351145004543563
2.774	 0.4438992973506833
2.776	 0.4448472173064395
2.777	 0.4463513366833427
2.779	 0.44682983063133636
2.78	 0.4478040723556537
2.782	 0.4499539187182365
2.783	 0.4503746403921473
2.785	 0.45193579026840597
2.786	 0.45284259787116016
2.788	 0.45325484029165375
2.789	 0.4548656267946464
2.791	 0.4558473231166144
2.792	 0.45677447049652403
2.794	 0.4583543330059724
2.795	 0.45873431945690857
2.797	 0.4602410956244455
2.798	 0.4611671442907215
2.8	 0.4621546917694961
2.801	 0.46315629556427534
2.803	 0.4641217064234164
2.804	 0.46512419797944254
2.806	 0.4667702355972458
2.808	 0.46765292318794377
2.809	 0.4685900841259716
2.811	 0.46954281062175285
2.812	 0.47051596865459633
2.814	 0.4721171491630466
2.815	 0.4724132683379587
2.817	 0.4739701067360582
2.818	 0.4748556411385768
2.82	 0.47570902928029696
2.821	 0.47654467457413063
2.823	 0.47738092200606114
2.824	 0.4782644588114646
2.826	 0.47974868185171665
2.827	 0.4805464112422701
2.829	 0.48143424806737245
2.831	 0.4828011416641204
2.832	 0.4830459578600274
2.834	 0.48441429819071524
2.835	 0.4851683019184642
2.837	 0.4859953855514605
2.838	 0.4868533093429748
2.84	 0.4877046796859635
2.841	 0.48861527050614156
2.843	 0.4899670811012752
2.844	 0.4901935789178804
2.846	 0.49149970233000667
2.848	 0.49220648020875174
2.849	 0.4928813345259245
2.851	 0.49397890194491945
2.852	 0.4940917693574983
2.854	 0.49519057503168656
2.855	 0.4957821693186842
2.857	 0.4964064203894393
2.859	 0.49742065775213506
2.86	 0.4975099971481559
2.862	 0.498391321978534
2.863	 0.4988319089385746
2.865	 0.4993276909874371
2.866	 0.4997747329612006
2.868	 0.5002150922713088
2.87	 0.5009989303620115
2.871	 0.501059742213957
2.873	 0.5017831476866469
2.874	 0.5022110730180668
2.876	 0.5022961150403915
2.878	 0.5033535958656413
2.879	 0.5033903728549556
2.881	 0.5037448928225633
2.882	 0.5040565598337585
2.884	 0.5043285931224715
2.886	 0.5048537341072614
2.887	 0.5051374159983149
2.889	 0.5054423548562725
2.89	 0.5056954056828288
2.892	 0.5059284704510812
2.894	 0.5063509511618437
2.895	 0.5064803290351191
2.897	 0.5064858484223954
2.899	 0.5069106500849009
2.9	 0.5069291334846835
2.902	 0.5071973700237689
2.903	 0.5072299500779842
2.905	 0.5073459924605181
2.907	 0.5074946137954842
2.908	 0.5074336211157939
2.91	 0.507502283567081
2.912	 0.5075476703614078
2.913	 0.5075731101412249
2.915	 0.5076492342265584
2.916	 0.5076645469191738
2.918	 0.5077465313882228
2.92	 0.5077300346436601
2.921	 0.5077241596783031
2.923	 0.507784487166797
2.925	 0.5077574997006133
2.926	 0.5076910676386162
2.928	 0.5076405943868115
2.93	 0.5076042130552728
2.931	 0.5076739128039169
2.933	 0.5077149058281438
2.935	 0.5076702828243069
2.936	 0.5076480115564911
2.938	 0.507609432224815
2.94	 0.5076018298593344
2.941	 0.5076232739542778
2.943	 0.5076035393912396
2.945	 0.5076703209629112
2.946	 0.5076920306915317
2.948	 0.5076272112945758
2.95	 0.5075875545621231
2.951	 0.5075447927346564
2.953	 0.5074610731730278
2.955	 0.5073626606147595
2.956	 0.5073615696126673
2.958	 0.5073132624940118
2.96	 0.5073097038480922
2.961	 0.5072585412040802
2.963	 0.5070793622240314
2.965	 0.5069618045984999
2.967	 0.5068869435151255
2.968	 0.5068467154942593
2.97	 0.5067341906124262
2.972	 0.5066837378275972
2.973	 0.5066175150640875
2.975	 0.5065058525098185
2.977	 0.5064290261054105
2.978	 0.5063287542315571
2.98	 0.5061535816594128
2.982	 0.5060443054288969
2.984	 0.5059735974308313
2.985	 0.5059112020415215
2.987	 0.5058260171733353
2.989	 0.5057105904024104
2.99	 0.5056325592959896
2.992	 0.5055468172568418
2.994	 0.5054649240953201
2.996	 0.5054574933065517
2.997	 0.5054843820297913
2.999	 0.5054361487289988
3.001	 0.5053547597281203
3.003	 0.5051508051052499
3.004	 0.5050042581413686
3.006	 0.5048798551468159
3.008	 0.5046850726860355
3.01	 0.5045290927444365
3.011	 0.5044005511679432
3.013	 0.5042866007558532
3.015	 0.5041127535482511
3.017	 0.504079654709082
3.018	 0.5039856586634722
3.02	 0.5038451190150519
3.022	 0.5037928085148745
3.024	 0.5036787341339072
3.025	 0.5036950088595863
3.027	 0.5035480505615192
3.029	 0.5035162881850412
3.031	 0.5032880501504878
3.032	 0.5032149359697038
3.034	 0.5031414442876646
3.036	 0.5029495077254358
3.038	 0.502781456024442
3.04	 0.5025132593059898
3.041	 0.502453350346636
3.043	 0.5021663599489532
3.045	 0.5020597693545191
3.047	 0.5019402430535573
3.048	 0.5018783488641707
3.05	 0.5018275343005928
3.052	 0.5017378862233801
3.054	 0.5016677473083473
3.056	 0.5014926021563464
3.057	 0.501444056085983
3.059	 0.5012781740784912
3.061	 0.5012573813287579
3.063	 0.5011657878946028
3.065	 0.5011065764228277
3.067	 0.5008977811844595
3.068	 0.5008540452167969
3.07	 0.5008269694768879
3.072	 0.5006041272469706
3.074	 0.5005204560924349
3.076	 0.500284447806146
3.077	 0.5002191699661301
3.079	 0.5000257644871957
3.081	 0.49988065196478765
3.083	 0.49981143656303717
3.085	 0.4997376179086981
3.087	 0.4995548536703406
3.088	 0.4994579937041456
3.09	 0.49938296413326105
3.092	 0.4991895602514924
3.094	 0.49912989518949563
3.096	 0.4990018532934199
3.098	 0.4988975370218397
3.1	 0.49873781753130964
3.101	 0.4986778838775162
3.103	 0.49849814034263734
3.105	 0.4984342454293198
3.107	 0.4983240836861113
3.109	 0.49832209162218116
3.111	 0.49816916715558063
3.113	 0.49809116351469235
3.114	 0.49801614991152465
3.116	 0.497867339077569
3.118	 0.4978320476810247
3.12	 0.497620317738043
3.122	 0.4975231621611646
3.124	 0.4973261952190284
3.126	 0.49728898327389975
3.128	 0.49716446283843185
3.129	 0.4971732789111519
3.131	 0.49705426343524733
3.133	 0.4969368668982258
3.135	 0.49685009611578396
3.137	 0.49670501812922796
3.139	 0.49656555025122473
3.141	 0.4963571412624602
3.143	 0.49621234055769914
3.145	 0.49601197431307603
3.147	 0.4958846852840124
3.148	 0.49577003723273344
3.15	 0.4957588466882041
3.152	 0.49553559775251393
3.154	 0.4955045481102264
3.156	 0.4951878239412459
3.158	 0.4951781186723444
3.16	 0.4949964447348555
3.162	 0.49489309710430884
3.164	 0.4947621586596277
3.166	 0.4945893787558284
3.168	 0.49440924195573793
3.17	 0.4942671799327026
3.172	 0.49407159828125224
3.173	 0.4940543434124039
3.175	 0.4938568838867597
3.177	 0.4936134257949981
3.179	 0.4934298952352191
3.181	 0.49321781355360333
3.183	 0.493153364038309
3.185	 0.49275019068801146
3.187	 0.49265233957740434
3.189	 0.4922906614091504
3.191	 0.49218664806171225
3.193	 0.49196859999790793
3.195	 0.4916766595557662
3.197	 0.49131239114243186
3.199	 0.4910180874276492
3.201	 0.490757177367983
3.203	 0.4906644650225434
3.205	 0.4904729473555844
3.207	 0.490463712509222
3.209	 0.4904451971052043
3.211	 0.49045397192775436
3.213	 0.4904788998683509
3.215	 0.4905354967920381
3.217	 0.4906290299106692
3.219	 0.49081144203541743
3.221	 0.49110214531425445
3.223	 0.49103190146761394
3.225	 0.49188838989049927
3.227	 0.49183737204975314
3.229	 0.49238315197067695
3.231	 0.49295513099285426
3.233	 0.4935520449926544
3.235	 0.4940876990323819
3.237	 0.4945390709737741
3.239	 0.49454440103340974
3.241	 0.49524298347148793
3.243	 0.49525878556982916
3.245	 0.4959132561654248
3.247	 0.49589569487503943
3.249	 0.49615012124582747
3.251	 0.4963868313417706
3.253	 0.4966478656005075
3.255	 0.49670102995235843
3.257	 0.4972277461257688
3.259	 0.4972655178334004
3.261	 0.49748535852592174
3.263	 0.4977103391376233
3.265	 0.4980059263017111
3.267	 0.4982273890583536
3.27	 0.4984992472645903
3.272	 0.49873714006978587
3.274	 0.4990017052397874
3.276	 0.4990706730356428
3.278	 0.49931014494910514
3.28	 0.4995233748384122
3.282	 0.4997046418373394
3.284	 0.4998234565401048
3.286	 0.49995700685370376
3.288	 0.5001251816416074
3.29	 0.500300736458093
3.292	 0.5004144565245452
3.294	 0.5005924155616566
3.297	 0.5007997383292573
3.299	 0.5009168731536788
3.301	 0.5012434186854741
3.303	 0.5012860010750587
3.305	 0.5016077426857357
3.307	 0.5020204324913443
3.309	 0.5026195760849952
3.311	 0.5027762602052941
3.313	 0.5039531563425222
3.316	 0.5041479283798995
3.318	 0.5050692352476055
3.32	 0.5052438203697119
3.322	 0.5057655532075384
3.324	 0.5061545100537364
3.326	 0.5066372141148465
3.328	 0.5068363326278243
3.33	 0.507424689122579
3.333	 0.5078590747286664
3.335	 0.5081451278593776
3.337	 0.5087465908183639
3.339	 0.5090393232776415
3.341	 0.5095285137401379
3.343	 0.5099949099092173
3.345	 0.5104369212151837
3.348	 0.5108733563712565
3.35	 0.5113690745955436
3.352	 0.5117340059892262
3.354	 0.5123046234976978
3.356	 0.5126760282502629
3.358	 0.5131742332330947
3.361	 0.5137106599316419
3.363	 0.5141281630195171
3.365	 0.5146726929779725
3.367	 0.5152454950210815
3.369	 0.5158118550570404
3.372	 0.5163640278346855
3.374	 0.5169845410564111
3.376	 0.5175591024564089
3.378	 0.5181657960022064
3.38	 0.5187755877978364
3.383	 0.5194617331182857
3.385	 0.520055721024471
3.387	 0.5207924104222277
3.389	 0.5213071452216853
3.391	 0.5220251381091595
3.394	 0.5226481151551144
3.396	 0.5233490519791604
3.398	 0.5240486505976483
3.4	 0.524733790688157
3.403	 0.5254532982736938
3.405	 0.5259147228900475
3.407	 0.5264229757207166
3.409	 0.5267549607138132
3.411	 0.5270319915205048
3.414	 0.5270939197891685
3.416	 0.5271864879688163
3.418	 0.5271099402291265
3.42	 0.5268644809727555
3.423	 0.5264724341531674
3.425	 0.5257833222599012
3.427	 0.5250608097954862
3.43	 0.5241463268767098
3.432	 0.523214497216629
3.434	 0.5223583242877755
3.436	 0.5216645533325102
3.439	 0.5211531187262499
3.441	 0.520718439213544
3.443	 0.5203353181048042
3.445	 0.5199273559548818
3.448	 0.5195811686189137
3.45	 0.5192258168987891
3.452	 0.5189487553011345
3.455	 0.5186704389911909
3.457	 0.518430775043397
3.459	 0.5182204542799075
3.462	 0.5180283196929113
3.464	 0.5178473290180141
3.466	 0.5176777530092566
3.469	 0.5175611196761598
3.471	 0.5174222075427726
3.473	 0.5173142296535754
3.476	 0.517249766472112
3.478	 0.5172256439209195
3.48	 0.5172074172577689
3.483	 0.5172411976930976
3.485	 0.5172908265863699
3.487	 0.5173668644306901
3.49	 0.5173731053457603
3.492	 0.5175047384957342
3.494	 0.5175924607988308
3.497	 0.5177076346989052
3.499	 0.5176707622376179
3.501	 0.5177003853250078
3.504	 0.5175054788906608
3.506	 0.5171214493949836
3.508	 0.5164740486390049
3.511	 0.5155246718177044
3.513	 0.5147319504956198
3.516	 0.5138518180128421
3.518	 0.5133625380877734
3.52	 0.5127421208777238
3.523	 0.5123874516970285
3.525	 0.5119596557406073
3.528	 0.5114324103782427
3.53	 0.5112343314266368
3.532	 0.5109396067486712
3.535	 0.5104439027696561
3.537	 0.5103118708156908
3.54	 0.5098381776588842
3.542	 0.5095637174823402
3.544	 0.5092433822711524
3.547	 0.5091199660323282
3.549	 0.5088209955123506
3.552	 0.508436730226104
3.554	 0.5083871323897071
3.557	 0.5079347411543059
3.559	 0.5077310148724061
3.561	 0.5077929081571934
3.564	 0.5072860231473607
3.566	 0.5069077989470465
3.569	 0.5066256562059157
3.571	 0.5064738314456604
3.574	 0.5061342136144964
3.576	 0.5055269301447082
3.579	 0.505370360839312
3.581	 0.5049944736759996
3.584	 0.5047028099267095
3.586	 0.5043867844456607
3.589	 0.5037342361790679
3.591	 0.5034730940979072
3.594	 0.5036248805168636
3.596	 0.5029203151778255
3.599	 0.5026376303839207
3.601	 0.502288925639568
3.604	 0.502197727465377
3.606	 0.5019154932016225
3.609	 0.5015046510398052
3.611	 0.5015211505001161
3.614	 0.501775471265292
3.616	 0.501691275388924
3.619	 0.5018057580305626
3.621	 0.5019262173045864
3.624	 0.5024011947421467
3.626	 0.5027417980790388
3.629	 0.5033236695568118
3.631	 0.5039403644411983
3.634	 0.5045226290865544
3.636	 0.5052248473915467
3.639	 0.5054593604857335
3.641	 0.5057902037501929
3.644	 0.5062364326002894
3.647	 0.5064624771731544
3.649	 0.5068286455001434
3.652	 0.5073414389908816
3.654	 0.5074458388250668
3.657	 0.5076958833561236
3.659	 0.5079304293511399
3.662	 0.5081640083679471
3.665	 0.5083638856493023
3.667	 0.5084110286033396
3.67	 0.5085635401846951
3.672	 0.5087154359667901
3.675	 0.5088306506565896
3.678	 0.5089149261334692
3.68	 0.5089035734130445
3.683	 0.5091077946840693
3.685	 0.5090527296081889
3.688	 0.5091205619465752
3.691	 0.5091529820748673
3.693	 0.5091846563925905
3.696	 0.509262025694652
3.699	 0.5092651191867191
3.701	 0.5093313580655668
3.704	 0.5096282966045605
3.707	 0.5100255732669491
3.709	 0.5105289026966541
3.712	 0.5110899256954154
3.715	 0.511578573837933
3.717	 0.511953365174866
3.72	 0.5123819569190533
3.723	 0.5125869336306221
3.725	 0.5129191234944921
3.728	 0.51313014262037
3.731	 0.5132489010784059
3.733	 0.5134177712492881
3.736	 0.513588583014828
3.739	 0.5137403277493663
3.741	 0.5138645465411372
3.744	 0.5139327532644646
3.747	 0.5140217120695445
3.749	 0.5140867282568883
3.752	 0.5140915056284121
3.755	 0.5140641613707748
3.758	 0.5140616030540215
3.76	 0.5140635325808783
3.763	 0.5140572572117599
3.766	 0.5140930033666522
3.769	 0.514150259625259
3.771	 0.5142163629291946
3.774	 0.5141017833279915
3.777	 0.5141573047673873
3.779	 0.5141337041021474
3.782	 0.5141677839969097
3.785	 0.5142150173287608
3.788	 0.5142426261997841
3.791	 0.5142384288645305
3.793	 0.5142179430921496
3.796	 0.514210419387607
3.799	 0.5142127169561599
3.802	 0.5141256315994803
3.804	 0.5141086831045825
3.807	 0.51398139725947
3.81	 0.513893637076582
3.813	 0.5137657958115677
3.816	 0.5136536200013074
3.818	 0.5135949448916749
3.821	 0.5134904821775407
3.824	 0.51344870088389
3.827	 0.513253393964721
3.83	 0.5131223165028329
3.833	 0.5129932602874699
3.835	 0.5128589960638177
3.838	 0.512739823859139
3.841	 0.5124849892623762
3.844	 0.5124254325361113
3.847	 0.5121284946895631
3.85	 0.5119035002836869
3.852	 0.5118089503383876
3.855	 0.5115256919616219
3.858	 0.511341426689777
3.861	 0.5111190192223131
3.864	 0.5109083257649852
3.867	 0.5106074272070894
3.87	 0.5104343519492678
3.873	 0.5102552147178213
3.876	 0.5100956254204395
3.878	 0.5099280209163024
3.881	 0.5097566215379152
3.884	 0.5095288305886364
3.887	 0.5092516540983191
3.89	 0.508982993072821
3.893	 0.5087820081432551
3.896	 0.5085410302271023
3.899	 0.5080704975113636
3.902	 0.5077226505614876
3.905	 0.5073796430969977
3.908	 0.5070736782876037
3.911	 0.5068051312895017
3.914	 0.5065484023714203
3.917	 0.5063191714015388
3.919	 0.5060848627957057
3.922	 0.5058032014814202
3.925	 0.5055618190990989
3.928	 0.5053254036023196
3.931	 0.504983938439574
3.934	 0.5047586770991134
3.937	 0.5045171913489472
3.94	 0.5042694972294829
3.943	 0.5040367862874955
3.946	 0.5038025968761051
3.949	 0.5035244375341842
3.952	 0.5032625565319573
3.955	 0.5030556492140308
3.958	 0.502843574797546
3.961	 0.5026517273729951
3.964	 0.502445634991366
3.967	 0.5022091337381025
3.97	 0.5019421093056285
3.974	 0.5015777842435627
3.977	 0.50137951693496
3.98	 0.5010047015410178
3.983	 0.5006906457299167
3.986	 0.5003937873730744
3.989	 0.5002491573071102
3.992	 0.5000044928453403
3.995	 0.49976709906722433
3.998	 0.4995072615568281
4.001	 0.49922971233885016
4.004	 0.4989934547541981
4.007	 0.4988108200942193
4.01	 0.4986331951983062
4.014	 0.49839016490818916
4.017	 0.4982167139597175
4.02	 0.49803393459617445
4.023	 0.49789410823078045
4.026	 0.49775051970133216
4.029	 0.4976099664816226
4.032	 0.49738680059640594
4.035	 0.49708988681043476
4.039	 0.4969727596483777
4.042	 0.4968764941212971
4.045	 0.4967028159621473
4.048	 0.4965407433246373
4.051	 0.4963907026936462
4.054	 0.4961929967585632
4.057	 0.4959942616776992
4.061	 0.4958958243967957
4.064	 0.4957477977226976
4.067	 0.49559590663080527
4.07	 0.49538171025584843
4.073	 0.495129176681929
4.077	 0.49486696960132376
4.08	 0.49462372128390525
4.083	 0.4944674955336309
4.086	 0.4943976780792136
4.089	 0.49430538844633515
4.093	 0.49424806738339405
4.096	 0.4941152949425256
4.099	 0.49400698248269165
4.102	 0.4939043566084471
4.106	 0.4937983023694225
4.109	 0.49364191501981913
4.112	 0.49342075359523657
4.115	 0.4932093512642253
4.119	 0.49298038040694586
4.122	 0.49276690876781476
4.125	 0.4927397740909664
4.129	 0.4922980672368375
4.132	 0.4922380448231789
4.135	 0.4919799266974098
4.138	 0.4917633405376946
4.142	 0.4915559652381187
4.145	 0.4913129373011921
4.148	 0.4910739171222276
4.152	 0.49084749104049424
4.155	 0.4906058001114558
4.158	 0.4903705802269188
4.162	 0.49010890790875045
4.165	 0.490061060460092
4.168	 0.4898011020501408
4.172	 0.48956389031698583
4.175	 0.489356762306945
4.178	 0.489141274615447
4.182	 0.4889553767475739
4.185	 0.48875744380945196
4.189	 0.48854928594741204
4.192	 0.4883357685055768
4.195	 0.4881119903215242
4.199	 0.4878728099064768
4.202	 0.48785602147884694
4.206	 0.48730189754188685
4.209	 0.48718280339160525
4.212	 0.4867911181701168
4.216	 0.4864214833747722
4.219	 0.48605278741127217
4.223	 0.4856778254381941
4.226	 0.48519312363684597
4.23	 0.4847869669055665
4.233	 0.4845004579800753
4.236	 0.4843083373130311
4.24	 0.4838144662788723
4.243	 0.4831818170137654
4.247	 0.4830226173200271
4.25	 0.48264430286533705
4.254	 0.4822908217103826
4.257	 0.48197659477403254
4.261	 0.4817073502308256
4.264	 0.4813592314176597
4.268	 0.48109531833060276
4.271	 0.48087392228394177
4.275	 0.4806716368760809
4.278	 0.4806503853833591
4.282	 0.48031717731097945
4.285	 0.47990321465326513
4.289	 0.47950625475354025
4.293	 0.4792979207354727
4.296	 0.47905102613694095
4.3	 0.47881470524143777
4.303	 0.4785710364526092
4.307	 0.4783276956691796
4.31	 0.47815926788453833
4.314	 0.4780415417922839
4.318	 0.47797487799004884
4.321	 0.4780112716143929
4.325	 0.47801273442879344
4.328	 0.4778666891525669
4.332	 0.47792804718677045
4.336	 0.47785832934979505
4.339	 0.47780949802705514
4.343	 0.47783960571060013
4.347	 0.47788651578715063
4.35	 0.4779276414341136
4.354	 0.4779781928035264
4.358	 0.4780192604457641
4.361	 0.47815906590204466
4.365	 0.47835369262717914
4.369	 0.4784731635023919
4.372	 0.47853764851921665
4.376	 0.4786033974181617
4.38	 0.478709479406339
4.383	 0.47882508393056644
4.387	 0.4789181471281293
4.391	 0.4789824821505208
4.394	 0.4790457091894242
4.398	 0.47913990484703395
4.402	 0.47942585476671407
4.406	 0.4794943952361582
4.409	 0.48004403404175433
4.413	 0.48036468621164485
4.417	 0.4806706021251477
4.421	 0.48096609745160024
4.424	 0.48130405181328956
4.428	 0.48169931045328274
4.432	 0.48195252611450506
4.436	 0.48246510212261046
4.44	 0.48280768029121224
4.443	 0.4828399330034366
4.447	 0.4834306088475533
4.451	 0.48383060378456083
4.455	 0.48415201940747227
4.459	 0.48445274069065963
4.463	 0.48472765872776685
4.466	 0.48492861254535313
4.47	 0.4851250509849696
4.474	 0.4853778192416614
4.478	 0.48590044488558165
4.482	 0.48628427228850657
4.486	 0.4866766343183938
4.49	 0.48698414226962006
4.493	 0.48724701546227706
4.497	 0.48757916376790894
4.501	 0.48782357857931846
4.505	 0.4881684939803572
4.509	 0.4884870091873175
4.513	 0.4887145215297876
4.517	 0.4888534477986192
4.521	 0.48920061983930957
4.525	 0.4894384521454843
4.529	 0.4896577648373897
4.533	 0.48991094831161347
4.537	 0.4901336917449394
4.541	 0.49028112442210847
4.545	 0.4904078764079646
4.549	 0.49056162814792437
4.553	 0.49076496931205066
4.557	 0.49091617747783073
4.561	 0.49130404148141615
4.565	 0.49145325423286657
4.569	 0.49159550876312624
4.573	 0.4917736815714514
4.577	 0.4919309508120805
4.581	 0.49205608918470656
4.585	 0.49217789142254387
4.589	 0.4923513361066852
4.593	 0.492583934190726
4.597	 0.4928186443552139
4.601	 0.49301163637816925
4.605	 0.49314484061464775
4.609	 0.49326847750298247
4.613	 0.49327939624334294
4.617	 0.4932970219279676
4.622	 0.493355812259845
4.626	 0.4934279095620446
4.63	 0.49353651143126087
4.634	 0.49369373715023784
4.638	 0.4938261851976025
4.642	 0.4939326284988749
4.646	 0.4940240636367269
4.651	 0.4941912694148712
4.655	 0.49427641218724355
4.659	 0.4944208263009902
4.663	 0.4946536704450214
4.667	 0.49495297928370674
4.672	 0.4951425690505474
4.676	 0.4952758017392533
4.68	 0.49541745952966004
4.684	 0.4955464916418348
4.688	 0.495644098627997
4.693	 0.4957753925697816
4.697	 0.49596812843564914
4.701	 0.4959500815434362
4.705	 0.49609480266192874
4.71	 0.49620142714871773
4.714	 0.49640713056500674
4.718	 0.496666848233702
4.723	 0.49681739834938404
4.727	 0.4968991451707801
4.731	 0.4970152164203985
4.736	 0.49714620021720185
4.74	 0.4973629889595003
4.744	 0.4975935974188308
4.749	 0.49776705339542154
4.753	 0.4979350339042028
4.757	 0.49797346166563017
4.762	 0.4981390776149458
4.766	 0.4982837525465944
4.77	 0.4984473813742618
4.775	 0.4986231997928978
4.779	 0.498825321039351
4.784	 0.49902495328519453
4.788	 0.4992001792476368
4.792	 0.49928832109324106
4.797	 0.49932381094444467
4.801	 0.4994435910189045
4.806	 0.4996660775296559
4.81	 0.49980899040754945
4.815	 0.5002176827070524
4.819	 0.5004151372593885
4.824	 0.5006307891053755
4.828	 0.5008348547146119
4.833	 0.5009734281715635
4.837	 0.5011320398696781
4.842	 0.5012865753424657
4.846	 0.5015194649485918
4.851	 0.5017310175002965
4.855	 0.5019212288184003
4.86	 0.5020180363347333
4.864	 0.501994985578266
4.869	 0.5020202847103165
4.874	 0.5021215743142375
4.878	 0.5022813926075084
4.883	 0.5024587581197791
4.887	 0.5026648341397281
4.892	 0.5029043322822478
4.897	 0.5031775708855497
4.901	 0.5034146165244126
4.906	 0.5036597780409529
4.91	 0.5038232025165613
4.915	 0.503913745736138
4.92	 0.5040083669915325
4.924	 0.5041532788082372
4.929	 0.5042100341745239
4.934	 0.5042154114136124
4.939	 0.5042407842981599
4.943	 0.5042719333930472
4.948	 0.5043470550733347
4.953	 0.5044947489964592
4.957	 0.5047267236117844
4.962	 0.5049334076147108
4.967	 0.50509043107905
4.972	 0.505200713803161
4.976	 0.5052882491104859
4.981	 0.5053661722544199
4.986	 0.505479603057645
4.991	 0.5055038906982953
4.996	 0.5058281781686634
5.0	 0.5059543057670302
5.005	 0.5060392193618509
5.01	 0.505983846016633
5.015	 0.5059586410277069
5.02	 0.5058859592768753
5.025	 0.5058954614361234
5.03	 0.5059297869933282
5.034	 0.5059535711411051
5.039	 0.5060190615141898
5.044	 0.5061216485025075
5.049	 0.5061726127620854
5.054	 0.5061153088391374
5.059	 0.5060803320346345
5.064	 0.5061674280457182
5.069	 0.5062744447787864
5.074	 0.5062479597052031
5.079	 0.5060862224649058
5.084	 0.5059456998807429
5.089	 0.5057614940712613
5.094	 0.5055497838565388
5.099	 0.5053809122015598
5.104	 0.5052576767866699
5.109	 0.5050856506609583
5.114	 0.5049796525758932
5.119	 0.5049082082635685
5.124	 0.5048916051105603
5.129	 0.5049141620607501
5.134	 0.5048703328461014
5.139	 0.5048037490375218
5.144	 0.5047074197810311
5.149	 0.5045130115696789
5.155	 0.5041937599365657
5.16	 0.5039086806254022
5.165	 0.5036101015788439
5.17	 0.5033443918545987
5.175	 0.5031055628052155
5.18	 0.5029034367970732
5.185	 0.5026855428730664
5.191	 0.5022767232818283
5.196	 0.5021062189785009
5.201	 0.501624515763283
5.206	 0.5013944503354366
5.211	 0.501166001435111
5.217	 0.5009201965018042
5.222	 0.5005662514156285
5.227	 0.5002172226923346
5.233	 0.4999009390723821
5.238	 0.4996185335340645
5.243	 0.4992250938870993
5.248	 0.4988111219213227
5.254	 0.49848509244362343
5.259	 0.49809712679090146
5.264	 0.49781328024825505
5.27	 0.4973507556340134
5.275	 0.4970228007726065
5.28	 0.496726361562493
5.286	 0.4964638748961564
5.291	 0.4962529730647909
5.297	 0.4959849259534179
5.302	 0.4955578805313521
5.308	 0.4951880348391357
5.313	 0.4947560210133634
5.318	 0.4942705267831944
5.324	 0.49360683219454
5.329	 0.4930850758464177
5.335	 0.492669029105551
5.34	 0.49246331510147034
5.346	 0.49203391502227717
5.351	 0.49162112581838574
5.357	 0.4912544543208098
5.362	 0.49086923191065746
5.368	 0.49047900519391774
5.374	 0.4899947573030895
5.379	 0.48944195288863823
5.385	 0.48882691332838063
5.39	 0.4881935055144795
5.396	 0.48774788494133287
5.401	 0.48727929425365
5.407	 0.48682060215619255
5.413	 0.48632570143335757
5.418	 0.4862071204084516
5.424	 0.4855308353725613
5.43	 0.4854966838034981
5.435	 0.48502815270524563
5.441	 0.48452564165957207
5.447	 0.48403145990930424
5.453	 0.4835258779858695
5.458	 0.48283515657658777
5.464	 0.4823794479759756
5.47	 0.48189873820962004
5.476	 0.4813964830507909
5.481	 0.48078866785957597
5.487	 0.4800266678007571
5.493	 0.47914654497467435
5.499	 0.47842935129342173
5.505	 0.4783590806078424
5.511	 0.47759970116068123
5.516	 0.4768195904913745
5.522	 0.475982800902303
5.528	 0.4750866388919918
5.534	 0.4739795301626766
5.54	 0.4730869937346609
5.546	 0.4721975633153696
5.552	 0.471471443189031
5.558	 0.4708697124052306
5.564	 0.47036716224619823
5.57	 0.47017949859071345
5.576	 0.47057563945137726
5.582	 0.4714454106762869
5.588	 0.47263170839101754
5.594	 0.47388551788804084
5.6	 0.47399963896868186
5.606	 0.47529516693957885
5.612	 0.4766603690414529
5.618	 0.4784546048254329
5.624	 0.4795005576806473
5.63	 0.48105032512010454
5.636	 0.4826654165547666
5.642	 0.4844309349459183
5.649	 0.4862279816768234
5.655	 0.48822428070873486
5.661	 0.49033341389479934
5.667	 0.4924645174646594
5.673	 0.49354412704546946
5.68	 0.4968592228634432
5.686	 0.49831547903870005
5.692	 0.5010334866579619
5.698	 0.5038891592060747
5.705	 0.5070990440643856
5.711	 0.5101471677684066
5.717	 0.5134460770723592
5.723	 0.5168636475494337
5.73	 0.5203457008595603
5.736	 0.5238445716650023
5.742	 0.5272081051742215
5.749	 0.5303696891043792
5.755	 0.5332557262554152
5.762	 0.5359579193947485
5.768	 0.538254855838237
5.774	 0.5397487877612291
5.781	 0.5407093405546626
5.787	 0.5409889893296721
5.794	 0.5408841343997052
5.8	 0.5411145258255379
5.807	 0.5407953991379196
5.813	 0.540256193599638
5.82	 0.5396759869911496
5.826	 0.5393008797854492
5.833	 0.5388157245574253
5.839	 0.5380118580189436
5.846	 0.5369702697509736
5.853	 0.5357715442802197
5.859	 0.534734814849011
5.866	 0.5336876167275311
5.873	 0.5321572789810544
5.879	 0.5311155909087603
5.886	 0.5293989775843891
5.893	 0.5281325284976486
5.899	 0.5269167416738442
5.906	 0.5256797626296124
5.913	 0.5241086390407285
5.919	 0.5224362743500629
5.926	 0.5210565240359218
5.933	 0.5200508020997393
5.94	 0.5192089542792322
5.947	 0.5185162056980847
5.953	 0.5179990923865334
5.96	 0.5176006667646846
5.967	 0.5173200238658138
5.974	 0.5163635831094563
5.981	 0.5165294242861455
5.988	 0.5166067789595356
5.995	 0.5166897954389471
6.002	 0.5163411920062417
6.009	 0.5155067999989479
6.016	 0.5143365684594896
6.023	 0.512891680666131
6.03	 0.5113021451308137
6.037	 0.509936526699593
6.044	 0.5089652873101029
6.051	 0.5084793666693688
6.058	 0.5078525122975905
6.065	 0.5068003071164993
6.072	 0.505772010055896
6.079	 0.5046070222236749
6.086	 0.5029904846440754
6.093	 0.5021059489328971
6.101	 0.5001793929050566
6.108	 0.49836676109457984
6.115	 0.4965890473398726
6.122	 0.49442460146908923
6.129	 0.49173361097604806
6.137	 0.488627312924585
6.144	 0.48512533122389906
6.151	 0.481258134455619
6.158	 0.47732828338566147
6.166	 0.4734125688564105
6.173	 0.4694138264814995
6.18	 0.46589345664357906
6.188	 0.4632355428502085
6.195	 0.4610698416599164
6.203	 0.46069377266809963
6.21	 0.4612915726935362
6.218	 0.46240781432840744
6.225	 0.4637266513693004
6.232	 0.4651411546992506
6.24	 0.4663358059236075
6.248	 0.4669344496865638
6.255	 0.46714842639915466
6.263	 0.46769628747610903
6.27	 0.4683990042033361
6.278	 0.46897889286102196
6.285	 0.46980535133314394
6.293	 0.4711554487238841
6.301	 0.47213492578555183
6.308	 0.4730218491553847
6.316	 0.47413932133947767
6.324	 0.47547222303156983
6.331	 0.4772142552715156
6.339	 0.47911185525584343
6.347	 0.4814405019786783
6.355	 0.4840827645675672
6.362	 0.4864425988317564
6.37	 0.4888925830978275
6.378	 0.49109635712650423
6.386	 0.4928400227113805
6.394	 0.49414502604262867
6.402	 0.4948781344499998
6.41	 0.4950640828638707
6.418	 0.49501983931651744
6.426	 0.49483385380760936
6.434	 0.4944487684584132
6.442	 0.49390203976622626
6.45	 0.4938766209797942
6.458	 0.49394555818470576
6.466	 0.49401078205870597
6.474	 0.49398494289117484
6.482	 0.49401843403417955
6.49	 0.49409760719668
6.498	 0.4945092789096905
6.506	 0.4950474191243871
6.514	 0.4953904763190092
6.523	 0.4956405797906031
6.531	 0.49579217458644714
6.539	 0.4958171912855678
6.547	 0.4957238652295129
6.556	 0.4957263483999564
6.564	 0.4957667664455248
6.572	 0.49597243394881885
6.58	 0.4963429822481118
6.589	 0.4967723838165306
6.597	 0.49685955020349737
6.606	 0.4970281281502984
6.614	 0.4968525924991529
6.623	 0.4964424608868614
6.631	 0.4964182645622813
6.639	 0.49698029616968237
6.648	 0.4977003450410301
6.657	 0.49803217733462646
6.665	 0.4981515509517067
6.674	 0.4985755660743712
6.682	 0.4992587540436979
6.691	 0.49966883555350516
6.7	 0.4999530077512478
6.708	 0.5002139739604862
6.717	 0.5007364241322142
6.726	 0.5012354734551756
6.734	 0.5020573124228067
6.743	 0.5027853101441132
6.752	 0.503569105691057
6.761	 0.5041680532392581
6.769	 0.5047401495602966
6.778	 0.5054658710702007
6.787	 0.5061975750773776
6.796	 0.5071622949833178
6.805	 0.5081476110347506
6.814	 0.5092681455961214
6.823	 0.510041410178421
6.832	 0.5105646424166762
6.841	 0.5103735662930408
6.85	 0.5103276037872594
6.859	 0.510605081813543
6.868	 0.5112525769105574
6.877	 0.5113745468433525
6.886	 0.511298086688061
6.896	 0.5111547451994177
6.905	 0.5112345151644597
6.914	 0.5109110811418917
6.923	 0.5105815382150514
6.932	 0.5101273579197709
6.942	 0.5096783324644041
6.951	 0.5090874032343145
6.96	 0.5084125752688302
6.97	 0.5073257464241812
6.979	 0.5062526074495115
6.988	 0.5052637045611749
6.998	 0.5039804594260859
7.007	 0.502695354285949
7.017	 0.5012103150879932
7.026	 0.4999909726652304
7.036	 0.49893933189068757
7.045	 0.4984103262676427
7.055	 0.497623235502791
7.065	 0.49658303764875805
7.074	 0.49522841353983826
7.084	 0.49429565519175217
7.094	 0.4934177461006303
7.103	 0.4926490715711545
7.113	 0.4920601952730206
7.123	 0.49153398758422057
7.133	 0.49130397147443244
7.142	 0.4908950346194974
7.152	 0.49101075402896854
7.162	 0.49124965038954616
7.172	 0.4918841151261694
7.182	 0.4924280987882622
7.192	 0.4932645011581572
7.202	 0.4942640393551791
7.212	 0.49584765511700246
7.222	 0.4972204489802386
7.232	 0.4985306266768813
7.242	 0.49939944474710907
7.252	 0.5003793321918618
7.262	 0.5013189090344852
7.273	 0.5024224206401644
7.283	 0.5033030463562879
7.293	 0.5043119047408885
7.303	 0.5053856824000871
7.314	 0.5053779275685429
7.324	 0.5052326328587126
7.334	 0.5047773127907792
7.345	 0.5041799787173817
7.355	 0.5028893155440667
7.366	 0.5012831439616892
7.376	 0.4989421728503099
7.387	 0.4962533245816055
7.397	 0.4929558138279118
7.408	 0.48990316990092553
7.418	 0.4871695326565126
7.429	 0.4854064460336195
7.44	 0.48397475654903865
7.45	 0.4827727902895247
7.461	 0.4813003673325102
7.472	 0.4803804582792909
7.483	 0.47953516922979383
7.493	 0.47797536060986845
7.504	 0.4778859824197423
7.515	 0.47815470799441523
7.526	 0.47911233660643376
7.537	 0.48006562791684115
7.548	 0.4816196375051879
7.559	 0.48340404238660856
7.57	 0.4861269212716944
7.581	 0.48980631439743194
7.592	 0.49470648175333753
7.603	 0.49914588241744123
7.614	 0.5027734761793512
7.626	 0.5050691651855093
7.637	 0.5067073788245237
7.648	 0.507672646356029
7.659	 0.5088904833913807
7.671	 0.5098632038065027
7.682	 0.5108379037972026
7.694	 0.5124406257812397
7.705	 0.5125584226251061
7.716	 0.5125859619618961
7.728	 0.5123120144073359
7.739	 0.5123119576094624
7.751	 0.5119704014144456
7.763	 0.5117850123592735
7.774	 0.5110219886261658
7.786	 0.5096951719008145
7.798	 0.5079133272534371
7.809	 0.507344401065655
7.821	 0.5072839253653325
7.833	 0.5078937005762078
7.845	 0.5088681725401908
7.857	 0.5105142139808925
7.869	 0.5117819135462848
7.881	 0.5132707444791175
7.893	 0.5144705285400397
7.905	 0.5160726072607261
7.917	 0.517502072613862
7.929	 0.5186836824364204
7.941	 0.5198358502525632
7.953	 0.520537948290242
7.965	 0.5215961506841016
7.978	 0.5218295801547309
7.99	 0.522397730411505
8.002	 0.5221811868917232
8.015	 0.5215408086214601
8.027	 0.5203727763704932
8.039	 0.5192509760508932
8.052	 0.5173083592003116
8.064	 0.5153210999833706
8.077	 0.5128887695229348
8.09	 0.5106647151586248
8.102	 0.5080228584944311
8.115	 0.5059668163373111
8.128	 0.5037242815924537
8.14	 0.5017479433736902
8.153	 0.49841276219561204
8.166	 0.4969519320010416
8.179	 0.4957122359771764
8.192	 0.49443052816713745
8.205	 0.4936020835692448
8.218	 0.4933027248228366
8.231	 0.49311878607548226
8.244	 0.4928214957326776
8.257	 0.4933585434040263
8.27	 0.49390225611524224
8.283	 0.49522476300110924
8.297	 0.49646321221250933
8.31	 0.4981247332543328
8.323	 0.4993948244991047
8.337	 0.5012654142785948
8.35	 0.5028638333326992
8.364	 0.5047005938492958
8.377	 0.5057975159397895
8.391	 0.5076311210539399
8.404	 0.5093594951855537
8.418	 0.5112991595759865
8.432	 0.5129307307448383
8.445	 0.5144205410955532
8.459	 0.5154874241414389
8.473	 0.5161757503673126
8.487	 0.5165128076308501
8.501	 0.5164555904448266
8.515	 0.5161875251844543
8.529	 0.5155824914819693
8.543	 0.5149143903417743
8.557	 0.5134690037715335
8.571	 0.5122329541237715
8.585	 0.5102931506689634
8.599	 0.5085030676209554
8.614	 0.5060272158664285
8.628	 0.5039044021362804
8.642	 0.5014467616984329
8.657	 0.49968984180616766
8.671	 0.4976853057010949
8.686	 0.49662659872453674
8.7	 0.4951945598672176
8.715	 0.49450108196061326
8.73	 0.49329186441423933
8.744	 0.49313693894292754
8.759	 0.4936451858801454
8.774	 0.4945921602800214
8.789	 0.49549338124747905
8.804	 0.496469242445352
8.819	 0.49762782567823616
8.834	 0.4986232033998122
8.849	 0.500093449525307
8.864	 0.5011086392969425
8.879	 0.5023600560965764
8.894	 0.5030037869039303
8.91	 0.5043310781505378
8.925	 0.5051521406919665
8.94	 0.5063146174646095
8.956	 0.5066170224589761
8.971	 0.5069071846678928
8.987	 0.5065553839381982
9.002	 0.5069614760822594
9.018	 0.5066782357580862
9.034	 0.5062337457640476
9.05	 0.5058952240027705
9.065	 0.5054877665261965
9.081	 0.5051846032992929
9.097	 0.5045197740112994
9.113	 0.5037379515711935
9.129	 0.5031380098287789
9.145	 0.5026055705300988
9.162	 0.5024055143590104
9.178	 0.5022004128208124
9.194	 0.5018058690744921
9.21	 0.501682376619239
9.227	 0.501275983192197
9.243	 0.5017810757528323
9.26	 0.5016546313819608
9.276	 0.5020818343234426
9.293	 0.5017418363307756
9.31	 0.5022590806597361
9.326	 0.5022252320619264
9.343	 0.5025108519874032
9.36	 0.5018454444659545
9.377	 0.5017812806662861
9.394	 0.5015472434608494
9.411	 0.5021075037228359
9.428	 0.5021424181966646
9.445	 0.5019191198085079
9.462	 0.5019983878551757
9.48	 0.5024030410610222
9.497	 0.5026183274543154
9.515	 0.5027050078181833
9.532	 0.5027932960893854
9.55	 0.5029846634218018
9.567	 0.5032111856299443
9.585	 0.5033314407855187
9.603	 0.5031622039350014
9.62	 0.5025422598606342
9.638	 0.5022064812465784
9.656	 0.5005048360620112
9.674	 0.4998623881223801
9.692	 0.4987448362857179
9.711	 0.498350916863464
9.729	 0.4972655662034016
9.747	 0.4970388707301219
9.765	 0.49645579163180686
9.784	 0.49609183312872757
9.802	 0.494797375892944
9.821	 0.49455920324603464
9.839	 0.49544398125945327
9.858	 0.49623364364901634
9.877	 0.4959590242272968
9.896	 0.4954448266245236
9.915	 0.4952719006493567
9.934	 0.4952003884510514
9.953	 0.49482299022588033
9.972	 0.4943487747094792
9.991	 0.49417212198626853
10.01	 0.49422362940766285
10.03	 0.49313372461179317
10.049	 0.49165854443256346
10.069	 0.4915035654680625
10.088	 0.49172689235450745
10.108	 0.49173744191837576
10.128	 0.49049081028583474
10.148	 0.4901738771900216
10.167	 0.4891551580591725
10.187	 0.48923489725099656
10.207	 0.48885770569662945
10.228	 0.4896410646749602
10.248	 0.4896798823725023
10.268	 0.48997483756760973
10.289	 0.4897039473684211
10.309	 0.4902008173309311
10.33	 0.49112262597916273
10.35	 0.4922322791953438
10.371	 0.4931969764339707
10.392	 0.4936356758200186
10.412	 0.4942375985526993
10.433	 0.49478463615167506
10.454	 0.4953917824786947
10.476	 0.49650874774441567
10.497	 0.49680581375697147
10.518	 0.4965588825958437
10.539	 0.4959404907697193
10.561	 0.4950108410620835
10.582	 0.49457184192839154
10.604	 0.4940701546321215
10.626	 0.4933603498408774
10.648	 0.4926256724408638
10.67	 0.4931178403338958
10.692	 0.4927686615762243
10.714	 0.49382912686557534
10.736	 0.49424210866520624
10.758	 0.4956642066420665
10.78	 0.4957794685599316
10.803	 0.4965749354267343
10.825	 0.49662122420170707
10.848	 0.4977694972184318
10.871	 0.49799876645276436
10.894	 0.4979790556678303
10.917	 0.4979518420292518
10.94	 0.4981227683259819
10.963	 0.49817436759568157
10.986	 0.4984735235287925
11.009	 0.49864341595764305
11.033	 0.4989450085718054
11.056	 0.4987448141003619
11.08	 0.49836750340378844
11.104	 0.49815512795080336
11.127	 0.49790833752548386
11.151	 0.4978030122554858
11.175	 0.4983799510679098
11.2	 0.498848993199799
11.224	 0.498556329633652
11.248	 0.49825613006750036
11.273	 0.498671908202295
11.297	 0.4992619296081965
11.322	 0.49937344785947013
11.347	 0.501132166996053
11.372	 0.5006723042873858
11.397	 0.5014260091211663
11.422	 0.5013319629544261
11.447	 0.5034691993140747
11.472	 0.5038746236672728
11.498	 0.5046310938417748
11.523	 0.5038781915856824
11.549	 0.5035589860643922
11.575	 0.5034532568952287
11.6	 0.5030122287495504
11.626	 0.502198676291816
11.653	 0.5012544428183148
11.679	 0.5008894270296127
11.705	 0.5015396974159861
11.732	 0.5021321643704896
11.758	 0.5022635852221282
11.785	 0.5019648120032151
11.812	 0.5025565024082994
11.839	 0.5035016914950441
11.866	 0.5040339263549855
11.893	 0.5036072470853148
11.92	 0.5035268823538074
11.948	 0.5043855776306108
11.976	 0.5061227468437568
12.003	 0.507865857217909
12.031	 0.5083013122598419
12.059	 0.5086218755505572
12.087	 0.5087619079621634
12.115	 0.5104618176058061
12.144	 0.5092078255752199
12.172	 0.5091328342817859
12.201	 0.5065317622950819
12.23	 0.5054264153446046
12.259	 0.5029387485553904
12.288	 0.5012764135250425
12.317	 0.4998106840069142
12.346	 0.498961937716263
12.376	 0.4979320799485903
12.405	 0.4975130933166441
12.435	 0.4968972801689992
12.465	 0.4954034221728976
12.495	 0.4924457192409032
12.525	 0.48763859122129033
12.555	 0.48126830772393236
12.586	 0.4767182115707631
12.617	 0.4761285399649688
12.647	 0.4797753779697624
12.678	 0.48771881744373263
12.709	 0.4999407312075592
12.741	 0.5152816452511155
12.772	 0.5309291259704483
12.803	 0.5414799886744058
12.835	 0.5457703952484159
12.867	 0.5448629687909783
12.899	 0.5390169667141562
12.931	 0.5296563590307317
12.964	 0.519768623465958
12.996	 0.511160302527209
13.029	 0.505076953523421
13.061	 0.5014056407000997
13.094	 0.49939610070811336
13.128	 0.5033296337402886
13.161	 0.5046220966617196
13.194	 0.5073715716635303
13.228	 0.5077977903300295
13.262	 0.5108811040339702
13.296	 0.5089296820855472
13.33	 0.5043016818870985
13.364	 0.5006811627536668
13.399	 0.4986647457746231
13.434	 0.49632657375922756
13.469	 0.49469760604787905
13.504	 0.4946801940891046
13.539	 0.49604481950635126
13.574	 0.496333606236429
13.61	 0.49652321992407855
13.646	 0.4982009262557891
13.682	 0.5016307318019146
13.718	 0.5046117963034951
13.754	 0.5064939617548595
13.791	 0.5077229959928684
13.828	 0.5094204041572462
13.865	 0.5082892354213182
13.902	 0.5053284887258566
13.939	 0.503321854673206
13.977	 0.5027104235144297
14.015	 0.5005990311322557
14.053	 0.49805722969589167
14.091	 0.49698140125615464
14.129	 0.49670147005350374
14.168	 0.4943299959811989
14.207	 0.4926886874370462
14.246	 0.4937577917859213
14.285	 0.4950186472431847
14.324	 0.4955297026424425
14.364	 0.49403838013263723
14.404	 0.4962854815520411
14.444	 0.49313263505817717
14.484	 0.4938691025266047
14.525	 0.49443693693693697
14.566	 0.4956333843522103
14.607	 0.494674583031182
14.648	 0.493078353497555
14.69	 0.4884409228618038
14.731	 0.48323996045383927
14.773	 0.48031719059756445
14.815	 0.4849342865906892
14.858	 0.4937538301984632
14.901	 0.5036823036302067
14.944	 0.5108066245680924
14.987	 0.5131449895940483
15.03	 0.5095456281023292
15.074	 0.5045059961681293
15.118	 0.5016634646923761
15.162	 0.5018706574024586
15.206	 0.5051101626485177
15.251	 0.5057712486883525
15.296	 0.5123573927158828
15.341	 0.5078606233336398
15.387	 0.0
