2.501	 1.0
2.503	 0.48387585708000147
2.504	 0.4833256049555703
2.505	 0.4826574667716944
2.506	 0.4827220365031927
2.507	 0.4829548825990096
2.509	 0.4830847962194396
2.51	 0.4828939839807364
2.511	 0.4827451082177638
2.512	 0.4827301748195465
2.514	 0.48243181665872126
2.515	 0.4823517522967467
2.516	 0.4823447880487231
2.517	 0.48225244603129747
2.518	 0.4823641673915431
2.52	 0.48203978625598776
2.521	 0.4819033363461388
2.522	 0.4815793794717658
2.523	 0.4811996397991394
2.525	 0.4811853740770519
2.526	 0.48098708138126556
2.527	 0.4808368763050294
2.528	 0.480858473775359
2.53	 0.4805653199266893
2.531	 0.48038998484862727
2.532	 0.4803359686208932
2.533	 0.48020515989053514
2.534	 0.48016734562905883
2.536	 0.479852852336717
2.537	 0.4796686024480948
2.538	 0.4795845642275047
2.539	 0.47908190301125825
2.541	 0.4789619293643894
2.542	 0.4786325293990044
2.543	 0.47839576878411255
2.544	 0.4783900497796212
2.546	 0.4781490673308337
2.547	 0.47799795693657154
2.548	 0.47792319949111206
2.549	 0.477765413088636
2.551	 0.4774588121486556
2.552	 0.4772376782942094
2.553	 0.4771879757105338
2.554	 0.47711052528924647
2.556	 0.47668104180071263
2.557	 0.4764985797971559
2.558	 0.4761871328334466
2.559	 0.47589473393916315
2.561	 0.47568665488304795
2.562	 0.4756110501976592
2.563	 0.47559377665375197
2.565	 0.4755549845477203
2.566	 0.47556292154507757
2.567	 0.4752664312745137
2.568	 0.47511214330061524
2.57	 0.47490256765179223
2.571	 0.47472940060117763
2.572	 0.4744886818021192
2.573	 0.47435232052041326
2.575	 0.4741221797208221
2.576	 0.4739544477415115
2.577	 0.47383298312559347
2.579	 0.4735731689811373
2.58	 0.4733524834304115
2.581	 0.47322298089976844
2.582	 0.4731422504789783
2.584	 0.47294549916861367
2.585	 0.47298151413846706
2.586	 0.47292004858612124
2.588	 0.47269720463169423
2.589	 0.4726858388263481
2.59	 0.472528518316436
2.591	 0.4723179887032497
2.593	 0.47212253635926854
2.594	 0.47212441946499734
2.595	 0.4722812842522429
2.597	 0.4725652894510219
2.598	 0.47255790764602096
2.599	 0.4723654045931105
2.601	 0.4721183462513419
2.602	 0.4719050757776204
2.603	 0.4717081967888959
2.604	 0.4715692495482308
2.606	 0.4715974323504211
2.607	 0.4716471631531958
2.608	 0.47163234344819127
2.61	 0.47152656179802344
2.611	 0.4713809927010705
2.612	 0.4711896451679373
2.614	 0.47102172108728413
2.615	 0.4708259676815504
2.616	 0.470760113676462
2.618	 0.4707695331009823
2.619	 0.4707552517603997
2.62	 0.47069905570915266
2.622	 0.4706796484086959
2.623	 0.47062011006363613
2.624	 0.4704801018317882
2.626	 0.4703436877724543
2.627	 0.4702981868395455
2.628	 0.4702839124201827
2.63	 0.4702540830905109
2.631	 0.4703131288618144
2.632	 0.47038776630195656
2.634	 0.47037613937085754
2.635	 0.4703111312266273
2.636	 0.47021806405025146
2.638	 0.4700946687262322
2.639	 0.4699738729505881
2.64	 0.46986097791853143
2.642	 0.4697805056011035
2.643	 0.46969721153177485
2.644	 0.46964805692846223
2.646	 0.4696003313381102
2.647	 0.4695639688070268
2.648	 0.4694963572270824
2.65	 0.4694152298957565
2.651	 0.4693509992776679
2.652	 0.4693422186184468
2.654	 0.46936078453400004
2.655	 0.46939278975252974
2.657	 0.46941603587375597
2.658	 0.46942308640607844
2.659	 0.46940952806872355
2.661	 0.46945500517742794
2.662	 0.46950398002881916
2.663	 0.4695862180906641
2.665	 0.46975805643224977
2.666	 0.47001946103772235
2.667	 0.4703040042656451
2.669	 0.47054728350690894
2.67	 0.4708078938484958
2.672	 0.4711816593109602
2.673	 0.47139103095914536
2.674	 0.4714844666941362
2.676	 0.47163636377552176
2.677	 0.4718049644516584
2.678	 0.4719877737200103
2.68	 0.47219813731289395
2.681	 0.4723280608563121
2.683	 0.47240554380673544
2.684	 0.4724817808371277
2.685	 0.4725625192647987
2.687	 0.47265526859493023
2.688	 0.47274332082337245
2.69	 0.4728426371179133
2.691	 0.47293322044668173
2.692	 0.47304821077008213
2.694	 0.4732072130574605
2.695	 0.47343543904680574
2.697	 0.4736463471793677
2.698	 0.47374729082884
2.699	 0.4738120209525936
2.701	 0.47406717177366586
2.702	 0.47418556103577986
2.704	 0.47455629098001606
2.705	 0.4747714453515631
2.706	 0.47494692216273104
2.708	 0.47519958154941216
2.709	 0.47544437918034627
2.711	 0.4758178631064641
2.712	 0.4763411566974156
2.713	 0.47655608553437706
2.715	 0.47674320835267053
2.716	 0.4771491584243826
2.718	 0.4774906607960275
2.719	 0.4777121007663107
2.721	 0.4782882173876237
2.722	 0.4786949656744486
2.723	 0.47894497415419535
2.725	 0.479484000742213
2.726	 0.47985317759864315
2.728	 0.48035750685287254
2.729	 0.4804834773368839
2.731	 0.4807523912400825
2.732	 0.48113704540301094
2.734	 0.4815262972674323
2.735	 0.4816782532621237
2.736	 0.48205117580259593
2.738	 0.48252255916084
2.739	 0.4828188781536727
2.741	 0.4835119121016713
2.742	 0.48394730797404995
2.744	 0.484424714933741
2.745	 0.4846062502430048
2.747	 0.4848730491664043
2.748	 0.485255695159203
2.749	 0.48548766334650495
2.751	 0.4855961595292591
2.752	 0.4858579478458775
2.754	 0.4863986672866435
2.755	 0.486578140700062
2.757	 0.48722866919848495
2.758	 0.48762409495399
2.76	 0.4879684842287991
2.761	 0.4883014542511083
2.763	 0.48853822381308576
2.764	 0.48882378382752995
2.766	 0.4892232445379339
2.767	 0.48934582797343595
2.769	 0.4898436813673823
2.77	 0.4901474865314429
2.772	 0.49048762932776574
2.773	 0.49100949027465535
2.774	 0.49112207935575225
2.776	 0.49139749116897713
2.777	 0.49185157309985383
2.779	 0.4919936625754046
2.78	 0.49228407003746194
2.782	 0.49292413412727953
2.783	 0.49306756983056477
2.785	 0.4934217842544071
2.786	 0.4936935550309424
2.788	 0.49387371931720686
2.789	 0.4943145888181032
2.791	 0.4946077663188405
2.792	 0.4948626691293156
2.794	 0.49518384561800083
2.795	 0.4952629266708689
2.797	 0.4954168545797448
2.798	 0.4956431089214511
2.8	 0.49594114849800064
2.801	 0.49623784165700024
2.803	 0.49653436734592604
2.804	 0.4968297954121111
2.806	 0.49718367367685135
2.808	 0.49735216394182963
2.809	 0.4975889814086916
2.811	 0.4978464848402782
2.812	 0.4981162724313858
2.814	 0.49857444216808294
2.815	 0.4986326138328548
2.817	 0.49900326541194656
2.818	 0.4991780305288673
2.82	 0.4993969412128577
2.821	 0.49961925046684746
2.823	 0.4998205673964753
2.824	 0.5000360427858356
2.826	 0.5004189389336595
2.827	 0.5005440799709708
2.829	 0.5007054725140541
2.831	 0.5009096177511735
2.832	 0.5009347024928028
2.834	 0.5012266933052664
2.835	 0.5014313397007909
2.837	 0.5016752900640323
2.838	 0.5019196316112855
2.84	 0.502142990244977
2.841	 0.5023520032782433
2.843	 0.502680687980126
2.844	 0.502661983260398
2.846	 0.5029617025168336
2.848	 0.5031551286113518
2.849	 0.5033713987785969
2.851	 0.5037141118024194
2.852	 0.5037305263775806
2.854	 0.5039736076479029
2.855	 0.5041079713307242
2.857	 0.5042551811781214
2.859	 0.5045212244767219
2.86	 0.5045523099528368
2.862	 0.5047469292573011
2.863	 0.5047928393737433
2.865	 0.5047776845984935
2.866	 0.5047418138579205
2.868	 0.5047190940912696
2.87	 0.5046601568211743
2.871	 0.5046431870655466
2.873	 0.504634774180436
2.874	 0.5047198877143884
2.876	 0.5047027358523404
2.878	 0.5047209464128158
2.879	 0.5047057498597705
2.881	 0.5047268146226286
2.882	 0.504776212786933
2.884	 0.5048472813054989
2.886	 0.5049756816292498
2.887	 0.5050527408993587
2.889	 0.5050896296571759
2.89	 0.5051142461526636
2.892	 0.5051584054525726
2.894	 0.5051581455535905
2.895	 0.50512668135294
2.897	 0.505113803840214
2.899	 0.5052073112362511
2.9	 0.5051899096495949
2.902	 0.5051992777067896
2.903	 0.5052035902367465
2.905	 0.5052209808012722
2.907	 0.5052741079139716
2.908	 0.5052276169357578
2.91	 0.5052056987614928
2.912	 0.505089225197445
2.913	 0.5049928498944358
2.915	 0.5049893517814867
2.916	 0.5049261611643607
2.918	 0.5048739907905202
2.92	 0.5048002509915076
2.921	 0.5047688156519106
2.923	 0.5045229314441134
2.925	 0.5044922224193985
2.926	 0.5042878531546651
2.928	 0.5042206316022187
2.93	 0.5041707738745261
2.931	 0.5041463102338741
2.933	 0.5041245849571233
2.935	 0.5040434963391672
2.936	 0.5040115145208938
2.938	 0.5038796688738237
2.94	 0.5036999715684358
2.941	 0.5036460250244721
2.943	 0.503378116949664
2.945	 0.5033029249114531
2.946	 0.5032419641971314
2.948	 0.5031924630679395
2.95	 0.5031712000304359
2.951	 0.503165812714264
2.953	 0.5031629715203132
2.955	 0.5030547059060184
2.956	 0.5030251110262323
2.958	 0.5028048303779021
2.96	 0.5027270120768295
2.961	 0.5026330426770419
2.963	 0.5025004324878624
2.965	 0.5024254138890775
2.967	 0.5023503674603413
2.968	 0.5023619757387704
2.97	 0.5022040861056394
2.972	 0.5021326695711852
2.973	 0.5020901144816405
2.975	 0.5019634620202486
2.977	 0.501901771571045
2.978	 0.5018135839005275
2.98	 0.5017001014373826
2.982	 0.501610431832527
2.984	 0.5015562007476785
2.985	 0.5015568491665727
2.987	 0.5014438431742366
2.989	 0.501335604041093
2.99	 0.5012316364814805
2.992	 0.5011436138783811
2.994	 0.5010715163082636
2.996	 0.5010112695573694
2.997	 0.500990705302857
2.999	 0.5008893837448686
3.001	 0.5008314287845218
3.003	 0.5007151630944612
3.004	 0.5006590059823149
3.006	 0.5005984237840839
3.008	 0.5004685517969177
3.01	 0.5003649312196067
3.011	 0.5002734721467675
3.013	 0.5002079777481876
3.015	 0.500135822856723
3.017	 0.5001244102653848
3.018	 0.500068999114318
3.02	 0.49995871083539345
3.022	 0.4998635678131813
3.024	 0.499774040475612
3.025	 0.4997661083122023
3.027	 0.4997191716956825
3.029	 0.49972130400328824
3.031	 0.4996509533930517
3.032	 0.49962670239569346
3.034	 0.4996054292379776
3.036	 0.4994996657910042
3.038	 0.49941417289342094
3.04	 0.4993046899324994
3.041	 0.49928402763298274
3.043	 0.4992461931462265
3.045	 0.4992432322267429
3.047	 0.4991831754538037
3.048	 0.4991170876523022
3.05	 0.49905084962709884
3.052	 0.4989801150064342
3.054	 0.49893407798052514
3.056	 0.4988294025026444
3.057	 0.49879677870071654
3.059	 0.4986856156458867
3.061	 0.49862164336846265
3.063	 0.49857810255464496
3.065	 0.49855170479976785
3.067	 0.4984897299040738
3.068	 0.49846316356102643
3.07	 0.49845242846849824
3.072	 0.4984099548012854
3.074	 0.49837129417213577
3.076	 0.49831947101450014
3.077	 0.49829894335306274
3.079	 0.4982133803230123
3.081	 0.4981527326919505
3.083	 0.49811543700656485
3.085	 0.4980717212751536
3.087	 0.49799755337473994
3.088	 0.497999491888718
3.09	 0.49799914765194475
3.092	 0.4979559775151734
3.094	 0.49793405616776887
3.096	 0.49788899020059035
3.098	 0.49786032281842285
3.1	 0.4978433753474859
3.101	 0.4978732825892032
3.103	 0.4978221542593108
3.105	 0.49782270700585607
3.107	 0.49777394950625553
3.109	 0.4977913485220861
3.111	 0.497771948568805
3.113	 0.4977806885213875
3.114	 0.4977646787314799
3.116	 0.4977641362859696
3.118	 0.49774586300593104
3.12	 0.49769327909918365
3.122	 0.4976678080667698
3.124	 0.49764879381473326
3.126	 0.4976497954621047
3.128	 0.4976268154121537
3.129	 0.49761263673502454
3.131	 0.4975712859070058
3.133	 0.49755235638611345
3.135	 0.49751546607092384
3.137	 0.4974789434244313
3.139	 0.49745902785343177
3.141	 0.49745656217291195
3.143	 0.4974009662721514
3.145	 0.497364759411249
3.147	 0.49733843861511967
3.148	 0.4973194704139292
3.15	 0.49730227653348225
3.152	 0.4972115855891562
3.154	 0.49717218609129205
3.156	 0.49711393324906955
3.158	 0.4971033762920185
3.16	 0.4971248192891875
3.162	 0.4971363730543855
3.164	 0.49711700280364596
3.166	 0.49711649155640886
3.168	 0.4970995530928045
3.17	 0.4970971936101041
3.172	 0.49707272869765723
3.173	 0.4970726091811044
3.175	 0.4970440899500721
3.177	 0.4970509111812514
3.179	 0.497033500810197
3.181	 0.4970007208878377
3.183	 0.49700254455662746
3.185	 0.4969239227898697
3.187	 0.4969051848822893
3.189	 0.4968860320595588
3.191	 0.496910932749476
3.193	 0.49689352610625015
3.195	 0.4968712721719656
3.197	 0.49686822798317204
3.199	 0.49682506838395374
3.201	 0.4967783119974151
3.203	 0.49675038514959113
3.205	 0.49664321163641095
3.207	 0.49667970656658955
3.209	 0.4966576311630928
3.211	 0.49668211746509383
3.213	 0.4967016503044327
3.215	 0.49669451947316057
3.217	 0.49670438005921913
3.219	 0.49674573901373575
3.221	 0.49685114993999047
3.223	 0.49686748862481456
3.225	 0.49729000149539265
3.227	 0.49730054019249087
3.229	 0.4975968192489316
3.231	 0.4979356785883617
3.233	 0.49831818813778306
3.235	 0.4986396240991443
3.237	 0.4989126570154674
3.239	 0.4989420718712363
3.241	 0.4993665083018496
3.243	 0.4993728623386033
3.245	 0.49970124626650053
3.247	 0.49971579537119026
3.249	 0.4998874187677332
3.251	 0.5000380335378112
3.253	 0.5002034672480955
3.255	 0.5002735516711434
3.257	 0.500561670049451
3.259	 0.5005917324781769
3.261	 0.5007458059704479
3.263	 0.5008460658457233
3.265	 0.5009993204031568
3.267	 0.5011074314107536
3.27	 0.501235844645776
3.272	 0.5013221060254862
3.274	 0.5014308429566092
3.276	 0.501472780877069
3.278	 0.5016020349501884
3.28	 0.5017324889297098
3.282	 0.5018391136717991
3.284	 0.5019270495501849
3.286	 0.5019929559849171
3.288	 0.5020518135167953
3.29	 0.5021060557164592
3.292	 0.5021647888780578
3.294	 0.5022429628326396
3.297	 0.5022990856020293
3.299	 0.5023538479841205
3.301	 0.5023759799569377
3.303	 0.5024277492121513
3.305	 0.5025021464912861
3.307	 0.5026484265368485
3.309	 0.5028992186052703
3.311	 0.5029710159831159
3.313	 0.5035711023192774
3.316	 0.5036683624889386
3.318	 0.5042326961615657
3.32	 0.5043203652937599
3.322	 0.5045764508108386
3.324	 0.5047478219934203
3.326	 0.5049517156108372
3.328	 0.5050620231374873
3.33	 0.5054050627069412
3.333	 0.5056136952831459
3.335	 0.505751721207891
3.337	 0.5059956930165468
3.339	 0.506134241461693
3.341	 0.5063533494458605
3.343	 0.5065634286064394
3.345	 0.5067611326884934
3.348	 0.5069340195976018
3.35	 0.5071390653433976
3.352	 0.5072682500333189
3.354	 0.5074806038640851
3.356	 0.5076078603682129
3.358	 0.5078128687971676
3.361	 0.508009043719743
3.363	 0.5081754810132796
3.365	 0.5083466602748327
3.367	 0.5084721426854002
3.369	 0.5086138557560658
3.372	 0.508768461129089
3.374	 0.5089566527278867
3.376	 0.5091268911446759
3.378	 0.509289774733069
3.38	 0.5094760002561154
3.383	 0.5096781026727192
3.385	 0.5098375356671854
3.387	 0.5100232601371133
3.389	 0.5101887370648527
3.391	 0.510382103740336
3.394	 0.5105548388376444
3.396	 0.5107691169793022
3.398	 0.5109738529937587
3.4	 0.5112101647943074
3.403	 0.5114827252186248
3.405	 0.5116928901829331
3.407	 0.5119038773307478
3.409	 0.512099865083222
3.411	 0.5122454286899687
3.414	 0.5123128763618051
3.416	 0.5124417273344807
3.418	 0.5124906067976446
3.42	 0.5124658206455507
3.423	 0.5123145851472813
3.425	 0.5119893147256336
3.427	 0.5115623326858411
3.43	 0.5110340294863933
3.432	 0.510431590905702
3.434	 0.509847119588805
3.436	 0.5093947173122507
3.439	 0.5089981935466307
3.441	 0.5086903501280458
3.443	 0.5083976704881206
3.445	 0.5081451023059906
3.448	 0.5079121330755659
3.45	 0.5077104733189749
3.452	 0.5075408541649158
3.455	 0.5073227590601389
3.457	 0.5072010591519566
3.459	 0.5070162214041486
3.462	 0.5069023907656169
3.464	 0.5068106408223695
3.466	 0.5066985740184244
3.469	 0.5065943855257623
3.471	 0.5065001948786951
3.473	 0.5064195874034523
3.476	 0.5063271967174635
3.478	 0.5062591612671458
3.48	 0.5062301713902649
3.483	 0.5061511591697134
3.485	 0.5061441579145248
3.487	 0.506134219255392
3.49	 0.5060692425700813
3.492	 0.5060743479317102
3.494	 0.5060952267829291
3.497	 0.5061492227087921
3.499	 0.5061470451331851
3.501	 0.5062413211451041
3.504	 0.5062179695951861
3.506	 0.5061452389606915
3.508	 0.5058829120935394
3.511	 0.505373699576957
3.513	 0.5048679903991209
3.516	 0.5042558863338233
3.518	 0.5038526329013664
3.52	 0.5033975910196572
3.523	 0.5031031678556624
3.525	 0.5028426174717515
3.528	 0.5024829840210013
3.53	 0.5023063106742626
3.532	 0.502074416633446
3.535	 0.5017862445256019
3.537	 0.5017037443009466
3.54	 0.5014070037530532
3.542	 0.5011972645228964
3.544	 0.5010252815923892
3.547	 0.5008486306994324
3.549	 0.5006975539718809
3.552	 0.5004821490954809
3.554	 0.5004503608202437
3.557	 0.5002038892466064
3.559	 0.5000546769176918
3.561	 0.5000376266667722
3.564	 0.4997716712252461
3.566	 0.49963712282134065
3.569	 0.49953344819594303
3.571	 0.4994481943780378
3.574	 0.499317629088454
3.576	 0.4990864202862738
3.579	 0.49897996480414186
3.581	 0.49883266623043515
3.584	 0.49868720373806347
3.586	 0.49855957320644223
3.589	 0.4983127512179434
3.591	 0.49819631240463197
3.594	 0.49825365065486354
3.596	 0.49796691985868585
3.599	 0.49781006062996624
3.601	 0.49765196401469797
3.604	 0.4975363753253165
3.606	 0.49739855652672355
3.609	 0.49714363379494514
3.611	 0.4970800403651136
3.614	 0.49714829468343597
3.616	 0.4969729049908868
3.619	 0.4969545037591221
3.621	 0.49696676595045286
3.624	 0.49712612165507686
3.626	 0.4972918991019194
3.629	 0.49755360173979424
3.631	 0.4978552312465648
3.634	 0.4981799327238458
3.636	 0.4986089527749295
3.639	 0.4986648136832744
3.641	 0.4989162614579854
3.644	 0.49905395448822054
3.647	 0.49916771973261287
3.649	 0.49927216988005785
3.652	 0.4994030133700893
3.654	 0.4994202281839982
3.657	 0.49950870774680933
3.659	 0.4995695520761508
3.662	 0.4996383771829909
3.665	 0.49968297992129246
3.667	 0.49971033580477814
3.67	 0.4997479149333962
3.672	 0.4997902367154979
3.675	 0.49982830847861387
3.678	 0.4998558953690275
3.68	 0.49984181322042265
3.683	 0.49991404554129454
3.685	 0.49989837140078713
3.688	 0.4999220162022806
3.691	 0.4999513327509763
3.693	 0.4999549449156099
3.696	 0.49994280055470347
3.699	 0.49990784014034856
3.701	 0.4997841998150053
3.704	 0.49977244046728214
3.707	 0.49983680534786334
3.709	 0.5000221215426733
3.712	 0.5003022432461789
3.715	 0.5005977123736411
3.717	 0.5008586393255998
3.72	 0.5011946522646415
3.723	 0.5012353598457467
3.725	 0.5014686112497712
3.728	 0.501602974518641
3.731	 0.501714847377709
3.733	 0.5018259323504121
3.736	 0.5019019867103673
3.739	 0.5019771189155975
3.741	 0.5020737366378973
3.744	 0.502197195905
3.747	 0.5022544790218926
3.749	 0.5023224240395877
3.752	 0.5023304739908342
3.755	 0.502374914298284
3.758	 0.502413213528877
3.76	 0.5024346496697363
3.763	 0.5024505536162804
3.766	 0.5024720273615045
3.769	 0.502486330530305
3.771	 0.5024985188115254
3.774	 0.502494193784426
3.777	 0.502540969366796
3.779	 0.5025538221516522
3.782	 0.502614454927654
3.785	 0.5026613152442956
3.788	 0.502681452947736
3.791	 0.5026796356211548
3.793	 0.502655444334238
3.796	 0.50263240989528
3.799	 0.5026451601730718
3.802	 0.5026746413131344
3.804	 0.5026935646994602
3.807	 0.5026769568500038
3.81	 0.5026820088852048
3.813	 0.5026753202514426
3.816	 0.5026829985216779
3.818	 0.5026656934368934
3.821	 0.5026323292603556
3.824	 0.5026061493673775
3.827	 0.5025225822896014
3.83	 0.5024680903246654
3.833	 0.502423336211439
3.835	 0.5023836783174407
3.838	 0.5023567934906629
3.841	 0.5023465471178884
3.844	 0.5023844616220534
3.847	 0.5023773675611214
3.85	 0.5023916386295552
3.852	 0.5024139120338305
3.855	 0.502405220607899
3.858	 0.5023907991776436
3.861	 0.5023748048590491
3.864	 0.5023552411713954
3.867	 0.5023388304728744
3.87	 0.5023359015353943
3.873	 0.5023140003426413
3.876	 0.502285035845988
3.878	 0.5022373382408203
3.881	 0.5022025213310605
3.884	 0.5021570118184667
3.887	 0.5021131122517771
3.89	 0.5020543087864002
3.893	 0.501993234478669
3.896	 0.5019457199689583
3.899	 0.5018816777641648
3.902	 0.5018479847867224
3.905	 0.5018134973141154
3.908	 0.5017662081585079
3.911	 0.5016992884338067
3.914	 0.5016496020848078
3.917	 0.5015926617711443
3.919	 0.5015376010401642
3.922	 0.5014905707558986
3.925	 0.5014398104531713
3.928	 0.5013827214874763
3.931	 0.5012944915769882
3.934	 0.5012389842315913
3.937	 0.5011916185344047
3.94	 0.5011344103251368
3.943	 0.5010550046615522
3.946	 0.5009794462353074
3.949	 0.5009029546556469
3.952	 0.5008489154677499
3.955	 0.5007858677670873
3.958	 0.5007398642220569
3.961	 0.5007118856995941
3.964	 0.5006892777349711
3.967	 0.5006623485334871
3.97	 0.5006006058036703
3.974	 0.5005208055151678
3.977	 0.5004715310012947
3.98	 0.5003855568421599
3.983	 0.5003113079959479
3.986	 0.5002459371907862
3.989	 0.5002223728088905
3.992	 0.5001867631768042
3.995	 0.5001783106731496
3.998	 0.5001605711079999
4.001	 0.5001193645267019
4.004	 0.5000916522677414
4.007	 0.5001129674614277
4.01	 0.5001311562344367
4.014	 0.5001449447694369
4.017	 0.5002399401420801
4.02	 0.5003871211521326
4.023	 0.5003879342299349
4.026	 0.5005967033889422
4.029	 0.5008350626268838
4.032	 0.5010381140192107
4.035	 0.5012308232913708
4.039	 0.5014175722941412
4.042	 0.5015544740758965
4.045	 0.5016753042643273
4.048	 0.50179760187203
4.051	 0.5018912474392998
4.054	 0.5019623439808518
4.057	 0.5020184176685988
4.061	 0.5020125535131413
4.064	 0.5020778301677148
4.067	 0.5022189701279011
4.07	 0.5023894224812092
4.073	 0.5025423918628348
4.077	 0.5026789761224799
4.08	 0.5028164018724652
4.083	 0.5029445097383906
4.086	 0.5030777063300718
4.089	 0.5031913882222806
4.093	 0.5032591804978415
4.096	 0.5033663855505448
4.099	 0.5034966155717312
4.102	 0.5036234378581096
4.106	 0.5037167418781323
4.109	 0.5038177957665567
4.112	 0.5038978258221
4.115	 0.5039480760105934
4.119	 0.5040050437333257
4.122	 0.5040559544754157
4.125	 0.5041365757178699
4.129	 0.5040920707012405
4.132	 0.5041743243134924
4.135	 0.5042001336582456
4.138	 0.504221599589958
4.142	 0.5042484328367697
4.145	 0.5042626531644187
4.148	 0.5042553185987219
4.152	 0.5042484939252414
4.155	 0.5042484373122897
4.158	 0.504243623086902
4.162	 0.5042221865017796
4.165	 0.504301936042893
4.168	 0.5042820078552405
4.172	 0.504282424672489
4.175	 0.5042669444661703
4.178	 0.5042215043843801
4.182	 0.5042082038528073
4.185	 0.5042124080470816
4.189	 0.5042004386486229
4.192	 0.5041739781899387
4.195	 0.5041148775098436
4.199	 0.5040305271786018
4.202	 0.504070541523913
4.206	 0.5037760650192401
4.209	 0.5037186692791136
4.212	 0.5035059200748057
4.216	 0.5032343485084569
4.219	 0.5028756602983034
4.223	 0.5024091729450993
4.226	 0.5018687285720862
4.23	 0.5013412024110816
4.233	 0.5008519395177076
4.236	 0.5004483708107148
4.24	 0.49999098546857523
4.243	 0.4994616202506765
4.247	 0.4991130113951483
4.25	 0.49870410949519106
4.254	 0.49835938707841326
4.257	 0.49808141172161546
4.261	 0.4977841457871758
4.264	 0.49740680644799457
4.268	 0.49693583594888974
4.271	 0.4964718014512013
4.275	 0.4960653196706069
4.278	 0.4957417630286578
4.282	 0.49535306206522023
4.285	 0.49495042335111233
4.289	 0.4945643647941051
4.293	 0.49416704714990145
4.296	 0.49382269660286454
4.3	 0.4934502315763171
4.303	 0.4931165868368675
4.307	 0.49283176434379206
4.31	 0.4925534307960397
4.314	 0.4923294116962597
4.318	 0.4921461791834901
4.321	 0.49198436325928757
4.325	 0.49176786238353387
4.328	 0.49170554684396095
4.332	 0.4914824200600401
4.336	 0.49134509540541527
4.339	 0.49122429471555906
4.343	 0.49112942839897666
4.347	 0.4910794214857088
4.35	 0.4910709705708127
4.354	 0.4910701875368935
4.358	 0.49102029794196783
4.361	 0.490991524268266
4.365	 0.49087104899391204
4.369	 0.4908338225777085
4.372	 0.4907920375719402
4.376	 0.49078785606471165
4.38	 0.4907681388203847
4.383	 0.4907041677320378
4.387	 0.4906502386932325
4.391	 0.490606821362396
4.394	 0.49058125467635794
4.398	 0.49060578841317465
4.402	 0.49063101486611715
4.406	 0.4907346962873306
4.409	 0.49083460485337443
4.413	 0.4909389331457426
4.417	 0.49108668987911513
4.421	 0.49128871059101015
4.424	 0.4915645259729193
4.428	 0.49186150382925
4.432	 0.49211464547491446
4.436	 0.49253642702691497
4.44	 0.49273334639677613
4.443	 0.4927488245811535
4.447	 0.49313639597685244
4.451	 0.4933681148582082
4.455	 0.4935161903560809
4.459	 0.4936307096666425
4.463	 0.49377745024241626
4.466	 0.49398921986856364
4.47	 0.49423390169944775
4.474	 0.4944640065038787
4.478	 0.49484119525773435
4.482	 0.49505191219958694
4.486	 0.4952870063745764
4.49	 0.4955038549968124
4.493	 0.49567454682584944
4.497	 0.49588709337200987
4.501	 0.4960827929195957
4.505	 0.4962531594571127
4.509	 0.49641466811584906
4.513	 0.4965577017493228
4.517	 0.4966486665380322
4.521	 0.49681530074059327
4.525	 0.49684737842638305
4.529	 0.496918107921201
4.533	 0.49702827585730225
4.537	 0.4971400713401068
4.541	 0.49724444766192094
4.545	 0.49730614393184563
4.549	 0.49733020027640007
4.553	 0.4973189898322514
4.557	 0.497348348976598
4.561	 0.49746396127098347
4.565	 0.49752503549386673
4.569	 0.49760200152260153
4.573	 0.49768627210369404
4.577	 0.4977768790345243
4.581	 0.4978824832456697
4.585	 0.49798029495236257
4.589	 0.49806165705360517
4.593	 0.49817313789441986
4.597	 0.4982612012959537
4.601	 0.4982806780068337
4.605	 0.49830956334596943
4.609	 0.4983815621843025
4.613	 0.49843434792145597
4.617	 0.49849163743693137
4.622	 0.4985365364699552
4.626	 0.49856534808134756
4.63	 0.4985982263556672
4.634	 0.49863227643618185
4.638	 0.4986702560242784
4.642	 0.4987117058724692
4.646	 0.4988039259407004
4.651	 0.49889881473317116
4.655	 0.4989851837457335
4.659	 0.4990685904286949
4.663	 0.4991530505676978
4.667	 0.4992226047927576
4.672	 0.49926777735191813
4.676	 0.49929476564185743
4.68	 0.49933624640536567
4.684	 0.4993821959755604
4.688	 0.4994128333560545
4.693	 0.49947362938165046
4.697	 0.49954837642541156
4.701	 0.49957153728807085
4.705	 0.4996428246684229
4.71	 0.49967834667963146
4.714	 0.49976031154532
4.718	 0.49989168603933914
4.723	 0.5000365974694015
4.727	 0.5001510161883879
4.731	 0.5002248389955075
4.736	 0.5002655986616139
4.74	 0.5002787748749163
4.744	 0.500309839597176
4.749	 0.500380132999407
4.753	 0.5004657839403589
4.757	 0.5005050324806017
4.762	 0.5005507770625307
4.766	 0.500531969526005
4.77	 0.5005068840837814
4.775	 0.5004979689568841
4.779	 0.5005013355970206
4.784	 0.5005301416690557
4.788	 0.5005740704770583
4.792	 0.5005672306030661
4.797	 0.5005518895019935
4.801	 0.5006104420816903
4.806	 0.5006832142331439
4.81	 0.5006951006329926
4.815	 0.5007403643369306
4.819	 0.5007362321758797
4.824	 0.5007554226019651
4.828	 0.5007999813957814
4.833	 0.5008525817761815
4.837	 0.50094112176178
4.842	 0.5010540537727951
4.846	 0.5011105293937878
4.851	 0.5011352950231157
4.855	 0.5011635056547978
4.86	 0.5011769113292794
4.864	 0.5011867142115097
4.869	 0.5012182582810661
4.874	 0.5012975463538173
4.878	 0.5014221214327861
4.883	 0.5014994644273646
4.887	 0.5015671531371199
4.892	 0.5016269802866181
4.897	 0.5016567882390437
4.901	 0.5017105514501639
4.906	 0.5017926054271741
4.91	 0.5018517192393429
4.915	 0.5018703328178676
4.92	 0.5018505589462053
4.924	 0.5018404057438504
4.929	 0.5018348950872481
4.934	 0.5018261941996555
4.939	 0.5018320796775948
4.943	 0.5018596413012402
4.948	 0.501848654881131
4.953	 0.5017634376614755
4.957	 0.5017722633398113
4.962	 0.5018746712108436
4.967	 0.5019864835680694
4.972	 0.5020406196378029
4.976	 0.5020911766780617
4.981	 0.5020728438551963
4.986	 0.5020411249029869
4.991	 0.5020294673091187
4.996	 0.5020489766012183
5.0	 0.5020233287161315
5.005	 0.5019236526725127
5.01	 0.5018845367385232
5.015	 0.5018611686208042
5.02	 0.501816312362446
5.025	 0.501789649576466
5.03	 0.5017825786196988
5.034	 0.5017589147678099
5.039	 0.5017014360028281
5.044	 0.501640635790933
5.049	 0.5016050852388354
5.054	 0.5015605885225214
5.059	 0.5015313350572832
5.064	 0.5015379744913816
5.069	 0.5015556686250858
5.074	 0.5014849169230194
5.079	 0.5013457415606101
5.084	 0.5012594377715963
5.089	 0.5011753229662473
5.094	 0.5010585249685936
5.099	 0.5009671286689986
5.104	 0.5009229758151197
5.109	 0.5008360270923959
5.114	 0.5007653485631457
5.119	 0.5007389255775142
5.124	 0.500715142291961
5.129	 0.500715334450463
5.134	 0.5006852662803253
5.139	 0.5006708767245561
5.144	 0.5006237799019226
5.149	 0.5005747584331862
5.155	 0.5004534599830305
5.16	 0.500297725403733
5.165	 0.5001514367562248
5.17	 0.5000888773356915
5.175	 0.5000068463841305
5.18	 0.49994519795366504
5.185	 0.4999216848643143
5.191	 0.49990118840377823
5.196	 0.4998994570681681
5.201	 0.4999349024062994
5.206	 0.49998260509103093
5.211	 0.49997728174813383
5.217	 0.5000243024103572
5.222	 0.4999194214665292
5.227	 0.49968950046708155
5.233	 0.4995784123539919
5.238	 0.4995600747419406
5.243	 0.4995029973241457
5.248	 0.4994399871089874
5.254	 0.4994010924916626
5.259	 0.49926592520158436
5.264	 0.49911110813110954
5.27	 0.49882695891314
5.275	 0.4987183351390687
5.28	 0.4986485791267825
5.286	 0.4985488646130075
5.291	 0.498565027355633
5.297	 0.49860634243557916
5.302	 0.49853461138514243
5.308	 0.4984349721045965
5.313	 0.49837996731828993
5.318	 0.49828697714355374
5.324	 0.49808591590549434
5.329	 0.49795674733860806
5.335	 0.49788204675104136
5.34	 0.4978317797752241
5.346	 0.4978710144851536
5.351	 0.49796815791900806
5.357	 0.4980445709794357
5.362	 0.49799041765169694
5.368	 0.49787731364936144
5.374	 0.4977505252783731
5.379	 0.49755036018157334
5.385	 0.4972313969514203
5.39	 0.4970264208277678
5.396	 0.4969076734019622
5.401	 0.4967253796358834
5.407	 0.4965713511386846
5.413	 0.49641682178572355
5.418	 0.4964048655784236
5.424	 0.4965856984198546
5.43	 0.4967804192924115
5.435	 0.4967058970922252
5.441	 0.4964351783815558
5.447	 0.49599824758535915
5.453	 0.4956508923746589
5.458	 0.49542178071424364
5.464	 0.4955926481620405
5.47	 0.49577992896239315
5.476	 0.4956836875039321
5.481	 0.49556979970949844
5.487	 0.495499553286303
5.493	 0.49522990441456666
5.499	 0.49503937996734776
5.505	 0.4950013911400796
5.511	 0.4948159190973253
5.516	 0.49446350223496505
5.522	 0.4941957903827028
5.528	 0.49400554658335905
5.534	 0.49375145102853535
5.54	 0.4934814641450677
5.546	 0.49302118396833655
5.552	 0.49251242796137584
5.558	 0.49223937186440403
5.564	 0.49177398031141856
5.57	 0.49100390633094704
5.576	 0.4907055478102901
5.582	 0.490837864610629
5.588	 0.4909964525486979
5.594	 0.4910031522872819
5.6	 0.4908465345165587
5.606	 0.49088831380686393
5.612	 0.49094825378856616
5.618	 0.49092327937228586
5.624	 0.4904688951929067
5.63	 0.4899071922207332
5.636	 0.4899896608891851
5.642	 0.49069268474384325
5.649	 0.4916423183489609
5.655	 0.49242945507891567
5.661	 0.49291393371824405
5.667	 0.49312308773537666
5.673	 0.49310507563414246
5.68	 0.49369245503382053
5.686	 0.4937582116754929
5.692	 0.49386888271778057
5.698	 0.49422871427348863
5.705	 0.49467455539984384
5.711	 0.4956987376121824
5.717	 0.49695647357675826
5.723	 0.4980136783952596
5.73	 0.4989041150326369
5.736	 0.4994146884415361
5.742	 0.49990445635666947
5.749	 0.5010555618566787
5.755	 0.5023098358775294
5.762	 0.5037049937347801
5.768	 0.5054110944687525
5.774	 0.5068894747261375
5.781	 0.5078226012865541
5.787	 0.5084177403517299
5.794	 0.5088466689231947
5.8	 0.5095308591246185
5.807	 0.5101142362907948
5.813	 0.5106159996023041
5.82	 0.511325156080296
5.826	 0.5125299010345084
5.833	 0.5135538999771647
5.839	 0.5137650706658627
5.846	 0.512779920627032
5.853	 0.5112803654768021
5.859	 0.5105748345627729
5.866	 0.510345115335099
5.873	 0.5099903685994529
5.879	 0.5099166310119538
5.886	 0.510467067190533
5.893	 0.5110346930412587
5.899	 0.5115632730089281
5.906	 0.5116508760736271
5.913	 0.5107046001204973
5.919	 0.5094766056996199
5.926	 0.508846757201965
5.933	 0.5091458235670927
5.94	 0.5099794757773055
5.947	 0.5103027570405073
5.953	 0.5098362294894185
5.96	 0.5091623228510301
5.967	 0.5084882776811501
5.974	 0.5072552872287341
5.981	 0.5067135435904961
5.988	 0.506167817576514
5.995	 0.506062417750549
6.002	 0.5056372352686538
6.009	 0.505174368188481
6.016	 0.5048358856288313
6.023	 0.5042180574496671
6.03	 0.5033700232301688
6.037	 0.5028792326680257
6.044	 0.503435951390293
6.051	 0.5052869783858284
6.058	 0.5069223469532905
6.065	 0.5075139668351878
6.072	 0.5079753983470009
6.079	 0.5081656771686345
6.086	 0.5077214516241574
6.093	 0.507068333637625
6.101	 0.5062110651981496
6.108	 0.5060376919631394
6.115	 0.5065364960237095
6.122	 0.5068527579183817
6.129	 0.5063524054677461
6.137	 0.504995678194985
6.144	 0.503189708731294
6.151	 0.5017580911543669
6.158	 0.501044518086162
6.166	 0.5004877543432212
6.173	 0.499429284889491
6.18	 0.4988320365020522
6.188	 0.49904204707205124
6.195	 0.4989039053043594
6.203	 0.4988002883410457
6.21	 0.498837712498625
6.218	 0.4978402839446447
6.225	 0.49678256889940076
6.232	 0.49635146697372035
6.24	 0.4958371921368061
6.248	 0.494661429656243
6.255	 0.4929796765200606
6.263	 0.49199038677694407
6.27	 0.4913224467959442
6.278	 0.4902057229562511
6.285	 0.4890181859488449
6.293	 0.48793483886430056
6.301	 0.4869861781746121
6.308	 0.48637690454997634
6.316	 0.48565662787583613
6.324	 0.4851047930869623
6.331	 0.48523439107161653
6.339	 0.4857853258506017
6.347	 0.48675677918408905
6.355	 0.48741236984644837
6.362	 0.4874149501219134
6.37	 0.4875018486859592
6.378	 0.48732467424682535
6.386	 0.48665110677537915
6.394	 0.48581048414227185
6.402	 0.4854931684064266
6.41	 0.48632763498900416
6.418	 0.488053798367624
6.426	 0.48918337055890065
6.434	 0.48911948568944363
6.442	 0.48843145239707747
6.45	 0.48827068761236736
6.458	 0.48846734504919104
6.466	 0.48869091884440763
6.474	 0.4888756251790076
6.482	 0.4897255260426958
6.49	 0.4911631532027495
6.498	 0.493185160420452
6.506	 0.49460980837707713
6.514	 0.49499816596217844
6.523	 0.49538530972321854
6.531	 0.4958515001162321
6.539	 0.4962188538413949
6.547	 0.4963564573771018
6.556	 0.49687100167538106
6.564	 0.4977831912643913
6.572	 0.4988338572612443
6.58	 0.5000030081086577
6.589	 0.5008913223499494
6.597	 0.5016098509605812
6.606	 0.5022963499148535
6.614	 0.5016342580476865
6.623	 0.5012903396113519
6.631	 0.5020765094063011
6.639	 0.5040639302305912
6.648	 0.5061477760262746
6.657	 0.5068457364089768
6.665	 0.5064678313525073
6.674	 0.5063955985085056
6.682	 0.5065310170549789
6.691	 0.5062478412995475
6.7	 0.5057282040178013
6.708	 0.5058583671671528
6.717	 0.5065747790360196
6.726	 0.5070639574941066
6.734	 0.507538043286375
6.743	 0.5077061982794965
6.752	 0.5075576696703161
6.761	 0.506880568429179
6.769	 0.506476389562592
6.778	 0.5060470401920182
6.787	 0.5063303556336092
6.796	 0.5067507904406529
6.805	 0.5066719771084396
6.814	 0.5065156588690024
6.823	 0.5062229566446658
6.832	 0.50548162238131
6.841	 0.5038562863222704
6.85	 0.5027436361060259
6.859	 0.5033250988628372
6.868	 0.5049899043714264
6.877	 0.5058673523405124
6.886	 0.505812956244038
6.896	 0.505697768895281
6.905	 0.5058529940421082
6.914	 0.5055208578883789
6.923	 0.5048914013540905
6.932	 0.5043145365037448
6.942	 0.5039767329984591
6.951	 0.5038280645992613
6.96	 0.5041203609208404
6.97	 0.5044347127775243
6.979	 0.5039024493719203
6.988	 0.5033173061643657
6.998	 0.5029093353112708
7.007	 0.5026519073677248
7.017	 0.5022403536270602
7.026	 0.502002921693112
7.036	 0.5019239844652337
7.045	 0.502567170576207
7.055	 0.5028358038141507
7.065	 0.5019033890754723
7.074	 0.5003571496781831
7.084	 0.49945788398398916
7.094	 0.4987470076249442
7.103	 0.4982068545930623
7.113	 0.497611699227252
7.123	 0.4973916131414222
7.133	 0.497258324444487
7.142	 0.49698028436125957
7.152	 0.4968053962965231
7.162	 0.49645993151839163
7.172	 0.49663447254046444
7.182	 0.496795400699734
7.192	 0.49684534022927007
7.202	 0.49702686805811713
7.212	 0.49765302676964374
7.222	 0.49799124758379365
7.232	 0.4981509753837494
7.242	 0.49811773653500246
7.252	 0.4978877871982578
7.262	 0.49784769962908076
7.273	 0.49839718718391945
7.283	 0.499077889783526
7.293	 0.49969569222207166
7.303	 0.5007706856577829
7.314	 0.5012761748343058
7.324	 0.5018139982893495
7.334	 0.5024715106079775
7.345	 0.5032224586474778
7.355	 0.5036311112426985
7.366	 0.5039126864984602
7.376	 0.5039019644437449
7.387	 0.5040327671621219
7.397	 0.5040215861098076
7.408	 0.5039904925235995
7.418	 0.5038381577716939
7.429	 0.5040411761374248
7.44	 0.5041591245629115
7.45	 0.5041862281281472
7.461	 0.5041558824148307
7.472	 0.5042984612163197
7.483	 0.504170511819408
7.493	 0.5038187923243109
7.504	 0.5036070829740263
7.515	 0.503291946596018
7.526	 0.503031106772307
7.537	 0.5023562215493796
7.548	 0.5017071328406917
7.559	 0.5010654090936765
7.57	 0.5006222140832643
7.581	 0.5003017753685067
7.592	 0.5002372650560152
7.603	 0.4998495921292447
7.614	 0.49935963650327003
7.626	 0.49866986715685596
7.637	 0.49807115748784214
7.648	 0.4976015794493741
7.659	 0.49738673264264727
7.671	 0.4968131735721093
7.682	 0.4962138027294854
7.694	 0.49556704260651635
7.705	 0.49534202696295543
7.716	 0.49502851559169236
7.728	 0.4947539208050245
7.739	 0.494834446082807
7.751	 0.4948666451479438
7.763	 0.49501982571307374
7.774	 0.49479404048806164
7.786	 0.4944931018668249
7.798	 0.4942490202717426
7.809	 0.4944192009020559
7.821	 0.4945752197404981
7.833	 0.49494503512007776
7.845	 0.49513085800545487
7.857	 0.49535532860646386
7.869	 0.49558128549575775
7.881	 0.49615838663149103
7.893	 0.4966851451628527
7.905	 0.49747187311066
7.917	 0.49807921668530575
7.929	 0.49869419058398234
7.941	 0.4991504497718206
7.953	 0.49930401163682625
7.965	 0.4999557605504333
7.978	 0.50065696364576
7.99	 0.5015316547613016
8.002	 0.5021065118491713
8.015	 0.5027345717097722
8.027	 0.5030776627536774
8.039	 0.5036757267147771
8.052	 0.5040989327332668
8.064	 0.5045656126433387
8.077	 0.5047568353199035
8.09	 0.5050956506723746
8.102	 0.5051859687497199
8.115	 0.5053065644300084
8.128	 0.5050383229495845
8.14	 0.5048508776127895
8.153	 0.5045317004427975
8.166	 0.5042594001478736
8.179	 0.5040154192097654
8.192	 0.50370576345144
8.205	 0.503338678068769
8.218	 0.5031683288088437
8.231	 0.5029909865238587
8.244	 0.5024707055786933
8.257	 0.5021812126507289
8.27	 0.5018215963393201
8.283	 0.5016095718541401
8.297	 0.5010531965528066
8.31	 0.500911567225078
8.323	 0.5008377504403625
8.337	 0.5010334416564182
8.35	 0.5010913771355858
8.364	 0.5013370300509813
8.377	 0.5013298858735389
8.391	 0.5015958492792206
8.404	 0.5018351437970023
8.418	 0.5022791288573552
8.432	 0.5025211794145136
8.445	 0.5031227059687164
8.459	 0.503696850719438
8.473	 0.5042773880518544
8.487	 0.5050080060598561
8.501	 0.5056464364129579
8.515	 0.5058560548761766
8.529	 0.5059007626734316
8.543	 0.5062366113022881
8.557	 0.5061984883304834
8.571	 0.5064063397319281
8.585	 0.50635685046954
8.599	 0.5063413628633757
8.614	 0.505826786794486
8.628	 0.5054355098628341
8.642	 0.5046657829534406
8.657	 0.5041161184074391
8.671	 0.5032209542059002
8.686	 0.5026177592778375
8.7	 0.501880960333958
8.715	 0.5017565164345755
8.73	 0.5013936535162951
8.744	 0.5014541679544176
8.759	 0.5013881353045779
8.774	 0.5011472608159002
8.789	 0.5010222846182746
8.804	 0.5012042484305287
8.819	 0.5016301044371996
8.834	 0.5020201279879999
8.849	 0.5027394992431887
8.864	 0.5032433367140992
8.879	 0.5038394547669004
8.894	 0.5038804659643449
8.91	 0.5041378582049756
8.925	 0.5040035058310972
8.94	 0.5038937849711391
8.956	 0.5032721125993997
8.971	 0.5032484316985723
8.987	 0.5032803437515316
9.002	 0.5033496227325487
9.018	 0.5026857541904002
9.034	 0.5016625809023743
9.05	 0.5009621987300673
9.065	 0.5005334326816422
9.081	 0.5003363840617422
9.097	 0.5000507867717389
9.113	 0.49955773373454715
9.129	 0.49925334935212723
9.145	 0.49949905518002313
9.162	 0.499936625966454
9.178	 0.499869041382923
9.194	 0.4997614453456509
9.21	 0.4999998082458135
9.227	 0.5004097262139265
9.243	 0.5010509410150007
9.26	 0.5010175044542207
9.276	 0.5011379106250128
9.293	 0.5010127607859024
9.31	 0.5014065682305475
9.326	 0.5014087124748143
9.343	 0.5013938103910889
9.36	 0.500681131392666
9.377	 0.5005291598139383
9.394	 0.5002685640328451
9.411	 0.4997997283672107
9.428	 0.49919179173555245
9.445	 0.4989784555352065
9.462	 0.49891748968160365
9.48	 0.49871537498158236
9.497	 0.4985948456173004
9.515	 0.4988035855620387
9.532	 0.4990354734007044
9.55	 0.4992681512303344
9.567	 0.49940310202576566
9.585	 0.49925832427352634
9.603	 0.4994191246300377
9.62	 0.4997288022182459
9.638	 0.5003685080700733
9.656	 0.5004836837353281
9.674	 0.5008447604115684
9.692	 0.5007520086212499
9.711	 0.5006434365092658
9.729	 0.49998823751365945
9.747	 0.4997916433044125
9.765	 0.49952776497414125
9.784	 0.49982180678685323
9.802	 0.49967869231465256
9.821	 0.49912356913134276
9.839	 0.4985569838930949
9.858	 0.49826523821860547
9.877	 0.49803371642837535
9.896	 0.49780844486026915
9.915	 0.4977928934733799
9.934	 0.4977650470690771
9.953	 0.4976453000392875
9.972	 0.49741617900875235
9.991	 0.4970824774926679
10.01	 0.49680382109580357
10.03	 0.4967057738613659
10.049	 0.49659853475343224
10.069	 0.49642160386076595
10.088	 0.4963985162503468
10.108	 0.4966785464777855
10.128	 0.49651602832951314
10.148	 0.4966475929557075
10.167	 0.49624799717193785
10.187	 0.4965750179876874
10.207	 0.49666464314785946
10.228	 0.49729423913268467
10.248	 0.49747808368915064
10.268	 0.4980423678274173
10.289	 0.49828642642018905
10.309	 0.4984511908813502
10.33	 0.4986422777379769
10.35	 0.49907005221570166
10.371	 0.499380543269342
10.392	 0.4992965126714569
10.412	 0.498961933702939
10.433	 0.4985738469030447
10.454	 0.4983594371562803
10.476	 0.4982527427874847
10.497	 0.4982658556564477
10.518	 0.4984124219997097
10.539	 0.49842216294436603
10.561	 0.49831616596797235
10.582	 0.4982666558090297
10.604	 0.4984179055861893
10.626	 0.49870947067905735
10.648	 0.49895640192435703
10.67	 0.49932102970112174
10.692	 0.498883808842686
10.714	 0.4987200168326554
10.736	 0.49829896447910627
10.758	 0.49831971851994844
10.78	 0.49804873412631695
10.803	 0.4986242059279494
10.825	 0.4984529682596936
10.848	 0.4981640792379446
10.871	 0.4981528880914056
10.894	 0.4984780757066549
10.917	 0.4985886070510151
10.94	 0.4986574606827771
10.963	 0.498669279557221
10.986	 0.49831321787657656
11.009	 0.4980512507788369
11.033	 0.4984429661825505
11.056	 0.49885937106250905
11.08	 0.49878868733531123
11.104	 0.49865859165404935
11.127	 0.49890374189433395
11.151	 0.4992960926501447
11.175	 0.5000862812769629
11.2	 0.5009955531957258
11.224	 0.5014696027759901
11.248	 0.5016527885424326
11.273	 0.5023188731798003
11.297	 0.5032095141767315
11.322	 0.5031363311542228
11.347	 0.5032748853010522
11.372	 0.5021849095579861
11.397	 0.5015592928181809
11.422	 0.5002369262577664
11.447	 0.4998440185362699
11.472	 0.49834958512506816
11.498	 0.4971955279428084
11.523	 0.4972229568897117
11.549	 0.4976001086743242
11.575	 0.4978055904475083
11.6	 0.4981922151793413
11.626	 0.4986121433663487
11.653	 0.4994471372311421
11.679	 0.5007470667202634
11.705	 0.5014458086687962
11.732	 0.5015378088874748
11.758	 0.5021256031351702
11.785	 0.5031080764669894
11.812	 0.5039838537195186
11.839	 0.504652406820014
11.866	 0.5048280522600991
11.893	 0.5043764825991652
11.92	 0.5042173408674177
11.948	 0.5041231939960903
11.976	 0.5037499720151342
12.003	 0.5033515012787153
12.031	 0.5027233479717932
12.059	 0.5021147542202169
12.087	 0.5013356704991737
12.115	 0.5018313660359451
12.144	 0.5013230989011802
12.172	 0.5014616345617319
12.201	 0.5004156850168372
12.23	 0.5004840342683929
12.259	 0.5006425238682525
12.288	 0.500999087041152
12.317	 0.5007401032702238
12.346	 0.5007653675484159
12.376	 0.5013105315172088
12.405	 0.5022544380222782
12.435	 0.5030344070905693
12.465	 0.5035067312133289
12.495	 0.5038256493368022
12.525	 0.5043021928404695
12.555	 0.5035931972209198
12.586	 0.5017211483433414
12.617	 0.4989504528046471
12.647	 0.4955646478364765
12.678	 0.49246924330335967
12.709	 0.4897899246769401
12.741	 0.488255889345148
12.772	 0.48853236824561247
12.803	 0.49006398291473857
12.835	 0.4927310261926953
12.867	 0.4959917474582346
12.899	 0.4992329204253566
12.931	 0.5018755874937407
12.964	 0.5032280195616227
12.996	 0.5037073522556359
13.029	 0.5042636714118856
13.061	 0.5044094739295221
13.094	 0.5028652541927344
13.128	 0.5023289957789682
13.161	 0.5006581673056048
13.194	 0.5008140466231461
13.228	 0.4991534199037278
13.262	 0.49824304538799413
13.296	 0.49835319291768065
13.33	 0.49887010378305985
13.364	 0.49905547509602666
13.399	 0.4993301094852311
13.434	 0.4993210168956261
13.469	 0.49903786500667713
13.504	 0.4987762422196434
13.539	 0.4987121936860696
13.574	 0.4972936972746686
13.61	 0.49664996043260357
13.646	 0.4976116083249484
13.682	 0.49927199831188007
13.718	 0.5006442754541613
13.754	 0.5029807118086477
13.791	 0.5062400940475066
13.828	 0.5079499482547747
13.865	 0.5077016576901314
13.902	 0.5064508390784217
13.939	 0.5044846330754756
13.977	 0.5016505076089439
14.015	 0.49882057090603016
14.053	 0.4968573647424282
14.091	 0.49578537681853185
14.129	 0.4966048454815936
14.168	 0.49788788080572677
14.207	 0.49917610603877993
14.246	 0.5002810743285446
14.285	 0.5021167095542459
14.324	 0.5034291551145484
14.364	 0.5015452171108082
14.404	 0.5009750451023536
14.444	 0.4977280607310352
14.484	 0.4967234188499632
14.525	 0.4942275975810886
14.566	 0.49427518459742675
14.607	 0.49587459828162916
14.648	 0.49810070845546195
14.69	 0.49844026753377224
14.731	 0.4990247979938701
14.773	 0.49752676559604275
14.815	 0.4946190558949746
14.858	 0.4937277063043565
14.901	 0.49507920142468836
14.944	 0.49573646528839194
14.987	 0.4981238147754629
15.03	 0.5001351059230437
15.074	 0.5011608131090894
15.118	 0.5021744691737018
15.162	 0.5033446163765313
15.206	 0.503685141509434
15.251	 0.501924060170609
15.296	 0.5022988967976301
15.341	 0.4968635756586492
15.387	 0.0
