0.3 1.0
0.302 1.0
0.304 0.9056603773584906
0.306 0.8282061855670103
0.308 0.763492660895747
0.31 0.7085813148788928
0.312 0.6613739676035597
0.314 0.6203405978325593
0.316 0.5842609082813891
0.318 0.5518214603041866
0.32 0.5219704433497537
0.322 0.5197497066875245
0.324 0.517740134931806
0.326 0.5158848768259171
0.328 0.5142008716892572
0.33 0.5126838322783305
0.332 0.5113066515280538
0.334 0.5100639578630549
0.336 0.5090722035166481
0.338 0.508610257842316
0.34 0.5087393945013676
0.342 0.508982589017688
0.344 0.5092924832091269
0.346 0.5096682551319648
0.348 0.5100625199653175
0.35 0.5104971371444151
0.352 0.5109944801375441
0.354 0.5114854517611025
0.356 0.511991751468149
0.358 0.5125345704344723
0.36 0.5131549758196903
0.362 0.5139152295682088
0.364 0.5147065269802306
0.366 0.515569879360655
0.368 0.5165030064454731
0.37 0.5174813160381411
0.372 0.5184821999573651
0.374 0.5195261265072986
0.376 0.5205289672544081
0.378 0.5213696575856035
0.38 0.5219475903116475
0.382 0.5222632226322262
0.384 0.5223917022574741
0.386 0.52227602905569
0.388 0.5219027788900457
0.39 0.5212968849332485
0.392 0.5204463898418707
0.394 0.519412915851272
0.396 0.5182796534441898
0.398 0.5171482581690521
0.4 0.5160758766047135
0.402 0.5150199885779555
0.404 0.5140749148694667
0.406 0.513239055212878
0.408 0.512528984965218
0.41 0.5119410758128116
0.412 0.5114927638153756
0.414 0.5111250276283799
0.416 0.5108177484415107
0.418 0.5105699368359561
0.42 0.5103621291448517
0.422 0.5101575230852797
0.424 0.5099545552910626
0.426 0.5097539069516794
0.428 0.5095379549765578
0.43 0.5092886432519165
0.432 0.5090243729126697
0.434 0.5087278263640548
0.436 0.5084165578572184
0.438 0.508056005065785
0.44 0.5076637087439936
0.442 0.507257528592914
0.444 0.5068020092088741
0.446 0.5063493720210138
0.448 0.5059170570883221
0.45 0.5054876570993317
0.452 0.5050780710239048
0.454 0.5047225094794897
0.456 0.5044202125829864
0.458 0.5041884097775337
0.46 0.5039923237723176
0.462 0.5038656267104543
0.464 0.5037740359984972
0.466 0.5036829900422861
0.468 0.5035924677358941
0.47 0.5035364526659412
0.472 0.5034639679413163
0.474 0.5033748261710138
0.476 0.5032520325203252
0.478 0.5031127351468399
0.48 0.5029739776951673
0.482 0.502835347330048
0.484 0.5027140015508581
0.486 0.5026266163793104
0.488 0.5025563403969054
0.49 0.5025029396942717
0.492 0.5024833881468554
0.494 0.5024807241032517
0.496 0.5025115531444645
0.498 0.5025258438995015
0.5 0.5025236487615736
0.502 0.5024880606485657
0.504 0.5024359316604378
0.506 0.5023505484613076
0.508 0.5022321428571428
0.51 0.5020972037283622
0.512 0.5019459135814788
0.514 0.5017948547497174
0.516 0.5016439175052306
0.518 0.5015265149001129
0.52 0.50144254684132
0.522 0.5013753106876553
0.524 0.5013247665099027
0.526 0.5013238895876085
0.528 0.5013726722455595
0.53 0.501454353143386
0.532 0.5015689512799338
0.534 0.5016998382678153
0.536 0.5018468438757338
0.538 0.5020264259118917
0.54 0.5022548470983245
0.542 0.502515537141166
0.544 0.5027920115622126
0.546 0.5030511811023622
0.548 0.5033420707732634
0.55 0.5036317235963879
0.552 0.5039689021004148
0.554 0.5043370508054523
0.556 0.5047194375732326
0.558 0.5050997206522445
0.56 0.5054613813891681
0.562 0.5058367016976556
0.564 0.5062417341376084
0.566 0.5066284831713752
0.568 0.5069803267113836
0.57 0.5072663252240718
0.572 0.5074703103051973
0.574 0.5075933649590881
0.576 0.5076361327194793
0.578 0.5076153383363414
0.58 0.5075159477041623
0.582 0.5073070866141732
0.584 0.5070205748390137
0.586 0.5066737686426871
0.588 0.5062820352544067
0.59 0.5058621764889305
0.592 0.5054138145612944
0.594 0.5049526471044868
0.596 0.5044938945019525
0.598 0.5040220283398305
0.6 0.5035831222586026
0.602 0.5031617261482463
0.604 0.5027418361059766
0.606 0.5023542083397445
0.608 0.5019829679958189
0.61 0.5016587823308964
0.612 0.5013659944132364
0.614 0.5010891240987883
0.616 0.5008585796639274
0.618 0.5006436978911231
0.62 0.5004443082580051
0.622 0.5002910271727476
0.624 0.5001531487380544
0.626 0.5000459403999878
0.628 0.4999540624138671
0.63 0.4998775035217738
0.632 0.4998315725003828
0.634 0.49980093712675705
0.636 0.4997703120693351
0.638 0.4997702980000612
0.64 0.49977028392906364
0.642 0.49978559176672377
0.644 0.4998315312279842
0.646 0.4998774735036452
0.648 0.49993873675182254
0.65 0.4999999999999999
0.652 0.5000612594952217
0.654 0.5001378296425617
0.656 0.500214381967414
0.658 0.5003062224399804
0.66 0.5004133370074401
0.662 0.5005203869229827
0.664 0.5006120700208104
0.666 0.500703708236446
0.668 0.5008105214864659
0.67 0.5009172628875436
0.672 0.5010848638572258
0.674 0.5012675238996976
0.676 0.5014498946918592
0.678 0.5016319433852912
0.68 0.5017984515027739
0.682 0.5019797758284601
0.684 0.5021911138161899
0.686 0.502402091948431
0.688 0.5026123936816524
0.69 0.502777019029409
0.692 0.5028801843317972
0.694 0.5029829502437843
0.696 0.5030852994555354
0.698 0.5031872148877677
0.7 0.5033038650695472
0.702 0.5033749171337311
0.704 0.5034453705654018
0.706 0.5035156249999999
0.708 0.5035852509675678
0.71 0.5036850620168974
0.712 0.5037843659317318
0.714 0.5038831471414063
0.716 0.5039665970772442
0.718 0.5040495474035255
0.72 0.5041319857312723
0.722 0.5042144001899448
0.724 0.5042666666666665
0.726 0.5043187599834348
0.728 0.5043555293075447
0.73 0.5043924296916455
0.732 0.5043997763324406
0.734 0.5043922789905103
0.736 0.5043702704288144
0.738 0.5043335675802295
0.74 0.504267757965507
0.742 0.5042168850497563
0.744 0.5041517349882003
0.746 0.5040723718657281
0.748 0.5039642203699939
0.75 0.5038566374760773
0.752 0.5037496018762487
0.754 0.5036285309509353
0.756 0.5035080121264617
0.758 0.5033878268892541
0.76 0.5032681620547669
0.762 0.5031059473139307
0.764 0.5029585798816568
0.766 0.5028117289263786
0.768 0.5026653674194658
0.77 0.5025052251839551
0.772 0.5023313023827912
0.774 0.5021578210294664
0.776 0.5019563044409538
0.778 0.5017408675799088
0.78 0.5015400410677618
0.782 0.501339718374095
0.784 0.5009120966822483
0.786 0.5001426126640045
0.788 0.4991003855490505
0.79 0.4980983156510052
0.792 0.4970500630083629
0.794 0.4961284772010324
0.796 0.49485543484508815
0.798 0.4936347926267281
0.8 0.4928041992328325
0.82 0.49232190278258864
0.84 0.49235968687714843
0.86 0.49292964344582285
0.88 0.4935373558221759
0.9 0.4938246490947663
0.92 0.4938610049870221
0.94 0.4939448897209384
0.96 0.49421303096175323
0.98 0.4938275251033667
1.0 0.49299744822265745
1.02 0.49170019371181645
1.04 0.49020487513085087
1.06 0.48872225554889026
1.08 0.4878965569087355
1.1 0.4875761413666244
1.12 0.48779528749886575
1.14 0.48791508718726306
1.16 0.4884456336657748
1.18 0.4894662921348315
1.2 0.49063429289677796
1.22 0.4913995067817509
1.24 0.4920034713612696
1.26 0.49287270463741056
1.28 0.4933012710408794
1.3 0.4935634416011526
1.32 0.4936418725862664
1.34 0.49357884796978274
1.36 0.4933930429846415
1.38 0.49336325137475506
1.4 0.49378459591965845
1.42 0.4948345797946508
1.44 0.49545483440340726
1.46 0.4957330276397912
1.48 0.4960599776678897
1.5 0.4963081348889244
1.52 0.4967027338497983
1.54 0.49717822099660103
1.56 0.49763991908294003
1.58 0.4980547249284588
1.6 0.49803858520900324
1.62 0.4979261117005885
1.64 0.4981811157969288
1.66 0.49827580650359343
1.68 0.498403174295945
1.7 0.49848191214470283
1.72 0.4982700080840744
1.74 0.4980251230251231
1.76 0.4977802261900903
1.78 0.49756730457346743
1.8 0.49735518416355673
1.82 0.49725676070512614
1.84 0.49741807671072713
1.86 0.4976769875564508
1.88 0.4979854432024953
1.9 0.4986844242325808
1.92 0.49956156019616127
1.94 0.5005843776378157
1.96 0.5014119250868253
1.98 0.5020450561578913
2.0 0.501901264259482
2.02 0.5008472919246562
2.04 0.5001631747274983
2.06 0.49959165006043577
2.08 0.4980430688610497
2.1 0.4965056798895146
2.12 0.4940815567369017
2.14 0.49212897071712947
2.16 0.48887894821822303
2.18 0.48649364740912704
2.2 0.48615226436722325
2.22 0.4856928305533729
2.24 0.4848621537373543
2.26 0.48390445364842394
2.28 0.48372844044670993
2.3 0.48381028628087863
2.32 0.4845751086803613
2.34 0.48650028955322877
2.36 0.48994439557981445
2.38 0.4922083313983832
2.4 0.49345033728604776
2.42 0.4950592840684655
2.44 0.4968063037435193
2.46 0.49815734618652907
2.48 0.4997359632146197
2.5 0.49934989808307256
2.52 0.496220312006181
2.54 0.4815835647603042
2.56 0.4591175938187742
2.58 0.43475628999963783
2.6 0.4101825502499079
2.62 0.38709125820843193
2.64 0.3633330740558949
2.66 0.339222413072745
2.68 0.31462213475241163
2.7 0.293394951362465
2.72 0.29059428939180915
2.74 0.3083862002804376
2.76 0.3345817714049319
2.78 0.3611121670835646
2.8 0.3854783183656744
2.82 0.40957727417558776
2.84 0.4335451110160171
2.86 0.46030019144184076
2.88 0.4919606172106087
2.9 0.5250862933578159
2.92 0.5397984235689366
2.94 0.5403299714244276
2.96 0.542223266759214
2.98 0.5471840912191052
3.0 0.5549910910490486
3.02 0.5633247600316036
3.04 0.5735174643613494
3.06 0.5813294978643819
3.08 0.5843084202967015
3.1 0.5825674368998783
3.12 0.5803950840182883
3.14 0.5761431465325857
3.16 0.5693798196059273
3.18 0.5626592858834315
3.2 0.556426657317885
3.22 0.5492315797733412
3.24 0.5424251142936222
3.26 0.5377302147281869
3.28 0.5362367361071999
3.3 0.5371723483524073
3.32 0.537519596690848
3.34 0.539736838355984
3.36 0.542034758523214
3.38 0.5445104533419377
3.4 0.547608202577394
3.42 0.5512901584748972
3.44 0.5536676832671403
3.46 0.5554503977130452
3.48 0.5548986753364468
3.5 0.5540304146738979
3.52 0.5536484983222383
3.54 0.5523700949064727
3.56 0.550921706259396
3.58 0.5490506372639364
3.6 0.5456779189807114
3.62 0.5424393384406884
3.64 0.5392576539756178
3.66 0.5358403818624207
3.68 0.5330183094861591
3.7 0.5297552185336851
3.72 0.526507419420159
3.74 0.5237446501159119
3.76 0.5207648925374412
3.78 0.5184206290364332
3.8 0.516747521569387
3.82 0.5148453969887713
3.84 0.5132381012270498
3.86 0.5116181446286703
3.88 0.5099724450005156
3.9 0.5088953376126985
3.92 0.5076539205414085
3.94 0.5064731845075239
3.96 0.5052490744752827
3.98 0.5038599461194206
4.0 0.5024474045255238
4.02 0.5010413125347544
4.04 0.49966431572317466
4.06 0.498487248440758
4.08 0.49713164071736055
4.1 0.4955839606038322
4.12 0.49424813745824564
4.14 0.4932340808624551
4.16 0.4928997364768575
4.18 0.4925896262407788
4.2 0.4924137701480365
4.22 0.49184269196677805
4.24 0.491036933286959
4.26 0.48971122021424746
4.28 0.4883964667404349
4.3 0.48695152632225436
4.32 0.48551907937256
4.34 0.48379604674081955
4.36 0.4818371843398678
4.38 0.479934541404035
4.4 0.47864109935087884
4.42 0.47781766329216296
4.44 0.47723008101197417
4.46 0.4768013252985546
4.48 0.47621059138301597
4.5 0.47528359401960235
4.52 0.4736660089937978
4.54 0.47215614043713566
4.56 0.47018872612739876
4.58 0.4676521401525982
4.6 0.4645676058509093
4.62 0.4619256776189229
4.64 0.4594868772279809
4.66 0.4572413628907655
4.68 0.4556357753547501
4.7 0.45398339575842567
4.72 0.45162036516586734
4.74 0.4485607705338389
4.76 0.4455067665188119
4.78 0.44234268963690454
4.8 0.4380348279585071
4.82 0.4330614548091221
4.84 0.428903501202757
4.86 0.42359582423883024
4.88 0.4137445615931074
4.9 0.40553084080738006
4.92 0.4001505778467942
4.94 0.39509122566863775
4.96 0.39321421334553647
4.98 0.393039373446857
5.0 0.39290867235557364
5.1 0.39212322404033145
5.2 0.3922813696344933
5.3 0.3980535476612423
5.4 0.4095999840890158
5.5 0.42383206807045964
5.6 0.4372882095082422
5.7 0.4473739683968022
5.8 0.4551555634069056
5.9 0.4638903866006458
6.0 0.4722732909770906
6.1 0.4813338552001602
6.2 0.49351309209430244
6.3 0.5028557573887383
6.4 0.5075645893896183
6.5 0.511632636939876
6.6 0.5179270631346721
6.7 0.5296821691506554
6.8 0.5419769382113416
6.9 0.5543673813227462
7.0 0.5714934681559007
7.1 0.5939898866587122
7.2 0.616121463710454
7.3 0.6395932904910885
7.4 0.6628367142722744
7.5 0.6825500020844766
7.6 0.69951219058658
7.7 0.7102135388213194
7.8 0.7218505568956467
7.9 0.7326236079174719
8.0 0.7378317341515469
8.1 0.735806201989833
8.2 0.7274232999412741
8.3 0.7142671884864804
8.4 0.6997853696652657
8.5 0.6794402592536931
8.6 0.658214593435836
8.7 0.6404380353285289
8.8 0.6149051017075603
8.9 0.5832451167365305
9.0 0.5517557424634201
9.1 0.5214570760755523
9.2 0.49225448662717464
9.3 0.46388289826743945
9.4 0.4410584027910073
9.5 0.4225228934753174
9.6 0.39785424630106947
9.7 0.3734787545415448
9.8 0.3556144066752545
9.9 0.34132065217250857
10.0 0.32917050458571623
10.1 0.3195494060515849
10.2 0.3124511113341414
10.3 0.3080900725913977
10.4 0.3053723499971981
10.5 0.30615686805993825
10.6 0.31455159835878094
10.7 0.32402020567379236
10.8 0.33156751254083217
10.9 0.33741451344908135
11.0 0.3430995090043109
11.1 0.3483454127765304
11.2 0.35298784945764317
11.3 0.35661766576082987
11.4 0.35877365545206874
11.5 0.3618721092764529
11.6 0.36931448379792137
11.7 0.3819912682677576
11.8 0.4007980741674489
11.9 0.4241927186579011
12.0 0.45106767934897424
12.1 0.47906772785457596
12.2 0.5056611990774929
12.3 0.5306990246035865
12.4 0.5525192933265268
12.5 0.5662599830114671
12.6 0.5702203631713045
12.7 0.5656880752611025
12.8 0.553700940409496
12.9 0.5386622322647683
13.0 0.5204025460207201
13.1 0.5024421016389427
13.2 0.4596867023819814
13.3 0.41150669319263733
13.4 0.36166255584365253
13.5 0.312701420102706
13.6 0.26262254078291675
13.7 0.21047526673132874
13.8 0.15125284477696804
13.9 0.08435498830359375
14.0 0.0
