2.5 1.0
2.499 1.0
2.498 0.9002690634325029
2.497 0.8185503283448587
2.496 0.750240491513511
2.495 0.6926071246933064
2.494 0.6429188938454967
2.493 0.5999229233496758
2.492 0.5623170355405588
2.491 0.5291975311119916
2.49 0.49970296578241624
2.489 0.49958787384163633
2.488 0.4995737384786757
2.487 0.49968315787250606
2.486 0.4996322710123657
2.485 0.4997760991290505
2.484 0.4998663634105184
2.483 0.500046251986019
2.482 0.5001079163374939
2.481 0.500257992962056
2.48 0.5003621341919438
2.479 0.5003903212460822
2.478 0.5004217715096432
2.477 0.500377554557527
2.476 0.5003819573214803
2.475 0.5003824707131607
2.474 0.5003071816637176
2.473 0.5003058383352955
2.472 0.500279726545389
2.471 0.5002392340355915
2.47 0.5002554740341254
2.469 0.5003410319203065
2.468 0.5004317000941017
2.467 0.5005413765264284
2.466 0.5005875770836941
2.465 0.5006012719276204
2.464 0.5006379469518584
2.463 0.5006313824293315
2.462 0.5006602535771206
2.461 0.5006598703459267
2.46 0.5005848647814005
2.459 0.5005617656107474
2.458 0.5005490462627309
2.457 0.5004534058840282
2.456 0.500527285800118
2.455 0.5005042398853319
2.454 0.5004867109947955
2.453 0.5004554217613012
2.452 0.5004542946008076
2.451 0.5004828758495048
2.45 0.5004790514651691
2.449 0.500333611702271
2.448 0.5003078184375274
2.447 0.5003089729914413
2.446 0.5002429426322708
2.445 0.5002982260609526
2.444 0.5003581342320467
2.443 0.5003564705540469
2.442 0.5003323710461672
2.441 0.5003138914306833
2.44 0.5003534200638684
2.439 0.5004648693868716
2.438 0.5004661751485093
2.437 0.5004743754450967
2.436 0.5004279259761174
2.435 0.5004129451254951
2.434 0.5004068052702534
2.433 0.5004168515041473
2.432 0.500425765803668
2.431 0.5004703944739445
2.43 0.5004831466755556
2.429 0.5004523123016704
2.428 0.5004193520026649
2.427 0.500467042633661
2.426 0.5004766291788498
2.425 0.5004306022077057
2.424 0.5003605792315591
2.423 0.500373597373617
2.422 0.5003436931871086
2.421 0.5002811800100159
2.42 0.5002923445821038
2.419 0.5002791723288377
2.418 0.5002017767504294
2.417 0.5001501998912901
2.416 0.5001331885071343
2.415 0.5001822886992048
2.414 0.500182371615581
2.413 0.5001525186913103
2.412 0.500093939946384
2.411 0.5000572912585759
2.41 0.5000060545083637
2.409 0.5000296306901507
2.408 0.5000478471616988
2.407 0.5001035649820703
2.406 0.5001024827174924
2.405 0.5001083133205457
2.404 0.500121685698267
2.403 0.5001998590062187
2.402 0.5002606819070262
2.401 0.5003998155076586
2.4 0.5004613718937959
2.399 0.5005378316302801
2.398 0.5005930687742521
2.397 0.5005953752908125
2.396 0.5006080846206429
2.395 0.5006231476734823
2.394 0.5006500032673961
2.393 0.500655220971348
2.392 0.5006501440387356
2.391 0.5005740537945372
2.39 0.5005325770585954
2.389 0.5005073869125368
2.388 0.5005115097161217
2.387 0.5005227258702115
2.386 0.500561778923182
2.385 0.500563878820323
2.384 0.5005431437293494
2.383 0.5004841633202306
2.382 0.5004757250113172
2.381 0.5004776042228831
2.38 0.500433812923402
2.379 0.5003883360153611
2.378 0.5003633472635106
2.377 0.5003387180767805
2.376 0.5002771685374389
2.375 0.5002608843430504
2.374 0.5002610954375729
2.373 0.500302226463748
2.372 0.5003573711962223
2.371 0.5004002155776807
2.37 0.5004545459384138
2.369 0.5004969081213317
2.368 0.5004957450632742
2.367 0.5005278382825221
2.366 0.5005498567457481
2.365 0.5005930478896143
2.364 0.5005947810699466
2.363 0.500514302260431
2.362 0.5004412698578081
2.361 0.5003923532884648
2.36 0.5003194437904879
2.359 0.5002598486352473
2.358 0.5001783277574913
2.357 0.5001015350333057
2.356 0.5000396884219788
2.355 0.49995245274254174
2.354 0.49991214270659107
2.353 0.49995516758399594
2.352 0.4999309982958332
2.351 0.49988802258076714
2.35 0.4998976374815739
2.349 0.49994629883154545
2.348 0.4999951130915603
2.347 0.5000375537956795
2.346 0.5000662927078021
2.345 0.5001012992976193
2.344 0.5000960890125269
2.343 0.5000875857014669
2.342 0.5001192403840465
2.341 0.5001519116864066
2.34 0.5001326860717656
2.339 0.5000867872425091
2.338 0.5000275672872865
2.337 0.49997816955488944
2.336 0.49992026600239026
2.335 0.49984822165397275
2.334 0.49980300168479247
2.333 0.4997840343989372
2.332 0.4997408917637371
2.331 0.4997325524189821
2.33 0.49973306895258257
2.329 0.4997527842192493
2.328 0.4998138219359841
2.327 0.49988853410123313
2.326 0.4999889489118822
2.325 0.5000687552682264
2.324 0.500115200174118
2.323 0.5001493629042483
2.322 0.5001702543357467
2.321 0.5001643595572824
2.32 0.5001123009209738
2.319 0.5000706884008519
2.318 0.5000182307459671
2.317 0.499939039329996
2.316 0.49986554139518075
2.315 0.49981398773934727
2.314 0.4997695997285581
2.313 0.49972453108366166
2.312 0.4997213367798352
2.311 0.4997657296490388
2.31 0.49985351514746923
2.309 0.49988338000259386
2.308 0.49989075509546416
2.307 0.49994864757050905
2.306 0.4999942586552367
2.305 0.5000355656171814
2.304 0.5000603976333485
2.303 0.5001231295578139
2.302 0.5001661298236791
2.301 0.5001054700914677
2.3 0.5000599649906522
2.299 0.5000832979569514
2.298 0.5000857519767878
2.297 0.500021318386433
2.296 0.4999828283394281
2.295 0.4999718775314873
2.294 0.49990971715629245
2.293 0.49985134377570645
2.292 0.4998349869371747
2.291 0.4999288763656482
2.29 0.4999185015166798
2.289 0.4998937862511565
2.288 0.49992110713693333
2.287 0.49997246119314276
2.286 0.5000001594945341
2.285 0.5000531589040845
2.284 0.5000861894511129
2.283 0.5001063439256137
2.282 0.5000567886950085
2.281 0.5000253048974332
2.28 0.5000389716047464
2.279 0.5000716115229586
2.278 0.5000704412471619
2.277 0.500059911632734
2.276 0.49999867087577277
2.275 0.4999507752420944
2.274 0.49996278426442137
2.273 0.4999576805361089
2.272 0.499935234331547
2.271 0.49989812687436447
2.27 0.49989322565715144
2.269 0.4998471294852076
2.268 0.49980915131413334
2.267 0.49985404993098076
2.266 0.4998741796952192
2.265 0.4998760446468995
2.264 0.4998849151648202
2.263 0.4999483669327587
2.262 0.5000151028546949
2.261 0.49999707505400776
2.26 0.49998563941310936
2.259 0.500035687013299
2.258 0.5000855250364972
2.257 0.5001146404585959
2.256 0.5001324658548122
2.255 0.500132886697898
2.254 0.5001179559604135
2.253 0.5001347765787122
2.252 0.5001259456690905
2.251 0.5001915914122818
2.25 0.5001932137215983
2.249 0.5001303127154267
2.248 0.5000723117777596
2.247 0.5000861052857165
2.246 0.5001035945777035
2.245 0.50012649312377
2.244 0.5000768169439997
2.243 0.5000835940799023
2.242 0.5001113258746945
2.241 0.5001731777241175
2.24 0.5002325728163283
2.239 0.5003413299950346
2.238 0.5003434609966968
2.237 0.5002513958498279
2.236 0.5002945500904045
2.235 0.5003696518879537
2.234 0.5004684706805963
2.233 0.5004099128729419
2.232 0.5003769704950115
2.231 0.500325578497533
2.23 0.5002607362793438
2.229 0.5002767161600965
2.228 0.5003902234076752
2.227 0.5004298091388573
2.226 0.5003784327189057
2.225 0.5003604175626739
2.224 0.500398056631229
2.223 0.5004571663824879
2.222 0.5005142383178769
2.221 0.5005677253364211
2.22 0.5005754372788201
2.219 0.5005700788068808
2.218 0.500528344423377
2.217 0.5005682303040493
2.216 0.5005545996940066
2.215 0.5005252210914056
2.214 0.5004983066463852
2.213 0.5004553805368834
2.212 0.5004657374624278
2.211 0.500446619836434
2.21 0.5005485594881761
2.209 0.5005784405428961
2.208 0.5005834383395545
2.207 0.5006053989353471
2.206 0.5006579292034801
2.205 0.5006552947083804
2.204 0.5006876986563296
2.203 0.5007185186545683
2.202 0.500691503086568
2.201 0.500619915346289
2.2 0.500514372629447
2.199 0.5004919439304137
2.198 0.5005154174501781
2.197 0.5004997756173999
2.196 0.5005022880371355
2.195 0.5004863335632952
2.194 0.5004493835670984
2.193 0.5004691885150064
2.192 0.5004521224061925
2.191 0.5005371130088928
2.19 0.5006038572970415
2.189 0.500510586339187
2.188 0.5005099423769849
2.187 0.5005090759619168
2.186 0.5005329550908568
2.185 0.5005914688865919
2.184 0.5006185022574702
2.183 0.5006347995839523
2.182 0.500620099980878
2.181 0.5006004304783006
2.18 0.5006302478211718
2.179 0.5006544001678289
2.178 0.5006389435265882
2.177 0.5006343140776589
2.176 0.5006069699242993
2.175 0.5005766632823447
2.174 0.5005879647485405
2.173 0.5006016304814931
2.172 0.5006374067417972
2.171 0.5006574310980677
2.17 0.5007027685446643
2.169 0.5007675542837088
2.168 0.5007907329531311
2.167 0.5007724431545568
2.166 0.5008324585387104
2.165 0.5008384939531586
2.164 0.5008630794889465
2.163 0.5008356838247313
2.162 0.500822022877451
2.161 0.5007560189007859
2.16 0.5006758206191816
2.159 0.5006234260345886
2.158 0.5006311868734841
2.157 0.5006191904910039
2.156 0.5005530545281925
2.155 0.5004844306250282
2.154 0.5003914258036901
2.153 0.5003195405206472
2.152 0.5003054337811326
2.151 0.5002936632536262
2.15 0.500292174741134
2.149 0.5002645199900195
2.148 0.5001626269764441
2.147 0.500112799132619
2.146 0.5000964844243297
2.145 0.5001207528392545
2.144 0.5001492437016813
2.143 0.5001298058100915
2.142 0.5000998015220669
2.141 0.5000157836224758
2.14 0.4999046611825139
2.139 0.49983405631289907
2.138 0.49981104887778877
2.137 0.4997494283443238
2.136 0.49961456910034774
2.135 0.4994503588882213
2.134 0.499285114698726
2.133 0.49918760642616616
2.132 0.49910944377746924
2.131 0.4990603656980509
2.13 0.49904005718621636
2.129 0.4989831808609465
2.128 0.49888711218333426
2.127 0.49884128736000294
2.126 0.4988921162806309
2.125 0.4989687891882076
2.124 0.4989728619310196
2.123 0.4989276755623015
2.122 0.4988669170473905
2.121 0.49883051631800523
2.12 0.49879684976614447
2.119 0.498829229481932
2.118 0.4988733521436853
2.117 0.498875675605295
2.116 0.4988074858625306
2.115 0.4987359527979754
2.114 0.4987669715549196
2.113 0.4988189603358748
2.112 0.4988643951763763
2.111 0.49888111658373496
2.11 0.4988522365293596
2.109 0.4987933448501834
2.108 0.4987708538555727
2.107 0.49877976978249383
2.106 0.49885091196165027
2.105 0.4989520112694816
2.104 0.49904388498234137
2.103 0.4991147230799082
2.102 0.49921028616271346
2.101 0.49936875037511486
2.1 0.4995835182513707
2.099 0.49973073206624813
2.098 0.4998622667165644
2.097 0.4999853525007935
2.096 0.5000624054002883
2.095 0.5001150273289068
2.094 0.5001518351105604
2.093 0.500196094939566
2.092 0.5002350092247996
2.091 0.5002260975353888
2.09 0.5002396371091676
2.089 0.5002870714661534
2.088 0.500319393377738
2.087 0.5003388406744937
2.086 0.500367505438605
2.085 0.5003980353305754
2.084 0.5004476170755825
2.083 0.5004564298083628
2.082 0.5004648721324392
2.081 0.5004578076641755
2.08 0.5004236791952873
2.079 0.5004133509997647
2.078 0.5004084377895784
2.077 0.5003931703290273
2.076 0.5004128845297137
2.075 0.5003967701370604
2.074 0.5003786387021066
2.073 0.5004062930823041
2.072 0.5004159247847734
2.071 0.500431482607129
2.07 0.5004460268509956
2.069 0.5004409419210777
2.068 0.5004709932436178
2.067 0.5004736104030572
2.066 0.5004505137457779
2.065 0.500427081630624
2.064 0.5003891677517835
2.063 0.5003684983209111
2.062 0.5003700074780459
2.061 0.500364592740226
2.06 0.5003765239327367
2.059 0.5003621621564747
2.058 0.5002990991885711
2.057 0.5002807609431548
2.056 0.5003245048999662
2.055 0.5003292654866252
2.054 0.5003368139190901
2.053 0.5003258261886032
2.052 0.5003197230377504
2.051 0.5003193183614574
2.05 0.5003073860291422
2.049 0.500325676494542
2.048 0.5003557069932594
2.047 0.5003231314977615
2.046 0.5002913850242384
2.045 0.5003202783622795
2.044 0.5003423424710071
2.043 0.5003013710598097
2.042 0.5002738281980047
2.041 0.5002710688300661
2.04 0.5002484698685933
2.039 0.5002131752149124
2.038 0.5001983582236171
2.037 0.500223389400207
2.036 0.500188001466233
2.035 0.5001108648962491
2.034 0.5000937473605684
2.033 0.500105971060038
2.032 0.5000922759423136
2.031 0.5000744871923994
2.03 0.5000734334546034
2.029 0.5000490958598762
2.028 0.500022502143998
2.027 0.4999701003746161
2.026 0.49997099308859194
2.025 0.49998232157670974
2.024 0.4999518978829298
2.023 0.49990504782546935
2.022 0.4998596578337318
2.021 0.4998185691581001
2.02 0.4998394674937413
2.019 0.49985913827459133
2.018 0.4999044174859553
2.017 0.4999600758024633
2.016 0.49996364481455974
2.015 0.4999920784017887
2.014 0.5000500952439103
2.013 0.5001897634324503
2.012 0.5002961738865367
2.011 0.5003315966383381
2.01 0.5003519874073253
2.009 0.5003818999056235
2.008 0.5003716850740523
2.007 0.5003916738865866
2.006 0.5004076305759837
2.005 0.5003399830915426
2.004 0.5002427279136472
2.003 0.5001191448034468
2.002 0.5000383138589561
2.001 0.4999659794016547
2.0 0.4998898212210408
1.999 0.49982461764445035
1.998 0.49977183226605204
1.997 0.49969047589344484
1.996 0.4996799695756206
1.995 0.4996865086754268
1.994 0.49972307203189004
1.993 0.4997161185913274
1.992 0.49974049361899553
1.991 0.49975647869983225
1.99 0.4997861083061939
1.989 0.4997928526668921
1.988 0.4997955047559571
1.987 0.4998101122294965
1.986 0.49981411467220216
1.985 0.49984751583033343
1.984 0.4998547549798367
1.983 0.4998380421808276
1.982 0.4997929988690516
1.981 0.499787334635749
1.98 0.49979532561285517
1.979 0.49981615662993156
1.978 0.4998507986733367
1.977 0.4998390150282044
1.976 0.49978146183027655
1.975 0.4997476669565127
1.974 0.49978249947278963
1.973 0.4998261170965599
1.972 0.49989417638187006
1.971 0.49990544730672953
1.97 0.4998924249742986
1.969 0.49982632183478104
1.968 0.4998919545820554
1.967 0.49993664872379223
1.966 0.5000424939103442
1.965 0.5000610454169497
1.964 0.5000406578887651
1.963 0.5000166530412918
1.962 0.49999810894732666
1.961 0.5000114007484986
1.96 0.5000701286216706
1.959 0.5000739829498726
1.958 0.499981453723362
1.957 0.4999761997255981
1.956 0.4999533561117991
1.955 0.5000260527134637
1.954 0.5000250007930924
1.953 0.5000682291115708
1.952 0.5000609792415317
1.951 0.5000788978423173
1.95 0.5000301991515876
1.949 0.5001023735214275
1.948 0.5001313704559663
1.947 0.5000987064361324
1.946 0.5000239008272208
1.945 0.49997841215802047
1.944 0.4999795163419674
1.943 0.5000123412300751
1.942 0.5000694173437921
1.941 0.5001043359325076
1.94 0.5001263766894809
1.939 0.5000740882861432
1.938 0.5001227986156254
1.937 0.5002078966715743
1.936 0.5003207852124893
1.935 0.5002905179030214
1.934 0.5003167311747042
1.933 0.5002559300074471
1.932 0.5002285419089185
1.931 0.5002334559786192
1.93 0.5002652514327565
1.929 0.500258585532937
1.928 0.500211487967641
1.927 0.5001305295365047
1.926 0.5001348892376849
1.925 0.5001666827160408
1.924 0.500160731623079
1.923 0.5002021023680482
1.922 0.5002140782873234
1.921 0.5001978129946307
1.92 0.5002109089841776
1.919 0.5003078757058498
1.918 0.500382751931891
1.917 0.5004153205651126
1.916 0.5003510942708813
1.915 0.5003758081604387
1.914 0.5003763838589419
1.913 0.5003696958751201
1.912 0.5003954810425701
1.911 0.5004283288535092
1.91 0.5003625946405518
1.909 0.5003059798353792
1.908 0.5002875690518971
1.907 0.5003381401350677
1.906 0.5003816567449864
1.905 0.5004021638170996
1.904 0.5004097367768099
1.903 0.500400244968958
1.902 0.5003661729597557
1.901 0.5003790710933694
1.9 0.5004098113864003
1.899 0.5004236697631934
1.898 0.5003995874309424
1.897 0.5003407644473726
1.896 0.5002892940108041
1.895 0.5002691426115233
1.894 0.5002556274604274
1.893 0.5002618284788951
1.892 0.5003034912142114
1.891 0.5002501511297109
1.89 0.500255947958049
1.889 0.5002542750946445
1.888 0.5002789561435016
1.887 0.5003574051540443
1.886 0.500420099759606
1.885 0.5004497695752531
1.884 0.5004635779412842
1.883 0.5004253497386719
1.882 0.5003998449844588
1.881 0.5003993779736294
1.88 0.5003759033149563
1.879 0.500352768960002
1.878 0.5002811461504352
1.877 0.5001599336077436
1.876 0.5000784426552918
1.875 0.5000198563443
1.874 0.5000255844163288
1.873 0.5000637791789744
1.872 0.5000695477748411
1.871 0.5001008516547173
1.87 0.5001206280408319
1.869 0.500121575848015
1.868 0.5001650058783345
1.867 0.5002354395239205
1.866 0.500248352270194
1.865 0.5002186802299112
1.864 0.5001979692243013
1.863 0.5001986324670236
1.862 0.5001546028373396
1.861 0.5001065376634072
1.86 0.5001074536829855
1.859 0.5001662766748081
1.858 0.5001623473796696
1.857 0.5001890765289984
1.856 0.5002051940371642
1.855 0.5002312344861333
1.854 0.5001940669936541
1.853 0.5001941052373028
1.852 0.5002611339362671
1.851 0.5003058741043206
1.85 0.5002689522369959
1.849 0.5002107843341254
1.848 0.5001724339000782
1.847 0.5001491097983808
1.846 0.5001759174565965
1.845 0.5001953650893558
1.844 0.5001981269772396
1.843 0.5001255417171901
1.842 0.5000480451549582
1.841 0.5000082153033423
1.84 0.5000137779618536
1.839 0.5000275053786274
1.838 0.5000257378468747
1.837 0.499982269590205
1.836 0.4999405253565775
1.835 0.4999386041058621
1.834 0.49995534413246334
1.833 0.49998299783256156
1.832 0.49999402085712197
1.831 0.5000176255943178
1.83 0.5000091502267593
1.829 0.49999500870045904
1.828 0.49998845729333724
1.827 0.499975092109794
1.826 0.4999637572000716
1.825 0.49996760642018917
1.824 0.4999818026559388
1.823 0.49999927205264516
1.822 0.4999566339365549
1.821 0.49995117561730085
1.82 0.4999769158301255
1.819 0.5000161693693083
1.818 0.500083178759472
1.817 0.5001383919705623
1.816 0.5001857342960951
1.815 0.500171383534518
1.814 0.5001779651308927
1.813 0.500236367450144
1.812 0.5002732261169865
1.811 0.5002756624370015
1.81 0.5002374986825839
1.809 0.5001999250190233
1.808 0.5001580673260807
1.807 0.5001189911792723
1.806 0.5000815692722629
1.805 0.5000939329887877
1.804 0.500075222858107
1.803 0.500042696933633
1.802 0.500045915504253
1.801 0.5000595206437953
1.8 0.5000708421280061
1.799 0.500088608094604
1.798 0.5000908356914777
1.797 0.5001101592369689
1.796 0.5000780114335052
1.795 0.500057599623717
1.794 0.500046639271721
1.793 0.50003188808632
1.792 0.5000415452247814
1.791 0.5000378552355557
1.79 0.5000041024115637
1.789 0.4999505578548923
1.788 0.49988604761609945
1.787 0.4998637091270216
1.786 0.4998641654548909
1.785 0.4998436347065704
1.784 0.4997985785893145
1.783 0.49976339120567614
1.782 0.4997072187946933
1.781 0.499681661003208
1.78 0.4997362702039573
1.779 0.49980400490923016
1.778 0.4998520025284287
1.777 0.4998694047903757
1.776 0.4998939302205327
1.775 0.4999259910956478
1.774 0.49991724394903553
1.773 0.499924772385778
1.772 0.4999811796120089
1.771 0.4999992721410532
1.77 0.49999516547437556
1.769 0.5000127869740031
1.768 0.5000203236629083
1.767 0.5000511444931726
1.766 0.5000637200227438
1.765 0.5001004056554785
1.764 0.5001832012984684
1.763 0.5002160560463
1.762 0.5002094918572578
1.761 0.5001869381137659
1.76 0.5001187047503105
1.759 0.5000987391529844
1.758 0.5000960342430673
1.757 0.5000918674830264
1.756 0.500098095003348
1.755 0.5000888347314499
1.754 0.5000602581751123
1.753 0.5000413500393033
1.752 0.5000455026831
1.751 0.5001214322649995
1.75 0.500180132263205
1.749 0.500190612119399
1.748 0.5001970456653588
1.747 0.5001890326968402
1.746 0.5001848626179953
1.745 0.5001903947781468
1.744 0.5002102184329947
1.743 0.5002492020860707
1.742 0.5002521922766245
1.741 0.5002256200815264
1.74 0.5002119617862587
1.739 0.5002078456140423
1.738 0.5002067464951695
1.737 0.500210001379253
1.736 0.5001885643847228
1.735 0.5001720975721116
1.734 0.5001560568096594
1.733 0.500123937440074
1.732 0.5000935340526723
1.731 0.5000800884541704
1.73 0.5000741234474405
1.729 0.500090972140534
1.728 0.5000801824134347
1.727 0.5000833911920232
1.726 0.5000644653169852
1.725 0.5000642532809364
1.724 0.5000316871405701
1.723 0.5000409185461624
1.722 0.5000157152671589
1.721 0.5000126022585114
1.72 0.5000067939820877
1.719 0.4999770266941517
1.718 0.4999661875252297
1.717 0.4999487135608294
1.716 0.49995161367110347
1.715 0.4999577367867823
1.714 0.499952545584504
1.713 0.49994139468614723
1.712 0.49993287905490386
1.711 0.49986523182305137
1.71 0.4998212723932202
1.709 0.49981286786354456
1.708 0.49983429426060483
1.707 0.4998475824543645
1.706 0.49982696690891304
1.705 0.4998186278721231
1.704 0.49984315484254105
1.703 0.49984206031386624
1.702 0.49988174238354005
1.701 0.4999729649930389
1.7 0.4999744644648116
1.699 0.4999653805066405
1.698 0.4999195459025403
1.697 0.4999290510918295
1.696 0.4999847922670391
1.695 0.5000285426694225
1.694 0.5000778900988867
1.693 0.5000933023252724
1.692 0.5000620156873222
1.691 0.5000632500698138
1.69 0.5001085598958986
1.689 0.5001360628093326
1.688 0.5001692349800452
1.687 0.5001198799830113
1.686 0.500030622135922
1.685 0.49996740919724914
1.684 0.49993254162804246
1.683 0.4999209703081868
1.682 0.49991841633865397
1.681 0.49990078520827835
1.68 0.49984788873613756
1.679 0.4998486241926667
1.678 0.4998822067175589
1.677 0.49989371968442226
1.676 0.49996470636107637
1.675 0.49995930742905176
1.674 0.49995079580007906
1.673 0.49996003457165267
1.672 0.49997638143923717
1.671 0.499993460403574
1.67 0.500027149123021
1.669 0.4999876970126166
1.668 0.49996797346354893
1.667 0.4999716578712632
1.666 0.4999992214076763
1.665 0.5000584934880191
1.664 0.5000955967573081
1.663 0.5001116795651721
1.662 0.5001446351566498
1.661 0.5001155595693234
1.66 0.5001245989713864
1.659 0.5001643532148309
1.658 0.5001761211298238
1.657 0.5001376835594827
1.656 0.5000917533843402
1.655 0.5000372584582927
1.654 0.49995843391443867
1.653 0.4999530404614799
1.652 0.49994188613127055
1.651 0.49995605525851494
1.65 0.4999792464640125
1.649 0.4999823606878252
1.648 0.5000088183622786
1.647 0.5000468459790327
1.646 0.5000257347210989
1.645 0.5000941073641554
1.644 0.5001073519536654
1.643 0.5001140885744468
1.642 0.5000726402252096
1.641 0.5001128814313365
1.64 0.5000254228441584
1.639 0.5000198700777071
1.638 0.4999698606649723
1.637 0.4999911813833816
1.636 0.4999960569484559
1.635 0.4999442350275199
1.634 0.4999234729957215
1.633 0.49994615294431344
1.632 0.49995050316592954
1.631 0.4999242152858547
1.63 0.49996954416381606
1.629 0.4999985474107493
1.628 0.5000197128849433
1.627 0.5000297745516595
1.626 0.5000617846199561
1.625 0.5000988640694775
1.624 0.5001361240139569
1.623 0.500099747958746
1.622 0.5001623067582168
1.621 0.5001221467834006
1.62 0.5001200377812951
1.619 0.5000945563254344
1.618 0.5000494310040179
1.617 0.5000678872401757
1.616 0.5000526423503612
1.615 0.5000350546769992
1.614 0.500025463146633
1.613 0.4999870344969509
1.612 0.4999558675562025
1.611 0.4999943478139574
1.61 0.500036663837622
1.609 0.5000679775391011
1.608 0.500034798128846
1.607 0.5000048224563435
1.606 0.4999807077356794
1.605 0.4999772876190144
1.604 0.5000017112793742
1.603 0.5000445985086673
1.602 0.5000304942242488
1.601 0.4999706999233427
1.6 0.4998817437199691
1.599 0.4998450402615272
1.598 0.4998977180757472
1.597 0.499905452521451
1.596 0.49992862642594127
1.595 0.49992827133289913
1.594 0.49992687125565266
1.593 0.4998973077835098
1.592 0.49989543288606686
1.591 0.49996478350569357
1.59 0.5000768210824023
1.589 0.5000994279856636
1.588 0.5001092305975131
1.587 0.5000973475716993
1.586 0.5000740185692724
1.585 0.5000473027769842
1.584 0.5000640017858261
1.583 0.5001191294268356
1.582 0.500112397513126
1.581 0.5000463664856818
1.58 0.4999642118855544
1.579 0.49994839781704614
1.578 0.49993455035784673
1.577 0.4999366791168349
1.576 0.49997074790754187
1.575 0.4999556020374101
1.574 0.4999141591722351
1.573 0.49987635737200503
1.572 0.4998947617492102
1.571 0.4999280089708706
1.57 0.4999620797557666
1.569 0.4999680479828007
1.568 0.499980029780007
1.567 0.500006172028223
1.566 0.5000002074737007
1.565 0.5000027491682729
1.564 0.500044402319876
1.563 0.5000800323905555
1.562 0.5001029047137621
1.561 0.5000752581416498
1.56 0.5000459081805265
1.559 0.5000025417872416
1.558 0.49997027513398234
1.557 0.49994947824618347
1.556 0.49995761992239207
1.555 0.4999653478946875
1.554 0.49992877610371356
1.553 0.49988017528643813
1.552 0.4998692871481256
1.551 0.49989356351830455
1.55 0.49997219673012794
1.549 0.5000423766044627
1.548 0.5000880749248925
1.547 0.5001258704483467
1.546 0.5001210520637976
1.545 0.5001158686047947
1.544 0.5001412348940126
1.543 0.5001711605828588
1.542 0.5001850526808885
1.541 0.500184886213297
1.54 0.500107824154208
1.539 0.5000119284706663
1.538 0.4999500531884271
1.537 0.4998894323919528
1.536 0.4998922800196707
1.535 0.49986358686259535
1.534 0.4998068776857774
1.533 0.4997983813032296
1.532 0.4997796638899199
1.531 0.4997805069873671
1.53 0.4998639025608725
1.529 0.4999333488593318
1.528 0.49998153323146866
1.527 0.49998957342008526
1.526 0.500018362874045
1.525 0.5000683196104465
1.524 0.5000974357079975
1.523 0.5000740892624113
1.522 0.5000728444426643
1.521 0.5000834736233207
1.52 0.5000702882273806
1.519 0.5000753637506894
1.518 0.5000948611205188
1.517 0.5000932013045485
1.516 0.5000818384419953
1.515 0.500052433141521
1.514 0.5000352190077659
1.513 0.5000283224459637
1.512 0.4999858374649373
1.511 0.4999400304703312
1.51 0.49990314753395565
1.509 0.49984691466387365
1.508 0.4998107607025509
1.507 0.49980733528619475
1.506 0.499802359526385
1.505 0.4998187971053603
1.504 0.49985338573124627
1.503 0.4998699289003456
1.502 0.49991407379856906
1.501 0.49993856300529854
1.5 0.49994758960983215
1.499 0.4999769071550352
1.498 0.4999831337353628
1.497 0.4999843271413433
1.496 0.5000150489964188
1.495 0.5000077841010049
1.494 0.5000172806737408
1.493 0.5000273999388484
1.492 0.5000267772741067
1.491 0.500030460937817
1.49 0.5000546933653316
1.489 0.5000750309775197
1.488 0.5001032037152092
1.487 0.5000990546276154
1.486 0.500053131279505
1.485 0.5000374640822193
1.484 0.5000159303737847
1.483 0.4999924756946776
1.482 0.49999631570027486
1.481 0.4999565128946014
1.48 0.4999224190477791
1.479 0.4998933620994475
1.478 0.49988771397907
1.477 0.4999263743480965
1.476 0.49991894951935306
1.475 0.49990108682023915
1.474 0.4998993154279489
1.473 0.49989614145523414
1.472 0.49995023068776834
1.471 0.499979758791224
1.47 0.49998733567256604
1.469 0.4999692196309615
1.468 0.49991658305073483
1.467 0.49991591882866
1.466 0.49999320135802616
1.465 0.500063057782415
1.464 0.5001174959820941
1.463 0.5000825816980063
1.462 0.500003269820954
1.461 0.4999811067264414
1.46 0.4999580058978614
1.459 0.49999127907157825
1.458 0.500029591027087
1.457 0.4999649578305128
1.456 0.4998716214721991
1.455 0.4998034563850719
1.454 0.4997776763372355
1.453 0.4998216184337309
1.452 0.49987633985918317
1.451 0.49991086054924644
1.45 0.4999590372752488
1.449 0.49996282882215753
1.448 0.4999617905766425
1.447 0.5000003115075887
1.446 0.5000436135260081
1.445 0.5000573801282385
1.444 0.5000857761002862
1.443 0.500064441789228
1.442 0.5000732067158282
1.441 0.5000600181757464
1.44 0.5000135511499838
1.439 0.499989252554076
1.438 0.500008566479149
1.437 0.5000048802348827
1.436 0.5000110579349614
1.435 0.5000296455667417
1.434 0.500023671514136
1.433 0.5000396642040942
1.432 0.500018012834482
1.431 0.5000250725312512
1.43 0.5000676928290453
1.429 0.5000696165607053
1.428 0.5000295910332316
1.427 0.5000037899039245
1.426 0.4999883709846931
1.425 0.49997102941521576
1.424 0.4999520836251318
1.423 0.4999247157161602
1.422 0.499935054262138
1.421 0.49994590663797195
1.42 0.4999895150405187
1.419 0.5000249658704613
1.418 0.5001058760589941
1.417 0.5001526905190502
1.416 0.5001760386122428
1.415 0.500160126897322
1.414 0.500179781737497
1.413 0.5001820452416945
1.412 0.500164953051185
1.411 0.5001707020832921
1.41 0.5001584213368271
1.409 0.5001154541832656
1.408 0.5000453987886669
1.407 0.5000286904267672
1.406 0.5000451314476757
1.405 0.5001406816753403
1.404 0.5001770603256043
1.403 0.5002110003157743
1.402 0.5001741258617207
1.401 0.5001361562968475
1.4 0.5001235332116601
1.399 0.500173988586971
1.398 0.5002370293210092
1.397 0.5002075832015562
1.396 0.500163598024047
1.395 0.5000843088129152
1.394 0.5000580074367711
1.393 0.500081541147384
1.392 0.5000830521897471
1.391 0.5000595223898551
1.39 0.5000325586247071
1.389 0.4999483087311582
1.388 0.49993909179700763
1.387 0.499914975508799
1.386 0.49995489807899
1.385 0.49990811963197246
1.384 0.4998500550938649
1.383 0.4998878157308059
1.382 0.4999890109069859
1.381 0.49998776484699525
1.38 0.4999967339598808
1.379 0.4999887996804176
1.378 0.4999920678823372
1.377 0.5000429306137585
1.376 0.5000976068945819
1.375 0.5001416952727283
1.374 0.5001567348872157
1.373 0.5000321985112363
1.372 0.4999995853077866
1.371 0.4999960597385118
1.37 0.5000333841768125
1.369 0.49999637015914056
1.368 0.49992211708778056
1.367 0.4998539124547178
1.366 0.4998338952071613
1.365 0.49979829464081815
1.364 0.4997412283676768
1.363 0.4997827741340634
1.362 0.4998149786789892
1.361 0.49982002978273704
1.36 0.49984377137254815
1.359 0.4999099630827894
1.358 0.49993609922711185
1.357 0.4999314644983508
1.356 0.4998746225318613
1.355 0.499978419815921
1.354 0.5000230358321331
1.353 0.4999915415938232
1.352 0.49996856180531185
1.351 0.49997706653361795
1.35 0.4998970732487771
1.349 0.49992098352732234
1.348 0.49991901135117395
1.347 0.49997234182351136
1.346 0.4999807494833234
1.345 0.4999100798094875
1.344 0.4999604123384416
1.343 0.5000211195345939
1.342 0.49997307206631053
1.341 0.4999775833572202
1.34 0.49999678285606836
1.339 0.5000122977040654
1.338 0.5000451410486546
1.337 0.5000455591172616
1.336 0.5000466449225576
1.335 0.5000418768422308
1.334 0.49997254956619497
1.333 0.49995988692783994
1.332 0.500000830191577
1.331 0.49998920608469616
1.33 0.49995697969431196
1.329 0.49994104854299604
1.328 0.49990524628390043
1.327 0.499922523799931
1.326 0.49989974677238574
1.325 0.4999160316800328
1.324 0.4999353835853546
1.323 0.49990511449483016
1.322 0.4998899236835345
1.321 0.4999075580170763
1.32 0.49992229559875423
1.319 0.4999307038875898
1.318 0.4999403064407793
1.317 0.4999291450827362
1.316 0.49994336925622296
1.315 0.4999681282477783
1.314 0.5000288069709756
1.313 0.5000313556501116
1.312 0.5000029588375859
1.311 0.4999847367779484
1.31 0.5000338980763231
1.309 0.5000231527481274
1.308 0.5000099672203042
1.307 0.49998873403464744
1.306 0.5000111091499944
1.305 0.4999968333662283
1.304 0.5000065913987748
1.303 0.5000708991044499
1.302 0.500120503936877
1.301 0.5001355193453215
1.3 0.5000618145192808
1.299 0.500046610464205
1.298 0.5000764540517377
1.297 0.5000964970481455
1.296 0.5000573548126501
1.295 0.5000015573658838
1.294 0.4999080161152443
1.293 0.4998479522874381
1.292 0.49976599697228724
1.291 0.4998013931754832
1.29 0.49987069626453917
1.289 0.49988652104676395
1.288 0.49983881191141044
1.287 0.4998163173338705
1.286 0.4998562507559944
1.285 0.49995208060011914
1.284 0.4999852025920905
1.283 0.5000007789026633
1.282 0.5000289767649965
1.281 0.49999532621949316
1.28 0.49996053632382154
1.279 0.49996146981341627
1.278 0.5000062833504404
1.277 0.5000050896928526
1.276 0.4999277567349576
1.275 0.4998817976234052
1.274 0.4999172741451739
1.273 0.49993648550129655
1.272 0.49993799185854915
1.271 0.49991544141554806
1.27 0.49989887186291115
1.269 0.49986213585737266
1.268 0.49986443152867627
1.267 0.4999356960615655
1.266 0.500004467119404
1.265 0.5000426964102396
1.264 0.5000396785909489
1.263 0.5000556734345898
1.262 0.5001293479688838
1.261 0.5002174156645831
1.26 0.5002786137227904
1.259 0.5003016542534392
1.258 0.5002534169221435
1.257 0.5002238496046363
1.256 0.5001676151008951
1.255 0.5001028673561533
1.254 0.5000617385812963
1.253 0.5000160972832564
1.252 0.49991978202309434
1.251 0.499859145350265
1.25 0.49983419836727433
1.249 0.4998627973619302
1.248 0.4998600812183099
1.247 0.4998570730067758
1.246 0.49990322481498495
1.245 0.4999505707931124
1.244 0.49997751832879256
1.243 0.49999143222019005
1.242 0.5000132416340654
1.241 0.5000347407906006
1.24 0.5000031675611825
1.239 0.49997870945215167
1.238 0.49998732816156133
1.237 0.49998249841784653
1.236 0.4999641151294665
1.235 0.49993108394515595
1.234 0.49991690930879557
1.233 0.499943081717827
1.232 0.49993103196128486
1.231 0.4999104638471295
1.23 0.4999162798157076
1.229 0.4999364291373932
1.228 0.4999552798964281
1.227 0.4999560069337643
1.226 0.49996520077800677
1.225 0.4999743398857699
1.224 0.49994748282750795
1.223 0.49994556236672394
1.222 0.4999780799671885
1.221 0.500016310017488
1.22 0.5000366180465575
1.219 0.5000266456382544
1.218 0.5000141804111904
1.217 0.5000314244087146
1.216 0.5000658547352568
1.215 0.500098522556368
1.214 0.5001249114842424
1.213 0.5001285950255954
1.212 0.5001086982601735
1.211 0.500105366154397
1.21 0.5001118985143305
1.209 0.5001449170763824
1.208 0.5001672473679439
1.207 0.5001396739418271
1.206 0.5001030060530594
1.205 0.5000941755681787
1.204 0.500088880268518
1.203 0.5001094821509833
1.202 0.5000979593209773
1.201 0.5000742333614486
1.2 0.5000271492583166
1.199 0.4999462694991103
1.198 0.4999339659725411
1.197 0.49990654652010397
1.196 0.4998738325093852
1.195 0.4998609565607112
1.194 0.4998087021217863
1.193 0.49974618150639405
1.192 0.4997197768185425
1.191 0.49972683719642313
1.19 0.4997746185600888
1.189 0.4998317774347425
1.188 0.49985458059693827
1.187 0.4999132127397257
1.186 0.4999667081646019
1.185 0.5000210328183634
1.184 0.5000945767774904
1.183 0.500164326007842
1.182 0.5002385938729259
1.181 0.5002964664871353
1.18 0.5003044245140916
1.179 0.500359419367694
1.178 0.5003514584122427
1.177 0.5003268403405701
1.176 0.5002916850905678
1.175 0.50023477226986
1.174 0.5001931972557477
1.173 0.5001301791905138
1.172 0.5000334804848223
1.171 0.49994072443255844
1.17 0.4998533638032104
1.169 0.4997958230397143
1.168 0.49978046128250464
1.167 0.49981135062057086
1.166 0.49984358406106016
1.165 0.4998620597172443
1.164 0.4998923636303246
1.163 0.4999633615155587
1.162 0.5000178544253958
1.161 0.5000784255268396
1.16 0.5000819711534219
1.159 0.5000889262290223
1.158 0.5000925619347324
1.157 0.5000722069935198
1.156 0.5000358171989829
1.155 0.5000303658508859
1.154 0.49997098110948096
1.153 0.49995017134827613
1.152 0.49993210486745815
1.151 0.49994612726670307
1.15 0.49997160644898
1.149 0.4999352162427829
1.148 0.4999197435614713
1.147 0.4999381763165771
1.146 0.49995613620264506
1.145 0.4999925775770367
1.144 0.5000121478524466
1.143 0.49998177891942447
1.142 0.4999652666910683
1.141 0.49995369546524954
1.14 0.49994325514449484
1.139 0.4999982867401057
1.138 0.5000367052038426
1.137 0.5000170276953388
1.136 0.4999844252027631
1.135 0.49997778331925935
1.134 0.5000324432935351
1.133 0.5000954512571071
1.132 0.5000890820314691
1.131 0.500091458768394
1.13 0.5001293574030847
1.129 0.5000973775943913
1.128 0.5000337930959303
1.127 0.500038152362576
1.126 0.5000586600142404
1.125 0.5000048276242264
1.124 0.4999261269891074
1.123 0.4999307638378383
1.122 0.4999883214715818
1.121 0.4999703652096073
1.12 0.49994887756410167
1.119 0.5000258433333541
1.118 0.5000900925960908
1.117 0.5000966266003586
1.116 0.5001051382833088
1.115 0.5001733692934078
1.114 0.5001847194314774
1.113 0.5001858666231075
1.112 0.5001576919257064
1.111 0.5002005760569258
1.11 0.500155929659897
1.109 0.500089341302453
1.108 0.5000678075138196
1.107 0.500074961079896
1.106 0.5000800435835496
1.105 0.5000509345398837
1.104 0.5000579983453353
1.103 0.49999221941175853
1.102 0.4999594319813358
1.101 0.49998765671562834
1.1 0.5000396803784419
1.099 0.500016546945968
1.098 0.4999886913788052
1.097 0.4999742200742524
1.096 0.49996675104604527
1.095 0.49993417733652556
1.094 0.49997935454634673
1.093 0.5000456426611165
1.092 0.5000031128688905
1.091 0.49990335902852323
1.09 0.499907869615586
1.089 0.50000093365083
1.088 0.5000230316976332
1.087 0.49999019566851893
1.086 0.4999146009894664
1.085 0.4999460944634604
1.084 0.4998878726806482
1.083 0.4998865522326074
1.082 0.4999753553933866
1.081 0.5000038912601363
1.08 0.49995018565184884
1.079 0.4998805681345822
1.078 0.49993764351847436
1.077 0.5000653030856772
1.076 0.5001385122313045
1.075 0.5001467991559307
1.074 0.500173176900671
1.073 0.5001236124976955
1.072 0.5001128264536171
1.071 0.5001450748263485
1.07 0.5001805297989333
1.069 0.500147439767068
1.068 0.5000786433829686
1.067 0.4999683620329458
1.066 0.49996441953742904
1.065 0.4999632304931543
1.064 0.4999550830621028
1.063 0.49997588402174853
1.062 0.49996934736653426
1.061 0.49995529874749367
1.06 0.5000064302665594
1.059 0.5000252562891012
1.058 0.500016337704819
1.057 0.5000290967044793
1.056 0.5000377068313057
1.055 0.4999999481350989
1.054 0.5000466802558078
1.053 0.5000421625432944
1.052 0.5000493743051552
1.051 0.5000322043755011
1.05 0.5000226083338467
1.049 0.5000600447504503
1.048 0.5000529475721542
1.047 0.5000233890130138
1.046 0.5000695896966595
1.045 0.5000889324937553
1.044 0.5000258778530073
1.043 0.5000142081605452
1.042 0.500004667234479
1.041 0.5000180450828394
1.04 0.4999921702809376
1.039 0.5000142572131908
1.038 0.5000470262945945
1.037 0.5000657990320232
1.036 0.4999901486863948
1.035 0.5000331795323759
1.034 0.5000571914428328
1.033 0.5000361908629374
1.032 0.5000399272225255
1.031 0.5000223471334228
1.03 0.5000143629393439
1.029 0.4999737660993715
1.028 0.4999518329356742
1.027 0.49996344712011526
1.026 0.49996613963062225
1.025 0.49995375481841614
1.024 0.49999206760762466
1.023 0.49996012753795477
1.022 0.4999571687307259
1.021 0.49993850168109233
1.02 0.49993471197714223
1.019 0.4999854301824193
1.018 0.49999906663906685
1.017 0.4999852736416646
1.016 0.4999848572788157
1.015 0.49997381479813396
1.014 0.4999824234103997
1.013 0.5000574475096712
1.012 0.5000970080156308
1.011 0.5001267135624368
1.01 0.5001526404727873
1.009 0.5001115593067316
1.008 0.5001260758698872
1.007 0.5001592993441512
1.006 0.5001594711116734
1.005 0.500131883308156
1.004 0.5000884925748664
1.003 0.500017781165588
1.002 0.4999957492347067
1.001 0.4999585296350338
1.0 0.499956249826347
0.999 0.4999536094011093
0.998 0.499928830935373
0.997 0.49990639218048166
0.996 0.49993572609197223
0.995 0.49994246512972196
0.994 0.4999518436021193
0.993 0.49998937292480433
0.992 0.49998958013544575
0.991 0.5000282524330529
0.99 0.5000457197880841
0.989 0.5000375796390302
0.988 0.5000490378117814
0.987 0.5000818958028298
0.986 0.5000771267067393
0.985 0.5000987859589183
0.984 0.5001145959593185
0.983 0.5001296712755424
0.982 0.5001128846474392
0.981 0.5000742705240349
0.98 0.5000272620165891
0.979 0.5000224414214117
0.978 0.5000111436159157
0.977 0.49999616497251737
0.976 0.4999867325836137
0.975 0.49996787034044793
0.974 0.4999493686419944
0.973 0.49993377343425477
0.972 0.49995553637435514
0.971 0.500010519441742
0.97 0.500057520356506
0.969 0.5000470530683989
0.968 0.5000303703104819
0.967 0.5000286576339324
0.966 0.5000385564786077
0.965 0.5000502655471856
0.964 0.5000561758274378
0.963 0.5000547754956094
0.962 0.5000435827215083
0.961 0.5000014509227454
0.96 0.49999678750018395
0.959 0.5000353357988947
0.958 0.50006932998836
0.957 0.5000632631801142
0.956 0.50005911874827
0.955 0.5000441942395373
0.954 0.5000653843730726
0.953 0.5001021602436263
0.952 0.5001421999076867
0.951 0.5001623465089906
0.95 0.5001339055061219
0.949 0.5001181987300837
0.948 0.5001213589090026
0.947 0.5001149829638754
0.946 0.5001370954635023
0.945 0.5001254939089099
0.944 0.5000912608373539
0.943 0.5000189561834553
0.942 0.4999638490019424
0.941 0.4999485205297434
0.94 0.49995711660327036
0.939 0.49995732644811447
0.938 0.4999690831555399
0.937 0.49996830727279734
0.936 0.4999681023640705
0.935 0.49998829749466966
0.934 0.5000197290931421
0.933 0.5000581544019569
0.932 0.5001089032751456
0.931 0.5000935770320225
0.93 0.5000823938313277
0.929 0.5000607972497686
0.928 0.5000196277196433
0.927 0.49999637475879194
0.926 0.49995281924924906
0.925 0.49994494945137447
0.924 0.4999497162203045
0.923 0.4999232001836153
0.922 0.4998967424254821
0.921 0.49991740338189394
0.92 0.49992423596659014
0.919 0.49993992784713004
0.918 0.49997995795832184
0.917 0.4999846180347276
0.916 0.49998798328184446
0.915 0.4999554017217111
0.914 0.4999503277179311
0.913 0.49998813872081954
0.912 0.4999531212785159
0.911 0.4998897078059832
0.91 0.4998975810795731
0.909 0.49988603039300034
0.908 0.4998903877063493
0.907 0.4999025589036866
0.906 0.4999537406032039
0.905 0.49998202376365203
0.904 0.4999912454674573
0.903 0.5000099448660769
0.902 0.5000983574869419
0.901 0.5001438519778171
0.9 0.5001317329498038
0.899 0.5001195113493303
0.898 0.5001259774910547
0.897 0.5001086798639316
0.896 0.5000654755096731
0.895 0.5000257465435654
0.894 0.49999766885976893
0.893 0.49993835617573734
0.892 0.4998866187430147
0.891 0.49987982686781157
0.89 0.4998795108326288
0.889 0.49983659649883394
0.888 0.4998185764457312
0.887 0.4998367033642008
0.886 0.4998579937989762
0.885 0.49987782282132914
0.884 0.4999277238697439
0.883 0.4999364235989383
0.882 0.49995051878591856
0.881 0.49998388619237355
0.88 0.5000375619681808
0.879 0.5001030074229594
0.878 0.5000964786035121
0.877 0.5000424404447593
0.876 0.5000134217684501
0.875 0.5000037314848387
0.874 0.4999648646990345
0.873 0.49992754360807123
0.872 0.49988239749067653
0.871 0.499852699649506
0.87 0.4997844989772253
0.869 0.49970335022970525
0.868 0.4996219559208484
0.867 0.4996236404803131
0.866 0.4995454875990158
0.865 0.4994641176743423
0.864 0.499449784495036
0.863 0.49946489388376614
0.862 0.49940876608220097
0.861 0.49936497346676106
0.86 0.499394224696383
0.859 0.4995143795365331
0.858 0.49959618078514256
0.857 0.49964552383745736
0.856 0.49977178398237265
0.855 0.4998786976816867
0.854 0.4999003595989863
0.853 0.49996134830414646
0.852 0.5000338269574974
0.851 0.5001158817436678
0.85 0.5001170749288898
0.849 0.5000820412912416
0.848 0.5001091064163717
0.847 0.5001317539210819
0.846 0.5001000064939282
0.845 0.5000938780790269
0.844 0.5000935633700393
0.843 0.5000721034466278
0.842 0.5000706529181629
0.841 0.5000579207359663
0.84 0.5000670608452243
0.839 0.500062539047948
0.838 0.5000466933862948
0.837 0.5000281497608828
0.836 0.5000505335207592
0.835 0.50005967503748
0.834 0.5000664238017203
0.833 0.5000471053575982
0.832 0.5000675172174098
0.831 0.500053597192172
0.83 0.5000477263905752
0.829 0.500044141902194
0.828 0.5000591462849123
0.827 0.5000380127278246
0.826 0.5000370756551071
0.825 0.5000374389436257
0.824 0.5000442900379607
0.823 0.5000646450539992
0.822 0.5000624631542678
0.821 0.5000669284196139
0.82 0.5000649015790918
0.819 0.5000561787718594
0.818 0.5000431954677986
0.817 0.5000364494005476
0.816 0.5000085152003596
0.815 0.49998800560901346
0.814 0.49997331268683715
0.813 0.49996521317263964
0.812 0.49995067461549564
0.811 0.49994314573850057
0.81 0.4999239855813525
0.809 0.4999342664656792
0.808 0.4999371772024478
0.807 0.4999720143955042
0.806 0.49998499436068344
0.805 0.4999891474360792
0.804 0.4999415271731431
0.803 0.499922361191938
0.802 0.4999248509457199
0.801 0.4999059933644818
0.8 0.49988650651255234
0.799 0.49985060742936105
0.798 0.49980644811406905
0.797 0.49981040462043425
0.796 0.49979777739015124
0.795 0.49983512849692247
0.794 0.4998910669835716
0.793 0.4999078927449718
0.792 0.4999355833849186
0.791 0.4999701805665402
0.79 0.49999028443334503
0.789 0.5000331483399645
0.788 0.5000426607815227
0.787 0.5000224992452621
0.786 0.5000372050331967
0.785 0.4999964665912042
0.784 0.4999624312577755
0.783 0.4999492303962035
0.782 0.4999095809482277
0.781 0.49990210075972713
0.78 0.4998947671360416
0.779 0.4998632217676113
0.778 0.49986185869797506
0.777 0.4998344558973358
0.776 0.49980939565584265
0.775 0.4998040254931124
0.774 0.4998196122172123
0.773 0.49982745180893823
0.772 0.49984865680968965
0.771 0.4998381015561798
0.77 0.49985670816861183
0.769 0.4998753689666126
0.768 0.4999091635045479
0.767 0.49994217666982543
0.766 0.4999751436726919
0.765 0.4999841385786898
0.764 0.4999841383642212
0.763 0.4999762321497984
0.762 0.4999637492982603
0.761 0.4999628119801804
0.76 0.49996385211426647
0.759 0.4999495475822474
0.758 0.4999386263878238
0.757 0.4999274419225904
0.756 0.49990928984350014
0.755 0.4999246314979587
0.754 0.4999241622740083
0.753 0.499939816148477
0.752 0.4999447036558114
0.751 0.4999532340647026
0.75 0.4999426207531424
0.749 0.49994490681448084
0.748 0.49994511506950823
0.747 0.4999543218216
0.746 0.4999551008597015
0.745 0.4999416765459279
0.744 0.499945161963672
0.743 0.49994911591768554
0.742 0.4999419855147976
0.741 0.499945524082778
0.74 0.4999646191048924
0.739 0.49997054955978354
0.738 0.49995441814133007
0.737 0.4999616509390421
0.736 0.4999727340144835
0.735 0.4999789773281932
0.734 0.4999660193553335
0.733 0.49995280069832065
0.732 0.49995706581648997
0.731 0.4999507689515077
0.73 0.4999385918550318
0.729 0.49994837531065883
0.728 0.49995701223142536
0.727 0.49994509388633174
0.726 0.49993072894282164
0.725 0.49993785830360876
0.724 0.49996002910380877
0.723 0.4999638269184146
0.722 0.49996424190708993
0.721 0.4999643456722985
0.72 0.499955287463094
0.719 0.4999387859505012
0.718 0.49995231968878284
0.717 0.49996272983356066
0.716 0.4999667368264559
0.715 0.4999552838134797
0.714 0.49993945898718584
0.713 0.4999407585282212
0.712 0.499943619866922
0.711 0.4999440879399873
0.71 0.4999615272845478
0.709 0.4999736566889728
0.708 0.499955955301399
0.707 0.4999394501616519
0.706 0.4999421563066755
0.705 0.49995694205045604
0.704 0.4999628248220226
0.703 0.49996178232252264
0.702 0.4999560011284539
0.701 0.499938451040771
0.7 0.49992199519015473
0.699 0.4999208492459329
0.698 0.499933449673164
0.697 0.4999484455875985
0.696 0.49994552826645533
0.695 0.4999256333817376
0.694 0.4999241746599212
0.693 0.49993245393248825
0.692 0.49994390973811315
0.691 0.4999537502023429
0.69 0.4999638533383056
0.689 0.4999571856625513
0.688 0.499938589265737
0.687 0.4999267640437499
0.686 0.4999259285651332
0.685 0.4999299355751102
0.684 0.4999262357081684
0.683 0.49991524214958405
0.682 0.4999026845315916
0.681 0.49989741783658437
0.68 0.4998950200535142
0.679 0.4998927236186329
0.678 0.4998978237021708
0.677 0.49991048340420674
0.676 0.4999174120855558
0.675 0.49992402693510896
0.674 0.49992511948834883
0.673 0.4999278263839434
0.672 0.49993282606327905
0.671 0.4999397543896953
0.67 0.4999434540713121
0.669 0.499947986428523
0.668 0.4999442830384122
0.667 0.4999251003171014
0.666 0.49990966917233504
0.665 0.4999066434521094
0.664 0.4999063287077334
0.663 0.4999035622941707
0.662 0.4998983449091548
0.661 0.49989682955502207
0.66 0.4998883298313458
0.659 0.49988253877654104
0.658 0.4998858170131608
0.657 0.4998933191286832
0.656 0.49990030109902395
0.655 0.4999016538423833
0.654 0.4999011822771379
0.653 0.49990686321136485
0.652 0.49991176115350494
0.651 0.4999125924272499
0.65 0.4999138412112299
0.649 0.49992223564945226
0.648 0.4999312043433373
0.647 0.49992598490926704
0.646 0.49991789584686513
0.645 0.49991241536919867
0.644 0.49990323029281
0.643 0.4998923227587744
0.642 0.49989278857897346
0.641 0.49989398513830247
0.64 0.49988672799598716
0.639 0.49987561020914595
0.638 0.49987273812762567
0.637 0.4998820208672265
0.636 0.4998921908387051
0.635 0.49989615237775564
0.634 0.4999039757785163
0.633 0.49991289566842523
0.632 0.49991278833996283
0.631 0.49991497824455594
0.63 0.49992290812475293
0.629 0.49992426097028425
0.628 0.49991674121677254
0.627 0.4999113094123838
0.626 0.49990963618620227
0.625 0.4999098419869886
0.624 0.49990644529284084
0.623 0.49990759135456037
0.622 0.49990826706407515
0.621 0.49990152861423925
0.62 0.4999019436256256
0.619 0.4999129056856296
0.618 0.49992021259375286
0.617 0.49992349932569746
0.616 0.4999216164822417
0.615 0.49991837556618784
0.614 0.49991471568570206
0.613 0.49990572887457196
0.612 0.4999041587377826
0.611 0.4999057214295452
0.61 0.4999014349545395
0.609 0.49989610505205245
0.608 0.49989443053973526
0.607 0.49990242114657035
0.606 0.4999189796132648
0.605 0.49993752337649583
0.604 0.4999737769287957
0.603 0.5000033954221978
0.602 0.5000205293136136
0.601 0.5000416332042618
0.6 0.500062005969916
0.599 0.5000764758906621
0.598 0.5000913637966385
0.597 0.5000868198847835
0.596 0.5000701565080425
0.595 0.5000477469200102
0.594 0.5000078881054996
0.593 0.49998218657912835
0.592 0.49996343261969123
0.591 0.4999344389315102
0.59 0.49991145265600756
0.589 0.49987968619149586
0.588 0.4998506349971762
0.587 0.49983578993609123
0.586 0.49982590463754095
0.585 0.4998290824449644
0.584 0.49983806112291207
0.583 0.49983308772039836
0.582 0.4998303096183142
0.581 0.4998285719183659
0.58 0.499825373205319
0.579 0.4998310554746494
0.578 0.49983768187340943
0.577 0.49983301480323244
0.576 0.499829915309013
0.575 0.4998120700985853
0.574 0.4997900915690231
0.573 0.49977631756901286
0.572 0.49976395616373587
0.571 0.49976744351482294
0.57 0.49976397382704096
0.569 0.4997581982410308
0.568 0.4997556707408439
0.567 0.49975350093037574
0.566 0.4997549436956584
0.565 0.4997684753431474
0.564 0.4997756204823799
0.563 0.4997807780682591
0.562 0.4997747844432695
0.561 0.4997648698731973
0.56 0.49976830823121
0.559 0.49976744680470025
0.558 0.4997651771299701
0.557 0.4997630041582426
0.556 0.49976130631287974
0.555 0.49976218149344576
0.554 0.49976608975091735
0.553 0.4997770214763525
0.552 0.499788001092376
0.551 0.4997873495962158
0.55 0.4997816205526347
0.549 0.49978757547674446
0.548 0.4997908618253957
0.547 0.4998005923936587
0.546 0.4998038775520689
0.545 0.4998025016182075
0.544 0.49980148926049567
0.543 0.4998020027920962
0.542 0.4998120058467493
0.541 0.4998243143487244
0.54 0.49983321770460154
0.539 0.4998374543558299
0.538 0.499828942759243
0.537 0.4998254664902481
0.536 0.49982372028270233
0.535 0.49981819717709797
0.534 0.4998177620168187
0.533 0.49980163586389986
0.532 0.499786873932336
0.531 0.49978770146448726
0.53 0.499786114635627
0.529 0.49978347554659436
0.528 0.4997910685698255
0.527 0.4997988232208402
0.526 0.4998051082636196
0.525 0.49981265467278513
0.524 0.49981720883509884
0.523 0.49981986660255384
0.522 0.49980865633890614
0.521 0.49979571886840124
0.52 0.4997917124347729
0.519 0.4997811329223998
0.518 0.4997703415348709
0.517 0.49974756513859847
0.516 0.4997287784794421
0.515 0.4997101994651776
0.514 0.49970055558843585
0.513 0.4996996818299044
0.512 0.4997002684597774
0.511 0.49968545171594453
0.51 0.49966811512424264
0.509 0.4996448134826341
0.508 0.49962850630708133
0.507 0.4996154458497352
0.506 0.49959585422209196
0.505 0.499580524372955
0.504 0.4995553495809274
0.503 0.49953084962495875
0.502 0.4995038469502122
0.501 0.49948842216079564
0.5 0.49947078731212846
0.499 0.4994646635811056
0.498 0.4994426721800398
0.497 0.4994258309847157
0.496 0.499407863571767
0.495 0.49938171546506666
0.494 0.49934408451597356
0.493 0.49931816188560296
0.492 0.4992973210364514
0.491 0.49928066381677755
0.49 0.49926146784533243
0.489 0.49926166557301394
0.488 0.49927242100457686
0.487 0.4992847695391417
0.486 0.4993058971150271
0.485 0.4993385702732996
0.484 0.4993932526649916
0.483 0.499428603230357
0.482 0.49947057906532566
0.481 0.4995073521394826
0.48 0.49953428645877396
0.479 0.49954901808576746
0.478 0.4995602075074867
0.477 0.4995688593445327
0.476 0.4995826111945394
0.475 0.49958397235342356
0.474 0.4995852938467358
0.473 0.49959445344186637
0.472 0.4996022900290686
0.471 0.4995971369683407
0.47 0.4996061377390471
0.469 0.4996116959451425
0.468 0.4996234648154448
0.467 0.49962679368768803
0.466 0.4996170194294317
0.465 0.4996159473765108
0.464 0.4996035182565802
0.463 0.49959963927716544
0.462 0.49959235654449613
0.461 0.49958984280192975
0.46 0.4995927051516743
0.459 0.4995786599974776
0.458 0.4995638732307855
0.457 0.49956714962741927
0.456 0.4995681850846749
0.455 0.4995630043525192
0.454 0.499548448517601
0.453 0.49953863946346666
0.452 0.4995270618396299
0.451 0.499507432774523
0.45 0.4994874429918684
0.449 0.49949032012750083
0.448 0.49948739766985
0.447 0.4994790554077605
0.446 0.4994807717255228
0.445 0.4994820597955681
0.444 0.4994979339855645
0.443 0.4995038127344927
0.442 0.4995118687990309
0.441 0.49953287323950557
0.44 0.4995483008819435
0.439 0.4995461305913101
0.438 0.49954667856037616
0.437 0.49954386863416667
0.436 0.4995277649654751
0.435 0.4995190238553921
0.434 0.4995129540139764
0.433 0.49950731520529495
0.432 0.4994981920066798
0.431 0.4994845249045882
0.43 0.49948364204053386
0.429 0.49949097067356324
0.428 0.4994919912468157
0.427 0.49949360057368414
0.426 0.499501933669284
0.425 0.4995080338079168
0.424 0.4995045079931247
0.423 0.4994889920367926
0.422 0.49948363116132366
0.421 0.49947220838054524
0.42 0.4994386825609352
0.419 0.4994116729190587
0.418 0.4993997595181794
0.417 0.4993812446079887
0.416 0.4993491918672401
0.415 0.4993292077061305
0.414 0.4993205270317014
0.413 0.49931079824492725
0.412 0.4992854940486804
0.411 0.4992675121264813
0.41 0.4992446654767678
0.409 0.49922181165339863
0.408 0.46982647400885624
0.407 0.4367741558925083
0.406 0.3993177981883672
0.405 0.3565016979198772
0.404 0.307095785440613
0.403 0.24948581878703208
0.402 0.1814270834029563
0.401 0.09978583541602651
0.4 0.0
