0.4 1.0
0.401 1.0
0.402 0.9
0.403 0.8181818181818182
0.404 0.7500000000000001
0.405 0.6923076923076923
0.406 0.6428571428571429
0.407 0.6000000000000001
0.408 0.5625
0.409 0.5294117647058824
0.41 0.5
0.411 0.5
0.412 0.5
0.413 0.5
0.414 0.5
0.415 0.5
0.416 0.5
0.417 0.5
0.418 0.5
0.419 0.5
0.42 0.5
0.421 0.5
0.422 0.5
0.423 0.5
0.424 0.5
0.425 0.5
0.426 0.5
0.427 0.5
0.428 0.5
0.429 0.5
0.43 0.5
0.431 0.5
0.432 0.5
0.433 0.5
0.434 0.5
0.435 0.5
0.436 0.5
0.437 0.5
0.438 0.5
0.439 0.5
0.44 0.5
0.441 0.5
0.442 0.5
0.443 0.5
0.444 0.5
0.445 0.5
0.446 0.5
0.447 0.5
0.448 0.5
0.449 0.5
0.45 0.5
0.451 0.5
0.452 0.5
0.453 0.5
0.454 0.5
0.455 0.5
0.456 0.5
0.457 0.5
0.458 0.5
0.459 0.5
0.46 0.5
0.461 0.5
0.462 0.5
0.463 0.5
0.464 0.5
0.465 0.5
0.466 0.5
0.467 0.5
0.468 0.5
0.469 0.5
0.47 0.5
0.471 0.5
0.472 0.5
0.473 0.5
0.474 0.5
0.475 0.5000236071612926
0.476 0.5002444254557438
0.477 0.5008368103930249
0.478 0.5017981231700617
0.479 0.5030807932496408
0.48 0.5048089067469197
0.481 0.506631803537788
0.482 0.5089070958470683
0.483 0.5114965873252988
0.484 0.5143264032788673
0.485 0.5173453114051271
0.486 0.5198468431088774
0.487 0.5220470576820216
0.488 0.5237487457121265
0.489 0.5248666918633591
0.49 0.5258462608482929
0.491 0.526357380429312
0.492 0.5265283063758619
0.493 0.5262865531881126
0.494 0.5255775577557756
0.495 0.5249144900497512
0.496 0.5242367073499404
0.497 0.5235989325200152
0.498 0.5230182408701235
0.499 0.5225400629025012
0.5 0.5219003820049698
0.501 0.5213360800470864
0.502 0.520665377740488
0.503 0.5201331355594949
0.504 0.5195905907703359
0.505 0.518967052537845
0.506 0.518358684117439
0.507 0.5177837856816825
0.508 0.517321901575352
0.509 0.5168091957206662
0.51 0.5164094986081996
0.511 0.5160331933203565
0.512 0.5157098262757872
0.513 0.5153874675565443
0.514 0.5150336875272349
0.515 0.5148346708401318
0.516 0.5146074859224908
0.517 0.5141661724978587
0.518 0.5137746912569201
0.519 0.5133505037003228
0.52 0.5130116343131219
0.521 0.5126427143133586
0.522 0.5122585199922983
0.523 0.5119849350483546
0.524 0.5117417140678128
0.525 0.5114853549875193
0.526 0.5112621114886121
0.527 0.5111660976602876
0.528 0.5111277351786048
0.529 0.5111607835832479
0.53 0.5109971580378104
0.531 0.5109983079526227
0.532 0.5109374999999999
0.533 0.5107810546219769
0.534 0.5106951871657754
0.535 0.510596486984914
0.536 0.5107029956345025
0.537 0.5106886936707343
0.538 0.5105659025787965
0.539 0.5105092606356096
0.54 0.5105048233414216
0.541 0.5105492692126355
0.542 0.5105939664279845
0.543 0.5106358111266948
0.544 0.5108407787899072
0.545 0.5108182476466329
0.546 0.5106732821785034
0.547 0.5107006406021085
0.548 0.5106839440487427
0.549 0.5105740181268882
0.55 0.5104009989499674
0.551 0.5101636934211642
0.552 0.5103424985225001
0.553 0.5103939037373229
0.554 0.5103219327121576
0.555 0.5103423383402282
0.556 0.5105206403627617
0.557 0.51065235342692
0.558 0.5109704988084477
0.559 0.5114541289407658
0.56 0.512006512006512
0.561 0.5122050117589814
0.562 0.5120021528525296
0.563 0.5120265709540901
0.564 0.5121606485679236
0.565 0.5120520307937351
0.566 0.5120765287246974
0.567 0.5119179163378058
0.568 0.5115986804210084
0.569 0.5113600833767586
0.57 0.5110385572139303
0.571 0.5111707342242403
0.572 0.51121387283237
0.573 0.5112122529341073
0.574 0.5112858487925288
0.575 0.5115101172537797
0.576 0.5116554522315466
0.577 0.5117924528301887
0.578 0.511951444913455
0.579 0.5121187262286524
0.58 0.5123627732172881
0.581 0.512690605017216
0.582 0.5130075132767187
0.583 0.5132562385879489
0.584 0.5133930733833858
0.585 0.513629358505105
0.586 0.513921808039455
0.587 0.5142292395989617
0.588 0.5145996637222631
0.589 0.5147910876631024
0.59 0.5149912229373903
0.591 0.5151867528722267
0.592 0.5153630962014195
0.593 0.5156458208886643
0.594 0.5157731228727414
0.595 0.515909400390359
0.596 0.5161064899348526
0.597 0.5162641695416461
0.598 0.5164018338006854
0.599 0.5164594486969603
0.6 0.5164388378532812
0.601 0.516416346489696
0.602 0.516390775171935
0.603 0.5163347987242479
0.604 0.5163646489311571
0.605 0.5161757193938362
0.606 0.5158903008901952
0.607 0.5157087317431964
0.608 0.5155437710086227
0.609 0.5154226170707406
0.61 0.5153046491481375
0.611 0.5151266704927441
0.612 0.5150959540398483
0.613 0.5149895751098156
0.614 0.5148813716217576
0.615 0.51496
0.616 0.5149599411542514
0.617 0.5149718351615772
0.618 0.5149580624251114
0.619 0.5150100587902108
0.62 0.514893203883495
0.621 0.5148075215259276
0.622 0.5146093300057593
0.623 0.5144198652491744
0.624 0.5142667299477931
0.625 0.5140328029745391
0.626 0.5137595735095359
0.627 0.5134453781512605
0.628 0.5130667360092127
0.629 0.5127954028935163
0.63 0.5124565629079411
0.631 0.512237058715932
0.632 0.5121569483875664
0.633 0.512013181003422
0.634 0.5118571377085811
0.635 0.511646255087952
0.636 0.5115992719226239
0.637 0.5115213104269192
0.638 0.511495065963994
0.639 0.511451053567342
0.64 0.5114375361531316
0.641 0.5112995829188699
0.642 0.510948144028917
0.643 0.5107354798525927
0.644 0.5106467284567413
0.645 0.5104400789225357
0.646 0.5103250380036551
0.647 0.5101901942771597
0.648 0.5100536987786493
0.649 0.5098604855171484
0.65 0.5096467345635441
0.651 0.5095745036992401
0.652 0.5095252393821106
0.653 0.5094471309636573
0.654 0.5092955881135668
0.655 0.5091889930051471
0.656 0.5090538630911302
0.657 0.5089724277948786
0.658 0.5088572081036113
0.659 0.508824676591042
0.66 0.5088352958325909
0.661 0.5087382400877859
0.662 0.5086861407798224
0.663 0.5085995479827529
0.664 0.5085701506365713
0.665 0.5085112820267839
0.666 0.5083554187231206
0.667 0.5082185062726424
0.668 0.5080969425566471
0.669 0.5079754215579966
0.67 0.5079101531906894
0.671 0.5078138416623733
0.672 0.5079278634446917
0.673 0.5079094292803971
0.674 0.5078376205787781
0.675 0.5078976160756938
0.676 0.5080398691505535
0.677 0.5081829176809198
0.678 0.5081734511653463
0.679 0.5081782633172558
0.68 0.5081380356465681
0.681 0.5080611010284332
0.682 0.5078845805945847
0.683 0.5077926567173152
0.684 0.5077911959485781
0.685 0.5076925374917847
0.686 0.5074815752251917
0.687 0.5073904784518579
0.688 0.5073613186748146
0.689 0.5073603162428462
0.69 0.5072662018650899
0.691 0.5072244796174327
0.692 0.5071969807787952
0.693 0.5071620281229943
0.694 0.5070615100431981
0.695 0.5070628843253278
0.696 0.5070575304428311
0.697 0.5070859103556652
0.698 0.5070373937921416
0.699 0.5070085421085823
0.7 0.5071384676946823
0.701 0.507274463143195
0.702 0.5072268095447893
0.703 0.5071792036966166
0.704 0.507090644308397
0.705 0.5070496009925838
0.706 0.5068637655067653
0.707 0.5067177156961742
0.708 0.506582537039887
0.709 0.506328760623526
0.71 0.5060274506528579
0.711 0.5057273371006484
0.712 0.5055691011858583
0.713 0.5054182562061148
0.714 0.5051806680371408
0.715 0.5049146475770925
0.716 0.504748161891019
0.717 0.5044914080392775
0.718 0.5043190187408452
0.719 0.5040868210273093
0.72 0.503903051476609
0.721 0.503618201392769
0.722 0.5033816425120773
0.723 0.5031590961588108
0.724 0.5030266836776243
0.725 0.502725202017463
0.726 0.5024587165905796
0.727 0.5022057430512328
0.728 0.501973719785865
0.729 0.5017360876555386
0.73 0.5015524177218608
0.731 0.501322430032656
0.732 0.5010453619650108
0.733 0.5007617121671722
0.734 0.5004919336361309
0.735 0.5003705550240525
0.736 0.5001280306195335
0.737 0.4998584962872122
0.738 0.4996024526649148
0.739 0.49933265925176945
0.74 0.4990629508285132
0.741 0.4988331152450458
0.742 0.4985149584188357
0.743 0.4982913486864321
0.744 0.49797893769179813
0.745 0.49765289971726573
0.746 0.4974064493411162
0.747 0.4971802727543854
0.748 0.4970219924837532
0.749 0.4968073254897699
0.75 0.49657264097054116
0.751 0.4963840653728295
0.752 0.4962140333165068
0.753 0.4960177051599066
0.754 0.4958392642067229
0.755 0.49569544594631637
0.756 0.49550824175824176
0.757 0.49515458524901573
0.758 0.49487066350449505
0.759 0.4946029991016516
0.76 0.4943775100401606
0.761 0.4942131557035803
0.762 0.494010934739361
0.763 0.4938170056741346
0.764 0.49368291592128805
0.765 0.49347920489725017
0.766 0.49342788934138465
0.767 0.49339473832460146
0.768 0.49332241578902786
0.769 0.49329576507567924
0.77 0.49319269154871587
0.771 0.49320487825703346
0.772 0.49322106464963605
0.773 0.4931457844427909
0.774 0.49308306067389934
0.775 0.49305665481860955
0.776 0.49302379269049307
0.777 0.4930688198182555
0.778 0.4930729839119145
0.779 0.4931257728959046
0.78 0.4930465364017103
0.781 0.4929705215419502
0.782 0.49295774647887325
0.783 0.49304207119741106
0.784 0.4930358829084042
0.785 0.4929783802181216
0.786 0.4929740477497663
0.787 0.4929013631763795
0.788 0.4929285394599433
0.789 0.4930148378604763
0.79 0.49314431443144313
0.791 0.49339246786439145
0.792 0.493350221659278
0.793 0.49312665406427225
0.794 0.49267463221339974
0.795 0.49202525083102067
0.796 0.49115498307576844
0.797 0.4899832155341001
0.798 0.48842646352981256
0.799 0.4867246990672252
0.8 0.4846765217663933
0.804 0.48252101105346973
0.808 0.4807985273581312
0.812 0.479396503552327
0.816 0.47836360713711623
0.82 0.47767813784842506
0.824 0.4772430881585811
0.828 0.4773925468490811
0.832 0.4778535487288136
0.836 0.4785887063141212
0.84 0.4798364710038863
0.844 0.4810047149011228
0.848 0.4821739873525893
0.852 0.4832908865638766
0.856 0.48448732828659036
0.86 0.4857003433311839
0.864 0.48690805846682317
0.868 0.487986612647525
0.872 0.48913505096262744
0.876 0.49033576123645406
0.88 0.49154083397215326
0.884 0.4928290414878398
0.888 0.49409127588989504
0.892 0.4954367432000288
0.896 0.4967249694090549
0.9 0.4979824909031956
0.904 0.49933321319156604
0.908 0.5007209025700178
0.912 0.5020536100302637
0.916 0.5033826334160999
0.92 0.5047331644842018
0.924 0.5061111111111112
0.928 0.5073839662447257
0.932 0.5085890445133469
0.936 0.5098634563823932
0.94 0.5111232934851808
0.944 0.5123118894658101
0.948 0.5134666573269825
0.952 0.514569870935154
0.956 0.5155413946561845
0.96 0.5164432359875407
0.964 0.5172231054583996
0.968 0.5182079011255792
0.972 0.5190421623807757
0.976 0.5198080235455443
0.98 0.5204095178044005
0.984 0.5209591678872961
0.988 0.521485108119135
0.992 0.5219966022166492
0.996 0.5224713694543355
1.0 0.5229010667556954
1.004 0.5232122033470957
1.008 0.5233976110547272
1.012 0.5234772653433792
1.016 0.5235584439471506
1.02 0.5236988777013379
1.024 0.5237565070863299
1.028 0.5237995886858812
1.032 0.5237659423712802
1.036 0.5237371152862051
1.04 0.5236295169816786
1.044 0.5235484889360847
1.048 0.5235177893704425
1.052 0.5235641166448416
1.056 0.5235916818923555
1.06 0.5235700469743024
1.064 0.5235410051461732
1.068 0.5234427963229114
1.072 0.5234500913291071
1.076 0.5234477895885162
1.08 0.523537163943068
1.084 0.5236453845149498
1.088 0.5236555523940092
1.092 0.5236612861901101
1.096 0.5236155525100249
1.1 0.5235784418490628
1.104 0.5236482279395283
1.108 0.5236826195851995
1.112 0.5236675181188204
1.116 0.52365040738992
1.12 0.5235719511171342
1.124 0.5235232618923158
1.128 0.5234238900136542
1.132 0.5233280858258993
1.136 0.5232907414681486
1.14 0.5232333176880015
1.144 0.5231020482228321
1.148 0.5230362962130577
1.152 0.5228884805968488
1.156 0.5227518481738939
1.16 0.5225925682916694
1.164 0.5224077947695276
1.168 0.5222758183556611
1.172 0.5220303963021737
1.176 0.5217708047384758
1.18 0.5215233867928479
1.184 0.5212521926865471
1.188 0.5209941339919729
1.192 0.5207291432770622
1.196 0.5204320231600044
1.2 0.5201859456420246
1.204 0.519948609672536
1.208 0.5197522449100554
1.212 0.5196162026011193
1.216 0.5194480639452342
1.22 0.51928903641662
1.224 0.5190902561647116
1.228 0.5188377972513164
1.232 0.5187064883119824
1.236 0.5185459176506945
1.24 0.5183690923288587
1.244 0.518158912403437
1.248 0.5178954313046347
1.252 0.5176717824619499
1.256 0.5174043056797752
1.26 0.5171287572902648
1.264 0.5169623682264145
1.268 0.5167789393550444
1.272 0.5164918266313763
1.276 0.5162234414313671
1.28 0.5159842717890406
1.284 0.5157625992979067
1.288 0.5154902532274932
1.292 0.5152281885484022
1.296 0.5150386126541118
1.3 0.5148489848143035
1.304 0.5145233771559118
1.308 0.5142933209091817
1.312 0.5141044306938883
1.316 0.5138748344316378
1.32 0.5136150157914546
1.324 0.5133786884979085
1.328 0.513183566079741
1.332 0.5129380119031319
1.336 0.5126594449073778
1.34 0.5123775203501584
1.344 0.5121401593296728
1.348 0.5117759489471938
1.352 0.5113922259261588
1.356 0.5110032489137668
1.36 0.5105380938642796
1.364 0.5099470989893655
1.368 0.5092854212306763
1.372 0.5085533067384779
1.376 0.5078040262467596
1.38 0.5070112456083828
1.384 0.506219685726089
1.388 0.5054682551190959
1.392 0.5046643566995392
1.396 0.5039291685666515
1.4 0.503303672348528
1.404 0.5027872875450663
1.408 0.5022809287124669
1.412 0.5017500888274027
1.416 0.5011034024093473
1.42 0.5004119456685236
1.424 0.49954621086068673
1.428 0.49860705255348464
1.432 0.4975853468078815
1.436 0.4964458755448898
1.44 0.4952489634447868
1.444 0.49415529985521606
1.448 0.4933997680380905
1.452 0.49305704072591733
1.456 0.49318178343754293
1.46 0.4937603229950449
1.464 0.49477178677151135
1.468 0.4961482263481207
1.472 0.4978462621362937
1.476 0.4997321537896412
1.48 0.5016115819533444
1.484 0.5032898012331967
1.488 0.5045740116457248
1.492 0.5053826880492832
1.496 0.5058096339585935
1.5 0.5058731701344517
1.504 0.5056252770601813
1.508 0.5051464585193154
1.512 0.5045343445188113
1.516 0.5039199598887825
1.52 0.503376816317868
1.524 0.5029690088427294
1.528 0.5027333544753017
1.532 0.5026841994149048
1.536 0.5026922005256381
1.54 0.5027342956649943
1.544 0.502810804310902
1.548 0.5028684277711866
1.552 0.5028846658814173
1.556 0.5027697612533264
1.56 0.5026474046447534
1.564 0.5024729694339481
1.568 0.5021906869635434
1.572 0.5018827889184424
1.576 0.501586637895633
1.58 0.5012946311980002
1.584 0.5009920042961991
1.588 0.5006189226272146
1.592 0.5002907453518018
1.596 0.49997763497293823
1.6 0.4996123164094535
1.604 0.49932525629077357
1.608 0.49908269196348676
1.612 0.498866043985557
1.616 0.498615516662313
1.62 0.49837223541358655
1.624 0.49824079123308945
1.628 0.49818739021564457
1.632 0.49807030665669405
1.636 0.49806533697563893
1.64 0.49805628169309474
1.644 0.49804380087241984
1.648 0.49804606926140665
1.652 0.4980521089017498
1.656 0.49810682893847197
1.66 0.4981163855657234
1.664 0.49805084363099994
1.668 0.4979775991804945
1.672 0.49786226501881353
1.676 0.49771686051338554
1.68 0.49757453946473645
1.684 0.4973448917532791
1.688 0.4971068496470659
1.692 0.49684537802381135
1.696 0.49653742767324255
1.7 0.4962318531981718
1.704 0.49593273009779726
1.708 0.49562477589850396
1.712 0.4953181731320466
1.716 0.4949683704259653
1.72 0.4946473382498522
1.724 0.4943745049333631
1.728 0.49409198467692833
1.732 0.49385462776271366
1.736 0.4936347163499512
1.74 0.4934559850954821
1.744 0.49331548721460483
1.748 0.49318958388591577
1.752 0.4931362196409715
1.756 0.4931179169444336
1.76 0.4931510080835404
1.764 0.4931723931313959
1.768 0.493232880610938
1.772 0.49329845836801023
1.776 0.49337179915120877
1.78 0.49338912133891216
1.784 0.49333439897698206
1.788 0.4932427016368213
1.792 0.4930769972983404
1.796 0.4927349151667219
1.8 0.4922931204766608
1.804 0.491781968265317
1.808 0.4911384971739432
1.812 0.49040784076114996
1.816 0.48967495848609904
1.82 0.4890392868933642
1.824 0.4885150812064965
1.828 0.4881635640731314
1.832 0.48813041518505534
1.836 0.48845390356056995
1.84 0.489039012544848
1.844 0.48995584616940235
1.848 0.49125163688590373
1.852 0.4927805018503934
1.856 0.4943936577457496
1.86 0.4959936033752403
1.864 0.4974640491676114
1.868 0.4986973716804334
1.872 0.49961066853773944
1.876 0.5002185370870291
1.88 0.5005020554234859
1.884 0.5003566058002149
1.888 0.4999182971404
1.892 0.4992944051491215
1.896 0.4985666198917002
1.9 0.4978730000172226
1.904 0.49733417169829186
1.908 0.4969498009615882
1.912 0.49672025169159156
1.916 0.4966540186271128
1.92 0.4968596324734708
1.924 0.49723704432817
1.928 0.4977318091090546
1.932 0.49835305916018985
1.936 0.49907015768395735
1.94 0.499740421555394
1.944 0.5003331689123116
1.948 0.5009086188992732
1.952 0.5014577259475219
1.956 0.5019414872916901
1.96 0.5022815659839254
1.964 0.5026470105621336
1.968 0.5028738608119304
1.972 0.502936129482879
1.976 0.5029119856640706
1.98 0.5028791282567718
1.984 0.5027692254768744
1.988 0.5026292725679228
1.992 0.5023695054945055
1.996 0.5020974341817432
2.0 0.5017702377176364
2.004 0.5014305538899073
2.008 0.5011472013423969
2.012 0.5008942400670894
2.016 0.500594591357465
2.02 0.5003164448701721
2.024 0.5000299326941992
2.028 0.49974772309402654
2.032 0.49953816154083
2.036 0.4993456337088455
2.04 0.4991914438502674
2.044 0.49902005254914716
2.048 0.49884850819742305
2.052 0.49867246783946284
2.056 0.4985559907103497
2.06 0.49841806068816513
2.064 0.4983354497717679
2.068 0.4982355214012793
2.072 0.49812251351188785
2.076 0.49800067074271864
2.08 0.49785692154095085
2.084 0.49771284339653526
2.088 0.49757271088960364
2.092 0.49738002952322585
2.096 0.4971780222819558
2.1 0.4969233831534674
2.104 0.4966460402475169
2.108 0.4962934027777778
2.112 0.4959174978044051
2.116 0.4955400696864111
2.12 0.4951341915775693
2.124 0.49466908066787363
2.128 0.49424169120740435
2.132 0.4938506948714794
2.136 0.49343489938796176
2.14 0.49300239287259495
2.144 0.4925753752158321
2.148 0.4921702210813355
2.152 0.49172964494510196
2.156 0.4912719988553441
2.16 0.49088200452310016
2.164 0.4904499342306791
2.168 0.48991424849844417
2.172 0.4894283690262111
2.176 0.4889689452323408
2.18 0.488563812734151
2.184 0.4881394920868605
2.188 0.48773655551138506
2.192 0.4873071919717525
2.196 0.48684321143337533
2.2 0.48629763894889083
2.204 0.48576907454114354
2.208 0.48518117181856213
2.212 0.48447858570977587
2.216 0.48367120912986955
2.22 0.4827375526116725
2.224 0.4817720035166552
2.228 0.4808403857508365
2.232 0.47998532488522677
2.236 0.4792214150820852
2.24 0.478670599961741
2.244 0.4784213889424198
2.248 0.4785784333755567
2.252 0.4791748082025546
2.256 0.4802918197340508
2.26 0.4819914041605528
2.264 0.48418641621519853
2.268 0.48672241013466666
2.272 0.48984581660290655
2.276 0.493349954046545
2.28 0.4969686709764794
2.284 0.500566467256075
2.288 0.5040334533135719
2.292 0.5072702854181868
2.296 0.5100547867118472
2.3 0.5123399595687331
2.304 0.514146884117289
2.308 0.5153191978995596
2.312 0.5156315131304711
2.316 0.5152832989091514
2.32 0.5144165658695944
2.324 0.5130954220093722
2.328 0.5113011167679422
2.332 0.5091630938615967
2.336 0.5067628954379805
2.34 0.5042332732218724
2.344 0.5015211485434621
2.348 0.4989422294548413
2.352 0.4965302509208571
2.356 0.49424936075710807
2.36 0.4921462762428684
2.364 0.4902488437768591
2.368 0.48870937942643644
2.372 0.48742776501612084
2.376 0.48646411983159027
2.38 0.4857276458668883
2.384 0.4852703140174814
2.388 0.4850142246764017
2.392 0.4848945468364051
2.396 0.48495753715498935
2.4 0.48515908605594704
2.404 0.4853543002610125
2.408 0.48555962529577645
2.412 0.48575806644424396
2.416 0.48604902785822796
2.42 0.4863127355846897
2.424 0.4866551777468461
2.428 0.48708298640022196
2.432 0.48753304996820507
2.436 0.488007979736848
2.44 0.4885647397802989
2.444 0.48929100218135785
2.448 0.4900772713347176
2.452 0.49088796756116454
2.456 0.4917255251548607
2.46 0.49248236710820575
2.464 0.49317763460653474
2.468 0.46459210446030874
2.472 0.4323808286790492
2.476 0.3957228898942519
2.48 0.3535955206766637
2.484 0.3048079393627955
2.488 0.2477270352178911
2.492 0.18014761832293413
2.496 0.09908495089725068
2.5 0.0
