25.0442 1.0
24.9238 1.0
24.8045 0.9031466571071651
24.6864 0.8255078548111923
24.5694 0.7608288129645351
24.4536 0.7060297260322782
24.3388 0.6594640188592338
24.225 0.6197875715689113
24.1124 0.5854503345767955
24.0007 0.5556262169388932
23.8901 0.5293580323239216
23.7805 0.5315485283232806
23.6719 0.5332997482815428
23.5643 0.5352762977177312
23.4577 0.5374909342674408
23.352 0.5398202869198312
23.2473 0.5416721550444779
23.1435 0.5426626824288401
23.0407 0.5429061566184888
22.9387 0.5428296321420754
22.8377 0.5428493798027199
22.7375 0.5430387904190969
22.6382 0.5430508746880867
22.5398 0.5431183646786397
22.4422 0.5433456958085618
22.3455 0.5438767901326964
22.2496 0.5451487828160585
22.1545 0.5469738881845168
22.0602 0.5491373636604682
21.9668 0.5509784559860432
21.8741 0.5520609896532461
21.7822 0.552315289729564
21.691 0.5517600313950737
21.6007 0.5500121041309529
21.511 0.5468120540317772
21.4221 0.5422285709457046
21.334 0.5364256329865564
21.2465 0.5294110558183781
21.1598 0.5216086684725985
21.0738 0.513685778070009
20.9885 0.5062607955494871
20.9038 0.4994675952149408
20.8199 0.4936170314160202
20.7366 0.4890266122640035
20.654 0.48577344219950397
20.572 0.4838457157952371
20.4907 0.48333047827372844
20.41 0.48418082060491013
20.33 0.48601198478146374
20.2506 0.4883230662410053
20.1718 0.49071774167035515
20.0936 0.49285167424802623
20.016 0.4943864502802832
19.9391 0.49521931690398957
19.8627 0.4952425797325714
19.7869 0.4942349171187522
19.7116 0.4920576731332628
19.637 0.4887501460170897
19.5628 0.48434725522070776
19.4893 0.47903127298207515
19.4163 0.4731068218491105
19.3439 0.46689820659232345
19.2719 0.4603783807820612
19.2006 0.4538239275415746
19.1297 0.4476095963038944
19.0594 0.44166561065273746
18.9896 0.43611040088870867
18.9203 0.4312963600375715
18.8515 0.42723647087011984
18.7832 0.4236144127610011
18.7153 0.42042764339270927
18.648 0.4179052535490573
18.5812 0.41579167171579795
18.5148 0.4137560702780899
18.4489 0.4120466637977246
18.3835 0.4108307933677524
18.3185 0.4097312403920133
18.2541 0.40872973566791293
18.19 0.40821913511793945
18.1264 0.4080932711843832
18.0633 0.4080444844234001
18.0005 0.4082210909630331
17.9382 0.40893175315505803
17.8764 0.4100459814272301
17.815 0.4112452283021898
17.7539 0.4125938998259117
17.6934 0.4141934806930053
17.6332 0.4159381718898826
17.5734 0.4179143641933589
17.514 0.42048698928529377
17.4551 0.42361468450700257
17.3965 0.4269009536682436
17.3383 0.4304131102906081
17.2805 0.4345181476184307
17.2231 0.4392314975856932
17.1661 0.4445298736891353
17.1094 0.4504343239583044
17.0531 0.4566165607417762
16.9972 0.46275788474523777
16.9417 0.46893555006989257
16.8865 0.4753484235111172
16.8317 0.4817833939712887
16.7772 0.48792267276143236
16.7231 0.4937738274683395
16.6693 0.4991427836848312
16.6159 0.5036954471299169
16.5628 0.5076897478688042
16.51 0.5114054992321027
16.4576 0.5145159850935042
16.4055 0.5169947658927115
16.3538 0.5190832769646
16.3024 0.5207515370893262
16.2513 0.5220601295141538
16.2005 0.5230312521941751
16.15 0.5238511583483918
16.0998 0.5246376185183259
16.05 0.5253826141915502
16.0005 0.526306731572995
15.9513 0.5272469093703717
15.9023 0.5279785645162192
15.8537 0.5286693748120368
15.8054 0.5295352531807679
15.7573 0.5305424840727556
15.7096 0.5315510580616211
15.6621 0.5325509003205454
15.6149 0.5333429966900406
15.568 0.5337323194119283
15.5214 0.5337618363837584
15.4751 0.533699700018105
15.429 0.5334488018656868
15.3832 0.5325486189695247
15.3377 0.530927523345429
15.2925 0.528734910481398
15.2475 0.5258571758618821
15.2028 0.5222826384471195
15.1583 0.5182922594691993
15.1141 0.5138878632050382
15.0702 0.5088588787329119
15.0265 0.5034073881034595
14.9831 0.49786971505781336
14.9399 0.49246285935236217
14.897 0.48727345098262725
14.8543 0.4824062035639432
14.8119 0.4780354856031429
14.7697 0.47398087028601416
14.7277 0.4703209025437994
14.686 0.46735434312154794
14.6445 0.46490200594972625
14.6033 0.46286807806186975
14.5622 0.4612153586726491
14.5214 0.459824861814367
14.4809 0.4586602515693891
14.4405 0.45764861216538494
14.4004 0.45696707471733217
14.3605 0.45681932813846393
14.3209 0.4570458815752906
14.2814 0.45752850158745145
14.2422 0.4584556223050517
14.2032 0.45986015995791
14.1643 0.46178379877501324
14.1258 0.46422853536481173
14.0874 0.46694876403952174
14.0492 0.46993913533315496
14.0112 0.4729040770321788
13.9734 0.4755106648163933
13.9359 0.47788557009416727
13.8985 0.47991529150665035
13.8614 0.4814105664622376
13.8244 0.4822850067874913
13.7876 0.4823869103640775
13.7511 0.48192661409977267
13.7147 0.481111005352999
13.6785 0.4801233638340928
13.6425 0.47912306878256433
13.6067 0.47826785052628695
13.5711 0.47761473648699093
13.5356 0.47725386494216865
13.5004 0.47732135996118563
13.4653 0.477928767030425
13.4304 0.479041762837725
13.3957 0.48050518348104737
13.3612 0.48218786928247914
13.3269 0.48399251218730865
13.2927 0.4858671807290898
13.2587 0.4877982285771814
13.2249 0.4896264640592161
13.1912 0.49131729283580183
13.1577 0.49287234430856486
13.1244 0.4943424842265696
13.0913 0.4957416429508936
13.0583 0.49696657041373266
13.0255 0.49819851271251653
12.9929 0.4994143523127261
12.9604 0.5006117643524274
12.9281 0.5019219788390993
12.8959 0.5033036899260125
12.8639 0.5047290104574605
12.8321 0.5061719641541695
12.8004 0.5076197017604305
12.7688 0.5092157734786155
12.7375 0.5108512908925322
12.7063 0.5124166668503615
12.6752 0.5139574283263736
12.6443 0.5153475364609881
12.6135 0.516458701086163
12.5829 0.5174378293011863
12.5524 0.5182442766623777
12.5221 0.518718141051889
12.4919 0.5187562920158508
12.4619 0.5183764608557268
12.432 0.5177726331893763
12.4023 0.5168013513972314
12.3727 0.5153737324151472
12.3432 0.5136782182599943
12.3139 0.5117489279551706
12.2847 0.5095938750647775
12.2557 0.5073055827088085
12.2268 0.505060463516384
12.198 0.5029384765347743
12.1694 0.5009499679069457
12.1409 0.4992713437660646
12.1125 0.49821283328994076
12.0843 0.49781928115552565
12.0562 0.4980157798809871
12.0282 0.49890158569137205
12.0004 0.5004816071460755
11.9726 0.502647742148448
11.945 0.5053221897843138
11.9176 0.5084902519329658
11.8903 0.5119041356053472
11.8631 0.5152162606838306
11.836 0.5183478272746253
11.809 0.5212144159558149
11.7822 0.5236774644156587
11.7555 0.5257082041694205
11.7289 0.5272823793248458
11.7024 0.5284157249912275
11.676 0.528971611344582
11.6498 0.52906165357043
11.6237 0.5289996781040571
11.5977 0.5288437435875041
11.5718 0.5286197675924759
11.546 0.5284233836339817
11.5203 0.528285786913469
11.4948 0.5281708274454389
11.4694 0.5281740121409068
11.444 0.5283678991086181
11.4188 0.5287674280669735
11.3937 0.5292345097765941
11.3688 0.5296139989928164
11.3439 0.5298782660490445
11.3191 0.5299632598495263
11.2944 0.5298704676012971
11.2699 0.5295459222521762
11.2455 0.5289097701477214
11.2211 0.5279641934088362
11.1969 0.5267033280817255
11.1727 0.5251463289787016
11.1487 0.523333965869524
11.1248 0.521373148320129
11.101 0.5194291102638122
11.0773 0.5174968182814985
11.0536 0.5155965902607134
11.0301 0.5138883116588708
11.0067 0.5124657978575341
10.9834 0.5112969551356096
10.9602 0.5104188369193448
10.937 0.5099793486161265
10.914 0.5099700920196105
10.8911 0.5102460644936162
10.8682 0.5107532084262959
10.8455 0.51158550142531
10.8229 0.5127135628712916
10.8003 0.5140015060953985
10.7779 0.5154761841360125
10.7555 0.5171423471310419
10.7332 0.5188476632554331
10.7111 0.5205577751814252
10.689 0.5223627588798904
10.667 0.5242573614426277
10.6451 0.526200315740587
10.6233 0.5281769388056206
10.6015 0.5302123461507423
10.5799 0.5322535214129955
10.5584 0.534261543785445
10.5369 0.5363021897700601
10.5155 0.5383868494686006
10.4942 0.5404106081365512
10.473 0.5423558447791873
10.4519 0.544227620183328
10.4309 0.5459551884819838
10.4099 0.547495841935712
10.3891 0.5488616386265812
10.3683 0.5500896209123021
10.3476 0.5511470635993859
10.327 0.5519940522763183
10.3065 0.5526564855925482
10.286 0.5531662535701233
10.2656 0.5535060466405951
10.2454 0.5536916429671592
10.2251 0.5537747479875264
10.205 0.5537627179809551
10.185 0.5535839612423665
10.165 0.5532284951622382
10.1451 0.55267878040191
10.1253 0.5518501483806779
10.1056 0.5507112692439635
10.0859 0.5492606375291617
10.0663 0.5474005177762403
10.0468 0.5450402600914671
10.0274 0.5421259085924871
10.008 0.5386133130425063
9.9887 0.5344834981303832
9.9695 0.5297314106337991
9.9504 0.5244441663047452
9.9313 0.5187005591606979
9.9123 0.5125527096537165
9.8934 0.5061571331185359
9.8746 0.4997268488462406
9.8558 0.4934311524819858
9.8371 0.48747414163229724
9.8185 0.48203625418362794
9.7999 0.47728123287096613
9.7814 0.47330168984348686
9.763 0.47012426275739905
9.7447 0.4677978199770993
9.7264 0.46631890119548813
9.7082 0.4655216262543404
9.69 0.4652941889841852
9.6719 0.46557593595242647
9.6539 0.46618663524124715
9.636 0.46697637887857946
9.6181 0.46786329873413823
9.6003 0.46879875277594696
9.5825 0.4696686639163703
9.5649 0.4703967063734184
9.5472 0.4710035832246383
9.5297 0.4715452491047526
9.5122 0.471964427792996
9.4948 0.4722791281004216
9.4774 0.4725988462338831
9.4601 0.47293364461882953
9.4429 0.47322898391103235
9.4257 0.4735228624909374
9.4086 0.47387950310409754
9.3916 0.4743023559625544
9.3746 0.4747735276423614
9.3577 0.47532672507435075
9.3408 0.47599099560779645
9.324 0.47665269744018074
9.3073 0.47725638228137535
9.2906 0.4778291011624077
9.274 0.4783577837753176
9.2574 0.47875985357919176
9.2409 0.4790335794933505
9.2245 0.47919201168378234
9.2081 0.47923305070359373
9.1918 0.47918772534409637
9.1755 0.4791363767543073
9.1593 0.4791251313275038
9.1431 0.4791811425426772
9.127 0.47932135022663086
9.111 0.47953215342646704
9.095 0.4797305826459637
9.0791 0.47980459214904536
9.0632 0.47958312947463805
9.0474 0.47882103357523753
9.0316 0.477275745271737
9.0159 0.47478602444952944
9.0003 0.4711831327776362
8.9847 0.46629653477299887
8.9691 0.46008065708904816
8.9536 0.45259066324539443
8.9382 0.4438862366231413
8.9228 0.434097120656009
8.9075 0.42344860529898076
8.8922 0.412229334120763
8.877 0.40062107040578615
8.8618 0.38876275780402914
8.8467 0.3769194585797403
8.8316 0.365298439070226
8.8166 0.3540924458993591
8.8016 0.3434656564724138
8.7867 0.33361963554635865
8.7718 0.32484511763692075
8.757 0.31743570647665253
8.7422 0.31171653142116423
8.7275 0.3081889705670015
8.7129 0.30728078456863683
8.6982 0.30919820019178285
8.6837 0.31401125774823274
8.6692 0.3218290971910702
8.6547 0.3326734404070147
8.6403 0.3463315627580236
8.6259 0.36240414919865566
8.6116 0.38033133833087834
8.5973 0.39931762297153106
8.583 0.4184393405698491
8.5688 0.43696059741937515
8.5547 0.45424511643575893
8.5406 0.469944068787044
8.5266 0.4837813609402031
8.5126 0.4954306767901107
8.4986 0.5049316706673483
8.4847 0.51247785458714
8.4708 0.5182835484475022
8.457 0.522742137279434
8.4432 0.5261478017607856
8.4295 0.5285951267268574
8.4158 0.5302533567156191
8.4022 0.5312502081681866
8.3886 0.531625744592901
8.375 0.5315558912632612
8.3615 0.5313065077638852
8.3481 0.5309202137976426
8.3347 0.5303486417270257
8.3213 0.5296474172345846
8.3079 0.5289179333546152
8.2946 0.5281988421908566
8.2814 0.5274507715912823
8.2682 0.5268253393772546
8.255 0.52636467142832
8.2419 0.5259643163044583
8.2288 0.5254947881121543
8.2158 0.5250021335305664
8.2028 0.5246015002013976
8.1898 0.5242038749633844
8.1769 0.5237512195526418
8.164 0.5232940706126545
8.1512 0.522861593066357
8.1384 0.5223691323724405
8.1256 0.5217918127407724
8.1129 0.5212225409960632
8.1002 0.5207309322727957
8.0876 0.5202869638111082
8.075 0.5198610448703902
8.0624 0.5194787758828358
8.0499 0.5191368315811644
8.0374 0.5187802648576372
8.025 0.5184770072933419
8.0126 0.5182228715797621
8.0002 0.5179801721239914
7.9879 0.5178033725241851
7.9756 0.5176024579467501
7.9634 0.5173829283465061
7.9512 0.5171868471805382
7.939 0.5170154640645953
7.9268 0.5168890358230808
7.9147 0.5167515798066232
7.9027 0.5165421943632105
7.8906 0.5163401567803085
7.8786 0.5161334479026115
7.8667 0.5158467971477365
7.8548 0.5155600799391935
7.8429 0.5152781166138082
7.831 0.5149642580070035
7.8192 0.5146291703961304
7.8075 0.5142483050941491
7.7957 0.5138973626288759
7.784 0.5136025575902129
7.7723 0.5133171199539129
7.7607 0.5130760624334639
7.7491 0.5128662381878671
7.7375 0.5126242121950276
7.726 0.5123562622520463
7.7145 0.512065053312185
7.7031 0.511794425492899
7.6916 0.5115201544733614
7.6802 0.5112452808014926
7.6689 0.5109747078216469
7.6575 0.5106616228382664
7.6462 0.5103436633604919
7.635 0.5100762148121337
7.6238 0.5098494697861276
7.6126 0.5096316347283091
7.6014 0.5094296164864652
7.5903 0.5092530834305391
7.5792 0.5090955436691293
7.5681 0.5089031389284785
7.5571 0.5087390165982563
7.5461 0.5086177302757013
7.5351 0.5084436357759976
7.5242 0.508216100136206
7.5133 0.5080363866978477
7.5024 0.5078922906559902
7.4916 0.507731260765218
7.4807 0.5075396716315927
7.47 0.5073814480616786
7.4592 0.5072681014518636
7.4485 0.5071204363724111
7.4378 0.5069763786861008
7.4272 0.5068768285320661
7.4165 0.5067948743925137
7.4059 0.5066987137545896
7.3954 0.5066321600508196
7.3848 0.5065736016561054
7.3743 0.506463404272787
7.3639 0.5063047258777569
7.3534 0.5061448172136591
7.343 0.5060067844675691
7.3326 0.5059079481450734
7.3223 0.5058212087627042
7.3119 0.5056980834489261
7.3016 0.505539760457002
7.2914 0.5053741984139252
7.2811 0.5052568313570364
7.2709 0.5052143371421962
7.2607 0.5052115278120332
7.2506 0.5052091411906211
7.2404 0.5051779350359856
7.2303 0.5050542611565599
7.2203 0.5049060791435319
7.2102 0.5048261970120426
7.2002 0.5047837164169495
7.1902 0.5047437528804963
7.1803 0.5046910521353244
7.1703 0.5045805191895266
7.1604 0.5044287375861144
7.1506 0.5042670467698219
7.1407 0.5041444192036129
7.1309 0.504120086933698
7.1211 0.5041826797981145
7.1113 0.5042072550488871
7.1016 0.504169444790769
7.0919 0.5040660453863578
7.0822 0.5039487869042033
7.0725 0.5038899239639458
7.0629 0.503885685860593
7.0533 0.5038695672056533
7.0437 0.5038046271572836
7.0341 0.503644393732233
7.0246 0.5034337304751505
7.0151 0.5032813119898721
7.0056 0.5031898281605829
6.9962 0.5031445086910789
6.9867 0.5031142218796509
6.9773 0.503046222772444
6.9679 0.502967515426563
6.9586 0.5028769188305484
6.9493 0.5027458882378414
6.94 0.5027053467682407
6.9307 0.5026973007587371
6.9214 0.5026948360281693
6.9122 0.5027453119432725
6.903 0.5027666254550631
6.8938 0.5027845937283894
6.8847 0.5028906495789564
6.8755 0.5030666740172336
6.8664 0.503326360819716
6.8573 0.5036562967616406
6.8483 0.5039226141932067
6.8393 0.5040831793892765
6.8302 0.5041195481488755
6.8213 0.5041140657486888
6.8123 0.5041511180286783
6.8034 0.5041324102307554
6.7944 0.5040181920642219
6.7855 0.5038461505267582
6.7767 0.5035763283258992
6.7678 0.5032374936532388
6.759 0.5029145072153607
6.7502 0.502678451854828
6.7414 0.5025225174235076
6.7327 0.502310531293692
6.7239 0.5020598322860843
6.7152 0.501838820144574
6.7065 0.5016097561392517
6.6979 0.5013750999296223
6.6892 0.5012363381856513
6.6806 0.5011822851712778
6.672 0.5010900992386784
6.6634 0.5009553971844334
6.6549 0.5007816393554351
6.6464 0.5006298242879664
6.6378 0.5005245481732781
6.6294 0.5004006065719913
6.6209 0.5002533176091926
6.6124 0.5000642993710585
6.604 0.49981687664811014
6.5956 0.4995549528846293
6.5872 0.4993094869927115
6.5789 0.4990774758375369
6.5705 0.4988323922275432
6.5622 0.49854419413702233
6.5539 0.49827576788079925
6.5456 0.498025686995158
6.5374 0.49781347711843976
6.5292 0.49762447242582725
6.5209 0.49743631466486243
6.5128 0.49721515211004624
6.5046 0.49701377892780974
6.4964 0.49683515210773627
6.4883 0.49662703653262275
6.4802 0.49644735572283344
6.4721 0.49631825719911443
6.464 0.4961925984424777
6.456 0.4960101492180826
6.448 0.49580647817851614
6.4399 0.49563613597228934
6.432 0.49550869947558723
6.424 0.4953461520027538
6.416 0.49520085690565924
6.4081 0.4951438054548556
6.4002 0.49502827899133445
6.3923 0.4947775037416471
6.3844 0.4945833982410236
6.3766 0.4944583116505111
6.3687 0.49434442346184587
6.3609 0.4941651793073012
6.3531 0.49396672103013434
6.3454 0.4938038092591999
6.3376 0.4935590169744834
6.3299 0.4932654990190041
6.3221 0.4930287458205237
6.3144 0.4927850980265041
6.3068 0.49250900815475057
6.2991 0.49220235383206506
6.2914 0.4918984689283043
6.2838 0.49162609631128856
6.2762 0.4913622705881815
6.2686 0.4910409266551018
6.2611 0.49069193897132735
6.2535 0.4903647861091639
6.246 0.49009281487711637
6.2385 0.48987193110005034
6.231 0.48966070957345864
6.2235 0.48953681279556294
6.216 0.48951146552797253
6.2086 0.4895007048127016
6.2011 0.4895214872703222
6.1937 0.48970479806867795
6.1863 0.4899854739819579
6.179 0.4902874170912237
6.1716 0.4906278975750343
6.1643 0.49098854355222527
6.157 0.4913284009087171
6.1496 0.4915910554352281
6.1424 0.49177859281466446
6.1351 0.49199125586422027
6.1278 0.492181300379426
6.1206 0.49225486598935264
6.1134 0.49228265830571705
6.1062 0.4923617283225661
6.099 0.4924557059057795
6.0918 0.4924979127499444
6.0847 0.49247495165051
6.0776 0.49246970658447414
6.0704 0.49248039770430846
6.0633 0.4924067954669856
6.0563 0.49235712179597974
6.0492 0.49235333653580393
6.0421 0.49226919908513644
6.0351 0.4920386040680284
6.0281 0.4917580379989369
6.0211 0.4916430640273043
6.0141 0.4917188738787756
6.0071 0.4918558751816215
6.0002 0.4920498280945329
5.9932 0.4924766704695995
5.9863 0.4930651444076767
5.9794 0.4937960394897579
5.9725 0.4948104553335791
5.9657 0.4960870214461931
5.9588 0.49747305415696014
5.952 0.49892316166055317
5.9451 0.5004343252796266
5.9383 0.5021261688142269
5.9315 0.5039519649508041
5.9247 0.5057558037731734
5.918 0.5074860192655984
5.9112 0.5091869289111283
5.9045 0.5108754328995341
5.8978 0.5125467435297861
5.8911 0.5141294982963998
5.8844 0.5155777877077149
5.8777 0.5169621750610294
5.8711 0.5181804507786718
5.8644 0.519234566391603
5.8578 0.520226142898918
5.8512 0.5211862483745765
5.8446 0.5220791798323273
5.838 0.5228532312549207
5.8314 0.5234465969049147
5.8249 0.5239946427908508
5.8184 0.5245102384540378
5.8118 0.5248420863840256
5.8053 0.52506002581457
5.7988 0.525186311522214
5.7924 0.5251106809374557
5.7859 0.5248304459675823
5.7794 0.5243805276610307
5.773 0.523801029486696
5.7666 0.5231842964285401
5.7602 0.5224391923955468
5.7538 0.5215410528199242
5.7474 0.5205855826260429
5.741 0.5195742281551918
5.7347 0.5185568569460082
5.7283 0.51760183037349
5.722 0.5167084405289847
5.7157 0.5158704103671706
5.7094 0.5150530847704838
5.7031 0.5142260022800607
5.6969 0.5134953475183264
5.6906 0.5129201332986268
5.6844 0.5124573474296582
5.6782 0.5120663829949625
5.6719 0.5117193495456409
5.6657 0.5113850035117999
5.6596 0.5110864319252875
5.6534 0.5108178159637101
5.6472 0.5106023811854344
5.6411 0.5104547486915125
5.6349 0.5102915344078399
5.6288 0.510084624285973
5.6227 0.5098869570733415
5.6166 0.5096662454131583
5.6106 0.509408288152717
5.6045 0.5091784234121214
5.5984 0.5089559015878681
5.5924 0.5087264598689399
5.5864 0.5084956284267422
5.5804 0.5082605889796217
5.5744 0.5080330920310836
5.5684 0.507784992480468
5.5624 0.5075139960078898
5.5564 0.5073025120347017
5.5505 0.5071605945685739
5.5445 0.5070032868837825
5.5386 0.5068453870613284
5.5327 0.5066977603795276
5.5268 0.5065294235892344
5.5209 0.5063551056892327
5.5151 0.5062451362148598
5.5092 0.5061995536926212
5.5033 0.506163306615256
5.4975 0.5060763092726772
5.4917 0.5059881758990484
5.4859 0.5059139045032955
5.4801 0.5058224033589175
5.4743 0.505734579025331
5.4685 0.5057144293678968
5.4628 0.5056930547911039
5.457 0.5056281005310513
5.4513 0.505570450728238
5.4455 0.5055318187463643
5.4398 0.5055080313496392
5.4341 0.5054839038689116
5.4284 0.5055275149112574
5.4228 0.5056383358166252
5.4171 0.5057136772384553
5.4114 0.5057561076891134
5.4058 0.5058281399526899
5.4002 0.5058874346740004
5.3945 0.5059436135108182
5.3889 0.5060367022170115
5.3833 0.5061521845744291
5.3778 0.5061996231568159
5.3722 0.5061703011281241
5.3666 0.5061278263143063
5.3611 0.5061058684763748
5.3555 0.506077655020081
5.35 0.5060603016362849
5.3445 0.5060498598859446
5.339 0.5059876703117052
5.3335 0.5058487186783388
5.328 0.5057031553719075
5.3225 0.505584050711379
5.3171 0.5054472984353235
5.3116 0.5052571276082343
5.3062 0.5050703273551217
5.3008 0.5048571874470966
5.2954 0.5045974318272571
5.29 0.504326421644429
5.2846 0.504069318855289
5.2792 0.5038055738899999
5.2738 0.5035219095497818
5.2684 0.5032489986456502
5.2631 0.502993111134949
5.2578 0.5027481196302567
5.2524 0.5025062697530667
5.2471 0.5022519380097666
5.2418 0.5020121235492061
5.2365 0.5017986536294924
5.2312 0.5015902004628167
5.226 0.5014201277270027
5.2207 0.5012918923202231
5.2154 0.5011717248828925
5.2102 0.5010200241379758
5.205 0.5008461411229774
5.1998 0.5007041842550626
5.1945 0.500610340721168
5.1893 0.5005301333499244
5.1842 0.5004697409103515
5.179 0.5003938721781132
5.1738 0.5002956841769132
5.1686 0.5002091662748845
5.1635 0.5001379087083199
5.1584 0.5001252693939356
5.1532 0.5001647437926545
5.1481 0.5001877068821111
5.143 0.5002067823310162
5.1379 0.5002361887801917
5.1328 0.5002733391171242
5.1277 0.5003308780007851
5.1227 0.5003822837671057
5.1176 0.5004129614933619
5.1126 0.5004523628603301
5.1075 0.5004933453339747
5.1025 0.5005019765528789
5.0975 0.5004592870029858
5.0925 0.5004111145729774
5.0875 0.5003574175451296
5.0825 0.5002617371331964
5.0775 0.5001476702036427
5.0726 0.5000610724319042
5.0676 0.4999531436112769
5.0627 0.49978507607014344
5.0577 0.4995862505899162
5.0528 0.49943233321393793
5.0479 0.4993225716538111
5.043 0.49918649010752564
5.038 0.49902737961962323
5.0332 0.49890372526261073
5.0283 0.4987921719791671
5.0234 0.49866432034541724
5.0185 0.49855348476313516
5.0137 0.49848741349004033
5.0088 0.49843157439036495
5.004 0.4983289820623725
4.9992 0.4982404880752857
4.9944 0.4982165745094685
4.9896 0.49821057207034847
4.9848 0.4981993789794506
4.98 0.49823250189909946
4.9752 0.49830714194455095
4.9704 0.498391026794915
4.9657 0.49851158626665903
4.9609 0.4986656186594037
4.9562 0.49882759737799826
4.9514 0.49900249034346617
4.9467 0.4991809279765718
4.942 0.49937000491049616
4.9373 0.49957260233835893
4.9326 0.49975077677841373
4.9279 0.4999054696132236
4.9232 0.5000297690510477
4.9186 0.5001230110487477
4.9139 0.5002450183420273
4.9092 0.5003944631245666
4.9046 0.5005023567596419
4.9 0.5005467819007342
4.8953 0.5005555377533517
4.8907 0.5005368272658556
4.8861 0.5005318331737071
4.8815 0.5005428171983836
4.8769 0.5005740775713742
4.8723 0.5005782560060218
4.8678 0.5004840960404733
4.8632 0.5003602293710715
4.8586 0.5002945340745231
4.8541 0.5002768589051275
4.8495 0.5002673557633611
4.845 0.5002412294016532
4.8405 0.5001730022483764
4.836 0.5000789877040298
4.8315 0.4999928199183298
4.827 0.499939296941088
4.8225 0.49995920485364337
4.818 0.4999856399491393
4.8135 0.4999076280917661
4.809 0.49980414098193265
4.8046 0.4997346039265561
4.8001 0.49972349700874036
4.7957 0.49972803889598805
4.7913 0.49968749367313475
4.7868 0.4996404059591362
4.7824 0.4995782619688992
4.778 0.4994890077864236
4.7736 0.4994801988770206
4.7692 0.4995392632656236
4.7648 0.49953912652382426
4.7605 0.49948930816623055
4.7561 0.4994532767426805
4.7517 0.4994627182727455
4.7474 0.49951692085286203
4.7431 0.4995727798619026
4.7387 0.49963420108601053
4.7344 0.49965799311011583
4.7301 0.4996114858783135
4.7258 0.49961311000637615
4.7215 0.49967458914424157
4.7172 0.49974033084404595
4.7129 0.4997737018641595
4.7086 0.4997815525554422
4.7043 0.49975565210099887
4.7 0.49971565446645244
4.6958 0.49969628803034105
4.6915 0.4997116308455377
4.6873 0.4997187936312329
4.6831 0.49970107612594655
4.6788 0.4996961410901815
4.6746 0.49968659724598974
4.6704 0.49963802139346014
4.6662 0.49959666471229397
4.662 0.4995972550372637
4.6578 0.4996132562251315
4.6536 0.49961319176830093
4.6495 0.49960590415300243
4.6453 0.4995772680488164
4.6411 0.4994970545518533
4.637 0.49942667855777806
4.6328 0.49940160902145014
4.6287 0.4993787603723364
4.6246 0.4993029606917153
4.6205 0.4992116572161966
4.6163 0.4991397396857551
4.6122 0.4990615001917789
4.6081 0.49899340630123046
4.604 0.49892683800389237
4.6 0.49887621501840484
4.5959 0.4988183532866651
4.5918 0.49875099304129406
4.5877 0.49873865698131103
4.5837 0.4987515918523553
4.5796 0.49875887437828187
4.5756 0.49876660949370555
4.5716 0.4987630353737523
4.5675 0.4987545069791241
4.5635 0.49876279454319966
4.5595 0.498766334159307
4.5555 0.4987762335010052
4.5515 0.49876597687258456
4.5475 0.4987053450093138
4.5435 0.4986296227018322
4.5395 0.49855739267393084
4.5356 0.498489875391477
4.5316 0.4984644681518336
4.5276 0.4984533646050845
4.5237 0.49843224115682905
4.5197 0.4983955617530676
4.5158 0.49834991851161653
4.5119 0.49834332271087317
4.508 0.4983576474416508
4.504 0.49837114640330976
4.5001 0.4983862749563096
4.4962 0.49836171840802995
4.4923 0.49828793920044084
4.4884 0.4982023921703002
4.4846 0.4981331175898164
4.4807 0.49808628668564964
4.4768 0.49803539311257194
4.473 0.49797662987364344
4.4691 0.4979144035476301
4.4652 0.4978808858865118
4.4614 0.4978631242254162
4.4576 0.4978719478898248
4.4537 0.497929256446057
4.4499 0.49803473618128574
4.4461 0.4981505646816555
4.4423 0.4982318387863735
4.4385 0.4982963108134591
4.4347 0.4983885582905058
4.4309 0.49848021642367724
4.4271 0.4985529876032274
4.4233 0.49864356343068694
4.4196 0.4987241335361704
4.4158 0.4987610304916059
4.412 0.498762156182772
4.4083 0.49878412230738417
4.4045 0.498881407457012
4.4008 0.49899880481688014
4.3971 0.4990548872287771
4.3934 0.4991310815790654
4.3896 0.49921271731892675
4.3859 0.49926825335375374
4.3822 0.4993309948779934
4.3785 0.49939950653326
4.3748 0.4994807121156503
4.3711 0.49952794266104106
4.3674 0.49953431330801074
4.3638 0.49953251348282907
4.3601 0.4995259293794957
4.3564 0.49951971225003045
4.3528 0.4995694325031756
4.3491 0.49961745600744084
4.3455 0.4996450343338069
4.3418 0.4996551881731249
4.3382 0.499653435356143
4.3346 0.49965612479940613
4.331 0.49968678349164763
4.3273 0.49975432155214183
4.3237 0.4998399558837882
4.3201 0.499889085690689
4.3165 0.4999290198321319
4.3129 0.4999890810621943
4.3094 0.5000580019488655
4.3058 0.500166155689587
4.3022 0.5002719028491461
4.2986 0.500403186744366
4.2951 0.5005139734616437
4.2915 0.5005681058681994
4.288 0.500652840760718
4.2844 0.5007804725096451
4.2809 0.5008868262522375
4.2774 0.5009838571149319
4.2738 0.5010668776365562
4.2703 0.5011488026046784
4.2668 0.5012251734018324
4.2633 0.5012965574258678
4.2598 0.5014109638653275
4.2563 0.5015236727882975
4.2528 0.5015632763774888
4.2493 0.5015763261390627
4.2458 0.5016098905382912
4.2424 0.5016723948816655
4.2389 0.5017807736024431
4.2354 0.501856960591846
4.232 0.5019057134899366
4.2285 0.5019703255596549
4.2251 0.501993588662055
4.2216 0.5020431888311072
4.2182 0.502182214580616
4.2148 0.5023076405250757
4.2113 0.5023645933175267
4.2079 0.5023716047208979
4.2045 0.5023686055036508
4.2011 0.5024309824334774
4.1977 0.5024787706262666
4.1943 0.5024927246715808
4.1909 0.5025217379091345
4.1875 0.5025117703738056
4.1841 0.5024730335878679
4.1808 0.5024528026362378
4.1774 0.5024475319498183
4.174 0.5024669000121799
4.1707 0.5024469712081922
4.1673 0.5023950110965636
4.164 0.5023887278854366
4.1606 0.5023767472572934
4.1573 0.5023723362544903
4.154 0.5023972453183247
4.1506 0.5023892797390798
4.1473 0.5024099146245069
4.144 0.5024822259953641
4.1407 0.5025926091860723
4.1374 0.502716327249155
4.1341 0.5028031239317363
4.1308 0.5029095230903586
4.1275 0.5030328905818074
4.1242 0.5031424747963368
4.1209 0.5032700690387888
4.1177 0.5033931994871976
4.1144 0.5034657300287347
4.1111 0.5034648189370556
4.1079 0.5034515844090582
4.1046 0.5034768353972914
4.1014 0.5034718615617925
4.0981 0.5034420160657672
4.0949 0.5034003739634428
4.0917 0.5033665832186786
4.0884 0.5033388189432378
4.0852 0.5033167020074283
4.082 0.5033393764437154
4.0788 0.5033836111698712
4.0756 0.5033758815336873
4.0724 0.5033826627633969
4.0692 0.5034554643972561
4.066 0.5035270363496054
4.0628 0.5035992121635814
4.0596 0.5036416726702411
4.0565 0.5036736408865631
4.0533 0.5037273417858312
4.0501 0.5037395878360409
4.047 0.5037552332085709
4.0438 0.5037594222934565
4.0406 0.5037082736252714
4.0375 0.503659116989488
4.0344 0.503597208460342
4.0312 0.5035487551821518
4.0281 0.5034948509008174
4.025 0.5033839513705286
4.0218 0.5032743488756513
4.0187 0.5032299579855077
4.0156 0.5031927282683504
4.0125 0.5031556090803128
4.0094 0.5031167906378431
4.0063 0.5030919437583837
4.0032 0.5030740629938792
4.0001 0.5030448188388693
3.997 0.5030579360869956
3.994 0.5031088805241879
3.9909 0.5031308715445303
3.9878 0.5031298053389633
3.9847 0.5031233333991744
3.9817 0.5031288339775957
3.9786 0.5031408354172683
3.9756 0.50310980005265
3.9725 0.5030928987732228
3.9695 0.5030764888512559
3.9665 0.5030109332483514
3.9634 0.5029164585231113
3.9604 0.5028371964744035
3.9574 0.5027563227447782
3.9544 0.5026842865362239
3.9513 0.5025898145743963
3.9483 0.5025067494090842
3.9453 0.5024467984805214
3.9423 0.5023272717107193
3.9393 0.502193942448096
3.9363 0.5021230830076928
3.9333 0.5020858852572188
3.9304 0.5020257871500293
3.9274 0.5019378848161203
3.9244 0.5018366158621937
3.9214 0.5017387641994041
3.9185 0.5016265224304297
3.9155 0.5015267728367198
3.9126 0.5014926741362695
3.9096 0.5014291707554653
3.9067 0.5013172329493186
3.9037 0.5012099583273373
3.9008 0.5011292971516917
3.8979 0.5010622479717439
3.8949 0.5010043450473856
3.892 0.5009706135479621
3.8891 0.5009462164558757
3.8862 0.5008828351620632
3.8833 0.5007990586596707
3.8804 0.5007432978658919
3.8775 0.5007068079162487
3.8746 0.5006361952822566
3.8717 0.5005308377759757
3.8688 0.5004204034193612
3.8659 0.5003100174617185
3.863 0.5002023622722375
3.8601 0.5000860331866273
3.8573 0.4999670247973524
3.8544 0.4998432112259563
3.8515 0.4997256840659917
3.8487 0.4995907387630057
3.8458 0.49948961232127437
3.843 0.49942292303280944
3.8401 0.49933068005426556
3.8373 0.49921461647654797
3.8344 0.4991020633629243
3.8316 0.4990192086160692
3.8288 0.49895182479822103
3.8259 0.4988819468071166
3.8231 0.49883553608334846
3.8203 0.49880858779303305
3.8175 0.49876621821206363
3.8147 0.4987030268727533
3.8119 0.498670761512386
3.8091 0.4986730317743039
3.8063 0.4986801293274238
3.8035 0.49866438502880306
3.8007 0.49864157668873144
3.7979 0.49861778156357417
3.7951 0.4985604713844197
3.7924 0.4985191613923572
3.7896 0.4985147187768714
3.7868 0.49848256401872276
3.7841 0.49843583089402127
3.7813 0.49835771347147906
3.7785 0.49826671529046557
3.7758 0.4981658601633086
3.773 0.49807901501662105
3.7703 0.4980142366762276
3.7676 0.49793188836397306
3.7648 0.49779843310094063
3.7621 0.4976575605335994
3.7594 0.4975384401291022
3.7566 0.4974270089827109
3.7539 0.4973165679224823
3.7512 0.4971937632106827
3.7485 0.4970536449954878
3.7458 0.49689084121007354
3.7431 0.4966782758997975
3.7404 0.4964939407219922
3.7377 0.4963737519555111
3.735 0.4962418916892013
3.7323 0.49609349645512385
3.7296 0.49593937855590703
3.7269 0.49580774534703764
3.7242 0.4956947254797475
3.7216 0.4956261112016593
3.7189 0.4956114059826451
3.7162 0.49562967563535587
3.7136 0.4956159384493015
3.7109 0.49555715500063585
3.7083 0.4955041789267133
3.7056 0.495492573118385
3.703 0.4954665578338234
3.7003 0.49544096155642103
3.6977 0.4954008490837419
3.695 0.49533637337390674
3.6924 0.49523781721442767
3.6898 0.49515292741312505
3.6872 0.495078771508476
3.6845 0.4949907692779099
3.6819 0.49490737453616906
3.6793 0.49483059304451815
3.6767 0.4947459824958141
3.6741 0.4946703206174472
3.6715 0.49459558126364966
3.6689 0.4944854973201605
3.6663 0.49435140817919987
3.6637 0.4942152721491365
3.6611 0.49410415280640235
3.6585 0.4939646992334489
3.656 0.49379501298048734
3.6534 0.4936690016192299
3.6508 0.49355070515226956
3.6482 0.49340586258330416
3.6457 0.4932892979649501
3.6431 0.49320199107026313
3.6406 0.4931290883651588
3.638 0.49303946479560096
3.6355 0.4929730069144356
3.6329 0.493001322906375
3.6304 0.49301190186703064
3.6278 0.4929497581436643
3.6253 0.49290526711132304
3.6227 0.49288151116819634
3.6202 0.49286038917146
3.6177 0.4928755461876883
3.6152 0.4929238290296532
3.6127 0.4929787529947433
3.6101 0.4929544853363015
3.6076 0.49289795040967005
3.6051 0.49287718578187195
3.6026 0.4928646815422794
3.6001 0.49283731947341386
3.5976 0.4928249476840885
3.5951 0.4927849322538697
3.5926 0.49272027266461516
3.5901 0.49264886324403506
3.5876 0.4925927362345616
3.5852 0.49255644112377966
3.5827 0.492531236300646
3.5802 0.4925156197308754
3.5777 0.4924790971063131
3.5753 0.492446643346282
3.5728 0.4924227847737749
3.5704 0.4923863351568104
3.5679 0.4923120159113058
3.5654 0.49224370528036804
3.563 0.4921979268133114
3.5605 0.49215920335610164
3.5581 0.4920914051133201
3.5557 0.49203205668180183
3.5532 0.4919950358180742
3.5508 0.49198409445853597
3.5484 0.49198660261281646
3.5459 0.49201775730445596
3.5435 0.4920362900971507
3.5411 0.49203487141595387
3.5387 0.49206512337598524
3.5363 0.49214924818338257
3.5338 0.49229135566178567
3.5314 0.4924245062076963
3.529 0.49251364020828176
3.5266 0.4926235244573971
3.5242 0.4927661069238582
3.5218 0.49293405268985324
3.5195 0.4931284790506343
3.5171 0.4933094076467214
3.5147 0.49342279536409983
3.5123 0.49351696260560496
3.5099 0.4935510720003478
3.5075 0.49357375507560475
3.5052 0.4936008331329608
3.5028 0.4935326756269441
3.5004 0.4934213831738136
3.4981 0.49329948839039744
3.4957 0.4931687832612894
3.4934 0.4930748843176064
3.491 0.4929390233836816
3.4887 0.4927455254987078
3.4863 0.49255893817488633
3.484 0.49235936524203755
3.4816 0.49223059656843654
3.4793 0.4921470355310892
3.477 0.4920247501066815
3.4746 0.49189116881642847
3.4723 0.49176653159755157
3.47 0.49164164490861617
3.4677 0.4915636475559462
3.4653 0.49152631466554525
3.463 0.491545451848629
3.4607 0.4915604156831164
3.4584 0.49151949003286016
3.4561 0.49149604935887403
3.4538 0.49148048810843364
3.4515 0.49146338601420175
3.4492 0.4914874201538261
3.4469 0.4915332329152058
3.4446 0.491590758427656
3.4423 0.49167111898607735
3.44 0.4917207384148706
3.4378 0.4917847950536952
3.4355 0.49192240639312873
3.4332 0.4921104332896362
3.4309 0.492278433717578
3.4287 0.4924186944365094
3.4264 0.49256977826558124
3.4241 0.492738402213357
3.4219 0.4928673305133967
3.4196 0.49294791328136434
3.4174 0.49300364160300814
3.4151 0.4930121972605733
3.4129 0.4929373786802533
3.4106 0.4928047859344026
3.4084 0.49270536096169903
3.4061 0.49262864966351966
3.4039 0.4924793463848792
3.4017 0.49227754187858713
3.3994 0.4921583573542792
3.3972 0.49217742539518966
3.395 0.49222668525879837
3.3928 0.4923570265811782
3.3906 0.4925871265129195
3.3883 0.4928202685761522
3.3861 0.492991834329489
3.3839 0.4931509237787336
3.3817 0.4933485632657344
3.3795 0.49348809983251685
3.3773 0.4934823401705317
3.3751 0.49334964569840334
3.3729 0.49317286737706734
3.3707 0.4929441899017953
3.3685 0.492659841154558
3.3663 0.49241009631514004
3.3641 0.4922304257432648
3.362 0.49201666334244265
3.3598 0.4918752482549866
3.3576 0.4918683767460387
3.3554 0.4919749231245977
3.3533 0.49204908468351277
3.3511 0.4920908774256321
3.3489 0.4921845292474872
3.3468 0.49229663810278934
3.3446 0.49237760869270364
3.3425 0.49250051985253673
3.3403 0.4926470373218781
3.3382 0.4927073026699152
3.336 0.4927200458073346
3.3339 0.4927546347726409
3.3317 0.49294049117425864
3.3296 0.49318642483226716
3.3274 0.49339680224492866
3.3253 0.4936421168904831
3.3232 0.49384841833543797
3.321 0.4939586661341854
3.3189 0.4940810810810811
3.3168 0.4942372656819236
3.3147 0.49436395669055644
3.3126 0.4944363192560241
3.3104 0.49444491055552914
3.3083 0.4944562236676956
3.3062 0.49444790206133754
3.3041 0.4944542161283989
3.302 0.49456690690305033
3.2999 0.494735433849271
3.2978 0.49489560969220164
3.2957 0.49510492951898205
3.2936 0.4953021044230171
3.2915 0.4954677431141293
3.2894 0.4956082098324953
3.2874 0.495751431083305
3.2853 0.4958962898402508
3.2832 0.49596866603547995
3.2811 0.4960178149291433
3.279 0.49608047916350273
3.277 0.49607266558575525
3.2749 0.49598750066535785
3.2728 0.49591715339188325
3.2708 0.4959061326854911
3.2687 0.4959212055360012
3.2666 0.4959142577121734
3.2646 0.49592276078022046
3.2625 0.49593181468467346
3.2605 0.49589482995581324
3.2584 0.495903515123328
3.2564 0.49603826134454576
3.2543 0.4961913879250299
3.2523 0.4962888712859512
3.2503 0.49637145573537583
3.2482 0.4964409173104325
3.2462 0.4964932264236669
3.2442 0.49655306485621564
3.2421 0.4966588544368723
3.2401 0.49676925911484565
3.2381 0.4967983576701054
3.2361 0.49680096389889367
3.234 0.4968501803889866
3.232 0.49687231218533395
3.23 0.4968940484082201
3.228 0.49696285609149954
3.226 0.497047231333705
3.224 0.49708661400286036
3.222 0.4970351128433669
3.22 0.4969507895838712
3.218 0.4969415638861254
3.216 0.4969061626629839
3.214 0.49686860098911495
3.212 0.4969440091025806
3.21 0.4969697234231541
3.208 0.49694913476894037
3.206 0.4969514395372486
3.204 0.49703739785781914
3.2021 0.4972029205782859
3.2001 0.4973056306887073
3.1981 0.4973463888147349
3.1961 0.4974047500937677
3.1942 0.49738629818995506
3.1922 0.49733324807958584
3.1902 0.49726018324318355
3.1883 0.49716777910777027
3.1863 0.4970780359709763
3.1844 0.49695227333156083
3.1824 0.4968651585717455
3.1805 0.49696771257644545
3.1785 0.497054330739278
3.1766 0.49705554264208196
3.1746 0.49713708056810835
3.1727 0.49726191962056915
3.1707 0.4973891388174807
3.1688 0.49751730624655804
3.1669 0.4976919567376077
3.1649 0.49784785059325437
3.163 0.49789778954139086
3.1611 0.49787432083120725
3.1591 0.49792736927389475
3.1572 0.4980085498693708
3.1553 0.4980440339663619
3.1534 0.4980691723369145
3.1515 0.4981040477005386
3.1495 0.498124344309309
3.1476 0.49807493216588733
3.1457 0.49796521505503805
3.1438 0.4978623712930534
3.1419 0.4977220196470856
3.14 0.49756039563600124
3.1381 0.4974195398585593
3.1362 0.4972545210475372
3.1343 0.4970958032824124
3.1324 0.4969092703694775
3.1305 0.4967594526873262
3.1286 0.4966447083494792
3.1268 0.49663084694973264
3.1249 0.4967316080123013
3.123 0.4968140190026524
3.1211 0.49682115807867866
3.1192 0.4968480409468031
3.1174 0.49696027697295014
3.1155 0.49711252312394427
3.1136 0.49726650222729446
3.1117 0.4973829829387075
3.1099 0.4975335945409303
3.108 0.497635430337827
3.1061 0.49765008711083186
3.1043 0.49775857344213054
3.1024 0.4979448488144694
3.1006 0.49805164868515245
3.0987 0.4980236008381
3.0969 0.4979751541551693
3.095 0.4980670858808434
3.0932 0.4981363600968372
3.0913 0.49806782728865334
3.0895 0.498035183889323
3.0876 0.49804519303937234
3.0858 0.4979679039614503
3.084 0.49787274263336495
3.0821 0.4979079742207305
3.0803 0.49799729076159055
3.0785 0.4980302619143421
3.0766 0.49797976014626255
3.0748 0.49793070648831583
3.073 0.49795978669218105
3.0712 0.4980072480776634
3.0694 0.4980834317844989
3.0675 0.4981825361289253
3.0657 0.4982412813773395
3.0639 0.49826727809098176
3.0621 0.498286140879102
3.0603 0.4983085836287863
3.0585 0.49847994219183017
3.0567 0.4987500294804368
3.0549 0.49888256686309257
3.0531 0.4989195406099222
3.0513 0.49896397418086624
3.0495 0.49899659622748543
3.0477 0.4990718560750271
3.0459 0.4991424421355438
3.0441 0.49921954787029466
3.0423 0.49926176236918035
3.0406 0.49911222453197834
3.0388 0.49896582850996385
3.037 0.49897969099212913
3.0352 0.49891663355886173
3.0334 0.4987985404491382
3.0317 0.4986457137225238
3.0299 0.4984451993673856
3.0281 0.49826587258651917
3.0264 0.4980354639803332
3.0246 0.49780442925283896
3.0228 0.49764064340453124
3.0211 0.4973909204269511
3.0193 0.49724906033441113
3.0176 0.4972934152916659
3.0158 0.4973272903387825
3.014 0.4974016119341535
3.0123 0.4974747051227068
3.0105 0.49758545614977356
3.0088 0.49781813949749415
3.007 0.49810639718349087
3.0053 0.4983457059863451
3.0036 0.4985202153026581
3.0018 0.4985798823692305
3.0001 0.49861448787857604
2.9984 0.49862866718506066
2.9966 0.4986621758882838
2.9949 0.49871863739792255
2.9932 0.49869674342876064
2.9914 0.49861031556712415
2.9897 0.4985772927706649
2.988 0.498587039457694
2.9863 0.49859211171142825
2.9845 0.4985225838796947
2.9828 0.498509557011262
2.9811 0.4985031664486184
2.9794 0.4983361610100995
2.9777 0.49813293684054527
2.976 0.4980164254320642
2.9743 0.49795098423328604
2.9726 0.4978280296186634
2.9709 0.49768226644494395
2.9692 0.49766781833121615
2.9675 0.4975785920196056
2.9658 0.49740025557637857
2.9641 0.49741578692588656
2.9624 0.4975749181443107
2.9607 0.4977346912529319
2.959 0.49782639610835405
2.9573 0.49783979513331184
2.9556 0.4979039577991925
2.9539 0.49800255348745187
2.9523 0.4981787963460374
2.9506 0.4984357449802976
2.9489 0.49864546365778994
2.9472 0.4987657240839011
2.9455 0.4987668350738974
2.9439 0.4987436922496235
2.9422 0.49880277952629565
2.9405 0.4988166002085155
2.9389 0.4988072401143072
2.9372 0.4987340613562798
2.9355 0.49856717570286335
2.9339 0.498465012180871
2.9322 0.4983449246420404
2.9306 0.49814704183595315
2.9289 0.49805442644342707
2.9272 0.4979662178605307
2.9256 0.49781048927239163
2.9239 0.4977462462313058
2.9223 0.49766857694816347
2.9207 0.497645341014422
2.919 0.4976267687025213
2.9174 0.49765777723995713
2.9157 0.49779653738021395
2.9141 0.497882409380864
2.9124 0.49805799148691476
2.9108 0.4983853175208683
2.9092 0.49859947132858734
2.9075 0.4987587457695902
2.9059 0.49894918096269314
2.9043 0.49912035521849424
2.9027 0.49924409610831816
2.901 0.4992901997356606
2.8994 0.49922511579306955
2.8978 0.4990635503633927
2.8962 0.49887995451898415
2.8946 0.4987136924762647
2.8929 0.49863196790221653
2.8913 0.498580872631115
2.8897 0.4985174791351248
2.8881 0.4983565856302065
2.8865 0.49817012883503675
2.8849 0.49810742746400327
2.8833 0.49820239697235175
2.8817 0.49838536876257095
2.8801 0.4985042545928107
2.8785 0.4985015755910523
2.8769 0.4984632327809917
2.8753 0.4984228647869411
2.8737 0.49838914504285053
2.8721 0.49845769440533727
2.8705 0.498612068341831
2.8689 0.4987194545142879
2.8673 0.498713310944351
2.8658 0.4986324421329836
2.8642 0.49846909635343456
2.8626 0.49841083154814414
2.861 0.49843136805340604
2.8594 0.49844162499314826
2.8579 0.498525186599283
2.8563 0.49859721688851355
2.8547 0.4985121498190453
2.8531 0.49831011173955025
2.8516 0.4981806423412519
2.85 0.49832551823260657
2.8484 0.49849368293881563
2.8469 0.4984803288074071
2.8453 0.49848381928868957
2.8437 0.49842734621729307
2.8422 0.4982782983452926
2.8406 0.4982152487095863
2.8391 0.49823776036881745
2.8375 0.4983134500908538
2.836 0.4983106955815519
2.8344 0.49809971627753025
2.8329 0.4980043174275864
2.8313 0.4980641899647401
2.8298 0.4980875445207248
2.8282 0.49814270916478753
2.8267 0.49812821228761417
2.8252 0.4980635046297374
2.8236 0.4980921069662688
2.8221 0.498127855004928
2.8205 0.4982927015746021
2.819 0.49846526917765144
2.8175 0.49846130283714724
2.8159 0.4984109089444981
2.8144 0.49844913191669626
2.8129 0.4985848805176334
2.8114 0.49881906149204036
2.8098 0.49903130907941173
2.8083 0.49915792268506837
2.8068 0.49920963953312747
2.8053 0.4991461964386427
2.8038 0.49924311113890285
2.8022 0.49957651191760627
2.8007 0.49980056935493966
2.7992 0.49988461613679175
2.7977 0.4999008950739636
2.7962 0.4999172031079476
2.7947 0.5001290285583209
2.7932 0.5004539291245353
2.7917 0.500839756275388
2.7902 0.5012520270604436
2.7887 0.5015763229016827
2.7872 0.5019110646877858
2.7857 0.5023891715116279
2.7842 0.5029724635539412
2.7827 0.5035791981767326
2.7812 0.5041283300180809
2.7797 0.5045601613357192
2.7782 0.5051287863761299
2.7767 0.5057902012374355
2.7752 0.5063776066031812
2.7738 0.5069857880856167
2.7723 0.5076270743615854
2.7708 0.5082985206570736
2.7693 0.5089850670716274
2.7678 0.509808024403464
2.7664 0.5107314507636094
2.7649 0.5116483659297637
2.7634 0.5124042669584246
2.7619 0.5131837640128499
2.7605 0.5141324157675062
2.759 0.5151080913540367
2.7575 0.5161521912631302
2.7561 0.517287465019782
2.7546 0.5183221995741307
2.7531 0.5192418102695101
2.7517 0.5202573166159281
2.7502 0.5214423048826812
2.7488 0.5226592016233458
2.7473 0.5238328527944873
2.7458 0.5250329747483298
2.7444 0.5260779571404466
2.7429 0.5266799971036933
2.7415 0.5269291185710755
2.74 0.5270804513299284
2.7386 0.5268393129101232
2.7371 0.5259719053082552
2.7357 0.5246769352719881
2.7343 0.5230165281831048
2.7328 0.5210768239902153
2.7314 0.5189908199587835
2.7299 0.5171910053199562
2.7285 0.5160097248880359
2.7271 0.5153813532669016
2.7256 0.5153586703921728
2.7242 0.5163108605479351
2.7228 0.5183562004991525
2.7213 0.5212370977667726
2.7199 0.5248308200820668
2.7185 0.5289408627590804
2.7171 0.5332849741902573
2.7156 0.5374108452114044
2.7142 0.5410025195476651
2.7128 0.5440373675414362
2.7114 0.5463207667324715
2.71 0.5475792115444944
2.7085 0.5478136472623606
2.7071 0.5470899104392885
2.7057 0.5456415235982818
2.7043 0.5435622070001644
2.7029 0.5409903816950097
2.7015 0.5382495170164908
2.7001 0.5354806830780104
2.6987 0.5327947955046479
2.6973 0.5303017744504983
2.6959 0.5281252745618837
2.6945 0.5262074657506796
2.6931 0.5244845663602455
2.6917 0.5229105182816022
2.6903 0.5216245625936656
2.6889 0.5205907801965269
2.6875 0.5196499655176808
2.6861 0.5187707363412417
2.6847 0.5179014692086917
2.6833 0.5170171771612044
2.6819 0.5161760345514348
2.6805 0.5153752874364631
2.6791 0.51466712505325
2.6778 0.5139901266830208
2.6764 0.5132578812119649
2.675 0.5125566770077348
2.6736 0.5118977707516821
2.6722 0.5112757119925865
2.6709 0.5107557451933689
2.6695 0.5102455601697863
2.6681 0.5097502536797448
2.6667 0.5093026055886574
2.6654 0.5089236282636234
2.664 0.5086742756690813
2.6626 0.50846757352132
2.6613 0.5081739770742505
2.6599 0.5079340826402744
2.6585 0.5077116341500567
2.6572 0.507477754799277
2.6558 0.5074008438925461
2.6545 0.5073565721026156
2.6531 0.5072392220819415
2.6517 0.5069934988595373
2.6504 0.5067100055112982
2.649 0.5065819918401911
2.6477 0.5064929078522232
2.6463 0.5063729507305518
2.645 0.506316099344623
2.6436 0.5061189686792401
2.6423 0.5058176331467529
2.6409 0.505606286227648
2.6396 0.5054869566605319
2.6382 0.5054560067531599
2.6369 0.5053534931749305
2.6356 0.505096854885452
2.6342 0.5048485571858151
2.6329 0.5045787016972044
2.6315 0.5043580604553107
2.6302 0.5042964498951399
2.6289 0.5041782864550959
2.6275 0.5039473231432006
2.6262 0.5036220941412921
2.6249 0.503372375770416
2.6236 0.5032270317017776
2.6222 0.5031134969417207
2.6209 0.5030228151355965
2.6196 0.5029070759708268
2.6183 0.5026957507454963
2.6169 0.5023902915916713
2.6156 0.5022024064678751
2.6143 0.5021232992730683
2.613 0.5020456236052567
2.6117 0.5018726167913689
2.6103 0.50164179912854
2.609 0.5014834995245308
2.6077 0.5013590396040898
2.6064 0.5012341455650344
2.6051 0.5012723990300331
2.6038 0.501406138616445
2.6025 0.5014931228639512
2.6012 0.5014614861679928
2.5999 0.5014787619947809
2.5986 0.5015781771462441
2.5973 0.5016540716770306
2.596 0.5016403305601473
2.5947 0.5017027474299321
2.5934 0.5017375153353587
2.5921 0.5015796790837979
2.5908 0.5013673972623746
2.5895 0.5012162782651339
2.5882 0.5011795835731281
2.5869 0.501135157985966
2.5856 0.5010353575028554
2.5843 0.5010239020253381
2.583 0.5010114466008516
2.5817 0.5009417678445326
2.5805 0.5009826597401926
2.5792 0.5010873348527651
2.5779 0.5011806001344898
2.5766 0.5011732297136852
2.5753 0.5010780999404802
2.5741 0.5010162595668219
2.5728 0.5009690904967007
2.5715 0.5008720911497835
2.5702 0.5007711895532958
2.569 0.5006345567853652
2.5677 0.5004324137587792
2.5664 0.5002397216769862
2.5651 0.5001161743352458
2.5639 0.5000614428178027
2.5626 0.5000216492516966
2.5613 0.49997630402462984
2.5601 0.49995612485345703
2.5588 0.4999605184425667
2.5575 0.49995554474070897
2.5563 0.49995525020400644
2.555 0.5000157951451574
2.5538 0.5000254514412829
2.5525 0.5000157978807436
2.5513 0.500035395910573
2.55 0.4999935639318058
2.5487 0.49995962390545673
2.5475 0.4998809132984441
2.5462 0.49978171535448146
2.545 0.49978521658010955
2.5437 0.499762662997259
2.5425 0.49977057991778334
2.5413 0.4998288111180888
2.54 0.49984490352999555
2.5388 0.4998621910050225
2.5375 0.4998419718171368
2.5363 0.4998618527420475
2.535 0.49995551080619105
2.5338 0.5000462477827408
2.5326 0.5000781510229002
2.5313 0.5000515250839331
2.5301 0.49998506869279624
2.5289 0.49991040832722394
2.5276 0.49986648145849094
2.5264 0.4998957882041615
2.5252 0.5000079037822819
2.5239 0.5000600097772028
2.5227 0.5000936522504635
2.5215 0.5002243851349968
2.5202 0.5003974016540564
2.519 0.5005859354441824
2.5178 0.5008050164744839
2.5166 0.5010382847407503
2.5154 0.5012066835660801
2.5141 0.5012462243811373
2.5129 0.501358945540002
2.5117 0.5014845212324182
2.5105 0.5014791363010973
2.5093 0.5014467788323604
2.5081 0.5014892258356212
2.5068 0.5015833793781648
2.5056 0.5015564741177264
2.5044 0.5015411236684151
2.5032 0.5016066595311227
2.502 0.5017459698116188
2.5008 0.5018480047292213
2.4996 0.5018933706519432
2.4984 0.5020071432048004
2.4972 0.5020519511052508
2.496 0.5020312856169242
2.4948 0.5021054712198325
2.4936 0.5022278762876121
2.4924 0.5023329181179493
2.4912 0.5023646794596862
2.49 0.5022822949779142
2.4888 0.5022546561800364
2.4876 0.5023221162386029
2.4864 0.5024381839535278
2.4852 0.5025192783175663
2.484 0.5025567471755396
2.4828 0.5024998983548372
2.4816 0.502463924980435
2.4805 0.5023432101207015
2.4793 0.5022780012530864
2.4781 0.5023042579262192
2.4769 0.502239613241175
2.4757 0.5020974143854935
2.4745 0.5019537632143732
2.4734 0.501895963449169
2.4722 0.501945264440066
2.471 0.5020926271208561
2.4698 0.5022551891451703
2.4686 0.5025566631725037
2.4675 0.5029393727868509
2.4663 0.5033361736706375
2.4651 0.5037807188690013
2.464 0.5042403347709702
2.4628 0.5046755274925286
2.4616 0.5050172064181202
2.4604 0.5051534035090864
2.4593 0.5052329586373172
2.4581 0.5052557070335484
2.4569 0.5051431074668691
2.4558 0.5049150848706189
2.4546 0.5045745745634548
2.4535 0.5042515738612896
2.4523 0.5038671464157211
2.4511 0.5034791384337853
2.45 0.5031878239142527
2.4488 0.5029834921516633
2.4477 0.5027515009437649
2.4465 0.5025750348842897
2.4454 0.5024347102392879
2.4442 0.5023530714958646
2.4431 0.5022699578772962
2.4419 0.5022054304105839
2.4408 0.5022017758585614
2.4396 0.5021823203363183
2.4385 0.5021290582186452
2.4373 0.5021371111145051
2.4362 0.5021508552197066
2.435 0.5021585420559119
2.4339 0.5021646528695317
2.4327 0.5021201570905423
2.4316 0.5021238277670996
2.4305 0.5020964616545849
2.4293 0.5020880799966166
2.4282 0.5021167730561393
2.427 0.5020981413677901
2.4259 0.5019460642109215
2.4248 0.5017524034042369
2.4236 0.5015718920414388
2.4225 0.5015057207669592
2.4214 0.5013950877798945
2.4202 0.5011756581041636
2.4191 0.5009621597249863
2.418 0.5007408094340517
2.4169 0.500367403072169
2.4157 0.5000264156639497
2.4146 0.49974522739466026
2.4135 0.49945007910338357
2.4124 0.49901365447628154
2.4112 0.49852162860589255
2.4101 0.49820194205381535
2.409 0.4979504962696005
2.4079 0.49762214721215486
2.4068 0.4973782151297742
2.4056 0.4973566378122644
2.4045 0.49746546300540384
2.4034 0.4976659004670367
2.4023 0.4979893702556918
2.4012 0.49851899702931585
2.4001 0.49910022813028115
2.399 0.4996593488137961
2.3979 0.5003836695073575
2.3967 0.5012478669173241
2.3956 0.5020957994620321
2.3945 0.5029467336422321
2.3934 0.5037079758235653
2.3923 0.5043684315641176
2.3912 0.5049629550183864
2.3901 0.5055342275322305
2.389 0.5060590669090651
2.3879 0.5065018558362406
2.3868 0.5068031210547189
2.3857 0.507016152077762
2.3846 0.5071417137879561
2.3835 0.5071689463571357
2.3824 0.507198009105192
2.3813 0.5072912508680688
2.3802 0.5072985062225827
2.3791 0.5072304092512322
2.3781 0.5071434173991707
2.377 0.5070942581711443
2.3759 0.507006912544227
2.3748 0.5067954639513161
2.3737 0.5065494500945614
2.3726 0.5062617006754251
2.3715 0.5058398135711197
2.3704 0.5053732426807499
2.3694 0.504901764553124
2.3683 0.5043426215403662
2.3672 0.5036847920258449
2.3661 0.5030188139351884
2.365 0.5024240101767097
2.364 0.5019197864151601
2.3629 0.5015917640655889
2.3618 0.5013385042723307
2.3607 0.5011016786370894
2.3597 0.5009334444226125
2.3586 0.500859727657355
2.3575 0.5009041646340289
2.3564 0.5009544795639967
2.3554 0.5009161009688262
2.3543 0.5009149061270832
2.3532 0.5007883076985471
2.3522 0.50036032207367
2.3511 0.4998500796784653
2.35 0.49935116561726084
2.349 0.49870412155903754
2.3479 0.4980347111203316
2.3468 0.4972894294875057
2.3458 0.49651825666703525
2.3447 0.49569011277980585
2.3436 0.49481340845865296
2.3426 0.49418140538248817
2.3415 0.49368487819296997
2.3405 0.4932650711039173
2.3394 0.49303752253733546
2.3384 0.4928497430743754
2.3373 0.4926856581094849
2.3363 0.49276279417452035
2.3352 0.4930211890488993
2.3342 0.4935013797279346
2.3331 0.4940879106750021
2.3321 0.4947655737138514
2.331 0.4955338461780483
2.33 0.49631151157123415
2.3289 0.49707884285162973
2.3279 0.49804872093341446
2.3268 0.49905890010859244
2.3258 0.4999997366315492
2.3247 0.5009730039462618
2.3237 0.5019477474186622
2.3226 0.5028373083699281
2.3216 0.5036270017835648
2.3206 0.5044154781664713
2.3195 0.5052832993922006
2.3185 0.5060079806841736
2.3175 0.5064985853596982
2.3164 0.5069619100638387
2.3154 0.5073129183732046
2.3144 0.5074960779948329
2.3133 0.5075170419334848
2.3123 0.5073862184375181
2.3113 0.5070919032947512
2.3102 0.5066574750989042
2.3092 0.5061045034497262
2.3082 0.5055940346633598
2.3071 0.5051136079951009
2.3061 0.5045031713656171
2.3051 0.5038678671605896
2.3041 0.5034151565875387
2.303 0.5031403964235427
2.302 0.5031682864615286
2.301 0.5033543464536961
2.3 0.5036351028120037
2.299 0.5041106179138407
2.2979 0.5047229776563749
2.2969 0.505554691115686
2.2959 0.5066458870291202
2.2949 0.507778091823731
2.2939 0.5088952546450745
2.2929 0.5099045495330895
2.2918 0.5107765312514256
2.2908 0.5117125749204828
2.2898 0.5126555873345904
2.2888 0.51333186831059
2.2878 0.5138004409936182
2.2868 0.5141212988028866
2.2858 0.51424460267013
2.2848 0.514200200386351
2.2838 0.5139667283298222
2.2828 0.5136059806467039
2.2818 0.5131059925934239
2.2808 0.5124135001030716
2.2798 0.5116683649837888
2.2787 0.5108999786469351
2.2777 0.5099905814247317
2.2767 0.5090247717201696
2.2757 0.5081756411992674
2.2747 0.5074258966813984
2.2738 0.5067249865790208
2.2728 0.5060721684973676
2.2718 0.5054132587317276
2.2708 0.5047473414123514
2.2698 0.5040887053330939
2.2688 0.5035617744699463
2.2678 0.5032400694556326
2.2668 0.5027808069549013
2.2658 0.5021209412288191
2.2648 0.5014241795729917
2.2638 0.5006301685315757
2.2628 0.4997427735442591
2.2618 0.4988106826708286
2.2609 0.4978042306260382
2.2599 0.49666236949353726
2.2589 0.49519083468780634
2.2579 0.4937015482061861
2.2569 0.4923801269376958
2.2559 0.4911754839393128
2.255 0.4901966926435698
2.254 0.4895557744586246
2.253 0.4893746338204775
2.252 0.48961320655919427
2.251 0.49034398273031143
2.2501 0.4917621242568619
2.2491 0.49379850657163593
2.2481 0.49612925668034646
2.2471 0.49883110366970956
2.2462 0.501818088314231
2.2452 0.5047773979749318
2.2442 0.5075400999241251
2.2433 0.5100246201106421
2.2423 0.5121163968842835
2.2413 0.5136784261267754
2.2403 0.5146400648295282
2.2394 0.5151538926667469
2.2384 0.5151938191954825
2.2374 0.5146521440188406
2.2365 0.5137019643650144
2.2355 0.5124511665756335
2.2345 0.511110768050036
2.2336 0.5097783234575253
2.2326 0.5085234317292339
2.2317 0.5072644865870142
2.2307 0.5061150560282505
2.2297 0.5050818220569531
2.2288 0.504180127949166
2.2278 0.5035135794865956
2.2269 0.5030739782137739
2.2259 0.5027456479062796
2.225 0.5024448911907486
2.224 0.5020851016559434
2.2231 0.5017828680137796
2.2221 0.5015781003354909
2.2211 0.5013577662775716
2.2202 0.5012149389578733
2.2192 0.5010849001737894
2.2183 0.5008870698138906
2.2173 0.5006453707837805
2.2164 0.500382319496073
2.2155 0.5002124868824053
2.2145 0.5001227667657768
2.2136 0.5000078984253955
2.2126 0.4999037149792593
2.2117 0.4998610092818472
2.2107 0.49980809845851193
2.2098 0.4997237691717857
2.2088 0.4997113528839092
2.2079 0.49977417077129427
2.207 0.4998909169931685
2.206 0.4999073394816647
2.2051 0.4998783010311532
2.2041 0.4999222857220937
2.2032 0.5000181496806296
2.2023 0.4999993593108577
2.2013 0.5000576499817656
2.2004 0.5002536144326252
2.1995 0.5003483844524899
2.1985 0.5002772419568885
2.1976 0.5002699522451277
2.1967 0.5003262942828718
2.1957 0.5003239724226479
2.1948 0.5001654340584113
2.1939 0.5001122851958587
2.193 0.5001093205132257
2.192 0.49988511392513185
2.1911 0.4996004621058273
2.1902 0.4994941283440594
2.1893 0.49944948407817413
2.1883 0.4993804911737611
2.1874 0.4993910287343903
2.1865 0.4993901225477844
2.1856 0.49935429447590585
2.1846 0.4992360642646509
2.1837 0.4992044143989661
2.1828 0.49936718146173165
2.1819 0.49954459016323305
2.181 0.4995684854459576
2.18 0.49954230775320824
2.1791 0.49951738174782717
2.1782 0.4994934590519317
2.1773 0.49950476911197444
2.1764 0.4996238165852138
2.1755 0.4997806908580641
2.1746 0.4998286209815904
2.1736 0.49970517882532617
2.1727 0.4995315326127022
2.1718 0.4995179717864536
2.1709 0.4995489779119221
2.17 0.49954456488363674
2.1691 0.4996042400766308
2.1682 0.49976766974468534
2.1673 0.49984718112401816
2.1664 0.49979272172452094
2.1655 0.4997791763750451
2.1646 0.49995283063367324
2.1637 0.5001672575002123
2.1628 0.5002217327232895
2.1619 0.5003295577493672
2.161 0.5003967297459815
2.1601 0.500235473352909
2.1592 0.49990971016749297
2.1583 0.4996530782918836
2.1574 0.49952176895688105
2.1565 0.4994660021359914
2.1556 0.4992774122726962
2.1547 0.4990825695954287
2.1538 0.49893134624596436
2.1529 0.4987172816596841
2.152 0.49862139857567445
2.1511 0.49872929380712855
2.1502 0.4990335113861686
2.1493 0.4993408759255899
2.1484 0.4994424842488894
2.1475 0.49943383875400627
2.1466 0.4994764578238555
2.1458 0.4995204034210505
2.1449 0.499702326847706
2.144 0.49978539218931
2.1431 0.49972944714518236
2.1422 0.4994649015535325
2.1413 0.49923115112527994
2.1404 0.49913854558894377
2.1396 0.4992257644874777
2.1387 0.49928460352882903
2.1378 0.49917998073742587
2.1369 0.4990350092093124
2.136 0.49888196718478645
2.1352 0.4989326334208224
2.1343 0.49914567809046734
2.1334 0.4993354117031535
2.1325 0.4994081135799116
2.1316 0.49938795671837527
2.1308 0.4993223581158917
2.1299 0.49934732654829844
2.129 0.4994123109491989
2.1281 0.4995132851282722
2.1273 0.49953520300902415
2.1264 0.4994673141537533
2.1255 0.4993190349455141
2.1247 0.49920315217820255
2.1238 0.4991224630376052
2.1229 0.4992010111849759
2.122 0.4993600389311458
2.1212 0.49942053475620385
2.1203 0.4995158242181602
2.1194 0.49962592682920476
2.1186 0.49968096798220707
2.1177 0.49973800863117207
2.1168 0.4999489938328117
2.116 0.5000486425683276
2.1151 0.4998374282010779
2.1143 0.49947832652193186
2.1134 0.4993052725788587
2.1125 0.4992480791008609
2.1117 0.49913648571873537
2.1108 0.49906410550937724
2.11 0.49900230177792654
2.1091 0.49877125913282766
2.1082 0.4985885471177976
2.1074 0.4987597059863233
2.1065 0.49913559731771645
2.1057 0.4994106950137476
2.1048 0.49947533874110067
2.104 0.4995145523134732
2.1031 0.49961229796101003
2.1023 0.4997197687143251
2.1014 0.4998519100118865
2.1005 0.5000650281890653
2.0997 0.5000257579157569
2.0988 0.4999543892989003
2.098 0.4999928004283091
2.0971 0.5000737391692869
2.0963 0.5001143117429574
2.0955 0.5001505089821143
2.0946 0.500163396625347
2.0938 0.5001622889371297
2.0929 0.5001620438726697
2.0921 0.5002130778783289
2.0912 0.500302565854429
2.0904 0.5001267728008847
2.0895 0.49980706154736637
2.0887 0.49949670181383854
2.0879 0.4992674130287775
2.087 0.49915007332829187
2.0862 0.46965071290209603
2.0853 0.4364139742765399
2.0845 0.39883485739271024
2.0837 0.35588607978863224
2.0828 0.30643339014645204
2.082 0.24901477671111696
2.0812 0.1813574154653961
2.0803 0.0999629376368691
2.0795 0.0
