0.4 1.0
0.401 1.0
0.402 0.9010228083621852
0.403 0.8200722784521365
0.404 0.7525261965760277
0.405 0.6953977526266683
0.406 0.6463912675261128
0.407 0.6038975852870982
0.408 0.5666855728999696
0.409 0.5338109923404518
0.41 0.5046382730455075
0.411 0.504630034070062
0.412 0.5046207497820401
0.413 0.5046127736114536
0.414 0.5045856949481351
0.415 0.5046236761114884
0.416 0.5046333354967585
0.417 0.5046173335348693
0.418 0.5046738372886714
0.419 0.5046795998135333
0.42 0.5047098233458356
0.421 0.5047405385709081
0.422 0.5047418034540294
0.423 0.5047654976546206
0.424 0.5047037758103711
0.425 0.504652152329622
0.426 0.5045630579922545
0.427 0.5045055869277905
0.428 0.5044622385269322
0.429 0.5043807752986252
0.43 0.504298860432909
0.431 0.5042247392872682
0.432 0.5041643025756334
0.433 0.504129110755267
0.434 0.5041431353796536
0.435 0.5041598149335266
0.436 0.5042054806909649
0.437 0.5042261933700507
0.438 0.5042465421014317
0.439 0.504222972972973
0.44 0.5041919230317314
0.441 0.5041545320285433
0.442 0.5040892398216857
0.443 0.5039971930210798
0.444 0.5038950333173045
0.445 0.5037073619084854
0.446 0.503575489403674
0.447 0.5033418390034
0.448 0.5031255337318532
0.449 0.5029752968472772
0.45 0.5028046810569864
0.451 0.5026043262454807
0.452 0.5023534853349295
0.453 0.5021745926036669
0.454 0.5019892728630593
0.455 0.5018248422766434
0.456 0.5017147427208155
0.457 0.5016965222986014
0.458 0.5015904168922577
0.459 0.5014913461343362
0.46 0.5014327615803631
0.461 0.5015025560335222
0.462 0.5015556560414122
0.463 0.501581648826747
0.464 0.501587494185929
0.465 0.5016438060847773
0.466 0.5016225459833572
0.467 0.501614682849377
0.468 0.5016574437040673
0.469 0.5017069663042163
0.47 0.5016757450181009
0.471 0.5015906040268457
0.472 0.501572780501546
0.473 0.5015750459109127
0.474 0.5015374103177315
0.475 0.5014762494560305
0.476 0.5014620176512703
0.477 0.5014076783672269
0.478 0.5013334224509575
0.479 0.5012626262626263
0.48 0.5012220040867023
0.481 0.5012113162970429
0.482 0.5011506673870845
0.483 0.5011099630012332
0.484 0.5011294352823589
0.485 0.5011421987492424
0.486 0.501171458998935
0.487 0.5012240064925562
0.488 0.5013097707568747
0.489 0.5014087314771745
0.49 0.5015108749792462
0.491 0.501582856043059
0.492 0.501668203315181
0.493 0.50176310731093
0.494 0.5018480247993005
0.495 0.5019031290751785
0.496 0.5018985750764061
0.497 0.501907173218925
0.498 0.501938714173421
0.499 0.5018978275650378
0.5 0.501863517926053
0.501 0.5019079567397995
0.502 0.501916415315517
0.503 0.5018720676971264
0.504 0.5018475659469268
0.505 0.5018887509279515
0.506 0.501975817568366
0.507 0.5020299474640414
0.508 0.502067401888511
0.509 0.5021183804703001
0.51 0.5020844650091298
0.511 0.5020465809674508
0.512 0.5020710561733155
0.513 0.5021247984542173
0.514 0.50213620857223
0.515 0.5020726334176291
0.516 0.502002487643186
0.517 0.5019390689866088
0.518 0.5018950598422842
0.519 0.501903289507873
0.52 0.5019605551876809
0.521 0.5019427489086227
0.522 0.5018442290863124
0.523 0.5017779533781114
0.524 0.5017539771918242
0.525 0.5017270598584717
0.526 0.5017193903274598
0.527 0.5017150165688041
0.528 0.5016364234947809
0.529 0.5015675801207617
0.53 0.5015214616346687
0.531 0.5015331297749263
0.532 0.5015645119752768
0.533 0.501502506322109
0.534 0.5014758178088445
0.535 0.5014718169548171
0.536 0.5014804205550453
0.537 0.5014954494692118
0.538 0.5015010969554675
0.539 0.5015034846221413
0.54 0.501493092046241
0.541 0.5014535628297732
0.542 0.5015228881125146
0.543 0.5015955439877728
0.544 0.5016678595163847
0.545 0.5017401799569585
0.546 0.501780267742059
0.547 0.5017885266493659
0.548 0.5017844169417642
0.549 0.5017961325826094
0.55 0.501807926868085
0.551 0.5017528455905277
0.552 0.5018305007182173
0.553 0.5018449950143852
0.554 0.501818089514732
0.555 0.5018639919861024
0.556 0.5018812947361753
0.557 0.5019839135304801
0.558 0.5020836890465621
0.559 0.5021674017718352
0.56 0.5023045257096677
0.561 0.5022438223877301
0.562 0.5020402757368013
0.563 0.5018785853873795
0.564 0.5016950861406229
0.565 0.5014956955456612
0.566 0.5012809134454999
0.567 0.5010410179960875
0.568 0.5008236196511876
0.569 0.5005436387975841
0.57 0.5003234579222068
0.571 0.5003077039009319
0.572 0.50030131826742
0.573 0.500301276659846
0.574 0.5002887198413296
0.575 0.500304340459711
0.576 0.5003388001455585
0.577 0.5003888756476034
0.578 0.5004797170609961
0.579 0.5005267976971415
0.58 0.5005830501673919
0.581 0.5006048829410475
0.582 0.5006328400105265
0.583 0.5007265894143439
0.584 0.5007797576175117
0.585 0.5007826783880582
0.586 0.5007981270618282
0.587 0.500810301782664
0.588 0.5008443199159432
0.589 0.5008692933083176
0.59 0.5009032322588307
0.591 0.5009248612708094
0.592 0.5009213279615229
0.593 0.5009488969073452
0.594 0.5010234520288065
0.595 0.5010947607433145
0.596 0.5011100024943876
0.597 0.5011219427061258
0.598 0.5011648477600039
0.599 0.5011989063482869
0.6 0.5011454325875571
0.601 0.5011109244011278
0.602 0.5010390483064134
0.603 0.5009484125750179
0.604 0.5008331364478543
0.605 0.5007737292506945
0.606 0.5007083209066507
0.607 0.5005714995651633
0.608 0.500397421726549
0.609 0.5003228770831781
0.61 0.5002669282149331
0.611 0.5002358636956117
0.612 0.5001986072665433
0.613 0.5001737446945815
0.614 0.5001272130415088
0.615 0.5000837546918138
0.616 0.5001147578609134
0.617 0.5001643747247498
0.618 0.5002356706069138
0.619 0.5002883738813885
0.62 0.5002945316326974
0.621 0.5003688664331547
0.622 0.5003967417583098
0.623 0.5004090638635462
0.624 0.500461766364814
0.625 0.500421449289734
0.626 0.5004585052728107
0.627 0.5004553423740994
0.628 0.5004304551676299
0.629 0.5004303911915334
0.63 0.5003777323673292
0.631 0.5003312057747429
0.632 0.5003404476577201
0.633 0.5003589286598347
0.634 0.5004114615237071
0.635 0.5004114666155169
0.636 0.5004082289050805
0.637 0.5004328897244348
0.638 0.5004575131071322
0.639 0.5005438947810823
0.64 0.5006118286879674
0.641 0.5006425861621542
0.642 0.500645575798012
0.643 0.5006361401731784
0.644 0.5006606324784214
0.645 0.5007007167684301
0.646 0.5006973931075344
0.647 0.5006849061493467
0.648 0.5006384986952418
0.649 0.5005981525103905
0.65 0.5005980197531472
0.651 0.5005609112650706
0.652 0.5005361963341428
0.653 0.5004929751047572
0.654 0.5004835619729329
0.655 0.5005019492877247
0.656 0.5004925562437661
0.657 0.5005047644842784
0.658 0.5004801122724083
0.659 0.5004246206107151
0.66 0.5004153053878952
0.661 0.500464418185509
0.662 0.5005319770481116
0.663 0.5005165797500738
0.664 0.500433486026993
0.665 0.5003903920519868
0.666 0.5003503552725396
0.667 0.5004147439954286
0.668 0.5005068096791434
0.669 0.5005742431966
0.67 0.5006017364394395
0.671 0.5005892751915144
0.672 0.5006105305786848
0.673 0.5006932430276928
0.674 0.5008004318038236
0.675 0.5008432530556424
0.676 0.500830895834483
0.677 0.5007784724776265
0.678 0.5007537041803007
0.679 0.5007473017506462
0.68 0.5006951036531219
0.681 0.500645990876527
0.682 0.50063349634898
0.683 0.5006027229616031
0.684 0.5005810824036014
0.685 0.5006084398867506
0.686 0.5006358678373156
0.687 0.5006356890502561
0.688 0.500598890219756
0.689 0.5006291843815668
0.69 0.5007023243883671
0.691 0.500662623745748
0.692 0.5005739616788991
0.693 0.5005555419892067
0.694 0.500527918657805
0.695 0.5004698387903787
0.696 0.5004758418740849
0.697 0.5004604753569446
0.698 0.5004329954748923
0.699 0.5003261857002628
0.7 0.5003230171016224
0.701 0.5004661422312675
0.702 0.5005178758560184
0.703 0.5004965001309786
0.704 0.5005207223118853
0.705 0.500545003927682
0.706 0.5005083930517586
0.707 0.5005234837233085
0.708 0.5005538716235134
0.709 0.5006115928799635
0.71 0.5005354100754441
0.711 0.5004318524646003
0.712 0.5004499847978109
0.713 0.5004560323965415
0.714 0.50039210918265
0.715 0.5003798860949533
0.716 0.5003798583887927
0.717 0.5003979658174704
0.718 0.500346306669745
0.719 0.5003128245934799
0.72 0.5003492235091193
0.721 0.5003279524833292
0.722 0.5002732439522005
0.723 0.5002186004712054
0.724 0.5002337569292232
0.725 0.5001942784982273
0.726 0.500139642757398
0.727 0.50004856313815
0.728 0.49999089280835435
0.729 0.49991803527518897
0.73 0.4998816223205668
0.731 0.49986340539457635
0.732 0.4998634153448308
0.733 0.4998633971015901
0.734 0.4998330530648422
0.735 0.4998543052790054
0.736 0.4999271526395027
0.737 0.5000030348829445
0.738 0.5001305047194149
0.739 0.500169970983525
0.74 0.5002093992971467
0.741 0.5002640155860236
0.742 0.5002821927285306
0.743 0.5003307540585648
0.744 0.5003064896916289
0.745 0.500288271885905
0.746 0.5002336434419016
0.747 0.5001759601965899
0.748 0.5001546964007303
0.749 0.5001152716771422
0.75 0.5000970532215604
0.751 0.5000758150113722
0.752 0.5000939935114156
0.753 0.5001515757818278
0.754 0.500224318556601
0.755 0.5002970273022647
0.756 0.5003000782021981
0.757 0.5003030890839435
0.758 0.5003060773011861
0.759 0.5002879468480428
0.76 0.500236409485476
0.761 0.5001515610791148
0.762 0.500096988506862
0.763 0.5000424247566637
0.764 0.4999545462809767
0.765 0.49988183751749715
0.766 0.4998272716804344
0.767 0.4998242530755712
0.768 0.49982427863349366
0.769 0.4998787996315509
0.77 0.49992728242294976
0.771 0.49994544859439216
0.772 0.49991210576404344
0.773 0.49993029838352865
0.774 0.49993331959312837
0.775 0.4999515069223869
0.776 0.4999909057287846
0.777 0.49999393755683547
0.778 0.4999939384387843
0.779 0.4999787838927314
0.78 0.4999606024790133
0.781 0.49997575110938675
0.782 0.49995755723709745
0.783 0.49993937409818967
0.784 0.49997271652469155
0.785 0.4999696870490949
0.786 0.49996361960660674
0.787 0.4999090457075638
0.788 0.4998696408757708
0.789 0.4998484039972834
0.79 0.49980898556173403
0.791 0.4998514242051195
0.792 0.4999090269522816
0.793 0.49989993510943453
0.794 0.49987567092215784
0.795 0.49985141339220185
0.796 0.4998422904282421
0.797 0.49983923317256646
0.798 0.4998028163886884
0.799 0.4997997524211753
0.8 0.49973294164775
0.804 0.499638805082225
0.808 0.4995415991208418
0.812 0.4994565250393185
0.816 0.49940783120456234
0.82 0.49936219841096285
0.824 0.49936512372493147
0.828 0.4994015250478476
0.832 0.49943793256406055
0.836 0.49949259554091746
0.84 0.4995593374867041
0.844 0.4996261148161884
0.848 0.4996959599153553
0.852 0.4997506386084418
0.856 0.49980229820730104
0.86 0.49982355804331957
0.864 0.49979004509466235
0.868 0.49972001752933726
0.872 0.49963473877734893
0.876 0.49954641485080403
0.88 0.4994976098407576
0.884 0.49940915625076143
0.888 0.4993237068177664
0.892 0.4992565236998305
0.896 0.49916488875342885
0.9 0.49907010494094406
0.904 0.49898119791603124
0.908 0.49883104119740457
0.912 0.4986285637488775
0.916 0.49837374515486105
0.92 0.49808166537145937
0.924 0.4978072055959133
0.928 0.49754455664073277
0.932 0.4973618013375054
0.936 0.49729580404555085
0.94 0.49734998065455177
0.944 0.4975334959239715
0.948 0.49792334820166867
0.952 0.49843306418906463
0.956 0.49911210789886024
0.96 0.4998678979803752
0.964 0.5006083173573219
0.968 0.501318093833533
0.972 0.5018772159443533
0.976 0.5022978336466742
0.98 0.5026133634694165
0.984 0.5027750150415639
0.988 0.5027731762684827
0.992 0.5026945502032408
0.996 0.5024623300257258
1.0 0.5022454173906659
1.004 0.5020018704499472
1.008 0.5017710572601134
1.012 0.5015896456402213
1.016 0.5013996548127999
1.02 0.5012129265051869
1.024 0.5011057027456762
1.028 0.5009834548189286
1.032 0.5009039279779406
1.036 0.5008306102703591
1.04 0.5006873312084864
1.044 0.5006080801692895
1.048 0.5005015532953572
1.052 0.500434552714587
1.056 0.5004253560838072
1.06 0.5003949111146214
1.064 0.5003401691126446
1.068 0.500315832948665
1.072 0.5002520299034998
1.076 0.5002003934999635
1.08 0.5001578800354622
1.084 0.5001184035557499
1.088 0.5000910835296689
1.092 0.499987854939396
1.096 0.4998056412623599
1.1 0.4995229906360326
1.104 0.49907865209538227
1.108 0.4984809648764985
1.112 0.49778991714475584
1.116 0.4970662042605674
1.12 0.49639878695981804
1.124 0.4958129797627356
1.128 0.49535533523695147
1.132 0.4950663240587994
1.136 0.4950325538012163
1.14 0.4952630060110397
1.144 0.49582852087582624
1.148 0.4966803958935268
1.152 0.4976620564059654
1.156 0.49864824086561854
1.16 0.49956853511507787
1.164 0.5003423706856668
1.168 0.500972240226671
1.172 0.5013897124221761
1.176 0.5016617247343712
1.18 0.5017573335474665
1.184 0.501710214363331
1.188 0.5015700281926477
1.192 0.5014176878128158
1.196 0.5012258223481582
1.2 0.5010189067223217
1.204 0.5008369848850377
1.208 0.5007013658176449
1.212 0.5006213243436108
1.216 0.5005442971801102
1.22 0.5004888667515265
1.224 0.5004088407980081
1.228 0.5002735145700289
1.232 0.5001321133840075
1.236 0.500055297500553
1.24 0.50000307198899
1.244 0.49994162503610035
1.248 0.49980947229973083
1.252 0.49966799877036583
1.256 0.49938796725163465
1.26 0.49906139406062466
1.264 0.49865723859268746
1.268 0.4982245237654892
1.272 0.4977073420596276
1.276 0.49716103920175464
1.28 0.4966227500463908
1.284 0.49605757855421834
1.288 0.49546162388867176
1.292 0.49489431258118444
1.296 0.49437621443874247
1.3 0.49384827620646826
1.304 0.49336971282314435
1.308 0.4929383936806309
1.312 0.49254689259848866
1.316 0.49214243338424446
1.32 0.49174848548151245
1.324 0.49134328358208956
1.328 0.49090943862914854
1.332 0.4902666197228179
1.336 0.489468572935358
1.34 0.48830621167826554
1.344 0.48659490365392255
1.348 0.48413318537876154
1.352 0.4808602920695555
1.356 0.47668581552668315
1.36 0.47171992628207304
1.364 0.4661486547100674
1.368 0.4601720282367456
1.372 0.45411196168156354
1.376 0.44860314148264074
1.38 0.4446757335255566
1.384 0.44304231483068846
1.388 0.44400289562188006
1.392 0.44762463432471966
1.396 0.45363639860005384
1.4 0.4616817352838462
1.404 0.4713988356078627
1.408 0.48237223716063304
1.412 0.49374642425783477
1.416 0.504219713347746
1.42 0.5126954699339029
1.424 0.5187047563523295
1.428 0.5224496747716912
1.432 0.5242502267133049
1.436 0.5245523657500343
1.44 0.5236913321270156
1.444 0.5219347670819776
1.448 0.5196541868207801
1.452 0.5175024459940053
1.456 0.5160727596886119
1.46 0.5156082218279021
1.464 0.5158013288082298
1.468 0.5162763105527562
1.472 0.5167196620239748
1.476 0.5170888471615073
1.48 0.5172485054247546
1.484 0.5172244202861317
1.488 0.5168957638316044
1.492 0.5162976027173557
1.496 0.5154796862937497
1.5 0.5144961312575743
1.504 0.5135200644457593
1.508 0.5125872886462727
1.512 0.5117122200670076
1.516 0.5109125243066037
1.52 0.5101866800858268
1.524 0.5095532091126129
1.528 0.5090278740812648
1.532 0.5085086537465022
1.536 0.5080018730718379
1.54 0.5074959842941281
1.544 0.5070014783180027
1.548 0.5065416351016564
1.552 0.5061368695498267
1.556 0.5057586787635139
1.56 0.5054236254615672
1.564 0.5051140089368404
1.568 0.5047793795238834
1.572 0.5045006227488471
1.576 0.5042305391837312
1.58 0.5040052060970375
1.584 0.5038178676204638
1.588 0.5036347950537361
1.592 0.5034859027954002
1.596 0.5033277759253084
1.6 0.5031172568140037
1.604 0.5029601543271469
1.608 0.5028171634353448
1.612 0.5026547732823616
1.616 0.502552576444692
1.62 0.5024109472903336
1.624 0.5022466036250058
1.628 0.5020761428703667
1.632 0.5018565991860036
1.636 0.5017066649060838
1.64 0.5015639228728669
1.644 0.5013388205189083
1.648 0.5011568504663656
1.652 0.5009192690657722
1.656 0.5006291628510631
1.66 0.5003853171126904
1.664 0.5001020898786119
1.668 0.4998550972824154
1.672 0.499568462871336
1.676 0.49917947974402405
1.68 0.4988164080787566
1.684 0.4984296233735385
1.688 0.49805568209577
1.692 0.4977137268894792
1.696 0.4973242222383923
1.7 0.4969007443511431
1.704 0.49648870350599145
1.708 0.4960422338800717
1.712 0.49564662139241594
1.716 0.4953124062981003
1.72 0.49496965772309415
1.724 0.49459739738400293
1.728 0.49421734728768446
1.732 0.4938888776902041
1.736 0.4936351635325179
1.74 0.4933832068490561
1.744 0.4932210617516263
1.748 0.49314687402461693
1.752 0.4931161145500307
1.756 0.4931439597978985
1.76 0.49326790327651493
1.764 0.493515213384764
1.768 0.49381639393793725
1.772 0.4941573188355929
1.776 0.4945971106437266
1.78 0.4950244630566382
1.784 0.49542281804836164
1.788 0.49577144284336644
1.792 0.49607246135023914
1.796 0.4962738023931243
1.8 0.4962975370420776
1.804 0.4961951656222023
1.808 0.4959062933729619
1.812 0.49537228996099647
1.816 0.4945561404621467
1.82 0.49341970340930785
1.824 0.49188233288827027
1.828 0.48971722365038556
1.832 0.48673743868582686
1.836 0.4828534724893492
1.84 0.47789663805698923
1.844 0.47166720038129567
1.848 0.46403678899360584
1.852 0.4548498863126634
1.856 0.4441003136782738
1.86 0.4320657040063816
1.864 0.4194356893776824
1.868 0.40731650404888037
1.872 0.3968091269664423
1.876 0.3888067174394355
1.88 0.3843228876003822
1.884 0.3840984897844077
1.888 0.38870647411650816
1.892 0.3983940261865794
1.896 0.4127351573302049
1.9 0.4309132234063083
1.904 0.4513968072976055
1.908 0.4723531453265117
1.912 0.49228505935885586
1.916 0.5099578528090407
1.92 0.5243831062415133
1.924 0.5349948787982246
1.928 0.5415239373285776
1.932 0.5442716560770411
1.936 0.5439150866958353
1.94 0.5414479989047598
1.944 0.5380066430270658
1.948 0.5345306914964035
1.952 0.5315826596495036
1.956 0.5294356475842469
1.96 0.5281695332989267
1.964 0.5276931871329834
1.968 0.5277626648873377
1.972 0.5281838007810519
1.976 0.5287941840060166
1.98 0.5294286790806513
1.984 0.5299417635639915
1.988 0.5302444179440196
1.992 0.530307388444649
1.996 0.530143558817394
2.0 0.5296578374727996
2.004 0.5289249297172918
2.008 0.5279751739840982
2.012 0.5267993456924753
2.016 0.5254661291483695
2.02 0.5239814567174824
2.024 0.5224324992931862
2.028 0.5208470225422942
2.032 0.5191814522789113
2.036 0.517547265871064
2.04 0.5159728115062528
2.044 0.5144249197195935
2.048 0.5129540700087235
2.052 0.5115973409946837
2.056 0.5103680163674629
2.06 0.509288248799833
2.064 0.5083233552850396
2.068 0.507574816324164
2.072 0.5070244659424835
2.076 0.5066544928108446
2.08 0.5064282317443138
2.084 0.5063510486995472
2.088 0.5063574863477056
2.092 0.5064094748051146
2.096 0.5064304249108013
2.1 0.5064405463136773
2.104 0.506335042597004
2.108 0.5060893535049045
2.112 0.5056258450840255
2.116 0.5049309981754905
2.12 0.5040708504624871
2.124 0.5029367397374587
2.128 0.5015964957319813
2.132 0.4999959870622888
2.136 0.4981155122672517
2.14 0.4958965892159625
2.144 0.4932639388380194
2.148 0.49016710242128
2.152 0.486635342185904
2.156 0.48254616740523537
2.16 0.4781072565694857
2.164 0.4735383297356773
2.168 0.4691453412352053
2.172 0.46530829442460864
2.176 0.46253229974160204
2.18 0.461171590590871
2.184 0.4615873183899225
2.188 0.46395780425864436
2.192 0.46833793109605304
2.196 0.47451226622415565
2.2 0.482037195478903
2.204 0.4903961747399058
2.208 0.4989935441752503
2.212 0.5070692743423985
2.216 0.5140478099263902
2.22 0.519463466676393
2.224 0.5230516817063168
2.228 0.5246413202689301
2.232 0.5244359027821845
2.236 0.5227135342890913
2.24 0.519818057848274
2.244 0.5160775289217129
2.248 0.5118591449352492
2.252 0.507588934900271
2.256 0.5034714583644988
2.26 0.4996838333450432
2.264 0.49633998630786247
2.268 0.49340255815587886
2.272 0.4908287565131672
2.276 0.48865862915041214
2.28 0.4868254404067065
2.284 0.4853958766921038
2.288 0.4842155127723852
2.292 0.48333752741129526
2.296 0.4826385749163577
2.3 0.48207149554404516
2.304 0.4816111762980347
2.308 0.48125057726055237
2.312 0.48081184247276787
2.316 0.4803217601066277
2.32 0.47972512494320757
2.324 0.47911198495795676
2.328 0.47843960296906735
2.332 0.4777474581702711
2.336 0.4771513934466376
2.34 0.4766215668639989
2.344 0.47612874920229736
2.348 0.4757204378974482
2.352 0.47544513625790985
2.356 0.4752186887902126
2.36 0.47511883925889875
2.364 0.4750041834002677
2.368 0.47501637404660796
2.372 0.47497438743276704
2.376 0.4749040576085551
2.38 0.47484536980573216
2.384 0.47478413903096295
2.388 0.4746836146265041
2.392 0.47459339327204764
2.396 0.4745078472285222
2.4 0.47440597575785354
2.404 0.47429219621732993
2.408 0.4741741214991522
2.412 0.47411144720673026
2.416 0.4740197717178471
2.42 0.47395468912104616
2.424 0.47386063066027956
2.428 0.47386051552359015
2.432 0.47389508261994817
2.436 0.4740374825596742
2.44 0.47422484065110854
2.444 0.47453193126442683
2.448 0.47485592177685687
2.452 0.4751883436224757
2.456 0.4756181318681319
2.46 0.4761250750050003
2.464 0.47668533275899194
2.468 0.44891148668003433
2.472 0.41760073400107034
2.476 0.3819871196106386
2.48 0.34115966060435005
2.484 0.2939650073457862
2.488 0.238963033686876
2.492 0.17382603752131895
2.496 0.0956124268528518
2.5 0.0
