0.4 1.0
0.401 1.0
0.402 0.9008814793523043
0.403 0.8196771245811757
0.404 0.7520483224687519
0.405 0.6947774917248989
0.406 0.6457018052759104
0.407 0.6031286303092028
0.408 0.5658926282528989
0.409 0.5330866377920749
0.41 0.5039751306303327
0.411 0.503949384477202
0.412 0.5040025320796022
0.413 0.5040871934604905
0.414 0.5041273429900892
0.415 0.5041667213480492
0.416 0.5040821942941015
0.417 0.5040240790420729
0.418 0.5039974917698699
0.419 0.5039196504271832
0.42 0.5039452097601625
0.421 0.5039460169282176
0.422 0.5038492995962455
0.423 0.5038350910834132
0.424 0.5038742642778604
0.425 0.5039511401492652
0.426 0.5040869475529886
0.427 0.5041519150305761
0.428 0.504253295983141
0.429 0.504317479054132
0.43 0.5042969300324031
0.431 0.504360502288944
0.432 0.5043865810208539
0.433 0.5042895203130776
0.434 0.5042508781754315
0.435 0.5042362654811051
0.436 0.5042287453242884
0.437 0.5041468819246597
0.438 0.5040630884527406
0.439 0.5039876836101156
0.44 0.5039620050643117
0.441 0.5039615665165883
0.442 0.5039000188406707
0.443 0.5038005167699371
0.444 0.5036456114855553
0.445 0.5034337824145307
0.446 0.5033533577289587
0.447 0.5032749048718108
0.448 0.5031949478719031
0.449 0.5031598328025478
0.45 0.5029756358169643
0.451 0.502896627011202
0.452 0.5030226450621872
0.453 0.5031481550203486
0.454 0.5033233673494601
0.455 0.5033995138263349
0.456 0.5033579376717477
0.457 0.5035382438003815
0.458 0.5035881051855493
0.459 0.5037361504766812
0.46 0.5039516731813113
0.461 0.5039341173015504
0.462 0.5039034342891351
0.463 0.503896864213492
0.464 0.5039209001022844
0.465 0.5041266059729431
0.466 0.5041755680714702
0.467 0.504168787416079
0.468 0.5042220125329656
0.469 0.5041966064851157
0.47 0.5042788612202589
0.471 0.504332964228973
0.472 0.5043859649122807
0.473 0.5043608661747946
0.474 0.504294184584057
0.475 0.5042078083534559
0.476 0.5042135166750221
0.477 0.5041358760429082
0.478 0.5040279876720968
0.479 0.5039269970651489
0.48 0.503842322470471
0.481 0.5038247483718177
0.482 0.5038064165307232
0.483 0.5037594872460722
0.484 0.5037015206884357
0.485 0.5036713657009719
0.486 0.5037300720168234
0.487 0.5038184057715995
0.488 0.5038827787343195
0.489 0.5039010866895156
0.49 0.5038710807496936
0.491 0.5039117609336925
0.492 0.5039861271138112
0.493 0.504107456165832
0.494 0.504160139251523
0.495 0.5041242846219791
0.496 0.504122960204471
0.497 0.5040646651270208
0.498 0.5040636347916306
0.499 0.5041152973949881
0.5 0.5041313766275556
0.501 0.5041190508972417
0.502 0.5040371995006471
0.503 0.5040637395548748
0.504 0.5040863848050406
0.505 0.5040912613392897
0.506 0.5041124876284085
0.507 0.5041911814815656
0.508 0.5042179740118375
0.509 0.5041890270135634
0.51 0.5041426940510235
0.511 0.504102662498166
0.512 0.50399540162521
0.513 0.5039541031554081
0.514 0.5039816697179698
0.515 0.5039975779051122
0.516 0.5039237856415194
0.517 0.5038005812653701
0.518 0.5037163519485738
0.519 0.5037110506842598
0.52 0.5037275235891046
0.521 0.503821542836829
0.522 0.503827974169496
0.523 0.5036891784099973
0.524 0.5035624986170425
0.525 0.5034414185494117
0.526 0.5034252997826784
0.527 0.5034593689405958
0.528 0.5034271065978679
0.529 0.503416831465612
0.53 0.5033242638346426
0.531 0.5032748461150905
0.532 0.5032925682031985
0.533 0.5033698537363321
0.534 0.5035016144515227
0.535 0.5035083131768757
0.536 0.5035248808720817
0.537 0.5036009515636711
0.538 0.5035747219962029
0.539 0.5035967326067645
0.54 0.5036031162086128
0.541 0.5035652549697494
0.542 0.5035552822106409
0.543 0.5034748785139372
0.544 0.5034746127366609
0.545 0.503475766333953
0.546 0.5033906307002296
0.547 0.503315799059363
0.548 0.5032958801498127
0.549 0.5032486268139947
0.55 0.5032446047772535
0.551 0.5031976124493711
0.552 0.5032834867755841
0.553 0.5034061321005366
0.554 0.5034743955612608
0.555 0.5036753023915944
0.556 0.5038704765127641
0.557 0.5039489800228069
0.558 0.5041328413284133
0.559 0.5042894285323313
0.56 0.5044561219127693
0.561 0.5045286147581415
0.562 0.5044071562575331
0.563 0.5042439846358338
0.564 0.5039406292463677
0.565 0.5036686810491489
0.566 0.5034701959149646
0.567 0.5032628040340124
0.568 0.5030554343081624
0.569 0.5028227480282275
0.57 0.5025958818226096
0.571 0.5025249912039241
0.572 0.5024964594725907
0.573 0.5024886410574143
0.574 0.5025536788452213
0.575 0.5026230893705615
0.576 0.5026303056507819
0.577 0.5026740717885426
0.578 0.5027070898014115
0.579 0.5027299971263188
0.58 0.502717112683277
0.581 0.5027289949311351
0.582 0.5028534026059032
0.583 0.5029976815205958
0.584 0.5030354355212276
0.585 0.5030013962352605
0.586 0.502992792866159
0.587 0.5030452775320542
0.588 0.5030619395330415
0.589 0.5030385423113212
0.59 0.5030256342682222
0.591 0.5029210752797043
0.592 0.5027608664873283
0.593 0.5026258382483639
0.594 0.5026330125295079
0.595 0.5026151629060053
0.596 0.502547065337763
0.597 0.5024588432877097
0.598 0.5024658249716254
0.599 0.5025133695205032
0.6 0.5025211263369989
0.601 0.5025039562508764
0.602 0.5025067798136676
0.603 0.5025289378461046
0.604 0.5025012731030765
0.605 0.5024292911657605
0.606 0.5023974002412352
0.607 0.5023159446563935
0.608 0.5021892289933526
0.609 0.5020877241818109
0.61 0.5019868865487781
0.611 0.5019111062575079
0.612 0.5017265673063566
0.613 0.501541756313269
0.614 0.5014463751461236
0.615 0.5014502796614364
0.616 0.5014787778074522
0.617 0.5014582159345928
0.618 0.5014423456887694
0.619 0.5014707914634869
0.62 0.5015634710042712
0.621 0.5016461960057568
0.622 0.5017441860465117
0.623 0.5017728750123116
0.624 0.5017423317714691
0.625 0.5016626330598352
0.626 0.5016073061156279
0.627 0.5015918247027612
0.628 0.5015124135763671
0.629 0.5013936871859297
0.63 0.5013044331110239
0.631 0.5013424265584886
0.632 0.5013856654621659
0.633 0.5013897860512458
0.634 0.5014134655828466
0.635 0.5014616309650675
0.636 0.5015191332636453
0.637 0.5016498750390502
0.638 0.5017416503234493
0.639 0.5018430034129693
0.64 0.5018129008362737
0.641 0.5017916958790996
0.642 0.5018001362265253
0.643 0.5018524100778888
0.644 0.5018803385581155
0.645 0.501830825862722
0.646 0.5017712084008658
0.647 0.5017115483451801
0.648 0.5016668281810254
0.649 0.5016268980477224
0.65 0.5016214123227336
0.651 0.5015813755549323
0.652 0.5015513091889697
0.653 0.5015549245716713
0.654 0.5015922952211843
0.655 0.5016925940571142
0.656 0.5017059254404566
0.657 0.501733502831388
0.658 0.5018236409303937
0.659 0.5019087089050646
0.66 0.5019462732471528
0.661 0.501916113602966
0.662 0.5019005932154582
0.663 0.501856097303623
0.664 0.5017876484515035
0.665 0.5017575786600258
0.666 0.5016943636085158
0.667 0.5015928593978705
0.668 0.5014913387633361
0.669 0.5014422709559104
0.67 0.5014652958752159
0.671 0.5014548611442363
0.672 0.5014778231188741
0.673 0.5014389174766534
0.674 0.5014380678463267
0.675 0.5014750385413296
0.676 0.5015170682062452
0.677 0.5015448677117895
0.678 0.5015251289945551
0.679 0.5015002753669978
0.68 0.5015135268496816
0.681 0.50155518045783
0.682 0.5015872414217892
0.683 0.5016101229376219
0.684 0.5015950246589866
0.685 0.5015465526537329
0.686 0.501569176088025
0.687 0.5015965989607937
0.688 0.5015864921525298
0.689 0.50151955602537
0.69 0.5014197711385526
0.691 0.5012964726514987
0.692 0.5011873798484678
0.693 0.5011961271850512
0.694 0.5012189726743036
0.695 0.5011947318908748
0.696 0.5012173455287229
0.697 0.5012634209117295
0.698 0.5013565654953577
0.699 0.5014589294928931
0.7 0.5015987622485818
0.701 0.5017804932903516
0.702 0.5018685548905559
0.703 0.501867470443419
0.704 0.5018197127754128
0.705 0.5017814560246878
0.706 0.5016915887850467
0.707 0.5015971158516084
0.708 0.5015819388316985
0.709 0.5015109121432568
0.71 0.5014027794606989
0.711 0.5012992334988032
0.712 0.5012936971817876
0.713 0.5013532491931659
0.714 0.5014221974344675
0.715 0.5014864915084173
0.716 0.5015599175472154
0.717 0.50153609118163
0.718 0.5015118910696398
0.719 0.5015665263899446
0.72 0.5015843602334847
0.721 0.501523444373443
0.722 0.5014347600710901
0.723 0.5013551890326818
0.724 0.501317358626619
0.725 0.5012704308377453
0.726 0.5012050417840159
0.727 0.5012230355280283
0.728 0.5011026324773707
0.729 0.501000580982506
0.73 0.5010460925907151
0.731 0.5011192895505338
0.732 0.5011097501450503
0.733 0.50108623609986
0.734 0.5010259571766394
0.735 0.500965819198646
0.736 0.5009653752091646
0.737 0.5010016541077008
0.738 0.5010657063060414
0.739 0.5010744985673352
0.74 0.5009821920323113
0.741 0.5009586892103888
0.742 0.5010087671031876
0.743 0.5010129343930185
0.744 0.501117768860059
0.745 0.5011220928634894
0.746 0.5011170115363487
0.747 0.5011026821255685
0.748 0.5010611826697892
0.749 0.50105621244959
0.75 0.5010604647761139
0.751 0.5010051904378975
0.752 0.5010001552752481
0.753 0.500945058758001
0.754 0.5009124920156949
0.755 0.5009259343726908
0.756 0.5008618095264151
0.757 0.5008386202873186
0.758 0.5008702783979587
0.759 0.5008335838640028
0.76 0.5008105941928668
0.761 0.5008376124403656
0.762 0.5008236032871326
0.763 0.5008007279344859
0.764 0.5007639280452537
0.765 0.50085900500859
0.766 0.5008815296811951
0.767 0.5008720930232557
0.768 0.5009080507781996
0.769 0.500975809013752
0.77 0.5009937110342763
0.771 0.5009570810389092
0.772 0.5009702751228713
0.773 0.5010108885846654
0.774 0.5009471156024834
0.775 0.5009193590753874
0.776 0.5009552611801777
0.777 0.5009819982079664
0.778 0.5009544315478076
0.779 0.5009539655125643
0.78 0.5010213489036317
0.781 0.5010661558756031
0.782 0.5010746861735753
0.783 0.5011149328783323
0.784 0.5011372251705838
0.785 0.501118588413589
0.786 0.5011091273061733
0.787 0.5011175802584855
0.788 0.5011576055132652
0.789 0.5011031365097661
0.79 0.5010396507493586
0.791 0.5012142034825154
0.792 0.5014197908055066
0.793 0.5016653648989559
0.794 0.5019420349655996
0.795 0.5021865758580517
0.796 0.5024932632653245
0.797 0.5027500290653479
0.798 0.5031038702358942
0.799 0.5035862118184413
0.8 0.5038329203287397
0.804 0.5038506396958662
0.808 0.5038809314235416
0.812 0.5038842967869098
0.816 0.5038789243631915
0.82 0.503877684721214
0.824 0.5038101131541726
0.828 0.5037823619239291
0.832 0.50359572742976
0.836 0.5033957350974735
0.84 0.5034175569299971
0.844 0.5034352049277423
0.848 0.503365055996635
0.852 0.5033385548389355
0.856 0.5032558627380713
0.86 0.5032251307072593
0.864 0.5032035356573131
0.868 0.5031730141458106
0.872 0.503208081932152
0.876 0.5031993123865915
0.88 0.5031776997442234
0.884 0.5032123437121186
0.888 0.503260230378083
0.892 0.5032859795327951
0.896 0.5033554152434185
0.9 0.5033552421890478
0.904 0.5033938111337652
0.908 0.5034021787690299
0.912 0.5034104071039424
0.916 0.5033972804619959
0.92 0.5033929197936009
0.924 0.5033584002734575
0.928 0.5033708824031404
0.932 0.5033237880957251
0.936 0.5032982933991573
0.94 0.5032728076439186
0.944 0.5032007742987162
0.948 0.5031501471199261
0.952 0.503124788293476
0.956 0.5031039090647677
0.96 0.5030873843814673
0.964 0.503020536271747
0.968 0.5029577322367534
0.972 0.5029415477843706
0.976 0.5028961992114268
0.98 0.5028467300393
0.984 0.5028268966211455
0.988 0.5027653476796219
0.992 0.5027035623409669
0.996 0.5026711590071147
1.0 0.5026513348531537
1.004 0.5026901228697981
1.008 0.5027077917749784
1.012 0.5027129138025731
1.016 0.5027307868157447
1.02 0.5027610087438864
1.024 0.5027911644920744
1.028 0.5028133882475782
1.032 0.502835194490203
1.036 0.5028526542086985
1.04 0.5028330249768732
1.044 0.5027435577962424
1.048 0.5026541815723965
1.052 0.5026059892466921
1.056 0.5025458374118827
1.06 0.5025306471226214
1.064 0.5025032419034486
1.068 0.5025007789311425
1.072 0.5024368667218204
1.076 0.5023688926347487
1.08 0.5023623463248758
1.084 0.5024335668904241
1.088 0.502500509891903
1.092 0.5025345133897283
1.096 0.502589028381613
1.1 0.5025862068965518
1.104 0.5025794763053776
1.108 0.5026173336471429
1.112 0.5026796066126691
1.116 0.5027537499595036
1.12 0.5027871491792271
1.124 0.5028122121119066
1.128 0.5028411842572564
1.132 0.5028500020155602
1.136 0.502906976744186
1.14 0.502963814916394
1.144 0.5030247037557742
1.148 0.5030412453859733
1.152 0.5030657636356349
1.156 0.5030541745722955
1.16 0.5030665525871788
1.164 0.5030708164618124
1.168 0.5030749718825528
1.172 0.5030832722521431
1.176 0.5030594788144023
1.18 0.5030633895153408
1.184 0.5030792673248469
1.188 0.5031031776856557
1.192 0.5031427123903613
1.196 0.5031469913813553
1.2 0.5031510614101592
1.204 0.5031315569438528
1.208 0.5030845959297516
1.212 0.5030574421368255
1.216 0.5030224898398749
1.22 0.5029950932286555
1.224 0.5029209958831601
1.228 0.502839373692909
1.232 0.5027343780561271
1.236 0.5026534839188713
1.24 0.5024949047719446
1.244 0.5024027959807776
1.248 0.5022877676532259
1.252 0.5021767404188376
1.256 0.5019729315349952
1.26 0.5017613985426663
1.264 0.5015814792076284
1.268 0.5014096320976723
1.272 0.5012225318440438
1.276 0.5011286506612884
1.28 0.5010235414534289
1.284 0.5008796608461795
1.288 0.5007205727391062
1.292 0.5006002307984232
1.296 0.500557534458727
1.3 0.5004761278035411
1.304 0.5004334499520109
1.308 0.5003753376103763
1.312 0.500348200191897
1.316 0.5002784696545428
1.32 0.5002900164729356
1.324 0.5003247305509594
1.328 0.5004058598430674
1.332 0.5004212365030415
1.336 0.5004520830596364
1.34 0.5005022407664967
1.344 0.5005716227907552
1.348 0.5006024561674519
1.352 0.5006679588259368
1.356 0.5006639798644246
1.36 0.5006214344714719
1.364 0.5005711198579919
1.368 0.5005478310519899
1.372 0.5005554098461823
1.376 0.5005283251706452
1.38 0.5004511556525562
1.384 0.5003623802988482
1.388 0.5003315036388308
1.392 0.5002851725679406
1.396 0.500285124221688
1.4 0.5003043635719184
1.404 0.5003120208938435
1.408 0.5002888637256487
1.412 0.5002541511352083
1.416 0.5002579721082097
1.42 0.5002926228245803
1.424 0.5002772130844577
1.428 0.5002656564023193
1.432 0.5002117420596728
1.436 0.5001616827322842
1.44 0.5001154841093864
1.444 0.5000615877317238
1.448 0.5000423386320774
1.452 0.5000307886513032
1.456 0.5000423282052072
1.46 0.5000461723150799
1.464 0.5000692552749435
1.468 0.5001192610431878
1.472 0.5001654189716326
1.476 0.5002077242652716
1.48 0.5002692556235959
1.484 0.5003000230786984
1.488 0.5003038578406862
1.492 0.500303834467905
1.496 0.5002999400119975
1.5 0.5002999123333178
1.504 0.5002845147101795
1.508 0.5002844578387354
1.512 0.5002805771433404
1.516 0.5002574922560165
1.52 0.5002536042544036
1.524 0.5002766251728907
1.528 0.5002958102511696
1.532 0.5002765911675221
1.536 0.5002381574297435
1.54 0.5002074210647615
1.544 0.5001651775082012
1.548 0.5000998678671297
1.552 0.5000768155351738
1.556 0.5000384089477484
1.56 0.5000038405112489
1.564 0.4999539170506913
1.568 0.4999270403735533
1.572 0.4999654428309233
1.576 0.5000230354592502
1.58 0.500084455568693
1.584 0.5001458800405393
1.588 0.500203453332412
1.592 0.500245651205994
1.596 0.5002878791368232
1.6 0.5003108856017747
1.604 0.5003530856616518
1.608 0.5003837593061631
1.612 0.5003530260471827
1.616 0.500322273717811
1.62 0.5003222044924511
1.624 0.5003528310859527
1.628 0.5003642665971365
1.632 0.5003795168252458
1.636 0.5004139643990616
1.64 0.5004215722344861
1.644 0.5004023697663189
1.648 0.5003869998697228
1.652 0.5003984735398244
1.656 0.5003563191086658
1.66 0.5002528696878209
1.664 0.5001570796968745
1.668 0.5000689591761678
1.672 0.49996935335580767
1.676 0.49992722258398137
1.68 0.4998544462830178
1.684 0.49985828641464636
1.688 0.49982381689212996
1.692 0.49980850542312644
1.696 0.49984297564973607
1.7 0.4999004151920455
1.704 0.4999387123463978
1.708 0.49996552278943623
1.712 0.49993869543894065
1.716 0.4999386973180076
1.72 0.4999271913487994
1.724 0.4998850380907126
1.728 0.4999003632907706
1.732 0.49990419767468597
1.736 0.4998658767445604
1.74 0.49986971383026013
1.744 0.4998773796020968
1.748 0.49989653983216464
1.752 0.4999731745265304
1.756 0.49998850407339
1.76 0.5000651455812136
1.764 0.5001072994267145
1.768 0.5000958052623915
1.772 0.5001072961373391
1.776 0.5001571085888583
1.78 0.5001149619092874
1.784 0.500095802325314
1.788 0.5000421556078455
1.792 0.49998466986555484
1.796 0.4999118469970487
1.8 0.49984285528121236
1.804 0.49978918964499536
1.808 0.4997239814147486
1.812 0.499597401900263
1.816 0.4995437291514896
1.82 0.49954751131221725
1.824 0.4995359753338294
1.828 0.49955893069458834
1.832 0.4995588562485136
1.836 0.4995664484841044
1.84 0.4995587005073026
1.844 0.4996239331982562
1.848 0.4997275162530798
1.852 0.499857977445283
1.856 0.49988100264865076
1.86 0.4999424215205325
1.864 0.4999846456209312
1.868 0.5000230315686034
1.872 0.5000460687960687
1.876 0.5001036603625809
1.88 0.500153583879836
1.884 0.5001305362737268
1.888 0.5001113320690105
1.892 0.5000806172981689
1.896 0.500049909012032
1.9 0.4999808042261416
1.904 0.49995009175439
1.908 0.49993857776822326
1.912 0.4999577705945133
1.916 0.4999347373755212
1.92 0.4998771404438302
1.924 0.4998233758255261
1.928 0.4997964935453895
1.932 0.4997849627524768
1.936 0.4998387195871222
1.94 0.4998886354385076
1.944 0.49993087982305234
1.948 0.4999846420837621
1.952 0.5000307130023495
1.956 0.5001343456598675
1.96 0.5002878570386803
1.964 0.5004604970297942
1.968 0.500594694557202
1.972 0.5007173491073416
1.976 0.5008321637023232
1.98 0.5009392803195853
1.984 0.5010003756199646
1.988 0.5010536640689058
1.992 0.5011108046822332
1.996 0.5011141997289164
2.0 0.5010793845211666
2.004 0.5010292080836835
2.008 0.500990568563408
2.012 0.500952002263395
2.016 0.5008904481285302
2.02 0.5008518798658385
2.024 0.5008401307548956
2.028 0.5008092591461553
2.032 0.5007403449854984
2.036 0.5007171959165612
2.04 0.5007284348947011
2.044 0.5007015617374329
2.048 0.5006747021018686
2.052 0.5006364668846661
2.056 0.5005791888308007
2.06 0.5005219166914292
2.064 0.5004875076173065
2.068 0.5005063618850368
2.072 0.5005747345183268
2.076 0.5006239632318252
2.08 0.5007187240936091
2.084 0.5008248629663137
2.088 0.5009498768959543
2.092 0.5010635065329687
2.096 0.5011808841062871
2.1 0.501275432736107
2.104 0.5012827713934388
2.108 0.5012330503008643
2.112 0.5011001016645675
2.116 0.5009633180618344
2.12 0.5007166637595649
2.124 0.5005042195212568
2.128 0.5002198568655992
2.132 0.499950722857771
2.136 0.49965504431353813
2.14 0.49943141327915336
2.144 0.4992417579084649
2.148 0.4990900266925504
2.152 0.4989569188520797
2.156 0.49885041771950195
2.16 0.49877778452568927
2.164 0.49878131193099423
2.168 0.4988112328996042
2.172 0.4988829787234043
2.176 0.4989775051124745
2.18 0.4990380447594351
2.184 0.4991365998006952
2.188 0.49920485759722427
2.192 0.49939491730536517
2.196 0.4995584921746545
2.2 0.49969541446476706
2.204 0.4997829745432947
2.208 0.4999200395994365
2.212 0.5000190387705523
2.216 0.5001256616275085
2.22 0.500236078956988
2.224 0.5003236492403762
2.228 0.5003693521487157
2.232 0.5003845304540505
2.236 0.5004339022273648
2.24 0.5005099710762673
2.244 0.500528907254781
2.248 0.5005173856805905
2.252 0.5005362970400968
2.256 0.5005400060845756
2.26 0.5005588461158295
2.264 0.500570125427594
2.268 0.5005738870012694
2.272 0.5005699954400364
2.276 0.5005508072174739
2.28 0.5005848042045143
2.284 0.5006567209505371
2.288 0.5007361870066789
2.292 0.5007776757736925
2.296 0.5008267597087379
2.3 0.5009021575970767
2.304 0.5009700203098002
2.308 0.5010720265468623
2.312 0.5011134339211053
2.316 0.5010979857640466
2.32 0.5010409017615843
2.324 0.5009195419697118
2.328 0.5008209062502363
2.332 0.5007563838799467
2.336 0.5006466055101378
2.34 0.5004951804951805
2.344 0.5003665661444044
2.348 0.500253130123996
2.352 0.5001473288152496
2.356 0.500075545818539
2.36 0.5000604284376228
2.364 0.5000566512323532
2.368 0.5000302123931236
2.372 0.4999622350790797
2.376 0.5
2.38 0.5
2.384 0.5000339840652493
2.388 0.5000792865718752
2.392 0.5001472420432665
2.396 0.5001698946653075
2.4 0.5001849712728289
2.404 0.5002302494998678
2.408 0.5003094666606284
2.412 0.5003811637192522
2.416 0.5004037522545979
2.42 0.500407504112773
2.424 0.500381060177325
2.428 0.5003545938768427
2.432 0.500369610475817
2.436 0.5004185804466367
2.44 0.5004373463632387
2.444 0.5005012852501526
2.448 0.5005839229071073
2.452 0.5007380296115554
2.456 0.5009520798994483
2.46 0.5012297948837524
2.464 0.501589639907102
2.468 0.4723022326898901
2.472 0.4393214551355737
2.476 0.40193073858412504
2.48 0.35913208057320534
2.484 0.309611945264734
2.488 0.251720370766649
2.492 0.18318735181750057
2.496 0.10088074782514725
2.5 0.0
