2.5 1.0
2.499 1.0
2.498 0.9017407182473767
2.497 0.8211377536967098
2.496 0.7536792331554837
2.495 0.6969535824085524
2.494 0.6480718543315797
2.493 0.6057196956512287
2.492 0.568492256069176
2.491 0.5356264127589921
2.49 0.5064888094371169
2.489 0.5063273501357509
2.488 0.5062888563348523
2.487 0.5064270100206183
2.486 0.5062191292835678
2.485 0.506257708983727
2.484 0.5062209242017858
2.483 0.5062389378558761
2.482 0.5063218706144056
2.481 0.5063248313776811
2.48 0.5064302628527043
2.479 0.5064883269089667
2.478 0.5063688216193191
2.477 0.5063285852165654
2.476 0.5062915042635167
2.475 0.5062441057904714
2.474 0.5062435304195156
2.473 0.5061508829108347
2.472 0.5060837270113544
2.471 0.5059610161829776
2.47 0.5057277431497986
2.469 0.5055899986900205
2.468 0.5055310065000923
2.467 0.5054112109163443
2.466 0.505282477900306
2.465 0.5051621162187048
2.464 0.5049893275859559
2.463 0.5049453723939992
2.462 0.504795847835389
2.461 0.50472541248348
2.46 0.5045961586442366
2.459 0.5045090965396354
2.458 0.5045050561924743
2.457 0.5043598310769357
2.456 0.5042125535293392
2.455 0.5041279058294548
2.454 0.5039566734483495
2.453 0.5038176054146609
2.452 0.5037571010369575
2.451 0.5037653004701647
2.45 0.5037399170643037
2.449 0.5035892449882564
2.448 0.5035159760146178
2.447 0.5035571105302004
2.446 0.5035494490214096
2.445 0.5035604138644448
2.444 0.503624532606215
2.443 0.5036411391282676
2.442 0.5035832353197749
2.441 0.5034977758449442
2.44 0.5034435059245941
2.439 0.5035011570317267
2.438 0.5033959088734616
2.437 0.5033861668240999
2.436 0.5034318262068518
2.435 0.5034787256665423
2.434 0.5035125576774192
2.433 0.5035612546892476
2.432 0.5036720409024859
2.431 0.5037554084879544
2.43 0.5038089474268774
2.429 0.5038777807967654
2.428 0.5039604112176864
2.427 0.5039772891197738
2.426 0.5039451201642774
2.425 0.5038411616105534
2.424 0.5038094480876377
2.423 0.5038019299862799
2.422 0.5037349830953017
2.421 0.5037177334436556
2.42 0.5037339136120877
2.419 0.5037288594257215
2.418 0.5036920117060482
2.417 0.5036917434114874
2.416 0.5037393649462143
2.415 0.5038223356978551
2.414 0.5038527521203915
2.413 0.5039590966648785
2.412 0.5040546029514636
2.411 0.5041116861708496
2.41 0.504125556355719
2.409 0.5041583349067437
2.408 0.5042341996684424
2.407 0.5042872241907963
2.406 0.5042484764537939
2.405 0.5042087740010385
2.404 0.5041575543710952
2.403 0.5040608586825337
2.402 0.5040051468129333
2.401 0.5040289499021368
2.4 0.5040251496286513
2.399 0.5040199228312225
2.398 0.5040445241970188
2.397 0.5041154382077303
2.396 0.5041955852102377
2.395 0.504273229404427
2.394 0.5043675953146041
2.393 0.5044341643888053
2.392 0.5044574322133438
2.391 0.5045234354373391
2.39 0.5045985576696501
2.389 0.50466058587297
2.388 0.5046917973022775
2.387 0.5047460630476513
2.386 0.5048269253693023
2.385 0.5048991608720956
2.384 0.5049931340354108
2.383 0.5051095297704888
2.382 0.5052413222339094
2.381 0.505332287715534
2.38 0.5054624634559559
2.379 0.5056091450969591
2.378 0.5057482632951722
2.377 0.5058701000872663
2.376 0.5060258130309805
2.375 0.5062312686250897
2.374 0.5064016221835059
2.373 0.5065556965280632
2.372 0.5067086865483089
2.371 0.5068553661675212
2.37 0.5070084864305089
2.369 0.5071950306414477
2.368 0.5073941543514189
2.367 0.5075339945008465
2.366 0.5076297694625712
2.365 0.5077158278938544
2.364 0.5078124098442116
2.363 0.5079555029155055
2.362 0.5080740834436777
2.361 0.5081540926812534
2.36 0.5081688943651894
2.359 0.5081529514358949
2.358 0.5081646611865865
2.357 0.5082291260742177
2.356 0.5082939574926961
2.355 0.508347959357745
2.354 0.508355497081324
2.353 0.5083246922598726
2.352 0.5082854145677999
2.351 0.5082579234259988
2.35 0.5082247788347378
2.349 0.5081744147394824
2.348 0.5080567345611839
2.347 0.5079070617216851
2.346 0.5077453999851115
2.345 0.5075689489067782
2.344 0.5073936556826496
2.343 0.5071908077660935
2.342 0.5069757457813463
2.341 0.5067834709361628
2.34 0.5066147844887025
2.339 0.5064244645369573
2.338 0.5062129613306902
2.337 0.5059696248585572
2.336 0.5057047285928772
2.335 0.505492529140619
2.334 0.5053087911397186
2.333 0.5051638638026665
2.332 0.505018779477402
2.331 0.5048413570989129
2.33 0.5046570912731015
2.329 0.5045017980796183
2.328 0.5043721876653405
2.327 0.5043047418583549
2.326 0.5042265678936848
2.325 0.5040934156532102
2.324 0.5039381434158448
2.323 0.5037929694655865
2.322 0.5036253520181546
2.321 0.5034826960400068
2.32 0.5033699896601753
2.319 0.5032875178739229
2.318 0.5031682525567331
2.317 0.5030251319664495
2.316 0.5029276110969294
2.315 0.5028413107348112
2.314 0.5027684020864952
2.313 0.5026998836473503
2.312 0.5026517194678704
2.311 0.5025863791794943
2.31 0.5024885349475866
2.309 0.5023774974697792
2.308 0.502283300058369
2.307 0.5021969597259422
2.306 0.5021176073580743
2.305 0.5020121399887547
2.304 0.5019035450842552
2.303 0.5017733657923389
2.302 0.5016738041906512
2.301 0.5015753634735146
2.3 0.5014869965555697
2.299 0.501402384185943
2.298 0.5013497921908673
2.297 0.5012871808222946
2.296 0.5011916886940708
2.295 0.5011196764243068
2.294 0.5010676892660453
2.293 0.5010250143768397
2.292 0.5009632003456719
2.291 0.5009161741487052
2.29 0.5008677796248716
2.289 0.5007761161184582
2.288 0.5006906585522218
2.287 0.5006221443198091
2.286 0.5005648922310064
2.285 0.5005608482407845
2.284 0.5004990995377914
2.283 0.5004267164489947
2.282 0.5003603684215411
2.281 0.500317110702109
2.28 0.5002965817566735
2.279 0.500259540380871
2.278 0.5002308640892587
2.277 0.5002000787345826
2.276 0.5001017276814067
2.275 0.49998341039706606
2.274 0.4998970238885726
2.273 0.4998640655230574
2.272 0.49978719153237267
2.271 0.4997009280207288
2.27 0.49959231225147516
2.269 0.4995425030785227
2.268 0.499484476071126
2.267 0.499424327559656
2.266 0.4993977793471983
2.265 0.49938110084167875
2.264 0.499318936716479
2.263 0.4992365284152632
2.262 0.49919843078049986
2.261 0.4991942354459298
2.26 0.49914365205570016
2.259 0.4990905592385496
2.258 0.49902968004566
2.257 0.4989843861241853
2.256 0.4989815053364758
2.255 0.4989126766957189
2.254 0.4989120623804466
2.253 0.4988527416233075
2.252 0.4987697974284392
2.251 0.49868037943428
2.25 0.49858414725050915
2.249 0.4985410986647824
2.248 0.4984885319625219
2.247 0.4984004322839267
2.246 0.4983322388519938
2.245 0.4983049910011928
2.244 0.49824934261254283
2.243 0.49827287703766265
2.242 0.49828614497538004
2.241 0.4982993264822676
2.24 0.49834339424969576
2.239 0.4983501987249328
2.238 0.49833558671209394
2.237 0.4983881726828738
2.236 0.4983809414688748
2.235 0.49847876162608734
2.234 0.4985195677080932
2.233 0.49854675943435733
2.232 0.4986157443915662
2.231 0.49867277231104523
2.23 0.4987584986105763
2.229 0.49888964420854953
2.228 0.4990251010042449
2.227 0.49917999530238505
2.226 0.49932585231638565
2.225 0.49940975568251156
2.224 0.4995832653023503
2.223 0.4998011793993361
2.222 0.4999515880468615
2.221 0.5001607412675593
2.22 0.5003257722890596
2.219 0.5005230109817291
2.218 0.5007022907110169
2.217 0.500846702876281
2.216 0.5010668175356583
2.215 0.5012501366868402
2.214 0.5013838770464427
2.213 0.5015400180797256
2.212 0.5016910775610863
2.211 0.5018598886920361
2.21 0.5020310184238634
2.209 0.5021454540163025
2.208 0.5023006944209031
2.207 0.5024477918193901
2.206 0.5025716474796144
2.205 0.5026887182020535
2.204 0.5028057207325906
2.203 0.5028895295854362
2.202 0.5030081114013136
2.201 0.5030199932119279
2.2 0.5030945834640653
2.199 0.5031083823937097
2.198 0.5031214294808705
2.197 0.5031625821450767
2.196 0.5032035152073546
2.195 0.5032888274402163
2.194 0.5033688701222494
2.193 0.5034093970064848
2.192 0.5034658029043119
2.191 0.5035115408117744
2.19 0.5035732600100434
2.189 0.503642436419893
2.188 0.5037194109751633
2.187 0.5037530695902017
2.186 0.5037593761049023
2.185 0.5037432144620972
2.184 0.5037341420046533
2.183 0.5037620106584868
2.182 0.5037782959667271
2.181 0.5038239313653989
2.18 0.5038254776590776
2.179 0.5038130775802618
2.178 0.5038217127357082
2.177 0.5038026393460224
2.176 0.5038028224479054
2.175 0.5037948359127215
2.174 0.5037835584204072
2.173 0.5037502232058448
2.172 0.5037194393399606
2.171 0.5036980623319339
2.17 0.503665364826059
2.169 0.5036190423659219
2.168 0.5035743980267308
2.167 0.5035545784224907
2.166 0.5035253592079607
2.165 0.50349436336905
2.164 0.5034613100643126
2.163 0.5034028816238779
2.162 0.5033555281550144
2.161 0.5032855951435949
2.16 0.5032355271830229
2.159 0.5031990138420369
2.158 0.5031353927052729
2.157 0.5030645474593508
2.156 0.50296023243
2.155 0.5028801018792355
2.154 0.5027945175372888
2.153 0.5027223378863926
2.152 0.502642958886817
2.151 0.5025749984252076
2.15 0.5025062169131358
2.149 0.5024154804834174
2.148 0.502353666807007
2.147 0.5023117517787393
2.146 0.5022608574350621
2.145 0.5022064190364569
2.144 0.5021372499688156
2.143 0.5020540063545338
2.142 0.5019874766525847
2.141 0.5018922874679598
2.14 0.5018079457157528
2.139 0.5017448215966956
2.138 0.501637728229167
2.137 0.5015398902670438
2.136 0.5014485031246773
2.135 0.5013458113250675
2.134 0.5013001891088716
2.133 0.501232032452009
2.132 0.5011486281872902
2.131 0.5010905705778322
2.13 0.5009830775682887
2.129 0.5008922345112581
2.128 0.5008086566901155
2.127 0.5007031964974602
2.126 0.5006500789082471
2.125 0.500549565429959
2.124 0.5004218170252257
2.123 0.5003137531120766
2.122 0.5002112510518099
2.121 0.5001046868399335
2.12 0.5000340587985241
2.119 0.4999872418122762
2.118 0.4999435655016295
2.117 0.49989877779062036
2.116 0.49983760372674185
2.115 0.49979576753932964
2.114 0.4997825714549264
2.113 0.4997519730588493
2.112 0.49974793555769775
2.111 0.4997427188887576
2.11 0.49970279657229333
2.109 0.4996303575136359
2.108 0.49956779655517075
2.107 0.499544970267436
2.106 0.4995520709885295
2.105 0.4995738481684894
2.104 0.4996221444437154
2.103 0.4996842588186938
2.102 0.4997371696190698
2.101 0.4998034259725667
2.1 0.49994192018297384
2.099 0.5000812244812192
2.098 0.5002012785200423
2.097 0.5002783156017241
2.096 0.5003262457554191
2.095 0.5003573047742703
2.094 0.5003712638628851
2.093 0.5003786253578688
2.092 0.5003759752184382
2.091 0.5003623829094275
2.09 0.5003407469278706
2.089 0.5003234491946903
2.088 0.5003211652726954
2.087 0.5003112150524602
2.086 0.5003061355761195
2.085 0.5002868075699349
2.084 0.5002703261754587
2.083 0.500268239819783
2.082 0.5002505570354456
2.081 0.5002208147450719
2.08 0.5001833673351617
2.079 0.5001511180260007
2.078 0.5001199214218541
2.077 0.5000740683036575
2.076 0.5000597470168471
2.075 0.5000481118385293
2.074 0.5000103819469509
2.073 0.49997641507955015
2.072 0.4999399365919938
2.071 0.4999007341630224
2.07 0.4998527801211001
2.069 0.4998112712068997
2.068 0.4997878511763457
2.067 0.49976374794250905
2.066 0.4997059348188162
2.065 0.499661871469607
2.064 0.49962838550428046
2.063 0.4995911782080168
2.062 0.49957265976645066
2.061 0.49953254842210243
2.06 0.49949010658844817
2.059 0.4994179682894801
2.058 0.4993312934688917
2.057 0.4992853560883422
2.056 0.49926403766428357
2.055 0.49923641539421787
2.054 0.4991748212998151
2.053 0.49906558994323474
2.052 0.498965597540462
2.051 0.49890622064047974
2.05 0.4988675379622097
2.049 0.498826837223621
2.048 0.4987782384530096
2.047 0.49868568142662306
2.046 0.4985519797491146
2.045 0.49842612385202434
2.044 0.4983535876574881
2.043 0.49829851519688967
2.042 0.49822501998325364
2.041 0.4981597789425832
2.04 0.49805917515225745
2.039 0.49794491435656796
2.038 0.49783775381812434
2.037 0.4977710843458574
2.036 0.49773249634334027
2.035 0.49765157869832666
2.034 0.4975786833206705
2.033 0.4975134012507244
2.032 0.4974196130413001
2.031 0.49731674829245043
2.03 0.4972341503800471
2.029 0.49717725481463465
2.028 0.4971002828585549
2.027 0.4969846591577683
2.026 0.4968920465197093
2.025 0.49682632451681297
2.024 0.4967240837182585
2.023 0.49662604436997293
2.022 0.4965559386958596
2.021 0.4964555044166216
2.02 0.4963535577183682
2.019 0.4962668459684648
2.018 0.4961966710831282
2.017 0.49611368205310447
2.016 0.4959864763380483
2.015 0.4958652862099675
2.014 0.4957321188541093
2.013 0.49560879227784355
2.012 0.49549669257862555
2.011 0.49536734287613593
2.01 0.4952048432818875
2.009 0.4950407284465167
2.008 0.4948757587788327
2.007 0.4947147480448116
2.006 0.4945494908183352
2.005 0.49437690952738983
2.004 0.4942079614267679
2.003 0.4940095460566296
2.002 0.4938085429554043
2.001 0.49361756793496736
2.0 0.4934245473126498
1.999 0.49319969474043357
1.998 0.49300446952155147
1.997 0.4928391762497476
1.996 0.49271104560664375
1.995 0.49254579532409437
1.994 0.4924026401825469
1.993 0.4922866935202814
1.992 0.4922198469195849
1.991 0.49214550191384937
1.99 0.4921598834671485
1.989 0.4922110330991738
1.988 0.49224320301173663
1.987 0.49226371610436304
1.986 0.49236448574862435
1.985 0.49253284587372126
1.984 0.49275023193590406
1.983 0.4929540577723573
1.982 0.49319903590099917
1.981 0.4934940308568936
1.98 0.49375690350029083
1.979 0.49403090278539846
1.978 0.4943877499379756
1.977 0.494726609602476
1.976 0.4950711020798364
1.975 0.49543344210596046
1.974 0.49576827981427907
1.973 0.4961640242396819
1.972 0.49651544896315897
1.971 0.4968548603172659
1.97 0.497217973086946
1.969 0.49755516606431394
1.968 0.4978554088969913
1.967 0.4981404713733884
1.966 0.498326444400791
1.965 0.49851988122037655
1.964 0.49863298589559213
1.963 0.4986703491934866
1.962 0.49866750838018825
1.961 0.4986293474013286
1.96 0.498505508561745
1.959 0.49831808940893346
1.958 0.49807626470956673
1.957 0.4977874967505237
1.956 0.4974679902007614
1.955 0.49705360247274327
1.954 0.49666076384811725
1.953 0.4961910425107449
1.952 0.495670449665059
1.951 0.4950682966022929
1.95 0.49446114373166156
1.949 0.49377518255866515
1.948 0.4930081969426048
1.947 0.4921678650978366
1.946 0.49130777147297056
1.945 0.4903011144443808
1.944 0.48929389099125625
1.943 0.488205100227485
1.942 0.4870579899418678
1.941 0.48587116184506934
1.94 0.4846229105762233
1.939 0.48339707390517583
1.938 0.4821428415612384
1.937 0.4809200525691082
1.936 0.47970170095855
1.935 0.47847419324614476
1.934 0.47729415702589817
1.933 0.4761921728563157
1.932 0.47517598932325467
1.931 0.47433706813594895
1.93 0.47366834020456566
1.929 0.4731748043339392
1.928 0.4728974378664611
1.927 0.4728791714707631
1.926 0.4732638950349373
1.925 0.4740179583981777
1.924 0.4751626290332629
1.923 0.47668337420902707
1.922 0.47864736067613844
1.921 0.48096278100336376
1.92 0.4837366710673819
1.919 0.4868312009357158
1.918 0.4903162220733013
1.917 0.49407043486570074
1.916 0.4979363547305262
1.915 0.5019741712338999
1.914 0.5060654717380348
1.913 0.5101917923117417
1.912 0.5141609542644089
1.911 0.5179423320749833
1.91 0.521494671380988
1.909 0.5247642453997816
1.908 0.5276119816946332
1.907 0.5300804630719893
1.906 0.5320754980408597
1.905 0.5336590513001005
1.904 0.5346728347655381
1.903 0.5352636607909169
1.902 0.5355062770744178
1.901 0.5353329871334301
1.9 0.5347693012405682
1.899 0.5339075022966195
1.898 0.532862751233695
1.897 0.5316525203791779
1.896 0.530346478360475
1.895 0.5289878965100433
1.894 0.5276807254685322
1.893 0.5262942114318097
1.892 0.5249479519184301
1.891 0.5237079618520267
1.89 0.5225040930662417
1.889 0.521385960533183
1.888 0.5202988860067996
1.887 0.5192479974570735
1.886 0.5182055110767783
1.885 0.5171897813374706
1.884 0.5162014795417268
1.883 0.515339397859553
1.882 0.5144787223730127
1.881 0.5136807398918932
1.88 0.5128905639828605
1.879 0.5122028744308634
1.878 0.5115484271402306
1.877 0.51096844186887
1.876 0.5104298020366312
1.875 0.5099298661618624
1.874 0.5094128898511893
1.873 0.5089009290454743
1.872 0.5083553744230339
1.871 0.507814150343358
1.87 0.5072690114419245
1.869 0.5066959479949605
1.868 0.5061429221155214
1.867 0.5056087840721454
1.866 0.5050868885647543
1.865 0.5045504586921212
1.864 0.504056404357035
1.863 0.5036432905323597
1.862 0.5032853125220759
1.861 0.5029291343342566
1.86 0.5026098258507838
1.859 0.5023182565504365
1.858 0.5019998080770012
1.857 0.5017307858154487
1.856 0.5015112093632074
1.855 0.501325393476847
1.854 0.5011208677874548
1.853 0.5009179608300218
1.852 0.5007655549915954
1.851 0.5006365767157157
1.85 0.5005005927758734
1.849 0.500430258011142
1.848 0.5003810795359274
1.847 0.500315742056884
1.846 0.5002933385158689
1.845 0.5003010569518248
1.844 0.5003080721196832
1.843 0.50031069706616
1.842 0.5003570040327948
1.841 0.5004532081081956
1.84 0.5005708712806628
1.839 0.5006542852801302
1.838 0.5007667027169115
1.837 0.5008603960946174
1.836 0.5009388723471738
1.835 0.5010483259257315
1.834 0.5011949747745387
1.833 0.5013139416539986
1.832 0.5013638204940497
1.831 0.501367191993157
1.83 0.5014109721250267
1.829 0.5014590254297834
1.828 0.5015066450846082
1.827 0.501571247458225
1.826 0.501627433121986
1.825 0.5016541957492867
1.824 0.5016798939926091
1.823 0.5017520615027857
1.822 0.5018503588383618
1.821 0.501978519915868
1.82 0.5020977733043238
1.819 0.5022059644889003
1.818 0.5023003253758342
1.817 0.5023864382930312
1.816 0.5024784878094715
1.815 0.5025885582790272
1.814 0.5026992225485015
1.813 0.5028026948589898
1.812 0.5028699426588107
1.811 0.5029296763172401
1.81 0.5029773486454512
1.809 0.5030554680603878
1.808 0.503156314309144
1.807 0.5032579144830623
1.806 0.5033206366944222
1.805 0.5033803426480916
1.804 0.503435759943778
1.803 0.5034641232962394
1.802 0.503498533520211
1.801 0.5035259498810152
1.8 0.5035430232753078
1.799 0.5035362571324578
1.798 0.5035210624386549
1.797 0.5035059872676118
1.796 0.5034987366718714
1.795 0.5034960613431705
1.794 0.5035140632568248
1.793 0.5035504402363864
1.792 0.5035892471735814
1.791 0.5036301798107741
1.79 0.5036708363472767
1.789 0.5037181700796354
1.788 0.5037882106810183
1.787 0.5038492878242133
1.786 0.5039148459903177
1.785 0.503975987688612
1.784 0.5039900743479772
1.783 0.5040000337505526
1.782 0.5040214674830326
1.781 0.504056422602316
1.78 0.5040707756517651
1.779 0.5040529856157757
1.778 0.5040109187556863
1.777 0.5039757349345494
1.776 0.5039359991529905
1.775 0.5038890405553518
1.774 0.503842140775518
1.773 0.5037881079060398
1.772 0.5037244635707103
1.771 0.5036322860466754
1.77 0.5035436933824025
1.769 0.5034679990307968
1.768 0.5033990950954027
1.767 0.5033355281040477
1.766 0.5032638656291667
1.765 0.5032182367261212
1.764 0.5031845035503969
1.763 0.5031136061866676
1.762 0.5030432877993068
1.761 0.5030146838531252
1.76 0.5029972076742751
1.759 0.5029675581922525
1.758 0.502900882813192
1.757 0.5028400177969873
1.756 0.5027643473197403
1.755 0.5026499871276101
1.754 0.5025632018979181
1.753 0.5025242912875937
1.752 0.5024665101260808
1.751 0.5023766500074601
1.75 0.5022746350003934
1.749 0.5021937896491463
1.748 0.5021374862717958
1.747 0.502098645891779
1.746 0.5020879219207939
1.745 0.5020724644401292
1.744 0.5020505444388838
1.743 0.5020130788973884
1.742 0.5019963238987505
1.741 0.5019681513792653
1.74 0.5019592572118625
1.739 0.5019465024016524
1.738 0.5019063768267362
1.737 0.5018439497897165
1.736 0.5018004021025936
1.735 0.5017578045599665
1.734 0.5016822181364767
1.733 0.5016070382765601
1.732 0.5015307584530556
1.731 0.5014756729308005
1.73 0.501406570251594
1.729 0.5013679561285025
1.728 0.5013339752026448
1.727 0.5012567353699376
1.726 0.5011760610863302
1.725 0.5011433868265248
1.724 0.5011311857626177
1.723 0.5011259661379045
1.722 0.5011076192666946
1.721 0.5010961828779408
1.72 0.5010690702904593
1.719 0.5010257130535587
1.718 0.5010008659361197
1.717 0.5009990598755142
1.716 0.5009763205369818
1.715 0.5009375737905297
1.714 0.5008865436424342
1.713 0.5008393891452986
1.712 0.5007859645539545
1.711 0.50072468074592
1.71 0.5007024385325454
1.709 0.5007007763308005
1.708 0.5006572034219047
1.707 0.5006195932606087
1.706 0.500594458362612
1.705 0.500561138215045
1.704 0.5005384064166943
1.703 0.5005180362816727
1.702 0.5005317518040536
1.701 0.5005227701739722
1.7 0.5004979215303705
1.699 0.5004557585943532
1.698 0.5004582584727734
1.697 0.5004366161257873
1.696 0.5004236486051852
1.695 0.5003855175158751
1.694 0.5003623150349038
1.693 0.5003170407628927
1.692 0.5002632889372406
1.691 0.5002061385442603
1.69 0.5001672269039137
1.689 0.500140923331139
1.688 0.5000974797315207
1.687 0.5000942834287544
1.686 0.5001137844943769
1.685 0.5001503476098105
1.684 0.5001335588994748
1.683 0.5001453959196241
1.682 0.5001546814800925
1.681 0.5001740138855226
1.68 0.5001535279583493
1.679 0.5001510873843414
1.678 0.5001340646082196
1.677 0.5000992783482635
1.676 0.49999371067754533
1.675 0.4999405467928031
1.674 0.49989001008716416
1.673 0.49986190810780734
1.672 0.49985455546339197
1.671 0.4998332902600034
1.67 0.49984432369968873
1.669 0.4998382640306567
1.668 0.49983929798191645
1.667 0.49983473926667443
1.666 0.49988108669636017
1.665 0.49991377079750177
1.664 0.49991823555771087
1.663 0.49989723296378535
1.662 0.4998916208723161
1.661 0.4998789323205887
1.66 0.49983811536194656
1.659 0.4997700087900792
1.658 0.4997777063545156
1.657 0.4997850221779363
1.656 0.49976178852016595
1.655 0.49974906038899203
1.654 0.4997466490194251
1.653 0.499769326393754
1.652 0.4997414315489633
1.651 0.49974834535225937
1.65 0.4997990104011964
1.649 0.49984504885462444
1.648 0.4998227296535955
1.647 0.49980497522761286
1.646 0.49980126052341817
1.645 0.49979665618679703
1.644 0.4997743510008916
1.643 0.49975056553952707
1.642 0.49974417868135174
1.641 0.4997256623512124
1.64 0.49969230394502323
1.639 0.4996533706581676
1.638 0.49964264996781477
1.637 0.4996323400916301
1.636 0.49962101690801247
1.635 0.4995465530646784
1.634 0.49956559069507095
1.633 0.4995773645725607
1.632 0.4995591707298479
1.631 0.49953961404202735
1.63 0.4995229304490011
1.629 0.4995155445651864
1.628 0.4995305196722332
1.627 0.49952024526755723
1.626 0.4995638097189556
1.625 0.499612129908058
1.624 0.4995987819647005
1.623 0.499585661188036
1.622 0.4995976893228893
1.621 0.49964226101403914
1.62 0.4996636748818111
1.619 0.4996286524865594
1.618 0.4996155822670924
1.617 0.49960476787877356
1.616 0.49951610178938277
1.615 0.49948629202034917
1.614 0.4994940762000693
1.613 0.4994747687561313
1.612 0.4994278975722498
1.611 0.4993740146053986
1.61 0.4993637849752108
1.609 0.4993751222976699
1.608 0.49936419128273407
1.607 0.499384762197968
1.606 0.49941037509600666
1.605 0.4993939860661676
1.604 0.49935630944307363
1.603 0.4993543711870181
1.602 0.49936263634548345
1.601 0.49936360102785654
1.6 0.4993149899878384
1.599 0.4993096398240253
1.598 0.49929786204232657
1.597 0.49928134959995474
1.596 0.4992747886449786
1.595 0.49925292991693687
1.594 0.4992421695510879
1.593 0.4992220926676209
1.592 0.49917759545202306
1.591 0.49918629565759587
1.59 0.49920266130635227
1.589 0.4992042530389511
1.588 0.499172969760206
1.587 0.49913643623011117
1.586 0.49912258908091084
1.585 0.4991082081098509
1.584 0.49910287172632606
1.583 0.49911708183503145
1.582 0.49915783327274593
1.581 0.49911455096233803
1.58 0.4990685100109361
1.579 0.499040748049261
1.578 0.49906444839601494
1.577 0.49911539485239115
1.576 0.49912037497183326
1.575 0.4991271787876072
1.574 0.4991224092754012
1.573 0.4990468436755449
1.572 0.499044273505835
1.571 0.49906133498176347
1.57 0.49907409193253904
1.569 0.4990543462264971
1.568 0.499000718414802
1.567 0.49895314213149494
1.566 0.49892838243131693
1.565 0.49889951515170516
1.564 0.49888919403715865
1.563 0.4988814680194444
1.562 0.4988121021371605
1.561 0.4987785996860235
1.56 0.4987127867045113
1.559 0.4986715497030221
1.558 0.4986521853676131
1.557 0.49861958460599815
1.556 0.49859700010569535
1.555 0.49858800980923773
1.554 0.4985341488147343
1.553 0.49851049798544866
1.552 0.4984954330417953
1.551 0.4984825565108168
1.55 0.4985078021533821
1.549 0.49848834617976945
1.548 0.4984298752672215
1.547 0.49839868021032874
1.546 0.4983735812707479
1.545 0.49835952745203743
1.544 0.4983766929460599
1.543 0.49834592011418066
1.542 0.49831282906064195
1.541 0.4982465145815001
1.54 0.4982051955929979
1.539 0.49821784340607794
1.538 0.4982101492232014
1.537 0.49814553489394875
1.536 0.4980751913329615
1.535 0.49802018718880897
1.534 0.49798660439292824
1.533 0.4979602148282273
1.532 0.497929262717594
1.531 0.4979102074584725
1.53 0.4978605216563027
1.529 0.4977848804661349
1.528 0.4977567963004173
1.527 0.49774946446075
1.526 0.4977193236668309
1.525 0.497673522778012
1.524 0.497618188323768
1.523 0.49758523395994436
1.522 0.497531345036687
1.521 0.4974765200799065
1.52 0.4974429508217322
1.519 0.4974144757843087
1.518 0.4973850905081592
1.517 0.4973325411655029
1.516 0.49726133526574817
1.515 0.49720604068545543
1.514 0.4971685409959344
1.513 0.4971430436087871
1.512 0.49710783502735023
1.511 0.4970464679362487
1.51 0.4969713841241249
1.509 0.4968691855330668
1.508 0.4967663386369061
1.507 0.4967091037619758
1.506 0.496671642023954
1.505 0.4965797423292698
1.504 0.4964491217968887
1.503 0.49632332059648626
1.502 0.4962219441835303
1.501 0.4961194276916866
1.5 0.49603410484512533
1.499 0.4959555404863784
1.498 0.4958415841848105
1.497 0.4956922268218237
1.496 0.49553706853335716
1.495 0.49542561963870185
1.494 0.49531467598766493
1.493 0.495165499921682
1.492 0.4949809795325106
1.491 0.49477363211800107
1.49 0.49454806346756824
1.489 0.49435384778812064
1.488 0.49416562863299035
1.487 0.4939626895221115
1.486 0.493736461590682
1.485 0.49348615349544994
1.484 0.493272805695143
1.483 0.4931021007507757
1.482 0.4929703121619612
1.481 0.4928815941507712
1.48 0.4927885713381304
1.479 0.4927271918570888
1.478 0.4927637080727999
1.477 0.4929018450277443
1.476 0.49316490249602324
1.475 0.49349231943312255
1.474 0.4938613294618559
1.473 0.4943015274112298
1.472 0.49481639607700045
1.471 0.4954020266204949
1.47 0.49601600272391627
1.469 0.4965680191759092
1.468 0.4970400911543367
1.467 0.4974140373775718
1.466 0.49767705088584824
1.465 0.49787709087985316
1.464 0.4979656477655003
1.463 0.4978874449125145
1.462 0.49766751354868793
1.461 0.4973425454111406
1.46 0.4969896851223237
1.459 0.4965932487615861
1.458 0.49611115066814226
1.457 0.49561749368251706
1.456 0.4951062701027551
1.455 0.49453339020297254
1.454 0.49398211415193255
1.453 0.4934836533511097
1.452 0.4930095480378844
1.451 0.4924699617374642
1.45 0.49190062064438045
1.449 0.4913970865088118
1.448 0.4909031612548387
1.447 0.4903856338349999
1.446 0.48989570553017636
1.445 0.4894620197408128
1.444 0.4889964029489299
1.443 0.4885184098399585
1.442 0.4881275006804198
1.441 0.4877726829987585
1.44 0.4874554321625919
1.439 0.4871784577190645
1.438 0.4869994521927854
1.437 0.48689857264244585
1.436 0.48685915272087205
1.435 0.48692991293472215
1.434 0.487166160303068
1.433 0.48749146095603973
1.432 0.4879720724034987
1.431 0.48864225549192225
1.43 0.489467322481659
1.429 0.49036930902814246
1.428 0.49146694285381126
1.427 0.49271390069718934
1.426 0.4941072252168419
1.425 0.49560415343247916
1.424 0.4972131676737393
1.423 0.49890770264752143
1.422 0.500575215115448
1.421 0.5022948294070997
1.42 0.5040860268258862
1.419 0.505848442761589
1.418 0.5075444022270249
1.417 0.5091627782806125
1.416 0.5106447147805301
1.415 0.5119717792171384
1.414 0.5131856867082529
1.413 0.5142910951160209
1.412 0.5152650448970516
1.411 0.5160693869817868
1.41 0.5166986383084642
1.409 0.5172122837081982
1.408 0.5176091559586468
1.407 0.517901167055073
1.406 0.5181416829539887
1.405 0.5183167207146216
1.404 0.5183642900186866
1.403 0.5183365329052994
1.402 0.5182357864692841
1.401 0.5180665513578482
1.4 0.5178356593775655
1.399 0.5175151787752961
1.398 0.5171250507749767
1.397 0.5166969386126617
1.396 0.5161809487288578
1.395 0.5156193447148522
1.394 0.5150171016960446
1.393 0.5144252367089104
1.392 0.5137966788164372
1.391 0.5131637814569668
1.39 0.5125242600325922
1.389 0.5119323285171568
1.388 0.5113103060680172
1.387 0.5107170753608747
1.386 0.5101587736166265
1.385 0.5096386079230957
1.384 0.5090878952573098
1.383 0.5085728210830983
1.382 0.5080650114203481
1.381 0.5075817838305132
1.38 0.5071024825614382
1.379 0.50666342124073
1.378 0.5062617572255761
1.377 0.505869213025403
1.376 0.5054985544574879
1.375 0.5051512748046459
1.374 0.5048919643441124
1.373 0.5046088161848458
1.372 0.5043883959265624
1.371 0.5041864679065878
1.37 0.5040106923427313
1.369 0.5038803083547072
1.368 0.5037702685995077
1.367 0.503664690962264
1.366 0.503563215636659
1.365 0.5034720129691082
1.364 0.5034050740656792
1.363 0.5033674444621584
1.362 0.5033304471348177
1.361 0.5033256892699695
1.36 0.5032667723554571
1.359 0.5031882130579373
1.358 0.5031593023550586
1.357 0.503102175931819
1.356 0.5030514816410672
1.355 0.5030008086739357
1.354 0.5029362076898263
1.353 0.5028808349516483
1.352 0.5028187282392059
1.351 0.5027250794429833
1.35 0.5026913318293722
1.349 0.5026166022905659
1.348 0.5025756671738911
1.347 0.5025670773982158
1.346 0.5025853900797542
1.345 0.5025436183136022
1.344 0.5025025564050144
1.343 0.502431021623793
1.342 0.5023608513962817
1.341 0.5023354665161647
1.34 0.502282083343928
1.339 0.5022741476814775
1.338 0.5021562554558058
1.337 0.5020546867699454
1.336 0.5019760678838604
1.335 0.501926153539504
1.334 0.5018722208714046
1.333 0.5018886910789877
1.332 0.5018946172860731
1.331 0.5018601112426123
1.33 0.5018395114367131
1.329 0.5018299534198715
1.328 0.5018358785245958
1.327 0.5018273237086552
1.326 0.5018170235071959
1.325 0.5018062439342326
1.324 0.5017749824644762
1.323 0.501696362547815
1.322 0.5016351548105169
1.321 0.501560100024373
1.32 0.5015064289429862
1.319 0.5014029460489701
1.318 0.501353436983552
1.317 0.5012621738889822
1.316 0.5012088927869397
1.315 0.5011531963000236
1.314 0.501113078983308
1.313 0.5010680271411436
1.312 0.50103703671174
1.311 0.5010128124138982
1.31 0.5010090296806164
1.309 0.5009974982584064
1.308 0.5009480656367373
1.307 0.5009047356223021
1.306 0.5008426151854045
1.305 0.5007976246725084
1.304 0.5007835108328241
1.303 0.5007441611712401
1.302 0.5007170480195161
1.301 0.5007015268805013
1.3 0.5006392932144295
1.299 0.500624003210131
1.298 0.5006465636818788
1.297 0.5006789176113511
1.296 0.5006407542520094
1.295 0.5005979468922688
1.294 0.5005348665993871
1.293 0.5004762572536431
1.292 0.5003887978196757
1.291 0.5003306214792451
1.29 0.500306917344022
1.289 0.5002590476804731
1.288 0.5001585779007801
1.287 0.5001033510525901
1.286 0.5000805280116901
1.285 0.5000877318410842
1.284 0.5001073510120013
1.283 0.5001472668044388
1.282 0.5001677404112639
1.281 0.5001543524919022
1.28 0.5001179984602049
1.279 0.500150510463657
1.278 0.5001935026708819
1.277 0.5002415311640602
1.276 0.5002938676390123
1.275 0.5002974107375779
1.274 0.50029603648879
1.273 0.5003152323529043
1.272 0.5003505947887339
1.271 0.5003845879910153
1.27 0.5004051500253207
1.269 0.5003991857530254
1.268 0.5003797259149598
1.267 0.5003370327496393
1.266 0.5003212332648174
1.265 0.5003443725010621
1.264 0.5003665253481628
1.263 0.5003876168811306
1.262 0.5003847641958955
1.261 0.5003806767157747
1.26 0.5003910027795512
1.259 0.5004002091682601
1.258 0.5004217284397412
1.257 0.5004413804115754
1.256 0.5003994233617709
1.255 0.500332313377523
1.254 0.5002662295418491
1.253 0.5002066927398933
1.252 0.5001718723621215
1.251 0.5001369513435838
1.25 0.5000777108361378
1.249 0.5000039834683648
1.248 0.49995223077454654
1.247 0.49992743123906225
1.246 0.49993292551159313
1.245 0.499952264854622
1.244 0.4999639115487751
1.243 0.49994064765448404
1.242 0.4999371195870796
1.241 0.4999751985982803
1.24 0.5000104400814158
1.239 0.5000336457042764
1.238 0.5000228748426222
1.237 0.4999693367626261
1.236 0.4999132562342026
1.235 0.4998792938299679
1.234 0.4998640482307616
1.233 0.49986337874093517
1.232 0.49982219580751597
1.231 0.4997617571287205
1.23 0.4997130106815818
1.229 0.4996756057061028
1.228 0.4996875383103758
1.227 0.49972159534113847
1.226 0.4997342089617731
1.225 0.4997269208880146
1.224 0.499692810150268
1.223 0.4996690044130126
1.222 0.49967984512179153
1.221 0.4996738745498661
1.22 0.4996908146407021
1.219 0.4997133290128633
1.218 0.49970200061976133
1.217 0.49970358835860507
1.216 0.4997075754085644
1.215 0.49968934233724405
1.214 0.49968622736885027
1.213 0.49967952462789555
1.212 0.49963341131903605
1.211 0.4995905854074797
1.21 0.4995303071612552
1.209 0.49944901305629513
1.208 0.49938731707269796
1.207 0.4993191980338231
1.206 0.49927959133798344
1.205 0.4992528068386571
1.204 0.49922199409122947
1.203 0.4992391757023269
1.202 0.4992826080377375
1.201 0.4993414191799433
1.2 0.49944075907998237
1.199 0.49952747287224575
1.198 0.4995910733193338
1.197 0.49967238874891967
1.196 0.49975687059887675
1.195 0.4998552068368362
1.194 0.4999347732453214
1.193 0.49995344584841134
1.192 0.4999519831155505
1.191 0.49990525434090954
1.19 0.49982649793106904
1.189 0.49980153514328907
1.188 0.49976035459011825
1.187 0.49967077272728927
1.186 0.4995531052120012
1.185 0.4994227271699024
1.184 0.49929551266751193
1.183 0.49916870682225023
1.182 0.4990643085505546
1.181 0.49898882846336745
1.18 0.49885343380446695
1.179 0.49868583855580606
1.178 0.4985229446261732
1.177 0.49837978459373483
1.176 0.4982391761192112
1.175 0.49813198618467847
1.174 0.4980473968032257
1.173 0.49797144939393145
1.172 0.49789743036139333
1.171 0.4978918596545145
1.17 0.49797018026329537
1.169 0.4981138559206264
1.168 0.498318144012632
1.167 0.49857981790528455
1.166 0.4988882919679839
1.165 0.49923521367544477
1.164 0.4995953308932561
1.163 0.5000006758446368
1.162 0.5004484512657666
1.161 0.5008786159915604
1.16 0.5012646000050842
1.159 0.5016062530845516
1.158 0.5019217871844825
1.157 0.5021975710704911
1.156 0.502429490204611
1.155 0.502636072537421
1.154 0.5028103308257639
1.153 0.502924556698774
1.152 0.5029730890185313
1.151 0.5030143541078086
1.15 0.5030334885446999
1.149 0.5030163098984696
1.148 0.5029647331879846
1.147 0.5028772140870712
1.146 0.5027843103354837
1.145 0.5026488685437784
1.144 0.5024849525878258
1.143 0.5023350325846824
1.142 0.502163930133399
1.141 0.5019903196144258
1.14 0.5018352732255328
1.139 0.5016768475158264
1.138 0.5015480647775561
1.137 0.5014199216188345
1.136 0.5012792525021172
1.135 0.5011607398060554
1.134 0.5010675638812769
1.133 0.5009901840199796
1.132 0.5009391549436102
1.131 0.500844140876373
1.13 0.5007808816799179
1.129 0.5007179421258725
1.128 0.500660761359872
1.127 0.5006267727128189
1.126 0.5006137734451152
1.125 0.5005870297683143
1.124 0.5005463286582434
1.123 0.5004891252909655
1.122 0.5004577789107119
1.121 0.5004543072359199
1.12 0.5004500996070101
1.119 0.50045157997362
1.118 0.5004400373989927
1.117 0.5004275715550055
1.116 0.5004020648996297
1.115 0.5003674045102438
1.114 0.5003755218336988
1.113 0.5003861398877575
1.112 0.5003697823330389
1.111 0.5003243075692837
1.11 0.5002758151841128
1.109 0.500272365834143
1.108 0.5002377570356016
1.107 0.5002433251580061
1.106 0.5002720901207853
1.105 0.5003072449884504
1.104 0.5002881469391214
1.103 0.5002549680573726
1.102 0.5002575712274558
1.101 0.5002846768883005
1.1 0.5002622707189989
1.099 0.5002548948522935
1.098 0.5002444788501481
1.097 0.500197382099469
1.096 0.500134786092175
1.095 0.5000887841757193
1.094 0.5000918805122716
1.093 0.5001029102640986
1.092 0.5000680485350063
1.091 0.5000491985525964
1.09 0.5000682526771956
1.089 0.5000259104975681
1.088 0.5000238235305517
1.087 0.5000107341682052
1.086 0.50005301165851
1.085 0.5000401617226403
1.084 0.5000322888308968
1.083 0.5000484137058485
1.082 0.5000490419059956
1.081 0.500014280675801
1.08 0.5000309446156964
1.079 0.5000425720633535
1.078 0.5000455237620622
1.077 0.5000544091798095
1.076 0.500031688328506
1.075 0.5000211367265978
1.074 0.4999818138214718
1.073 0.4999913553829493
1.072 0.5000128178789259
1.071 0.5000336562364529
1.07 0.5000133544890698
1.069 0.5000312387512178
1.068 0.5000304041824708
1.067 0.5000308514517798
1.066 0.5000200304367255
1.065 0.500031269537872
1.064 0.500043465750241
1.063 0.499989775118792
1.062 0.49996103757271765
1.061 0.4999708752479852
1.06 0.49994446091040823
1.059 0.4999047811660127
1.058 0.4999066891534876
1.057 0.49989189889225283
1.056 0.4998709663262658
1.055 0.49987257225397674
1.054 0.49990399559596194
1.053 0.4999156213151411
1.052 0.499908368160688
1.051 0.4999106967306893
1.05 0.49988602126911114
1.049 0.4998868171202661
1.048 0.4998693957769651
1.047 0.4998895252125297
1.046 0.49984476129633026
1.045 0.49981694377488906
1.044 0.4997695284579099
1.043 0.499757707748823
1.042 0.4997389350567459
1.041 0.49974790029801414
1.04 0.4997811118016459
1.039 0.4997922603878312
1.038 0.4997786014247825
1.037 0.49978015793768926
1.036 0.49982009012150597
1.035 0.49984739050298443
1.034 0.49984229175106437
1.033 0.4998464655179827
1.032 0.49987257628416193
1.031 0.4998104520225012
1.03 0.49977177627946406
1.029 0.4997291511668665
1.028 0.49971916446768466
1.027 0.499675435010604
1.026 0.4996316572733195
1.025 0.49958723126471966
1.024 0.49954994611609926
1.023 0.4994758937119983
1.022 0.49941071375916535
1.021 0.49939707318018667
1.02 0.4993884061040913
1.019 0.49937797255562005
1.018 0.4993589027926145
1.017 0.499344687453935
1.016 0.4993598633033569
1.015 0.49935928011753333
1.014 0.4993901570624916
1.013 0.4994336979532641
1.012 0.49944230189577793
1.011 0.4994366496828088
1.01 0.49942879269862295
1.009 0.49939891799839964
1.008 0.49935857659759736
1.007 0.49931564395475486
1.006 0.4992734990741887
1.005 0.49918692378566176
1.004 0.4991161672082439
1.003 0.49904927892230455
1.002 0.49901040611504255
1.001 0.4989392982885476
1.0 0.4988921396983615
0.999 0.498872694252008
0.998 0.49882914067291906
0.997 0.49875614612189934
0.996 0.4987012172640035
0.995 0.4986958347613744
0.994 0.4986649012228512
0.993 0.4986409328207146
0.992 0.4986272289479538
0.991 0.4986109683745482
0.99 0.4985736783070872
0.989 0.49856773040351593
0.988 0.49861769744429013
0.987 0.49872326966045705
0.986 0.498780376361093
0.985 0.49883786175292893
0.984 0.49889152429921035
0.983 0.4989451055604418
0.982 0.499015772468521
0.981 0.499132488401955
0.98 0.499245112091681
0.979 0.49931815670897944
0.978 0.4993991892139132
0.977 0.49948129324481255
0.976 0.49961882227634224
0.975 0.49977395966730365
0.974 0.49996735270568254
0.973 0.5001601531926535
0.972 0.5003657402604144
0.971 0.5005774517882291
0.97 0.5008124162990105
0.969 0.5010311889021107
0.968 0.5012253729480391
0.967 0.5014016672674073
0.966 0.5015538232762108
0.965 0.501689882304418
0.964 0.5017545798411379
0.963 0.5017565388469654
0.962 0.5017332091935954
0.961 0.5016808978531397
0.96 0.5016133957913159
0.959 0.5015697905707448
0.958 0.5015062367772214
0.957 0.5014292323911231
0.956 0.5012994772902655
0.955 0.5012062381215121
0.954 0.5011716819956583
0.953 0.5011685739929492
0.952 0.5011575409920311
0.951 0.5011166054664495
0.95 0.50106652370992
0.949 0.5010084220384314
0.948 0.5009424978385695
0.947 0.5009008381377134
0.946 0.5008903436575811
0.945 0.5008334186659611
0.944 0.5007698553192796
0.943 0.5007071572470602
0.942 0.5006690538922041
0.941 0.5006586232535335
0.94 0.5006607891504988
0.939 0.5006735485282294
0.938 0.5006993615888948
0.937 0.5007052731635928
0.936 0.500701942635821
0.935 0.5006827586549437
0.934 0.5006620873067396
0.933 0.5006504178352126
0.932 0.5006196396001703
0.931 0.5005770889009877
0.93 0.5005240984565054
0.929 0.5004572916821682
0.928 0.5003796863386896
0.927 0.5003112948749591
0.926 0.5002720948808888
0.925 0.5002458497327728
0.924 0.5002142873524117
0.923 0.5001777799966272
0.922 0.5001294271319277
0.921 0.5000900126555107
0.92 0.5000455881071825
0.919 0.5000308982026919
0.918 0.5000405995987566
0.917 0.5000328961665637
0.916 0.5000325061372124
0.915 0.500044174763483
0.914 0.5000455750832334
0.913 0.5000362630602978
0.912 0.5000363827836548
0.911 0.5000539323551569
0.91 0.5000777224342046
0.909 0.5000753934967468
0.908 0.5000578430384679
0.907 0.5000516639153367
0.906 0.5000203850719193
0.905 0.49997943582775456
0.904 0.49997934748806366
0.903 0.4999895842355106
0.902 0.5000051331576918
0.901 0.5000040586329212
0.9 0.4999934643663226
0.899 0.4999882417823788
0.898 0.49999606065116964
0.897 0.4999893755953845
0.896 0.5000019100826218
0.895 0.5000224444112819
0.894 0.5000088342312613
0.893 0.5000226216525625
0.892 0.5000297523322754
0.891 0.5000496830697585
0.89 0.5000851885794668
0.889 0.5000979284755717
0.888 0.5001114416999385
0.887 0.5001223920381085
0.886 0.5001150853878675
0.885 0.5001107002570037
0.884 0.5000787779863272
0.883 0.5000303479993446
0.882 0.500000895200864
0.881 0.49998105296689355
0.88 0.49996592805126244
0.879 0.49997106108557327
0.878 0.49997482180159913
0.877 0.5000124983989223
0.876 0.5000499324271682
0.875 0.500064547550307
0.874 0.5001188659856853
0.873 0.5001475694532485
0.872 0.5001593841655964
0.871 0.5001212362035646
0.87 0.5000941788182798
0.869 0.500109950056544
0.868 0.5000849215229081
0.867 0.5000385949298074
0.866 0.5000607168018063
0.865 0.5000786336202293
0.864 0.5001124605046579
0.863 0.5001597314174945
0.862 0.5002045774921834
0.861 0.5002659527535321
0.86 0.5002914996507907
0.859 0.5002575340329436
0.858 0.5002768459826632
0.857 0.5002716958932756
0.856 0.5002226710017024
0.855 0.5001831439713087
0.854 0.5001072852399827
0.853 0.5000702042203821
0.852 0.5000264579492014
0.851 0.499992819831946
0.85 0.49998778523997
0.849 0.4999941607321632
0.848 0.5000000595806949
0.847 0.5000104267620066
0.846 0.5000011618636317
0.845 0.5000219563481582
0.844 0.5000310743187469
0.843 0.500028570691428
0.842 0.5000371794124724
0.841 0.5000739071351039
0.84 0.5001133360049455
0.839 0.5001323331808162
0.838 0.5001319661744873
0.837 0.5001529850610699
0.836 0.5001668649807675
0.835 0.5001793918330975
0.834 0.5001976470913357
0.833 0.5002029991705532
0.832 0.5001951012436096
0.831 0.5001547141914362
0.83 0.5000956328878524
0.829 0.5000762764334163
0.828 0.5000767471954527
0.827 0.5000646264475238
0.826 0.5000640896686204
0.825 0.5000470898698558
0.824 0.5000307482626934
0.823 0.5000301811943181
0.822 0.5000473528111825
0.821 0.5000808027778298
0.82 0.5000839314790548
0.819 0.5000684562927405
0.818 0.5000674692461368
0.817 0.5000744887136951
0.816 0.5000857645489946
0.815 0.5000916242028114
0.814 0.5001033197910607
0.813 0.5000859101365093
0.812 0.500050706076159
0.811 0.5000293979933668
0.81 0.5000497503259659
0.809 0.5000631417501941
0.808 0.5000294283876404
0.807 0.5000030647813243
0.806 0.4999663761846741
0.805 0.49992409029012147
0.804 0.4998931977787281
0.803 0.49985673057383834
0.802 0.4998666364522784
0.801 0.49982162483258546
0.8 0.499777683362411
0.799 0.4997549018148697
0.798 0.4997337091789866
0.797 0.4997494864248435
0.796 0.4997528005762489
0.795 0.49977850714830285
0.794 0.4998156000400898
0.793 0.49986466088842607
0.792 0.49987022890216154
0.791 0.499909886000132
0.79 0.4999432655424568
0.789 0.4999751314622385
0.788 0.5000027104802596
0.787 0.4999901410344384
0.786 0.49998665505497586
0.785 0.49996633758528364
0.784 0.4999199507752382
0.783 0.4998967416355362
0.782 0.49986607875189093
0.781 0.4998412536669867
0.78 0.4998160084177863
0.779 0.49977347822780716
0.778 0.49978178679279384
0.777 0.4997816628109755
0.776 0.4997942845617582
0.775 0.49981131723458955
0.774 0.4998383636716644
0.773 0.49984112646285855
0.772 0.49986409865692266
0.771 0.499886688582484
0.77 0.4999000663759608
0.769 0.4999032440640308
0.768 0.4998754171646402
0.767 0.49988215518134926
0.766 0.49987827313171324
0.765 0.49987143773527626
0.764 0.4998723875914811
0.763 0.4998643261531278
0.762 0.4998432893978925
0.761 0.49984654081522173
0.76 0.49985703621914157
0.759 0.49987653336227245
0.758 0.4998832031304306
0.757 0.49986631367829165
0.756 0.49986535151727324
0.755 0.49986217918019443
0.754 0.4998659353354174
0.753 0.4998726399903745
0.752 0.4998690740331877
0.751 0.499851432184194
0.75 0.4998599695753163
0.749 0.4998627698312815
0.748 0.49987699852034084
0.747 0.49989063493583397
0.746 0.49990080961206507
0.745 0.49991650671000076
0.744 0.4999401206184471
0.743 0.4999668065091718
0.742 0.5000073733090867
0.741 0.5000198818077279
0.74 0.500011731901512
0.739 0.5000295535303394
0.738 0.5000428977069699
0.737 0.5000466591259788
0.736 0.5000516149570772
0.735 0.5000372575127029
0.734 0.5000060303778193
0.733 0.49998402853965623
0.732 0.49995384607301135
0.731 0.49995605491082196
0.73 0.49994372365274276
0.729 0.4999145240200043
0.728 0.49989559378296655
0.727 0.4998779454468696
0.726 0.49986477546187885
0.725 0.4998681706499435
0.724 0.4998698070480731
0.723 0.499876582339527
0.722 0.4998790219526627
0.721 0.4998655194577487
0.72 0.4998745342820664
0.719 0.4998919115104415
0.718 0.49989650614914766
0.717 0.4998961709048413
0.716 0.4998907279074711
0.715 0.4998935004059531
0.714 0.49989448203165227
0.713 0.4998779856761637
0.712 0.4998803082227593
0.711 0.4998721420735525
0.71 0.49985064927225725
0.709 0.49983133761464055
0.708 0.4998380574399712
0.707 0.4998581360881052
0.706 0.49986751299750404
0.705 0.4998757578784359
0.704 0.4998922851156799
0.703 0.4999125755563886
0.702 0.4999347220246215
0.701 0.4999560907141336
0.7 0.49998167612901806
0.699 0.4999995814896957
0.698 0.4999855309351595
0.697 0.4999614344841243
0.696 0.4999445396356239
0.695 0.4999234873045436
0.694 0.499894571414561
0.693 0.49986511212199775
0.692 0.49984163607635435
0.691 0.4998280847807275
0.69 0.49981214024947485
0.689 0.49980208572576945
0.688 0.4998097914800221
0.687 0.4998141444285022
0.686 0.49982235434956057
0.685 0.49982580818510675
0.684 0.49983100027553334
0.683 0.4998396905207252
0.682 0.4998303711875783
0.681 0.4998137472485525
0.68 0.4998079872285171
0.679 0.49979875515517824
0.678 0.49979018413751375
0.677 0.49978942211141464
0.676 0.49979279171406343
0.675 0.4997946610188418
0.674 0.4997881178197854
0.673 0.4997887599704246
0.672 0.49979826452996945
0.671 0.4998066878979556
0.67 0.49980646139794416
0.669 0.49981174754054225
0.668 0.49980975646491027
0.667 0.49980575792932447
0.666 0.4998044884608047
0.665 0.49980836983973775
0.664 0.4998081721883832
0.663 0.49980482989815384
0.662 0.4998038278561568
0.661 0.49981232484501376
0.66 0.49981389756291233
0.659 0.49980572824988223
0.658 0.49979821545840464
0.657 0.499788960730386
0.656 0.49977391963268714
0.655 0.499762775645494
0.654 0.4997636835331447
0.653 0.49975712072953277
0.652 0.4997403282704195
0.651 0.4997278276422123
0.65 0.499726844957558
0.649 0.4997296989640351
0.648 0.4997356740844959
0.647 0.4997485831770756
0.646 0.4997590924661759
0.645 0.4997614092110271
0.644 0.49976252894694384
0.643 0.4997691690692917
0.642 0.49977268216727483
0.641 0.4997690526739472
0.64 0.4997626033306168
0.639 0.4997548292451618
0.638 0.4997469047344134
0.637 0.4997361877684609
0.636 0.4997284720517286
0.635 0.49972558982863385
0.634 0.4997163061321566
0.633 0.49970882339346934
0.632 0.4997089080858271
0.631 0.4997054437092678
0.63 0.4996953637629649
0.629 0.49968732370803104
0.628 0.4996811487809767
0.627 0.49967569630256486
0.626 0.4996633202834474
0.625 0.49965301844471394
0.624 0.4996508682861196
0.623 0.4996435091124993
0.622 0.499640996086138
0.621 0.4996438990617729
0.62 0.499646496102968
0.619 0.49964939430570593
0.618 0.49965000769964996
0.617 0.4996513775945657
0.616 0.4996582246004433
0.615 0.4996562441350477
0.614 0.4996492644677277
0.613 0.49964203505856636
0.612 0.4996289282609105
0.611 0.49961563923586993
0.61 0.49960318441342616
0.609 0.49958275771669053
0.608 0.4995677283404997
0.607 0.4995589182163851
0.606 0.49955632393306415
0.605 0.4995615992040355
0.604 0.4995666940770861
0.603 0.4995821432691143
0.602 0.4995980175263996
0.601 0.49960740332744696
0.6 0.4996169985489185
0.599 0.4996223834355381
0.598 0.49961160631616275
0.597 0.49958547733015135
0.596 0.4995489409496157
0.595 0.4995117560627854
0.594 0.49946913650720237
0.593 0.49941588371697915
0.592 0.49936508793063317
0.591 0.49931892215247836
0.59 0.49927296831807527
0.589 0.4992402627217399
0.588 0.4992131796064633
0.587 0.49919658729060157
0.586 0.4991763869848601
0.585 0.49914661223606993
0.584 0.499117494243974
0.583 0.49909496086292654
0.582 0.499074756506486
0.581 0.49905091799029316
0.58 0.49902218246832464
0.579 0.4989887701478921
0.578 0.49895379070574714
0.577 0.49891986654467285
0.576 0.49889675873605144
0.575 0.49889012110718545
0.574 0.49888055555470995
0.573 0.4988642732356795
0.572 0.4988445730276708
0.571 0.49883287351004507
0.57 0.49883161195952147
0.569 0.49882681399587614
0.568 0.4988315919751652
0.567 0.49883205248901424
0.566 0.4988244992541595
0.565 0.49881437051651945
0.564 0.49881139715531686
0.563 0.4988247128269077
0.562 0.4988311387287476
0.561 0.49883206521226486
0.56 0.4988386866051969
0.559 0.4988495193926423
0.558 0.4988635763540713
0.557 0.4988734990034622
0.556 0.4988907257254821
0.555 0.4988951259944526
0.554 0.4988981398767554
0.553 0.4988971704245451
0.552 0.4989107478678511
0.551 0.4989221736529724
0.55 0.49892945085768575
0.549 0.49893872591566096
0.548 0.4989453222867283
0.547 0.49896052573843536
0.546 0.4989801331729989
0.545 0.49900510099295003
0.544 0.49903295397667985
0.543 0.4990547344201234
0.542 0.49907009683478487
0.541 0.49908644845207095
0.54 0.49909558474427484
0.539 0.4991112881611046
0.538 0.4991138230432725
0.537 0.49912335115253603
0.536 0.49912453693409514
0.535 0.4991283506189825
0.534 0.4991305863188632
0.533 0.4991366438245207
0.532 0.4991410656982335
0.531 0.4991441161167835
0.53 0.4991471273266408
0.529 0.4991439447623371
0.528 0.49914818935937955
0.527 0.499147038198783
0.526 0.499147681438905
0.525 0.49914729900990024
0.524 0.4991486240060004
0.523 0.4991427123212088
0.522 0.4991460775438074
0.521 0.4991488400593744
0.52 0.49916421568810465
0.519 0.4991679705964407
0.518 0.49917771094802593
0.517 0.4991847357924843
0.516 0.49918839260613584
0.515 0.49918973925684634
0.514 0.49919392986825123
0.513 0.4992047374223963
0.512 0.499206364258654
0.511 0.4992012273102748
0.51 0.4991952422969312
0.509 0.4991930911969941
0.508 0.49918820033728883
0.507 0.49918241272825303
0.506 0.499178955763253
0.505 0.4991832214092788
0.504 0.4991732469545187
0.503 0.49915908062151065
0.502 0.49915888677619535
0.501 0.49916530336849024
0.5 0.4991675498909504
0.499 0.4991722479287715
0.498 0.49917143073104503
0.497 0.4991746748824677
0.496 0.499171413252333
0.495 0.4991695157217967
0.494 0.4991754385689653
0.493 0.4991780644409532
0.492 0.49916721351545174
0.491 0.4991576616415772
0.49 0.4991461987304467
0.489 0.49914286190266494
0.488 0.49913998262922754
0.487 0.499132211859203
0.486 0.49912336655436357
0.485 0.4991123601022864
0.484 0.49910265977712914
0.483 0.49910105078686645
0.482 0.49909584383098543
0.481 0.499095642389577
0.48 0.4990906170944562
0.479 0.4990857848150314
0.478 0.49908217022091406
0.477 0.4990780565333234
0.476 0.49909152670312773
0.475 0.4990934375339985
0.474 0.49909243074155346
0.473 0.49908643700695793
0.472 0.4990776392752045
0.471 0.4990674466755784
0.47 0.4990501666465369
0.469 0.49902710688069674
0.468 0.4990172871804631
0.467 0.49898987747970563
0.466 0.49895647488676315
0.465 0.4989292098721377
0.464 0.4989042228034611
0.463 0.49887832301211904
0.462 0.49885714808335085
0.461 0.4988331218033008
0.46 0.4988038360400631
0.459 0.49877032666090176
0.458 0.4987327243486456
0.457 0.49870355861587695
0.456 0.49866674073485623
0.455 0.4986294588956863
0.454 0.49858531160326375
0.453 0.49854142829885634
0.452 0.4984926526433825
0.451 0.4984506616456119
0.45 0.49842292629190915
0.449 0.4983794155225682
0.448 0.4983327148719989
0.447 0.49829040399042174
0.446 0.4982564887392716
0.445 0.49822351054482733
0.444 0.4981834626061097
0.443 0.4981558585679894
0.442 0.49813436421723106
0.441 0.4981083841127553
0.44 0.4981004909060713
0.439 0.49810259135784574
0.438 0.49810977366925036
0.437 0.49811425954243
0.436 0.4981255799455133
0.435 0.4981459554809642
0.434 0.49818061483366766
0.433 0.49820804068827235
0.432 0.49824343435147894
0.431 0.49828511884363236
0.43 0.49832740401796477
0.429 0.4983799363963736
0.428 0.4984362414434383
0.427 0.4985024533652741
0.426 0.49856844421182933
0.425 0.4986453126373675
0.424 0.49872769679679646
0.423 0.49879273334375274
0.422 0.498872073044366
0.421 0.4989538965204549
0.42 0.4990229986234836
0.419 0.49909034636477945
0.418 0.49914661959272705
0.417 0.49921236176689626
0.416 0.4992572912161272
0.415 0.49929710628484275
0.414 0.4993446373083949
0.413 0.49939098373700536
0.412 0.49940587514104867
0.411 0.49941735916070434
0.41 0.49942676742135045
0.409 0.49944988441817884
0.408 0.4700792669663309
0.407 0.43702383591907606
0.406 0.39956857357262704
0.405 0.35674894318471173
0.404 0.3073304301968473
0.403 0.24970263936883969
0.402 0.1816064445318064
0.401 0.09989372343895919
0.4 0.0
