0.4 1.0
0.401 1.0
0.402 0.9002176139272914
0.403 0.8197492163009404
0.404 0.7529261545009577
0.405 0.6961764705882352
0.406 0.6474973860071828
0.407 0.6052285920088132
0.408 0.568829521582306
0.409 0.5368444593536844
0.41 0.508198448088199
0.411 0.5090641842234199
0.412 0.5093661701608122
0.413 0.5100277585010409
0.414 0.5107853982300885
0.415 0.5113542526837325
0.416 0.5122427314133077
0.417 0.5126577959740702
0.418 0.5126994906621393
0.419 0.5125888324873097
0.42 0.5122658040167138
0.421 0.511961080355645
0.422 0.5115080958115884
0.423 0.5106694630313925
0.424 0.5099495887503317
0.425 0.5088078791684568
0.426 0.5080252598342323
0.427 0.5073604144126422
0.428 0.5069714285714286
0.429 0.50693359375
0.43 0.5068288726682888
0.431 0.5069312049633244
0.432 0.5071239765327832
0.433 0.5073068893528184
0.434 0.5078892622819652
0.435 0.5082412317127708
0.436 0.5081674892533036
0.437 0.5080429806714141
0.438 0.5072675341161536
0.439 0.5067152359835286
0.44 0.5058827250300462
0.441 0.5049542442410856
0.442 0.5040509441694776
0.443 0.5027389497544391
0.444 0.5016643637733953
0.445 0.5009879253567509
0.446 0.5005633097577769
0.447 0.5008900965052
0.448 0.5012792511700468
0.449 0.5016355649708714
0.45 0.5021476593625498
0.451 0.502672799602188
0.452 0.50389400850166
0.453 0.5051287613499024
0.454 0.506044958411923
0.455 0.5068992128414879
0.456 0.5074066089741615
0.457 0.5078405499125418
0.458 0.5083692891459347
0.459 0.5088307964493792
0.46 0.5095607235142119
0.461 0.5099975763451284
0.462 0.5100168959691046
0.463 0.51018691027105
0.464 0.5104690117252931
0.465 0.5109741207302183
0.466 0.5114168791886602
0.467 0.5117136787442463
0.468 0.5120425306937672
0.469 0.5122086732754335
0.47 0.5121369113452472
0.471 0.5121428157421899
0.472 0.5122626810548792
0.473 0.5122665900603275
0.474 0.5117862455658542
0.475 0.5114325578746547
0.476 0.510876655605661
0.477 0.5104304869442484
0.478 0.5100337268128162
0.479 0.5096579138905996
0.48 0.5092045074193908
0.481 0.5084967320261438
0.482 0.5075856330606018
0.483 0.5067629242386523
0.484 0.5058557065517624
0.485 0.5048383094863949
0.486 0.5040337013684298
0.487 0.5028866772969703
0.488 0.502057951926243
0.489 0.5015059416242266
0.49 0.5013929098159173
0.491 0.5016355012811426
0.492 0.5022032423022522
0.493 0.5028357439418197
0.494 0.5037528790136838
0.495 0.5045722634056599
0.496 0.5055639585133966
0.497 0.5064220183486239
0.498 0.50700544269009
0.499 0.5072767869152341
0.5 0.5070222079003195
0.501 0.5066748874115377
0.502 0.5061652446037392
0.503 0.5056293687636733
0.504 0.5051636944370509
0.505 0.5045954417467992
0.506 0.503896103896104
0.507 0.5032686658020803
0.508 0.5025773877184171
0.509 0.502296241554054
0.51 0.5020045365827926
0.511 0.5017004560913237
0.512 0.5012781657662406
0.513 0.5006192195199074
0.514 0.5001711832714439
0.515 0.49969712133582656
0.516 0.4993548387096774
0.517 0.49927583936800524
0.518 0.4990514333895447
0.519 0.4986036463273264
0.52 0.4982204529276845
0.521 0.4980613509877878
0.522 0.4981928505474212
0.523 0.49817749603803485
0.524 0.4981105150498137
0.525 0.4980820613211291
0.526 0.49780190677966096
0.527 0.4976152623211447
0.528 0.4975594227504245
0.529 0.49770416965257325
0.53 0.49796774964800894
0.531 0.4979394326127995
0.532 0.49781938091692374
0.533 0.4980038326413286
0.534 0.4981094898285227
0.535 0.4984282593638446
0.536 0.49865308190862295
0.537 0.4989461327072383
0.538 0.49915885604422006
0.539 0.49897133085740236
0.54 0.498970945927886
0.541 0.4990370211855339
0.542 0.49902320229079133
0.543 0.4990093177680197
0.544 0.49898227007338364
0.545 0.4988079612118614
0.546 0.4987667560321716
0.547 0.49847135807766574
0.548 0.4985514244326413
0.549 0.49848269194618267
0.55 0.4984686475740154
0.551 0.4985081046208435
0.552 0.49856132519428836
0.553 0.49861451131258244
0.554 0.4986005705366274
0.555 0.49857281344248167
0.556 0.4988146551724138
0.557 0.49885410768691524
0.558 0.49885398409060266
0.559 0.49892020300183565
0.56 0.4987979145844027
0.561 0.4987566895507865
0.562 0.4982680233816843
0.563 0.4978188419541008
0.564 0.49750474640629233
0.565 0.4972029111449055
0.566 0.4968341531019865
0.567 0.4964757109810859
0.568 0.49606385007218545
0.569 0.49577126643749664
0.57 0.49531254270642583
0.571 0.4949088520282477
0.572 0.49504977648575266
0.573 0.4952333855325695
0.574 0.49522551528660674
0.575 0.4950634307777164
0.576 0.4945817437938851
0.577 0.49458373735974515
0.578 0.49434957656532
0.579 0.4944357890051191
0.58 0.49461765854202694
0.581 0.49469006763177015
0.582 0.4945821083578329
0.583 0.4941915932431675
0.584 0.4939826791137105
0.585 0.49432378376855685
0.586 0.494561686018589
0.587 0.4947499504712308
0.588 0.49477866061293974
0.589 0.49458237351761786
0.59 0.4946576630481237
0.591 0.49444492045811556
0.592 0.4945633512647362
0.593 0.49479360890393276
0.594 0.49496924049905133
0.595 0.49491983996776334
0.596 0.49495124343661645
0.597 0.49469576528400055
0.598 0.4950185356811863
0.599 0.49502018060919306
0.6 0.4950849232201024
0.601 0.4951739422039484
0.602 0.49521028037383175
0.603 0.4952595540469363
0.604 0.4949103816480389
0.605 0.49468085106382986
0.606 0.49471328012252236
0.607 0.4948194940520117
0.608 0.4947530225546129
0.609 0.4946494738402253
0.61 0.4941459645786283
0.611 0.4940107270560191
0.612 0.4935483870967742
0.613 0.4934909471794104
0.614 0.49359147531142133
0.615 0.4936225257204741
0.616 0.4935476089971658
0.617 0.4932128064818454
0.618 0.49292574302420694
0.619 0.49331997327989313
0.62 0.4934969997867869
0.621 0.49381736024181
0.622 0.49393605292172
0.623 0.4935192579396768
0.624 0.4935476916443377
0.625 0.49325221580556505
0.626 0.4932668792372226
0.627 0.4934326967862133
0.628 0.4934777871174621
0.629 0.49331046312178384
0.63 0.49316482622704666
0.631 0.492866773273132
0.632 0.49322859387274154
0.633 0.493538422744752
0.634 0.4938248207460753
0.635 0.49388427657012485
0.636 0.49366042772252056
0.637 0.4935785079193091
0.638 0.49333546428000646
0.639 0.49322397718899175
0.64 0.4935265203842324
0.641 0.49355628584315997
0.642 0.49326919972883115
0.643 0.492989670692614
0.644 0.4928307273081166
0.645 0.4931876564887979
0.646 0.4934294192454429
0.647 0.4938562091503268
0.648 0.4941164902160018
0.649 0.4938685603445441
0.65 0.4938719030047444
0.651 0.4938043155007765
0.652 0.49388890729025214
0.653 0.49406838799720865
0.654 0.4940890472543208
0.655 0.4939947954894242
0.656 0.49379453383735317
0.657 0.4933959101575595
0.658 0.4935837140553615
0.659 0.49385087098621927
0.66 0.49409382382720224
0.661 0.494246649519426
0.662 0.49411365564037313
0.663 0.49426851253443993
0.664 0.494066698492805
0.665 0.4942273534635878
0.666 0.49455554033694016
0.667 0.4948170522413675
0.668 0.4948428797359554
0.669 0.4946384856738958
0.67 0.49447513812154686
0.671 0.49498582197939006
0.672 0.495146977260122
0.673 0.4954513888888889
0.674 0.4956312876388066
0.675 0.4952909167015488
0.676 0.49547629859922454
0.677 0.49545009099818
0.678 0.49577859520056056
0.679 0.49626040240176983
0.68 0.49641299760866503
0.681 0.4963406052076002
0.682 0.49633286318758807
0.683 0.49625785497422864
0.684 0.4968726810134633
0.685 0.4973093535367839
0.686 0.49739555650047834
0.687 0.4974974264314365
0.688 0.4973896366800441
0.689 0.49724307210700436
0.69 0.4970426850994086
0.691 0.4970764403879064
0.692 0.49737546866630966
0.693 0.49726404635027355
0.694 0.4967250080532589
0.695 0.4967577831118117
0.696 0.4967374157464506
0.697 0.4966780391452684
0.698 0.4966575618171363
0.699 0.4969228000719813
0.7 0.49755078518945395
0.701 0.49729573808321914
0.702 0.4975651985715831
0.703 0.49823168531216167
0.704 0.4984097151944485
0.705 0.4984264785675529
0.706 0.4986430251492671
0.707 0.49916708915767366
0.708 0.49980091939045146
0.709 0.4997101239220234
0.71 0.49967403114813475
0.711 0.5001449695563932
0.712 0.4998005584363781
0.713 0.4999094432571449
0.714 0.5002355669916284
0.715 0.5006523157208089
0.716 0.5009777649018614
0.717 0.5006882561761936
0.718 0.5004883695691494
0.719 0.5011214006656055
0.72 0.5011931448405524
0.721 0.5016791246885495
0.722 0.5019692863595303
0.723 0.501768953068592
0.724 0.5018945545090397
0.725 0.5015514504257469
0.726 0.5015493262232472
0.727 0.5018381027895913
0.728 0.5018901890189019
0.729 0.5020130850528435
0.73 0.5017970097757332
0.731 0.5016679220918971
0.732 0.5022215852085423
0.733 0.5023986825146785
0.734 0.5028951318893417
0.735 0.5033583422650948
0.736 0.5033892258294684
0.737 0.5036007130124777
0.738 0.5034197777144485
0.739 0.5035372746987096
0.74 0.5038555843786646
0.741 0.5037081721727406
0.742 0.503753009488741
0.743 0.5036431805319751
0.744 0.5037562162734102
0.745 0.5039084507042253
0.746 0.5042512824116365
0.747 0.5048373527762199
0.748 0.5051647466647992
0.749 0.5052223425437524
0.75 0.505665376703971
0.751 0.5059171597633136
0.752 0.506383569247849
0.753 0.5067548843009562
0.754 0.5068195159006941
0.755 0.5068913238233065
0.756 0.5067193675889329
0.757 0.5069496747689147
0.758 0.5073250691527507
0.759 0.5076928313704132
0.76 0.5080554896041787
0.761 0.5079719711587286
0.762 0.5075407402408989
0.763 0.5075571414144815
0.764 0.5074661924096506
0.765 0.5075486225019248
0.766 0.5073843892007485
0.767 0.5069423634002597
0.768 0.5066582539102714
0.769 0.5058804041742586
0.77 0.5053660469570385
0.771 0.5051281205685453
0.772 0.5050505050505051
0.773 0.5048926249425363
0.774 0.504245205703983
0.775 0.5035363457760315
0.776 0.5028483499214248
0.777 0.5018323408153916
0.778 0.5013889342788981
0.779 0.500964083793588
0.78 0.5006362776128169
0.781 0.5004565912204031
0.782 0.49986967287892614
0.783 0.49973971889640806
0.784 0.5000000000000001
0.785 0.5008277339565683
0.786 0.5021393841166937
0.787 0.5029813986648519
0.788 0.5034308648368722
0.789 0.5041244783747937
0.79 0.504264943457189
0.791 0.5049520921379488
0.792 0.5056071152358855
0.793 0.5060299083453931
0.794 0.5060055237972895
0.795 0.5051318237218552
0.796 0.5041769356335819
0.797 0.5037726197327195
0.798 0.5030988435243754
0.799 0.502363009324307
0.8 0.5014056609801292
0.804 0.5000479126074041
0.808 0.49844963718313456
0.812 0.49665717667381076
0.816 0.49524267179240755
0.82 0.49421928190635234
0.824 0.49306471856595757
0.828 0.4918899745251684
0.832 0.49103131766911223
0.836 0.49008168028004667
0.84 0.489444064929573
0.844 0.48909992820312
0.848 0.48937354684481127
0.852 0.48984688177695995
0.856 0.49025620733999403
0.86 0.4907677035076108
0.864 0.49135154875336146
0.868 0.4922103861517976
0.872 0.4931273770601188
0.876 0.4944496455797779
0.88 0.49591262396140445
0.884 0.49719864461368135
0.888 0.49827094174920256
0.892 0.4995636119503189
0.896 0.5010403382777368
0.9 0.5025658225725307
0.904 0.5039217000737414
0.908 0.5051705096884307
0.912 0.5063456014962261
0.916 0.50734583735883
0.92 0.5082718756228822
0.924 0.5092552733534222
0.928 0.5101818541866068
0.932 0.5109592192172456
0.936 0.5113889252519963
0.94 0.5115877310212197
0.944 0.5118514189233067
0.948 0.5118835893290219
0.952 0.5117544763622311
0.956 0.5115779345734445
0.96 0.5113382305972533
0.964 0.5107059909007031
0.968 0.509938813682909
0.972 0.5091391230230136
0.976 0.5086936016349631
0.98 0.508070835292274
0.984 0.5072826154904045
0.988 0.5065307522054927
0.992 0.5057385462349538
0.996 0.504965551486562
1.0 0.5044110818758707
1.004 0.5039401712043017
1.008 0.5033654439916019
1.012 0.5025446469880632
1.016 0.5017400141664871
1.02 0.5014148622047243
1.024 0.5012139279019022
1.028 0.5010133890185481
1.032 0.5007829050382242
1.036 0.5004298434141848
1.04 0.49998465739973613
1.044 0.4998619843582273
1.048 0.5001073191672033
1.052 0.5004905267030474
1.056 0.5007660721946438
1.06 0.5007808911345889
1.064 0.5010402006975464
1.068 0.5011923688394276
1.072 0.5016955366144258
1.076 0.5023510014655593
1.08 0.5030347393784121
1.084 0.503382290206594
1.088 0.5038481428527971
1.092 0.5040857863240074
1.096 0.5045626800060634
1.1 0.505039498774176
1.104 0.5057790385369828
1.108 0.5063836193917494
1.112 0.5068912710566615
1.116 0.5073657105215881
1.12 0.5078919886617933
1.124 0.5084649944955221
1.128 0.5090116796110749
1.132 0.5097204987295396
1.136 0.5103703921626312
1.14 0.510975645496908
1.144 0.5112705216808094
1.148 0.5117440408791336
1.152 0.5121662235579701
1.156 0.5126686031463
1.16 0.5132120796156486
1.164 0.5139094322448515
1.168 0.5144359924214574
1.172 0.5148481439820023
1.176 0.5149990214990635
1.18 0.5154791018230325
1.184 0.516023960029812
1.188 0.5167516587157976
1.192 0.5173737813844562
1.196 0.5178383056990613
1.2 0.5180858777088536
1.204 0.5183546159793128
1.208 0.5185263603641753
1.212 0.519096401365905
1.216 0.5196234386001511
1.22 0.5198788631775121
1.224 0.5198541120871217
1.228 0.519869574077848
1.232 0.5198635329795299
1.236 0.5199348044132397
1.24 0.5199552127394874
1.244 0.5200671372858765
1.248 0.5200627112831316
1.252 0.5198853283447923
1.256 0.519751271360054
1.26 0.5196355113364585
1.264 0.5194681861348528
1.268 0.519166882642603
1.272 0.5189420513540058
1.276 0.5188760238531684
1.28 0.5188459855863324
1.284 0.5187300137048881
1.288 0.5187141529323751
1.292 0.5185718463857455
1.296 0.5185524200750135
1.3 0.5186432416864214
1.304 0.5189305659381733
1.308 0.5192538453147159
1.312 0.5193736327998093
1.316 0.5194068343004513
1.32 0.5193361916341375
1.324 0.5191717304312845
1.328 0.5191349851837841
1.332 0.5190502023953595
1.336 0.5189603396499948
1.34 0.5183028457375666
1.344 0.5160251809625361
1.348 0.5116145448575884
1.352 0.5063507421207568
1.356 0.5018139841688655
1.36 0.4985273217853391
1.364 0.49584686870348277
1.368 0.4932923076923077
1.372 0.4909448093805636
1.376 0.4891960208741031
1.38 0.48964664883702086
1.384 0.4938351067039443
1.388 0.5007609130957148
1.392 0.5076562781480815
1.396 0.5125057572541403
1.4 0.515561515521486
1.404 0.5178721362600456
1.408 0.5198466576152064
1.412 0.5215483716570609
1.416 0.5226273597103699
1.42 0.5221835580687255
1.424 0.5198591962452332
1.428 0.5172946263125386
1.432 0.5160754832185311
1.436 0.5161454985442584
1.44 0.5170247871901601
1.444 0.5179568291775214
1.448 0.519036447268764
1.452 0.5201467889908257
1.456 0.5209940017137961
1.46 0.5214965123652504
1.464 0.5214323005742884
1.468 0.5207010641151748
1.472 0.5195829410824349
1.476 0.5182459855302629
1.48 0.516812980777655
1.484 0.5153989449677048
1.488 0.5139179627354982
1.492 0.5125356811225369
1.496 0.5113793752030505
1.5 0.510459539440117
1.504 0.5098739318047213
1.508 0.5097329336880747
1.512 0.5098279068988053
1.516 0.5100675619317707
1.52 0.5103836385066152
1.524 0.510847474430363
1.528 0.5114546501110105
1.532 0.512176759410802
1.536 0.5129946262823644
1.54 0.5138803407728937
1.544 0.5146658505549023
1.548 0.5153150268193099
1.552 0.51597250946578
1.556 0.5166308334387253
1.56 0.5172408378607543
1.564 0.5178409906116466
1.568 0.5184049554781262
1.572 0.5187611490434889
1.576 0.5190381679389312
1.58 0.5192217356386284
1.584 0.5194465333132802
1.588 0.5195557413268048
1.592 0.5195253473971142
1.596 0.5194188320759988
1.6 0.5192358212440527
1.604 0.5190051279079874
1.608 0.5187879136359715
1.612 0.5186633183037498
1.616 0.5184288061646553
1.62 0.5180799144878413
1.624 0.5177132643514446
1.628 0.5173217207999334
1.632 0.5169891880724469
1.636 0.5167398650959789
1.64 0.5164131631529585
1.644 0.5161447149860229
1.648 0.5157264773764157
1.652 0.5153204085442279
1.656 0.5149752180020674
1.66 0.5146260475412427
1.664 0.5143564486128213
1.668 0.5141640292267416
1.672 0.5138831330294239
1.676 0.5136436803811731
1.68 0.5132849932101771
1.684 0.5129410865160378
1.688 0.5126361572894078
1.692 0.5123034601115513
1.696 0.5120055255556951
1.7 0.5117389673709213
1.704 0.5113674543621907
1.708 0.5110177994128795
1.712 0.5106068080907745
1.716 0.5102404164927187
1.72 0.509985935302391
1.724 0.5097021743102503
1.728 0.5094822670080202
1.732 0.509235530196799
1.736 0.5089192151572456
1.74 0.5086013373188797
1.744 0.5082155551034574
1.748 0.5078552768135132
1.752 0.507541514012466
1.756 0.5072101131323673
1.76 0.5069175101693312
1.764 0.5065100481177469
1.768 0.5059476885787907
1.772 0.5054066429502307
1.776 0.5048284267766735
1.78 0.5043114038679786
1.784 0.5038090341878344
1.788 0.5031916259204369
1.792 0.5024372040954358
1.796 0.501491876267512
1.8 0.5005126651597418
1.804 0.4996096890328444
1.808 0.4987059920727443
1.812 0.4977130055307928
1.816 0.4966345704403104
1.82 0.4953934044321654
1.824 0.4941518752712896
1.828 0.4929683457974695
1.832 0.4919103773584905
1.836 0.4909794271788381
1.84 0.49017909066093834
1.844 0.4896030470749271
1.848 0.4894924639306897
1.852 0.4898093438269981
1.856 0.49059091453913467
1.86 0.49173652982296
1.864 0.4930252151411206
1.868 0.4945505401234567
1.872 0.49619556027923367
1.876 0.49796170176733157
1.88 0.49959412142433085
1.884 0.5009099953893567
1.888 0.5017249757045675
1.892 0.5019822931361579
1.896 0.5017044071098125
1.9 0.5010967317394165
1.904 0.5002013201722812
1.908 0.49888219700208897
1.912 0.4972650848619082
1.916 0.4953537978718187
1.92 0.49338395193689877
1.924 0.4914260372523898
1.928 0.4896640347950724
1.932 0.48810070068828676
1.936 0.4867675446789962
1.94 0.4855437815115537
1.944 0.48469650690699756
1.948 0.4841924442030542
1.952 0.4841711094186341
1.956 0.4844862340843561
1.96 0.4852264424247863
1.964 0.4863514627111661
1.968 0.48797757019005894
1.972 0.4901152999093147
1.976 0.4928307273081165
1.98 0.4961507004037546
1.984 0.49981191547870746
1.988 0.5038633275092215
1.992 0.5081178670449416
1.996 0.5125348189415042
2.0 0.5169346605410924
2.004 0.5211642559233296
2.008 0.5248949606259592
2.012 0.5281086677227426
2.016 0.5305605339595822
2.02 0.5322562878648799
2.024 0.5331435148724784
2.028 0.5332126327905806
2.032 0.5325479588568175
2.036 0.5312734785875283
2.04 0.5294479810417732
2.044 0.5272750270220545
2.048 0.5247499943051095
2.052 0.5219281407375624
2.056 0.5189667731271362
2.06 0.5158370536956837
2.064 0.5127128967243251
2.068 0.5096318186329103
2.072 0.506730547344593
2.076 0.5040220941191942
2.08 0.5015965706537191
2.084 0.4995416148254862
2.088 0.4979513555923633
2.092 0.4968760884709161
2.096 0.4963019360452469
2.1 0.4962106796855462
2.104 0.4964982491245623
2.108 0.49697978907499923
2.112 0.49751558209475655
2.116 0.49799700915808887
2.12 0.49825528610026354
2.124 0.4981855258685904
2.128 0.4977799270233438
2.132 0.4970028869250942
2.136 0.49577881895332393
2.14 0.4942146562042825
2.144 0.4923330108638845
2.148 0.49033417416344843
2.152 0.4881734412483465
2.156 0.4859264434128093
2.16 0.48368302331644386
2.164 0.4813555066029014
2.168 0.47890516239630915
2.172 0.4762966317182765
2.176 0.47347791390883914
2.18 0.4702653900068901
2.184 0.4664835098627529
2.188 0.46193981407767587
2.192 0.4566823036231161
2.196 0.45063694267515925
2.2 0.4438449006190942
2.204 0.4367395456306012
2.208 0.42968514509631994
2.212 0.4230298597729926
2.216 0.4174283445238611
2.22 0.41342777127446767
2.224 0.4115939385648929
2.228 0.412037975275539
2.232 0.41477608838153707
2.236 0.41961575691949277
2.24 0.4260529553536817
2.244 0.4333050274682425
2.248 0.44078102710413697
2.252 0.44780421531908643
2.256 0.45351606805293004
2.26 0.4573901205756515
2.264 0.4593839212633008
2.268 0.4592233406989116
2.272 0.45755446828085145
2.276 0.4547392657655737
2.28 0.45169616519174033
2.284 0.44886038002027945
2.288 0.44664323610396
2.292 0.4457220770367004
2.296 0.44665098256296704
2.3 0.44934560183559275
2.304 0.4540299428191804
2.308 0.46091029182178456
2.312 0.46923282155764146
2.316 0.47876447876447875
2.32 0.48906989867268574
2.324 0.4998034880864652
2.328 0.5104404367562262
2.332 0.5204987165383205
2.336 0.5294389230432776
2.34 0.5371406521319699
2.344 0.5426932727924484
2.348 0.5464214805710503
2.352 0.5483178071957228
2.356 0.5486546258754147
2.36 0.5475612247213963
2.364 0.5456331926486679
2.368 0.5430723950096643
2.372 0.5401909122322046
2.376 0.5373311815170304
2.38 0.5346232604789168
2.384 0.5321301275315738
2.388 0.5295960931936107
2.392 0.5271032177520035
2.396 0.5244408945686901
2.4 0.5214053324869068
2.404 0.5178007578149668
2.408 0.5138424633292697
2.412 0.509356610435465
2.416 0.5044067531043127
2.42 0.49946201850656335
2.424 0.49470801134696274
2.428 0.49033622495936713
2.432 0.48646368737003176
2.436 0.48334808694796894
2.44 0.48109612840812616
2.444 0.47973508883248733
2.448 0.47920444807588836
2.452 0.4795983806966211
2.456 0.4806928397152824
2.46 0.4822768382203837
2.464 0.4843176441797863
2.468 0.4573156195140981
2.472 0.4267517396028389
2.476 0.39171659157300587
2.48 0.3510173644401832
2.484 0.303509226473213
2.488 0.24752785079484294
2.492 0.1805574578824819
2.496 0.09963364429504853
2.5 0.0
