0.4	 1.0
0.401	 1.0
0.402	 0.8999999999999999
0.403	 0.8181818181818182
0.404	 0.75
0.405	 0.6923076923076923
0.406	 0.6428571428571428
0.407	 0.6000000000000001
0.408	 0.5625
0.409	 0.5294117647058824
0.41	 0.5
0.411	 0.5
0.412	 0.5
0.413	 0.5
0.414	 0.5
0.415	 0.5
0.416	 0.5
0.417	 0.5
0.418	 0.5
0.419	 0.5
0.42	 0.5
0.421	 0.5
0.422	 0.5
0.423	 0.5
0.424	 0.5
0.425	 0.5
0.426	 0.5
0.427	 0.5
0.428	 0.5
0.429	 0.5
0.43	 0.5004834048155348
0.431	 0.5025574960040015
0.432	 0.5059084516395829
0.433	 0.510322912395561
0.434	 0.5158222327085303
0.435	 0.521560150526822
0.436	 0.5282175481151934
0.437	 0.5353974140825061
0.438	 0.5429267116909626
0.439	 0.5501656396448379
0.44	 0.5558617703179694
0.441	 0.5591995591925718
0.442	 0.5608209088259606
0.443	 0.5602344309378042
0.444	 0.5588477984831542
0.445	 0.5566489163322358
0.446	 0.55306132296106
0.447	 0.5485839804366387
0.448	 0.543450064850843
0.449	 0.5384582731980644
0.45	 0.5343552900881333
0.451	 0.5305121760270303
0.452	 0.5278059877320551
0.453	 0.5255838257164678
0.454	 0.5232267037552156
0.455	 0.521585279547063
0.456	 0.5203100050628968
0.457	 0.5196944562323984
0.458	 0.5190725791024218
0.459	 0.5187236787191258
0.46	 0.5187525862393259
0.461	 0.5187455612454679
0.462	 0.518688646045564
0.463	 0.5191939991175173
0.464	 0.5196629213483146
0.465	 0.520026050146532
0.466	 0.520425012563716
0.467	 0.5209289092784238
0.468	 0.5219520789288232
0.469	 0.5227590058642837
0.47	 0.5238588495269664
0.471	 0.5254248880073865
0.472	 0.5263353743107473
0.473	 0.5273165506159614
0.474	 0.5285298206129609
0.475	 0.5299408051803645
0.476	 0.5314004977536443
0.477	 0.5322369471499282
0.478	 0.5331400296258944
0.479	 0.5339080638635587
0.48	 0.5342440521872602
0.481	 0.5347604917337856
0.482	 0.5351914919041644
0.483	 0.5358047975481817
0.484	 0.5360276599453774
0.485	 0.5358615948670944
0.486	 0.5358272162619988
0.487	 0.5358545211506865
0.488	 0.5356064349640367
0.489	 0.5354473570190642
0.49	 0.5348781270044901
0.491	 0.5344527625474483
0.492	 0.533924761954316
0.493	 0.5329685854460456
0.494	 0.5320956656268229
0.495	 0.5311160680718815
0.496	 0.5300366481774961
0.497	 0.5290748898678413
0.498	 0.5277058268174005
0.499	 0.526701294970917
0.5	 0.5257470556174316
0.501	 0.5243848084637218
0.502	 0.523363834827442
0.503	 0.5222426893852176
0.504	 0.521266885724717
0.505	 0.5204245592595107
0.506	 0.519312822816079
0.507	 0.5182188941632679
0.508	 0.517336816933841
0.509	 0.5161829375549691
0.51	 0.5153143706033992
0.511	 0.5142757811481464
0.512	 0.5134825881387768
0.513	 0.5128546575313043
0.514	 0.511817754412959
0.515	 0.5109419195678527
0.516	 0.5103747618039381
0.517	 0.5098336811484222
0.518	 0.5094169273731288
0.519	 0.5087983595924089
0.52	 0.5083784910379325
0.521	 0.5079520176295711
0.522	 0.5071082190077507
0.523	 0.5066834700328492
0.524	 0.5062975407639505
0.525	 0.505983714426715
0.526	 0.5055283185296109
0.527	 0.5049026632003439
0.528	 0.5043210002655935
0.529	 0.503937168502652
0.53	 0.5035010584595342
0.531	 0.5034548632280615
0.532	 0.5031068513178736
0.533	 0.5029085676064616
0.534	 0.5026728222573199
0.535	 0.5023359288097886
0.536	 0.5020810603305451
0.537	 0.5019988693264417
0.538	 0.5019570656121378
0.539	 0.5020259237607596
0.54	 0.501712259780025
0.541	 0.5016495674914504
0.542	 0.5017095048469491
0.543	 0.5016269634033664
0.544	 0.5017961428084048
0.545	 0.5018351751940473
0.546	 0.502153661224081
0.547	 0.5023119883099466
0.548	 0.5023105083118287
0.549	 0.5023181454836132
0.55	 0.5025167785234899
0.551	 0.5025632841954081
0.552	 0.5028597620518543
0.553	 0.5030544224455278
0.554	 0.5032581055308327
0.555	 0.5034136466478784
0.556	 0.5034470462379651
0.557	 0.503639528443706
0.558	 0.5039216073651145
0.559	 0.5039861078222433
0.56	 0.5041977060423317
0.561	 0.5043088183213316
0.562	 0.5041171268546722
0.563	 0.5040607344632768
0.564	 0.5038194852509108
0.565	 0.503824260088809
0.566	 0.5036329544122817
0.567	 0.5034227206240859
0.568	 0.5035327091889368
0.569	 0.50371147642921
0.57	 0.5035703197764669
0.571	 0.5034867503486751
0.572	 0.5035897435897436
0.573	 0.5037180106228876
0.574	 0.5038194444444445
0.575	 0.5038717879570058
0.576	 0.5042108906322105
0.577	 0.5045394345380909
0.578	 0.5044156242217582
0.579	 0.5044257938708012
0.58	 0.5046666539423205
0.581	 0.5050462733747191
0.582	 0.5053131831574945
0.583	 0.5053298433291604
0.584	 0.5057060126043263
0.585	 0.5060240963855422
0.586	 0.5060186493359706
0.587	 0.5060693750234883
0.588	 0.506290664316652
0.589	 0.5065918653576437
0.59	 0.5068725638299857
0.591	 0.5070076954533626
0.592	 0.5073758339510749
0.593	 0.5076689950844514
0.594	 0.5078099097439676
0.595	 0.5078878257515932
0.596	 0.508130081300813
0.597	 0.5084414754786545
0.598	 0.508795546742828
0.599	 0.5088387272232798
0.6	 0.5088904951210697
0.601	 0.5088502746016026
0.602	 0.5089412228938354
0.603	 0.5091217725364066
0.604	 0.5093086999857611
0.605	 0.5096109515196652
0.606	 0.5097432998250976
0.607	 0.5097411168406047
0.608	 0.5096512912217956
0.609	 0.5097987843219451
0.61	 0.5101153304225303
0.611	 0.5102596097189006
0.612	 0.5102354322010495
0.613	 0.5102191663085518
0.614	 0.5101680988736348
0.615	 0.5102670279297241
0.616	 0.5104516610675625
0.617	 0.5107349786313958
0.618	 0.5110341115521766
0.619	 0.5110809588421529
0.62	 0.5110788776071625
0.621	 0.5112951682241439
0.622	 0.5114691786481573
0.623	 0.5117128380601434
0.624	 0.5119063216508353
0.625	 0.511851586188908
0.626	 0.51185280134997
0.627	 0.5117796185954884
0.628	 0.5118259528247316
0.629	 0.5121522225775504
0.63	 0.5121431072349366
0.631	 0.5122630903937807
0.632	 0.5122608503798027
0.633	 0.5121851770536022
0.634	 0.5121505829470432
0.635	 0.5121883010953158
0.636	 0.5122984400847208
0.637	 0.5124750038455622
0.638	 0.5123243210141156
0.639	 0.5122211223635117
0.64	 0.5121729375739017
0.641	 0.5121903412089321
0.642	 0.5122664866081477
0.643	 0.5123043841834907
0.644	 0.512487185963244
0.645	 0.512582056892779
0.646	 0.5124474001706736
0.647	 0.5122465412488105
0.648	 0.5122363607212093
0.649	 0.5121898159562588
0.65	 0.5122634291406216
0.651	 0.5120024134116734
0.652	 0.5119510521500458
0.653	 0.5117133016424241
0.654	 0.5114368670774024
0.655	 0.511249894267911
0.656	 0.5111307618887204
0.657	 0.5110946538859235
0.658	 0.511142332517249
0.659	 0.5108858235000832
0.66	 0.5107136947769014
0.661	 0.5105737277196452
0.662	 0.5104506992194442
0.663	 0.5103302689819542
0.664	 0.5100938839746024
0.665	 0.509998648831239
0.666	 0.5099319032110462
0.667	 0.5096259552218796
0.668	 0.509255302099471
0.669	 0.5090241175531065
0.67	 0.5088317199310436
0.671	 0.5085583620814994
0.672	 0.50822457230907
0.673	 0.5081254922551851
0.674	 0.5080276879996859
0.675	 0.5076246755110294
0.676	 0.5072499577356724
0.677	 0.5070225265533207
0.678	 0.506937350488136
0.679	 0.5068281171418624
0.68	 0.5066092323518067
0.681	 0.5065091641335437
0.682	 0.5062628743970624
0.683	 0.5059413649185056
0.684	 0.505678490489165
0.685	 0.5055400254129605
0.686	 0.5054832207107268
0.687	 0.5054582252861931
0.688	 0.5051749381531782
0.689	 0.5049127050109592
0.69	 0.5045708896573404
0.691	 0.5042742553004532
0.692	 0.504141655910475
0.693	 0.5039853848367681
0.694	 0.5038475952529669
0.695	 0.5036862392874517
0.696	 0.5033198380566801
0.697	 0.5030036939839057
0.698	 0.5028383330227937
0.699	 0.5027416633584756
0.7	 0.5027818738305596
0.701	 0.5026371177417358
0.702	 0.5024672578191668
0.703	 0.5023660377824728
0.704	 0.5021600671472302
0.705	 0.5020656315899814
0.706	 0.5019721920915097
0.707	 0.5017371805928591
0.708	 0.5016557718112543
0.709	 0.5014393976674376
0.71	 0.5012415183400531
0.711	 0.5010998463901689
0.712	 0.5009090239048719
0.713	 0.5007551293542722
0.714	 0.5005585769178831
0.715	 0.500276178669187
0.716	 0.5002699651499534
0.717	 0.5002147687247647
0.718	 0.5000368071062252
0.719	 0.4998588870482852
0.72	 0.49973623191961825
0.721	 0.49969940494448195
0.722	 0.4995520428075257
0.723	 0.49923257327390386
0.724	 0.49919549971136246
0.725	 0.4991582388144071
0.726	 0.4990045960626245
0.727	 0.49886886173064154
0.728	 0.4987763334276192
0.729	 0.4987880652107044
0.73	 0.4985535435106423
0.731	 0.49831243379074186
0.732	 0.4984597944749748
0.733	 0.4986003033703708
0.734	 0.4985502954929612
0.735	 0.4984813689902956
0.736	 0.4983383368543296
0.737	 0.49840528111556154
0.738	 0.49824943400428057
0.739	 0.49811199286890423
0.74	 0.498253134446702
0.741	 0.4982947428472214
0.742	 0.49813291649608593
0.743	 0.49802592371871274
0.744	 0.49782516839410434
0.745	 0.497923247195762
0.746	 0.4977587967228628
0.747	 0.49759495563752365
0.748	 0.4976237105043222
0.749	 0.4976025173567754
0.75	 0.4974571082259737
0.751	 0.4974232607009731
0.752	 0.49727685893503265
0.753	 0.4974001077545701
0.754	 0.49743435331903085
0.755	 0.49735117627859093
0.756	 0.4975554578017973
0.757	 0.4976537634138057
0.758	 0.4977527099673923
0.759	 0.4978641902193773
0.76	 0.4978493674239079
0.761	 0.49801817722797276
0.762	 0.4980601296616917
0.763	 0.4979956752108652
0.764	 0.4981647428108546
0.765	 0.49821415001139907
0.766	 0.498352678797709
0.767	 0.49835778688004867
0.768	 0.4981849567181987
0.769	 0.4981965505854861
0.77	 0.49823927994813194
0.771	 0.49821303656597776
0.772	 0.49830055375214805
0.773	 0.4983248194244513
0.774	 0.4983302742938717
0.775	 0.4982333056955162
0.776	 0.49802800362489946
0.777	 0.4981996016139742
0.778	 0.4984217857462334
0.779	 0.49855550442296875
0.78	 0.4986376021798365
0.781	 0.4987074812520795
0.782	 0.4988477492702412
0.783	 0.49890475885480046
0.784	 0.4988977467893671
0.785	 0.49910231090820495
0.786	 0.4992428131416838
0.787	 0.49921063777900426
0.788	 0.49917820180281974
0.789	 0.49926817995069844
0.79	 0.4994285273985797
0.791	 0.4998010499428821
0.792	 0.5001475285756437
0.793	 0.5006282695661094
0.794	 0.5011661882304695
0.795	 0.5016518131530424
0.796	 0.5021946381726279
0.797	 0.5027360130919505
0.798	 0.5033662506227884
0.799	 0.5038531220495547
0.8	 0.504156466748266
0.804	 0.50432170271268
0.808	 0.5046376295995122
0.812	 0.5049260146829472
0.816	 0.5053065664807155
0.82	 0.5057028943450504
0.824	 0.5061349307224746
0.828	 0.506643413673262
0.832	 0.5072162885514896
0.836	 0.5077776392870498
0.84	 0.5085752634718632
0.844	 0.5091801085259793
0.848	 0.5097635035054804
0.852	 0.5102869018778361
0.856	 0.5106995431105231
0.86	 0.5111119242779079
0.864	 0.5114725424222916
0.868	 0.511699336130694
0.872	 0.5118616323435601
0.876	 0.5120259684258439
0.88	 0.5122584951311665
0.884	 0.5124786486999431
0.888	 0.5125868926366973
0.892	 0.5127350015852699
0.896	 0.5128867183848959
0.9	 0.5129483692493666
0.904	 0.5130784708249497
0.908	 0.5131951314911535
0.912	 0.5132484061852602
0.916	 0.5132596244719493
0.92	 0.5131899373633716
0.924	 0.5131065882299908
0.928	 0.5129631290930295
0.932	 0.512771014428066
0.936	 0.5124337772249187
0.94	 0.5119979653220099
0.944	 0.5114189442156496
0.948	 0.5108016229849763
0.952	 0.5101108865461299
0.956	 0.5094302660934864
0.96	 0.5087338848710248
0.964	 0.5080869086076687
0.968	 0.5075889685461473
0.972	 0.5072328561471235
0.976	 0.5070937139438486
0.98	 0.507142553010304
0.984	 0.5072934237187443
0.988	 0.5076318126083463
0.992	 0.5080234751182712
0.996	 0.5083966098490815
1.0	 0.5087787258545778
1.004	 0.5090614886731393
1.008	 0.5092265900646329
1.012	 0.5092237139714885
1.016	 0.5090401323955317
1.02	 0.508769216492932
1.024	 0.5084041820443495
1.028	 0.5079256109431837
1.032	 0.5074672605062619
1.036	 0.5070518630156516
1.04	 0.5065694616493714
1.044	 0.506107442369242
1.048	 0.5056930117901415
1.052	 0.5054114517201765
1.056	 0.5052128889559141
1.06	 0.5050504037313807
1.064	 0.5049005376074965
1.068	 0.5047505819587783
1.072	 0.5046416783830406
1.076	 0.5045226130653266
1.08	 0.5045434232086995
1.084	 0.5046148965489893
1.088	 0.5046316456197301
1.092	 0.5046567441309222
1.096	 0.5046136556320117
1.1	 0.5045802052482953
1.104	 0.5045922928065539
1.108	 0.5045939929986958
1.112	 0.5045910176592663
1.116	 0.5045487858503933
1.12	 0.5044478258325042
1.124	 0.5043189498183802
1.128	 0.5041523231616002
1.132	 0.5039174376947797
1.136	 0.5037133992631375
1.14	 0.5034086067319984
1.144	 0.5030330002031674
1.148	 0.5026001391896072
1.152	 0.5021874124793572
1.156	 0.5018187431857434
1.16	 0.5015661292032497
1.164	 0.5014200579576196
1.168	 0.5014472684610873
1.172	 0.5015557177428648
1.176	 0.5019126599875365
1.18	 0.5024739446257501
1.184	 0.5031771057283454
1.188	 0.5039400877695096
1.192	 0.5046581188439483
1.196	 0.5053168217010026
1.2	 0.5058959800998805
1.204	 0.5063551490450688
1.208	 0.5066371472093706
1.212	 0.5067572034338493
1.216	 0.506625200263877
1.22	 0.5063976609286714
1.224	 0.5060593554196526
1.228	 0.5057034576334627
1.232	 0.5053454216113762
1.236	 0.5049386857504939
1.24	 0.5044639535748828
1.244	 0.5040476057854769
1.248	 0.5036520707426495
1.252	 0.5032447995260093
1.256	 0.5028575656130356
1.26	 0.5024018919518143
1.264	 0.5019524218338919
1.268	 0.5014437668939178
1.272	 0.5009773368492874
1.276	 0.5005944426524123
1.28	 0.5002625639135841
1.284	 0.4999217116594365
1.288	 0.4996777223255558
1.292	 0.4994936009575546
1.296	 0.4993324555507472
1.3	 0.4992219081207009
1.304	 0.4992125549139336
1.308	 0.499189194169569
1.312	 0.49906884979901917
1.316	 0.49888368145250567
1.32	 0.49857794522318866
1.324	 0.49813225830312896
1.328	 0.49752307934479667
1.332	 0.49691192017360014
1.336	 0.496275311164778
1.34	 0.4955993450187935
1.344	 0.4948321978769606
1.348	 0.4941600455619146
1.352	 0.4935113539610213
1.356	 0.49289632859755234
1.36	 0.49225589858847646
1.364	 0.49160123810961803
1.368	 0.4907834756484737
1.372	 0.4895741052972499
1.376	 0.48790423064389365
1.38	 0.4857559346250012
1.384	 0.483003729344979
1.388	 0.47957247224707716
1.392	 0.4754564620708859
1.396	 0.47045488892247245
1.4	 0.4645293943144737
1.404	 0.4575914703983674
1.408	 0.449992034411343
1.412	 0.4422135639943131
1.416	 0.43484101607602804
1.42	 0.4286525338087182
1.424	 0.4246143138847002
1.428	 0.42336430919108087
1.432	 0.42529150138237765
1.436	 0.43051405573510576
1.44	 0.4391003075554897
1.444	 0.45080789273083993
1.448	 0.46480812469999755
1.452	 0.480214313050134
1.456	 0.4955371517625997
1.46	 0.5093130564762463
1.464	 0.5203364956234603
1.468	 0.5280527182866557
1.472	 0.5323384399825519
1.476	 0.5334144020302422
1.48	 0.5314909263432571
1.484	 0.5271333071175777
1.488	 0.5209909006886317
1.492	 0.513863240136889
1.496	 0.5070027293345806
1.5	 0.5012283448530441
1.504	 0.4969660885978135
1.508	 0.49414171001464574
1.512	 0.49250853736910416
1.516	 0.4918276374442793
1.52	 0.4918732990625944
1.524	 0.4924207045400043
1.528	 0.49337957922985387
1.532	 0.49417791676200645
1.536	 0.49437728422828237
1.54	 0.4938754000591253
1.544	 0.4925626034768212
1.548	 0.4905564594858445
1.552	 0.4880875977419482
1.556	 0.4852594261916999
1.56	 0.48228257698326393
1.564	 0.4792300710128677
1.568	 0.47624166845839594
1.572	 0.47358086881161304
1.576	 0.4713735242675995
1.58	 0.4696553532732468
1.584	 0.468498771773113
1.588	 0.4676601454905008
1.592	 0.46691939060153065
1.596	 0.46634685063335174
1.6	 0.4658902319023631
1.604	 0.46554521771492374
1.608	 0.46530679983705736
1.612	 0.4651219698707655
1.616	 0.46504667679806466
1.62	 0.46492538486940377
1.624	 0.4647265188965076
1.628	 0.46475685463010863
1.632	 0.4648566228911514
1.636	 0.4650095602294455
1.64	 0.465068042697425
1.644	 0.4651902522445489
1.648	 0.465354944959695
1.652	 0.46564053906840264
1.656	 0.4660173429960293
1.66	 0.46662577572521285
1.664	 0.467289377958945
1.668	 0.4679449215279834
1.672	 0.46871662263196356
1.676	 0.4696903619712168
1.68	 0.4708658698029585
1.684	 0.4721235760998234
1.688	 0.47343023597952094
1.692	 0.4747700967179324
1.696	 0.47609896709104005
1.7	 0.4774017577533084
1.704	 0.4788069073783359
1.708	 0.48018092105263155
1.712	 0.4815643847540882
1.716	 0.4827305379218175
1.72	 0.4837936184085985
1.724	 0.48470792561528364
1.728	 0.4855699548128571
1.732	 0.48634102410155244
1.736	 0.4869936585997153
1.74	 0.48745146526105726
1.744	 0.4878532798325191
1.748	 0.48813254728352584
1.752	 0.488328561990751
1.756	 0.488561946902655
1.76	 0.48886666666666667
1.764	 0.48912849361550137
1.768	 0.4893411938759498
1.772	 0.4896953606623768
1.776	 0.49008536970956235
1.78	 0.49059255565126714
1.784	 0.4910708192096822
1.788	 0.49166970969508855
1.792	 0.4923305860805861
1.796	 0.4929625972952494
1.8	 0.49353071185192
1.804	 0.49421758500496293
1.808	 0.49474610007869274
1.812	 0.495316050642304
1.816	 0.4957475484500627
1.82	 0.4962407765182375
1.824	 0.4966303663456382
1.828	 0.4967999626273008
1.832	 0.49686491039258807
1.836	 0.49682439241603976
1.84	 0.49667770186189575
1.844	 0.49646040593616975
1.848	 0.49595604706548135
1.852	 0.4951311746632001
1.856	 0.4940593354993241
1.86	 0.4926584326884177
1.864	 0.49098948374761
1.868	 0.48898392638331617
1.872	 0.48654529629361
1.876	 0.48351808990132783
1.88	 0.4799518155222854
1.884	 0.47585230799791417
1.888	 0.47128025942032625
1.892	 0.4659137262900265
1.896	 0.4599351911860013
1.9	 0.45310931473556293
1.904	 0.4456078801781136
1.908	 0.4377123912142561
1.912	 0.42941393291559155
1.916	 0.4211969202053196
1.92	 0.41356522783935595
1.924	 0.40701776100006193
1.928	 0.40226366969552046
1.932	 0.39969779588082655
1.936	 0.40022311618944595
1.94	 0.40369906827979424
1.944	 0.41003287123052734
1.948	 0.41928744226962833
1.952	 0.4307247030521727
1.956	 0.4439182164722189
1.96	 0.4579954334304385
1.964	 0.4723414497171969
1.968	 0.48611111111111105
1.972	 0.4987435633367662
1.976	 0.5094472528383194
1.98	 0.5184739788513374
1.984	 0.5257851239669421
1.988	 0.5311693102176318
1.992	 0.5349620551113997
1.996	 0.5373038487779428
2.0	 0.5383882871086775
2.004	 0.5381628490743646
2.008	 0.5368465986262564
2.012	 0.5345967555931422
2.016	 0.5314226914135447
2.02	 0.527421854329667
2.024	 0.5229632962171484
2.028	 0.5182156133828997
2.032	 0.5135613860290048
2.036	 0.509057572423909
2.04	 0.505250492233647
2.044	 0.5021407837445574
2.048	 0.4998915479719472
2.052	 0.49843113210949613
2.056	 0.49756783050481035
2.06	 0.4973161857415613
2.064	 0.49755060874576756
2.068	 0.49820014398848095
2.072	 0.4993344605532971
2.076	 0.500665443689076
2.08	 0.5020304021274302
2.084	 0.5034801951779564
2.088	 0.5048696648524779
2.092	 0.5065871684101538
2.096	 0.5084540632897875
2.1	 0.5102699634609245
2.104	 0.5119426188961911
2.108	 0.5133101241340507
2.112	 0.5144136579904841
2.116	 0.5155744266174781
2.12	 0.5166257222933461
2.124	 0.5175673817381738
2.128	 0.5183110139382344
2.132	 0.5187069638071978
2.136	 0.5190086540728021
2.14	 0.5192995354743841
2.144	 0.5195954907161804
2.148	 0.5199302769190292
2.152	 0.5202453587392738
2.156	 0.5205204557224237
2.16	 0.5208279845956355
2.164	 0.5211209364463388
2.168	 0.5214483976785265
2.172	 0.5216915329517375
2.176	 0.5219589355499039
2.18	 0.5223031756279012
2.184	 0.5227203508558202
2.188	 0.5229631864815933
2.192	 0.5232328668819519
2.196	 0.5233833204907831
2.2	 0.5233913835129659
2.204	 0.5232649498035792
2.208	 0.5230924563680946
2.212	 0.522679792805426
2.216	 0.521944152487004
2.22	 0.5208010153715978
2.224	 0.5193783253990479
2.228	 0.5177393772435095
2.232	 0.5159336099585062
2.236	 0.5138200638696179
2.24	 0.5115386723674834
2.244	 0.5089970783387489
2.248	 0.506356682002559
2.252	 0.5036551892817348
2.256	 0.5008014779797321
2.26	 0.49772869461143004
2.264	 0.4944944126464977
2.268	 0.4907627884062731
2.272	 0.4868909736168808
2.276	 0.4829343971631206
2.28	 0.4790811912138212
2.284	 0.475477644278117
2.288	 0.47210081171595614
2.292	 0.46928782108187045
2.296	 0.4674236514402935
2.3	 0.46639059811612377
2.304	 0.4667587585233952
2.308	 0.46850638764561175
2.312	 0.4712121664824166
2.316	 0.4747182546857109
2.32	 0.4785686077948906
2.324	 0.4827037286475235
2.328	 0.48688999938305877
2.332	 0.49058128691327324
2.336	 0.4935670683988104
2.34	 0.4957593719456443
2.344	 0.4964806594800254
2.348	 0.49623916369199395
2.352	 0.495053309000096
2.356	 0.4931471591274692
2.36	 0.4906233833419556
2.364	 0.4876693634857198
2.368	 0.48440205141606507
2.372	 0.4811454121050728
2.376	 0.4780867262495862
2.38	 0.47518440639498005
2.384	 0.4725478307733763
2.388	 0.46993940219241503
2.392	 0.4676169817167648
2.396	 0.465644064842252
2.4	 0.4638541445834217
2.404	 0.46217794818504326
2.408	 0.460822455732102
2.412	 0.4591248429300022
2.416	 0.45725451880801166
2.42	 0.45537661145327263
2.424	 0.4534439769362631
2.428	 0.45137315686975876
2.432	 0.4486440402728159
2.436	 0.44537640659386296
2.44	 0.44176553131777013
2.444	 0.4385043704725117
2.448	 0.43587335648585784
2.452	 0.43455688105186924
2.456	 0.4341300203864278
2.46	 0.43483743255694185
2.464	 0.43671608333604023
2.468	 0.4116994772870622
2.472	 0.38495391651600436
2.476	 0.355902538877865
2.48	 0.3222192735113617
2.484	 0.2817443262985639
2.488	 0.23231322797441406
2.492	 0.17144773517882486
2.496	 0.09568889509157626
2.5	 0.0
