25.0442 1.0
24.9238 1.0
24.8045 0.8839042696959467
24.6864 0.7892866597729381
24.5694 0.7102840212947318
24.4536 0.6433969518013832
24.3388 0.587479705467276
24.225 0.5405140968087586
24.1124 0.5006548667107866
24.0007 0.4671893356542807
23.8901 0.4390905712218007
23.7805 0.4448361847174985
23.6719 0.4513970050420066
23.5643 0.4588101581213968
23.4577 0.46716684882104886
23.352 0.47552859858303087
23.2473 0.4833278386263969
23.1435 0.49073881869559105
23.0407 0.49701036256984454
22.9387 0.5020249666578211
22.8377 0.5058110123324625
22.7375 0.5087406708940786
22.6382 0.5111086771484552
22.5398 0.5127962505897867
22.4422 0.5140634514593342
22.3455 0.5154055409513666
22.2496 0.5169728985033993
22.1545 0.518685460424948
22.0602 0.5208131494859474
21.9668 0.523121135414427
21.8741 0.5251747628785183
21.7822 0.5263156700183628
21.691 0.526482641674413
21.6007 0.525543037896815
21.511 0.5230249393061825
21.4221 0.5185850375440417
21.334 0.5125880605910329
21.2465 0.5052346381547222
21.1598 0.49701894558641035
21.0738 0.4886740241326796
20.9885 0.48108506783203026
20.9038 0.475155339455536
20.8199 0.47140071074053497
20.7366 0.4703877185864136
20.654 0.4724333493551921
20.572 0.47738220806193793
20.4907 0.4845505186506609
20.41 0.4933803737746541
20.33 0.5031955893274168
20.2506 0.5130171751768609
20.1718 0.5220176501586529
20.0936 0.5295320332308371
20.016 0.5352624485570368
19.9391 0.5388397802088593
19.8627 0.5405470127730346
19.7869 0.5406797396261895
19.7116 0.5398253381095294
19.637 0.5382457203851669
19.5628 0.5366254759035132
19.4893 0.5351208472788783
19.4163 0.5341113971664955
19.3439 0.5334803769680984
19.2719 0.5333944593755987
19.2006 0.5336257494776966
19.1297 0.5341269760870767
19.0594 0.5346819968237072
18.9896 0.5352311741631488
18.9203 0.5357683513229629
18.8515 0.5362514982894288
18.7832 0.5366211553529572
18.7153 0.5369647542466518
18.648 0.5372212019032669
18.5812 0.5373806782614807
18.5148 0.5373514594074681
18.4489 0.5371724763934131
18.3835 0.5368141376912227
18.3185 0.5363000650039538
18.2541 0.535560352408879
18.19 0.5346230165980866
18.1264 0.5334187747673109
18.0633 0.5321105583045466
18.0005 0.5307324367406917
17.9382 0.5293147471941986
17.8764 0.5279252715782712
17.815 0.5265055827764218
17.7539 0.5250706719282432
17.6934 0.523658503605281
17.6332 0.522420903321223
17.5734 0.5212836954008893
17.514 0.5202281306317326
17.4551 0.519152793534571
17.3965 0.5181877539946703
17.3383 0.5172126328832102
17.2805 0.5164177571659025
17.2231 0.5156791133000688
17.1661 0.5151617728505594
17.1094 0.5146585275188885
17.0531 0.5142750086076328
16.9972 0.5138940264615357
16.9417 0.5136496491442591
16.8865 0.5134128166352947
16.8317 0.5132875886508326
16.7772 0.513124716553288
16.7231 0.5130242625595202
16.6693 0.5128795356617234
16.6159 0.512774378188799
16.5628 0.5126477549322815
16.51 0.5126087437547285
16.4576 0.5125445069427429
16.4055 0.5125488959626368
16.3538 0.5125215597216376
16.3024 0.5125231777078393
16.2513 0.5123735556629632
16.2005 0.5121797857672897
16.15 0.5118459459883287
16.0998 0.5114372045796716
16.05 0.5108342692578164
16.0005 0.5101331242231616
15.9513 0.5092624539070065
15.9023 0.5083054725613693
15.8537 0.5072265449073377
15.8054 0.5061985915341131
15.7573 0.5051903998430274
15.7096 0.5041671751255423
15.6621 0.5031772916307181
15.6149 0.5022419486197391
15.568 0.5013618049120052
15.5214 0.5004446024890252
15.4751 0.49952380504957283
15.429 0.4985805666861174
15.3832 0.49764858703794945
15.3377 0.4965591692730566
15.2925 0.4955022909823669
15.2475 0.49441626056769694
15.2028 0.49340701154301264
15.1583 0.49246120027124307
15.1141 0.49186733193280935
15.0702 0.49158737778876865
15.0265 0.4917379956734975
14.9831 0.4922493255313802
14.9399 0.4933022665907614
14.897 0.4947920024677908
14.8543 0.4967587695136723
14.8119 0.49901460797652786
14.7697 0.5015810023700805
14.7277 0.5041086709466002
14.686 0.5065630632480299
14.6445 0.5087606244304855
14.6033 0.5107704879401537
14.5622 0.5123625112432073
14.5214 0.5135564338116341
14.4809 0.514246158121159
14.4405 0.5146385559755021
14.4004 0.514602387533692
14.3605 0.5143288921881692
14.3209 0.5138449730331732
14.2814 0.513251931584312
14.2422 0.5124870019838632
14.2032 0.5116408095138524
14.1643 0.5107874406463068
14.1258 0.5099259480370508
14.0874 0.5090306994354971
14.0492 0.5080751207161872
14.0112 0.5071683452438509
13.9734 0.5061993899120658
13.9359 0.5052810269509195
13.8985 0.5043301619401851
13.8614 0.5034647950289263
13.8244 0.5025718595181162
13.7876 0.5017278129264923
13.7511 0.5008511165259503
13.7147 0.5000815093289329
13.6785 0.4992693874859606
13.6425 0.4985110578700595
13.6067 0.4976608203613016
13.5711 0.49688896850576303
13.5356 0.49609656942652997
13.5004 0.49534428616353615
13.4653 0.4945748234799274
13.4304 0.4939234996344615
13.3957 0.4932424425618782
13.3612 0.492668462447147
13.3269 0.4921189728695977
13.2927 0.49169902811270133
13.2587 0.4911980055731178
13.2249 0.49066087789758844
13.1912 0.49005419954402324
13.1577 0.4894873617888801
13.1244 0.4888798876309176
13.0913 0.4883477833282625
13.0583 0.4878813060989825
13.0255 0.4875108163416404
12.9929 0.4872611486556105
12.9604 0.4872191470903431
12.9281 0.48754227305751596
12.8959 0.48814035299417025
12.8639 0.4889227791890707
12.8321 0.48981334675918214
12.8004 0.490769726214033
12.7688 0.4916263057113125
12.7375 0.4924236932182462
12.7063 0.4929840930848744
12.6752 0.4932921315025178
12.6443 0.4931236344212282
12.6135 0.49252528449950195
12.5829 0.4915157592222803
12.5524 0.49024547134234947
12.5221 0.48874983451821663
12.4919 0.4872512363677076
12.4619 0.4857871769480266
12.432 0.48463234615719214
12.4023 0.48390404667602344
12.3727 0.4838423873137446
12.3432 0.4845103113018552
12.3139 0.48605761754339727
12.2847 0.4881935918077468
12.2557 0.4908244029405734
12.2268 0.49362507358500146
12.198 0.4964124800158659
12.1694 0.49887904697921137
12.1409 0.500848003014318
12.1125 0.502140168910687
12.0843 0.5026647025286128
12.0562 0.5023735961802361
12.0282 0.5014345381068877
12.0004 0.5001617228508907
11.9726 0.49875609583823755
11.945 0.49742009316841523
11.9176 0.4963018811028461
11.8903 0.49556890854245467
11.8631 0.49516079990040324
11.836 0.4950517224549076
11.809 0.4950566315301731
11.7822 0.49509259419101137
11.7555 0.49489525927087746
11.7289 0.4943859868961975
11.7024 0.49357917775019666
11.676 0.4926410560267497
11.6498 0.49156563810898773
11.6237 0.49051489308599266
11.5977 0.4895728198792703
11.5718 0.48901283740534257
11.546 0.48890627414087473
11.5203 0.48930797481103666
11.4948 0.49014407112503355
11.4694 0.49144503927242345
11.444 0.4928849197362984
11.4188 0.4943259903755572
11.3937 0.49555423767717366
11.3688 0.49648791767526723
11.3439 0.4968821974937362
11.3191 0.4966496848223214
11.2944 0.4958359870319778
11.2699 0.4944980379991702
11.2455 0.4926112268865792
11.2211 0.49023503940428803
11.1969 0.48752793825213886
11.1727 0.48460507967900074
11.1487 0.48171878017189834
11.1248 0.47896435991259073
11.101 0.4764735012296292
11.0773 0.4741267803329251
11.0536 0.47205323331783966
11.0301 0.4702544501104794
11.0067 0.4688643245315951
10.9834 0.46790460915955734
10.9602 0.46736809198477625
10.937 0.4669601255175866
10.914 0.46666016623106354
10.8911 0.46646970285064643
10.8682 0.4665527003329291
10.8455 0.4669775482595598
10.8229 0.4672540661923976
10.8003 0.4673560036627942
10.7779 0.46731392655307824
10.7555 0.46698467945501043
10.7332 0.46654427468129983
10.7111 0.46605261187534375
10.689 0.4654216573420964
10.667 0.4644479515394022
10.6451 0.46294606571246233
10.6233 0.4613184195894617
10.6015 0.4598787453132375
10.5799 0.458469881753217
10.5584 0.4571018565563533
10.5369 0.4558111041333929
10.5155 0.4545164350759072
10.4942 0.45331800052353355
10.473 0.45231114611776935
10.4519 0.45156354929106524
10.4309 0.4511468966915358
10.4099 0.4506700445586962
10.3891 0.45014992317001434
10.3683 0.44979280661030085
10.3476 0.4495010354809873
10.327 0.44925721233652915
10.3065 0.4490160704217625
10.286 0.44880989562505147
10.2656 0.44862757712662493
10.2454 0.44850937156620785
10.2251 0.4484971251767816
10.205 0.4486177418012622
10.185 0.44888765279184367
10.165 0.4493407077704154
10.1451 0.4500282787151537
10.1253 0.45100272565258415
10.1056 0.45227210591816913
10.0859 0.45381208363648096
10.0663 0.4556381912588073
10.0468 0.4577617534383894
10.0274 0.4601552941418653
10.008 0.46273124970730334
9.9887 0.4654858250716432
9.9695 0.4683347366109016
9.9504 0.4712370124160708
9.9313 0.4741141805073362
9.9123 0.47701459194600093
9.8934 0.47989826135206365
9.8746 0.48268101273004815
9.8558 0.48532767129553944
9.8371 0.4879378448858989
9.8185 0.4905292786194788
9.7999 0.49327224715253676
9.7814 0.49623560907110986
9.763 0.49949459215150765
9.7447 0.5030308600862475
9.7264 0.506830395240285
9.7082 0.5109165060146842
9.69 0.5153287852611016
9.6719 0.52003372229335
9.6539 0.5248630917507566
9.636 0.5296847531382999
9.6181 0.5342602799790868
9.6003 0.5385231848694441
9.5825 0.5423645501591622
9.5649 0.5457795023050194
9.5472 0.5487477324289889
9.5297 0.5512379831003328
9.5122 0.5531795443584524
9.4948 0.5546290237906277
9.4774 0.5556014124546717
9.4601 0.5562420962861252
9.4429 0.5565671589049965
9.4257 0.5565987835639891
9.4086 0.5563397682134761
9.3916 0.5558255493464307
9.3746 0.5549737101728824
9.3577 0.5538611133644031
9.3408 0.5524935916327921
9.324 0.5508724779792157
9.3073 0.5490328865554575
9.2906 0.5469926646004669
9.274 0.5448036808521888
9.2574 0.5424541555842377
9.2409 0.5400031075523333
9.2245 0.5375399337035561
9.2081 0.5351091355378085
9.1918 0.5327168129434999
9.1755 0.5304913001529644
9.1593 0.5284021647764169
9.1431 0.5265172853714983
9.127 0.5248051348593189
9.111 0.5233697092082942
9.095 0.5221824825330066
9.0791 0.5212278682917254
9.0632 0.5204593540956215
9.0474 0.5199443270735931
9.0316 0.5195956585542805
9.0159 0.5193952858973481
9.0003 0.5193086541360127
8.9847 0.5193531859352973
8.9691 0.5194935642302021
8.9536 0.51965031691789
8.9382 0.5198691344311092
8.9228 0.5201919192072204
8.9075 0.5205556446176757
8.8922 0.5209527156045813
8.877 0.5214110397354709
8.8618 0.5218885347681773
8.8467 0.5224058436351445
8.8316 0.5229257069277591
8.8166 0.523469419405753
8.8016 0.523991965117836
8.7867 0.524470731768408
8.7718 0.5248882613739579
8.757 0.5252593675284067
8.7422 0.5254825427987531
8.7275 0.5256434256096034
8.7129 0.5256596735188171
8.6982 0.5255523414127249
8.6837 0.5252905608221768
8.6692 0.5249773486066509
8.6547 0.5245764201463895
8.6403 0.5241091946295294
8.6259 0.5235627736934253
8.6116 0.5230500725136775
8.5973 0.5225549151034903
8.583 0.5221024264873552
8.5688 0.5217134738333581
8.5547 0.5214248957398168
8.5406 0.5211875477788159
8.5266 0.5209566209903389
8.5126 0.5207400256540445
8.4986 0.5205400113945049
8.4847 0.5203306747130672
8.4708 0.5200478103813987
8.457 0.5197264972591141
8.4432 0.5193229126008365
8.4295 0.518877364199796
8.4158 0.5183464070620296
8.4022 0.5177859403229214
8.3886 0.5171835046908732
8.375 0.5166002581918707
8.3615 0.5159963061689905
8.3481 0.5154091467778663
8.3347 0.5148206102689248
8.3213 0.5142959232287485
8.3079 0.5137851294056645
8.2946 0.5133282880221166
8.2814 0.5128975973284643
8.2682 0.5125556622311975
8.255 0.5122418520693679
8.2419 0.5119732909087501
8.2288 0.5117385461018984
8.2158 0.5115536648192167
8.2028 0.5113718491572266
8.1898 0.5111923303519751
8.1769 0.5110165972817288
8.164 0.5108358863990501
8.1512 0.5106227009009087
8.1384 0.5103482127838223
8.1256 0.5100738893385384
8.1129 0.5097798147999594
8.1002 0.5094892131405687
8.0876 0.509182648105976
8.075 0.5089206102504752
8.0624 0.5086866184393749
8.0499 0.5085049287096373
8.0374 0.5083184890739781
8.025 0.5081944781252298
8.0126 0.5080574994640007
8.0002 0.5079092303660167
7.9879 0.5077136089074604
7.9756 0.5075282522154906
7.9634 0.5072945286657832
7.9512 0.5070000021493208
7.939 0.5066180581276369
7.9268 0.506231569587743
7.9147 0.5058317756062202
7.9027 0.5054603970893136
7.8906 0.5051337954823184
7.8786 0.5048673386060407
7.8667 0.504636870223924
7.8548 0.504435973036837
7.8429 0.5042805571781876
7.831 0.5042021200257606
7.8192 0.5041773260994982
7.8075 0.504142413609757
7.7957 0.5041124598310125
7.784 0.5040563366567887
7.7723 0.5040035013858676
7.7607 0.5039308287592713
7.7491 0.5038765012096975
7.7375 0.5038105155078305
7.726 0.50375790035218
7.7145 0.503673543702895
7.7031 0.5036330829591709
7.6916 0.5035821365804152
7.6802 0.5035652977726375
7.6689 0.5035341596653672
7.6575 0.5035218610589723
7.6462 0.5034913381701416
7.635 0.503480131551501
7.6238 0.5034450234746615
7.6126 0.5034279354799381
7.6014 0.5033746542994688
7.5903 0.503318372437368
7.5792 0.5032587518051276
7.5681 0.5032067619600692
7.5571 0.5031233272986322
7.5461 0.5030293193616447
7.5351 0.5029238504196966
7.5242 0.5028181704873056
7.5133 0.5027188851380808
7.5024 0.5026157423334403
7.4916 0.502541447602607
7.4807 0.502442881374632
7.47 0.5023565809879601
7.4592 0.5022654558357181
7.4485 0.5022340993771982
7.4378 0.5021994417105629
7.4272 0.5021911841526707
7.4165 0.5021548337557976
7.4059 0.5021571186164829
7.3954 0.5021361724260436
7.3848 0.502149232573865
7.3743 0.5021341897490915
7.3639 0.5021452830349752
7.3534 0.5021083411257462
7.343 0.5020835932005364
7.3326 0.5020238226155269
7.3223 0.5019841059094212
7.3119 0.5019247647813171
7.3016 0.5018909969566672
7.2914 0.5018633381016527
7.2811 0.5018580713245038
7.2709 0.5018822786301939
7.2607 0.5019377538001966
7.2506 0.5020071978263497
7.2404 0.5020848957866756
7.2303 0.5021928321333465
7.2203 0.5022909351540763
7.2102 0.5023827082788205
7.2002 0.5024041460628262
7.1902 0.5023959897962977
7.1803 0.5023125057180207
7.1703 0.5021965891107548
7.1604 0.5020109333848424
7.1506 0.5018455783394293
7.1407 0.5016397805607771
7.1309 0.5014658731428749
7.1211 0.5012488750340387
7.1113 0.501101477057267
7.1016 0.5009901933420751
7.0919 0.5009598433195857
7.0822 0.5009513050988477
7.0725 0.5010311515938556
7.0629 0.5011277264713809
7.0533 0.5012657834693898
7.0437 0.5013961850755375
7.0341 0.5015400546508483
7.0246 0.5016987196166096
7.0151 0.5018481053677344
7.0056 0.5019633685862969
6.9962 0.5020530475627185
6.9867 0.5021165288599301
6.9773 0.5021099597662068
6.9679 0.5020645256761795
6.9586 0.501957910269107
6.9493 0.5018868214324242
6.94 0.5017587025851409
6.9307 0.5016016366340297
6.9214 0.5013953568102556
6.9122 0.5012218074086444
6.903 0.501016133072189
6.8938 0.5008585130995497
6.8847 0.5007011796337455
6.8755 0.5006336384542028
6.8664 0.5005530524570195
6.8573 0.5004776831626344
6.8483 0.5004201907174912
6.8393 0.5004593217290995
6.8302 0.50049722733674
6.8213 0.5005550404380593
6.8123 0.5006190970618702
6.8034 0.5007265360924361
6.7944 0.5008231354610865
6.7855 0.500888413531312
6.7767 0.5009698490857681
6.7678 0.5010717446752956
6.759 0.5011627546432669
6.7502 0.5012113379505801
6.7414 0.5012801770024236
6.7327 0.5013203864749112
6.7239 0.5013663275286637
6.7152 0.5013783728015778
6.7065 0.5014150124603255
6.6979 0.501405049980143
6.6892 0.5014157076584891
6.6806 0.5013657187517352
6.672 0.501346190339224
6.6634 0.501297215634104
6.6549 0.5013000542029522
6.6464 0.5012741112976882
6.6378 0.5012149635677681
6.6294 0.5011121269460586
6.6209 0.5010587679426642
6.6124 0.5009853799275613
6.604 0.5009198272175625
6.5956 0.5008499061465369
6.5872 0.500792509417864
6.5789 0.5007343245586242
6.5705 0.5006860296295689
6.5622 0.5006700752937799
6.5539 0.5006847090659847
6.5456 0.5007126996119418
6.5374 0.5007055536200593
6.5292 0.5007336908279311
6.5209 0.5007499425468748
6.5128 0.5008024897622568
6.5046 0.5008125948740572
6.4964 0.5008235892835803
6.4883 0.5008027976891217
6.4802 0.500809903030577
6.4721 0.5007679371126262
6.464 0.5007554369996648
6.456 0.5007123648301185
6.448 0.5007035686507991
6.4399 0.5006542045636596
6.432 0.5005883646829469
6.424 0.5004715551572431
6.416 0.5003894421681777
6.4081 0.5002529464241516
6.4002 0.5001160897979247
6.3923 0.5000062018060604
6.3844 0.49989876879466005
6.3766 0.4997782722910769
6.3687 0.49963500125072396
6.3609 0.49950556724955913
6.3531 0.49937297703554984
6.3454 0.49924225479060014
6.3376 0.4990752496352891
6.3299 0.49893933548020303
6.3221 0.4987357684036405
6.3144 0.4985179844446273
6.3068 0.4982239650684576
6.2991 0.49791081586620495
6.2914 0.49751935273164644
6.2838 0.49710821626766777
6.2762 0.49660184124311185
6.2686 0.496094804826753
6.2611 0.4955071857231355
6.2535 0.494913691450041
6.246 0.4942692402654583
6.2385 0.49363976926326625
6.231 0.49302709551945023
6.2235 0.49250165095465065
6.216 0.4920652228824083
6.2086 0.49178266872885346
6.2011 0.49170758817256505
6.1937 0.49186480969957713
6.1863 0.4922444607141212
6.179 0.4928143375527629
6.1716 0.4936139880878251
6.1643 0.49458417544240524
6.157 0.4957486694000321
6.1496 0.49702155099731504
6.1424 0.49842772680353037
6.1351 0.49981001319517737
6.1278 0.5011427610085688
6.1206 0.5023504353169809
6.1134 0.5035405670578773
6.1062 0.5045495921933045
6.099 0.5054378786471813
6.0918 0.5061560704148823
6.0847 0.5067758930156983
6.0776 0.5072335967417553
6.0704 0.5075762433847116
6.0633 0.5078007523948557
6.0563 0.5079521084428442
6.0492 0.507940609900615
6.0421 0.5078041507599734
6.0351 0.5076025958535216
6.0281 0.5073180195491156
6.0211 0.5069042213488193
6.0141 0.5063322369207837
6.0071 0.5056791034701966
6.0002 0.5049604270167736
5.9932 0.5041977940322989
5.9863 0.5033762864393809
5.9794 0.5026525311405039
5.9725 0.5019348019913141
5.9657 0.501307696749727
5.9588 0.5007889555094345
5.952 0.5004670114961128
5.9451 0.5002253134512927
5.9383 0.5000930393470892
5.9315 0.49996186681437843
5.9247 0.49997700110441873
5.918 0.500052099866392
5.9112 0.5001948772002401
5.9045 0.5003261885154991
5.8978 0.5004476188117819
5.8911 0.5004983549599598
5.8844 0.5005619077742824
5.8777 0.5006219137053636
5.8711 0.500710310188613
5.8644 0.5008111900170507
5.8578 0.5008640691019792
5.8512 0.5009166173652789
5.8446 0.500937587400595
5.838 0.5009751381813323
5.8314 0.5009957718789977
5.8249 0.5010368791632748
5.8184 0.5009992261402447
5.8118 0.500993085227844
5.8053 0.5009499183641432
5.7988 0.5009377916569026
5.7924 0.5008698487648839
5.7859 0.5008320697157943
5.7794 0.500744145210426
5.773 0.500677139110704
5.7666 0.5005591963700851
5.7602 0.5004767510545037
5.7538 0.5003906020685329
5.7474 0.5003178121543013
5.741 0.5002239132563675
5.7347 0.5001679432815486
5.7283 0.5001138861466432
5.722 0.5000602727513244
5.7157 0.5000219831390786
5.7094 0.5000042731890751
5.7031 0.500038429399515
5.6969 0.5000753567064572
5.6906 0.5001232290614335
5.6844 0.5001477997673945
5.6782 0.5001839355393426
5.6719 0.5001756984855991
5.6657 0.500209309761126
5.6596 0.500214071767904
5.6534 0.5002386165622597
5.6472 0.5002065186640621
5.6411 0.5001830804630735
5.6349 0.500130847207145
5.6288 0.500132233201455
5.6227 0.5001000246961559
5.6166 0.5001041681532513
5.6106 0.5000886947242226
5.6045 0.5000947666416041
5.5984 0.5000765789518468
5.5924 0.5000867477758859
5.5864 0.5000940602515411
5.5804 0.5001115437129431
5.5744 0.5000974254192626
5.5684 0.5000787334216154
5.5624 0.5000798740259141
5.5564 0.5000747801207194
5.5505 0.5000827007510305
5.5445 0.5000751211145283
5.5386 0.5001044358735385
5.5327 0.5001152954881617
5.5268 0.5001558217786946
5.5209 0.5001674413972643
5.5151 0.5002255525599413
5.5092 0.5002389135717226
5.5033 0.500285694402756
5.4975 0.5002900800679413
5.4917 0.5003378269832804
5.4859 0.5003516289415151
5.4801 0.5003945798459022
5.4743 0.5004038014500883
5.4685 0.5004437290190489
5.4628 0.5004543024184323
5.457 0.5004653638889994
5.4513 0.5004488096187061
5.4455 0.5004396914411634
5.4398 0.5004241432859868
5.4341 0.5003969747670343
5.4284 0.5003576339940516
5.4228 0.5003013916151312
5.4171 0.5002598151128715
5.4114 0.5002127408507442
5.4058 0.5002192383167721
5.4002 0.5002273478546895
5.3945 0.5002799591386105
5.3889 0.5003074002629899
5.3833 0.5003658940708852
5.3778 0.5003906715462172
5.3722 0.500463465372341
5.3666 0.500501842826949
5.3611 0.500566916922045
5.3555 0.5005665609257022
5.35 0.5005709466714856
5.3445 0.5005359049945391
5.339 0.5005247807576472
5.3335 0.5004875457139544
5.328 0.5004816631316792
5.3225 0.5004578885289258
5.3171 0.5004412080212264
5.3116 0.5004195247401036
5.3062 0.5004136057795692
5.3008 0.5004321915332055
5.2954 0.5004444466644835
5.29 0.5004546714779338
5.2846 0.5004494093924473
5.2792 0.5004631072411696
5.2738 0.5004498009748947
5.2684 0.5004717203135238
5.2631 0.5004675605465814
5.2578 0.5004953912285441
5.2524 0.5004723525838278
5.2471 0.5004782599190586
5.2418 0.5004514780790492
5.2365 0.500460245848208
5.2312 0.500441596116968
5.226 0.5004577930457875
5.2207 0.5004359104961349
5.2154 0.5004350084009713
5.2102 0.5004092277009419
5.205 0.5004045702160231
5.1998 0.5003795722445751
5.1945 0.5003806488112822
5.1893 0.5003789260287654
5.1842 0.5003763141262564
5.179 0.5003585739744792
5.1738 0.5003426509910611
5.1686 0.500336082330018
5.1635 0.5003167358210397
5.1584 0.5003223115096498
5.1532 0.5003134945965189
5.1481 0.5003306966450495
5.143 0.5003093944216972
5.1379 0.5003255337782911
5.1328 0.5003171625876676
5.1277 0.5003491678421647
5.1227 0.5003344739768384
5.1176 0.5003596184682021
5.1126 0.5003421106002991
5.1075 0.5003528628791428
5.1025 0.5003329265450275
5.0975 0.5003475128708524
5.0925 0.5003266104806572
5.0875 0.5003249662204267
5.0825 0.5002986478536605
5.0775 0.500295912267077
5.0726 0.5002916420938679
5.0676 0.5002971540082789
5.0627 0.5002989524204127
5.0577 0.5002878643419172
5.0528 0.5002834320308187
5.0479 0.5002651093591965
5.043 0.5002680650993658
5.038 0.5002509326078737
5.0332 0.5002577542338605
5.0283 0.5002225329484244
5.0234 0.5002124006099752
5.0185 0.5001794021645498
5.0137 0.5001869087562516
5.0088 0.5001681063958462
5.004 0.5001854353818777
4.9992 0.5001705835779152
4.9944 0.5001950509318861
4.9896 0.5001866810166116
4.9848 0.5002128122722723
4.98 0.5002114532918054
4.9752 0.5002234469229323
4.9704 0.500205153157026
4.9657 0.5002009884948195
4.9609 0.5001765427013055
4.9562 0.500158473367088
4.9514 0.5001327907913905
4.9467 0.5000974540398399
4.942 0.5000694117402517
4.9373 0.5000371638035952
4.9326 0.5000356374099076
4.9279 0.5000208110890232
4.9232 0.5000304245873496
4.9186 0.5000292997261828
4.9139 0.5000632900426372
4.9092 0.5000567541790014
4.9046 0.5000925548062018
4.9 0.5000953731640522
4.8953 0.5001312567013295
4.8907 0.5001229379829675
4.8861 0.5001458071341385
4.8815 0.5001428387762273
4.8769 0.5001580503930141
4.8723 0.5001285558437032
4.8678 0.5001361962431933
4.8632 0.5001319640829843
4.8586 0.5001400908640274
4.8541 0.5001249315580453
4.8495 0.5001175573904134
4.845 0.5001142217300644
4.8405 0.5000995730496308
4.836 0.5000885857899879
4.8315 0.5000693402973884
4.827 0.5000753821553153
4.8225 0.5000435705837417
4.818 0.5000233532936887
4.8135 0.49998760498020967
4.809 0.49999329906249573
4.8046 0.49996528792130673
4.8001 0.4999666679493323
4.7957 0.4999452138440273
4.7913 0.4999678193771523
4.7868 0.4999602560682542
4.7824 0.4999813938507683
4.778 0.4999876629617784
4.7736 0.5000304250336948
4.7692 0.500036665622008
4.7648 0.5000638097937883
4.7605 0.5000694193380075
4.7561 0.5000909264909069
4.7517 0.5000911598314239
4.7474 0.5000883933087014
4.7431 0.5000861517849522
4.7387 0.5000897108653314
4.7344 0.5000904862258801
4.7301 0.5000864811951701
4.7258 0.5000859921367939
4.7215 0.5000759811355198
4.7172 0.500091762678256
4.7129 0.5000860650111063
4.7086 0.5000910691204276
4.7043 0.5000728132971052
4.7 0.5000796266138475
4.6958 0.5000532362280005
4.6915 0.5000534942434043
4.6873 0.500027680312227
4.6831 0.5000391193641888
4.6788 0.5000114684720207
4.6746 0.5000214409342499
4.6704 0.5000130767590814
4.6662 0.5000378207304275
4.662 0.5000422467111367
4.6578 0.5000625624007501
4.6536 0.500065667308894
4.6495 0.5001025010426831
4.6453 0.5001487543226247
4.6411 0.5001860277982704
4.637 0.5001998233509862
4.6328 0.500189439535922
4.6287 0.5001835772008493
4.6246 0.5001714435095359
4.6205 0.5001727923046839
4.6163 0.5001549735062809
4.6122 0.5001352461606522
4.6081 0.5000538342882935
4.604 0.4999865562702818
4.6 0.4999181935480905
4.5959 0.4999186246584921
4.5918 0.4999006440186348
4.5877 0.49989975309963985
4.5837 0.4998698193890519
4.5796 0.4998801353307446
4.5756 0.49987034012937953
4.5716 0.49989819873812397
4.5675 0.49992171525692936
4.5635 0.49995038408236314
4.5595 0.4999481964700161
4.5555 0.4999536849431474
4.5515 0.49994874111747356
4.5475 0.49995365453660595
4.5435 0.49995020206811125
4.5395 0.4999349738616762
4.5356 0.4999235053338793
4.5316 0.499907239737347
4.5276 0.4999158848150164
4.5237 0.49991574242931935
4.5197 0.4999248758698765
4.5158 0.49991277683440083
4.5119 0.49992820840599667
4.508 0.4999269446349543
4.504 0.4999581540221687
4.5001 0.49995640031580313
4.4962 0.4999892509399679
4.4923 0.49999540132202785
4.4884 0.500016813805186
4.4846 0.5000082488402045
4.4807 0.500034288602888
4.4768 0.5000377956518158
4.473 0.5000429682230015
4.4691 0.5000294603772871
4.4652 0.5000397768358562
4.4614 0.500044605519933
4.4576 0.5000449188038735
4.4537 0.500043166759457
4.4499 0.5000490553581813
4.4461 0.5000482804348366
4.4423 0.5000375597356416
4.4385 0.5000433358139351
4.4347 0.5000431907101178
4.4309 0.5000549738392919
4.4271 0.5000412359189395
4.4233 0.5000546251716124
4.4196 0.5000477263659238
4.4158 0.5000722057509337
4.412 0.5000699023395649
4.4083 0.5001010426091828
4.4045 0.500099777455765
4.4008 0.5001171530038914
4.3971 0.500118613929728
4.3934 0.5001353571020252
4.3896 0.5001155105604116
4.3859 0.5001044471025409
4.3822 0.5000644060913799
4.3785 0.5000329784188997
4.3748 0.49998925590537385
4.3711 0.49995943846752333
4.3674 0.4999270885175274
4.3638 0.49988721464529606
4.3601 0.4998529954145027
4.3564 0.4998330911766883
4.3528 0.49984920226013324
4.3491 0.49985811252484036
4.3455 0.49988755144507024
4.3418 0.4998947870941287
4.3382 0.49992256566417315
4.3346 0.4999354959088891
4.331 0.49997454204705616
4.3273 0.499995919698283
4.3237 0.5000312065593774
4.3201 0.5000288219964419
4.3165 0.5000355457829396
4.3129 0.500021666103846
4.3094 0.5000345673702529
4.3058 0.5000315512816946
4.3022 0.5000372117005539
4.2986 0.5000195972123453
4.2951 0.5000218664123688
4.2915 0.5000135049694264
4.288 0.5000075280710852
4.2844 0.4999995977218182
4.2809 0.5000082463591462
4.2774 0.5000145675313689
4.2738 0.5000187902309187
4.2703 0.500039505325519
4.2668 0.5000537819514206
4.2633 0.5000601613150677
4.2598 0.5000573435546593
4.2563 0.5000746951632928
4.2528 0.5000708447079406
4.2493 0.5000711931570907
4.2458 0.5000399636919373
4.2424 0.5000257137874455
4.2389 0.499978911172941
4.2354 0.49995089752937866
4.232 0.4999137766521655
4.2285 0.4999064765304362
4.2251 0.4998652965068695
4.2216 0.49985581830324866
4.2182 0.4998560199713603
4.2148 0.499882540535583
4.2113 0.4998931956153482
4.2079 0.49991606847134684
4.2045 0.4999440513993788
4.2011 0.4999788504993523
4.1977 0.4999886775648649
4.1943 0.4999954019378762
4.1909 0.5000135655837921
4.1875 0.4999930732775383
4.1841 0.49997022247832684
4.1808 0.499934494105073
4.1774 0.49991617962120777
4.174 0.499878290903024
4.1707 0.499843208261401
4.1673 0.4997915415010082
4.164 0.49978914812623004
4.1606 0.49977490771618877
4.1573 0.49978579628692094
4.154 0.4997898365302583
4.1506 0.4998193906209069
4.1473 0.49983821688668323
4.144 0.49987372772269173
4.1407 0.4998984825295048
4.1374 0.49995703328338764
4.1341 0.49999283842785713
4.1308 0.500019586184475
4.1275 0.5000346870246712
4.1242 0.5000402382958475
4.1209 0.5000339992859575
4.1177 0.5000175461971236
4.1144 0.4999992808580227
4.1111 0.4999727299275583
4.1079 0.4999463199970266
4.1046 0.4999065636073996
4.1014 0.4998766392054644
4.0981 0.49983054742560395
4.0949 0.49982211335548066
4.0917 0.4998034353244675
4.0884 0.4998087730086699
4.0852 0.4997930203099073
4.082 0.499812002888934
4.0788 0.49981777800595495
4.0756 0.4998352057786536
4.0724 0.4998354809080717
4.0692 0.49985938999378327
4.066 0.4998606406224784
4.0628 0.4998701661504787
4.0596 0.4998704164310928
4.0565 0.4998842029170269
4.0533 0.4998921979659967
4.0501 0.4998917648888063
4.047 0.4998927400413088
4.0438 0.49990131898535756
4.0406 0.4999122563558852
4.0375 0.49992152912974047
4.0344 0.4999467229487356
4.0312 0.4999381684795177
4.0281 0.49994519251367187
4.025 0.49992759237444595
4.0218 0.4999271842926381
4.0187 0.49990353077368327
4.0156 0.49989352958304734
4.0125 0.49985638655197334
4.0094 0.4998251408251658
4.0063 0.4997658809236665
4.0032 0.49974924387027764
4.0001 0.4997334628066064
3.997 0.49973446150210515
3.994 0.49971780193909926
3.9909 0.49972467563492357
3.9878 0.49973099164229196
3.9847 0.49977011014476974
3.9817 0.49981878820913744
3.9786 0.49988255183892
3.9756 0.4999367430282686
3.9725 0.4999664391874039
3.9695 0.4999930510739147
3.9665 0.5000243061656525
3.9634 0.5000710767138903
3.9604 0.500089963426407
3.9574 0.5000958811256289
3.9544 0.5000480421137286
3.9513 0.5000241076479149
3.9483 0.49999186826168696
3.9453 0.49997681522379306
3.9423 0.4999389216011746
3.9393 0.49991962639278925
3.9363 0.4998648300628092
3.9333 0.4998404600656432
3.9304 0.49981340517954925
3.9274 0.49984423579879517
3.9244 0.49987168446827157
3.9214 0.4998854679641696
3.9185 0.4998706928951356
3.9155 0.4998882849926276
3.9126 0.49989941017495937
3.9096 0.49990984815313344
3.9067 0.4999089707415517
3.9037 0.49988939857814985
3.9008 0.49986162227180153
3.8979 0.4997980629395999
3.8949 0.4997382906950464
3.892 0.4996906080639812
3.8891 0.4996677292747398
3.8862 0.4996297984153917
3.8833 0.4996161061585581
3.8804 0.49959632718087715
3.8775 0.4996173148248211
3.8746 0.4996310808479116
3.8717 0.49967532711371004
3.8688 0.4997157651239445
3.8659 0.49979218664545677
3.863 0.4998305642061685
3.8601 0.4998782291102819
3.8573 0.4998927233236256
3.8544 0.4999229191776219
3.8515 0.4999387235986868
3.8487 0.4999486072447714
3.8458 0.4999407107437625
3.843 0.49994001647162145
3.8401 0.4999296063535253
3.8373 0.49990081390416186
3.8344 0.4998797592316663
3.8316 0.49986506962921756
3.8288 0.4998670540968965
3.8259 0.49984883294872673
3.8231 0.4998266394171013
3.8203 0.4997986629740805
3.8175 0.4998006086670617
3.8147 0.4997703686267604
3.8119 0.49976057113027617
3.8091 0.4997411966654236
3.8063 0.499750082023323
3.8035 0.4997300074588659
3.8007 0.4997281343476425
3.7979 0.49972614572404456
3.7951 0.49975028837814106
3.7924 0.49975182185452005
3.7896 0.49975715492681966
3.7868 0.49975428453139054
3.7841 0.4997614713793452
3.7813 0.4997621658688185
3.7785 0.49976710093663534
3.7758 0.49977017108597593
3.773 0.49976705139202005
3.7703 0.49975570033988737
3.7676 0.499742096572347
3.7648 0.4997378052798119
3.7621 0.499735407097233
3.7594 0.49974572116595684
3.7566 0.4997452661795973
3.7539 0.4997464821132203
3.7512 0.4997303400127762
3.7485 0.49974022880507685
3.7458 0.4997341120496475
3.7431 0.49974002651526545
3.7404 0.49972471004067054
3.7377 0.4997351793239154
3.735 0.49972380734290134
3.7323 0.4997223571270664
3.7296 0.4996897316766577
3.7269 0.49967990945761626
3.7242 0.4996618329472755
3.7216 0.4996467596723959
3.7189 0.4996228939736024
3.7162 0.499620036873206
3.7136 0.4996193967895047
3.7109 0.49960602100969564
3.7083 0.49958992056886037
3.7056 0.4995978433970871
3.703 0.4996254709071379
3.7003 0.49963521270037514
3.6977 0.4996523296991004
3.695 0.49966025152084537
3.6924 0.4996892710720323
3.6898 0.499688653918419
3.6872 0.49970068059178996
3.6845 0.4996956610054495
3.6819 0.49970753442971955
3.6793 0.4996861749459323
3.6767 0.49968017493081224
3.6741 0.49967204230171247
3.6715 0.49968067791740534
3.6689 0.4996631679444861
3.6663 0.4996573087382778
3.6637 0.49963736964741723
3.6611 0.4996379128194237
3.6585 0.49964111743966544
3.656 0.49964033441559236
3.6534 0.4996234839723735
3.6508 0.4996124731659521
3.6482 0.49959202824531934
3.6457 0.4995706068434053
3.6431 0.4995608435721539
3.6406 0.49954824153000976
3.638 0.49955667611016735
3.6355 0.49954080650524124
3.6329 0.4995348973431157
3.6304 0.4995466814797007
3.6278 0.49957809152638893
3.6253 0.4996021167830724
3.6227 0.49964411706210743
3.6202 0.49966473467040506
3.6177 0.499709740560262
3.6152 0.49972783381470237
3.6127 0.499754495259834
3.6101 0.4997812775064199
3.6076 0.49981089952473096
3.6051 0.49980459613037825
3.6026 0.49979601247929156
3.6001 0.4997598957461895
3.5976 0.49973333239817025
3.5951 0.4997044712900478
3.5926 0.4996724624875276
3.5901 0.499635421435863
3.5876 0.49960353576274674
3.5852 0.49956865361674724
3.5827 0.4995347899658296
3.5802 0.49951329547580675
3.5777 0.49951565965516603
3.5753 0.49953699468908946
3.5728 0.499541632054453
3.5704 0.49956013792941145
3.5679 0.4995730752685603
3.5654 0.49960072223713603
3.563 0.4995951974758035
3.5605 0.4996012423499196
3.5581 0.4996023092432075
3.5557 0.4996168270702709
3.5532 0.4995952787740555
3.5508 0.4995778872482904
3.5484 0.4995528807497484
3.5459 0.49952945435120716
3.5435 0.4994947297559446
3.5411 0.4994844708201801
3.5387 0.4994826615327161
3.5363 0.4994916167830552
3.5338 0.4994911980341782
3.5314 0.49949787498816245
3.529 0.4995216029700429
3.5266 0.49954246393376
3.5242 0.4995778017034901
3.5218 0.4995972248081317
3.5195 0.49962038332352166
3.5171 0.49961916856083216
3.5147 0.4996242354496465
3.5123 0.49960120392023755
3.5099 0.49959712607780754
3.5075 0.49956183920010383
3.5052 0.4995370565385219
3.5028 0.49950896750665297
3.5004 0.49949250748968554
3.4981 0.49947142237413766
3.4957 0.4994727526257284
3.4934 0.4994630183989287
3.491 0.4994817808834478
3.4887 0.49949920097167494
3.4863 0.4995425879782495
3.484 0.4995758725576582
3.4816 0.49959146999726667
3.4793 0.4996016114737782
3.477 0.4996250531027386
3.4746 0.49965638474295193
3.4723 0.4996763663584717
3.47 0.4996771797269577
3.4677 0.49964514614197464
3.4653 0.4996187217954294
3.463 0.499568537603916
3.4607 0.4995516100042941
3.4584 0.49953682710122604
3.4561 0.49952704622995403
3.4538 0.49948125204677624
3.4515 0.4994567710813313
3.4492 0.49943765835243054
3.4469 0.4994607819618745
3.4446 0.49947189064685005
3.4423 0.4994832867103186
3.44 0.4994662376858308
3.4378 0.49944922218935794
3.4355 0.4994116731454896
3.4332 0.49938218125523726
3.4309 0.4993302123145268
3.4287 0.49927100727843865
3.4264 0.49919442911509354
3.4241 0.49911637122801616
3.4219 0.4990618634311431
3.4196 0.4990416635639111
3.4174 0.4990548623439058
3.4151 0.49909186150122714
3.4129 0.4991553670207964
3.4106 0.49922604899972683
3.4084 0.4993383093734747
3.4061 0.49943206387293904
3.4039 0.49953487084886183
3.4017 0.49963321814559447
3.3994 0.49972754633955196
3.3972 0.49978537695300884
3.395 0.4998258477588449
3.3928 0.4998233573586744
3.3906 0.49984730441008757
3.3883 0.49981723012190277
3.3861 0.49977989925730637
3.3839 0.4997479327182261
3.3817 0.4997185843248108
3.3795 0.4996594381902028
3.3773 0.49958312511405084
3.3751 0.4994943748608132
3.3729 0.499418952748197
3.3707 0.4993200569821844
3.3685 0.4992216095344702
3.3663 0.4991754609554548
3.3641 0.49912228160419403
3.362 0.49907558438178423
3.3598 0.4990316770399655
3.3576 0.49903388347233674
3.3554 0.4990538419362979
3.3533 0.4990923008683928
3.3511 0.4991268465072517
3.3489 0.4991875843659518
3.3468 0.49920200390466013
3.3446 0.49921877026514466
3.3425 0.4992317619240426
3.3403 0.49923556514258394
3.3382 0.4992169985158514
3.336 0.4992030265538708
3.3339 0.49918728236550913
3.3317 0.49918879715425335
3.3296 0.49917395373913304
3.3274 0.4991848456551627
3.3253 0.49919851800605736
3.3232 0.4992028398578992
3.321 0.49922368751071305
3.3189 0.4992561130326634
3.3168 0.4992879610046649
3.3147 0.49930783558928105
3.3126 0.4993139211140792
3.3104 0.49931475812066894
3.3083 0.4993248042262719
3.3062 0.4993128707075455
3.3041 0.4993110416221038
3.302 0.4992977776409322
3.2999 0.4992732039650027
3.2978 0.499236536857774
3.2957 0.49920906910813967
3.2936 0.49915350517504453
3.2915 0.49912069231399425
3.2894 0.49906446628477985
3.2874 0.4990158664631163
3.2853 0.4989606763748204
3.2832 0.49891900785101656
3.2811 0.49887224782022943
3.279 0.4988346031328525
3.277 0.4988013261892164
3.2749 0.4987794355299545
3.2728 0.49876761415033644
3.2708 0.49875731097630394
3.2687 0.4987460193468188
3.2666 0.4987321111096376
3.2646 0.4987391982124606
3.2625 0.4987578971345474
3.2605 0.4987824726269345
3.2584 0.4987797944419445
3.2564 0.49879354322544933
3.2543 0.49880379549731063
3.2523 0.498810451355253
3.2503 0.49881359852621543
3.2482 0.4988485316452185
3.2462 0.49885787345651667
3.2442 0.4988525240969331
3.2421 0.49881629591036925
3.2401 0.4988093769146657
3.2381 0.49881041731200826
3.2361 0.4987910557645352
3.234 0.4987546718115332
3.232 0.4987477828915582
3.23 0.49871697502762513
3.228 0.49867758426950837
3.226 0.49863687532931483
3.224 0.4986099792925648
3.222 0.4985813528130431
3.22 0.4985408070784686
3.218 0.4984990939521706
3.216 0.4984960243859494
3.214 0.4984841517085418
3.212 0.4984427740812177
3.21 0.49841538313038164
3.208 0.49840574388362324
3.206 0.4984259409798455
3.204 0.49842573734779333
3.2021 0.49843057301176863
3.2001 0.49844456375680096
3.1981 0.4984667718131202
3.1961 0.4984553580998045
3.1942 0.4984672562203911
3.1922 0.4984804243740523
3.1902 0.4984848171981533
3.1883 0.4984496934990318
3.1863 0.4983972436304827
3.1844 0.49836377694239115
3.1824 0.49833766952866504
3.1805 0.4982731876503745
3.1785 0.4982172643157996
3.1766 0.49816926819368357
3.1746 0.49814363944137124
3.1727 0.49812201307459325
3.1707 0.4981118578637647
3.1688 0.4981310688561972
3.1669 0.49816462299207626
3.1649 0.49819807659272297
3.163 0.4982295010994383
3.1611 0.49826816620257475
3.1591 0.49831468385992084
3.1572 0.4983593414946731
3.1553 0.49836451761579315
3.1534 0.4983842011446737
3.1515 0.4983997906921963
3.1495 0.49840364403952886
3.1476 0.4983956935974988
3.1457 0.4983825377890395
3.1438 0.4983821401901338
3.1419 0.4983904631759695
3.14 0.4983595350252912
3.1381 0.4983512514199752
3.1362 0.4983452136648145
3.1343 0.4983472495340793
3.1324 0.4983407447449767
3.1305 0.4983235872467624
3.1286 0.4983198271515351
3.1268 0.4983191395056364
3.1249 0.49831315024181944
3.123 0.4983020164757069
3.1211 0.49831301275233386
3.1192 0.49832074951924066
3.1174 0.4983453560938048
3.1155 0.4983369828062225
3.1136 0.49835699547757767
3.1117 0.4983864934458803
3.1099 0.49840720100058833
3.108 0.49840535790580137
3.1061 0.4984269469182296
3.1043 0.4984488272927901
3.1024 0.49848258869183343
3.1006 0.49849101732843754
3.0987 0.4985153090839136
3.0969 0.49853670512476694
3.095 0.49856507431132197
3.0932 0.49860179589531933
3.0913 0.4986556020525784
3.0895 0.4987114149320723
3.0876 0.49875833518175405
3.0858 0.49879912545556127
3.084 0.49882353363473364
3.0821 0.4988584536382109
3.0803 0.49886367223661904
3.0785 0.4988568981589673
3.0766 0.49881435620190573
3.0748 0.49876727982275615
3.073 0.49872364269763386
3.0712 0.4986975466499873
3.0694 0.4986337276551777
3.0675 0.49859107508940254
3.0657 0.49853865202094655
3.0639 0.49848371218822546
3.0621 0.49843290441413646
3.0603 0.498407763064454
3.0585 0.4983837654457004
3.0567 0.49834774950281857
3.0549 0.4982520842723295
3.0531 0.49815608120934024
3.0513 0.49807569089529247
3.0495 0.4979966606688389
3.0477 0.49792355904199603
3.0459 0.49785545033854267
3.0441 0.4978015356069204
3.0423 0.497742703011013
3.0406 0.49768558909886224
3.0388 0.4976422093401666
3.037 0.4976279754997559
3.0352 0.49759498341492836
3.0334 0.49755681356199855
3.0317 0.4975239069753444
3.0299 0.49750974098948647
3.0281 0.49747843266541036
3.0264 0.4974465508669102
3.0246 0.4974246201037141
3.0228 0.49741060054408126
3.0211 0.4973855314398992
3.0193 0.49737561063796765
3.0176 0.49738118444304713
3.0158 0.4974066728714525
3.014 0.4973940887559041
3.0123 0.49737909068413716
3.0105 0.49738214242946716
3.0088 0.4973680518518184
3.007 0.4973594510334273
3.0053 0.4973728139310457
3.0036 0.4973881543256518
3.0018 0.49739144016350617
3.0001 0.4974010634336726
2.9984 0.4974230103452487
2.9966 0.4974696460696362
2.9949 0.49749045933367636
2.9932 0.4975081457004071
2.9914 0.4975288002976184
2.9897 0.4975378442580801
2.988 0.4975381966132383
2.9863 0.497580573863641
2.9845 0.4976135794882085
2.9828 0.4976591886973369
2.9811 0.49767854764610775
2.9794 0.4977060343362299
2.9777 0.4977592068894823
2.976 0.49784261161849175
2.9743 0.49792279811868917
2.9726 0.498024960408894
2.9709 0.4980978776775488
2.9692 0.49815823681283666
2.9675 0.4982316782843801
2.9658 0.49829086855063787
2.9641 0.4983711393238432
2.9624 0.4984553842909307
2.9607 0.4985437308703425
2.959 0.4986325887616807
2.9573 0.49870682688561513
2.9556 0.4987733285618663
2.9539 0.4988608388163732
2.9523 0.49891820563211875
2.9506 0.498989266182088
2.9489 0.4990777901205977
2.9472 0.49916708068689625
2.9455 0.49923011279438
2.9439 0.4992813380318235
2.9422 0.4993305068424481
2.9405 0.4994212585449323
2.9389 0.49949954306402894
2.9372 0.4995764947514391
2.9355 0.499648515772842
2.9339 0.4997095283188355
2.9322 0.4997428434796771
2.9306 0.4997611750747058
2.9289 0.49981391306560063
2.9272 0.4998917314864262
2.9256 0.4999298258189279
2.9239 0.4999485331960885
2.9223 0.4999762674676909
2.9207 0.5000527594635535
2.919 0.5001448912071482
2.9174 0.5002336891087065
2.9157 0.5003375106629989
2.9141 0.5004392821078377
2.9124 0.5004972897843447
2.9108 0.5005182444105836
2.9092 0.500559204399184
2.9075 0.500603495044864
2.9059 0.500621772701159
2.9043 0.5005746400653657
2.9027 0.500515838720709
2.901 0.500462051333135
2.8994 0.5003946311594647
2.8978 0.5003142657398881
2.8962 0.5002732384377968
2.8946 0.500238208865846
2.8929 0.5001981953511626
2.8913 0.5001308775426211
2.8897 0.500071559684597
2.8881 0.5000445786830128
2.8865 0.5000299452295612
2.8849 0.5000063095308499
2.8833 0.49997564797199445
2.8817 0.49993167935288646
2.8801 0.4998760765529675
2.8785 0.4998207674265299
2.8769 0.49976747121535176
2.8753 0.49972581879392747
2.8737 0.4996804835328727
2.8721 0.4995980955703135
2.8705 0.49947328703575994
2.8689 0.49937314700691277
2.8673 0.49926689773062793
2.8658 0.49915579508657365
2.8642 0.4990111916801714
2.8626 0.49885334374595536
2.861 0.498656175524893
2.8594 0.49842921236929594
2.8579 0.49816050568134773
2.8563 0.4978747230670127
2.8547 0.497528119648186
2.8531 0.4971176435674438
2.8516 0.496640246389967
2.85 0.4960857086538036
2.8484 0.49544053595272064
2.8469 0.49473548553386176
2.8453 0.4939339381809546
2.8437 0.49304712894307123
2.8422 0.49210098633278976
2.8406 0.49110835759336136
2.8391 0.49009111157871943
2.8375 0.4890270960459231
2.836 0.48797793874857004
2.8344 0.4869993931237914
2.8329 0.4860982921112303
2.8313 0.48524637129299336
2.8298 0.4845239598585361
2.8282 0.48396242235119136
2.8267 0.48355185520011534
2.8252 0.483265451949233
2.8236 0.48319120116320874
2.8221 0.4833025550230142
2.8205 0.4835952127673964
2.819 0.4840021278537094
2.8175 0.4845719494386046
2.8159 0.4853157738870576
2.8144 0.4862117494620222
2.8129 0.48721033867748437
2.8114 0.4883431855815579
2.8098 0.4896145141044236
2.8083 0.491000663078167
2.8068 0.4924882992187348
2.8053 0.49408202524639877
2.8038 0.4958285807205282
2.8022 0.4977016468804923
2.8007 0.499630811176354
2.7992 0.5016093674491339
2.7977 0.5036365518101694
2.7962 0.5056374364053147
2.7947 0.5075820743828203
2.7932 0.5093976173240967
2.7917 0.5110951283747504
2.7902 0.5126194510750685
2.7887 0.5138969220645232
2.7872 0.5148919815090154
2.7857 0.5156325734954352
2.7842 0.5161031263532785
2.7827 0.5162984165848672
2.7812 0.5162394720917274
2.7797 0.5159575469907195
2.7782 0.5154680122808201
2.7767 0.5148089192572386
2.7752 0.5140250429840674
2.7738 0.5131695549158867
2.7723 0.5123247859354776
2.7708 0.5115384303506547
2.7693 0.5108140271208602
2.7678 0.5102243157694641
2.7664 0.5097393004960787
2.7649 0.5094026826960222
2.7634 0.5092520921534631
2.7619 0.5092357521578885
2.7605 0.5093656712307061
2.759 0.5096253433853779
2.7575 0.5099453910025653
2.7561 0.5102840106848052
2.7546 0.510604942666387
2.7531 0.5109349680891601
2.7517 0.511300733745978
2.7502 0.5115733131859237
2.7488 0.5117494533615466
2.7473 0.5118857850464557
2.7458 0.5119177472975767
2.7444 0.5118241389825277
2.7429 0.5116459124331042
2.7415 0.5114153763249617
2.74 0.5111527412621787
2.7386 0.5108011178394579
2.7371 0.5104035040181334
2.7357 0.5100201356206132
2.7343 0.5096043520668047
2.7328 0.5091677556182226
2.7314 0.5087419486806225
2.7299 0.5083463044840579
2.7285 0.5080052760910779
2.7271 0.5076720691705515
2.7256 0.5073598041105248
2.7242 0.5070637767986372
2.7228 0.5067776104966034
2.7213 0.5065120645065346
2.7199 0.5062423770612052
2.7185 0.5059645059207071
2.7171 0.5057088680724502
2.7156 0.5054466479002592
2.7142 0.5051379943363405
2.7128 0.5048272137818447
2.7114 0.50448894636691
2.71 0.5041605815890375
2.7085 0.5037970793852824
2.7071 0.5034570697494232
2.7057 0.5031820040545832
2.7043 0.5029212970671336
2.7029 0.5026412710360773
2.7015 0.5023972051586705
2.7001 0.5021638559480426
2.6987 0.50197845805372
2.6973 0.5018341186236598
2.6959 0.5016763309920761
2.6945 0.5015414648366581
2.6931 0.5013932320740232
2.6917 0.5012491057246125
2.6903 0.501115059873228
2.6889 0.501014680890603
2.6875 0.5009192313551871
2.6861 0.500834709428516
2.6847 0.5006836989083198
2.6833 0.500589470178604
2.6819 0.5005176893807491
2.6805 0.5004522760201079
2.6791 0.5003785241662876
2.6778 0.5002952797509925
2.6764 0.5001950589822081
2.675 0.5000760712843207
2.6736 0.4999686986830177
2.6722 0.4999045718249244
2.6709 0.49985593722197974
2.6695 0.49976943275081176
2.6681 0.4996876872921746
2.6667 0.4996163634505284
2.6654 0.499566201023179
2.664 0.4995622700756972
2.6626 0.49960132130716267
2.6613 0.49965531066924845
2.6599 0.49970542305161186
2.6585 0.4997209576369626
2.6572 0.4997659998232162
2.6558 0.4997916377529404
2.6545 0.499831632218482
2.6531 0.49987429431593206
2.6517 0.49988445811836163
2.6504 0.49984565863997793
2.649 0.499788563694086
2.6477 0.4997278790443002
2.6463 0.49968750370963144
2.645 0.4996479950650769
2.6436 0.49963808515559155
2.6423 0.4996502913748883
2.6409 0.49966583327482844
2.6396 0.4996843412317193
2.6382 0.4997243556146797
2.6369 0.49975122000765404
2.6356 0.4997900999168482
2.6342 0.49984240461590657
2.6329 0.49989864701419
2.6315 0.499939916264955
2.6302 0.4999551640591178
2.6289 0.4999569679857127
2.6275 0.4999429091931513
2.6262 0.49991478890866453
2.6249 0.49990042274541757
2.6236 0.4999240034108715
2.6222 0.49989406459033264
2.6209 0.4998578431895185
2.6196 0.499813262098211
2.6183 0.4998013023900641
2.6169 0.4997830569167951
2.6156 0.4997611832464577
2.6143 0.49974710007886114
2.613 0.49974379368633354
2.6117 0.49970606030751075
2.6103 0.4996928991339498
2.609 0.499711099535607
2.6077 0.49975268744672635
2.6064 0.4997772027309193
2.6051 0.4997870329205707
2.6038 0.49978701047908447
2.6025 0.499807352361395
2.6012 0.49982890540438074
2.5999 0.4998492615102365
2.5986 0.4998986702704832
2.5973 0.4999013644472307
2.596 0.4999052827786173
2.5947 0.4998564551252577
2.5934 0.4998010133954443
2.5921 0.49976683151436135
2.5908 0.499755413352049
2.5895 0.4997241890501088
2.5882 0.4996915008862595
2.5869 0.49964048681058243
2.5856 0.4996023836345673
2.5843 0.4995711352263088
2.583 0.49952575201281246
2.5817 0.4994992497041217
2.5805 0.49951534387905233
2.5792 0.49950925885854464
2.5779 0.4994974604336554
2.5766 0.4994889586157334
2.5753 0.49950452477861984
2.5741 0.49952968513848706
2.5728 0.49952690769036634
2.5715 0.49955389353721574
2.5702 0.49958833204131925
2.569 0.49964144208116984
2.5677 0.49965823094575196
2.5664 0.4996831470821885
2.5651 0.49973031448121025
2.5639 0.49974978703412115
2.5626 0.49972594770720047
2.5613 0.4997219965851014
2.5601 0.4997165280505984
2.5588 0.49973189182207817
2.5575 0.49968702615556565
2.5563 0.4996291753069653
2.555 0.49959810188920173
2.5538 0.4995808741988698
2.5525 0.4995383753439213
2.5513 0.49952265421772224
2.55 0.49951414231142155
2.5487 0.49952762545782875
2.5475 0.49953418183391224
2.5462 0.49953837925545924
2.545 0.49963204158658336
2.5437 0.49972572736565624
2.5425 0.49975732150104335
2.5413 0.4997735883073519
2.54 0.4997810849221299
2.5388 0.49976988366076397
2.5375 0.49973695125297396
2.5363 0.4996550893875313
2.535 0.4995671599429788
2.5338 0.49943298609206616
2.5326 0.49930633909766753
2.5313 0.4991796790522902
2.5301 0.49911755970795696
2.5289 0.49907447375024877
2.5276 0.4990912629473755
2.5264 0.4991591467121856
2.5252 0.49927996743231595
2.5239 0.4994204427048748
2.5227 0.49960325480911894
2.5215 0.49977554776193744
2.5202 0.49991191385546735
2.519 0.500035315455617
2.5178 0.5001309665941924
2.5166 0.500189400559624
2.5154 0.5001628036871424
2.5141 0.5001074307886598
2.5129 0.5000562856783323
2.5117 0.499978830523744
2.5105 0.49985568548958514
2.5093 0.4998042449950132
2.5081 0.4997412921581119
2.5068 0.4996813298732678
2.5056 0.4996086316180393
2.5044 0.4995604279765983
2.5032 0.49956006554951987
2.502 0.4995772324196951
2.5008 0.4995417218602209
2.4996 0.499541922513207
2.4984 0.49951052094450216
2.4972 0.4994482975257507
2.496 0.49943333012324925
2.4948 0.49942290619904633
2.4936 0.4994792207236425
2.4924 0.49953798599912774
2.4912 0.4995330472156337
2.49 0.4995247705025253
2.4888 0.4995532285167305
2.4876 0.4996163565789859
2.4864 0.49971951130813286
2.4852 0.49980085972890065
2.484 0.4998670332408194
2.4828 0.49990861722469854
2.4816 0.499908303339394
2.4805 0.4999113198969918
2.4793 0.4999756825098534
2.4781 0.49999147832733376
2.4769 0.49997356086171435
2.4757 0.49990972950455365
2.4745 0.4998589529593498
2.4734 0.4998334098517711
2.4722 0.49980273574198764
2.471 0.49976232306229207
2.4698 0.4997401501148834
2.4686 0.4997110118158733
2.4675 0.49967970275120804
2.4663 0.4996407371402851
2.4651 0.4996346049132161
2.464 0.4996294003147249
2.4628 0.49961446804874365
2.4616 0.49957155141246007
2.4604 0.4995422804637676
2.4593 0.4995259944659784
2.4581 0.49948722545027174
2.4569 0.49943565567646225
2.4558 0.4994179472025646
2.4546 0.49943030962344565
2.4535 0.4994396333415667
2.4523 0.4994809602133126
2.4511 0.49952380485938036
2.45 0.4995809955296622
2.4488 0.4996577986343395
2.4477 0.49973913653444
2.4465 0.49984428287865595
2.4454 0.4999716634774556
2.4442 0.5000502750522832
2.4431 0.5001133867598346
2.4419 0.5001252933656445
2.4408 0.5000869092558733
2.4396 0.5000350943976852
2.4385 0.4999701468226726
2.4373 0.49986093267486276
2.4362 0.49977123972327886
2.435 0.4996522354857748
2.4339 0.4995534007670998
2.4327 0.49944967020510056
2.4316 0.4993794425561506
2.4305 0.49935982730085343
2.4293 0.4993621821153353
2.4282 0.49936810958419026
2.427 0.499396082588012
2.4259 0.49943259275058505
2.4248 0.4994507650967022
2.4236 0.4995050241968354
2.4225 0.49955996190300234
2.4214 0.4996228449726027
2.4202 0.49972796020732607
2.4191 0.49978418796048635
2.418 0.4998471245517969
2.4169 0.4999168231437145
2.4157 0.49998713349155904
2.4146 0.5000733478651639
2.4135 0.5000886437271772
2.4124 0.500067863311578
2.4112 0.5000202007611145
2.4101 0.4999266059988868
2.409 0.49982564127110585
2.4079 0.49973507440662124
2.4068 0.49966650499490545
2.4056 0.49958686775945327
2.4045 0.49946132968954693
2.4034 0.4993603392001187
2.4023 0.4993492048236521
2.4012 0.4993343514651855
2.4001 0.4993170619482547
2.399 0.49935117323050476
2.3979 0.49934734778455947
2.3967 0.4993324010154008
2.3956 0.49926967219270907
2.3945 0.4992547381978962
2.3934 0.49930174561397295
2.3923 0.4993409220982175
2.3912 0.4994040511698937
2.3901 0.499478252058596
2.389 0.4995328149485134
2.3879 0.4996476052021531
2.3868 0.4998103172934369
2.3857 0.5000067259987763
2.3846 0.5001687678563402
2.3835 0.5003124715113373
2.3824 0.5004364609925835
2.3813 0.5004947461355109
2.3802 0.5005278593776331
2.3791 0.5006210334645409
2.3781 0.5006394360142932
2.377 0.500573115146785
2.3759 0.5004625605530245
2.3748 0.5003876332950714
2.3737 0.5002772497776787
2.3726 0.5001177827445452
2.3715 0.4999435874227845
2.3704 0.4998135321385652
2.3694 0.4996379886571874
2.3683 0.49943917657925996
2.3672 0.49930153412344885
2.3661 0.499257253065874
2.365 0.4992289572597775
2.364 0.499241947959916
2.3629 0.49932414453192603
2.3618 0.4994824733098434
2.3607 0.4996396141733987
2.3597 0.49977527479478584
2.3586 0.49993553578317484
2.3575 0.5001001607918772
2.3564 0.5002494921771055
2.3554 0.5002753303618291
2.3543 0.5002237625578122
2.3532 0.5000707482177932
2.3522 0.4999373288149644
2.3511 0.4997552919185133
2.35 0.49954982598540315
2.349 0.4993627367770638
2.3479 0.49920200522764857
2.3468 0.4989994556691033
2.3458 0.4988391911357285
2.3447 0.4987464868661655
2.3436 0.4988077677736555
2.3426 0.49885107977936993
2.3415 0.4989061595302121
2.3405 0.49901063979594357
2.3394 0.49918614012607593
2.3384 0.49936297342384234
2.3373 0.4995188646430916
2.3363 0.4996742328171788
2.3352 0.4998370972216166
2.3342 0.4999777843044941
2.3331 0.5000938128335071
2.3321 0.5002801476217151
2.331 0.5003918659460184
2.33 0.5004683271936473
2.3289 0.50048982690761
2.3279 0.500483601695638
2.3268 0.5005137564778506
2.3258 0.5005099899100875
2.3247 0.5004637219512318
2.3237 0.5003638610731559
2.3226 0.5001504567328251
2.3216 0.49994072347675594
2.3206 0.49975502539068967
2.3195 0.4995816307203091
2.3185 0.499437218775246
2.3175 0.4993199050843422
2.3164 0.49921686510970714
2.3154 0.4991681227467621
2.3144 0.49916869416224097
2.3133 0.49923028464866354
2.3123 0.4993875964654898
2.3113 0.4995437924764421
2.3102 0.49970489700231885
2.3092 0.49987964130452384
2.3082 0.5000346931509395
2.3071 0.5001921939708716
2.3061 0.5002990285162827
2.3051 0.5003867087066384
2.3041 0.5004539777954388
2.303 0.5004897772904742
2.302 0.5004779633474585
2.301 0.500416123985599
2.3 0.5003376970370998
2.299 0.5001999862017426
2.2979 0.5000295344037226
2.2969 0.4998312807778175
2.2959 0.4996403631819452
2.2949 0.49944444855706266
2.2939 0.49926391104967477
2.2929 0.49910551595016056
2.2918 0.49897617706084574
2.2908 0.49890249104488793
2.2898 0.498926462235693
2.2888 0.4989968165543986
2.2878 0.4991259332116049
2.2868 0.4992637049101631
2.2858 0.499502552003277
2.2848 0.4997314782411184
2.2838 0.49990041855898865
2.2828 0.500079314097266
2.2818 0.5002223473654929
2.2808 0.5003220562797233
2.2798 0.5004074775491031
2.2787 0.5004674945159907
2.2777 0.5005064414136642
2.2767 0.5004674377879168
2.2757 0.5003509779906311
2.2747 0.5002840715909841
2.2738 0.5002487842460133
2.2728 0.5002413062126735
2.2718 0.5002425081269998
2.2708 0.5002325723848687
2.2698 0.5001434672428496
2.2688 0.5000704636648491
2.2678 0.5000030399252381
2.2668 0.5000191277589893
2.2658 0.4999999366567028
2.2648 0.49993931532227304
2.2638 0.49984528352332874
2.2628 0.4997463006400776
2.2618 0.4996633838060142
2.2609 0.4996126501748872
2.2599 0.4996231673171965
2.2589 0.49968318504382464
2.2579 0.499680066890323
2.2569 0.49972095075850254
2.2559 0.49981810689611544
2.255 0.49993071404326545
2.254 0.5000513610292534
2.253 0.5001497543154656
2.252 0.5002098166029865
2.251 0.5002160217390891
2.2501 0.5001572596088284
2.2491 0.5000563646964511
2.2481 0.4999417805560756
2.2471 0.4998283981930657
2.2462 0.499711348256711
2.2452 0.49958438842944497
2.2442 0.49949889850273366
2.2433 0.4994629913039727
2.2423 0.499474794812293
2.2413 0.4995472684924237
2.2403 0.4997064173383914
2.2394 0.49991513110611396
2.2384 0.5001337640075709
2.2374 0.5003071571678334
2.2365 0.5004328526712555
2.2355 0.5005177120683886
2.2345 0.5005592619479973
2.2336 0.5005456565868872
2.2326 0.5004577256884486
2.2317 0.5003654389107478
2.2307 0.5002334927180906
2.2297 0.5000606824512057
2.2288 0.4999027674224008
2.2278 0.4998241790314525
2.2269 0.49973320554582573
2.2259 0.49967131090945427
2.225 0.49968740248164967
2.224 0.49972457745300386
2.2231 0.4997530216098959
2.2221 0.4997374948927394
2.2211 0.4997169774100781
2.2202 0.4997311923621711
2.2192 0.4997286140305213
2.2183 0.4996864359150585
2.2173 0.4996932372067096
2.2164 0.49969755156712464
2.2155 0.49969132956260565
2.2145 0.4997117969446224
2.2136 0.4998196286997295
2.2126 0.4999113156924645
2.2117 0.4999460167982014
2.2107 0.49992496773041095
2.2098 0.49994295053725857
2.2088 0.49995040543713887
2.2079 0.4999355090892175
2.207 0.4999112999990282
2.206 0.49987470315446325
2.2051 0.49978535328029616
2.2041 0.4997059872654186
2.2032 0.49966446026372424
2.2023 0.49972212430411994
2.2013 0.49985548992535206
2.2004 0.5000130174400678
2.1995 0.5000774990851552
2.1985 0.500166797590394
2.1976 0.5003143571809904
2.1967 0.5004346332039199
2.1957 0.5005084625461371
2.1948 0.5005784545256663
2.1939 0.5005741382340005
2.193 0.500517109234001
2.192 0.5003806395544325
2.1911 0.5002789182718059
2.1902 0.5001698361157643
2.1893 0.49999688983358964
2.1883 0.4998115220066068
2.1874 0.49967265900093183
2.1865 0.49957963534627864
2.1856 0.49950281614809483
2.1846 0.4994928722510956
2.1837 0.49953378889501593
2.1828 0.49963546358520516
2.1819 0.4997415272597675
2.181 0.49989523058662755
2.18 0.5000662889455487
2.1791 0.5001809910923692
2.1782 0.5003000023040481
2.1773 0.5004537223224464
2.1764 0.5005367142502106
2.1755 0.5005844124565244
2.1746 0.5005961532945307
2.1736 0.5005545597309687
2.1727 0.5004503615547855
2.1718 0.5003617475281961
2.1709 0.5003412572789452
2.17 0.5003257582621965
2.1691 0.5002273087243053
2.1682 0.5001746430024447
2.1673 0.5001702866468651
2.1664 0.500143696343991
2.1655 0.5001374770219467
2.1646 0.5001145656397116
2.1637 0.5001163993578962
2.1628 0.5001386362852976
2.1619 0.5001324077881121
2.161 0.5001150790269504
2.1601 0.5000705599852074
2.1592 0.49992695637911017
2.1583 0.49977404560412536
2.1574 0.499697238365072
2.1565 0.4996625886326887
2.1556 0.4996222987226247
2.1547 0.4995628261605332
2.1538 0.4994946972057496
2.1529 0.49947864306952244
2.152 0.4994699372636513
2.1511 0.4995460024625831
2.1502 0.49963385842804997
2.1493 0.49969700217101387
2.1484 0.49969007585176145
2.1475 0.4996640065225773
2.1466 0.4996565147407873
2.1458 0.49963223307240145
2.1449 0.49960298060563435
2.144 0.4995880997445895
2.1431 0.499592432197704
2.1422 0.49965573421665244
2.1413 0.49973451029534777
2.1404 0.49988709485276994
2.1396 0.5000799455430518
2.1387 0.5002386634238748
2.1378 0.5003862132871211
2.1369 0.5005579156573219
2.136 0.5007215980053501
2.1352 0.5007767039961489
2.1343 0.5007829121768552
2.1334 0.5007567594600327
2.1325 0.5006842054861711
2.1316 0.5004839959006134
2.1308 0.5003079862080044
2.1299 0.500165419575413
2.129 0.5000569910875072
2.1281 0.49996160126102607
2.1273 0.4998996646421433
2.1264 0.4998557465094364
2.1255 0.4998439812782605
2.1247 0.4997727811323133
2.1238 0.4998247719245571
2.1229 0.49993371414152205
2.122 0.50001547178612
2.1212 0.5000340536472407
2.1203 0.5000117644887606
2.1194 0.5000117961114435
2.1186 0.4999764716327799
2.1177 0.4999008983461853
2.1168 0.4998860149980666
2.116 0.49988910510995793
2.1151 0.49978752025029083
2.1143 0.4996790688148033
2.1134 0.4996487005091415
2.1125 0.49961642243753274
2.1117 0.4995766693158025
2.1108 0.4995779112382243
2.11 0.49965109555361503
2.1091 0.499789298308789
2.1082 0.49991017721074954
2.1074 0.5000582449834763
2.1065 0.5003053709768928
2.1057 0.5005734586044698
2.1048 0.5007546857116156
2.104 0.5009655756605083
2.1031 0.5011950227885488
2.1023 0.5012727908900944
2.1014 0.5012712848998365
2.1005 0.5012277215983809
2.0997 0.5011446209149268
2.0988 0.5009763708812589
2.098 0.500655438684906
2.0971 0.5003511939645279
2.0963 0.5000835166913441
2.0955 0.4998406533844069
2.0946 0.49965779017356093
2.0938 0.49956142908960566
2.0929 0.49957817915054015
2.0921 0.49964186005665123
2.0912 0.4997209131796617
2.0904 0.4998887871465626
2.0895 0.5001622251692934
2.0887 0.5003739460013378
2.0879 0.5005357224699053
2.087 0.5007584858448211
2.0862 0.471455830669633
2.0853 0.4383814195562778
2.0845 0.4007937603596787
2.0837 0.3578423039468706
2.0828 0.3083108291614869
2.082 0.25049519222157995
2.0812 0.18223756885807849
2.0803 0.10035521435258732
2.0795 0.0
