2.5 1.0
2.499 1.0
2.498 0.9004038976014279
2.497 0.8183139379966619
2.496 0.7501150041627275
2.495 0.6926428672329827
2.494 0.6432979553935501
2.493 0.600695104735915
2.492 0.5633300778151813
2.491 0.5303026453575309
2.49 0.5008569350014404
2.489 0.5008730367146317
2.488 0.5009725570616166
2.487 0.5013653027782613
2.486 0.5014394971824004
2.485 0.501480719496277
2.484 0.5014782655325274
2.483 0.501449107149543
2.482 0.5014742679448695
2.481 0.5017473937208866
2.48 0.5017889283137518
2.479 0.5018774809878026
2.478 0.5017741910690071
2.477 0.5016568912473967
2.476 0.5017237688548196
2.475 0.501776141037906
2.474 0.5017659514590708
2.473 0.5017155621188316
2.472 0.5015420371491419
2.471 0.5013785308732183
2.47 0.5014332243182845
2.469 0.5014277178334651
2.468 0.5014396531186108
2.467 0.5011943118065274
2.466 0.5010763953395696
2.465 0.500980050458777
2.464 0.5009069412595807
2.463 0.5008414506520976
2.462 0.5009577058690261
2.461 0.5008429591922389
2.46 0.5006436134313188
2.459 0.500453174073865
2.458 0.5004863833286479
2.457 0.5004658068751758
2.456 0.5004008145655117
2.455 0.5003346137573792
2.454 0.5002698869288886
2.453 0.5001131779004555
2.452 0.4999511746164862
2.451 0.49977356929113614
2.45 0.4998522604996309
2.449 0.4998559974333869
2.448 0.49978582633656726
2.447 0.4997644682901847
2.446 0.49975698642705246
2.445 0.499870513741525
2.444 0.49996576508083707
2.443 0.5001740362361763
2.442 0.5005047788906566
2.441 0.5006886723827468
2.44 0.500797423490353
2.439 0.5009856821476495
2.438 0.5011855238432419
2.437 0.5013692232637094
2.436 0.5015235190057153
2.435 0.5016356892697424
2.434 0.5017077153566112
2.433 0.5017422534408285
2.432 0.501702134518253
2.431 0.5017677638476011
2.43 0.501797332715042
2.429 0.5017642492415203
2.428 0.5018156454709533
2.427 0.5017636898002429
2.426 0.5017599812539042
2.425 0.5017698254847837
2.424 0.5017610059709702
2.423 0.5017635841919696
2.422 0.5017410721870617
2.421 0.5016000030309201
2.42 0.5015924156471316
2.419 0.5015209018369803
2.418 0.5014569810635184
2.417 0.5013875438450834
2.416 0.5012370723316718
2.415 0.5010199843634572
2.414 0.500897654769402
2.413 0.500711654925502
2.412 0.5006212746058913
2.411 0.5005195066503279
2.41 0.5004030159281394
2.409 0.5002600894093129
2.408 0.5001376738865869
2.407 0.5000175915002338
2.406 0.499950634358961
2.405 0.49983675199877553
2.404 0.4997569016942855
2.403 0.499704247178127
2.402 0.4996062835387127
2.401 0.4995136409667157
2.4 0.4994269220052167
2.399 0.4993326507503521
2.398 0.4992197310595692
2.397 0.49913907997913426
2.396 0.4991138831226739
2.395 0.4990802476893533
2.394 0.4989431570574759
2.393 0.49872795070181974
2.392 0.4985781148006164
2.391 0.4984665649146237
2.39 0.49829989317304146
2.389 0.498190201398821
2.388 0.49808863945088644
2.387 0.4979254950705363
2.386 0.49773860198803666
2.385 0.4975657617682791
2.384 0.4975793372856794
2.383 0.49760451329595684
2.382 0.49751289192934706
2.381 0.49740817801590687
2.38 0.4973651389532375
2.379 0.4972834201679851
2.378 0.4972221004374179
2.377 0.49724354249779523
2.376 0.497333520070581
2.375 0.4973537435366512
2.374 0.49730364104619923
2.373 0.4973329164433582
2.372 0.4974780750735969
2.371 0.4976335510476846
2.37 0.49780909440281096
2.369 0.4979993404340402
2.368 0.4982468549125504
2.367 0.4984687372988718
2.366 0.49867673926195233
2.365 0.49894853997182725
2.364 0.4992803637856451
2.363 0.49961196485219234
2.362 0.49992317446827195
2.361 0.5002325594073794
2.36 0.500618443381451
2.359 0.5009983648263627
2.358 0.501357832786532
2.357 0.5017694504951942
2.356 0.502203188363663
2.355 0.5026375884693068
2.354 0.5030505642408826
2.353 0.5034115818977846
2.352 0.5038815910771883
2.351 0.5043044841812552
2.35 0.5045765667970958
2.349 0.5048184550989077
2.348 0.5050422916482765
2.347 0.5051543261656581
2.346 0.5052121003669918
2.345 0.5052516792191017
2.344 0.5053073196701886
2.343 0.505271172969804
2.342 0.5051418719859283
2.341 0.5050583748795192
2.34 0.5049915485866109
2.339 0.5048940428909185
2.338 0.5048616547891553
2.337 0.504828765227021
2.336 0.5047617547399917
2.335 0.5046172712124389
2.334 0.5044461484085414
2.333 0.5042950672060103
2.332 0.5041395263101042
2.331 0.5039940783200275
2.33 0.5038933651717032
2.329 0.5037686072550283
2.328 0.5036110428927506
2.327 0.5034568517800424
2.326 0.5033618764730642
2.325 0.5033032709293149
2.324 0.5032902996289007
2.323 0.5032988336994342
2.322 0.5033098003409867
2.321 0.5032512543600923
2.32 0.5031921166533324
2.319 0.5031411558025403
2.318 0.5031192110546632
2.317 0.5031210967813459
2.316 0.5031508363514954
2.315 0.5031074458864478
2.314 0.503069146864852
2.313 0.5030318587833258
2.312 0.503042844159033
2.311 0.503029693571032
2.31 0.5029960037741615
2.309 0.502985536803789
2.308 0.5029623509753244
2.307 0.5028978156847959
2.306 0.5028300166744569
2.305 0.5027993291095123
2.304 0.5027239728666579
2.303 0.5026199798481392
2.302 0.5025049326177087
2.301 0.5024321071921298
2.3 0.5023549103465546
2.299 0.5022869675505535
2.298 0.5022161203384782
2.297 0.5020944086269707
2.296 0.5019736766070204
2.295 0.5018269757674196
2.294 0.5016933929214575
2.293 0.5015687324801495
2.292 0.5015016521645156
2.291 0.5014024902088824
2.29 0.5012317275643174
2.289 0.50106417709916
2.288 0.5009598185925866
2.287 0.5008303089491584
2.286 0.5007531540776122
2.285 0.500728726964073
2.284 0.500688513295571
2.283 0.5005735652970282
2.282 0.5003743512799655
2.281 0.5002018771574235
2.28 0.5001104059572236
2.279 0.5000031977383507
2.278 0.4998597796851105
2.277 0.4997657643710966
2.276 0.49957289011371153
2.275 0.4993554778766296
2.274 0.4991662191239601
2.273 0.499085641674467
2.272 0.4990924866675298
2.271 0.4990253887727714
2.27 0.4989224408460428
2.269 0.4988521310044982
2.268 0.4987330249355192
2.267 0.49864301339806577
2.266 0.4986509076718336
2.265 0.49864786214092643
2.264 0.4986226365008934
2.263 0.498596371510121
2.262 0.49854654406164867
2.261 0.4985198592608714
2.26 0.4985957924232713
2.259 0.49858014837567827
2.258 0.498646053493253
2.257 0.49870814163669974
2.256 0.49877575216351816
2.255 0.4988989388265245
2.254 0.4990417916914169
2.253 0.4990793540633143
2.252 0.49920901869004847
2.251 0.499205723435539
2.25 0.4993555747141451
2.249 0.49947911249005345
2.248 0.49960382294357575
2.247 0.4996332172801285
2.246 0.4996198865828748
2.245 0.4995293011986038
2.244 0.4995060223513654
2.243 0.4995343660834476
2.242 0.49955859258776564
2.241 0.4995648495808006
2.24 0.4994727622483751
2.239 0.49931682076462613
2.238 0.499266652544408
2.237 0.49917359551617974
2.236 0.49907726987372886
2.235 0.4989583983630213
2.234 0.4987415606186649
2.233 0.49845045278477135
2.232 0.498117132698124
2.231 0.4979047526879691
2.23 0.4976730959130339
2.229 0.49736413791652007
2.228 0.4970523805747289
2.227 0.4968311387295302
2.226 0.4965983168391298
2.225 0.4964244321684189
2.224 0.4963545564930249
2.223 0.4963376198136847
2.222 0.4962731002520321
2.221 0.49627839351404246
2.22 0.4963258737988434
2.219 0.49652291046969765
2.218 0.4966711837320859
2.217 0.4969565000020269
2.216 0.49728031076444085
2.215 0.49766286604055215
2.214 0.49809681213154466
2.213 0.4985381501809984
2.212 0.49903197610264716
2.211 0.49950522121819746
2.21 0.4999660269009983
2.209 0.5004366363171527
2.208 0.5008051973245553
2.207 0.5010396192196194
2.206 0.5012080843168518
2.205 0.5013013888534702
2.204 0.501319537011027
2.203 0.5012659882103195
2.202 0.5011675059357704
2.201 0.5010066316151022
2.2 0.500701241376695
2.199 0.5004475790779465
2.198 0.5002258791586438
2.197 0.5000083937843756
2.196 0.4998266608710978
2.195 0.4996261740450243
2.194 0.49945394025288764
2.193 0.4993702803180037
2.192 0.4993062641189026
2.191 0.49933119266241377
2.19 0.4994393675421361
2.189 0.4995821037487703
2.188 0.4997870550018113
2.187 0.49996940194338274
2.186 0.5002453873804565
2.185 0.5005910810971385
2.184 0.5009324122513301
2.183 0.5012777497649559
2.182 0.50168432051823
2.181 0.5020713340384951
2.18 0.5025332801956116
2.179 0.5029141602750424
2.178 0.503375404883801
2.177 0.5038487531120136
2.176 0.5042725298508395
2.175 0.5046537281048592
2.174 0.505102333302732
2.173 0.5055622827759492
2.172 0.5059461290553492
2.171 0.5063248924432399
2.17 0.5066867674370698
2.169 0.5069695768058909
2.168 0.5071761336563289
2.167 0.5074756417796441
2.166 0.5077561819482281
2.165 0.5079903247597837
2.164 0.5080614041332518
2.163 0.5081327556384295
2.162 0.5081287651766377
2.161 0.508140499449046
2.16 0.5080497721136874
2.159 0.508051963966024
2.158 0.5078945152354004
2.157 0.5076606000526239
2.156 0.5073190803995503
2.155 0.5069982295986972
2.154 0.5066638409115007
2.153 0.506298977125391
2.152 0.5059311673676373
2.151 0.5055394194828938
2.15 0.5050606660055608
2.149 0.5045804878579231
2.148 0.5041635832240093
2.147 0.5037390272687359
2.146 0.5034056875616486
2.145 0.503123956492481
2.144 0.5028240551512313
2.143 0.50248556272481
2.142 0.5021816227382302
2.141 0.5019149688306751
2.14 0.5017019428625084
2.139 0.5014844585671696
2.138 0.5013064766567327
2.137 0.5011723753100843
2.136 0.5009472748588766
2.135 0.5007122311387529
2.134 0.5005251288247068
2.133 0.5004278911102112
2.132 0.5002784403204243
2.131 0.5000783266086575
2.13 0.4999267888428906
2.129 0.4997623207936355
2.128 0.4995323032301197
2.127 0.49934924190347385
2.126 0.49923255641711617
2.125 0.49915519187505
2.124 0.4990346910783362
2.123 0.49894805331902126
2.122 0.4989108922493199
2.121 0.49890496189795575
2.12 0.49889300651185703
2.119 0.4989118897473831
2.118 0.4989169975772084
2.117 0.4988888247285927
2.116 0.49884418334619496
2.115 0.49880549302405947
2.114 0.4987901320942212
2.113 0.49872763290905403
2.112 0.4986809866745199
2.111 0.4986959661066507
2.11 0.4987041685276737
2.109 0.49876549306819834
2.108 0.4988319221645562
2.107 0.49891162104566095
2.106 0.4990024498311408
2.105 0.4990942884614811
2.104 0.499233135793954
2.103 0.499401318988535
2.102 0.499515989753064
2.101 0.4996077639959822
2.1 0.4997205426300646
2.099 0.4998569098245715
2.098 0.4999744921448249
2.097 0.5000866129699438
2.096 0.5001636530853274
2.095 0.5002329249461435
2.094 0.5002952885976292
2.093 0.500377793717041
2.092 0.5004426864430216
2.091 0.5005027347201423
2.09 0.5005129489609255
2.089 0.5005126922253926
2.088 0.500511960432426
2.087 0.5005538740547695
2.086 0.5006511851669436
2.085 0.50069828151441
2.084 0.50065317265046
2.083 0.5006134049088287
2.082 0.5005707824207208
2.081 0.500559945859901
2.08 0.5005349587242205
2.079 0.5005368660867139
2.078 0.5005798698461975
2.077 0.5005205645635858
2.076 0.5004102039042584
2.075 0.5004037177233444
2.074 0.5004462653624465
2.073 0.5004694663497077
2.072 0.5004847150303039
2.071 0.5004795055060759
2.07 0.5004290131557841
2.069 0.5003157246742116
2.068 0.5002039060548519
2.067 0.5002005573997259
2.066 0.5001672483308913
2.065 0.5000656958378065
2.064 0.4999578365298114
2.063 0.4998846046222534
2.062 0.49985099981169145
2.061 0.4998803645483455
2.06 0.49991514760664874
2.059 0.4999644095645798
2.058 0.49999554346127967
2.057 0.5000230237741511
2.056 0.5001017432001628
2.055 0.5001883850352473
2.054 0.5002286870762405
2.053 0.50024045004822
2.052 0.5002172493777755
2.051 0.5001872570639726
2.05 0.5002123553174712
2.049 0.5001890973497413
2.048 0.5001370022375795
2.047 0.5000934968168387
2.046 0.5000362561211593
2.045 0.4999718502850916
2.044 0.4999214220748285
2.043 0.49987865887426874
2.042 0.4998470166766676
2.041 0.49979658497927054
2.04 0.4997767498038517
2.039 0.49984995900942014
2.038 0.49986466897362647
2.037 0.49985352057451127
2.036 0.49981810959988937
2.035 0.4998689228927467
2.034 0.4999674478924923
2.033 0.5000351522911124
2.032 0.5000511905232042
2.031 0.500053793906568
2.03 0.49998477113240625
2.029 0.4999506678899214
2.028 0.4999750544623605
2.027 0.5000570672532009
2.026 0.5000940870964252
2.025 0.5000464232667966
2.024 0.4999732620188463
2.023 0.49999702957503617
2.022 0.5000401651511801
2.021 0.5000693764278331
2.02 0.500070131757331
2.019 0.5000335493698166
2.018 0.500010708935226
2.017 0.49999777202189255
2.016 0.49997258221899343
2.015 0.500027169086407
2.014 0.5000690672700357
2.013 0.5000055695178556
2.012 0.4999757407728297
2.011 0.5000395378073632
2.01 0.5001238121979951
2.009 0.5001673700747257
2.008 0.50014059733073
2.007 0.5001581989693866
2.006 0.5002037356947288
2.005 0.500149222594825
2.004 0.5001353561028528
2.003 0.500175438162378
2.002 0.5001643844430572
2.001 0.5000458411781963
2.0 0.49998960733029646
1.999 0.4999874433978685
1.998 0.4999947413999927
1.997 0.499919954055855
1.996 0.4998967608388438
1.995 0.49993727796771703
1.994 0.4999072134950672
1.993 0.49986311187230165
1.992 0.49985857524019933
1.991 0.4998837412906511
1.99 0.4998552619251736
1.989 0.4998644351449938
1.988 0.49985791407465063
1.987 0.49987387873991623
1.986 0.4998356820383696
1.985 0.4998501209428693
1.984 0.4998509746800535
1.983 0.4999496300593944
1.982 0.499981248716651
1.981 0.5000452353332631
1.98 0.5000792171954787
1.979 0.5001266573269005
1.978 0.5001511182752367
1.977 0.5001889724723911
1.976 0.500196426255123
1.975 0.5002253415018906
1.974 0.5001797723939161
1.973 0.5001285037058192
1.972 0.5001290645112192
1.971 0.500089147192346
1.97 0.5000253070788169
1.969 0.499971357669952
1.968 0.49995211244739796
1.967 0.4998992819570679
1.966 0.49986355767092394
1.965 0.49985926270981457
1.964 0.49991115103952044
1.963 0.49987341474551167
1.962 0.4998363378486762
1.961 0.49985546779678974
1.96 0.49992351405633423
1.959 0.4999529155193047
1.958 0.49998527304273793
1.957 0.500043558728303
1.956 0.5000918979204088
1.955 0.5000247507598483
1.954 0.4999844667509876
1.953 0.500009035089565
1.952 0.4999979574134318
1.951 0.49995778776181804
1.95 0.49989631057551653
1.949 0.49985479280307077
1.948 0.49982865803337556
1.947 0.4997625624047403
1.946 0.4998473133146875
1.945 0.4998920068348225
1.944 0.4999173047897858
1.943 0.5000142945774542
1.942 0.5001086053159054
1.941 0.5001809919696493
1.94 0.5002838519257067
1.939 0.5003561210375965
1.938 0.5004154621975185
1.937 0.5004747734092244
1.936 0.5004795321478277
1.935 0.5004125361510314
1.934 0.5004381708950612
1.933 0.5003460381354308
1.932 0.5002875297423239
1.931 0.5003036482546531
1.93 0.5002703094632297
1.929 0.5002934987372758
1.928 0.5002198567063215
1.927 0.5002252544460878
1.926 0.5002724773427555
1.925 0.5003262684853051
1.924 0.5003631168169032
1.923 0.5004804799688067
1.922 0.500471759213011
1.921 0.5003998298701371
1.92 0.5003522059327408
1.919 0.5003389790343967
1.918 0.500411572106705
1.917 0.5004579142161696
1.916 0.5003448025730783
1.915 0.5003888904374888
1.914 0.5003740512749932
1.913 0.5003838803530788
1.912 0.5005190107801183
1.911 0.5007091922501068
1.91 0.500822061375409
1.909 0.5008695637184897
1.908 0.5009737391979078
1.907 0.5011060277312022
1.906 0.5012590756989905
1.905 0.5014050272261278
1.904 0.50148952686788
1.903 0.5016014318540382
1.902 0.5016497973137709
1.901 0.5016652638767392
1.9 0.5017745025774127
1.899 0.5018390776446385
1.898 0.501849481959014
1.897 0.5017749535501028
1.896 0.5017494860204907
1.895 0.5017682951997868
1.894 0.5017391062317281
1.893 0.5016003584353997
1.892 0.5015637624075979
1.891 0.5015011865001887
1.89 0.5013627578453411
1.889 0.5012580384482448
1.888 0.5011793178739772
1.887 0.5011137057180683
1.886 0.500980850649214
1.885 0.5007974349893357
1.884 0.5007337705871513
1.883 0.5006630228742891
1.882 0.5004827016039584
1.881 0.5004034242024908
1.88 0.5004200359642522
1.879 0.5004298005912047
1.878 0.5004161887731381
1.877 0.5004095056716172
1.876 0.5004719424258119
1.875 0.5005355196964496
1.874 0.5006234772720031
1.873 0.5006987007762307
1.872 0.5007985273235377
1.871 0.5007880369012188
1.87 0.5007101420586795
1.869 0.5006069015870465
1.868 0.5005476163589448
1.867 0.5005156548405064
1.866 0.5004291075905158
1.865 0.5003004280994569
1.864 0.5001846306727366
1.863 0.5000802869436018
1.862 0.5000241214094012
1.861 0.5000156544522047
1.86 0.4999963125439396
1.859 0.49997376448242886
1.858 0.4999162014618431
1.857 0.4998664540733201
1.856 0.49982101739517426
1.855 0.4998083047927188
1.854 0.4997892330441462
1.853 0.49974284576600275
1.852 0.49965591385360514
1.851 0.49957886224815207
1.85 0.4995934420262849
1.849 0.4996011109601252
1.848 0.49960723596028933
1.847 0.49957761268553963
1.846 0.4995893072659681
1.845 0.49959465852569035
1.844 0.4995919319391643
1.843 0.4996560694061626
1.842 0.4997642866971455
1.841 0.49983169740465166
1.84 0.49989020068021073
1.839 0.49996403058925887
1.838 0.5000695200067438
1.837 0.5001621639820596
1.836 0.5002319451587172
1.835 0.5003004819337811
1.834 0.50035130906077
1.833 0.5003497999473696
1.832 0.5003275280118499
1.831 0.5002991599182623
1.83 0.5002746802006854
1.829 0.5002364312894112
1.828 0.5002292547453554
1.827 0.5002187365029291
1.826 0.5002103812529429
1.825 0.5002016326375546
1.824 0.5002345165541346
1.823 0.5002462072531653
1.822 0.5002728846300393
1.821 0.5002914892633981
1.82 0.5003110042783497
1.819 0.50031368576909
1.818 0.5003181146910467
1.817 0.5003266892615155
1.816 0.5003667301091221
1.815 0.5003633506184213
1.814 0.5003551966680269
1.813 0.5003706373996814
1.812 0.5004039413270391
1.811 0.5004285126625008
1.81 0.5004114569319201
1.809 0.5003914941673165
1.808 0.5003625992680397
1.807 0.5003167315764178
1.806 0.5002773493299011
1.805 0.5002617467057152
1.804 0.5002198493485809
1.803 0.5001387871786714
1.802 0.5000785622741787
1.801 0.5000312522021338
1.8 0.500021297136808
1.799 0.5000269062927424
1.798 0.5000202697517873
1.797 0.5000218974165753
1.796 0.5000588104225822
1.795 0.5000648360660781
1.794 0.500083773096858
1.793 0.5001428099990157
1.792 0.5001789959581169
1.791 0.5001777856686418
1.79 0.5002070848840579
1.789 0.5002009816200409
1.788 0.5001742761629526
1.787 0.5001134377201587
1.786 0.5000683836469735
1.785 0.5000698834941457
1.784 0.5000376254301598
1.783 0.5000073554006608
1.782 0.5000481044205913
1.781 0.5000532266758355
1.78 0.5000434576052075
1.779 0.5000773225171005
1.778 0.5001607810826955
1.777 0.5002391902461002
1.776 0.500241845969971
1.775 0.5001955578654218
1.774 0.5002219591684324
1.773 0.5001527866292231
1.772 0.5000622567661895
1.771 0.500064845277721
1.77 0.500076830953944
1.769 0.5000175946138308
1.768 0.4999565607330957
1.767 0.49994252844480525
1.766 0.49997253065001157
1.765 0.5000157825924992
1.764 0.5000678802719692
1.763 0.5001370969704462
1.762 0.5001612651185297
1.761 0.5001168116339809
1.76 0.5000912023359364
1.759 0.5000721129255883
1.758 0.5000539816399767
1.757 0.5000394001632397
1.756 0.5000343362158889
1.755 0.5000126494502428
1.754 0.49997874045955537
1.753 0.4999775371489186
1.752 0.5000224616336629
1.751 0.5000596197632168
1.75 0.500074671985239
1.749 0.5000905183612551
1.748 0.5001592863202018
1.747 0.5001660269480345
1.746 0.5001643268506221
1.745 0.500194118872521
1.744 0.5001910902572145
1.743 0.5001836784453254
1.742 0.500182929934404
1.741 0.500260534055695
1.74 0.5003487357906411
1.739 0.5003681795180512
1.738 0.5003339007038266
1.737 0.5003138670770222
1.736 0.5002957448595381
1.735 0.5002633006532526
1.734 0.5002510128636724
1.733 0.5002329708420118
1.732 0.5001509863801863
1.731 0.5000016241009849
1.73 0.4998610092186192
1.729 0.4998229876863666
1.728 0.4998146950383138
1.727 0.49975348780468437
1.726 0.49973784182826875
1.725 0.4997346529740944
1.724 0.49971961666707776
1.723 0.4997332655729231
1.722 0.4998374001346277
1.721 0.4998921247454282
1.72 0.49989993413584183
1.719 0.4998945028968072
1.718 0.49995095931404177
1.717 0.5000288264458991
1.716 0.5000545236319623
1.715 0.5000402021469872
1.714 0.5000485075794597
1.713 0.49998025731935813
1.712 0.4999304281341885
1.711 0.49989629239597555
1.71 0.49992584238714327
1.709 0.499880186047587
1.708 0.49982066387956225
1.707 0.49976291059574096
1.706 0.49974503295908057
1.705 0.49969157807012893
1.704 0.4996850144305662
1.703 0.49972018460348
1.702 0.499737848371691
1.701 0.49974268203860406
1.7 0.49975515986284136
1.699 0.499763334258788
1.698 0.4997679785867914
1.697 0.49976123854161947
1.696 0.49974857134041134
1.695 0.4998004852969116
1.694 0.49979716596549784
1.693 0.4998243983881544
1.692 0.4998342443664783
1.691 0.49989614249225955
1.69 0.4999036244325505
1.689 0.4999237951188362
1.688 0.49993965481590136
1.687 0.49995996313714386
1.686 0.4999790763921526
1.685 0.49993673686964374
1.684 0.4999221379483958
1.683 0.4998872678541119
1.682 0.49982273086153767
1.681 0.4997653631635366
1.68 0.499769367575011
1.679 0.49980184302275715
1.678 0.4998015600157304
1.677 0.4996728927468356
1.676 0.49976067101404414
1.675 0.49979061698597077
1.674 0.4998153501251275
1.673 0.4998007699057179
1.672 0.4998322053671106
1.671 0.4997927453757708
1.67 0.4997504917419589
1.669 0.49976695712904706
1.668 0.4998616623358689
1.667 0.4999559185239058
1.666 0.49988607688017517
1.665 0.4998927666258825
1.664 0.4999149910813086
1.663 0.4999261461566955
1.662 0.49994414407037674
1.661 0.4999536717298372
1.66 0.4999842955300971
1.659 0.499929742657564
1.658 0.49983711976039874
1.657 0.499821783321867
1.656 0.49975610130380976
1.655 0.4997098288147117
1.654 0.49970689618711284
1.653 0.49969602159346566
1.652 0.4996884876768626
1.651 0.4997001990774836
1.65 0.4996244298896503
1.649 0.4995829430542211
1.648 0.49957033775346504
1.647 0.4995945220804017
1.646 0.49967804242049674
1.645 0.4996971426870546
1.644 0.49969250931394915
1.643 0.4997101210061772
1.642 0.4996814392917679
1.641 0.4997482160005373
1.64 0.49980077270174494
1.639 0.4998447184852079
1.638 0.49983588533354867
1.637 0.49983735796675893
1.636 0.49974591557469705
1.635 0.4996836834702504
1.634 0.49962030254642026
1.633 0.4995627613222156
1.632 0.49957510518752213
1.631 0.4995335816938602
1.63 0.4995688669459771
1.629 0.49956312080121995
1.628 0.49954990294971763
1.627 0.49959820971755375
1.626 0.4997139976508768
1.625 0.4998574601570521
1.624 0.49990377251750373
1.623 0.4999947843916005
1.622 0.49997410242460744
1.621 0.4999689432253042
1.62 0.4999805921292836
1.619 0.5000055203017895
1.618 0.5000606582193222
1.617 0.5000383397993323
1.616 0.4999847753576729
1.615 0.49993983119252877
1.614 0.49990810365616434
1.613 0.49988759539681005
1.612 0.49987902825594177
1.611 0.49987931509221506
1.61 0.4998285995044493
1.609 0.49975875225574223
1.608 0.4996850844615733
1.607 0.4996449501272996
1.606 0.499695919642183
1.605 0.4996927436017589
1.604 0.4997371659913917
1.603 0.499735015377607
1.602 0.4997835123070157
1.601 0.4997404727888694
1.6 0.49978602440633313
1.599 0.4998377627760143
1.598 0.499856763983735
1.597 0.49982231616589884
1.596 0.4997703290394991
1.595 0.4997329837612318
1.594 0.49973834848675974
1.593 0.4997217219618924
1.592 0.4997878837187174
1.591 0.49985092635324285
1.59 0.4998536212071699
1.589 0.4998974769110346
1.588 0.49995369498240777
1.587 0.5000036473126479
1.586 0.5000313643491898
1.585 0.5000730719343953
1.584 0.5000696627568799
1.583 0.5000558141435228
1.582 0.49996249180382085
1.581 0.4999488094986224
1.58 0.49993088234131966
1.579 0.49991415699494035
1.578 0.49992766923029613
1.577 0.49998595755436764
1.576 0.4999271751824694
1.575 0.49993349447043606
1.574 0.4999600040360669
1.573 0.4999980546185301
1.572 0.5000480240708801
1.571 0.5000742288858943
1.57 0.5000778699830242
1.569 0.5000802507324703
1.568 0.5000564684177428
1.567 0.5000988274662072
1.566 0.5001235100385945
1.565 0.5001131825723639
1.564 0.5001535058773426
1.563 0.5001987154353643
1.562 0.5002113785710615
1.561 0.5002654871987783
1.56 0.5002870157709851
1.559 0.5003036252047557
1.558 0.5002949600941345
1.557 0.5002679624745642
1.556 0.500303470839167
1.555 0.5002550503182267
1.554 0.5001684683999681
1.553 0.5001269857541539
1.552 0.5000829471775857
1.551 0.5000054647383508
1.55 0.4999670934320676
1.549 0.4999463244123373
1.548 0.499939469230759
1.547 0.49990595431237417
1.546 0.4999101570818438
1.545 0.5000109882251151
1.544 0.500038002048954
1.543 0.5000031571214338
1.542 0.5000038248649002
1.541 0.5000169399297946
1.54 0.5000635628488443
1.539 0.50008603324101
1.538 0.5000855402079653
1.537 0.5001111631747911
1.536 0.5000568233282588
1.535 0.5000013962592151
1.534 0.5000128683942041
1.533 0.5000563964707101
1.532 0.5000696872910292
1.531 0.5000473528540414
1.53 0.4999888913264569
1.529 0.49996727807095304
1.528 0.4999034691839637
1.527 0.49987912060024187
1.526 0.4999184642080944
1.525 0.49993794999911356
1.524 0.49990747850514416
1.523 0.49986745721989007
1.522 0.4998427511434238
1.521 0.49988354445505245
1.52 0.49991147719426665
1.519 0.49994674941293804
1.518 0.4999438857173118
1.517 0.4998987466081329
1.516 0.49982098941887704
1.515 0.4997793002463114
1.514 0.4997840440440805
1.513 0.49981597511016285
1.512 0.4997669198223632
1.511 0.499676578838557
1.51 0.4995873910998758
1.509 0.4995287515069557
1.508 0.49952574468905186
1.507 0.499554289486364
1.506 0.49957860390360326
1.505 0.49956605163681383
1.504 0.49948380573574874
1.503 0.49944577131851664
1.502 0.49949585039541516
1.501 0.49955691133114055
1.5 0.49957293913454276
1.499 0.4995727813492997
1.498 0.4995367926708358
1.497 0.4995096526361973
1.496 0.4994732453097507
1.495 0.4994631230962628
1.494 0.49947944233087915
1.493 0.49944435676978594
1.492 0.49937376909766396
1.491 0.4993689488686338
1.49 0.49939258014409943
1.489 0.49945914590077733
1.488 0.4994992833741209
1.487 0.49952420789923535
1.486 0.49955848757574756
1.485 0.4995902134346244
1.484 0.49961835804672117
1.483 0.4996931110017018
1.482 0.49972175488230364
1.481 0.49969561630030024
1.48 0.49963949924501433
1.479 0.4996061154548706
1.478 0.49962831514767386
1.477 0.49964955082344553
1.476 0.499635127594052
1.475 0.49966518770341756
1.474 0.49968173356133044
1.473 0.49969934303149804
1.472 0.4997577957356881
1.471 0.4998164941426154
1.47 0.49986496876048914
1.469 0.4998979435752789
1.468 0.4998961596192478
1.467 0.49994835709478064
1.466 0.49997331841122644
1.465 0.4999897192121
1.464 0.4999646868408236
1.463 0.4999468153144966
1.462 0.49995091892982213
1.461 0.4999808464592201
1.46 0.4999301614000038
1.459 0.49987996309155824
1.458 0.4998226312268715
1.457 0.4997583481914196
1.456 0.4996957142680431
1.455 0.4996735488600787
1.454 0.49962949274500373
1.453 0.49955952188704505
1.452 0.49947517323082036
1.451 0.4994392469772453
1.45 0.49946396269028337
1.449 0.49948234315782203
1.448 0.49952777102405943
1.447 0.49953047809077605
1.446 0.49952651596463055
1.445 0.4994967825735143
1.444 0.49951172677904354
1.443 0.4995264328536287
1.442 0.49947222527164187
1.441 0.49941726974233625
1.44 0.4993593185065426
1.439 0.4992671003767723
1.438 0.49917060079136516
1.437 0.4991322127591036
1.436 0.499084594445326
1.435 0.4990333589291539
1.434 0.4989604613432063
1.433 0.4989834348010761
1.432 0.4990539636662439
1.431 0.49911020960574554
1.43 0.49915243304147094
1.429 0.4992187167775903
1.428 0.4991877296612366
1.427 0.4990743082916163
1.426 0.49889476874496413
1.425 0.4986906618674288
1.424 0.49843809912202697
1.423 0.4980664942683397
1.422 0.4976295126879123
1.421 0.49717064107979486
1.42 0.4967963711916381
1.419 0.4964763167408708
1.418 0.49622180323853254
1.417 0.49610260333090805
1.416 0.4960366858569518
1.415 0.4959870295799329
1.414 0.49601220646399125
1.413 0.49614574470897305
1.412 0.49634041918857563
1.411 0.4965841967757974
1.41 0.4968047434062564
1.409 0.4971462785649168
1.408 0.4975081944732585
1.407 0.4979729997208745
1.406 0.4985584145119816
1.405 0.4992022973634127
1.404 0.49984073152734876
1.403 0.5005145935190478
1.402 0.5011850002698628
1.401 0.5018432947380893
1.4 0.5024364414521922
1.399 0.5029615588416023
1.398 0.5034232461194572
1.397 0.5037258745398803
1.396 0.5039357589374003
1.395 0.5041439397175884
1.394 0.5043335168546227
1.393 0.5044247898124934
1.392 0.504460185624118
1.391 0.5044934224658428
1.39 0.504565594723898
1.389 0.5045205812606431
1.388 0.5044436733474706
1.387 0.5043787281865585
1.386 0.5042517859179744
1.385 0.5040346848180957
1.384 0.5037495268546528
1.383 0.5034511126084147
1.382 0.5032064454298928
1.381 0.5028270456404136
1.38 0.5024259909484076
1.379 0.5020979957326536
1.378 0.5017901533919227
1.377 0.5015021410198187
1.376 0.501210724713071
1.375 0.5010079295829315
1.374 0.5008874539152676
1.373 0.5007372424146929
1.372 0.5005761814766917
1.371 0.5005197355756931
1.37 0.5004687944672507
1.369 0.5004097946399104
1.368 0.5003270708591009
1.367 0.5002792242885077
1.366 0.5002549514642542
1.365 0.500211307739292
1.364 0.5000870937738847
1.363 0.5001044826272227
1.362 0.5001106240192615
1.361 0.5000999002943957
1.36 0.5000657169032637
1.359 0.5000262818740728
1.358 0.5000743548529989
1.357 0.5000267068896354
1.356 0.4999892909384302
1.355 0.5000210479596618
1.354 0.5000212971445762
1.353 0.5000336417791719
1.352 0.49998765002031365
1.351 0.49999300462874596
1.35 0.5000297494729355
1.349 0.49996343580757524
1.348 0.4998899201814826
1.347 0.49990258820878036
1.346 0.49991729355796544
1.345 0.4998487316336108
1.344 0.4997751932406762
1.343 0.4997794513938623
1.342 0.49969970174715994
1.341 0.499621106141173
1.34 0.4996085327441964
1.339 0.49964210666804354
1.338 0.499689153957952
1.337 0.4996541586042404
1.336 0.49967840825730653
1.335 0.49970358707749285
1.334 0.4997285381532771
1.333 0.4996965495595308
1.332 0.49979531295302776
1.331 0.4998374670652938
1.33 0.499864396028443
1.329 0.49989060575887845
1.328 0.4998794919424179
1.327 0.4998830279320034
1.326 0.4998738694121071
1.325 0.49989083492448594
1.324 0.5000009145077882
1.323 0.49995726437889054
1.322 0.4999247617496052
1.321 0.4999075644475793
1.32 0.4998396181472737
1.319 0.49984768251817263
1.318 0.49987620085173806
1.317 0.49989169566775354
1.316 0.49990339300360426
1.315 0.4998349733542343
1.314 0.4998280137120642
1.313 0.49986808924558396
1.312 0.49991693116142677
1.311 0.4999586490258613
1.31 0.4999838341434359
1.309 0.5000042085750265
1.308 0.5000098817893993
1.307 0.4999837137027538
1.306 0.499974805296183
1.305 0.5000151899308694
1.304 0.4999926177982809
1.303 0.49999719392971353
1.302 0.4999608346298982
1.301 0.4999525416334316
1.3 0.49990536301855243
1.299 0.4998334937788664
1.298 0.499804792833267
1.297 0.49984556294594384
1.296 0.49981935344645545
1.295 0.4998313949550295
1.294 0.49980053706067795
1.293 0.4997717488553877
1.292 0.49980896565092536
1.291 0.4998376096135109
1.29 0.49991564465671773
1.289 0.4999312052582379
1.288 0.4999501822012727
1.287 0.4999297364843457
1.286 0.49993399483413414
1.285 0.49992038720148557
1.284 0.49996238450026464
1.283 0.49991664249400775
1.282 0.4998685104277399
1.281 0.4997888752074758
1.28 0.4997453575237781
1.279 0.4997396050621802
1.278 0.4997640854198925
1.277 0.4997831635738258
1.276 0.4997664301968425
1.275 0.499726901620066
1.274 0.49971843688476814
1.273 0.4997223076430421
1.272 0.49973864780432375
1.271 0.4997843551362841
1.27 0.49980234967295695
1.269 0.4997876596053245
1.268 0.49970978008105615
1.267 0.49971159114985314
1.266 0.49978835855888143
1.265 0.4998392396014805
1.264 0.4998770833455639
1.263 0.49994129310737057
1.262 0.4999880137865916
1.261 0.49998673005420136
1.26 0.49999969420258256
1.259 0.5000340673157928
1.258 0.500067662492148
1.257 0.5000128469911123
1.256 0.4999558880194431
1.255 0.49991343152421325
1.254 0.4998553579596808
1.253 0.4997877452203515
1.252 0.4997420348992027
1.251 0.49973384089975725
1.25 0.49974612030336324
1.249 0.49974147393267887
1.248 0.4997664073872302
1.247 0.4997796132527774
1.246 0.49979940955280633
1.245 0.49980932130504785
1.244 0.49983543218520343
1.243 0.499845452797586
1.242 0.4998533380804031
1.241 0.49982669134549246
1.24 0.49981357177853997
1.239 0.49978336659700345
1.238 0.49974780309357447
1.237 0.499708627421958
1.236 0.49970969453590947
1.235 0.4997028268579816
1.234 0.49971769279951805
1.233 0.49970736009882216
1.232 0.4997511209363491
1.231 0.49980407170497565
1.23 0.49980699469845263
1.229 0.49984646067021116
1.228 0.4999240521878548
1.227 0.4999604584175201
1.226 0.4999496616169277
1.225 0.4999350037452559
1.224 0.4999062356080244
1.223 0.4998439488211021
1.222 0.4997586062840888
1.221 0.4997131543161074
1.22 0.49970422721337865
1.219 0.4996764313953574
1.218 0.49964048276906303
1.217 0.4996405286382533
1.216 0.4996829603489976
1.215 0.49974727385243367
1.214 0.49981242703706263
1.213 0.49987853901647167
1.212 0.49995107940199757
1.211 0.49995997739090886
1.21 0.4999384210216756
1.209 0.4999199328221642
1.208 0.49994406270773084
1.207 0.49993650656414057
1.206 0.499887248796952
1.205 0.49983278670202935
1.204 0.4998199031075034
1.203 0.4998115849927324
1.202 0.49980366891639855
1.201 0.49982878807009035
1.2 0.4998655541007473
1.199 0.4998720480602965
1.198 0.49983125268985185
1.197 0.49978059636255684
1.196 0.49981694739034815
1.195 0.4997965281595564
1.194 0.4997753879520187
1.193 0.4997822370055481
1.192 0.4997442375383567
1.191 0.4997183015482658
1.19 0.49972535591856765
1.189 0.49974974245787945
1.188 0.49983230705414394
1.187 0.4998547104138139
1.186 0.49987124830852
1.185 0.4998638499638901
1.184 0.49981413540242087
1.183 0.49977367713083376
1.182 0.49974705364567
1.181 0.49965609827367236
1.18 0.4995971390904834
1.179 0.4995532049327948
1.178 0.49951626962696444
1.177 0.4995537661606641
1.176 0.49957848033790514
1.175 0.49963065658671046
1.174 0.4996966124016577
1.173 0.4997674966756212
1.172 0.4998605886263472
1.171 0.4999597815912522
1.17 0.5000062217349968
1.169 0.5000051139127137
1.168 0.499947625384214
1.167 0.4998782847554953
1.166 0.49983021887160073
1.165 0.49980377989922276
1.164 0.4997883711878157
1.163 0.4997651221346411
1.162 0.49973642086777614
1.161 0.49967512091899546
1.16 0.49970062688988137
1.159 0.4996716348490741
1.158 0.4996829919541249
1.157 0.49969486608957475
1.156 0.49967935091446064
1.155 0.49968303578919515
1.154 0.49972265170630886
1.153 0.4997086076306426
1.152 0.49975577036467383
1.151 0.49975070770626656
1.15 0.49977089809796676
1.149 0.49983651980850413
1.148 0.49992212014873944
1.147 0.5000449268568554
1.146 0.5000648662366856
1.145 0.4999688247472983
1.144 0.49987566092945374
1.143 0.4998152900785638
1.142 0.4997748680081882
1.141 0.4998189221644459
1.14 0.49977414803413683
1.139 0.4996776019266543
1.138 0.4995398166408085
1.137 0.49942484539399384
1.136 0.49947354869446003
1.135 0.49956641564457877
1.134 0.4996267969089217
1.133 0.4996920939797666
1.132 0.4996843752781651
1.131 0.49965570175574175
1.13 0.4997376395721621
1.129 0.4998331707913096
1.128 0.49992424091562
1.127 0.4998869139103066
1.126 0.4998206595940931
1.125 0.4998106232382424
1.124 0.4998167480185029
1.123 0.49978880245857954
1.122 0.49979709999647287
1.121 0.49977241270631567
1.12 0.49968497703117404
1.119 0.49965349553555183
1.118 0.4997227425612696
1.117 0.49978457428039763
1.116 0.49981805365826054
1.115 0.4997124745899497
1.114 0.4997284635022127
1.113 0.49975795239119253
1.112 0.499755608433429
1.111 0.49982971565301537
1.11 0.4998699760034799
1.109 0.4997850968774353
1.108 0.49972801385431753
1.107 0.4996922012204621
1.106 0.49970764292530584
1.105 0.4997182227487299
1.104 0.49967835723624304
1.103 0.4996444317667413
1.102 0.4996077063684028
1.101 0.4995105538872665
1.1 0.499502882413673
1.099 0.4995243011023853
1.098 0.4995019140969046
1.097 0.49956936339883057
1.096 0.49956231307702775
1.095 0.4996318785022756
1.094 0.49969875131707064
1.093 0.4996909631976101
1.092 0.4997883424563177
1.091 0.4998556068691135
1.09 0.49988747642407527
1.089 0.49996304052609414
1.088 0.4999364501303735
1.087 0.4999130255215425
1.086 0.49996490470042215
1.085 0.49990729445963855
1.084 0.49986269443958453
1.083 0.4998145933378656
1.082 0.4997338234180951
1.081 0.49966020758543983
1.08 0.499689739089966
1.079 0.4996195902267451
1.078 0.4996560660572014
1.077 0.4995445054949156
1.076 0.49951026418125943
1.075 0.49955942774247986
1.074 0.4995091845321838
1.073 0.49958138186673445
1.072 0.4996333648445423
1.071 0.49963545017918726
1.07 0.4996580933182449
1.069 0.49968212338095214
1.068 0.499692159817923
1.067 0.49977536789035004
1.066 0.49977240287393837
1.065 0.4998484847163861
1.064 0.4999283810734718
1.063 0.4999134757663
1.062 0.49986726401803466
1.061 0.4998364771596482
1.06 0.49974223415755675
1.059 0.49971072112032516
1.058 0.49966246561543765
1.057 0.4996480423611102
1.056 0.49961095529926264
1.055 0.49952855123876727
1.054 0.4995334771160644
1.053 0.49951318734691225
1.052 0.4995608028347081
1.051 0.49961351421325656
1.05 0.4996437874662596
1.049 0.4996912163405217
1.048 0.4996913636111144
1.047 0.4996943396650472
1.046 0.4997489194547095
1.045 0.49980132754656625
1.044 0.49976381949391313
1.043 0.4997528634303454
1.042 0.4997234770253622
1.041 0.4997700711174219
1.04 0.4997669083857519
1.039 0.4997897865368178
1.038 0.49977825820791394
1.037 0.4997051608539122
1.036 0.4996265963412692
1.035 0.4995784692890216
1.034 0.4996417762746258
1.033 0.4997157752371082
1.032 0.49974550107032084
1.031 0.4997137458278047
1.03 0.4996908748042957
1.029 0.49972311072469455
1.028 0.49981478331774226
1.027 0.4998662483037057
1.026 0.49992261180467146
1.025 0.4998983086443409
1.024 0.49984263438179083
1.023 0.499772500000313
1.022 0.49976577718733634
1.021 0.4998338998928298
1.02 0.4998464207780296
1.019 0.4997544326379869
1.018 0.49967012226633384
1.017 0.4996715106427797
1.016 0.49967228938112407
1.015 0.4996906667281283
1.014 0.4996902354911715
1.013 0.49966754677590547
1.012 0.4995506521152562
1.011 0.4994793936524756
1.01 0.4994922171929255
1.009 0.49960388006992773
1.008 0.49966473152384877
1.007 0.49972528058118637
1.006 0.4997075530306972
1.005 0.49969436203938905
1.004 0.49969342768912955
1.003 0.49979138017507
1.002 0.49987239866421357
1.001 0.49990926710409217
1.0 0.4998793416155725
0.999 0.4998034621288089
0.998 0.4996862620956036
0.997 0.4996140557045429
0.996 0.4996244895581481
0.995 0.4996786586390345
0.994 0.49969820263881515
0.993 0.49971325584271825
0.992 0.4996501112083722
0.991 0.4996290081346891
0.99 0.4996232189574564
0.989 0.49969139001380053
0.988 0.4998589124372645
0.987 0.4999398701270142
0.986 0.49988639459680634
0.985 0.49983074991801457
0.984 0.49978223108744557
0.983 0.49980134032746093
0.982 0.4998711487298156
0.981 0.4998983474961611
0.98 0.4999130568713675
0.979 0.4998186010791884
0.978 0.49970198463146065
0.977 0.49971662325580585
0.976 0.49973444717536186
0.975 0.4997365011402349
0.974 0.499713060015816
0.973 0.4996597564339254
0.972 0.4996161956863416
0.971 0.4995742704543694
0.97 0.4995451149321121
0.969 0.4995809907805382
0.968 0.49959383833040427
0.967 0.4995530624103197
0.966 0.49956852809139035
0.965 0.4995804963295319
0.964 0.49956345413685316
0.963 0.4995916378830498
0.962 0.499620776746015
0.961 0.499681661095053
0.96 0.4997047126598917
0.959 0.49971757858943117
0.958 0.4997549514372631
0.957 0.49975718045332285
0.956 0.4998017720969259
0.955 0.4999016990862113
0.954 0.49992469767440684
0.953 0.4999049495728155
0.952 0.49989731290322664
0.951 0.49988292380635907
0.95 0.49988267065805114
0.949 0.49992587456967824
0.948 0.4999465075079993
0.947 0.499967888043968
0.946 0.4999284000844312
0.945 0.4999406476383374
0.944 0.49997148767232924
0.943 0.49997615288198094
0.942 0.5000325515822719
0.941 0.5000681959809918
0.94 0.5000198741656163
0.939 0.4999953940352378
0.938 0.49995640272375086
0.937 0.49995330728300386
0.936 0.4999329866137291
0.935 0.4998969040682892
0.934 0.4999157056096656
0.933 0.49990837562862395
0.932 0.49983158182214454
0.931 0.499799648972379
0.93 0.49983370234373037
0.929 0.4998310980971648
0.928 0.4997860044647423
0.927 0.4998021533093426
0.926 0.4998332720335016
0.925 0.49978622760282726
0.924 0.49970506153801664
0.923 0.4997134256484171
0.922 0.4997908496203718
0.921 0.4998023313033452
0.92 0.499782541774022
0.919 0.4997865634928444
0.918 0.4997626232075272
0.917 0.4997112822115592
0.916 0.49967152192398423
0.915 0.499741284236235
0.914 0.4998302416156044
0.913 0.49980746090874906
0.912 0.49969606661653365
0.911 0.49965240634949537
0.91 0.49965007841936115
0.909 0.49968339450663224
0.908 0.49976144851095045
0.907 0.4998413761366462
0.906 0.4998379401676617
0.905 0.4997388642823019
0.904 0.4996677339837278
0.903 0.49974465392888784
0.902 0.49980687866310425
0.901 0.4998682458600596
0.9 0.49985714638349965
0.899 0.4998116296892877
0.898 0.4997624873299145
0.897 0.4997357197178157
0.896 0.49974594554282886
0.895 0.49984349152676294
0.894 0.4998932420576144
0.893 0.4999261186378936
0.892 0.49996473861820206
0.891 0.4999693613254341
0.89 0.4999918959747053
0.889 0.5000346971332823
0.888 0.5000562967289763
0.887 0.5000895384401061
0.886 0.5000742868368665
0.885 0.5000531301645971
0.884 0.5000085499131898
0.883 0.49993889051777146
0.882 0.499911159787133
0.881 0.4999391546407914
0.88 0.4999438344185469
0.879 0.49995498143981637
0.878 0.4999651089203256
0.877 0.49999354214736513
0.876 0.499981952798399
0.875 0.4999951877206841
0.874 0.500005066477248
0.873 0.500037427372848
0.872 0.5000120962833758
0.871 0.5000041159179264
0.87 0.5000292558008174
0.869 0.5000733805222642
0.868 0.500111431758811
0.867 0.500138237577227
0.866 0.5002844242592248
0.865 0.5004000524883038
0.864 0.5004907079303361
0.863 0.5005820936776771
0.862 0.5006782906392856
0.861 0.5007359118003479
0.86 0.500768983226265
0.859 0.5007494746976913
0.858 0.5007679695456562
0.857 0.5006826599814899
0.856 0.5005835302442537
0.855 0.5004986780232545
0.854 0.5004443231964999
0.853 0.500334550273897
0.852 0.5002605180945504
0.851 0.5002029602919802
0.85 0.5001694991407669
0.849 0.5001124453958342
0.848 0.500080383153811
0.847 0.5000683970532227
0.846 0.5000605747330673
0.845 0.5000032177147437
0.844 0.5000007571256885
0.843 0.49999608824120256
0.842 0.49997917863369434
0.841 0.4999628408000193
0.84 0.49997299889648755
0.839 0.4999683916737233
0.838 0.49995678307057234
0.837 0.4999623965558273
0.836 0.49998643505907564
0.835 0.5000181067597266
0.834 0.5000263717805293
0.833 0.5000425844026014
0.832 0.5000502837911177
0.831 0.5000529927664873
0.83 0.5000638390267399
0.829 0.5000905241582169
0.828 0.50008661561077
0.827 0.5000828967270807
0.826 0.5000563370045545
0.825 0.5000363988205521
0.824 0.5000432108990882
0.823 0.5000297732289218
0.822 0.5000261788988991
0.821 0.5000153910318729
0.82 0.5000029013866609
0.819 0.5000304617355822
0.818 0.5000397965293643
0.817 0.5000527266888118
0.816 0.5000656579105547
0.815 0.5000457275749135
0.814 0.5000510864640296
0.813 0.500061995154161
0.812 0.5000588452035608
0.811 0.5000327343308201
0.81 0.5000056134568563
0.809 0.49997382709764465
0.808 0.4999825306712851
0.807 0.49998435974996785
0.806 0.4999730072882844
0.805 0.4999692846063151
0.804 0.4999301161358815
0.803 0.49988753965914234
0.802 0.49986639574061037
0.801 0.49985288261748817
0.8 0.4998469408742565
0.799 0.4998025112492873
0.798 0.49976243475789606
0.797 0.49973301893805017
0.796 0.4997053503554033
0.795 0.4996852494658329
0.794 0.4997152800385871
0.793 0.49975238378733006
0.792 0.49976371539642594
0.791 0.49977246635860817
0.79 0.4997738360512154
0.789 0.4997772120794499
0.788 0.49981111182823923
0.787 0.4998068589453867
0.786 0.4998358326066132
0.785 0.4998176080102367
0.784 0.4997714087865459
0.783 0.49973266792858023
0.782 0.49972302991997253
0.781 0.4997190222327608
0.78 0.4997274729052955
0.779 0.4997032095469556
0.778 0.49969157393129005
0.777 0.49969191621790204
0.776 0.4996881073229468
0.775 0.49972461218376407
0.774 0.49974962411996887
0.773 0.49975048079094236
0.772 0.4997617106832432
0.771 0.4997522552616022
0.77 0.49974660953433975
0.769 0.4997757354346366
0.768 0.4997472356669839
0.767 0.49974080949719574
0.766 0.49972977479207087
0.765 0.4997040390346874
0.764 0.49968368367455734
0.763 0.49966615948913784
0.762 0.4996460373600632
0.761 0.49962728808629275
0.76 0.4995916944118074
0.759 0.4996080668534294
0.758 0.49960661245928295
0.757 0.4995904443608967
0.756 0.4995726396039734
0.755 0.4995714231010049
0.754 0.4995699001912273
0.753 0.4995969868951934
0.752 0.4996056751821461
0.751 0.4996189862827449
0.75 0.49961572979865665
0.749 0.49958725527550457
0.748 0.4995814099028452
0.747 0.4996052108862003
0.746 0.4996046342679677
0.745 0.4996008138672411
0.744 0.499559813640467
0.743 0.4995372087353137
0.742 0.49952257895301333
0.741 0.49949629331362744
0.74 0.4995054688282637
0.739 0.4994961557157939
0.738 0.49946875660556717
0.737 0.49943908903836615
0.736 0.49942886456647273
0.735 0.49942493162552826
0.734 0.49944284495560204
0.733 0.49942624669596913
0.732 0.49941484796234653
0.731 0.4994103552771865
0.73 0.49939321401128406
0.729 0.49939168307726933
0.728 0.4994072681921501
0.727 0.4994011301135035
0.726 0.4993989576832031
0.725 0.4993886784395017
0.724 0.49938808079374947
0.723 0.4993865970204682
0.722 0.4993858062328764
0.721 0.49938626993984253
0.72 0.4993817632615005
0.719 0.4993660884129087
0.718 0.4993592908701888
0.717 0.49934402324908406
0.716 0.499320447361712
0.715 0.499306893883209
0.714 0.49931050045130876
0.713 0.4993011747915201
0.712 0.4992956166454868
0.711 0.4992915063466129
0.71 0.4992827177888294
0.709 0.49926545547525186
0.708 0.49925262791146763
0.707 0.4992625303508464
0.706 0.49925979075144894
0.705 0.49925018770959406
0.704 0.4992297108875568
0.703 0.49922583544643145
0.702 0.4992215100202424
0.701 0.49922204774599294
0.7 0.49923428334945513
0.699 0.49926406291234265
0.698 0.4992787029015485
0.697 0.49929040908173533
0.696 0.49930491877817434
0.695 0.4993207805396324
0.694 0.4993323546176124
0.693 0.49932655412838084
0.692 0.4993316441733572
0.691 0.4993413093919364
0.69 0.49933313925628986
0.689 0.499305892351596
0.688 0.4992898455910367
0.687 0.4992714122483962
0.686 0.49926850181046617
0.685 0.4992546678073251
0.684 0.4992527221159803
0.683 0.4992575930215809
0.682 0.49923935526660135
0.681 0.49922208450873035
0.68 0.49922036643165274
0.679 0.49922968054680406
0.678 0.4992267860995492
0.677 0.49922175712848355
0.676 0.4992116255672869
0.675 0.4992079264545836
0.674 0.49919519654781
0.673 0.49919353272542955
0.672 0.4992060984075343
0.671 0.49921388230983865
0.67 0.49921481248026983
0.669 0.4992247680169655
0.668 0.4992382179876507
0.667 0.499262844578169
0.666 0.4992905396245004
0.665 0.4993204410274792
0.664 0.49934309532237914
0.663 0.4993482930315528
0.662 0.4993475171556814
0.661 0.4993400376345504
0.66 0.49933047031357486
0.659 0.4993140882834422
0.658 0.49929567189338114
0.657 0.49926594071589975
0.656 0.4992331411078916
0.655 0.49920852239552327
0.654 0.4991915127850341
0.653 0.49919095968915145
0.652 0.4991971789888337
0.651 0.4992123164775574
0.65 0.4992281082264738
0.649 0.4992405881233954
0.648 0.49925881002686706
0.647 0.49927207566394793
0.646 0.49927535333458184
0.645 0.4992767488057217
0.644 0.4992774428712354
0.643 0.49927364095878607
0.642 0.499263237518713
0.641 0.499252961848446
0.64 0.499244508089588
0.639 0.49923355898692456
0.638 0.4992272592887175
0.637 0.4992338469285048
0.636 0.4992485373901406
0.635 0.49925098218161174
0.634 0.49924681979300745
0.633 0.4992427243894105
0.632 0.49923631867594664
0.631 0.49922603876453053
0.63 0.49921752553943394
0.629 0.49920945692078095
0.628 0.499191084395724
0.627 0.49916936990652444
0.626 0.4991576341587424
0.625 0.49915204066526886
0.624 0.4991438061417324
0.623 0.49913787505852436
0.622 0.4991340272335681
0.621 0.499130825952106
0.62 0.49912341090265255
0.619 0.49911479450201174
0.618 0.4991083994538997
0.617 0.49908868403234263
0.616 0.49906079986590013
0.615 0.49903987947541
0.614 0.499018464732452
0.613 0.4989917599264547
0.612 0.49896455573303516
0.611 0.49893910674755576
0.61 0.498922363687857
0.609 0.4989030739171315
0.608 0.4988862767454214
0.607 0.4988808884959677
0.606 0.498874105295139
0.605 0.4988707789903997
0.604 0.4988769199635953
0.603 0.4988812663691061
0.602 0.4988781578405275
0.601 0.4988675348678309
0.6 0.49884070578288386
0.599 0.49881774564385967
0.598 0.4987863768174462
0.597 0.4987416611879723
0.596 0.49868736005455067
0.595 0.49861335374141696
0.594 0.4985302778733334
0.593 0.4984553688719265
0.592 0.49838116659169285
0.591 0.49830922745418765
0.59 0.4982429513186072
0.589 0.49817321618126054
0.588 0.49810412972270174
0.587 0.4980378734102989
0.586 0.4979752613901336
0.585 0.49791526298661676
0.584 0.4978494714493617
0.583 0.4977767327238289
0.582 0.4977131453573922
0.581 0.497643785679692
0.58 0.497558839268314
0.579 0.49747515640665757
0.578 0.4973962477485034
0.577 0.4973184423610235
0.576 0.49723917591536426
0.575 0.49716403897783906
0.574 0.4970875293536296
0.573 0.49700044957656414
0.572 0.4969078819714549
0.571 0.4968209671650167
0.57 0.496738374465023
0.569 0.4966388316433205
0.568 0.49653610035787693
0.567 0.49642912408691275
0.566 0.49631193352595415
0.565 0.49618829066695075
0.564 0.49607579320417516
0.563 0.4959599748192143
0.562 0.49584526764709086
0.561 0.4957329493912315
0.56 0.4956308721019515
0.559 0.4955344254459309
0.558 0.49543852611315314
0.557 0.49534992662020916
0.556 0.4952693768848321
0.555 0.4951872987035704
0.554 0.49509418814932066
0.553 0.4950048595764466
0.552 0.4949074051335018
0.551 0.49480502222200357
0.55 0.4946947144432428
0.549 0.4945988114165248
0.548 0.49449682385774435
0.547 0.4943912963676899
0.546 0.4942775346641824
0.545 0.494166612163672
0.544 0.49407053882171736
0.543 0.4939774387307324
0.542 0.49388444069913756
0.541 0.4937967841507037
0.54 0.49370204057202643
0.539 0.49359399705173634
0.538 0.4934918969634071
0.537 0.4933918111655355
0.536 0.49330335868237457
0.535 0.49321044862009694
0.534 0.4931101204104284
0.533 0.4930126000944486
0.532 0.4929198560086591
0.531 0.4928285028851479
0.53 0.4927534513830872
0.529 0.4926841389338155
0.528 0.4926121296916922
0.527 0.4925442725162611
0.526 0.4924835433199313
0.525 0.4924306406487515
0.524 0.49238104029948504
0.523 0.4923218613273369
0.522 0.49226987071602557
0.521 0.49222098009880794
0.52 0.492191506237724
0.519 0.49217570991351434
0.518 0.4921580769425796
0.517 0.4921300125563424
0.516 0.49209784389095734
0.515 0.49206322860383556
0.514 0.4920374650043563
0.513 0.49202219584914386
0.512 0.4919991974686117
0.511 0.4919504778235083
0.51 0.4918707883617645
0.509 0.4917933762415514
0.508 0.49172375937322527
0.507 0.4916560162009148
0.506 0.4915997886827707
0.505 0.4915524360297747
0.504 0.49149230510429537
0.503 0.4914277258679583
0.502 0.49138484883614747
0.501 0.49137984674958185
0.5 0.4913863061863465
0.499 0.491403633460948
0.498 0.4914342173396762
0.497 0.49146960134052997
0.496 0.4915384404399462
0.495 0.4916227715000667
0.494 0.4917459025540362
0.493 0.49188223010258747
0.492 0.4920322512723057
0.491 0.4921940727436163
0.49 0.49238344878920787
0.489 0.4925994580046497
0.488 0.4928475574548865
0.487 0.49310808230895553
0.486 0.4933618492132587
0.485 0.493628627618512
0.484 0.49389414695640194
0.483 0.4941794967436821
0.482 0.49446657485850437
0.481 0.4947402310451494
0.48 0.4949979092105106
0.479 0.49521993061426883
0.478 0.4954109667550652
0.477 0.4955994682111616
0.476 0.4957615620385789
0.475 0.495909938794676
0.474 0.4960168652266483
0.473 0.4961082206982022
0.472 0.4961691412831208
0.471 0.49622585317339485
0.47 0.4962690521953034
0.469 0.4962931040856658
0.468 0.49630587968548545
0.467 0.49630364465263654
0.466 0.4962711498702754
0.465 0.49622376482799785
0.464 0.4961716432288701
0.463 0.49609011135621583
0.462 0.4959861120777257
0.461 0.4958546688754179
0.46 0.4956935908629108
0.459 0.49549510534386604
0.458 0.49525644087647996
0.457 0.495002289939592
0.456 0.4947055075902371
0.455 0.49435061033335
0.454 0.4939519930286429
0.453 0.4934998396186843
0.452 0.49300599802988926
0.451 0.4924652241817996
0.45 0.4919086741137256
0.449 0.4913303558519524
0.448 0.4907180785058061
0.447 0.49008302642786467
0.446 0.48944663943474553
0.445 0.48882031768215134
0.444 0.4882007359729068
0.443 0.4876045543432047
0.442 0.48703186668726395
0.441 0.4864807260620057
0.44 0.48595196277631736
0.439 0.4854574379687492
0.438 0.48501793954001554
0.437 0.48461443535590876
0.436 0.4842635428936219
0.435 0.4839704923000476
0.434 0.48374609366403853
0.433 0.4835929733505144
0.432 0.4834937987180839
0.431 0.48346106416971724
0.43 0.4834836471451899
0.429 0.48355418143205847
0.428 0.4836741920419862
0.427 0.48383971692605715
0.426 0.484045752679905
0.425 0.48425850378414875
0.424 0.4844734984527058
0.423 0.48468862690309306
0.422 0.4849133514967726
0.421 0.4851299727339259
0.42 0.48535858479595967
0.419 0.4855833148621278
0.418 0.48577777135371014
0.417 0.4859451116970511
0.416 0.48610026961724634
0.415 0.48623710975072426
0.414 0.48635057809197724
0.413 0.4864298505445494
0.412 0.48649643410368104
0.411 0.486521906087679
0.41 0.48649330121329554
0.409 0.486445285469369
0.408 0.4577494158584351
0.407 0.4254578787965594
0.406 0.38886376357950253
0.405 0.3470738181398329
0.404 0.2989020768542973
0.403 0.24273535024543375
0.402 0.17642247836561412
0.401 0.09696524662681882
0.4 0.0
