15.3853 1.0
15.3397 1.0
15.2945 0.9
15.2495 0.8181818181818181
15.2048 0.7500000000000001
15.1603 0.6923076923076923
15.1161 0.6428571428571429
15.0722 0.6
15.0285 0.5625
14.9851 0.5294117647058824
14.9419 0.5
14.8989 0.5
14.8563 0.5
14.8138 0.5
14.7716 0.5
14.7296 0.5
14.6879 0.5
14.6464 0.5
14.6052 0.5
14.5641 0.5
14.5233 0.5
14.4828 0.5
14.4424 0.5
14.4023 0.5
14.3624 0.5
14.3227 0.5
14.2833 0.5
14.244 0.5
14.205 0.5
14.1662 0.5
14.1276 0.5
14.0892 0.5
14.051 0.5
14.0131 0.5
13.9753 0.5
13.9377 0.5
13.9004 0.5
13.8632 0.5
13.8262 0.5
13.7895 0.5
13.7529 0.5
13.7165 0.5
13.6803 0.5
13.6443 0.5
13.6085 0.5
13.5729 0.5
13.5374 0.5
13.5022 0.5
13.4671 0.5
13.4322 0.5
13.3975 0.5
13.363 0.5
13.3286 0.5
13.2944 0.5
13.2604 0.5
13.2266 0.5
13.193 0.5
13.1595 0.5
13.1262 0.5
13.093 0.5
13.06 0.5
13.0272 0.5
12.9946 0.5
12.9621 0.5
12.9298 0.5
12.8976 0.5
12.8656 0.5
12.8337 0.5
12.8021 0.5
12.7705 0.5
12.7391 0.5
12.7079 0.5
12.6769 0.5
12.6459 0.5
12.6152 0.5
12.5845 0.5
12.5541 0.5
12.5238 0.5
12.4936 0.5
12.4635 0.5
12.4337 0.5
12.4039 0.5
12.3743 0.5
12.3448 0.5
12.3155 0.5
12.2863 0.5
12.2573 0.5
12.2284 0.5
12.1996 0.5
12.171 0.5
12.1425 0.5
12.1141 0.5
12.0859 0.5
12.0578 0.5
12.0298 0.5
12.0019 0.5
11.9742 0.5
11.9466 0.5
11.9192 0.5
11.8918 0.5
11.8646 0.5
11.8375 0.5
11.8106 0.5
11.7837 0.5
11.757 0.5
11.7304 0.5
11.7039 0.5
11.6776 0.5
11.6513 0.5
11.6252 0.5
11.5992 0.5
11.5733 0.5
11.5475 0.5
11.5219 0.5
11.4963 0.5
11.4709 0.5
11.4455 0.5
11.4203 0.5
11.3952 0.5
11.3702 0.5
11.3454 0.5
11.3206 0.5
11.2959 0.5
11.2714 0.5
11.2469 0.5
11.2226 0.5
11.1983 0.5
11.1742 0.5
11.1502 0.5
11.1263 0.5
11.1024 0.5
11.0787 0.5
11.0551 0.5
11.0316 0.5
11.0081 0.5
10.9848 0.5
10.9616 0.5
10.9385 0.5
10.9154 0.5
10.8925 0.5
10.8697 0.5
10.8469 0.5
10.8243 0.5
10.8017 0.5
10.7793 0.5
10.7569 0.5
10.7346 0.5
10.7125 0.5
10.6904 0.5
10.6684 0.5
10.6465 0.5001597071642261
10.6247 0.5003462451419404
10.6029 0.5007099638195539
10.5813 0.5016061793957552
10.5597 0.5032533833187599
10.5383 0.5056772447443318
10.5169 0.5088891099900886
10.4956 0.5128340261858293
10.4744 0.5177080377880692
10.4533 0.5231859100564528
10.4323 0.5293526186832326
10.4113 0.5360980397841354
10.3904 0.5427028834371697
10.3697 0.5487609686235192
10.349 0.553966950639386
10.3284 0.5582442944450527
10.3078 0.5614206206102212
10.2874 0.56368912043786
10.267 0.5649333920055363
10.2467 0.565041624230107
10.2265 0.5639108085185947
10.2064 0.5620867925489
10.1863 0.5597679109367015
10.1663 0.5570321319078606
10.1464 0.5544775264262711
10.1266 0.5520900233667208
10.1069 0.5495949407772222
10.0872 0.5470193051774224
10.0676 0.5445875587336647
10.0481 0.5423565456933636
10.0287 0.5398163970647297
10.0093 0.5368359907928107
9.9901 0.5338047123127897
9.9708 0.5303496170836915
9.9517 0.5263042844396039
9.9326 0.5220367573300153
9.9136 0.5178444812101158
9.8947 0.5133878569152923
9.8759 0.5087509858640682
9.8571 0.504680484608632
9.8384 0.5014763281110012
9.8198 0.49879226604523424
9.8012 0.4962798334093721
9.7827 0.494194377709597
9.7643 0.49199625696104654
9.7459 0.4892589261581385
9.7276 0.4859497867333936
9.7094 0.48191307315442244
9.6913 0.4768681134802832
9.6732 0.4705521139665872
9.6552 0.46266651858562274
9.6372 0.4537063439844932
9.6194 0.4443426750582363
9.6015 0.43486508322836737
9.5838 0.42561913543246566
9.5661 0.41734685190515375
9.5485 0.4109875775285953
9.5309 0.4068221687923233
9.5135 0.4048137112766066
9.496 0.40566336158983995
9.4787 0.40967310355946457
9.4614 0.41597097572515046
9.4441 0.4240522244585665
9.427 0.43376543831379755
9.4099 0.4447136991894738
9.3928 0.45575917346006994
9.3758 0.46584519830529253
9.3589 0.4749717578209955
9.342 0.48304096796594936
9.3252 0.4892104965281267
9.3085 0.4935470237844854
9.2918 0.49664927193643243
9.2752 0.4987207217899644
9.2586 0.49974815319361865
9.2421 0.5
9.2257 0.5
9.2093 0.5005112777859658
9.193 0.501430696798575
9.1767 0.5025833353911099
9.1605 0.5042731307697493
9.1443 0.5066800178003374
9.1282 0.5094399349402896
9.1122 0.5126057264713327
9.0962 0.5161600680407881
9.0803 0.5198456639454913
9.0644 0.5234845122213398
9.0486 0.5271442232474787
9.0328 0.53032183085356
9.0171 0.5328163777293269
9.0015 0.5341903951948519
8.9858 0.534931093779444
8.9703 0.5356860629853558
8.9548 0.5359478040456152
8.9394 0.5359452132867799
8.924 0.5357534724881846
8.9086 0.5347802124390407
8.8934 0.533304031277925
8.8781 0.5321094077451034
8.863 0.5315257792436228
8.8478 0.5310246259017295
8.8328 0.5297355500957871
8.8177 0.5276011526987392
8.8028 0.5249811295420648
8.7879 0.5215278825731384
8.773 0.5178316115730226
8.7582 0.5149567661200355
8.7434 0.5116859617151805
8.7287 0.5074498638320613
8.714 0.5031180100456968
8.6994 0.4993660618902962
8.6848 0.4964704168085757
8.6703 0.4944010357316914
8.6558 0.49322104108974796
8.6414 0.493083610962366
8.627 0.4930036722667383
8.6127 0.4927598497728073
8.5984 0.4931645024403858
8.5842 0.49420929608057645
8.57 0.49483633492206264
8.5558 0.49527441706701936
8.5417 0.4956430007116016
8.5277 0.4955291000913633
8.5137 0.4949778507120055
8.4997 0.4938572895669428
8.4858 0.4928091013326732
8.4719 0.49160740627379884
8.4581 0.4895791492917588
8.4444 0.48727845136451636
8.4306 0.4847243609627628
8.4169 0.480844846329333
8.4033 0.4754799936395623
8.3897 0.46990504975640146
8.3761 0.46457066516887274
8.3626 0.45977536866892954
8.3492 0.45561910478882556
8.3357 0.4524290489638296
8.3224 0.4504237380613589
8.309 0.44957809084373085
8.2957 0.45074366689074513
8.2825 0.4550641610882991
8.2693 0.46106623287084125
8.2561 0.46743063118943146
8.243 0.47369453383392685
8.2299 0.47966858649458677
8.2169 0.48518065233978874
8.2038 0.4900511176882345
8.1909 0.49427450493981967
8.178 0.49771529702478795
8.1651 0.4997281651146286
8.1523 0.5
8.1395 0.5
8.1267 0.5
8.114 0.5
8.1013 0.5
8.0887 0.5
8.0761 0.5
8.0635 0.5
8.051 0.5
8.0385 0.5
8.0261 0.5
8.0137 0.5
8.0013 0.5
7.989 0.5
7.9767 0.5
7.9644 0.5
7.9522 0.5
7.94 0.5
7.9279 0.5
7.9158 0.5
7.9037 0.5
7.8917 0.5
7.8797 0.5
7.8677 0.5
7.8558 0.5
7.8439 0.5
7.8321 0.5
7.8203 0.5
7.8085 0.5
7.7967 0.5
7.785 0.5
7.7734 0.5
7.7617 0.5
7.7501 0.5
7.7386 0.5
7.727 0.5
7.7155 0.5
7.7041 0.5
7.6926 0.5
7.6812 0.5
7.6699 0.5
7.6585 0.5
7.6472 0.5
7.636 0.5
7.6247 0.5
7.6136 0.5
7.6024 0.5
7.5913 0.5
7.5802 0.5
7.5691 0.5
7.5581 0.5
7.5471 0.5
7.5361 0.5
7.5252 0.5
7.5142 0.5
7.5034 0.5
7.4925 0.5
7.4817 0.5
7.4709 0.5
7.4602 0.5
7.4495 0.5
7.4388 0.5
7.4281 0.5
7.4175 0.5
7.4069 0.5
7.3963 0.5
7.3858 0.5
7.3753 0.5
7.3648 0.5
7.3544 0.5
7.344 0.5
7.3336 0.5
7.3232 0.5
7.3129 0.5
7.3026 0.5
7.2923 0.5
7.2821 0.5
7.2718 0.5
7.2617 0.5
7.2515 0.5
7.2414 0.5
7.2313 0.5
7.2212 0.5
7.2112 0.5
7.2012 0.5
7.1912 0.5
7.1812 0.5
7.1713 0.5
7.1614 0.5
7.1515 0.5
7.1416 0.5
7.1318 0.5
7.122 0.5
7.1123 0.5
7.1025 0.5
7.0928 0.5
7.0831 0.5
7.0734 0.5
7.0638 0.5
7.0542 0.5
7.0446 0.5
7.0351 0.5
7.0255 0.5
7.016 0.5
7.0065 0.5
6.9971 0.5
6.9877 0.5
6.9782 0.5
6.9689 0.5
6.9595 0.5
6.9502 0.5
6.9409 0.5
6.9316 0.5
6.9223 0.5
6.9131 0.5
6.9039 0.5
6.8947 0.5
6.8856 0.5
6.8764 0.5
6.8673 0.5
6.8582 0.5
6.8492 0.5
6.8402 0.5
6.8311 0.5
6.8221 0.5
6.8132 0.5
6.8042 0.5
6.7953 0.5
6.7864 0.5
6.7776 0.5
6.7687 0.5
6.7599 0.5
6.7511 0.5
6.7423 0.5
6.7336 0.5
6.7248 0.5
6.7161 0.5
6.7074 0.5
6.6988 0.5
6.6901 0.5
6.6815 0.5
6.6729 0.5
6.6643 0.5
6.6558 0.5
6.6472 0.5
6.6387 0.5
6.6302 0.5
6.6217 0.5
6.6133 0.5
6.6049 0.5
6.5965 0.5
6.5881 0.5
6.5797 0.5
6.5714 0.5
6.5631 0.5
6.5548 0.5
6.5465 0.5
6.5382 0.5
6.53 0.5
6.5218 0.5
6.5136 0.5
6.5054 0.5
6.4973 0.5
6.4892 0.5
6.481 0.5
6.4729 0.5
6.4649 0.5
6.4568 0.5
6.4488 0.5
6.4408 0.5
6.4328 0.5
6.4248 0.5
6.4169 0.5
6.4089 0.5
6.401 0.5
6.3931 0.5
6.3853 0.5
6.3774 0.5
6.3696 0.5
6.3618 0.5
6.354 0.5
6.3462 0.5
6.3384 0.5
6.3307 0.5
6.323 0.5
6.3153 0.5
6.3076 0.5
6.2999 0.5
6.2923 0.5
6.2847 0.5
6.277 0.5
6.2694 0.5
6.2619 0.5
6.2543 0.5
6.2468 0.5
6.2393 0.5
6.2318 0.5
6.2243 0.5
6.2168 0.5
6.2094 0.5
6.202 0.5
6.1945 0.5
6.1871 0.5
6.1798 0.5
6.1724 0.5
6.1651 0.5
6.1578 0.5
6.1505 0.5
6.1432 0.5
6.1359 0.5
6.1286 0.5
6.1214 0.5
6.1142 0.5
6.107 0.5
6.0998 0.5
6.0926 0.5
6.0855 0.5
6.0784 0.5
6.0712 0.5
6.0641 0.5
6.0571 0.5
6.05 0.5
6.0429 0.5
6.0359 0.5
6.0289 0.5
6.0219 0.5
6.0149 0.5
6.0079 0.5
6.001 0.5
5.994 0.5
5.9871 0.5
5.9802 0.5
5.9733 0.5
5.9664 0.5
5.9596 0.5
5.9527 0.5
5.9459 0.5
5.9391 0.5
5.9323 0.5
5.9255 0.5
5.9188 0.5
5.912 0.5
5.9053 0.5
5.8986 0.5
5.8919 0.5
5.8852 0.5
5.8785 0.5
5.8718 0.5
5.8652 0.5
5.8586 0.5
5.852 0.5
5.8454 0.5
5.8388 0.5
5.8322 0.5
5.8257 0.5
5.8191 0.5
5.8126 0.5
5.8061 0.5
5.7996 0.5
5.7931 0.5
5.7866 0.5
5.7802 0.5
5.7738 0.5
5.7673 0.5
5.7609 0.5
5.7545 0.5
5.7481 0.5
5.7418 0.5
5.7354 0.5
5.7291 0.5
5.7228 0.5
5.7165 0.5
5.7102 0.5
5.7039 0.5
5.6976 0.5
5.6914 0.5
5.6851 0.5
5.6789 0.5
5.6727 0.5
5.6665 0.5
5.6603 0.5
5.6541 0.5
5.648 0.5
5.6418 0.5
5.6357 0.5
5.6296 0.5
5.6235 0.5
5.6174 0.5
5.6113 0.5
5.6052 0.5
5.5992 0.5
5.5931 0.5
5.5871 0.5
5.5811 0.5
5.5751 0.5
5.5691 0.5
5.5631 0.5
5.5572 0.5
5.5512 0.5
5.5453 0.5
5.5393 0.5
5.5334 0.5
5.5275 0.5
5.5217 0.5
5.5158 0.5
5.5099 0.5
5.5041 0.5
5.4982 0.5
5.4924 0.5
5.4866 0.5
5.4808 0.5
5.475 0.5
5.4692 0.5
5.4635 0.5
5.4577 0.5
5.452 0.5
5.4463 0.5
5.4405 0.5
5.4348 0.5
5.4291 0.5
5.4235 0.5
5.4178 0.5
5.4121 0.5
5.4065 0.5
5.4009 0.5
5.3952 0.5
5.3896 0.5
5.384 0.5
5.3785 0.5
5.3729 0.5
5.3673 0.5
5.3618 0.5
5.3562 0.5
5.3507 0.5
5.3452 0.5
5.3397 0.5
5.3342 0.5
5.3287 0.5
5.3232 0.5
5.3178 0.5
5.3123 0.5
5.3069 0.5
5.3015 0.5
5.2961 0.5
5.2907 0.5
5.2852 0.5
5.2799 0.5
5.2745 0.5
5.2691 0.5
5.2638 0.5
5.2584 0.5
5.2531 0.5
5.2478 0.5
5.2425 0.5
5.2372 0.5
5.2319 0.5
5.2267 0.5
5.2214 0.5
5.2161 0.5
5.2109 0.5
5.2057 0.5
5.2004 0.5
5.1952 0.5
5.19 0.5
5.1848 0.5
5.1796 0.5
5.1745 0.5
5.1693 0.5
5.1642 0.5
5.159 0.5
5.1539 0.5
5.1488 0.5
5.1437 0.5
5.1386 0.5
5.1335 0.5
5.1284 0.5
5.1234 0.5
5.1183 0.5
5.1132 0.5
5.1082 0.5
5.1032 0.5
5.0982 0.5
5.0932 0.5
5.0882 0.5
5.0832 0.5
5.0782 0.5
5.0732 0.5
5.0683 0.5
5.0633 0.5
5.0584 0.5
5.0534 0.5
5.0485 0.5
5.0436 0.5
5.0387 0.5
5.0338 0.5
5.0289 0.5
5.0241 0.5
5.0192 0.5
5.0144 0.5
5.0095 0.5
5.0047 0.5
4.9998 0.5
4.995 0.5
4.9902 0.5
4.9854 0.5
4.9806 0.5
4.9759 0.5
4.9711 0.5
4.9663 0.5
4.9616 0.5
4.9568 0.5
4.9521 0.5
4.9474 0.5
4.9426 0.5
4.9379 0.5
4.9332 0.5
4.9286 0.5
4.9239 0.5
4.9192 0.5
4.9145 0.5
4.9099 0.5
4.9052 0.5
4.9006 0.5
4.896 0.5
4.8914 0.5
4.8867 0.5
4.8821 0.5
4.8776 0.5
4.873 0.5
4.8684 0.5
4.8638 0.5
4.8593 0.5
4.8547 0.5
4.8502 0.5
4.8456 0.5
4.8411 0.5
4.8366 0.5
4.8321 0.5
4.8276 0.5
4.8231 0.5
4.8186 0.5
4.8141 0.5
4.8097 0.5
4.8052 0.5
4.8008 0.5
4.7963 0.5
4.7919 0.5
4.7875 0.5
4.7831 0.5
4.7786 0.5
4.7743 0.5
4.7699 0.5
4.7655 0.5
4.7611 0.5
4.7567 0.5
4.7524 0.5
4.748 0.5
4.7437 0.5001037693651765
4.7393 0.5006159921518958
4.735 0.5013978012208402
4.7307 0.5023653852739066
4.7264 0.503612907095277
4.7221 0.5050528934526862
4.7178 0.5067144078445179
4.7135 0.5087108106584639
4.7092 0.5111749793609432
4.7049 0.513866351927107
4.7007 0.5162756949933766
4.6964 0.5184304132834046
4.6922 0.5204705006079596
4.6879 0.5225050246706722
4.6837 0.5244546098663193
4.6795 0.5261519442302307
4.6752 0.5277364610038943
4.671 0.5289935476594516
4.6668 0.5297593371038353
4.6626 0.5306479823815048
4.6584 0.5317354297318526
4.6543 0.5325751824832187
4.6501 0.5331239831639992
4.6459 0.5334034935062645
4.6418 0.5336402695998209
4.6376 0.5339526832798893
4.6334 0.5341229750914475
4.6293 0.5344196748869813
4.6252 0.5347051027200671
4.6211 0.5347294256416695
4.617 0.5348540095638932
4.6128 0.5351557566828037
4.6087 0.5358172266910894
4.6047 0.5366869306732658
4.6006 0.5373236744459777
4.5965 0.5378359962503046
4.5924 0.5383113503492061
4.5884 0.5385487660184634
4.5843 0.5386575342249164
4.5802 0.5386711122400797
4.5762 0.538525007784517
4.5722 0.5381508124855484
4.5681 0.5374942107488775
4.5641 0.5366876148531533
4.5601 0.5359938232077838
4.5561 0.5354998352262108
4.5521 0.5351436846436751
4.5481 0.5349656027508104
4.5441 0.5349084844031512
4.5401 0.5348284901833861
4.5362 0.5347399895245478
4.5322 0.5347036442736582
4.5282 0.5348141832142664
4.5243 0.5349582196200499
4.5203 0.5350136537548453
4.5164 0.5349693331338741
4.5125 0.5347817812292175
4.5085 0.5343887313315668
4.5046 0.53394973530735
4.5007 0.5336045043652101
4.4968 0.5334361547380139
4.4929 0.5333289355096278
4.489 0.5331886726333807
4.4851 0.5330074559051158
4.4813 0.5326596445029624
4.4774 0.5321481863497005
4.4735 0.5317434991420459
4.4697 0.5316090754787849
4.4658 0.5315669582856809
4.462 0.5311943877940294
4.4581 0.53055595600195
4.4543 0.5299050207148126
4.4505 0.5291186306843667
4.4467 0.5284097880155009
4.4429 0.5279471458249567
4.4391 0.527642890785655
4.4353 0.5271693409188049
4.4315 0.5265550738970024
4.4277 0.5261738212025647
4.4239 0.5259888305164276
4.4201 0.5258055799576993
4.4164 0.5255984086753962
4.4126 0.5254506546264516
4.4089 0.5254361657470691
4.4051 0.5254439279139512
4.4014 0.525404313367946
4.3976 0.5254036007045695
4.3939 0.5253063838540639
4.3902 0.5251154010415737
4.3865 0.5251012662828187
4.3828 0.5252513895977129
4.3791 0.5254549823386546
4.3754 0.5255016080552263
4.3717 0.5254122757172828
4.368 0.5253999011595594
4.3643 0.5254377296714686
4.3607 0.5255129054502743
4.357 0.5256543688517229
4.3533 0.5256537054509751
4.3497 0.5255969609771043
4.346 0.5255660431127901
4.3424 0.525579630129359
4.3388 0.525735153726111
4.3351 0.5258033943947575
4.3315 0.5256773305646837
4.3279 0.5255557039051351
4.3243 0.5254834224961227
4.3207 0.5253757376949406
4.3171 0.5251454396928341
4.3135 0.5248061050325333
4.3099 0.5244372462616776
4.3063 0.5239807255760466
4.3028 0.523534002880033
4.2992 0.5231668620677384
4.2956 0.5227931854494471
4.2921 0.5222524139969981
4.2885 0.5215948491634517
4.285 0.5211220458418149
4.2815 0.5208631645659021
4.2779 0.5206387149593963
4.2744 0.5203469108467026
4.2709 0.5200759439621456
4.2674 0.5198416902894359
4.2638 0.5195615915273329
4.2603 0.5193627402869554
4.2568 0.5194222813674749
4.2534 0.5195369740303118
4.2499 0.5192813930061544
4.2464 0.5187771119044874
4.2429 0.5182154976146962
4.2394 0.5176134020728687
4.236 0.5169754761643602
4.2325 0.5163520179186173
4.2291 0.5157899384033202
4.2256 0.5150910729235942
4.2222 0.5141919536957834
4.2187 0.5134662961031452
4.2153 0.5130500968082586
4.2119 0.5127739910687206
4.2085 0.5125695171004178
4.2051 0.5124475101156102
4.2016 0.5123666868738677
4.1982 0.5121582620740637
4.1948 0.5118828222084515
4.1915 0.5117421063880638
4.1881 0.5116776401787929
4.1847 0.5114725108296838
4.1813 0.511143416202344
4.178 0.5107949868296401
4.1746 0.5103985772395164
4.1712 0.5099211769175508
4.1679 0.5095097973437105
4.1645 0.509231300794688
4.1612 0.5089468808438834
4.1578 0.5085880890650346
4.1545 0.5082067624251385
4.1512 0.5078892045443848
4.1479 0.5076117244682881
4.1445 0.5073158644891995
4.1412 0.5070808595784713
4.1379 0.5068914825385253
4.1346 0.5066197165494336
4.1313 0.5063136876502516
4.128 0.5060857723093389
4.1248 0.5059873429018373
4.1215 0.5059361952832475
4.1182 0.5058291024822527
4.115 0.5057351814289758
4.1117 0.5056510757802788
4.1084 0.5055446924104403
4.1052 0.5055054937526371
4.1019 0.5054720143103348
4.0987 0.5053323945486013
4.0954 0.5050845943807895
4.0922 0.5047532263304708
4.089 0.5044353449273616
4.0858 0.5041781372485401
4.0826 0.5039787272207753
4.0793 0.5037818307718868
4.0761 0.5035475254284293
4.0729 0.5032660902178103
4.0697 0.5030447439716753
4.0665 0.5028964081691818
4.0633 0.5027796404828463
4.0602 0.5026999691269753
4.057 0.5025976947277618
4.0538 0.5024315057163248
4.0507 0.5022510775606428
4.0475 0.5020953399733324
4.0443 0.50198950844008
4.0412 0.5019497967218179
4.038 0.5019438127467835
4.0349 0.5020264029069696
4.0317 0.5020842628473606
4.0286 0.5020545456272354
4.0255 0.5020328206471819
4.0224 0.5020296740881164
4.0193 0.5020104473750084
4.0161 0.502038444995431
4.013 0.50197694431863
4.0099 0.5018207201102829
4.0068 0.5016658259418229
4.0037 0.5015213081103777
4.0006 0.5015029479310887
3.9976 0.5015799703644239
3.9945 0.5017072646235161
3.9914 0.5018699414093546
3.9883 0.5019807063114421
3.9853 0.5021707149803338
3.9822 0.5025604013801265
3.9792 0.5030115027987302
3.9761 0.5034376928285683
3.9731 0.5037529446371857
3.97 0.5039865578631971
3.967 0.5042189876247708
3.9639 0.5044358071059761
3.9609 0.5046869982844194
3.9579 0.5049539434048975
3.9549 0.5050414443575783
3.9519 0.5049358527974055
3.9489 0.5047857904567592
3.9458 0.5046219615345737
3.9428 0.5045113661864509
3.9398 0.504392038022363
3.9369 0.5042408010198286
3.9339 0.5040679440855902
3.9309 0.5038322713971728
3.9279 0.5035950113189309
3.9249 0.5034215954978699
3.922 0.5033399456239637
3.919 0.5032970274746312
3.916 0.5031776251663928
3.9131 0.5030242271376054
3.9101 0.5029126107333726
3.9072 0.5027905657792634
3.9042 0.5026495226268073
3.9013 0.5025446075792004
3.8984 0.5025131316060393
3.8954 0.5024775386635753
3.8925 0.5024267094472255
3.8896 0.5024071795851491
3.8867 0.5024755847933312
3.8838 0.5025342867091737
3.8809 0.5025391897769151
3.878 0.5025658729679595
3.8751 0.5026105485835066
3.8722 0.5025959226556845
3.8693 0.5025361456617831
3.8664 0.5025015381350271
3.8635 0.5024994809226723
3.8606 0.5024571790649354
3.8578 0.5023753902575621
3.8549 0.5023534322639226
3.852 0.5023794618396235
3.8492 0.5023872109748105
3.8463 0.5023966560136491
3.8435 0.5024760393230272
3.8406 0.5025822217718959
3.8378 0.5026734702939523
3.8349 0.5027274397529128
3.8321 0.5027818329093228
3.8293 0.5028373372097438
3.8264 0.5028712623552382
3.8236 0.5029104160738482
3.8208 0.5029564636003057
3.818 0.502936286963629
3.8152 0.5028526020882572
3.8124 0.5027291348975472
3.8096 0.5025962283397255
3.8068 0.5025023493649587
3.804 0.5024258254329935
3.8012 0.5023188535885057
3.7984 0.502202370978777
3.7956 0.502069504886642
3.7929 0.5019561672504531
3.7901 0.5018797274004796
3.7873 0.5018153758194634
3.7845 0.5017433001482718
3.7818 0.5016404124502201
3.779 0.5014727541286693
3.7763 0.5013043931851536
3.7735 0.5011677459858199
3.7708 0.5010038238676019
3.7681 0.5008057361767019
3.7653 0.5006193660588677
3.7626 0.5004853123279766
3.7599 0.5003803580485349
3.7571 0.5002819286751842
3.7544 0.5002358010079921
3.7517 0.5001963199921196
3.749 0.500129396131178
3.7463 0.5001052896230376
3.7436 0.5001456341807623
3.7409 0.5002308958535826
3.7382 0.5002555536806801
3.7355 0.5001971883252178
3.7328 0.5001369510818816
3.7301 0.5000564645653484
3.7274 0.49992624632281824
3.7247 0.49983778511260907
3.7221 0.4997574270930106
3.7194 0.4996362438401669
3.7167 0.4994666582946794
3.7141 0.4992667562013863
3.7114 0.49909132585086935
3.7088 0.4989753100962363
3.7061 0.49889449259799035
3.7035 0.49886181856041917
3.7008 0.4988429425358333
3.6982 0.49882872359668673
3.6955 0.49878739177675674
3.6929 0.49870311115599847
3.6903 0.49863971776293475
3.6877 0.49861820801540896
3.685 0.49860824575219487
3.6824 0.49854105016344874
3.6798 0.4984381561792411
3.6772 0.4983125561235441
3.6746 0.49817015209890086
3.672 0.49804899753954107
3.6694 0.49796230826060156
3.6668 0.497898638250513
3.6642 0.4978398220433791
3.6616 0.49771954254967843
3.659 0.49761325931841865
3.6564 0.4975749844452096
3.6539 0.4975077180622524
3.6513 0.49741744760422407
3.6487 0.4973367691644403
3.6462 0.4972361959847001
3.6436 0.4971681246636788
3.641 0.4971319519239214
3.6385 0.49706323061261065
3.6359 0.49698639033242203
3.6334 0.4968964252615404
3.6308 0.4968382957055798
3.6283 0.4968131010791467
3.6258 0.4967287060229517
3.6232 0.49660119232657474
3.6207 0.4964284017573767
3.6182 0.4961883083065087
3.6156 0.49592628734878724
3.6131 0.49572535072433854
3.6106 0.49559934636278463
3.6081 0.4954146081970572
3.6056 0.4951742725997326
3.6031 0.49497365992202885
3.6006 0.49484140290352174
3.5981 0.49476895090054096
3.5956 0.49472787655165007
3.5931 0.49475295016816134
3.5906 0.4947721906447248
3.5881 0.49467400155442076
3.5856 0.4945424448477399
3.5832 0.4944489976288942
3.5807 0.4943550784827043
3.5782 0.49423411399463074
3.5758 0.49409927418451643
3.5733 0.49397284824037396
3.5708 0.49380828778438984
3.5684 0.4935609339039842
3.5659 0.49334787913586453
3.5635 0.49318306524559147
3.561 0.49296396634751133
3.5586 0.49275747397482345
3.5561 0.49261859785768003
3.5537 0.49246330959722384
3.5513 0.4922890653551336
3.5488 0.49213378788782497
3.5464 0.49198794297704745
3.544 0.49183956751299923
3.5415 0.4916722534421676
3.5391 0.49151622544960205
3.5367 0.4913467633923252
3.5343 0.4910847420523485
3.5319 0.49072764567450045
3.5295 0.4903803395194142
3.5271 0.49004235231696003
3.5247 0.48970772797972123
3.5223 0.4894108619712674
3.5199 0.4891597711007745
3.5175 0.4889565436623356
3.5151 0.48883606192829987
3.5128 0.4888100043179344
3.5104 0.4889399766258458
3.508 0.4891252941191914
3.5056 0.4892924244885621
3.5033 0.4895051554164432
3.5009 0.4897038574687058
3.4985 0.4898660621132134
3.4962 0.49006224131825993
3.4938 0.4902041566314265
3.4915 0.49026519754852854
3.4891 0.49028845014008643
3.4868 0.49024523800160447
3.4844 0.4901962828278195
3.4821 0.49018840445301776
3.4798 0.49018606802193704
3.4774 0.49023538589709065
3.4751 0.49027139792976043
3.4728 0.4902488612746791
3.4704 0.4902232703739983
3.4681 0.49015306973629136
3.4658 0.4900606199460409
3.4635 0.4899576571800638
3.4612 0.48984636998403897
3.4589 0.48962674193949934
3.4566 0.4892664274800471
3.4543 0.48881477608937296
3.452 0.4884280077060097
3.4497 0.4880302716108634
3.4474 0.4875476597333745
3.4451 0.4870897018010304
3.4428 0.4867723616078776
3.4405 0.4864543397969652
3.4382 0.48605493455443005
3.4359 0.4857456857134724
3.4337 0.4856023034128156
3.4314 0.48548089214957735
3.4291 0.48544267012325737
3.4269 0.48558396492429534
3.4246 0.485860620615712
3.4223 0.4860482701983896
3.4201 0.48608571888148183
3.4178 0.48620946356018097
3.4156 0.4864480674865163
3.4133 0.4866457291654856
3.4111 0.48677699758086423
3.4088 0.48681094466577296
3.4066 0.4867110863338397
3.4043 0.4864590259244255
3.4021 0.4861934732500001
3.3999 0.4860818239938474
3.3977 0.4860573180199001
3.3954 0.4860144683743914
3.3932 0.4859332173949512
3.391 0.48581970079031184
3.3888 0.4857752474482713
3.3866 0.485843153272449
3.3844 0.485826416143941
3.3822 0.4857779143490861
3.3799 0.4857522007054556
3.3777 0.48568329097330265
3.3755 0.4854386008117604
3.3733 0.48506660661620976
3.3712 0.48479271800826573
3.369 0.48457225283067973
3.3668 0.48421800922007247
3.3646 0.48395670691049114
3.3624 0.48384234220316535
3.3602 0.48367720593945296
3.358 0.48347666546788565
3.3559 0.4833223952184309
3.3537 0.48333544970846265
3.3515 0.48337848655023774
3.3494 0.4833776649449166
3.3472 0.4834898494807783
3.3451 0.4836859071677791
3.3429 0.48365464952939624
3.3407 0.4835793090081851
3.3386 0.4836083315759339
3.3364 0.4836176665010961
3.3343 0.4836466495072576
3.3321 0.48365178988848795
3.33 0.483550940102777
3.3279 0.48334400656278914
3.3257 0.48304546920597397
3.3236 0.4828659509603757
3.3215 0.4826779584369669
3.3194 0.4823169300617514
3.3172 0.48198292792197667
3.3151 0.48163459656277663
3.313 0.4812415471131753
3.3109 0.480852061969251
3.3088 0.4805769052879574
3.3066 0.4803080950234691
3.3045 0.48007220053004984
3.3024 0.4799739903464492
3.3003 0.48010402183167994
3.2982 0.4802954796124593
3.2961 0.4803140228045267
3.294 0.4802937732992934
3.292 0.48032259462152155
3.2899 0.48036781151097546
3.2878 0.4804244194986929
3.2857 0.48042046315926645
3.2836 0.4802415384459571
3.2815 0.4797121208957893
3.2795 0.47920254442857285
3.2774 0.4790182861708398
3.2753 0.47897798634356276
3.2732 0.4789361353661911
3.2712 0.4787402679915894
3.2691 0.47846805018720845
3.2671 0.47823545017027547
3.265 0.47804642119451907
3.263 0.4782196395420036
3.2609 0.478572721814645
3.2588 0.47859363026635166
3.2568 0.4781612393608726
3.2548 0.47769901898083067
3.2527 0.47748367004662345
3.2507 0.4775007768489974
3.2486 0.4772934033539621
3.2466 0.4770994733089054
3.2446 0.47696831993481276
3.2426 0.4764545887744885
3.2405 0.475883762287064
3.2385 0.475576033096166
3.2365 0.47529777585739386
3.2345 0.4749100638271087
3.2324 0.4743867707777292
3.2304 0.473995999165972
3.2284 0.474016507854914
3.2264 0.4739637318457894
3.2244 0.47372230366541185
3.2224 0.4733354619786755
3.2204 0.47300917862632313
3.2184 0.4729213627815628
3.2164 0.4730603352805262
3.2144 0.4732722296362199
3.2124 0.4733882978856328
3.2104 0.47294311479288303
3.2084 0.4720836248510465
3.2064 0.4714129944899175
3.2045 0.47110923192341975
3.2025 0.47126635493320507
3.2005 0.4715105657176205
3.1985 0.4715167395707626
3.1966 0.4715137015054762
3.1946 0.47150658185230154
3.1926 0.47140149454057384
3.1907 0.4715327781858302
3.1887 0.4718860187400332
3.1867 0.4720960168797987
3.1848 0.47222778418572914
3.1828 0.4721520205853496
3.1809 0.4718171984674433
3.1789 0.4711809012104931
3.177 0.4706824204100836
3.175 0.4705849999709506
3.1731 0.4707281588567826
3.1711 0.4710813494420083
3.1692 0.47165972948596574
3.1673 0.4719246494653403
3.1653 0.47205078245695453
3.1634 0.47228376511755127
3.1615 0.4726742570578252
3.1596 0.47329371074721716
3.1576 0.47386077610999355
3.1557 0.47439719944764186
3.1538 0.4749452777696481
3.1519 0.47536474706901644
3.15 0.47557069052352074
3.1481 0.4756664156203281
3.1461 0.4756288661293541
3.1442 0.4757744398338724
3.1423 0.47612653915169667
3.1404 0.4765227719136876
3.1385 0.4767336109475536
3.1366 0.47666843880076476
3.1347 0.4766204478118449
3.1328 0.4764613704446668
3.1309 0.4766862563473895
3.129 0.47753857490047297
3.1272 0.4782073321992259
3.1253 0.4783500087376533
3.1234 0.4783371139594539
3.1215 0.47827023312933764
3.1196 0.478337618302407
3.1178 0.4782852149331489
3.1159 0.47849865878316633
3.114 0.4789018958871284
3.1121 0.4787345500723009
3.1103 0.47875723402622966
3.1084 0.47935062927572575
3.1065 0.480206556628122
3.1047 0.48120668681321516
3.1028 0.482332916955557
3.101 0.4837302313704717
3.0991 0.48542526531390756
3.0973 0.48693207662737015
3.0954 0.4887682077102401
3.0936 0.49085815744022393
3.0917 0.49256974116569086
3.0899 0.4940726296063132
3.088 0.4955764555069444
3.0862 0.49682390931583165
3.0844 0.4979927842379624
3.0825 0.4988598434331153
3.0807 0.49951160933859656
3.0789 0.4999678376916793
3.077 0.5
3.0752 0.5
3.0734 0.5
3.0716 0.5
3.0698 0.5
3.068 0.5
3.0661 0.5
3.0643 0.5
3.0625 0.5
3.0607 0.5
3.0589 0.5
3.0571 0.5
3.0553 0.5
3.0535 0.5
3.0517 0.5
3.0499 0.5
3.0481 0.5
3.0463 0.5
3.0445 0.5
3.0427 0.5
3.041 0.5
3.0392 0.5
3.0374 0.5
3.0356 0.5
3.0338 0.5
3.0321 0.5
3.0303 0.5
3.0285 0.5
3.0268 0.5
3.025 0.5
3.0232 0.5
3.0215 0.5
3.0197 0.5
3.0179 0.5
3.0162 0.5
3.0144 0.5
3.0127 0.5
3.0109 0.5
3.0092 0.5
3.0074 0.5
3.0057 0.5
3.004 0.5
3.0022 0.5
3.0005 0.5
2.9987 0.5
2.997 0.5
2.9953 0.5
2.9935 0.5
2.9918 0.5
2.9901 0.5
2.9884 0.5
2.9867 0.5
2.9849 0.5
2.9832 0.5
2.9815 0.5
2.9798 0.5
2.9781 0.5
2.9764 0.5
2.9747 0.5
2.9729 0.5
2.9712 0.5
2.9695 0.5
2.9678 0.5
2.9661 0.5
2.9645 0.5
2.9628 0.5
2.9611 0.5
2.9594 0.5
2.9577 0.5
2.956 0.5
2.9543 0.5
2.9526 0.5
2.951 0.5
2.9493 0.5
2.9476 0.5
2.9459 0.5
2.9442 0.5
2.9426 0.5
2.9409 0.5
2.9392 0.5
2.9376 0.5
2.9359 0.5
2.9343 0.5
2.9326 0.5
2.9309 0.5
2.9293 0.5
2.9276 0.5
2.926 0.5
2.9243 0.5
2.9227 0.5
2.921 0.5
2.9194 0.5
2.9177 0.5
2.9161 0.5
2.9145 0.5
2.9128 0.5
2.9112 0.5
2.9096 0.5
2.9079 0.5
2.9063 0.5
2.9047 0.5
2.903 0.5
2.9014 0.5
2.8998 0.5
2.8982 0.5
2.8966 0.5
2.8949 0.5
2.8933 0.5
2.8917 0.5
2.8901 0.5
2.8885 0.5
2.8869 0.5
2.8853 0.5
2.8837 0.5
2.8821 0.5
2.8805 0.5
2.8789 0.5
2.8773 0.5
2.8757 0.5
2.8741 0.5
2.8725 0.5
2.8709 0.5
2.8693 0.5
2.8677 0.5
2.8661 0.5
2.8645 0.5
2.863 0.5
2.8614 0.5
2.8598 0.5
2.8582 0.5
2.8567 0.5
2.8551 0.5
2.8535 0.5
2.8519 0.5
2.8504 0.5
2.8488 0.5
2.8472 0.5
2.8457 0.5
2.8441 0.5
2.8426 0.5
2.841 0.5
2.8394 0.5001046389604377
2.8379 0.5002480567186268
2.8363 0.5003876282625339
2.8348 0.5011392666174417
2.8332 0.5023102035655441
2.8317 0.5034544939247398
2.8302 0.5048550192737072
2.8286 0.5065271817029356
2.8271 0.5083112256019856
2.8255 0.5104513315158006
2.824 0.5125796272053329
2.8224 0.5148006759194436
2.8209 0.517084943644999
2.8194 0.5187861777963446
2.8178 0.5203501024982353
2.8163 0.521840259386621
2.8148 0.523226868635883
2.8133 0.5245540901170895
2.8117 0.5258325738725266
2.8102 0.5268077243978638
2.8087 0.5273218291127103
2.8072 0.5271865842165735
2.8056 0.5269476090629353
2.8041 0.5267285618989495
2.8026 0.5263992076775801
2.8011 0.5260851227241498
2.7996 0.5252455805346667
2.7981 0.5239586096331778
2.7966 0.5227069465746175
2.7951 0.5219110677979057
2.7936 0.5213342290007001
2.7921 0.5207881734552388
2.7906 0.5199771426121091
2.789 0.5184917627749622
2.7875 0.5164135227829496
2.786 0.5146560337320684
2.7845 0.5132496920346781
2.7831 0.511836874500011
2.7816 0.5098335875318352
2.7801 0.5074990465594545
2.7786 0.5051003888555325
2.7771 0.5027012296163953
2.7756 0.5009738087058588
2.7741 0.5003311206525064
2.7726 0.5001151107383149
2.7712 0.5000106861201548
2.7697 0.500438363826439
2.7682 0.5014081041660767
2.7667 0.5026074870487152
2.7652 0.5040708641368367
2.7638 0.5069444048695658
2.7623 0.5112828282696235
2.7608 0.5157625891877355
2.7594 0.5201328728923282
2.7579 0.524267122543494
2.7564 0.5281544056320157
2.755 0.5320739194825205
2.7535 0.5362849923592019
2.752 0.5412996180866918
2.7506 0.5459862969564133
2.7491 0.5492075124544895
2.7477 0.5512147916953535
2.7462 0.5528951534796415
2.7447 0.5546590431124168
2.7433 0.5567459957205874
2.7418 0.5592481556284888
2.7404 0.5620164692995269
2.7389 0.5648349706916025
2.7375 0.5675365644743713
2.7361 0.5705928408735945
2.7346 0.5746939867171111
2.7332 0.5798276647270153
2.7317 0.5851564686113631
2.7303 0.5906320089357121
2.7289 0.5961951871045382
2.7274 0.6009922338972137
2.726 0.604770060424674
2.7246 0.6079755943135451
2.7231 0.6106487772677458
2.7217 0.612301021462913
2.7203 0.6123948290236774
2.7188 0.6110870354261969
2.7174 0.6086802549701711
2.716 0.6050088453993606
2.7146 0.6006426224546881
2.7132 0.5959653584450353
2.7117 0.5908689340343942
2.7103 0.5852068320576718
2.7089 0.5793256279144049
2.7075 0.5737957706338854
2.7061 0.5688958857248018
2.7047 0.5644045823447577
2.7033 0.5603363956913617
2.7018 0.5567197214029579
2.7004 0.5533787775988617
2.699 0.5502851920577473
2.6976 0.5475195069087643
2.6962 0.544968141776218
2.6948 0.5424255986701589
2.6934 0.5398195165486565
2.692 0.5372037271760487
2.6906 0.5347206668504575
2.6892 0.5324334210823728
2.6878 0.5301261578610761
2.6864 0.5278483996086051
2.685 0.5257994931574506
2.6837 0.5241028185538893
2.6823 0.5225785353282983
2.6809 0.5212207659962526
2.6795 0.5201478837199123
2.6781 0.5191591707674907
2.6767 0.5180937873714205
2.6753 0.5170480110619488
2.674 0.516231784790031
2.6726 0.515507324780016
2.6712 0.5146722787953036
2.6698 0.5137033725285637
2.6685 0.5128358164839474
2.6671 0.5119279843515802
2.6657 0.5110103730725443
2.6644 0.5102298003188346
2.663 0.5096323597884636
2.6616 0.5090716729673683
2.6603 0.5084943241023109
2.6589 0.5079760168662112
2.6575 0.50764938346905
2.6562 0.5074140363668357
2.6548 0.5072299388542613
2.6534 0.5070967386323042
2.6521 0.5068215709359466
2.6507 0.5065349553768541
2.6494 0.5062350756924694
2.648 0.5059293881774183
2.6467 0.5056772438693556
2.6453 0.5055117006623963
2.644 0.5053517061286186
2.6426 0.5052185545142319
2.6413 0.5049685039819855
2.6399 0.5048400015847718
2.6386 0.5048679505179906
2.6372 0.5047392122859315
2.6359 0.5046204875038568
2.6346 0.5045662197901875
2.6332 0.5045098705263141
2.6319 0.5043524781830465
2.6306 0.5040019882030331
2.6292 0.5037206818348627
2.6279 0.503490592130971
2.6266 0.5031225869915416
2.6252 0.5028517739662292
2.6239 0.5027207192928002
2.6226 0.5025562148305167
2.6212 0.5023315176174107
2.6199 0.502108272046993
2.6186 0.5020868504093221
2.6173 0.5022682306432903
2.616 0.5023531357957575
2.6146 0.5025126076160891
2.6133 0.5027598643518126
2.612 0.5028089112266011
2.6107 0.5028796603382196
2.6094 0.5030720663046346
2.6081 0.5033351508558793
2.6067 0.5035854117936278
2.6054 0.5035296944909647
2.6041 0.5033040123377454
2.6028 0.503114523067059
2.6015 0.5029771778641181
2.6002 0.5029586463452759
2.5989 0.5029246789800934
2.5976 0.5027264301201376
2.5963 0.5024463282945782
2.595 0.5020843246541075
2.5937 0.5017522429514586
2.5924 0.5016963880014944
2.5911 0.5017175177343786
2.5898 0.5016599551211036
2.5885 0.5014817468533002
2.5872 0.5012213247552917
2.5859 0.5011243818793539
2.5847 0.5011255429903841
2.5834 0.500974023489396
2.5821 0.5009537830904814
2.5808 0.5009852229015677
2.5795 0.5008606257391315
2.5782 0.5006931435660282
2.577 0.5006414538281614
2.5757 0.5007388136894959
2.5744 0.5008161872478121
2.5731 0.5007690799692369
2.5718 0.5007970307313665
2.5706 0.5008860527085446
2.5693 0.5008995087094036
2.568 0.5009132246536191
2.5667 0.5010467043908811
2.5655 0.5012347104113671
2.5642 0.5012837707186293
2.5629 0.5012062015635513
2.5617 0.5011508508835477
2.5604 0.5011393263685348
2.5591 0.5011459315323794
2.5579 0.5012212359364974
2.5566 0.5013117580629063
2.5554 0.5012784337497336
2.5541 0.5010989135004134
2.5528 0.5009562256729605
2.5516 0.5008715967831061
2.5503 0.500776155324445
2.5491 0.5007597295936825
2.5478 0.5007962438732444
2.5466 0.5007468594027606
2.5453 0.5006659911623919
2.5441 0.5006355086490973
2.5428 0.5007044295991697
2.5416 0.5007736290647368
2.5403 0.5008532749150523
2.5391 0.5009996253270488
2.5379 0.5010951775414574
2.5366 0.5010202824463331
2.5354 0.5009013626195549
2.5341 0.5009157750071558
2.5329 0.5009767962031267
2.5317 0.5009567810796564
2.5304 0.5008842789625336
2.5292 0.5008257937281705
2.528 0.5008020524700826
2.5267 0.5007573903293029
2.5255 0.5007419135186533
2.5243 0.5008019261615907
2.523 0.5007958831951576
2.5218 0.5006601718299996
2.5206 0.5005481740799874
2.5194 0.5005056075520836
2.5181 0.5004809161198785
2.5169 0.5004895553377424
2.5157 0.5004476740810458
2.5145 0.5004052640779629
2.5133 0.5004252493329007
2.512 0.5004519817470017
2.5108 0.5005691058611887
2.5096 0.5007186795126998
2.5084 0.5008417002239943
2.5072 0.5009276903346402
2.506 0.5008886451497587
2.5048 0.5008829806374774
2.5035 0.5009615628223221
2.5023 0.5009941607092162
2.5011 0.5010247914100194
2.4999 0.5010350994718071
2.4987 0.5009739809317046
2.4975 0.5008883840794552
2.4963 0.5007709708412313
2.4951 0.5006934400854481
2.4939 0.5007548927817839
2.4927 0.5008080044473009
2.4915 0.5007661547775808
2.4903 0.5006487306401158
2.4891 0.5005045876850426
2.4879 0.5004074634082774
2.4867 0.5003718145660458
2.4855 0.5003842757833796
2.4844 0.5003965900879171
2.4832 0.5003337681027925
2.482 0.5002176662126754
2.4808 0.5001365286347154
2.4796 0.5001884349438748
2.4784 0.5003234973347508
2.4772 0.5004757730511481
2.476 0.5006381891486734
2.4749 0.5007819594913675
2.4737 0.5009285388993913
2.4725 0.5010660905267007
2.4713 0.5012343499057381
2.4701 0.5014173742742122
2.469 0.5015598757901147
2.4678 0.5016504229980047
2.4666 0.5017304367612211
2.4655 0.5017691023330748
2.4643 0.501763778304429
2.4631 0.5017853885364788
2.4619 0.5018332984145918
2.4608 0.5018486844258699
2.4596 0.5018688012654019
2.4584 0.5018748642747215
2.4573 0.5018417912585124
2.4561 0.5018130075052231
2.4549 0.5017709317523221
2.4538 0.5017576944907263
2.4526 0.501731696196938
2.4515 0.5016203347805914
2.4503 0.5014834119114487
2.4491 0.5014169770433758
2.448 0.5013627104319448
2.4468 0.5012853369615438
2.4457 0.5011620811476745
2.4445 0.5010297398127409
2.4434 0.500941970640219
2.4422 0.5009129760551435
2.4411 0.5009933872267802
2.4399 0.501103667572896
2.4388 0.5011789765089025
2.4376 0.501310248066843
2.4365 0.5014610175909061
2.4353 0.5016968774962337
2.4342 0.5019911484186514
2.4331 0.5022265130990952
2.4319 0.5023773682427388
2.4308 0.502459840414044
2.4296 0.5025194670738122
2.4285 0.5026499417015357
2.4274 0.5027804814860295
2.4262 0.5028206136525833
2.4251 0.5027825926066095
2.424 0.5027477032191556
2.4228 0.5028075032298116
2.4217 0.502898579986942
2.4206 0.5029818647687357
2.4194 0.503065971151974
2.4183 0.5030719745764396
2.4172 0.5029578157652794
2.416 0.5028805028186721
2.4149 0.5028436531811923
2.4138 0.5027886037270097
2.4127 0.5026630376162476
2.4116 0.5024887325543018
2.4104 0.5023500435752101
2.4093 0.5023042669122079
2.4082 0.5022477794136343
2.4071 0.50216930512986
2.4059 0.5021672802649471
2.4048 0.5021432396358799
2.4037 0.5020463435611768
2.4026 0.5019674747961058
2.4015 0.501931697584285
2.4004 0.5018223902547774
2.3993 0.5016147168675011
2.3982 0.5013331853523489
2.3971 0.501114045784743
2.396 0.5009777928439064
2.3948 0.5008030542574434
2.3937 0.5006029572719979
2.3926 0.5004092765635829
2.3915 0.5001680029518645
2.3904 0.49994741874432347
2.3893 0.49979882259745984
2.3882 0.4996772567049632
2.3871 0.499573025940459
2.386 0.4994017726440566
2.3849 0.499198100626817
2.3838 0.4990438980877223
2.3827 0.49892887105982553
2.3816 0.4988315107222765
2.3805 0.4987019829261116
2.3795 0.49845492318313067
2.3784 0.49816129898411854
2.3773 0.4978316463138482
2.3762 0.49745108656036235
2.3751 0.4970271537728425
2.374 0.4965406581128041
2.3729 0.4959487151843359
2.3718 0.49535176358373256
2.3708 0.49488874715804654
2.3697 0.4945777298709064
2.3686 0.4944144780015556
2.3675 0.49436456132997003
2.3664 0.49439848633402483
2.3653 0.49461594453348934
2.3643 0.49500645044246006
2.3632 0.4956058740175903
2.3621 0.4964061758163767
2.361 0.4972262805230757
2.36 0.4980110014268609
2.3589 0.4988484535876178
2.3578 0.49963574866657984
2.3567 0.5004082267834957
2.3557 0.5012049792800335
2.3546 0.5019724671204108
2.3535 0.5026439434618634
2.3525 0.5031780321897161
2.3514 0.5035993420251539
2.3503 0.5039692635758048
2.3493 0.5042069997432841
2.3482 0.5043589157000578
2.3471 0.5044766666177958
2.3461 0.5044773559681627
2.345 0.5044133783653744
2.344 0.5042584169640801
2.3429 0.5040698698246135
2.3418 0.503923415292555
2.3408 0.5038405680770279
2.3397 0.5038426130861978
2.3387 0.5039910466615007
2.3376 0.5041739169303895
2.3366 0.5044272412034155
2.3355 0.5046617325732311
2.3345 0.5049038598162097
2.3334 0.5052413358007043
2.3324 0.5056245176937493
2.3313 0.5059151797902044
2.3303 0.5060947447155958
2.3292 0.5061058252129308
2.3282 0.5060185895782212
2.3271 0.5059218377546413
2.3261 0.5058553919147983
2.325 0.5058695400569617
2.324 0.5057757629669959
2.323 0.505484823370475
2.3219 0.5051410788637095
2.3209 0.5048674328797851
2.3198 0.504679297727253
2.3188 0.5045802675460391
2.3178 0.5044300261008791
2.3167 0.5041865458355366
2.3157 0.5038535154110965
2.3147 0.5035099467238325
2.3136 0.5032727993857723
2.3126 0.5031728298830731
2.3116 0.5031040396934687
2.3105 0.5029526619264519
2.3095 0.502724571463708
2.3085 0.5024996754812767
2.3074 0.5023960035698063
2.3064 0.5023377444167217
2.3054 0.5022707655534162
2.3044 0.5022459870680651
2.3034 0.5022490436273381
2.3023 0.5021533338842421
2.3013 0.5020267012540413
2.3003 0.501969148159048
2.2993 0.5020017062808648
2.2982 0.5020351587048051
2.2972 0.5020453894662907
2.2962 0.5020378033464941
2.2952 0.501948945776915
2.2942 0.5017520472290993
2.2932 0.5016245473541456
2.2921 0.5016200927523102
2.2911 0.5015869386102786
2.2901 0.501462315368833
2.2891 0.501244919550316
2.2881 0.5010256304608505
2.2871 0.5008306808405761
2.2861 0.5007234069709118
2.2851 0.5007303386584866
2.2841 0.5007284905032786
2.2831 0.5006460612900404
2.2821 0.500583360436249
2.2811 0.5005685781914436
2.2801 0.5006066144041083
2.279 0.5006765139248218
2.278 0.5007164637967414
2.2771 0.5006722301040532
2.2761 0.5005630706380167
2.275 0.5003916596406232
2.274 0.500238875674399
2.2731 0.5000757777600925
2.2721 0.49985297982671
2.2711 0.49960094199067623
2.2701 0.49935704049122104
2.2691 0.49919367213179067
2.2681 0.49914747790129976
2.2671 0.49916288692301625
2.2661 0.4992817268085731
2.2651 0.49944857939410936
2.2641 0.4996297492853957
2.2631 0.49982895804842353
2.2621 0.5000882071025866
2.2612 0.5003777735790119
2.2602 0.500670801629673
2.2592 0.5008875200424496
2.2582 0.5010400253096531
2.2572 0.5011861409306198
2.2562 0.5012867418884258
2.2553 0.5013570963772583
2.2543 0.5014124901874697
2.2533 0.5014494476833384
2.2523 0.5014101901872537
2.2513 0.5013031845650708
2.2504 0.501210032292811
2.2494 0.5011497113946
2.2484 0.5010535183977364
2.2474 0.5009189979249076
2.2465 0.5007344911890893
2.2455 0.5005901856880564
2.2445 0.5004624433108419
2.2435 0.5003682903569531
2.2426 0.5003241941105934
2.2416 0.5002909251818053
2.2406 0.5002216658653896
2.2397 0.5001129511025242
2.2387 0.49997642946507864
2.2377 0.4999084277421536
2.2368 0.49988328808374777
2.2358 0.4998497848699287
2.2348 0.4998148500782321
2.2339 0.4997081868249313
2.2329 0.49957402177853777
2.232 0.4995499083576886
2.231 0.49952835679752855
2.23 0.4995391661384049
2.2291 0.4995680023492597
2.2281 0.49948685042745644
2.2272 0.49935417823609357
2.2262 0.49919949782018747
2.2252 0.4990704626457708
2.2243 0.4989845827441512
2.2233 0.4987629738987723
2.2224 0.4984610093992137
2.2214 0.4981481925161022
2.2205 0.49773549022307184
2.2195 0.49735430438276224
2.2186 0.4970247774726438
2.2176 0.4966329362466752
2.2167 0.49619885575522493
2.2157 0.4957839161468971
2.2148 0.4953930251561577
2.2138 0.4950479792869273
2.2129 0.4947009939063588
2.212 0.49447227565719826
2.211 0.49433405286082843
2.2101 0.49417850133501945
2.2091 0.49410741543277886
2.2082 0.494201276181972
2.2073 0.4942858733384403
2.2063 0.49439437530364144
2.2054 0.494695687663779
2.2044 0.49518766469106
2.2035 0.49570061034056156
2.2026 0.49622347674512307
2.2016 0.49685639417896815
2.2007 0.49758823532687685
2.1998 0.4982982159928209
2.1988 0.4990462025930357
2.1979 0.499814707086205
2.197 0.5004946753638116
2.196 0.5011138612480378
2.1951 0.5017945681759103
2.1942 0.5025283200652363
2.1932 0.5031268764140306
2.1923 0.5035753836355471
2.1914 0.5039724875358633
2.1905 0.5043552587379561
2.1895 0.5047714255797091
2.1886 0.5052275927801688
2.1877 0.5055786258587309
2.1868 0.5057030651262678
2.1858 0.5056121401695625
2.1849 0.5054988783000806
2.184 0.5054722863142207
2.1831 0.5055051657913009
2.1822 0.5054623009557547
2.1812 0.5052510692997596
2.1803 0.5048934229078543
2.1794 0.5046062737635821
2.1785 0.504489887092687
2.1776 0.5044163745710637
2.1767 0.5043658128002052
2.1758 0.5042559659814524
2.1749 0.5040124432011739
2.1739 0.503746365881556
2.173 0.5036095755208277
2.1721 0.5035682883939039
2.1712 0.5034527798639958
2.1703 0.5031843341026581
2.1694 0.5028350399405107
2.1685 0.5024677808423968
2.1676 0.5021328939912623
2.1667 0.5019333120910071
2.1658 0.5018669334497504
2.1649 0.5017500131372136
2.1639 0.5015609571308646
2.1631 0.5013758696251018
2.1622 0.5012163316675518
2.1612 0.5011820177501188
2.1604 0.5012509567682227
2.1595 0.5013880275198362
2.1585 0.5013972186509031
2.1576 0.5011716410625763
2.1568 0.5008802180682893
2.1559 0.500634183767322
2.155 0.5003815697011957
2.1541 0.5002334156433905
2.1532 0.5001810184920539
2.1523 0.5000562102457461
2.1514 0.49982989403591693
2.1505 0.49964603265710905
2.1496 0.49971271194358524
2.1487 0.4998962373379653
2.1478 0.5000663833557933
2.1469 0.5002866649426152
2.146 0.5004857634014811
2.1452 0.5005410980273465
2.1443 0.5005278083873551
2.1434 0.5005431907123976
2.1425 0.500583050245677
2.1416 0.5004771568853016
2.1407 0.5002659352381869
2.1398 0.5001091019454444
2.139 0.5000239162552018
2.1381 0.4999051458471889
2.1372 0.4998140952067084
2.1363 0.4998273203095893
2.1354 0.49988160702142875
2.1345 0.49986578803165893
2.1337 0.499792240654475
2.1328 0.4998557150668057
2.1319 0.4999645457719348
2.1311 0.499938779399614
2.1302 0.49985981665206664
2.1293 0.49981477466231733
2.1284 0.4997708304649524
2.1275 0.49969403228286674
2.1267 0.4996728599024319
2.1258 0.4998364962234726
2.1249 0.49999635289781824
2.1241 0.4999661911490007
2.1232 0.4998500064616072
2.1223 0.49985320505064906
2.1214 0.49986470703748453
2.1206 0.49983403080048044
2.1197 0.49972929290281987
2.1189 0.49963599256135127
2.118 0.4994786026687135
2.1171 0.49920815222763026
2.1163 0.49908247646825993
2.1154 0.4992080408564128
2.1145 0.49929810881958103
2.1137 0.49935144670491066
2.1128 0.4993439116615461
2.112 0.4994618098343481
2.1111 0.49971591131849113
2.1102 0.4999035984362512
2.1094 0.5000647770763654
2.1085 0.5001755590301116
2.1077 0.5001980057587271
2.1068 0.5001320168064183
2.1059 0.5001317878672483
2.1051 0.5002225034397523
2.1042 0.5002749179471023
2.1034 0.5000384887011513
2.1025 0.4997874764458092
2.1017 0.49969048723866394
2.1008 0.49955413898336143
2.1 0.49943316691434014
2.0991 0.4993961379558422
2.0983 0.4992454723620971
2.0974 0.49902700588556975
2.0966 0.4988135093303938
2.0957 0.49892823557281607
2.0949 0.4992301203609111
2.094 0.49931266681495495
2.0932 0.4993115721734667
2.0924 0.49944261312284266
2.0915 0.4995750709929451
2.0907 0.4996785033901629
2.0898 0.4999280500862188
2.089 0.5002119384661771
2.0881 0.5002561309791593
2.0873 0.5000729896831657
2.0865 0.499908543740773
2.0856 0.499857094453826
2.0848 0.49980438106129915
2.0839 0.49979078216117445
2.0831 0.49979938654237377
2.0823 0.4997450051839605
2.0814 0.4994894011154552
2.0806 0.49919006440615116
2.0798 0.49914188000783194
2.0789 0.4991478599811933
2.0781 0.49912611223372333
2.0773 0.49916387896421455
2.0764 0.49914479205956525
2.0756 0.49899810370799563
2.0748 0.4988608644855112
2.0739 0.4989283352177765
2.0731 0.49918524856374236
2.0723 0.499328972490456
2.0715 0.4993585345544366
2.0706 0.4994318365027594
2.0698 0.49937273238897395
2.069 0.4992256209134803
2.0681 0.4992054050279085
2.0673 0.4992699479875079
2.0665 0.4993070273787633
2.0657 0.4991437689822015
2.0648 0.49899923708930477
2.064 0.4989770812831114
2.0632 0.49886720937967266
2.0624 0.49874870760592527
2.0616 0.49883093854091076
2.0607 0.49893732270724805
2.0599 0.49889670845750345
2.0591 0.49879214962645624
2.0583 0.4987664661807611
2.0575 0.4987370894717853
2.0567 0.49871048399749734
2.0558 0.49885051485401016
2.055 0.49906654646094806
2.0542 0.4991144249166012
2.0534 0.4991030782251039
2.0526 0.49919224877863344
2.0518 0.49928368224156505
2.051 0.49927755993680606
2.0501 0.4991790325221121
2.0493 0.49916684655032345
2.0485 0.49907362691311297
2.0477 0.49881204340767765
2.0469 0.4986386581373254
2.0461 0.49863982757340924
2.0453 0.49851978673958797
2.0445 0.49827312238142385
2.0437 0.49818547625271925
2.0429 0.4982861896954131
2.0421 0.4984523543503003
2.0413 0.4985365088168962
2.0405 0.4986196065171572
2.0397 0.49870115047585817
2.0389 0.49859934698882635
2.0381 0.49844934343766817
2.0373 0.49853673589154185
2.0365 0.4987051785259244
2.0357 0.4987001657791075
2.0349 0.4985431785601598
2.0341 0.49843231262780563
2.0333 0.49841781839666255
2.0325 0.49835910483624285
2.0317 0.49836480542950234
2.0309 0.4985351749877617
2.0301 0.49867470309345513
2.0293 0.4986827500413784
2.0285 0.4986850334535565
2.0277 0.49871370512826907
2.0269 0.4987351448014474
2.0261 0.49865333851347166
2.0253 0.4985514073338453
2.0245 0.49845834729134286
2.0237 0.4983043511045188
2.0229 0.49817397286463344
2.0222 0.49797422935553626
2.0214 0.49777831735998224
2.0206 0.49766235169484707
2.0198 0.4976198591684531
2.019 0.4976270701851739
2.0182 0.4976734877552359
2.0174 0.49775007729433446
2.0167 0.4978877988338111
2.0159 0.49790026240506763
2.0151 0.49785249802396014
2.0143 0.49781372037162475
2.0135 0.49773584708443497
2.0128 0.49769352082330387
2.012 0.4976263125522249
2.0112 0.49756025642633855
2.0104 0.49749930668734815
2.0096 0.49736532861363425
2.0088 0.4972245768983827
2.0081 0.49733162387334784
2.0073 0.4975599950295236
2.0065 0.46848348043063287
2.0057 0.4356556334248455
2.005 0.39831343883092074
2.0042 0.35563584408754567
2.0034 0.30641090341644805
2.0026 0.24899262473676056
2.0019 0.18124020532762103
2.0011 0.09981099017434171
2.0003 0.0
