15.3853 1.0
15.3397 1.0
15.2945 0.9
15.2495 0.8181818181818183
15.2048 0.7500000000000001
15.1603 0.6923076923076924
15.1161 0.6428571428571429
15.0722 0.6
15.0285 0.5625
14.9851 0.5294117647058824
14.9419 0.5
14.8989 0.5
14.8563 0.5
14.8138 0.5
14.7716 0.5
14.7296 0.5
14.6879 0.5
14.6464 0.5
14.6052 0.5
14.5641 0.5
14.5233 0.5
14.4828 0.5
14.4424 0.5
14.4023 0.5
14.3624 0.5
14.3227 0.5
14.2833 0.5
14.244 0.5
14.205 0.5
14.1662 0.5
14.1276 0.5
14.0892 0.5
14.051 0.5
14.0131 0.5
13.9753 0.5
13.9377 0.5
13.9004 0.5
13.8632 0.5
13.8262 0.5
13.7895 0.5
13.7529 0.5
13.7165 0.5
13.6803 0.5
13.6443 0.5
13.6085 0.5
13.5729 0.5
13.5374 0.5
13.5022 0.5
13.4671 0.5
13.4322 0.5
13.3975 0.5
13.363 0.5
13.3286 0.5
13.2944 0.5
13.2604 0.5
13.2266 0.5
13.193 0.5
13.1595 0.5
13.1262 0.5004295689193898
13.093 0.5021544071248822
13.06 0.5034281696877705
13.0272 0.5034281696877705
12.9946 0.5034281696877705
12.9621 0.5034281696877705
12.9298 0.5034281696877705
12.8976 0.5034281696877705
12.8656 0.5034281696877705
12.8337 0.5030037443355361
12.8021 0.5008552294741662
12.7705 0.4978455928751178
12.7391 0.49657183031222946
12.7079 0.49657183031222946
12.6769 0.49657183031222946
12.6459 0.49657183031222957
12.6152 0.49657183031222957
12.5845 0.49657183031222957
12.5541 0.49657183031222957
12.5238 0.496996255664464
12.4936 0.4987152034944781
12.4635 0.5
12.4337 0.5
12.4039 0.5
12.3743 0.5
12.3448 0.5
12.3155 0.5
12.2863 0.5
12.2573 0.5
12.2284 0.5
12.1996 0.5
12.171 0.5
12.1425 0.5
12.1141 0.5
12.0859 0.5
12.0578 0.5
12.0298 0.5
12.0019 0.5
11.9742 0.5
11.9466 0.5
11.9192 0.5
11.8918 0.5
11.8646 0.5
11.8375 0.5
11.8106 0.5
11.7837 0.5
11.757 0.5
11.7304 0.5
11.7039 0.5
11.6776 0.5
11.6513 0.5
11.6252 0.5
11.5992 0.5
11.5733 0.5
11.5475 0.5
11.5219 0.5
11.4963 0.5
11.4709 0.5
11.4455 0.5
11.4203 0.5
11.3952 0.5
11.3702 0.5
11.3454 0.5
11.3206 0.5
11.2959 0.5
11.2714 0.5
11.2469 0.5
11.2226 0.5
11.1983 0.5
11.1742 0.5
11.1502 0.5
11.1263 0.5
11.1024 0.5
11.0787 0.5
11.0551 0.5
11.0316 0.5
11.0081 0.5
10.9848 0.5
10.9616 0.5
10.9385 0.5
10.9154 0.5
10.8925 0.5
10.8697 0.5
10.8469 0.5
10.8243 0.5
10.8017 0.5
10.7793 0.5
10.7569 0.5
10.7346 0.5
10.7125 0.5
10.6904 0.5
10.6684 0.5
10.6465 0.5
10.6247 0.5
10.6029 0.5
10.5813 0.5
10.5597 0.5
10.5383 0.5
10.5169 0.5
10.4956 0.5
10.4744 0.5
10.4533 0.5
10.4323 0.5
10.4113 0.5
10.3904 0.5
10.3697 0.5
10.349 0.5
10.3284 0.5
10.3078 0.5
10.2874 0.5
10.267 0.5
10.2467 0.5
10.2265 0.5
10.2064 0.5
10.1863 0.5
10.1663 0.5
10.1464 0.5
10.1266 0.5
10.1069 0.5
10.0872 0.5
10.0676 0.5
10.0481 0.5
10.0287 0.5
10.0093 0.5
9.9901 0.5
9.9708 0.5
9.9517 0.5
9.9326 0.5
9.9136 0.5001091960004305
9.8947 0.5010277877514953
9.8759 0.5030011636068531
9.8571 0.5058540389530506
9.8384 0.5093591787321509
9.8198 0.5137881220813215
9.8012 0.5192103438325467
9.7827 0.5255601158923279
9.7643 0.5327478224491773
9.7459 0.5404483629364817
9.7276 0.5483224354256708
9.7094 0.5557117189382943
9.6913 0.562556139845713
9.6732 0.5692467611786488
9.6552 0.5759603491081777
9.6372 0.5823852303109711
9.6194 0.5885689924676619
9.6015 0.5949691323316133
9.5838 0.6020481271940626
9.5661 0.6100733548153887
9.5485 0.6191074496524642
9.5309 0.6288611330166429
9.5135 0.6386971545530676
9.496 0.6479004048881344
9.4787 0.6559632349655249
9.4614 0.6625123836339498
9.4441 0.6669739967594267
9.427 0.668715388815225
9.4099 0.6672200389857181
9.3928 0.6624586518806282
9.3758 0.65447933442641
9.3589 0.6435534587735683
9.342 0.6302754904571619
9.3252 0.615457895979795
9.3085 0.599912561536502
9.2918 0.5844114046957798
9.2752 0.5697894661969806
9.2586 0.5565965563961888
9.2421 0.5451477784572719
9.2257 0.5356335522054839
9.2093 0.5281092746451724
9.193 0.5224162584293063
9.1767 0.5182074082055177
9.1605 0.5151178238482869
9.1443 0.5129102176709368
9.1282 0.511262665183272
9.1122 0.5099330905408409
9.0962 0.5088383764846134
9.0803 0.5079202886755089
9.0644 0.5070304607237801
9.0486 0.5060471466317529
9.0328 0.5050228248498619
9.0171 0.5039797964700623
9.0015 0.5028935639499744
8.9858 0.5017461962898501
8.9703 0.5005137386986908
8.9548 0.4990879538584721
8.9394 0.49735606527556253
8.924 0.49531995990467687
8.9086 0.49306712536128366
8.8934 0.490709889385901
8.8781 0.4882666852445311
8.863 0.48569211841789245
8.8478 0.48287636222372166
8.8328 0.47967397351967467
8.8177 0.47584570571886126
8.8028 0.4708090838100067
8.7879 0.4637732682784841
8.773 0.4543588938320323
8.7582 0.4437624098774052
8.7434 0.434720403632404
8.7287 0.4292876100902606
8.714 0.4278787141184072
8.6994 0.43001166161953985
8.6848 0.43542917669969616
8.6703 0.44469749013727167
8.6558 0.4589898937568076
8.6414 0.47878261330997096
8.627 0.5023527886891662
8.6127 0.5255227462920985
8.5984 0.5441106366864539
8.5842 0.5563235031736707
8.57 0.5627583595972465
8.5558 0.5647495653640733
8.5417 0.5631531645201866
8.5277 0.5578740751987963
8.5137 0.5486122674336488
8.4997 0.5358894648658745
8.4858 0.5219442331311809
8.4719 0.5097503729253975
8.4581 0.5006973992591058
8.4444 0.49444880853606765
8.4306 0.49018197338262726
8.4169 0.48723023850763536
8.4033 0.48521477851026057
8.3897 0.4839497083287927
8.3761 0.48317530796005265
8.3626 0.4826946101196454
8.3492 0.48227526259986736
8.3357 0.4817398007798663
8.3224 0.4810104945241305
8.309 0.47997522195822745
8.2957 0.47824946483838543
8.2825 0.47550095347913107
8.2693 0.4714558486860719
8.2561 0.4659475620799245
8.243 0.45889135735573017
8.2299 0.45031468408963804
8.2169 0.440310774437666
8.2038 0.4289256077375401
8.1909 0.416178535343674
8.178 0.4024332342059274
8.1651 0.38838599361086806
8.1523 0.3745872230866746
8.1395 0.3615358972730697
8.1267 0.3496918634606332
8.114 0.3392193262141304
8.1013 0.33020778585541616
8.0887 0.3237258647695612
8.0761 0.32043107773879287
8.0635 0.32052442986251656
8.051 0.32385818273521894
8.0385 0.330319131174322
8.0261 0.3399571613201146
8.0137 0.3526489572081424
8.0013 0.36823114225552045
7.989 0.38665443041245684
7.9767 0.40631312967398897
7.9644 0.42518821519303923
7.9522 0.4424106000261647
7.94 0.4576770107753614
7.9279 0.4708750429488362
7.9158 0.48179069391000484
7.9037 0.49017755993249296
7.8917 0.4959863975814164
7.8797 0.4992128207427756
7.8677 0.5
7.8558 0.5
7.8439 0.5
7.8321 0.5
7.8203 0.5
7.8085 0.5
7.7967 0.5
7.785 0.5
7.7734 0.5
7.7617 0.5
7.7501 0.5
7.7386 0.5
7.727 0.5
7.7155 0.5
7.7041 0.5
7.6926 0.5
7.6812 0.5
7.6699 0.5
7.6585 0.5
7.6472 0.5
7.636 0.5
7.6247 0.5
7.6136 0.5
7.6024 0.5
7.5913 0.5
7.5802 0.5
7.5691 0.5
7.5581 0.5
7.5471 0.5
7.5361 0.5
7.5252 0.5
7.5142 0.5
7.5034 0.5
7.4925 0.5
7.4817 0.5
7.4709 0.5
7.4602 0.5
7.4495 0.5
7.4388 0.5
7.4281 0.5
7.4175 0.5
7.4069 0.5
7.3963 0.5
7.3858 0.5
7.3753 0.5
7.3648 0.5
7.3544 0.5
7.344 0.5
7.3336 0.5
7.3232 0.5
7.3129 0.5
7.3026 0.5
7.2923 0.5
7.2821 0.5
7.2718 0.5
7.2617 0.5
7.2515 0.5
7.2414 0.5
7.2313 0.5
7.2212 0.5
7.2112 0.5
7.2012 0.5
7.1912 0.5
7.1812 0.5
7.1713 0.5
7.1614 0.5
7.1515 0.5
7.1416 0.5
7.1318 0.5
7.122 0.5
7.1123 0.5
7.1025 0.5
7.0928 0.5
7.0831 0.5
7.0734 0.5
7.0638 0.5
7.0542 0.5
7.0446 0.5
7.0351 0.5
7.0255 0.5
7.016 0.5
7.0065 0.5
6.9971 0.5
6.9877 0.5
6.9782 0.5
6.9689 0.5
6.9595 0.5
6.9502 0.5
6.9409 0.5
6.9316 0.5
6.9223 0.5
6.9131 0.5
6.9039 0.5
6.8947 0.5
6.8856 0.5
6.8764 0.5
6.8673 0.5
6.8582 0.5
6.8492 0.5
6.8402 0.5
6.8311 0.5
6.8221 0.5
6.8132 0.5
6.8042 0.5
6.7953 0.5
6.7864 0.5
6.7776 0.5
6.7687 0.5
6.7599 0.5
6.7511 0.5
6.7423 0.5
6.7336 0.5
6.7248 0.5
6.7161 0.5
6.7074 0.5
6.6988 0.5
6.6901 0.5
6.6815 0.5
6.6729 0.5
6.6643 0.5
6.6558 0.5
6.6472 0.5
6.6387 0.5
6.6302 0.5
6.6217 0.5
6.6133 0.5
6.6049 0.5
6.5965 0.5
6.5881 0.5
6.5797 0.5
6.5714 0.5
6.5631 0.5
6.5548 0.5
6.5465 0.5
6.5382 0.5
6.53 0.5
6.5218 0.5
6.5136 0.5
6.5054 0.5
6.4973 0.5
6.4892 0.5
6.481 0.5
6.4729 0.5
6.4649 0.5
6.4568 0.5
6.4488 0.5
6.4408 0.5
6.4328 0.5
6.4248 0.5
6.4169 0.5
6.4089 0.5
6.401 0.5
6.3931 0.5
6.3853 0.5
6.3774 0.5
6.3696 0.5
6.3618 0.5
6.354 0.5
6.3462 0.5
6.3384 0.5
6.3307 0.5
6.323 0.5
6.3153 0.5
6.3076 0.5
6.2999 0.5
6.2923 0.5
6.2847 0.5
6.277 0.5
6.2694 0.5
6.2619 0.5
6.2543 0.5
6.2468 0.5
6.2393 0.5
6.2318 0.5
6.2243 0.5
6.2168 0.5
6.2094 0.5
6.202 0.5
6.1945 0.5
6.1871 0.5
6.1798 0.5
6.1724 0.5
6.1651 0.5
6.1578 0.5
6.1505 0.5
6.1432 0.5
6.1359 0.5
6.1286 0.5
6.1214 0.5
6.1142 0.5
6.107 0.5
6.0998 0.5
6.0926 0.5
6.0855 0.5
6.0784 0.5
6.0712 0.5
6.0641 0.5
6.0571 0.5
6.05 0.5
6.0429 0.5
6.0359 0.5
6.0289 0.5
6.0219 0.5
6.0149 0.5
6.0079 0.5
6.001 0.5
5.994 0.5
5.9871 0.5
5.9802 0.5
5.9733 0.5
5.9664 0.5
5.9596 0.5
5.9527 0.5
5.9459 0.5
5.9391 0.5
5.9323 0.5
5.9255 0.5
5.9188 0.5
5.912 0.5
5.9053 0.5
5.8986 0.5
5.8919 0.5
5.8852 0.5
5.8785 0.5
5.8718 0.5
5.8652 0.5
5.8586 0.5
5.852 0.5
5.8454 0.5
5.8388 0.5
5.8322 0.5
5.8257 0.5
5.8191 0.5
5.8126 0.5
5.8061 0.5
5.7996 0.5
5.7931 0.5
5.7866 0.5
5.7802 0.5
5.7738 0.5
5.7673 0.5
5.7609 0.5
5.7545 0.5
5.7481 0.5
5.7418 0.5
5.7354 0.5
5.7291 0.5
5.7228 0.5
5.7165 0.5
5.7102 0.5
5.7039 0.5
5.6976 0.5
5.6914 0.5
5.6851 0.5
5.6789 0.5
5.6727 0.5
5.6665 0.5
5.6603 0.5
5.6541 0.5
5.648 0.5
5.6418 0.5
5.6357 0.5
5.6296 0.5
5.6235 0.5
5.6174 0.5
5.6113 0.5
5.6052 0.5
5.5992 0.5
5.5931 0.5
5.5871 0.5
5.5811 0.5
5.5751 0.5
5.5691 0.5
5.5631 0.5
5.5572 0.5
5.5512 0.5
5.5453 0.5
5.5393 0.5
5.5334 0.5
5.5275 0.5
5.5217 0.5
5.5158 0.5
5.5099 0.5
5.5041 0.5
5.4982 0.5
5.4924 0.5
5.4866 0.5
5.4808 0.5
5.475 0.5
5.4692 0.5
5.4635 0.5
5.4577 0.5
5.452 0.5
5.4463 0.5
5.4405 0.5
5.4348 0.5
5.4291 0.5
5.4235 0.5
5.4178 0.5
5.4121 0.5
5.4065 0.5
5.4009 0.5
5.3952 0.5
5.3896 0.5
5.384 0.5
5.3785 0.5
5.3729 0.5
5.3673 0.5
5.3618 0.5
5.3562 0.5
5.3507 0.5
5.3452 0.5
5.3397 0.5
5.3342 0.5
5.3287 0.5
5.3232 0.5
5.3178 0.5
5.3123 0.5
5.3069 0.5
5.3015 0.5
5.2961 0.5
5.2907 0.5
5.2852 0.5
5.2799 0.5
5.2745 0.5
5.2691 0.5
5.2638 0.5
5.2584 0.5
5.2531 0.5
5.2478 0.5
5.2425 0.5
5.2372 0.5
5.2319 0.5
5.2267 0.5
5.2214 0.5
5.2161 0.5
5.2109 0.5
5.2057 0.5
5.2004 0.5
5.1952 0.5
5.19 0.5
5.1848 0.5
5.1796 0.5
5.1745 0.5
5.1693 0.5
5.1642 0.5
5.159 0.5
5.1539 0.5
5.1488 0.5
5.1437 0.5
5.1386 0.5
5.1335 0.5
5.1284 0.5
5.1234 0.5
5.1183 0.5
5.1132 0.5
5.1082 0.5
5.1032 0.5
5.0982 0.5
5.0932 0.5
5.0882 0.5
5.0832 0.5
5.0782 0.5
5.0732 0.5
5.0683 0.5
5.0633 0.5
5.0584 0.5
5.0534 0.5
5.0485 0.5
5.0436 0.5
5.0387 0.5
5.0338 0.5
5.0289 0.5
5.0241 0.5
5.0192 0.5
5.0144 0.5
5.0095 0.5
5.0047 0.5
4.9998 0.5
4.995 0.5
4.9902 0.5
4.9854 0.5
4.9806 0.5
4.9759 0.5
4.9711 0.5
4.9663 0.5
4.9616 0.5
4.9568 0.5
4.9521 0.5
4.9474 0.5
4.9426 0.5
4.9379 0.5
4.9332 0.5
4.9286 0.5
4.9239 0.5
4.9192 0.5
4.9145 0.5
4.9099 0.5
4.9052 0.5
4.9006 0.5
4.896 0.5
4.8914 0.5
4.8867 0.5
4.8821 0.5
4.8776 0.5
4.873 0.5
4.8684 0.5001164900549341
4.8638 0.5012391788651774
4.8593 0.5030730730379425
4.8547 0.5058036069391042
4.8502 0.5094148591371471
4.8456 0.5136927049106228
4.8411 0.5187204913986148
4.8366 0.5245004233214612
4.8321 0.5309856650878153
4.8276 0.5378920059485321
4.8231 0.5442462660005621
4.8186 0.549372136497574
4.8141 0.5535627683131257
4.8097 0.5566654990662532
4.8052 0.5587518695510959
4.8008 0.5598962095628165
4.7963 0.5599542498333724
4.7919 0.5589083853604431
4.7875 0.5568014635514776
4.7831 0.5540220481722563
4.7786 0.5514587290458981
4.7743 0.5487097884052985
4.7699 0.5456938202143332
4.7655 0.5423909956405792
4.7611 0.5387149791103466
4.7567 0.5346528573767808
4.7524 0.5302059524023781
4.748 0.5253626456629225
4.7437 0.5197374532482129
4.7393 0.512968041176047
4.735 0.504930994120979
4.7307 0.4959391188831219
4.7264 0.4863025652576669
4.7221 0.4766142151631616
4.7178 0.4676779440810776
4.7135 0.4600945280690491
4.7092 0.45458374464607726
4.7049 0.4520331713399374
4.7007 0.4533569789211143
4.6964 0.4588707762097715
4.6922 0.4683370004122874
4.6879 0.48131130505026304
4.6837 0.4967923874480051
4.6795 0.513517421661197
4.6752 0.5304950595121247
4.671 0.5467362880961635
4.6668 0.5610775190218619
4.6626 0.5724665989339429
4.6584 0.5803959043779174
4.6543 0.5848861657572186
4.6501 0.5863528360131677
4.6459 0.585199056601884
4.6418 0.5820785409125053
4.6376 0.5774769134614635
4.6334 0.5716251412644292
4.6293 0.5651735190099468
4.6252 0.558627307256093
4.6211 0.5522663299538408
4.617 0.5462343817716027
4.6128 0.5403277065115843
4.6087 0.5344316714240855
4.6047 0.5285359770343714
4.6006 0.5228046519467385
4.5965 0.5173775180686379
4.5924 0.5120576220002108
4.5884 0.5066114448972951
4.5843 0.5008854221198479
4.5802 0.4946573747997444
4.5762 0.48791561446701565
4.5722 0.48083231680154787
4.5681 0.4734802716180728
4.5641 0.4657962445216523
4.5601 0.4575999075233713
4.5561 0.44896937448325325
4.5521 0.4401028193990271
4.5481 0.43107190683175267
4.5441 0.4221181141359275
4.5401 0.4134670238643987
4.5362 0.4053007486815735
4.5322 0.3979357655737967
4.5282 0.3916018238451755
4.5243 0.3868282217465641
4.5203 0.3842529094423054
4.5164 0.3840171114871432
4.5125 0.3864106335967328
4.5085 0.39151740385277
4.5046 0.3991914499663687
4.5007 0.4090750458366075
4.4968 0.42056198882411483
4.4929 0.43302173022047047
4.489 0.4458444644599781
4.4851 0.45838119116833637
4.4813 0.4705073246240674
4.4774 0.48181094529962776
4.4735 0.49162466923153536
4.4697 0.4997676921177618
4.4658 0.5065118344999175
4.462 0.5123079887333913
4.4581 0.517585444238289
4.4543 0.5227014372079628
4.4505 0.5276581790257875
4.4467 0.5321063243941563
4.4429 0.5357672960659178
4.4391 0.5391285409339693
4.4353 0.5425914153501146
4.4315 0.5462262565915884
4.4277 0.5498564826483124
4.4239 0.5531752978705784
4.4201 0.5559781150783644
4.4164 0.5583771925307187
4.4126 0.560797037561537
4.4089 0.5636045105317982
4.4051 0.5664952337096684
4.4014 0.5691376774205529
4.3976 0.5712913454188081
4.3939 0.5727182453748515
4.3902 0.573444767143682
4.3865 0.5737401005610534
4.3828 0.573586958607632
4.3791 0.5727772118906543
4.3754 0.5712143138714328
4.3717 0.5689479615146315
4.368 0.566080367662175
4.3643 0.5625366770725222
4.3607 0.5584829106752457
4.357 0.5542017506349707
4.3533 0.5495647182883926
4.3497 0.5445593247154588
4.346 0.5393770049171704
4.3424 0.534018097558295
4.3388 0.5285165656924129
4.3351 0.5229392759030858
4.3315 0.5175191770816397
4.3279 0.5125625210803529
4.3243 0.5080420353243749
4.3207 0.5041112409827248
4.3171 0.5009369665488047
4.3135 0.49854249630002256
4.3099 0.4971039647067662
4.3063 0.49682695482416955
4.3028 0.497794815467846
4.2992 0.4998748869995502
4.2956 0.5026076127520676
4.2921 0.5056826807947182
4.2885 0.5089241543260941
4.285 0.512005758267861
4.2815 0.514715181675608
4.2779 0.5168549536311237
4.2744 0.5181433939265391
4.2709 0.5183205282986665
4.2674 0.5172657446078647
4.2638 0.5152921607688712
4.2603 0.5127928571736357
4.2568 0.5099879765183815
4.2534 0.5072205140281124
4.2499 0.5047067456339889
4.2464 0.5025182094508905
4.2429 0.5007444134852385
4.2394 0.4994640891071005
4.236 0.49881125045385094
4.2325 0.49880969008940507
4.2291 0.4991556807644084
4.2256 0.4997573276225835
4.2222 0.5004689270150964
4.2187 0.5011264951331852
4.2153 0.5018492720819637
4.2119 0.5027797463198036
4.2085 0.5039742558585715
4.2051 0.5054574975827918
4.2016 0.5070543809979747
4.1982 0.5087598495868797
4.1948 0.5105175195303399
4.1915 0.5122856864266572
4.1881 0.5140649612033289
4.1847 0.5157404076054595
4.1813 0.5170989068550687
4.178 0.5180440055131819
4.1746 0.5185336280721833
4.1712 0.518673019827517
4.1679 0.5186487846876473
4.1645 0.51853286536174
4.1612 0.5184070554572673
4.1578 0.5182267477575274
4.1545 0.5180316921050644
4.1512 0.5180136841338043
4.1479 0.5182176068079324
4.1445 0.5185712887003987
4.1412 0.5190639969433002
4.1379 0.5196102135962902
4.1346 0.5201913322765861
4.1313 0.5207349046276409
4.128 0.5212754220654185
4.1248 0.5218889880307837
4.1215 0.5224588560011953
4.1182 0.5228571828345909
4.115 0.5231326249696981
4.1117 0.5232960661124868
4.1084 0.523354833604254
4.1052 0.5232503708852904
4.1019 0.5228972421820052
4.0987 0.5222957138048278
4.0954 0.5214967457557428
4.0922 0.5204717259634306
4.089 0.5193131455555584
4.0858 0.5180304232154612
4.0826 0.5165226330576881
4.0793 0.5148736719618495
4.0761 0.5130960283588009
4.0729 0.511234880858239
4.0697 0.5094425296557308
4.0665 0.507702301924552
4.0633 0.5059629126155536
4.0602 0.5042570293249506
4.057 0.50258549042032
4.0538 0.5010662404491958
4.0507 0.49976321304619725
4.0475 0.4986873606297424
4.0443 0.497879484787686
4.0412 0.49727597723906436
4.038 0.4968118271498088
4.0349 0.496566834403654
4.0317 0.4965699362278988
4.0286 0.49681814519204587
4.0255 0.4972745343056472
4.0224 0.49786722945235534
4.0193 0.4985755135862668
4.0161 0.49940667747409023
4.013 0.5003652191650164
4.0099 0.5014682819522361
4.0068 0.5026735208005617
4.0037 0.5038873857597679
4.0006 0.5050990172045466
3.9976 0.5063343182427533
3.9945 0.5075920760227579
3.9914 0.5088091133988087
3.9883 0.5099602850288306
3.9853 0.5110254488815087
3.9822 0.511912501920825
3.9792 0.5126200367313066
3.9761 0.5132506928003712
3.9731 0.5138734993364142
3.97 0.5144007859490768
3.967 0.5147086684674074
3.9639 0.5148565432819213
3.9609 0.5149100154609205
3.9579 0.5148165218361119
3.9549 0.5145728119341583
3.9519 0.51424474324028
3.9489 0.5138180637500668
3.9458 0.5131704341022921
3.9428 0.5122620816018584
3.9398 0.5111710253593268
3.9369 0.5099916137235772
3.9339 0.5087326648553833
3.9309 0.507394254804852
3.9279 0.5059856130383104
3.9249 0.5044765464233213
3.922 0.5028769720237648
3.919 0.501205335584606
3.916 0.49958033798949153
3.9131 0.49812273863661055
3.9101 0.4967974278758655
3.9072 0.49547083626028926
3.9042 0.4941158143867162
3.9013 0.49286068330906696
3.8984 0.4918333038724926
3.8954 0.4909761064462845
3.8925 0.4903242622749361
3.8896 0.4899549889490012
3.8867 0.4897593100162179
3.8838 0.48963616092672907
3.8809 0.48971499415860287
3.878 0.49011868873320524
3.8751 0.4907766449066692
3.8722 0.49155004240999856
3.8693 0.492421332463163
3.8664 0.4934607417289143
3.8635 0.49460059896615455
3.8606 0.49579631598325724
3.8578 0.4970496739136899
3.8549 0.4983349239079942
3.852 0.499620450406344
3.8492 0.5008917407311724
3.8463 0.5021506779650357
3.8435 0.5033765932399912
3.8406 0.5044839149497378
3.8378 0.5053849362350089
3.8349 0.5060652408557637
3.8321 0.5066226668699577
3.8293 0.5070258519696328
3.8264 0.5072006157276054
3.8236 0.507143744109984
3.8208 0.5068600587402867
3.818 0.5063453543530868
3.8152 0.5056207413262163
3.8124 0.5047666144462731
3.8096 0.5038876032077272
3.8068 0.5028744079663637
3.804 0.5016708149511141
3.8012 0.5004605384005899
3.7984 0.499263840554357
3.7956 0.49799237909607125
3.7929 0.49673708998320076
3.7901 0.4955737280449058
3.7873 0.49449190353947653
3.7845 0.4934854867567504
3.7818 0.4925881502004497
3.779 0.49192318373670096
3.7763 0.4914228680957475
3.7735 0.49103363221597707
3.7708 0.49090899940614596
3.7681 0.49103260686684685
3.7653 0.49132047209036483
3.7626 0.4918429057540544
3.7599 0.4925482321202233
3.7571 0.4934139160431819
3.7544 0.4944664926902071
3.7517 0.4957123380949008
3.749 0.4970953072261353
3.7463 0.4985476065462489
3.7436 0.5000464132046308
3.7409 0.501660806970392
3.7382 0.5033221261516397
3.7355 0.5049877388088749
3.7328 0.5067355363291396
3.7301 0.5084840667345967
3.7274 0.5101100822757109
3.7247 0.5116581902467278
3.7221 0.5131560085333138
3.7194 0.5146298756503538
3.7167 0.5160587807670072
3.7141 0.517339550806
3.7114 0.5184634642976662
3.7088 0.5194044868635664
3.7061 0.5201757195298091
3.7035 0.5208153740962933
3.7008 0.52131238631508
3.6982 0.5216639567349134
3.6955 0.5219005040217574
3.6929 0.5219158069919864
3.6903 0.5217162909189503
3.6877 0.5214341749045531
3.685 0.5210942953370177
3.6824 0.5205961165733937
3.6798 0.5199596891892025
3.6772 0.5192378928066659
3.6746 0.5184284010504188
3.672 0.5174814568303621
3.6694 0.5164475665676646
3.6668 0.515439193673827
3.6642 0.5143989157631121
3.6616 0.5132471106739555
3.659 0.5120550099991832
3.6564 0.5109106871563361
3.6539 0.5097831936631566
3.6513 0.5087009373027773
3.6487 0.5077002581012438
3.6462 0.506773650264148
3.6436 0.5059286903838831
3.641 0.5051507279423101
3.6385 0.5044415507205022
3.6359 0.5038665240339769
3.6334 0.503397070635177
3.6308 0.5030795180683374
3.6283 0.5028791371876417
3.6258 0.5027233621086973
3.6232 0.5026733563690572
3.6207 0.5027098566057425
3.6182 0.5027736449671112
3.6156 0.5029346772749442
3.6131 0.5031997206125557
3.6106 0.503513872121954
3.6081 0.5038643974619677
3.6056 0.5041910283160989
3.6031 0.5045495748788754
3.6006 0.5049776596748522
3.5981 0.505384482127871
3.5956 0.5057731037699906
3.5931 0.5061602119877512
3.5906 0.5064953958550461
3.5881 0.5068137291268008
3.5856 0.5071185371732603
3.5832 0.5074234907825612
3.5807 0.5077312485802731
3.5782 0.5079625027051237
3.5758 0.5081602616231842
3.5733 0.5084288080860028
3.5708 0.5087241135812538
3.5684 0.5090246318938711
3.5659 0.5093102635604799
3.5635 0.5095346126015978
3.561 0.509717762826244
3.5586 0.509861017753586
3.5561 0.5100209010604174
3.5537 0.5101661728906383
3.5513 0.510200666396964
3.5488 0.5101735090832543
3.5464 0.5101181213868017
3.544 0.510013814418157
3.5415 0.509890562372472
3.5391 0.5097700522498129
3.5367 0.5096411961342701
3.5343 0.5094746742377225
3.5319 0.5092124785714658
3.5295 0.5089086592258543
3.5271 0.5085778982408441
3.5247 0.5081923438580983
3.5223 0.5077830583555961
3.5199 0.5074015950971574
3.5175 0.5070829227571956
3.5151 0.5068475006947016
3.5128 0.5066020722758859
3.5104 0.5064370765094264
3.508 0.5064552626350096
3.5056 0.5066308912295041
3.5033 0.5069194434836775
3.5009 0.5072469625499726
3.4985 0.507586416004976
3.4962 0.5078587067465647
3.4938 0.5079687884724996
3.4915 0.5080023403683545
3.4891 0.5080632115817376
3.4868 0.5080295220829255
3.4844 0.5078121051798108
3.4821 0.5074935213609286
3.4798 0.5071448240488257
3.4774 0.5067362311207834
3.4751 0.506314348112981
3.4728 0.5059450955079368
3.4704 0.5056252649769959
3.4681 0.505226588404883
3.4658 0.5047367042435708
3.4635 0.5042294504048368
3.4612 0.5036940868153684
3.4589 0.5031197698768262
3.4566 0.5025123256818854
3.4543 0.5019002522436247
3.452 0.5012800916752486
3.4497 0.500594252259879
3.4474 0.4998874220209989
3.4451 0.49921662217872775
3.4428 0.49859577386695375
3.4405 0.49800604615130706
3.4382 0.4974551290008509
3.4359 0.49697535418894356
3.4337 0.4965806540840131
3.4314 0.4963117513652411
3.4291 0.4962285915319722
3.4269 0.49634116577137716
3.4246 0.4966300558274405
3.4223 0.49712228787887447
3.4201 0.49782125835790925
3.4178 0.498646556573514
3.4156 0.499564813325604
3.4133 0.5005216916923212
3.4111 0.5014174826368908
3.4088 0.502169167700929
3.4066 0.5027603158509695
3.4043 0.5032124488641595
3.4021 0.50347199682155
3.3999 0.5034892028932454
3.3977 0.5033169128340997
3.3954 0.5030269969855591
3.3932 0.5026534856520948
3.391 0.5022511574100049
3.3888 0.5020054737390072
3.3866 0.5019184764098913
3.3844 0.5019357951167351
3.3822 0.5020948863205764
3.3799 0.5024082718852227
3.3777 0.5028534983242171
3.3755 0.5033758960555235
3.3733 0.5039591224067301
3.3712 0.5045674522916392
3.369 0.5050496069857535
3.3668 0.5053224280660942
3.3646 0.5054612669274795
3.3624 0.5054372108232612
3.3602 0.505263624588473
3.358 0.505006132287084
3.3559 0.5046665225910789
3.3537 0.5042152846313336
3.3515 0.5036890856789512
3.3494 0.5031711236550336
3.3472 0.5027474706974565
3.3451 0.5023564421211183
3.3429 0.5019875295953022
3.3407 0.5016683236766488
3.3386 0.5013425567116843
3.3364 0.500995587808141
3.3343 0.5006735285329175
3.3321 0.500414078480497
3.33 0.5001533369922297
3.3279 0.4998348354445159
3.3257 0.49950607876105435
3.3236 0.4992204418905251
3.3215 0.49894790429200253
3.3194 0.49869624274783453
3.3172 0.49854189463126986
3.3151 0.4984988518418255
3.313 0.4984503198570219
3.3109 0.4983711687231949
3.3088 0.49834420290590187
3.3066 0.49839001705438485
3.3045 0.49846560492631586
3.3024 0.49856172043585245
3.3003 0.4987004261701521
3.2982 0.49882468453186873
3.2961 0.49885959894096316
3.294 0.49886967789093445
3.292 0.4989368077161396
3.2899 0.4991008760644364
3.2878 0.4993087098482219
3.2857 0.4994919319670143
3.2836 0.4995870249804001
3.2815 0.49966215194820846
3.2795 0.4997537417771246
3.2774 0.49986938730660313
3.2753 0.5000034255386295
3.2732 0.5001400218232869
3.2712 0.5002328476151761
3.2691 0.5002325429012681
3.2671 0.5002168642249232
3.265 0.5003188692586507
3.263 0.5004858848697549
3.2609 0.5005723063717407
3.2588 0.5006041019230426
3.2568 0.5006404231480576
3.2548 0.5006601060274835
3.2527 0.5006357799118584
3.2507 0.5006900875920142
3.2486 0.5007541554931507
3.2466 0.5007175300035189
3.2446 0.5006003214462683
3.2426 0.5005130782068696
3.2405 0.5004620873967933
3.2385 0.500418937424728
3.2365 0.5003963301686002
3.2345 0.5003946191181015
3.2324 0.5002772831913501
3.2304 0.5000427903678809
3.2284 0.4998706439880622
3.2264 0.499779286886284
3.2244 0.4996920757856173
3.2224 0.4996061730556973
3.2204 0.4995213651090026
3.2184 0.49940600697208626
3.2164 0.4992887953263506
3.2144 0.49920908268638714
3.2124 0.49925619242798874
3.2104 0.49933636224968647
3.2084 0.49932277774280837
3.2064 0.4992556979494364
3.2045 0.4991628939782481
3.2025 0.49907300703433505
3.2005 0.49902190052224343
3.1985 0.4989856290583679
3.1966 0.4989658430611046
3.1946 0.49896170359550485
3.1926 0.49892366069499894
3.1907 0.49887653441746677
3.1887 0.49891140023271957
3.1867 0.4989873621362644
3.1848 0.49903165506614167
3.1828 0.49903706356418914
3.1809 0.499016665865483
3.1789 0.4989640356855825
3.177 0.49881654819205073
3.175 0.4985946628052183
3.1731 0.49836287933073525
3.1711 0.4980786722038511
3.1692 0.49774206897454193
3.1673 0.49735992306770116
3.1653 0.4968629437352139
3.1634 0.4962116533675197
3.1615 0.495449822580329
3.1596 0.4946233521112597
3.1576 0.49376054080765724
3.1557 0.4928597038556749
3.1538 0.4919257521372943
3.1519 0.49097168809838176
3.15 0.49005685680368943
3.1481 0.48934201104955005
3.1461 0.48894998873960005
3.1442 0.48885733425776634
3.1423 0.48907574026268874
3.1404 0.48963165948770093
3.1385 0.4905280548613123
3.1366 0.49171857617096504
3.1347 0.49318664069075446
3.1328 0.49492810001692567
3.1309 0.496767098944739
3.129 0.4985810406465868
3.1272 0.5003720670623867
3.1253 0.5021422391663789
3.1234 0.5037676849828481
3.1215 0.5051779014342849
3.1196 0.506348164259865
3.1178 0.5072843275873707
3.1159 0.5079879897796417
3.114 0.5085183294083241
3.1121 0.5088757324057271
3.1103 0.509006829406953
3.1084 0.5088898373274184
3.1065 0.5086054911619096
3.1047 0.5082076040080338
3.1028 0.5077184567637867
3.101 0.5071627122483073
3.0991 0.5065293745392624
3.0973 0.505820373179724
3.0954 0.5050241450489719
3.0936 0.5042291381551242
3.0917 0.5034518456853082
3.0899 0.5026787984278479
3.088 0.5018712321494742
3.0862 0.5010652495980925
3.0844 0.5002670826460955
3.0825 0.4994628752771474
3.0807 0.49863263371359795
3.0789 0.4977582724762231
3.077 0.4968677456245102
3.0752 0.4959411512733807
3.0734 0.49501201801119965
3.0716 0.4941226178276506
3.0698 0.4932574177623369
3.068 0.4923928376829567
3.0661 0.49152024888440987
3.0643 0.4906809378470782
3.0625 0.4899716459323753
3.0607 0.4893588248465533
3.0589 0.48884233423183976
3.0571 0.4884514309487055
3.0553 0.48819400506687516
3.0535 0.4880547293904537
3.0517 0.4880335258711753
3.0499 0.48820709265664386
3.0481 0.4886056189753247
3.0463 0.4891459450504265
3.0445 0.4898029485448087
3.0427 0.4906322970505493
3.041 0.4915835561013917
3.0392 0.49262329725204124
3.0374 0.4937596879939986
3.0356 0.49496805233469254
3.0338 0.49620275019644555
3.0321 0.4973909016834044
3.0303 0.49852845736446705
3.0285 0.49964616484739177
3.0268 0.500711282243835
3.025 0.5017191357922776
3.0232 0.502663251904746
3.0215 0.503519590952895
3.0197 0.504285217635442
3.0179 0.504948493893243
3.0162 0.5055214926199908
3.0144 0.5060264741560061
3.0127 0.506422677451122
3.0109 0.5066920198112065
3.0092 0.5068542863349534
3.0074 0.5068426349131759
3.0057 0.5066486035815341
3.004 0.5063425336343852
3.0022 0.5058949706673739
3.0005 0.5053351753690813
2.9987 0.5047216169637779
2.997 0.5040759589105644
2.9953 0.5033476434166113
2.9935 0.5024731094635168
2.9918 0.5014959351344485
2.9901 0.5004569868268886
2.9884 0.4993061989759193
2.9867 0.4979837849220505
2.9849 0.49646785994558346
2.9832 0.4947109393430783
2.9815 0.4926629831711309
2.9798 0.49038787812411566
2.9781 0.48808765787108555
2.9764 0.4859506396711974
2.9747 0.48411304093187957
2.9729 0.4828007117747634
2.9712 0.4821843594859222
2.9695 0.4823775786283606
2.9678 0.48345467697455413
2.9661 0.48546163059750513
2.9645 0.4884292538865124
2.9628 0.49211935901240567
2.9611 0.4961930631301988
2.9594 0.5004181794738921
2.9577 0.50443967490043
2.956 0.5080030448974469
2.9543 0.5109855903370226
2.9526 0.5132054806471248
2.951 0.5146074545466
2.9493 0.5152025576144766
2.9476 0.5149864851840854
2.9459 0.5141897670635981
2.9442 0.5130362609484396
2.9426 0.5116304008680291
2.9409 0.5101057030556353
2.9392 0.5085176452780702
2.9376 0.5069920294690441
2.9359 0.5056257152989664
2.9343 0.5043884102789735
2.9326 0.5033537368081491
2.9309 0.5025368099228619
2.9293 0.5018716784174315
2.9276 0.5013591133618728
2.926 0.501039876090291
2.9243 0.5010610694899825
2.9227 0.5013731186170252
2.921 0.5018192246506574
2.9194 0.5023876623389243
2.9177 0.5030920384647629
2.9161 0.5038608298507495
2.9145 0.5046927808775001
2.9128 0.5055624772449728
2.9112 0.5064713925848219
2.9096 0.5072404343545713
2.9079 0.5077497234281915
2.9063 0.5081543416818589
2.9047 0.5084615001020983
2.903 0.5086463605429066
2.9014 0.5087454122911939
2.8998 0.5086923167669057
2.8982 0.5084743783180333
2.8966 0.5081174747503964
2.8949 0.5076492972721643
2.8933 0.5072484947725887
2.8917 0.5068928282058003
2.8901 0.5065332173192656
2.8885 0.5061723476337754
2.8869 0.5057677779338089
2.8853 0.5053587066851234
2.8837 0.5050661615701131
2.8821 0.5048497854612611
2.8805 0.504674878007893
2.8789 0.5045234528083756
2.8773 0.5043458457908457
2.8757 0.5041741693419399
2.8741 0.5039936073196161
2.8725 0.5038591140638412
2.8709 0.503797718984232
2.8693 0.5037337039898113
2.8677 0.5036522342846548
2.8661 0.5035781596976259
2.8645 0.5035269247220755
2.863 0.5034431532569767
2.8614 0.503364827100433
2.8598 0.5032791325423781
2.8582 0.5031622834792087
2.8567 0.5030842632988989
2.8551 0.5030160160705484
2.8535 0.5029259920821392
2.8519 0.5028169284341607
2.8504 0.5027080992034199
2.8488 0.5026223102505271
2.8472 0.5025449138406118
2.8457 0.502474203506887
2.8441 0.5024241887139967
2.8426 0.5023817717188499
2.841 0.5022897270890072
2.8394 0.5021698459445818
2.8379 0.5020722836638094
2.8363 0.5019905929812971
2.8348 0.5019624485264466
2.8332 0.501951541629033
2.8317 0.5019491785451211
2.8302 0.501950718273876
2.8286 0.5019071987061464
2.8271 0.5018402443639243
2.8255 0.5017991400487085
2.824 0.501798554459631
2.8224 0.501779210616622
2.8209 0.501686051477976
2.8194 0.5015120412318292
2.8178 0.501391913361983
2.8163 0.501361036722795
2.8148 0.5012470907103825
2.8133 0.501157341378373
2.8117 0.5011473280781092
2.8102 0.5010921074649949
2.8087 0.5009988504389524
2.8072 0.5009617644382592
2.8056 0.5009862146205314
2.8041 0.501008192901234
2.8026 0.5009159661621398
2.8011 0.5009020428118653
2.7996 0.5009990440233215
2.7981 0.5009932741933115
2.7966 0.5009086129914121
2.7951 0.5007791268727486
2.7936 0.5007045887735243
2.7921 0.5007433641562246
2.7906 0.5007637970951727
2.789 0.5007718927485727
2.7875 0.5007378800551386
2.786 0.5006233561707398
2.7845 0.5007087613618848
2.7831 0.5010238720438317
2.7816 0.5014668965937122
2.7801 0.5018785638988916
2.7786 0.5020410142858546
2.7771 0.5020934079896555
2.7756 0.5022361703209716
2.7741 0.5023503461685122
2.7726 0.5024638868957734
2.7712 0.5025095047795521
2.7697 0.5024866054412276
2.7682 0.502364133999615
2.7667 0.5020165605859594
2.7652 0.5018570590087662
2.7638 0.5019279248842713
2.7623 0.5019273153627081
2.7608 0.5019209746031157
2.7594 0.5020235716503476
2.7579 0.5021055512600326
2.7564 0.5020579275852174
2.755 0.5020099622403035
2.7535 0.502298765254546
2.752 0.5026771228611943
2.7506 0.5027527525483534
2.7491 0.5028260656727459
2.7477 0.5030340034134491
2.7462 0.5031023290652606
2.7447 0.5030595354629607
2.7433 0.5030544913564884
2.7418 0.5030208455984339
2.7404 0.5027283684387873
2.7389 0.5023000606170364
2.7375 0.5022515125009209
2.7361 0.5023738819626337
2.7346 0.502427309880237
2.7332 0.5024892237304226
2.7317 0.5025349131646843
2.7303 0.5026095429775191
2.7289 0.5026839013718968
2.7274 0.5028596268124778
2.726 0.5030067699752211
2.7246 0.5029247355562751
2.7231 0.5025735198059621
2.7217 0.5021322590849687
2.7203 0.5016433680185388
2.7188 0.501128702192205
2.7174 0.5007122926278729
2.716 0.5004260918324306
2.7146 0.5002737726105329
2.7132 0.5001313747869235
2.7117 0.49993117819405863
2.7103 0.49975306716400136
2.7089 0.4997161654140339
2.7075 0.49995455466329325
2.7061 0.5004011007240682
2.7047 0.5007355728169918
2.7033 0.5009708750761792
2.7018 0.5010267573182939
2.7004 0.5010198022529581
2.699 0.5011384993518271
2.6976 0.5014411910077324
2.6962 0.5016797498923307
2.6948 0.5015796991737927
2.6934 0.5013121218518145
2.692 0.5011561600538949
2.6906 0.5011387609827769
2.6892 0.5012341671972015
2.6878 0.5013406852908502
2.6864 0.5013266532224017
2.685 0.5012647729628862
2.6837 0.5014338184584577
2.6823 0.501744100686675
2.6809 0.5019741377578262
2.6795 0.5021563823411248
2.6781 0.5021467173762046
2.6767 0.5019423677190812
2.6753 0.5016278206258908
2.674 0.5014763652089671
2.6726 0.5013973143492039
2.6712 0.5010407713269389
2.6698 0.5003936492697064
2.6685 0.49988058685060227
2.6671 0.49949874273525074
2.6657 0.49913788997693226
2.6644 0.49886474273085235
2.663 0.49881651814356903
2.6616 0.4988219697517149
2.6603 0.4987198299720289
2.6589 0.4986889290952094
2.6575 0.49897059011043515
2.6562 0.49922874788014193
2.6548 0.49931282569233226
2.6534 0.49947579643302
2.6521 0.4996462095560231
2.6507 0.4997515108764463
2.6494 0.49977423442746144
2.648 0.4998397039935146
2.6467 0.49993339934988273
2.6453 0.4999735172073592
2.644 0.5000777711486819
2.6426 0.5003166224654815
2.6413 0.500404770192694
2.6399 0.5005040837132418
2.6386 0.5006989978048231
2.6372 0.5007193965281812
2.6359 0.5006611751365506
2.6346 0.500576381223642
2.6332 0.5006073778976302
2.6319 0.5006026118003472
2.6306 0.5003005840991275
2.6292 0.5001722474217475
2.6279 0.5001483744206312
2.6266 0.49991572221067315
2.6252 0.4997462452415641
2.6239 0.4997596745379858
2.6226 0.49980965490796436
2.6212 0.4997728639692934
2.6199 0.4996379552353633
2.6186 0.49973246505195285
2.6173 0.4999604735596394
2.616 0.4999341798466976
2.6146 0.4999793913147572
2.6133 0.5002008650808648
2.612 0.5002528676080933
2.6107 0.5002118705775509
2.6094 0.5001825237458396
2.6081 0.5003947823378149
2.6067 0.5007406615814411
2.6054 0.5006483033821968
2.6041 0.5004187873010678
2.6028 0.5002862013110249
2.6015 0.5001835119702706
2.6002 0.5002059574049866
2.5989 0.5003305248245618
2.5976 0.5004384566143322
2.5963 0.5004370612436706
2.595 0.5000414178176233
2.5937 0.4995616974689195
2.5924 0.49958107652004985
2.5911 0.49974706995322443
2.5898 0.49980542269406186
2.5885 0.4997550792063923
2.5872 0.49952176754662186
2.5859 0.4993151194021288
2.5847 0.49917738186179084
2.5834 0.4990883374968737
2.5821 0.49940899122489746
2.5808 0.4996906964355889
2.5795 0.49967918400459793
2.5782 0.4996366471238423
2.577 0.49969307372782146
2.5757 0.49991496265328095
2.5744 0.5001699889324676
2.5731 0.5002429444325865
2.5718 0.5002961811932934
2.5706 0.500289052720531
2.5693 0.5000785353273364
2.568 0.4999659018814131
2.5667 0.4999452672495216
2.5655 0.49987677821415116
2.5642 0.4996911148291489
2.5629 0.49938965209543773
2.5617 0.4991474794661366
2.5604 0.4990865929389708
2.5591 0.4991137013051888
2.5579 0.4992658234301892
2.5566 0.4994397732524742
2.5554 0.4994920263926177
2.5541 0.4995284338290165
2.5528 0.4996102485742123
2.5516 0.499713594656422
2.5503 0.4998643917190302
2.5491 0.5000308082894485
2.5478 0.5000847102710807
2.5466 0.5000632300356193
2.5453 0.5000171513212256
2.5441 0.49998548674233706
2.5428 0.49994801427733776
2.5416 0.4999176408540944
2.5403 0.49995768296871756
2.5391 0.5000463772689898
2.5379 0.5000392521793535
2.5366 0.49998947810961936
2.5354 0.499959792589131
2.5341 0.49996635846624154
2.5329 0.5000318917324822
2.5317 0.5000935627323114
2.5304 0.500163804144987
2.5292 0.5002108406242729
2.528 0.5001487540831528
2.5267 0.5000634496925065
2.5255 0.500067242141557
2.5243 0.5001139360885487
2.523 0.5001389338572609
2.5218 0.500079050424013
2.5206 0.49998453285291294
2.5194 0.4999052497820877
2.5181 0.49979182132200844
2.5169 0.49972343731861496
2.5157 0.49976639239073095
2.5145 0.49977462127335026
2.5133 0.499705570627483
2.512 0.49965879522447915
2.5108 0.4996684493206477
2.5096 0.4997315490533484
2.5084 0.49973892589785135
2.5072 0.4997368328643805
2.506 0.499777711875507
2.5048 0.4997854912600067
2.5035 0.49980583706210674
2.5023 0.4998706585782612
2.5011 0.4998824151201279
2.4999 0.49985522175245617
2.4987 0.4998181037133789
2.4975 0.49985167907737243
2.4963 0.4999767897496667
2.4951 0.5000592978422321
2.4939 0.5000950924754513
2.4927 0.500108861928933
2.4915 0.5001268402734309
2.4903 0.5002140472139635
2.4891 0.5003354049091766
2.4879 0.5003869885242257
2.4867 0.500362604658189
2.4855 0.5002663006394583
2.4844 0.5001671119133598
2.4832 0.5001377240540654
2.482 0.5001352133522806
2.4808 0.5001107943536002
2.4796 0.5000150171667669
2.4784 0.4998759508537017
2.4772 0.49985070432256684
2.476 0.49990977602351433
2.4749 0.49996143387341085
2.4737 0.4999723828821383
2.4725 0.49994310933237945
2.4713 0.49992429911340863
2.4701 0.49994723687882814
2.469 0.49996914621335603
2.4678 0.5000140592110605
2.4666 0.5000435677670872
2.4655 0.5000360040886916
2.4643 0.5000221054118008
2.4631 0.5000503096335263
2.4619 0.5001130557819933
2.4608 0.5001815164881106
2.4596 0.5001861751107071
2.4584 0.5001621805725621
2.4573 0.5001646854270816
2.4561 0.5001069693183489
2.4549 0.49999151808295206
2.4538 0.49989639586325413
2.4526 0.4998401701542664
2.4515 0.49981339113159423
2.4503 0.4997734741645388
2.4491 0.4997212378359978
2.448 0.49977154254185385
2.4468 0.49982039426428226
2.4457 0.49989015578087365
2.4445 0.5000655051821656
2.4434 0.5002647508722661
2.4422 0.5003416747453044
2.4411 0.5003409215822298
2.4399 0.5003341803193457
2.4388 0.5003439150978035
2.4376 0.5003165202868948
2.4365 0.5002357459175703
2.4353 0.5001627855477578
2.4342 0.5000511346953855
2.4331 0.4999045730960518
2.4319 0.4998344398380755
2.4308 0.4998222435515302
2.4296 0.49985839615808403
2.4285 0.49994388363245795
2.4274 0.5000451933732472
2.4262 0.5001782600761772
2.4251 0.5002440571877018
2.424 0.5002544575228673
2.4228 0.5002669840847418
2.4217 0.5002521606444338
2.4206 0.5002072956732783
2.4194 0.5001377310524157
2.4183 0.5000494418480419
2.4172 0.4998951849454711
2.416 0.4996969064138033
2.4149 0.49962332236990287
2.4138 0.4996584049750953
2.4127 0.49971519732022407
2.4116 0.49980870903619223
2.4104 0.49991689784843557
2.4093 0.4999989781234694
2.4082 0.50005103620643
2.4071 0.5000839528787594
2.4059 0.5001867103885106
2.4048 0.5002758335083061
2.4037 0.5002087712422018
2.4026 0.5001137300241855
2.4015 0.5000783621622099
2.4004 0.5000299081381594
2.3993 0.4999770522145207
2.3982 0.49995391232290864
2.3971 0.5000256790086993
2.396 0.5000715652079034
2.3948 0.5000102515127903
2.3937 0.5000141083726071
2.3926 0.5000955365760034
2.3915 0.5001400463999306
2.3904 0.500107246422872
2.3893 0.5000919442890794
2.3882 0.5001181783640832
2.3871 0.5000902223438519
2.386 0.5000131846022304
2.3849 0.49999531971427313
2.3838 0.5000523387925638
2.3827 0.5000443636655119
2.3816 0.4999518406782837
2.3805 0.49991976643792524
2.3795 0.4999224957438593
2.3784 0.4998596469248104
2.3773 0.4998348314548955
2.3762 0.49989477590035825
2.3751 0.4999603452096189
2.374 0.49994775283458176
2.3729 0.4999000260202636
2.3718 0.49990424242639997
2.3708 0.49998025232582427
2.3697 0.500044141534837
2.3686 0.5001012023765351
2.3675 0.500127234374422
2.3664 0.5000965099279931
2.3653 0.5000497496199545
2.3643 0.5000480266517922
2.3632 0.5000894233561414
2.3621 0.5001548717906126
2.361 0.5002168441361259
2.36 0.5002157222146426
2.3589 0.5001529021755607
2.3578 0.5001060372286231
2.3567 0.500088125994466
2.3557 0.500072053157695
2.3546 0.5000219209778087
2.3535 0.4999818715997713
2.3525 0.49994637619416776
2.3514 0.49986101860149174
2.3503 0.4997873429334943
2.3493 0.49980105845994527
2.3482 0.49983483523859384
2.3471 0.4998523330099225
2.3461 0.49990597366168354
2.345 0.49996305310182226
2.344 0.5000364537910295
2.3429 0.5000976800526128
2.3418 0.5000993284421821
2.3408 0.5001018130098767
2.3397 0.500111178975077
2.3387 0.5000724835405669
2.3376 0.5000687220616803
2.3366 0.5001086249531028
2.3355 0.5001457208105267
2.3345 0.5001337871110948
2.3334 0.5000639296178406
2.3324 0.49999845139002247
2.3313 0.5000128827825597
2.3303 0.5000334781593233
2.3292 0.5000900473999234
2.3282 0.5001470120961105
2.3271 0.5000629374482166
2.3261 0.4999483299365539
2.325 0.49991357295974354
2.324 0.4999160124656084
2.323 0.4999836896147527
2.3219 0.5000386135393565
2.3209 0.5000374254949324
2.3198 0.5000078087289729
2.3188 0.49992076131866087
2.3178 0.49988877693370654
2.3167 0.49998197712458897
2.3157 0.49999294726252935
2.3147 0.49994245327047354
2.3136 0.4999377077725934
2.3126 0.4998763689314564
2.3116 0.49980627919077303
2.3105 0.49982725569070896
2.3095 0.49991013544930785
2.3085 0.49996763835525865
2.3074 0.4999310867186145
2.3064 0.4998609792204475
2.3054 0.49990905459565693
2.3044 0.49994174763810906
2.3034 0.49993723065058976
2.3023 0.4999847684829185
2.3013 0.5000017803574351
2.3003 0.4999279604797457
2.2993 0.49984431652448547
2.2982 0.4998499018939262
2.2972 0.4999674317824401
2.2962 0.5000761117540743
2.2952 0.5001193858333909
2.2942 0.5001265423148075
2.2932 0.5001258524874359
2.2921 0.5000974722675412
2.2911 0.5000944726324058
2.2901 0.500164028692363
2.2891 0.5002156956122508
2.2881 0.5001919499430941
2.2871 0.5000814784998938
2.2861 0.49995092062556595
2.2851 0.499875075284446
2.2841 0.4998633354895517
2.2831 0.49987477396519425
2.2821 0.4998909551158336
2.2811 0.49988462385398524
2.2801 0.49982541915555356
2.279 0.4998051469296319
2.278 0.49982490060999984
2.2771 0.4998812012831316
2.2761 0.4999748797624113
2.275 0.5000409782318227
2.274 0.5000657375062474
2.2731 0.5000255183690715
2.2721 0.49999610937021916
2.2711 0.5000221893203362
2.2701 0.5000480746403305
2.2691 0.5000270729272113
2.2681 0.49999096481408417
2.2671 0.49999109771151834
2.2661 0.4999869114219767
2.2651 0.49994108549724076
2.2641 0.4999680565001066
2.2631 0.5000553467863493
2.2621 0.500069263935683
2.2612 0.5000139785903382
2.2602 0.5000077807598162
2.2592 0.5000314549932461
2.2582 0.5000052760606398
2.2572 0.49991000314543793
2.2562 0.4998858992438879
2.2553 0.49990858415857126
2.2543 0.4998289718855636
2.2533 0.4997574910020391
2.2523 0.49978321016478533
2.2513 0.49979033802971307
2.2504 0.49977062973451364
2.2494 0.4998031598646658
2.2484 0.4999026387536283
2.2474 0.49997400733758346
2.2465 0.49996605651744885
2.2455 0.500006102026275
2.2445 0.5000972688657236
2.2435 0.5001108301508147
2.2426 0.500122532115783
2.2416 0.5001934084908702
2.2406 0.5002122588717776
2.2397 0.5001682538469967
2.2387 0.5001010873969642
2.2377 0.5000739466494384
2.2368 0.5000400125797175
2.2358 0.49995329096797747
2.2348 0.499886664442176
2.2339 0.4998663380138779
2.2329 0.4998456953827626
2.232 0.4998430484444383
2.231 0.49987451361245333
2.23 0.49989357223107894
2.2291 0.49994852144419866
2.2281 0.5000123662833778
2.2272 0.5000754226255872
2.2262 0.5001452114041247
2.2252 0.5001732150897388
2.2243 0.5001837832945604
2.2233 0.5001466543027567
2.2224 0.5000570667053709
2.2214 0.5000204185021053
2.2205 0.49999300656762474
2.2195 0.499928024378031
2.2186 0.49988086252366415
2.2176 0.4998229335607664
2.2167 0.49976903370722475
2.2157 0.4997374920469128
2.2148 0.49973368137842006
2.2138 0.49976820320733384
2.2129 0.4997917260328864
2.212 0.49977315876127926
2.211 0.49982826966441035
2.2101 0.49989932471998183
2.2091 0.5000021444486065
2.2082 0.5001407595712385
2.2073 0.5001942014552936
2.2063 0.500221424758798
2.2054 0.5002891996101428
2.2044 0.5003250025415047
2.2035 0.5003527626587498
2.2026 0.5003085315252175
2.2016 0.5001990431935609
2.2007 0.5000577175338871
2.1998 0.49988404141985043
2.1988 0.49974847718658716
2.1979 0.4997049271523441
2.197 0.49963856612022495
2.196 0.4995690638813631
2.1951 0.49957681663838077
2.1942 0.49964535575030705
2.1932 0.4997554100757589
2.1923 0.49983446074027105
2.1914 0.4999154156733867
2.1905 0.49995837510951696
2.1895 0.49997708871974006
2.1886 0.5000464468367921
2.1877 0.5001579296948762
2.1868 0.5001504501122681
2.1858 0.5000813469469738
2.1849 0.5000403025816164
2.184 0.5000574575815527
2.1831 0.5000743857957584
2.1822 0.5001193932053188
2.1812 0.5001484776829693
2.1803 0.5001197493159635
2.1794 0.5000585166707162
2.1785 0.5000780036966626
2.1776 0.500135812646652
2.1767 0.5001489573906625
2.1758 0.5001412223014563
2.1749 0.5000460621361058
2.1739 0.4999379913705373
2.173 0.4998935784687033
2.1721 0.4999421243211816
2.1712 0.5000123083518668
2.1703 0.5000512444684517
2.1694 0.4999820850601345
2.1685 0.4999053414915396
2.1676 0.49980426475127954
2.1667 0.4997476575651773
2.1658 0.49985340319112403
2.1649 0.5000100993138803
2.1639 0.500018416641462
2.1631 0.49995683199090063
2.1622 0.49990963665353827
2.1612 0.49994855752868655
2.1604 0.500038731609084
2.1595 0.500155941414061
2.1585 0.5003553517236455
2.1576 0.5004445470229139
2.1568 0.50037539578195
2.1559 0.5002990319360566
2.155 0.5002585807817379
2.1541 0.500174573321488
2.1532 0.500075514053337
2.1523 0.4999381164223174
2.1514 0.49978006731313146
2.1505 0.4996591253583738
2.1496 0.4995641117964481
2.1487 0.4995306208295873
2.1478 0.4995186129506908
2.1469 0.4995277051074367
2.146 0.499648332003622
2.1452 0.49987225768054
2.1443 0.5001131623594147
2.1434 0.5003437797244775
2.1425 0.5005237377307205
2.1416 0.5006087529812603
2.1407 0.5006030792501486
2.1398 0.5006322201610323
2.139 0.5006653821214259
2.1381 0.5005855340175802
2.1372 0.5003345892721197
2.1363 0.5000515732616495
2.1354 0.49975751252466954
2.1345 0.4994471552270512
2.1337 0.4992633072916014
2.1328 0.4991903794802511
2.1319 0.49921455314267504
2.1311 0.4992300687164825
2.1302 0.4992911848516943
2.1293 0.4994351727181331
2.1284 0.49964031746561766
2.1275 0.4999173060543187
2.1267 0.500249677986018
2.1258 0.5005026696507596
2.1249 0.5006498254613034
2.1241 0.5007114286276292
2.1232 0.5006879077222106
2.1223 0.5005999377324103
2.1214 0.5005110084269203
2.1206 0.5004194790039754
2.1197 0.5002625621951625
2.1189 0.4999848837840232
2.118 0.4997392282317285
2.1171 0.4995811622880148
2.1163 0.49939580650311394
2.1154 0.49933275625885454
2.1145 0.4993611331759625
2.1137 0.49938188889920776
2.1128 0.49941495632617783
2.112 0.49956301779652335
2.1111 0.4998346601981662
2.1102 0.500055740642651
2.1094 0.5001508135116497
2.1085 0.5002493479455499
2.1077 0.5003374711881621
2.1068 0.5003100334048775
2.1059 0.5002844725665938
2.1051 0.5002569481691287
2.1042 0.5001527048175248
2.1034 0.49995058809416176
2.1025 0.49975735211853256
2.1017 0.4996855909107839
2.1008 0.49965437078146285
2.1 0.4995927748558401
2.0991 0.49962413371290454
2.0983 0.49969175101407776
2.0974 0.4996693948254114
2.0966 0.49966945261921886
2.0957 0.499758760986914
2.0949 0.49986353807380257
2.094 0.499891412449751
2.0932 0.4999522195884619
2.0924 0.5000448032285814
2.0915 0.5001299033561317
2.0907 0.5001394762616821
2.0898 0.5001986187917754
2.089 0.5003018886071996
2.0881 0.5002573870003013
2.0873 0.5001380587081935
2.0865 0.5001429362340513
2.0856 0.5002202652049894
2.0848 0.5001906045752498
2.0839 0.5001312246059909
2.0831 0.5000776718933158
2.0823 0.4999920074889168
2.0814 0.4998255026649571
2.0806 0.4997889144695433
2.0798 0.5000079245435529
2.0789 0.5001993863207379
2.0781 0.5000625543221866
2.0773 0.4999332834654761
2.0764 0.4997959121649299
2.0756 0.49964907689379523
2.0748 0.49965475005311416
2.0739 0.49982571956344984
2.0731 0.5000240200179592
2.0723 0.4999513973477291
2.0715 0.49968004512407793
2.0706 0.49960576295670256
2.0698 0.49972519264765264
2.069 0.49981561126254337
2.0681 0.5000591821444
2.0673 0.5002968958651632
2.0665 0.5003114035696419
2.0657 0.5001540338023248
2.0648 0.5000427809733752
2.064 0.500129431954272
2.0632 0.500307242470577
2.0624 0.5003494401787949
2.0616 0.5003557017903492
2.0607 0.5003408802234963
2.0599 0.5002288313195803
2.0591 0.500135739473719
2.0583 0.5001265125212401
2.0575 0.5001717966041791
2.0567 0.5001261859947879
2.0558 0.4999975560151422
2.055 0.49990587503586653
2.0542 0.49986232395447605
2.0534 0.49979953190203735
2.0526 0.49967987855535145
2.0518 0.49953217338059597
2.051 0.4994581874433519
2.0501 0.49943051985335873
2.0493 0.4994513765218494
2.0485 0.4995295419001827
2.0477 0.49956869218267136
2.0469 0.49959052412119054
2.0461 0.49963670516776487
2.0453 0.4997562164152991
2.0445 0.4999092833063829
2.0437 0.5000472552503757
2.0429 0.5001412832033718
2.0421 0.5001878994102564
2.0413 0.5001310614082392
2.0405 0.5000602942770842
2.0397 0.5000480002932285
2.0389 0.4999944082902358
2.0381 0.49992575545806567
2.0373 0.4999522732328644
2.0365 0.5000681067204538
2.0357 0.5001751203497912
2.0349 0.5001825709399151
2.0341 0.5001570036136277
2.0333 0.500238267711123
2.0325 0.5003997966353902
2.0317 0.5005176911457334
2.0309 0.5005546239295454
2.0301 0.5005185557130877
2.0293 0.5003211778513426
2.0285 0.5000407890250155
2.0277 0.4998862088647359
2.0269 0.4999540393163086
2.0261 0.5000166826544858
2.0253 0.499956725515561
2.0245 0.49987205796058404
2.0237 0.499869117138972
2.0229 0.49987537377959435
2.0222 0.4998383043006695
2.0214 0.4998239916732133
2.0206 0.49981834843481415
2.0198 0.4997367235925826
2.019 0.49961533058420815
2.0182 0.49961975562273725
2.0174 0.4996821490755547
2.0167 0.49966933960676835
2.0159 0.49964544023182544
2.0151 0.49976977020310254
2.0143 0.499997587811748
2.0135 0.5002176624539437
2.0128 0.5004075893783391
2.012 0.5005532538113756
2.0112 0.5004854678057444
2.0104 0.5003077245779393
2.0096 0.5002340224928745
2.0088 0.5001934314258812
2.0081 0.5001053496318185
2.0073 0.4999396564271724
2.0065 0.4704041736505758
2.0057 0.4371913772108858
2.005 0.39955131901755575
2.0042 0.35666970119291375
2.0034 0.30732866037198825
2.0026 0.2496774399572208
2.0019 0.18154830072431583
2.0011 0.09983087339473432
2.0003 0.0
