15.3853 1.0
15.3397 1.0
15.2945 0.9
15.2495 0.8181818181818182
15.2048 0.7499999999999999
15.1603 0.6923076923076923
15.1161 0.6428571428571428
15.0722 0.6
15.0285 0.5625
14.9851 0.5294117647058824
14.9419 0.5
14.8989 0.5
14.8563 0.5
14.8138 0.5
14.7716 0.5
14.7296 0.5
14.6879 0.5
14.6464 0.5
14.6052 0.5
14.5641 0.5
14.5233 0.5
14.4828 0.5
14.4424 0.5
14.4023 0.5
14.3624 0.5
14.3227 0.5
14.2833 0.5
14.244 0.5
14.205 0.5
14.1662 0.5
14.1276 0.5
14.0892 0.5
14.051 0.5
14.0131 0.5
13.9753 0.5
13.9377 0.5
13.9004 0.5
13.8632 0.5
13.8262 0.5
13.7895 0.5
13.7529 0.5
13.7165 0.5
13.6803 0.5
13.6443 0.5
13.6085 0.5
13.5729 0.5
13.5374 0.5
13.5022 0.5
13.4671 0.5
13.4322 0.5
13.3975 0.5
13.363 0.5
13.3286 0.5
13.2944 0.5
13.2604 0.5
13.2266 0.5
13.193 0.5
13.1595 0.5
13.1262 0.5
13.093 0.5
13.06 0.5
13.0272 0.5
12.9946 0.5
12.9621 0.5
12.9298 0.5
12.8976 0.5
12.8656 0.5
12.8337 0.5
12.8021 0.5
12.7705 0.5
12.7391 0.5
12.7079 0.5
12.6769 0.5001491612836162
12.6459 0.5010269159431592
12.6152 0.5024641895470432
12.5845 0.504352817677088
12.5541 0.506952474939625
12.5238 0.5109624794672318
12.4936 0.5160524564510893
12.4635 0.521996280649564
12.4337 0.5284680487608968
12.4039 0.5345105640472327
12.3743 0.539378474699962
12.3448 0.5432567638806791
12.3155 0.5458993596036716
12.2863 0.5471469000246821
12.2573 0.5465636954562609
12.2284 0.5439447244657344
12.1996 0.5402454492700698
12.171 0.5365435310266025
12.1425 0.5336820847745289
12.1141 0.532477051876529
12.0859 0.5336140844144099
12.0578 0.536586587489056
12.0298 0.5415547994839648
12.0019 0.5483515059164957
11.9742 0.556448289689352
11.9466 0.564727707966501
11.9192 0.57187037815682
11.8918 0.5774047696988979
11.8646 0.5810437266942471
11.8375 0.5825211566999559
11.8106 0.5823314255930341
11.7837 0.5809172261958224
11.757 0.5786080095559197
11.7304 0.5757031374983672
11.7039 0.5729658133839318
11.6776 0.5710660269323987
11.6513 0.5705254836494361
11.6252 0.5708719308184841
11.5992 0.5719660011231358
11.5733 0.573755531318105
11.5475 0.5747476796394876
11.5219 0.5739743020388304
11.4963 0.5718515863031066
11.4709 0.5690466485532125
11.4455 0.5655160325148929
11.4203 0.5606343670276411
11.3952 0.5541791968835564
11.3702 0.5458144846406259
11.3454 0.5348866656945289
11.3206 0.5215813434909686
11.2959 0.5070268222345974
11.2714 0.49202958038040145
11.2469 0.47631043447090865
11.2226 0.4597278507090589
11.1983 0.4440484316519079
11.1742 0.43155452353550705
11.1502 0.4234408127287774
11.1263 0.4212053164798973
11.1024 0.42626436964299136
11.0787 0.4380733042077311
11.0551 0.4549117285546535
11.0316 0.47495687701052475
11.0081 0.49714166426376655
10.9848 0.5199311145128637
10.9616 0.5410277330574841
10.9385 0.5589883795931619
10.9154 0.5732784759379572
10.8925 0.5831976580440127
10.8697 0.5883136266015063
10.8469 0.5897790475649374
10.8243 0.5890976859963445
10.8017 0.5875801362983634
10.7793 0.5855596909138069
10.7569 0.5835014982138359
10.7346 0.5812821976504083
10.7125 0.5780005166197679
10.6904 0.5727521645383523
10.6684 0.564866604681587
10.6465 0.5537509933501443
10.6247 0.5388454350951577
10.6029 0.5200910827636233
10.5813 0.49783339150631567
10.5597 0.473115303095682
10.5383 0.4471222360355946
10.5169 0.4210646006729734
10.4956 0.3960356067203794
10.4744 0.37289218504159605
10.4533 0.3522184579710428
10.4323 0.33496412242804297
10.4113 0.3220226989015201
10.3904 0.31392812617088256
10.3697 0.3103916301322961
10.349 0.3109330786825776
10.3284 0.31542826135480895
10.3078 0.3242025387183843
10.2874 0.3374370996293832
10.267 0.3544845957817414
10.2467 0.37446943080672557
10.2265 0.3959597152120177
10.2064 0.4178303055164752
10.1863 0.43948230231657254
10.1663 0.4610164464032964
10.1464 0.4817841422170225
10.1266 0.5007790029163358
10.1069 0.516800303023994
10.0872 0.5291165291306067
10.0676 0.5379234256201981
10.0481 0.5427195360088602
10.0287 0.5432352437562682
10.0093 0.5389691539964016
9.9901 0.5294797904743272
9.9708 0.5156627184732887
9.9517 0.498830423666011
9.9326 0.4802781506144808
9.9136 0.4613334458117777
9.8947 0.44332461291213304
9.8759 0.4311793679379903
9.8571 0.42821249862456445
9.8384 0.4354436935936162
9.8198 0.4527248591901676
9.8012 0.47819769256161404
9.7827 0.5088002671397834
9.7643 0.5429850305222039
9.7459 0.5785430844957045
9.7276 0.6129857051196493
9.7094 0.6435598596991771
9.6913 0.6659030964469237
9.6732 0.6783241829524169
9.6552 0.6811701040175389
9.6372 0.6756608577766581
9.6194 0.6641202066085068
9.6015 0.6484952400459327
9.5838 0.6304270563552626
9.5661 0.6121760044849377
9.5485 0.5953347728832219
9.5309 0.5818070001477601
9.5135 0.5723767027415282
9.496 0.5670727667783966
9.4787 0.5650567961893247
9.4614 0.5654863533550363
9.4441 0.5669701177677353
9.427 0.5680101327924426
9.4099 0.5670417735612734
9.3928 0.5630079904821995
9.3758 0.5561978959402797
9.3589 0.547486204835057
9.342 0.537535170458118
9.3252 0.5276162758288534
9.3085 0.5190151204440434
9.2918 0.5124148235244355
9.2752 0.5084075377979334
9.2586 0.5070816112627475
9.2421 0.5077722979100645
9.2257 0.5091360233762029
9.2093 0.5094766315980493
9.193 0.507409518013883
9.1767 0.5021471217812847
9.1605 0.4930781184350445
9.1443 0.48020489554226775
9.1282 0.4635270481543081
9.1122 0.44371207287516296
9.0962 0.4220458707134628
9.0803 0.4003714042214214
9.0644 0.3804808061023299
9.0486 0.363567477215744
9.0328 0.350182681092705
9.0171 0.3399392567224146
9.0015 0.33197598420811847
8.9858 0.32658232903504036
8.9703 0.3240723673051496
8.9548 0.32443531816303856
8.9394 0.3277088647572089
8.924 0.3332719519594912
8.9086 0.34094372489776714
8.8934 0.35015690615033734
8.8781 0.36084665830906426
8.863 0.37386839900691027
8.8478 0.3892893297720982
8.8328 0.40589154623460283
8.8177 0.42288919368447625
8.8028 0.4389102985870852
8.7879 0.4534226341677543
8.773 0.46620069592303837
8.7582 0.47681679594280063
8.7434 0.485668937717924
8.7287 0.49250943599955727
8.714 0.49673262465177576
8.6994 0.4990265528248929
8.6848 0.5
8.6703 0.5
8.6558 0.5
8.6414 0.5
8.627 0.5
8.6127 0.5
8.5984 0.5
8.5842 0.5
8.57 0.5
8.5558 0.5
8.5417 0.5
8.5277 0.5
8.5137 0.5
8.4997 0.5
8.4858 0.5
8.4719 0.5
8.4581 0.5
8.4444 0.5
8.4306 0.5
8.4169 0.5
8.4033 0.5
8.3897 0.5
8.3761 0.5
8.3626 0.5
8.3492 0.5
8.3357 0.5
8.3224 0.5
8.309 0.5
8.2957 0.5
8.2825 0.5
8.2693 0.5
8.2561 0.5
8.243 0.5
8.2299 0.5
8.2169 0.5
8.2038 0.5
8.1909 0.5
8.178 0.5
8.1651 0.5
8.1523 0.5
8.1395 0.5
8.1267 0.5
8.114 0.5
8.1013 0.5
8.0887 0.5
8.0761 0.5
8.0635 0.5
8.051 0.5
8.0385 0.5
8.0261 0.5
8.0137 0.5
8.0013 0.5
7.989 0.5
7.9767 0.5
7.9644 0.5
7.9522 0.5
7.94 0.5
7.9279 0.5
7.9158 0.5
7.9037 0.5
7.8917 0.5
7.8797 0.5
7.8677 0.5
7.8558 0.5
7.8439 0.5
7.8321 0.5
7.8203 0.5
7.8085 0.5
7.7967 0.5
7.785 0.5
7.7734 0.5
7.7617 0.5
7.7501 0.5
7.7386 0.5
7.727 0.5
7.7155 0.5
7.7041 0.5
7.6926 0.5
7.6812 0.5
7.6699 0.5
7.6585 0.5
7.6472 0.5
7.636 0.5
7.6247 0.5
7.6136 0.5
7.6024 0.5
7.5913 0.5
7.5802 0.5
7.5691 0.5
7.5581 0.5
7.5471 0.5
7.5361 0.5
7.5252 0.5
7.5142 0.5
7.5034 0.5
7.4925 0.5
7.4817 0.5
7.4709 0.5
7.4602 0.5
7.4495 0.5
7.4388 0.5
7.4281 0.5
7.4175 0.5
7.4069 0.5
7.3963 0.5
7.3858 0.5
7.3753 0.5
7.3648 0.5
7.3544 0.5
7.344 0.5
7.3336 0.5
7.3232 0.5
7.3129 0.5
7.3026 0.5
7.2923 0.5
7.2821 0.5
7.2718 0.5
7.2617 0.5
7.2515 0.5
7.2414 0.5
7.2313 0.5
7.2212 0.5
7.2112 0.5
7.2012 0.5
7.1912 0.5
7.1812 0.5
7.1713 0.5
7.1614 0.5
7.1515 0.5
7.1416 0.5
7.1318 0.5
7.122 0.5
7.1123 0.5
7.1025 0.5
7.0928 0.5
7.0831 0.5
7.0734 0.5
7.0638 0.5
7.0542 0.5
7.0446 0.5000472246440238
7.0351 0.5000472246440238
7.0255 0.5000472246440238
7.016 0.5000472246440238
7.0065 0.5000472246440238
6.9971 0.5000472246440238
6.9877 0.5000472246440238
6.9782 0.5000472246440238
6.9689 0.5000472246440238
6.9595 0.5005466178480329
6.9502 0.5018408055208498
6.9409 0.5028877326808241
6.9316 0.5033808521265019
6.9223 0.5036157592214746
6.9131 0.5038847534036494
6.9039 0.5038847534036494
6.8947 0.5038847534036494
6.8856 0.5041818011136088
6.8764 0.5047243825806662
6.8673 0.5042410691005256
6.8582 0.5029600716064425
6.8492 0.502337749048014
6.8402 0.5021275686997105
6.8311 0.5018842373843543
6.8221 0.5017560715164802
6.8132 0.5024368278856091
6.8042 0.503139249485952
6.7953 0.5029918878301286
6.7864 0.5024718514867907
6.7776 0.5022530064304117
6.7687 0.5025137176735643
6.7599 0.503500154071517
6.7511 0.5048061065111366
6.7423 0.5062090603307923
6.7336 0.5068268244954585
6.7248 0.5076397551445259
6.7161 0.5095660565002905
6.7074 0.5115500499441752
6.6988 0.5134139515509678
6.6901 0.5152397353335545
6.6815 0.5159137610225709
6.6729 0.5159863040031915
6.6643 0.5167034164972824
6.6558 0.5184578086897114
6.6472 0.5202874307927907
6.6387 0.5193513895722053
6.6302 0.5175409973616252
6.6217 0.5167953772209322
6.6133 0.5163672982040958
6.6049 0.5163435620193406
6.5965 0.5168322757836916
6.5881 0.5163494435338802
6.5797 0.5144058847529219
6.5714 0.5124737342238045
6.5631 0.5123601410568667
6.5548 0.5137002153246715
6.5465 0.5145629794480868
6.5382 0.5143206405299178
6.53 0.513573375205299
6.5218 0.5126831981579935
6.5136 0.5122510324787498
6.5054 0.5127516138716841
6.4973 0.5129616755913473
6.4892 0.5129781068421153
6.481 0.5121323346465219
6.4729 0.5107767144012003
6.4649 0.5098029006756025
6.4568 0.5097125392493024
6.4488 0.5104123294864481
6.4408 0.5113194700364553
6.4328 0.5111449256572798
6.4248 0.5103216478763576
6.4169 0.5103098444134728
6.4089 0.5095553880119875
6.401 0.5089541737423533
6.3931 0.5098515358784389
6.3853 0.5105228322965469
6.3774 0.5102326928159961
6.3696 0.5092129121060921
6.3618 0.5082848180396529
6.354 0.5080340618477619
6.3462 0.507221551221349
6.3384 0.5066934724472967
6.3307 0.5066869507661477
6.323 0.5060304535949878
6.3153 0.5051994930745961
6.3076 0.5045214226616459
6.2999 0.5044367830178639
6.2923 0.5048132396104619
6.2847 0.5050431185998835
6.277 0.5052332245156933
6.2694 0.5062187608973614
6.2619 0.5077526190076036
6.2543 0.5097896779043471
6.2468 0.5117632918338476
6.2393 0.5130279882286645
6.2318 0.5143632283421421
6.2243 0.5156257258218859
6.2168 0.5164589889077579
6.2094 0.5172568978847569
6.202 0.5181296609781764
6.1945 0.5185366517398308
6.1871 0.5179720243797046
6.1798 0.5171699991429833
6.1724 0.516212201522082
6.1651 0.5145652868119414
6.1578 0.5124945926502535
6.1505 0.5108361880027499
6.1432 0.5098778575941222
6.1359 0.5091001664203335
6.1286 0.5079297765063099
6.1214 0.5073080581412529
6.1142 0.5077318151716231
6.107 0.5070390432111108
6.0998 0.506030975458834
6.0926 0.5059556585012901
6.0855 0.505945563996525
6.0784 0.5052097739320078
6.0712 0.5036400164916892
6.0641 0.5017673438589997
6.0571 0.499722680617087
6.05 0.49595978073689057
6.0429 0.4916617595642493
6.0359 0.48885402863416716
6.0289 0.48680756532135766
6.0219 0.48433614799741437
6.0149 0.48171790339416004
6.0079 0.47958364111763807
6.001 0.47905370740042846
5.994 0.4778469741926805
5.9871 0.4756097707020252
5.9802 0.4749034350528632
5.9733 0.47397589975993276
5.9664 0.4717401247724691
5.9596 0.4701968779746104
5.9527 0.4689390337238071
5.9459 0.46769912017341514
5.9391 0.4649121372575312
5.9323 0.4594613815059252
5.9255 0.45540521556836083
5.9188 0.4533556838177944
5.912 0.45165722709162864
5.9053 0.4503718389494036
5.8986 0.44905318437038433
5.8919 0.44736210241361485
5.8852 0.44647702186502936
5.8785 0.44657385325136684
5.8718 0.45031050657521693
5.8652 0.45665940757459844
5.8586 0.4628466240965325
5.852 0.46865229098427036
5.8454 0.4741828667203574
5.8388 0.47927396991709614
5.8322 0.4846356093157208
5.8257 0.48955734260755607
5.8191 0.49403798836912016
5.8126 0.4978528932508824
5.8061 0.49946454527032313
5.7996 0.5
5.7931 0.5
5.7866 0.5
5.7802 0.5
5.7738 0.5
5.7673 0.5
5.7609 0.5
5.7545 0.5
5.7481 0.5
5.7418 0.5
5.7354 0.5
5.7291 0.5
5.7228 0.5
5.7165 0.5
5.7102 0.5
5.7039 0.5009421568584608
5.6976 0.5030290176760881
5.6914 0.5054397191991475
5.6851 0.5080046878777813
5.6789 0.5109041198343616
5.6727 0.5143816109977195
5.6665 0.5183536242442169
5.6603 0.5225112835070684
5.6541 0.5266016349123656
5.648 0.5298782011120192
5.6418 0.5318290789549178
5.6357 0.5329472976173798
5.6296 0.5336699620015327
5.6235 0.5337771597281354
5.6174 0.5333788700098694
5.6113 0.5325890001747977
5.6052 0.5314332858122957
5.5992 0.5301941033307849
5.5931 0.5289624336329946
5.5871 0.5279074193422811
5.5811 0.5269235740242083
5.5751 0.5257127348749242
5.5691 0.5247934433337179
5.5631 0.5240982888690572
5.5572 0.5230919091185939
5.5512 0.5214569063702974
5.5453 0.5193942601637146
5.5393 0.5171573328057569
5.5334 0.5152729441449094
5.5275 0.5136993306061733
5.5217 0.5123108920745679
5.5158 0.5107967986783268
5.5099 0.5087311360001675
5.5041 0.5066488216832201
5.4982 0.5052229125418174
5.4924 0.5044912315286268
5.4866 0.5042233969333312
5.4808 0.5037606170924696
5.475 0.5032236130865878
5.4692 0.5030307741628349
5.4635 0.5029932364461239
5.4577 0.5035035041434106
5.452 0.5046556038708312
5.4463 0.5062927658297921
5.4405 0.5078590538732823
5.4348 0.5090062599833766
5.4291 0.509915983082188
5.4235 0.5110173326497381
5.4178 0.5120220930036532
5.4121 0.5129166809228022
5.4065 0.513704735445111
5.4009 0.5139806178709277
5.3952 0.5135797827210189
5.3896 0.5128785428146347
5.384 0.5122361318870634
5.3785 0.5117902185526073
5.3729 0.5115792668642364
5.3673 0.5116335207363224
5.3618 0.5117029194776738
5.3562 0.5119119712869546
5.3507 0.5123873092008411
5.3452 0.5132194272984095
5.3397 0.5146548410732678
5.3342 0.5161553828873914
5.3287 0.5174640595837003
5.3232 0.5184817949919783
5.3178 0.5190226253567062
5.3123 0.5193454231559851
5.3069 0.5192243892532518
5.3015 0.518493668214789
5.2961 0.5172773911380512
5.2907 0.5155729747023974
5.2852 0.5137148023312971
5.2799 0.5117962955081427
5.2745 0.5097190618055341
5.2691 0.5077438251895606
5.2638 0.5061233725826134
5.2584 0.5046392336341353
5.2531 0.5035433525764196
5.2478 0.5029621583536388
5.2425 0.5023937248043
5.2372 0.5017017955222306
5.2319 0.5012492416935148
5.2267 0.501139230811779
5.2214 0.5011538643429616
5.2161 0.5008507627629032
5.2109 0.500557176518625
5.2057 0.5004792208357993
5.2004 0.5006323446405608
5.1952 0.5012721164874449
5.19 0.5023126651432025
5.1848 0.5034787224387887
5.1796 0.5045235004059146
5.1745 0.5056597953072176
5.1693 0.5076030878048833
5.1642 0.5101996365330074
5.159 0.5125198757979444
5.1539 0.5143607023216538
5.1488 0.5158764887815243
5.1437 0.5171229349640502
5.1386 0.5183252252599074
5.1335 0.5195549262926602
5.1284 0.5204443163359365
5.1234 0.520615275039442
5.1183 0.520049245666569
5.1132 0.5194490945136148
5.1082 0.519021877771164
5.1032 0.5185333707803357
5.0982 0.5180623635342403
5.0932 0.5174370888371135
5.0882 0.5168372418059008
5.0832 0.5163575296661845
5.0782 0.5161315536399456
5.0732 0.5162396243506554
5.0683 0.5164583780846264
5.0633 0.5167240252271377
5.0584 0.5170641173159478
5.0534 0.5174859842250966
5.0485 0.5179744412849188
5.0436 0.5183856498270484
5.0387 0.5187763126888271
5.0338 0.5191019230475425
5.0289 0.5192105246050132
5.0241 0.5192754947985257
5.0192 0.5190869416743136
5.0144 0.5186664363975673
5.0095 0.5182283329233072
5.0047 0.5178927842762878
4.9998 0.5175324923452139
4.995 0.5171341157311292
4.9902 0.5166566174253844
4.9854 0.5163463818340728
4.9806 0.5162685583022119
4.9759 0.5163491228077208
4.9711 0.5165826693552175
4.9663 0.5169241470345297
4.9616 0.5172973545637894
4.9568 0.5176686024199189
4.9521 0.5181558634306908
4.9474 0.5188299309179631
4.9426 0.5195586393513059
4.9379 0.5201289188175815
4.9332 0.5205950604850427
4.9286 0.5211507872044382
4.9239 0.5218313501946786
4.9192 0.5224414209686937
4.9145 0.5231106419859909
4.9099 0.5239233995438657
4.9052 0.5245031171397262
4.9006 0.5248682109945667
4.896 0.5251730191435879
4.8914 0.5255407861297265
4.8867 0.525888285699261
4.8821 0.5260010345911844
4.8776 0.5258364615307874
4.873 0.525534310076414
4.8684 0.5249866886786596
4.8638 0.5243212205992388
4.8593 0.5237364394390268
4.8547 0.5231769703274621
4.8502 0.5225175640544402
4.8456 0.5217685544512706
4.8411 0.5209908836711652
4.8366 0.5202948752657153
4.8321 0.5198145431278024
4.8276 0.51963269340289
4.8231 0.5197191402561826
4.8186 0.5198037516249006
4.8141 0.520042852894859
4.8097 0.5206023149168151
4.8052 0.5212912018209628
4.8008 0.5219790311801609
4.7963 0.5227100143126331
4.7919 0.5233706791162653
4.7875 0.5238505550782576
4.7831 0.5241811534151242
4.7786 0.5244874218928927
4.7743 0.5246647938222836
4.7699 0.5243949238444335
4.7655 0.5238014055628903
4.7611 0.523207622779759
4.7567 0.5227626674908163
4.7524 0.5223070785601643
4.748 0.5217827038659508
4.7437 0.5212818499699056
4.7393 0.5208128673724548
4.735 0.5202818396780958
4.7307 0.5200359604464998
4.7264 0.5202350185553969
4.7221 0.5205782597044131
4.7178 0.5209689873540667
4.7135 0.5214109890247374
4.7092 0.5218953213116622
4.7049 0.5224879715995115
4.7007 0.5231748192720601
4.6964 0.5239278447059108
4.6922 0.5246806098858445
4.6879 0.5252326415372545
4.6837 0.5256638970357823
4.6795 0.5259838690970084
4.6752 0.5261251925135663
4.671 0.5262013445062889
4.6668 0.5263298173258252
4.6626 0.5264606024797918
4.6584 0.5264828488596274
4.6543 0.5263118056162744
4.6501 0.5261497047931892
4.6459 0.5259393361853144
4.6418 0.5255291715628733
4.6376 0.5251236098237011
4.6334 0.5247647101658176
4.6293 0.5241030426998239
4.6252 0.5231116300759231
4.6211 0.521979477644215
4.617 0.520753997962689
4.6128 0.5193125362534349
4.6087 0.5176233505185722
4.6047 0.5158695649708052
4.6006 0.514192395835213
4.5965 0.5124780512829717
4.5924 0.5107506191531529
4.5884 0.5091168596623268
4.5843 0.5075828278545299
4.5802 0.5061704693528758
4.5762 0.5049383365659114
4.5722 0.5040339416968179
4.5681 0.5034355071198292
4.5641 0.5029274174259895
4.5601 0.5024052812503751
4.5561 0.5019747255478505
4.5521 0.5016246520968566
4.5481 0.5014186022976932
4.5441 0.5013387830895862
4.5401 0.5013858574609236
4.5362 0.5015073592362135
4.5322 0.50165907440465
4.5282 0.5019369614636924
4.5243 0.5025180454367151
4.5203 0.5033666116563198
4.5164 0.5044837552313167
4.5125 0.5058541778968513
4.5085 0.5075115873926318
4.5046 0.5093071419839705
4.5007 0.511112355374937
4.4968 0.5129609317597759
4.4929 0.5147029420228123
4.489 0.5161694055228189
4.4851 0.517462044956904
4.4813 0.5186249591390106
4.4774 0.5195273193554498
4.4735 0.5201567878303555
4.4697 0.5204785084555433
4.4658 0.5206991281018554
4.462 0.5208330607984821
4.4581 0.5208709827674158
4.4543 0.5209441443354124
4.4505 0.5210051884978741
4.4467 0.5209729405747863
4.4429 0.5208967317964833
4.4391 0.5207635851411141
4.4353 0.5206354599784281
4.4315 0.5205474333615402
4.4277 0.5204281768253168
4.4239 0.5202736236835482
4.4201 0.5201237444120039
4.4164 0.5199887845218
4.4126 0.5199039345666959
4.4089 0.5198494669593321
4.4051 0.5197765199499146
4.4014 0.5197059264188268
4.3976 0.5195219707362639
4.3939 0.5192279769642306
4.3902 0.5188886549505747
4.3865 0.5184616285906474
4.3828 0.5179673603129363
4.3791 0.5173742001861086
4.3754 0.5166684927746992
4.3717 0.5159165062330272
4.368 0.5151476073259756
4.3643 0.5144161581215932
4.3607 0.5138119697438464
4.357 0.5131780508310055
4.3533 0.5124715275118402
4.3497 0.5117995615815022
4.346 0.5111995194148948
4.3424 0.5107298748267958
4.3388 0.5103484497712567
4.3351 0.5099877649145378
4.3315 0.5096465863589593
4.3279 0.5092331841771469
4.3243 0.50881650087754
4.3207 0.5085962699701356
4.3171 0.5085018930744413
4.3135 0.5083976993947671
4.3099 0.5081942009134803
4.3063 0.5078753719642873
4.3028 0.5075291502808883
4.2992 0.5071214591915626
4.2956 0.5066527885697786
4.2921 0.5062241742738651
4.2885 0.5057652521100778
4.285 0.5052340417442688
4.2815 0.5046956725293893
4.2779 0.5042127393856611
4.2744 0.5038657736299879
4.2709 0.5036782060417831
4.2674 0.5036529892227259
4.2638 0.503771167401803
4.2603 0.5039785879629629
4.2568 0.5041821284653415
4.2534 0.5043521701767204
4.2499 0.5043967806381923
4.2464 0.5043455083872889
4.2429 0.504252498722512
4.2394 0.5040067573897943
4.236 0.5035806525488747
4.2325 0.5030024356215853
4.2291 0.502376507591286
4.2256 0.5017583798685302
4.2222 0.5011804980121771
4.2187 0.5007330450278243
4.2153 0.5004851796950809
4.2119 0.5003614118492584
4.2085 0.5003208124093564
4.2051 0.5003793172725579
4.2016 0.5005433654868011
4.1982 0.500768081729664
4.1948 0.50100556333777
4.1915 0.501228371196506
4.1881 0.501463690558418
4.1847 0.5015897621977182
4.1813 0.5015865948554086
4.178 0.5015192513694307
4.1746 0.5014097386452631
4.1712 0.5012993814494779
4.1679 0.5011640755908677
4.1645 0.5010036010822446
4.1612 0.500792160788904
4.1578 0.5005522092351685
4.1545 0.5003049885412137
4.1512 0.5000623677098841
4.1479 0.4998536008932336
4.1445 0.4996565370122545
4.1412 0.4994357761149969
4.1379 0.49920398793113396
4.1346 0.49897959750495285
4.1313 0.49874927424563226
4.128 0.4985093252992592
4.1248 0.4982969276238086
4.1215 0.4980815013936983
4.1182 0.49787432182950414
4.115 0.4976488201543835
4.1117 0.49742972897464166
4.1084 0.49727699765499506
4.1052 0.4971274522512812
4.1019 0.4969730045325194
4.0987 0.4968536626832438
4.0954 0.49676832539122
4.0922 0.4967435551514079
4.089 0.4968036392329027
4.0858 0.49691104421797394
4.0826 0.4970888829858144
4.0793 0.49724557341384046
4.0761 0.49733943334080777
4.0729 0.49745905788701306
4.0697 0.4975796746824815
4.0665 0.497730627729068
4.0633 0.4979580833656429
4.0602 0.49811326064155803
4.057 0.4982745079637144
4.0538 0.49848893931248234
4.0507 0.4987612896721507
4.0475 0.4992258076949304
4.0443 0.499874413621516
4.0412 0.5006208428456839
4.038 0.5014372945345813
4.0349 0.5022184091550084
4.0317 0.5029530108154789
4.0286 0.5037355566040206
4.0255 0.5044731091522632
4.0224 0.5050124885951564
4.0193 0.5052352039352487
4.0161 0.5050736606987034
4.013 0.504507670482017
4.0099 0.5035931177185342
4.0068 0.5025009399247106
4.0037 0.5013955732370435
4.0006 0.5003750904710879
3.9976 0.4994880818365327
3.9945 0.4988809233385826
3.9914 0.4986891827684704
3.9883 0.49892975679650015
3.9853 0.49962484287565456
3.9822 0.5007717394266612
3.9792 0.5022501798450647
3.9761 0.5038377269146564
3.9731 0.5052526209390744
3.97 0.5063145724922044
3.967 0.5069280151211955
3.9639 0.5070621370181627
3.9609 0.50684738183525
3.9579 0.5063925221956731
3.9549 0.5056774761394747
3.9519 0.5047421861888611
3.9489 0.5037716741161716
3.9458 0.5028750048422327
3.9428 0.5021868519155885
3.9398 0.5018118363494994
3.9369 0.5017636216001565
3.9339 0.5019512561277919
3.9309 0.5022653103263481
3.9279 0.5026302558019584
3.9249 0.5029981597977937
3.922 0.5033037178318953
3.919 0.5034715274214214
3.916 0.503564372745939
3.9131 0.5035986877697517
3.9101 0.5035074509328598
3.9072 0.5032596326477972
3.9042 0.5028530212968445
3.9013 0.5022775729402796
3.8984 0.5016326099461677
3.8954 0.5009783175887176
3.8925 0.5003253447542605
3.8896 0.499676442068266
3.8867 0.49892257453402683
3.8838 0.49806817663878084
3.8809 0.4972018389189044
3.878 0.49632152974188165
3.8751 0.49549253524495435
3.8722 0.4947122642321266
3.8693 0.4938994794713992
3.8664 0.4930996036207094
3.8635 0.49229717964847464
3.8606 0.4915653860770069
3.8578 0.4909756456513709
3.8549 0.4904963701863378
3.852 0.49015052066765247
3.8492 0.4899593929264225
3.8463 0.48977605806220653
3.8435 0.4896668238204619
3.8406 0.4896786193624345
3.8378 0.48972388510066905
3.8349 0.4898372232803149
3.8321 0.4900248524635939
3.8293 0.49029494160818393
3.8264 0.49061123181798666
3.8236 0.4908685017277091
3.8208 0.4911692503423488
3.818 0.4916072951262166
3.8152 0.492099093595838
3.8124 0.4927014430675629
3.8096 0.49346170291983044
3.8068 0.49433865137358496
3.804 0.49514203476492513
3.8012 0.49592892132894345
3.7984 0.49679141442429114
3.7956 0.49773943285521194
3.7929 0.49868631049435586
3.7901 0.49958604121769923
3.7873 0.5004063152114785
3.7845 0.5010379592880193
3.7818 0.5015060694194208
3.779 0.5019651154411728
3.7763 0.5024851963235389
3.7735 0.5029693830767398
3.7708 0.5033430763143452
3.7681 0.5035772528533883
3.7653 0.5037031293448269
3.7626 0.5037788537773535
3.7599 0.5038800621277143
3.7571 0.5039560083953909
3.7544 0.5039146507951608
3.7517 0.5036255422555934
3.749 0.5031459664967309
3.7463 0.5025973494247516
3.7436 0.5020357159137386
3.7409 0.5014399317425527
3.7382 0.5007880927146819
3.7355 0.5000507217375199
3.7328 0.499202855914582
3.7301 0.49837926448066167
3.7274 0.4976500416548223
3.7247 0.4970625651318563
3.7221 0.4964831669785358
3.7194 0.4958072037575122
3.7167 0.49514257977553205
3.7141 0.4945125035880127
3.7114 0.493899622604744
3.7088 0.4933373969978655
3.7061 0.4928050724287452
3.7035 0.4923132743458408
3.7008 0.491840953493983
3.6982 0.49138128933857705
3.6955 0.4910046703961499
3.6929 0.49073178518898153
3.6903 0.4905059152079269
3.6877 0.4903755288342079
3.685 0.4904043569861302
3.6824 0.49055936227377955
3.6798 0.4908191646989663
3.6772 0.49111877765227613
3.6746 0.49151058274205556
3.672 0.49208862430520384
3.6694 0.4928918151784843
3.6668 0.49380052981552086
3.6642 0.49471109919438255
3.6616 0.49564922811104495
3.659 0.4966603423913755
3.6564 0.4977154901957073
3.6539 0.4987621237740954
3.6513 0.4998417130237496
3.6487 0.5009236153958823
3.6462 0.5017636397843568
3.6436 0.502433644300497
3.641 0.5031093676763079
3.6385 0.5037429511646209
3.6359 0.5042176516532153
3.6334 0.504464529933532
3.6308 0.5045759033236401
3.6283 0.5045948367726141
3.6258 0.5044091052801372
3.6232 0.5041201820376331
3.6207 0.5038473928832365
3.6182 0.5034602499401399
3.6156 0.5029440355506181
3.6131 0.5024306885988561
3.6106 0.5019208495391827
3.6081 0.501404852006452
3.6056 0.500879612007123
3.6031 0.5003737723683039
3.6006 0.4998926948831891
3.5981 0.4994025223934341
3.5956 0.4989802166691887
3.5931 0.4986316361254453
3.5906 0.49824365136149823
3.5881 0.49778203839703133
3.5856 0.4973649652267219
3.5832 0.4970043664668598
3.5807 0.49663105809319824
3.5782 0.4963445569284288
3.5758 0.49618190917146365
3.5733 0.49592059422967977
3.5708 0.4955403730452047
3.5684 0.4951710841138905
3.5659 0.49494130963122684
3.5635 0.4948278581867171
3.561 0.49471665822532207
3.5586 0.49462763780300917
3.5561 0.4944936214775583
3.5537 0.4942612265548611
3.5513 0.49413235735016253
3.5488 0.49426494763939655
3.5464 0.49451296179557774
3.544 0.4947711270438511
3.5415 0.4949413872815802
3.5391 0.495058169634167
3.5367 0.49526785606846785
3.5343 0.4956206313843138
3.5319 0.49607521229870866
3.5295 0.49655465711958785
3.5271 0.4968573630804649
3.5247 0.49695811029092885
3.5223 0.49700676378408937
3.5199 0.49714257120229505
3.5175 0.4973697592845566
3.5151 0.4975561139605834
3.5128 0.49752276325665806
3.5104 0.4972645707712133
3.508 0.4969481650229307
3.5056 0.49659185519826443
3.5033 0.4962604472559559
3.5009 0.49596414787868914
3.4985 0.49560055561191263
3.4962 0.4950487655773998
3.4938 0.49442938796736413
3.4915 0.4938731233260017
3.4891 0.49346061596962953
3.4868 0.4930961491468984
3.4844 0.49279890568811563
3.4821 0.49252606740434074
3.4798 0.4922762966249796
3.4774 0.4920829455760337
3.4751 0.4919679190222979
3.4728 0.49187985309724636
3.4704 0.49176753522016403
3.4681 0.49166824859526204
3.4658 0.49163465416192004
3.4635 0.49166764000708196
3.4612 0.4917455565129331
3.4589 0.49191144010975085
3.4566 0.4921450838269361
3.4543 0.4924702537762979
3.452 0.4928923177569674
3.4497 0.4935789800901724
3.4474 0.49445221806810596
3.4451 0.49531332351515034
3.4428 0.496065940548202
3.4405 0.4968140555129896
3.4382 0.4974732798779546
3.4359 0.49801561406979117
3.4337 0.49841049867937565
3.4314 0.4986528906408093
3.4291 0.49865568209382555
3.4269 0.4982799312399501
3.4246 0.4976152266290683
3.4223 0.49683899720459906
3.4201 0.49599508643948653
3.4178 0.4949561101312402
3.4156 0.493717123138287
3.4133 0.49236595046578063
3.4111 0.49090261431107396
3.4088 0.48926511654560295
3.4066 0.48751304766957276
3.4043 0.48566510457906276
3.4021 0.48373910506967893
3.3999 0.48163674725330846
3.3977 0.4794619380878115
3.3954 0.47736589065952656
3.3932 0.47542266811641926
3.391 0.47361193908552973
3.3888 0.47193264027173965
3.3866 0.47045859993915784
3.3844 0.46941015065799496
3.3822 0.468811147586482
3.3799 0.4686233737933824
3.3777 0.46895589104536883
3.3755 0.46975167537243
3.3733 0.4708837226028013
3.3712 0.47237695945588837
3.369 0.47428169723746216
3.3668 0.47663472734410295
3.3646 0.4793108368875554
3.3624 0.4821727751691427
3.3602 0.4851772982197481
3.358 0.4882153570158433
3.3559 0.4912173320376561
3.3537 0.4941236808839921
3.3515 0.49678597272217556
3.3494 0.49908961241408906
3.3472 0.5010627100175971
3.3451 0.5026758571380866
3.3429 0.5039227353004091
3.3407 0.5048256297689008
3.3386 0.5053876207309294
3.3364 0.5056405723951088
3.3343 0.5056479546626559
3.3321 0.5055059881875534
3.33 0.5053939768661216
3.3279 0.5053128727806397
3.3257 0.5050251031267965
3.3236 0.5045607583957622
3.3215 0.5040891135307994
3.3194 0.5034734202314677
3.3172 0.5026521895904428
3.3151 0.501749788910139
3.313 0.5008022622296384
3.3109 0.499669996557641
3.3088 0.4982727232327176
3.3066 0.49681474904351236
3.3045 0.49552770493244824
3.3024 0.49416615296821076
3.3003 0.49267919691148626
3.2982 0.4912675504267944
3.2961 0.48989761232740564
3.294 0.4884161197196593
3.292 0.48687048314826203
3.2899 0.48544135562535984
3.2878 0.4841559032927244
3.2857 0.4826311445927544
3.2836 0.4809622314851661
3.2815 0.4795218774878359
3.2795 0.478166019342366
3.2774 0.47686345189129536
3.2753 0.4758206396394207
3.2732 0.4749452543288266
3.2712 0.4740907336041078
3.2691 0.4733239323562169
3.2671 0.472873601798808
3.265 0.47283898724696416
3.263 0.47296903772015697
3.2609 0.4732608343546477
3.2588 0.4737100203666623
3.2568 0.47408280063131486
3.2548 0.474508827178817
3.2527 0.4752167523508206
3.2507 0.47608674015883945
3.2486 0.4769225398198509
3.2466 0.4776982611907092
3.2446 0.47844671947584494
3.2426 0.47906982451775526
3.2405 0.4794720297303647
3.2385 0.4798002409113017
3.2365 0.48029615270098985
3.2345 0.48094647696122966
3.2324 0.4816959931777876
3.2304 0.4824281778678347
3.2284 0.4831152922008501
3.2264 0.48377746106483344
3.2244 0.48462790758016416
3.2224 0.48579328426706114
3.2204 0.48724867402146227
3.2184 0.48888694192860677
3.2164 0.49046782548979606
3.2144 0.49164804467069906
3.2124 0.4924655241771574
3.2104 0.4931702564409658
3.2084 0.4938276926122278
3.2064 0.4942372242086801
3.2045 0.494322895710534
3.2025 0.49413185943140897
3.2005 0.49351733791051505
3.1985 0.4924212419097782
3.1966 0.491209380283657
3.1946 0.4901836620990445
3.1926 0.4891820097898828
3.1907 0.4882968779211068
3.1887 0.48759275583134265
3.1867 0.48683363522575646
3.1848 0.48617036809173203
3.1828 0.48589016449862765
3.1809 0.4860828016619781
3.1789 0.48642285758817005
3.177 0.48686401207050894
3.175 0.4876933455967124
3.1731 0.4889846220026119
3.1711 0.4901849906868856
3.1692 0.4914765602888644
3.1673 0.4930788353175199
3.1653 0.49461906514964515
3.1634 0.49584749871531714
3.1615 0.4970355285974467
3.1596 0.4985149669153317
3.1576 0.49970966036241266
3.1557 0.4998325073676297
3.1538 0.49963093539876835
3.1519 0.49961952207753546
3.15 0.49918378507787775
3.1481 0.49829187865139213
3.1461 0.49721898433674744
3.1442 0.49591977982247076
3.1423 0.4941261404134262
3.1404 0.49224794249969317
3.1385 0.49097397525660363
3.1366 0.4900364828428046
3.1347 0.4885970924742727
3.1328 0.4870099901861148
3.1309 0.485627166113222
3.129 0.484296999899947
3.1272 0.4830289596109535
3.1253 0.4818397852685438
3.1234 0.4804219842743688
3.1215 0.4784720858823437
3.1196 0.47594174202494943
3.1178 0.4734317676647259
3.1159 0.47104639789117003
3.114 0.46848183025017975
3.1121 0.46576999876281905
3.1103 0.4630980709205894
3.1084 0.4603075575986428
3.1065 0.45765748129204065
3.1047 0.4557846840157084
3.1028 0.4544388493924142
3.101 0.45360189714939764
3.0991 0.4531358044068283
3.0973 0.45304186976929156
3.0954 0.45349116025231473
3.0936 0.4545277506544333
3.0917 0.45604945663752844
3.0899 0.4579438800622212
3.088 0.45963584143840497
3.0862 0.46117242870588376
3.0844 0.46299839801582515
3.0825 0.46493645696362457
3.0807 0.46687063527147055
3.0789 0.468969751704162
3.077 0.4708520880848722
3.0752 0.472427791917758
3.0734 0.4738435671746466
3.0716 0.4752595290654554
3.0698 0.47714604860019433
3.068 0.47923971724632747
3.0661 0.48130899393980775
3.0643 0.4832115520102033
3.0625 0.4850958975171838
3.0607 0.48705994020125715
3.0589 0.4893554730575028
3.0571 0.4918213590495591
3.0553 0.4944192576559712
3.0535 0.4969759970221594
3.0517 0.49921027136524215
3.0499 0.5011364343142926
3.0481 0.5029881863084957
3.0463 0.5045263131104503
3.0445 0.5054139107387895
3.0427 0.5056598540653878
3.041 0.5054356185857398
3.0392 0.5049072231563952
3.0374 0.5041526679938517
3.0356 0.5032154733362305
3.0338 0.5022456747708709
3.0321 0.5007705956882744
3.0303 0.49849003805904724
3.0285 0.49653401007195724
3.0268 0.49548272357475187
3.025 0.4945934959349594
3.0232 0.4929162069380724
3.0215 0.4906254120596239
3.0197 0.48767974133840875
3.0179 0.48397712262190534
3.0162 0.4803017238768146
3.0144 0.4771700324617938
3.0127 0.47419332247842155
3.0109 0.47031451731392654
3.0092 0.4656607469905179
3.0074 0.4611991303303944
3.0057 0.45731779902214365
3.004 0.4543474272883957
3.0022 0.4523138262703992
3.0005 0.45089829476248466
2.9987 0.4492262485035556
2.997 0.44765487915322344
2.9953 0.44706957496542954
2.9935 0.44778526216106934
2.9918 0.4492887626683791
2.9901 0.45105801709668764
2.9884 0.45275638730380313
2.9867 0.4539959380905329
2.9849 0.4555316383858261
2.9832 0.45784193380698956
2.9815 0.46020090666069363
2.9798 0.46223961468994584
2.9781 0.46386514685657093
2.9764 0.465003449808214
2.9747 0.46599656749554635
2.9729 0.4668662761546475
2.9712 0.46871683046449697
2.9695 0.47113256843558876
2.9678 0.4731636651740114
2.9661 0.4743727355775493
2.9645 0.4757333913856255
2.9628 0.4769977812402539
2.9611 0.4786191400617652
2.9594 0.4807353900158254
2.9577 0.48302612594934585
2.956 0.48502052770265586
2.9543 0.48597111601284476
2.9526 0.4867125612908367
2.951 0.48817698494281
2.9493 0.48993297999195595
2.9476 0.4918240224027955
2.9459 0.49448380583525425
2.9442 0.4975435311548391
2.9426 0.5010893892468435
2.9409 0.5047593140301225
2.9392 0.5091479808286231
2.9376 0.5145174309065765
2.9359 0.5204874225444527
2.9343 0.5264018417696729
2.9326 0.5326188437318785
2.9309 0.5387125489920137
2.9293 0.54426351582612
2.9276 0.5486655292365128
2.926 0.5516256929921565
2.9243 0.5536976643624536
2.9227 0.5554006236418827
2.921 0.5565905843136488
2.9194 0.5562453202657888
2.9177 0.5542046924269246
2.9161 0.5513132669815969
2.9145 0.5481048048196046
2.9128 0.5445879563525852
2.9112 0.5414867750256834
2.9096 0.5384646604030113
2.9079 0.5350409078136333
2.9063 0.5307962190535767
2.9047 0.5263454132999283
2.903 0.5229585278928675
2.9014 0.5206035023774536
2.8998 0.518442621737877
2.8982 0.5158573287495558
2.8966 0.5131632799440247
2.8949 0.5106355483789099
2.8933 0.5087495595859269
2.8917 0.5080103885580839
2.8901 0.5077986899393117
2.8885 0.507807059006204
2.8869 0.507521065803501
2.8853 0.5068677092100381
2.8837 0.5072463931184441
2.8821 0.5091831902896732
2.8805 0.5117710859280081
2.8789 0.5137686023431649
2.8773 0.5149513554181978
2.8757 0.5161153285143663
2.8741 0.5178499026646007
2.8725 0.5195535312585909
2.8709 0.5218651977619511
2.8693 0.524515619660886
2.8677 0.5260537375255927
2.8661 0.5264581964764047
2.8645 0.526673405731915
2.863 0.5274926772174547
2.8614 0.5289460485777746
2.8598 0.5303003395194448
2.8582 0.5317771652001216
2.8567 0.5332236376023121
2.8551 0.5339091850176556
2.8535 0.5344563047997234
2.8519 0.5359878113353468
2.8504 0.5381517888374497
2.8488 0.5398725619230583
2.8472 0.5412165768999538
2.8457 0.5421741416597664
2.8441 0.5426445704264952
2.8426 0.5423676777600394
2.841 0.5421007541266957
2.8394 0.5421273283902666
2.8379 0.5419980660856314
2.8363 0.5415797707494364
2.8348 0.5411630128975339
2.8332 0.5408615096036979
2.8317 0.5402612829287069
2.8302 0.5397000131995972
2.8286 0.5391071465765693
2.8271 0.5384056210802041
2.8255 0.5373447967572773
2.824 0.5359574232098683
2.8224 0.534362586578657
2.8209 0.5323531587158313
2.8194 0.5300505579018656
2.8178 0.5280916402274038
2.8163 0.5260064439108478
2.8148 0.523714181194223
2.8133 0.5213953289200925
2.8117 0.519233393277114
2.8102 0.5170985214369903
2.8087 0.514746278712072
2.8072 0.5122704308076437
2.8056 0.5095842523380996
2.8041 0.5067125149346181
2.8026 0.5042394365269763
2.8011 0.5027228264791245
2.7996 0.5017122786568513
2.7981 0.5006170733571587
2.7966 0.49940910502603575
2.7951 0.49870260077809875
2.7936 0.49909655217840243
2.7921 0.5004647350639828
2.7906 0.5025068198434193
2.789 0.5047579272646977
2.7875 0.506510735125564
2.786 0.508222114116478
2.7845 0.5107305219349672
2.7831 0.5142209602004869
2.7816 0.5183068556330663
2.7801 0.5220397887924098
2.7786 0.5248837408524208
2.7771 0.5273494763139074
2.7756 0.5295420353102026
2.7741 0.5316665335053017
2.7726 0.5337607145429663
2.7712 0.5356857001754057
2.7697 0.5373053866687205
2.7682 0.5378969534501753
2.7667 0.5371892898351127
2.7652 0.5365895125958451
2.7638 0.5358676270379037
2.7623 0.5346168980975431
2.7608 0.5334117655427371
2.7594 0.5321725585036641
2.7579 0.5301013728164683
2.7564 0.5270434348368994
2.755 0.5240655690735931
2.7535 0.522823722037894
2.752 0.5223681412607168
2.7506 0.5213048564693156
2.7491 0.5208213601114513
2.7477 0.5206676975880038
2.7462 0.5199396675956137
2.7447 0.5195261786650278
2.7433 0.5201639960139983
2.7418 0.5212724514432687
2.7404 0.5215998291949813
2.7389 0.5214018774869882
2.7375 0.5225349283408454
2.7361 0.5240254750485069
2.7346 0.5256507940546076
2.7332 0.5285496209983395
2.7317 0.5317093903747896
2.7303 0.5345154244344685
2.7289 0.5369055265254182
2.7274 0.5393016980087467
2.726 0.5416499326633478
2.7246 0.5436173855568195
2.7231 0.544866605280102
2.7217 0.5458069532212736
2.7203 0.54547032748139
2.7188 0.5440950416817727
2.7174 0.5429587139034069
2.716 0.5419588842200607
2.7146 0.541202711507983
2.7132 0.5402873722581937
2.7117 0.5385109152723897
2.7103 0.5360849479889477
2.7089 0.5335432739859921
2.7075 0.5319338979929443
2.7061 0.5311743318514298
2.7047 0.5295790570242027
2.7033 0.5276721431731319
2.7018 0.5255828572969585
2.7004 0.5233850101336276
2.699 0.521581275184054
2.6976 0.5205824177990741
2.6962 0.5195663041438598
2.6948 0.5177312926698499
2.6934 0.5154381008412378
2.692 0.5137962051836596
2.6906 0.5128736151440847
2.6892 0.5121600327761922
2.6878 0.5111423259586839
2.6864 0.5096689112618434
2.685 0.5081226369012708
2.6837 0.5074346553740022
2.6823 0.5069666638899153
2.6809 0.5060840229117852
2.6795 0.505336244735222
2.6781 0.5040477217991731
2.6767 0.5021606465492012
2.6753 0.5001174772037952
2.674 0.4990537626164984
2.6726 0.49874644264976853
2.6712 0.49787363812346785
2.6698 0.4964751291033026
2.6685 0.49630165969825585
2.6671 0.4969384013060897
2.6657 0.49783201021835455
2.6644 0.49944002440915697
2.663 0.5023554674663585
2.6616 0.505796370171894
2.6603 0.5088373424329402
2.6589 0.5118186165516123
2.6575 0.5154872348071361
2.6562 0.5186127437842588
2.6548 0.5205285546222703
2.6534 0.5221939850679699
2.6521 0.5232563002533603
2.6507 0.5234124676525345
2.6494 0.5226120737739905
2.648 0.5213357359348928
2.6467 0.519897570623327
2.6453 0.518265775738767
2.644 0.5167447989880004
2.6426 0.515755311140776
2.6413 0.5143149309852486
2.6399 0.5130721984079527
2.6386 0.5124044036638224
2.6372 0.511343114352648
2.6359 0.5101576290246234
2.6346 0.509107488403824
2.6332 0.508618056241231
2.6319 0.5081950465043167
2.6306 0.5068529372985927
2.6292 0.5060243479360688
2.6279 0.5056023115107813
2.6266 0.5045157917507933
2.6252 0.5035403438574705
2.6239 0.5033022349200531
2.6226 0.5033563798457115
2.6212 0.5029614134133125
2.6199 0.5019211130243788
2.6186 0.5014459346985238
2.6173 0.5016220301060703
2.616 0.5008448821593554
2.6146 0.5003846613921484
2.6133 0.500617273082849
2.612 0.5002145724369064
2.6107 0.49928295886794033
2.6094 0.4984708693801876
2.6081 0.498852078434285
2.6067 0.5000464320285636
2.6054 0.49978446820591
2.6041 0.4990587441242905
2.6028 0.49860818215133784
2.6015 0.49811212067543603
2.6002 0.49804417055476846
2.5989 0.4984642630407019
2.5976 0.49887504560383783
2.5963 0.49875683245386104
2.595 0.49709916542064075
2.5937 0.4951083716962795
2.5924 0.4949586116134954
2.5911 0.495441323705237
2.5898 0.49595691747938336
2.5885 0.49632892733865286
2.5872 0.49605071212699614
2.5859 0.49576158951585453
2.5847 0.49566200968753427
2.5834 0.49557180468072143
2.5821 0.49672934421438303
2.5808 0.4976065497721185
2.5795 0.4973398908042499
2.5782 0.4966590927702493
2.577 0.49588866635603224
2.5757 0.49545390073791135
2.5744 0.4951448642597326
2.5731 0.49432848379115785
2.5718 0.49369931514107285
2.5706 0.4930096861557714
2.5693 0.49178283937406564
2.568 0.49091552422123896
2.5667 0.49040997598009406
2.5655 0.4900355101469664
2.5642 0.4894579412623136
2.5629 0.4884877815531885
2.5617 0.4877608301836155
2.5604 0.48760585637049403
2.5591 0.48774298671260913
2.5579 0.48836287456413074
2.5566 0.4890433227237728
2.5554 0.48942635664541795
2.5541 0.489714864795786
2.5528 0.49010991823579236
2.5516 0.490710892627734
2.5503 0.4912701033183532
2.5491 0.49173021537483697
2.5478 0.4919945891118436
2.5466 0.49195090346430537
2.5453 0.4918469527732718
2.5441 0.4919108282732828
2.5428 0.49192586049876313
2.5416 0.4918816640877999
2.5403 0.4920011017561099
2.5391 0.4923299501031798
2.5379 0.4927186028580625
2.5366 0.4930185511652314
2.5354 0.4933089541385678
2.5341 0.4937277003653559
2.5329 0.4941186779278235
2.5317 0.49438732439618543
2.5304 0.49479315154495984
2.5292 0.49529644473481815
2.528 0.49559839085700846
2.5267 0.49575877740698276
2.5255 0.4960828963557525
2.5243 0.49659285957936666
2.523 0.4968783943395331
2.5218 0.4968964315814022
2.5206 0.49704233479059157
2.5194 0.4971985605739754
2.5181 0.49712345538732894
2.5169 0.49702111418738837
2.5157 0.49700929040922415
2.5145 0.49685130357118423
2.5133 0.4964391197067027
2.512 0.49600145892810377
2.5108 0.49583875888345286
2.5096 0.4957638727403952
2.5084 0.4955830415052998
2.5072 0.49542452219282496
2.506 0.49532537977501884
2.5048 0.49517960173884845
2.5035 0.4951207966039354
2.5023 0.49527140058290087
2.5011 0.4955683158451642
2.4999 0.49571438229367
2.4987 0.4956334703010273
2.4975 0.4956267257891539
2.4963 0.4957523248031875
2.4951 0.49602805882903095
2.4939 0.4963981051997989
2.4927 0.49674108130486816
2.4915 0.4970714046562239
2.4903 0.49738989705313025
2.4891 0.4977061006067735
2.4879 0.49813708247820665
2.4867 0.4985757373875496
2.4855 0.4989454892432314
2.4844 0.4991670125884365
2.4832 0.4992584971028992
2.482 0.49928237490840505
2.4808 0.4990960306589864
2.4796 0.49869212882560376
2.4784 0.4982129547575311
2.4772 0.49768559552901437
2.476 0.49718130919371956
2.4749 0.496669111643407
2.4737 0.49602612753711883
2.4725 0.49535977078010396
2.4713 0.49461320741736803
2.4701 0.49394854495776297
2.469 0.49355166783242904
2.4678 0.4932382913835109
2.4666 0.4929381701077996
2.4655 0.4926204436163502
2.4643 0.4922022318200708
2.4631 0.4918918666630734
2.4619 0.4917269676553305
2.4608 0.4917324512594537
2.4596 0.4918005051291971
2.4584 0.4917530876548402
2.4573 0.49173977400955377
2.4561 0.4918225541274662
2.4549 0.4918508415925028
2.4538 0.491978934957218
2.4526 0.49211716927919835
2.4515 0.49217220404993617
2.4503 0.49215347973640644
2.4491 0.4919604423615554
2.448 0.49170763374045634
2.4468 0.49148026191287236
2.4457 0.4911719396344939
2.4445 0.49089414636741874
2.4434 0.490680812075158
2.4422 0.49043420853562936
2.4411 0.4902856944809035
2.4399 0.49027469366242865
2.4388 0.49037002243871985
2.4376 0.49060398344227724
2.4365 0.49076114413649974
2.4353 0.49080823125521605
2.4342 0.4908588142045025
2.4331 0.49080107254507044
2.4319 0.4907796458092368
2.4308 0.4906661626346877
2.4296 0.49036728072760644
2.4285 0.4900034646640272
2.4274 0.4895393226234721
2.4262 0.4890990603386129
2.4251 0.4889032432763091
2.424 0.4888045928932814
2.4228 0.48874385918383106
2.4217 0.4885128409932421
2.4206 0.4882610911744083
2.4194 0.4881647162818597
2.4183 0.48828222290797624
2.4172 0.48849903631314695
2.416 0.48866094752559863
2.4149 0.4885924103534328
2.4138 0.48837266211952707
2.4127 0.48816685557763717
2.4116 0.48805027911560817
2.4104 0.48808305257807544
2.4093 0.4878990481080203
2.4082 0.4874726462097606
2.4071 0.4869808939001691
2.4059 0.4864766629247571
2.4048 0.4860792441524772
2.4037 0.48586135582115236
2.4026 0.4856418005612958
2.4015 0.4852929461753393
2.4004 0.4847602918344115
2.3993 0.48433067875553304
2.3982 0.4840042428820373
2.3971 0.4835649980690323
2.396 0.482903930788148
2.3948 0.48211849199826995
2.3937 0.48112619949568386
2.3926 0.47977054130751606
2.3915 0.4783342688728547
2.3904 0.4768716168157523
2.3893 0.4751896250666181
2.3882 0.4730976461474385
2.3871 0.47071919818074204
2.386 0.46838537537599884
2.3849 0.4661682701987733
2.3838 0.4640570560474722
2.3827 0.46221379656429157
2.3816 0.4608458080436882
2.3805 0.4598972042640523
2.3795 0.45943553398874026
2.3784 0.45998331611315657
2.3773 0.4619471753139847
2.3762 0.46518537113092545
2.3751 0.4690600024639893
2.374 0.47329764789967915
2.3729 0.47801597850616473
2.3718 0.48322910170413236
2.3708 0.4886357099216047
2.3697 0.49399020008573674
2.3686 0.49897742114851795
2.3675 0.502809553487063
2.3664 0.5050850746174634
2.3653 0.5064005793324511
2.3643 0.507493544091441
2.3632 0.5082523843721258
2.3621 0.5078565609429636
2.361 0.5064070280616578
2.36 0.5044404080020138
2.3589 0.5020968421010322
2.3578 0.4997733626012653
2.3567 0.49788823055553466
2.3557 0.4962260964325855
2.3546 0.49425485697789334
2.3535 0.4919685436097203
2.3525 0.48978404498344036
2.3514 0.48825322614084454
2.3503 0.48704066807003654
2.3493 0.4856440859500945
2.3482 0.48427369975740187
2.3471 0.4828507814766365
2.3461 0.48102392612087236
2.345 0.4788842985349431
2.344 0.4766329313206827
2.3429 0.4741288059384552
2.3418 0.47121804200811584
2.3408 0.4681508415066239
2.3397 0.46506003516985694
2.3387 0.46186855556597356
2.3376 0.4586110361916355
2.3366 0.45551394336902906
2.3355 0.45318265079157394
2.3345 0.45186819414646007
2.3334 0.45163498943683156
2.3324 0.45249657029852036
2.3313 0.45453599953213486
2.3303 0.45770491614308795
2.3292 0.4617483930306434
2.3282 0.46674152718073075
2.3271 0.4725753164080344
2.3261 0.47889301573240906
2.325 0.48531770301609245
2.324 0.49182171946377773
2.323 0.4977288310638709
2.3219 0.5024448286187473
2.3209 0.5060466375391034
2.3198 0.5086470804588218
2.3188 0.5102971973351949
2.3178 0.5113814163631943
2.3167 0.5118034057716963
2.3157 0.511461571693011
2.3147 0.5102353386633549
2.3136 0.5085037287525612
2.3126 0.506847073018312
2.3116 0.5055067033656592
2.3105 0.5041399709762737
2.3095 0.5028745739707688
2.3085 0.5023359739995938
2.3074 0.5022616161028671
2.3064 0.5022310186757613
2.3054 0.5024770308211721
2.3044 0.5032733973591189
2.3034 0.504292893103139
2.3023 0.505454780620945
2.3013 0.5071423311495846
2.3003 0.5093678541242147
2.2993 0.5111731734111522
2.2982 0.512060137567812
2.2972 0.5125295180021288
2.2962 0.513043941945054
2.2952 0.5132779015308852
2.2942 0.5132715278878569
2.2932 0.5129049428320703
2.2921 0.5123626679705132
2.2911 0.5113274882366321
2.2901 0.5100433510756468
2.2891 0.5090378215006337
2.2881 0.5081101216307129
2.2871 0.5071014134188525
2.2861 0.5060582281883872
2.2851 0.5051376200340789
2.2841 0.5044309228972325
2.2831 0.5036935298266454
2.2821 0.502791744652747
2.2811 0.5020100987757387
2.2801 0.5012090972433445
2.279 0.5006350827853796
2.278 0.5005519939571188
2.2771 0.5005827274841812
2.2761 0.5005127052318045
2.275 0.5005622394289625
2.274 0.5006131202206373
2.2731 0.5007502788633535
2.2721 0.5008722819195538
2.2711 0.5011326557735092
2.2701 0.5015211066963022
2.2691 0.5016131991640096
2.2681 0.5015533483627084
2.2671 0.5017873061356175
2.2661 0.5020835650102835
2.2651 0.502249755182679
2.2641 0.5024913761229634
2.2631 0.5031388966721154
2.2621 0.5039243521219929
2.2612 0.5044199385813933
2.2602 0.5050382713827456
2.2592 0.5056390551854282
2.2582 0.5059826838234296
2.2572 0.5060095730483075
2.2562 0.5060815718949663
2.2553 0.5061662956394268
2.2543 0.5057844728500018
2.2533 0.5050543261122974
2.2523 0.5042211334265421
2.2513 0.5030995184964618
2.2504 0.5019272251388555
2.2494 0.5007701822625595
2.2484 0.499995530356034
2.2474 0.4992917330123914
2.2465 0.49856932668574233
2.2455 0.49780544958430256
2.2445 0.4973795317477057
2.2435 0.4973392356848021
2.2426 0.4975766601917235
2.2416 0.49806198432066645
2.2406 0.4985235044148827
2.2397 0.4989382952720141
2.2387 0.4991511091397846
2.2377 0.4992315244678187
2.2368 0.4993006716960887
2.2358 0.4990617573994109
2.2348 0.4986421991239082
2.2339 0.4981717766556045
2.2329 0.4977258498721288
2.232 0.4972090078193502
2.231 0.49664039126020226
2.23 0.4965525812607995
2.2291 0.49648350841019284
2.2281 0.4964535052977422
2.2272 0.4966774719545352
2.2262 0.4971163090688608
2.2252 0.4972900984295831
2.2243 0.49724441284610144
2.2233 0.49737308080106013
2.2224 0.49765656293060007
2.2214 0.49752253376868383
2.2205 0.49735820755944077
2.2195 0.4973148257106048
2.2186 0.4970775677181521
2.2176 0.49676156208622296
2.2167 0.4970467058565469
2.2157 0.49758486170763977
2.2148 0.4976614093318102
2.2138 0.49719157146197224
2.2129 0.4967509757521743
2.212 0.49646802082826175
2.211 0.49611920326239983
2.2101 0.4961774181991584
2.2091 0.4964656196971538
2.2082 0.496081433798013
2.2073 0.49541103726715974
2.2063 0.4951372457985853
2.2054 0.4955329701066354
2.2044 0.4964432004390413
2.2035 0.4973872425295036
2.2026 0.49790813364384895
2.2016 0.49789815114134495
2.2007 0.49793085214765104
2.1998 0.4983580493082058
2.1988 0.4988495407083549
2.1979 0.4990288783631339
2.197 0.4988467338680166
2.196 0.4980347502471507
2.1951 0.49676055446228223
2.1942 0.4965399916906923
2.1932 0.4972569200033857
2.1923 0.4976304736405555
2.1914 0.4972047170793743
2.1905 0.496627028903741
2.1895 0.4965884456635624
2.1886 0.49676877019716287
2.1877 0.4970386597342284
2.1868 0.4979163177474282
2.1858 0.4986433993925023
2.1849 0.4984045215186107
2.184 0.4976667910620932
2.1831 0.49729272161066507
2.1822 0.4974350190471725
2.1812 0.4978534841787805
2.1803 0.49813235641043396
2.1794 0.49827227248074074
2.1785 0.49834198938259483
2.1776 0.4978535102305349
2.1767 0.4971550915157381
2.1758 0.4966894965806502
2.1749 0.49690191264556927
2.1739 0.4974084995551866
2.173 0.4976574199311125
2.1721 0.49735855306189386
2.1712 0.497065408042039
2.1703 0.49666041125664045
2.1694 0.49662384357803807
2.1685 0.49734738329843015
2.1676 0.49818826802824606
2.1667 0.4983640154745652
2.1658 0.4980031399172039
2.1649 0.49736550347397207
2.1639 0.497070908239804
2.1631 0.49731905100430157
2.1622 0.4979754211999556
2.1612 0.4986358786075277
2.1604 0.4985144116577849
2.1595 0.4979674260007114
2.1585 0.4977177441720093
2.1576 0.49784380368843867
2.1568 0.4985600923632921
2.1559 0.49967064702977265
2.155 0.5001994982267733
2.1541 0.4998803030575937
2.1532 0.4989950616046723
2.1523 0.49855958377129955
2.1514 0.4989531834267096
2.1505 0.4995325971314931
2.1496 0.5000485046158042
2.1487 0.4998501495714081
2.1478 0.4987406129323802
2.1469 0.4975235467796241
2.146 0.49683685799609506
2.1452 0.4966756807822595
2.1443 0.4968860030451491
2.1434 0.4972918771507357
2.1425 0.4975309212350014
2.1416 0.4969639177553811
2.1407 0.496250709842712
2.1398 0.49648401953315136
2.139 0.4974538937361183
2.1381 0.49830955590106596
2.1372 0.49856145851956174
2.1363 0.4983173371560733
2.1354 0.49756878049041087
2.1345 0.4963118381798512
2.1337 0.49538345165058423
2.1328 0.4959190742739527
2.1319 0.49683131042244616
2.1311 0.49698333320490984
2.1302 0.49681406621087926
2.1293 0.4970443516302679
2.1284 0.4976949113955411
2.1275 0.49829466327354227
2.1267 0.4992314831803356
2.1258 0.5004572452154238
2.1249 0.5008064282211429
2.1241 0.5001425254428998
2.1232 0.49976035140371383
2.1223 0.4999135314076513
2.1214 0.4999322293574331
2.1206 0.4996070554772962
2.1197 0.49933364610596387
2.1189 0.4996252161825793
2.118 0.5000721804936338
2.1171 0.5005321181258555
2.1163 0.5012252255036358
2.1154 0.5014452771919253
2.1145 0.501262056304126
2.1137 0.5012742730690845
2.1128 0.501016817279466
2.112 0.5005839698835259
2.1111 0.5002240002157414
2.1102 0.49947172301283865
2.1094 0.4983545419469437
2.1085 0.4973268474821542
2.1077 0.4968576977805952
2.1068 0.4966619310270802
2.1059 0.4962681900383659
2.1051 0.49660223505083056
2.1042 0.497921418244643
2.1034 0.49888494666190497
2.1025 0.49966046604154657
2.1017 0.5005956649354382
2.1008 0.5011116078624588
2.1 0.5014673540367544
2.0991 0.5017363858557086
2.0983 0.5024144934534763
2.0974 0.5031774430813162
2.0966 0.5027316989696482
2.0957 0.5015149110871775
2.0949 0.5007948567654947
2.094 0.5000747235649786
2.0932 0.4992747943901239
2.0924 0.4990608888585611
2.0915 0.49891151348303514
2.0907 0.49847322722651266
2.0898 0.4978307204860701
2.089 0.49726386856020144
2.0881 0.4967662502483919
2.0873 0.49658045388797994
2.0865 0.49706010733404093
2.0856 0.4980310341126007
2.0848 0.4986701501471795
2.0839 0.49927467609542553
2.0831 0.5001534188008135
2.0823 0.5008238665403901
2.0814 0.5015239837062688
2.0806 0.5026811473647051
2.0798 0.5033847180563532
2.0789 0.5029558018827442
2.0781 0.5020936779582134
2.0773 0.5016336358886186
2.0764 0.5010666784169637
2.0756 0.5002827539111464
2.0748 0.4994027288714491
2.0739 0.498702895032581
2.0731 0.4981558625486856
2.0723 0.4977646513900108
2.0715 0.498375187925805
2.0706 0.49976096015406524
2.0698 0.5004821066659731
2.069 0.5010863868831464
2.0681 0.5017744575181726
2.0673 0.501446745271075
2.0665 0.5009905470414159
2.0657 0.501571854259786
2.0648 0.5021710363779736
2.064 0.5019282543348537
2.0632 0.50157220030132
2.0624 0.5014172258321846
2.0616 0.5013594006254589
2.0607 0.5003231340813197
2.0599 0.5003877588344752
2.0591 0.5018586823757147
2.0583 0.5025556120554668
2.0575 0.5023942315380123
2.0567 0.5021040668335246
2.0558 0.5013516041420312
2.055 0.5002202926683039
2.0542 0.49940655291928243
2.0534 0.49986926016019745
2.0526 0.5006823661755665
2.0518 0.5010341526356419
2.051 0.5005140731708622
2.0501 0.5000127144305441
2.0493 0.4995537633958823
2.0485 0.4997420749477046
2.0477 0.5010548361026679
2.0469 0.50203875030695
2.0461 0.5018299019180616
2.0453 0.5008399722199132
2.0445 0.4999164184064424
2.0437 0.4991942604856512
2.0429 0.4990743757639661
2.0421 0.49969768998995645
2.0413 0.5003353793032813
2.0405 0.5002692856858695
2.0397 0.49979696559492753
2.0389 0.4999041889906318
2.0381 0.5008199246696293
2.0373 0.5011900891114691
2.0365 0.5012724653209336
2.0357 0.5012374732153718
2.0349 0.5008818790581157
2.0341 0.5002521177219004
2.0333 0.4995646227986335
2.0325 0.4992381969042652
2.0317 0.49956417924210295
2.0309 0.4998266137260577
2.0301 0.4995885396121411
2.0293 0.4997606011061328
2.0285 0.5003732413437488
2.0277 0.5015262652215253
2.0269 0.5030076697986532
2.0261 0.5038711322713232
2.0253 0.5043339127384648
2.0245 0.50416410474573
2.0237 0.5034261769616915
2.0229 0.5027870384221564
2.0222 0.5028715102356915
2.0214 0.5031265051979226
2.0206 0.5026395043612082
2.0198 0.5011962046696604
2.019 0.5002150473796872
2.0182 0.5000645750074953
2.0174 0.4999576801057306
2.0167 0.5001782566434373
2.0159 0.5009568173027068
2.0151 0.5016454808946682
2.0143 0.5017751747501799
2.0135 0.5016735115328093
2.0128 0.5021011662431973
2.012 0.502497976453697
2.0112 0.5025955863880286
2.0104 0.5029718973872648
2.0096 0.5032652748701121
2.0088 0.5033087858776275
2.0081 0.5029569564089816
2.0073 0.5028261455363128
2.0065 0.4731696197328136
2.0057 0.439753592887435
2.005 0.4020474443075228
2.0042 0.35914996142046335
2.0034 0.3093781349908468
2.0026 0.2516781629803434
2.0019 0.1838886203352363
2.0011 0.1017612764436721
2.0003 0.0
