15.3853 1.0
15.3397 1.0
15.2945 0.899233360936701
15.2495 0.8164690262863527
15.2048 0.7492059015403374
15.1603 0.6935986126173168
15.1161 0.6449971676592616
15.0722 0.6015119531041956
15.0285 0.5644425511809172
14.9851 0.5335396184676792
14.9419 0.5067626996440286
14.8989 0.5081457976309297
14.8563 0.5084079920865957
14.8138 0.5078865732665195
14.7716 0.5075551993693507
14.7296 0.5078756029889775
14.6879 0.5091173142280812
14.6464 0.5102345534829401
14.6052 0.5097049222645175
14.5641 0.5071708876075864
14.5233 0.5049348951550858
14.4828 0.5041236426620479
14.4424 0.50485761714149
14.4023 0.5056225901305477
14.3624 0.5053992360053682
14.3227 0.5052812003992604
14.2833 0.5048203088062035
14.244 0.5040926485179186
14.205 0.5041336610632795
14.1662 0.5050263612450184
14.1276 0.5054548196279597
14.0892 0.5051100348817386
14.051 0.5044239267698069
14.0131 0.5041076817216579
13.9753 0.5035402294730097
13.9377 0.502486776204463
13.9004 0.5018476792960165
13.8632 0.5019725566657671
13.8262 0.5022395987095772
13.7895 0.5026076181767398
13.7529 0.5032636035987269
13.7165 0.5034166534753823
13.6803 0.5031660489658607
13.6443 0.5029481860125469
13.6085 0.5031395400765021
13.5729 0.5041642543182692
13.5374 0.505185940535019
13.5022 0.505460085190446
13.4671 0.50528993035346
13.4322 0.504314177196423
13.3975 0.5039409060891394
13.363 0.5047032391754825
13.3286 0.5055591357583886
13.2944 0.5060789170474365
13.2604 0.5060980400071703
13.2266 0.5054104297367634
13.193 0.5046276273678748
13.1595 0.5042808245049738
13.1262 0.5047260900060409
13.093 0.5054354184876495
13.06 0.5051767925100337
13.0272 0.5046721729446828
12.9946 0.5043003357015599
12.9621 0.5041285112787206
12.9298 0.5042071582707047
12.8976 0.504451475959821
12.8656 0.5048965090281705
12.8337 0.5048637802444479
12.8021 0.5043281952575903
12.7705 0.5041775254196093
12.7391 0.5039161319841693
12.7079 0.5033894349059974
12.6769 0.5030572947211917
12.6459 0.502708711060178
12.6152 0.5025032021604777
12.5845 0.5021585297348057
12.5541 0.501804363381493
12.5238 0.5018468811714313
12.4936 0.5017876021986734
12.4635 0.5019410680647304
12.4337 0.5027698128061763
12.4039 0.5032156533381009
12.3743 0.5032026819683002
12.3448 0.5033834508459665
12.3155 0.5034996777021719
12.2863 0.5036686436625776
12.2573 0.5035797407178368
12.2284 0.5034922644686917
12.1996 0.5035908107971852
12.171 0.5030972726421131
12.1425 0.502495199006532
12.1141 0.5025472950172484
12.0859 0.5026672311426491
12.0578 0.5027445655961426
12.0298 0.5029726501455328
12.0019 0.5031469034535415
11.9742 0.5030880659768331
11.9466 0.5025757771480616
11.9192 0.5019820139386663
11.8918 0.5017748567813588
11.8646 0.5016021203693494
11.8375 0.5014465050033374
11.8106 0.5014908719218443
11.7837 0.5013432340000236
11.757 0.5011070464163964
11.7304 0.5010208892133539
11.7039 0.501205557478144
11.6776 0.5017447063057455
11.6513 0.502215477136049
11.6252 0.5024869130631922
11.5992 0.5023907355654428
11.5733 0.502112757313274
11.5475 0.5019626811526798
11.5219 0.5020117676899043
11.4963 0.5021701770416076
11.4709 0.5024358863913214
11.4455 0.502819853375664
11.4203 0.5030450625911692
11.3952 0.5032834220055007
11.3702 0.503642141168343
11.3454 0.5039927297279567
11.3206 0.5041101707283232
11.2959 0.5039665189829405
11.2714 0.5035747734938364
11.2469 0.5030260440111225
11.2226 0.5027466179228971
11.1983 0.5026225288168024
11.1742 0.5023626881116683
11.1502 0.5020999756536056
11.1263 0.5020234935796722
11.1024 0.5019532462070501
11.0787 0.5020804980557533
11.0551 0.5024665157126698
11.0316 0.5031630381243227
11.0081 0.503748443479661
10.9848 0.503722205376698
10.9616 0.5034399939661635
10.9385 0.5033508172806462
10.9154 0.503312718162623
10.8925 0.503324943970857
10.8697 0.5035666243553121
10.8469 0.5036556908098038
10.8243 0.5033836322201962
10.8017 0.5028515230185341
10.7793 0.502650804336436
10.7569 0.5026683378724588
10.7346 0.5028527471947727
10.7125 0.503022917427338
10.6904 0.502926686030701
10.6684 0.5027423505652001
10.6465 0.5027266122450871
10.6247 0.5028820431639818
10.6029 0.5029293720034825
10.5813 0.5027965887353428
10.5597 0.5026390602453379
10.5383 0.502506557014805
10.5169 0.5023510243694194
10.4956 0.5023477634988254
10.4744 0.5022451921602307
10.4533 0.5019577803086158
10.4323 0.5016369602862528
10.4113 0.5014347643536607
10.3904 0.5014099615395627
10.3697 0.5015652423463789
10.349 0.5016299699402198
10.3284 0.5017242890403808
10.3078 0.5018181153657113
10.2874 0.5019630295779345
10.267 0.5021414012734011
10.2467 0.5019658597028988
10.2265 0.5017693295932252
10.2064 0.501984462756984
10.1863 0.5024638528226256
10.1663 0.5028769457019051
10.1464 0.5030585342985355
10.1266 0.5032549541137301
10.1069 0.5035141596583737
10.0872 0.5037712781530452
10.0676 0.5042526559400979
10.0481 0.5049954351766971
10.0287 0.5052713591981958
10.0093 0.5048316610224302
9.9901 0.5041622278291749
9.9708 0.5035693135372535
9.9517 0.5031491383102442
9.9326 0.5027132560339936
9.9136 0.5024161800309105
9.8947 0.5021580644310647
9.8759 0.5016896927629091
9.8571 0.5013158625490117
9.8384 0.5011986708072604
9.8198 0.5012172018373222
9.8012 0.5015348363124607
9.7827 0.5018419420529795
9.7643 0.5019165168368349
9.7459 0.501940387427427
9.7276 0.501666800197749
9.7094 0.5011752656661197
9.6913 0.5010300039828295
9.6732 0.5008456874731344
9.6552 0.5008479862583118
9.6372 0.5010333719881458
9.6194 0.5010775759064173
9.6015 0.5011529493840533
9.5838 0.5012432702834729
9.5661 0.501520405715405
9.5485 0.5018998290612077
9.5309 0.5022527424611175
9.5135 0.5027803192774172
9.496 0.5032672210997547
9.4787 0.5031768262730697
9.4614 0.5027357204526662
9.4441 0.5022204041979317
9.427 0.5015151421078025
9.4099 0.5008982736189683
9.3928 0.500317767768225
9.3758 0.49988475353145495
9.3589 0.49953484398287457
9.342 0.4988723042819607
9.3252 0.4983342305150893
9.3085 0.4985024912338729
9.2918 0.49910830483270024
9.2752 0.4998059369824456
9.2586 0.50041421072029
9.2421 0.5011001626675586
9.2257 0.5014795312693453
9.2093 0.5015521745924153
9.193 0.5015934043115903
9.1767 0.5016753848867022
9.1605 0.5014920769528891
9.1443 0.5010049166531754
9.1282 0.500746118110242
9.1122 0.5007118567943261
9.0962 0.5008174907081883
9.0803 0.5006458277640287
9.0644 0.500623344637423
9.0486 0.5011149631129262
9.0328 0.5018137808266758
9.0171 0.5024305308354514
9.0015 0.5029997001022544
8.9858 0.5032965014933488
8.9703 0.5031868304169795
8.9548 0.5026905722780467
8.9394 0.5025498957295059
8.924 0.5028084555169678
8.9086 0.5027311460872302
8.8934 0.5022434111941685
8.8781 0.5016322601439982
8.863 0.5010221668069993
8.8478 0.5006626830359241
8.8328 0.5006857155973041
8.8177 0.5009080276235333
8.8028 0.5013425481061837
8.7879 0.5014255294951565
8.773 0.5014408470494781
8.7582 0.5016563420512362
8.7434 0.5017596469996037
8.7287 0.5019564724131682
8.714 0.5025250302465517
8.6994 0.5031956949858004
8.6848 0.503651306293046
8.6703 0.5034975168944238
8.6558 0.5031716381504839
8.6414 0.5030413424795137
8.627 0.5029265233907662
8.6127 0.5029500768739303
8.5984 0.5031697586571846
8.5842 0.5031171147309407
8.57 0.5025236516270647
8.5558 0.5019744758920193
8.5417 0.5018825994922537
8.5277 0.5022988082009259
8.5137 0.5028237753824278
8.4997 0.5033455021892743
8.4858 0.5041616690799366
8.4719 0.504912940520964
8.4581 0.5051920098111466
8.4444 0.5055918714671227
8.4306 0.5062919447094947
8.4169 0.5067806160911393
8.4033 0.5066983248139738
8.3897 0.5063218805286908
8.3761 0.5058913946779714
8.3626 0.5053659090166599
8.3492 0.5044314590703373
8.3357 0.5037717451606974
8.3224 0.5038007910234139
8.309 0.5038148829821003
8.2957 0.5036442975323434
8.2825 0.5036320334946478
8.2693 0.503808872703643
8.2561 0.503973831869219
8.243 0.5040562573958902
8.2299 0.504263288959775
8.2169 0.5044884259516734
8.2038 0.5043280196039673
8.1909 0.5039927607261325
8.178 0.503742228711063
8.1651 0.5035417236075607
8.1523 0.503175932939707
8.1395 0.5029123788540224
8.1267 0.5028321578391495
8.114 0.502945568426437
8.1013 0.5030131858048128
8.0887 0.5028607850900386
8.0761 0.5027582046420177
8.0635 0.5027172245669606
8.051 0.5026219076941422
8.0385 0.5027007680045411
8.0261 0.5030231783059169
8.0137 0.5032653071994416
8.0013 0.5033421995306131
7.989 0.5031984057643015
7.9767 0.5030786759607745
7.9644 0.503221741876738
7.9522 0.5033685570729531
7.94 0.503373848789189
7.9279 0.5034118573784381
7.9158 0.5033001563627616
7.9037 0.5029933827052191
7.8917 0.5026417239510111
7.8797 0.5024440117479275
7.8677 0.5024283347683348
7.8558 0.5023438606705768
7.8439 0.5022392007815618
7.8321 0.5022340605286568
7.8203 0.5021773880222433
7.8085 0.5019625136103548
7.7967 0.5018463936365657
7.785 0.5018399577738984
7.7734 0.5018542615064356
7.7617 0.5018861297959443
7.7501 0.5017790265494433
7.7386 0.5016685951505345
7.727 0.5016176289183416
7.7155 0.501591854442838
7.7041 0.5016026986183699
7.6926 0.5017340204495823
7.6812 0.5018274176554139
7.6699 0.5018105298555331
7.6585 0.5017150210440491
7.6472 0.5016569425395596
7.636 0.5016253565228423
7.6247 0.5015786992798825
7.6136 0.5015692681389122
7.6024 0.5016225854687462
7.5913 0.5014565974242167
7.5802 0.5011278501823828
7.5691 0.5010867948045844
7.5581 0.5012474490519994
7.5471 0.5012734231425048
7.5361 0.5011752549785393
7.5252 0.5011915847136932
7.5142 0.5011870493631013
7.5034 0.5010642436420755
7.4925 0.5009237804014747
7.4817 0.5010011345661628
7.4709 0.5011065969209979
7.4602 0.5009902444468255
7.4495 0.5009844035302002
7.4388 0.5014274982170146
7.4281 0.5018102787335019
7.4175 0.5017827075938371
7.4069 0.5017384416268598
7.3963 0.5018060985738595
7.3858 0.5018493558103628
7.3753 0.5019531509380627
7.3648 0.5021694904755116
7.3544 0.5021451877746256
7.344 0.5017260565701935
7.3336 0.5011354673430884
7.3232 0.5009724258283105
7.3129 0.5011966824681847
7.3026 0.5017131196636959
7.2923 0.5022434857907335
7.2821 0.5023980890580755
7.2718 0.5024751381423255
7.2617 0.5028398104123044
7.2515 0.5032167899493366
7.2414 0.5038692009605086
7.2313 0.5044641339074828
7.2212 0.5044977331375129
7.2112 0.5042069901430003
7.2012 0.5036794586394884
7.1912 0.503203187161909
7.1812 0.5029156211238349
7.1713 0.5024050100185473
7.1614 0.5017221926121053
7.1515 0.5011268956032634
7.1416 0.5009355760767167
7.1318 0.5014015707582788
7.122 0.5016772212485371
7.1123 0.501935448546045
7.1025 0.5022461911575532
7.0928 0.5025607663940013
7.0831 0.5031268496284643
7.0734 0.503773594159911
7.0638 0.5041827273674342
7.0542 0.5044359409431941
7.0446 0.5040817338811162
7.0351 0.5029989039880044
7.0255 0.5023252234993224
7.016 0.501990201895163
7.0065 0.5016521620845119
6.9971 0.5013206075708742
6.9877 0.5011301110041765
6.9782 0.5009812569745462
6.9689 0.5006318423028436
6.9595 0.5004621834968628
6.9502 0.5018757516849088
6.9409 0.5036057543671267
6.9316 0.5043609279893273
6.9223 0.5046053295383526
6.9131 0.5049660383173498
6.9039 0.5052492807042334
6.8947 0.5051442627597653
6.8856 0.5051846555549624
6.8764 0.5058429422631452
6.8673 0.5058059234233626
6.8582 0.5038153050733432
6.8492 0.5021942306299033
6.8402 0.5016616824132558
6.8311 0.5012906959160904
6.8221 0.5006281644472317
6.8132 0.500290807797455
6.8042 0.5003117319016537
6.7953 0.4999311239969932
6.7864 0.49894769449700455
6.7776 0.4989034804513143
6.7687 0.49999480474294317
6.7599 0.5011882667652224
6.7511 0.5018782963295114
6.7423 0.5025101223186121
6.7336 0.5030986815905995
6.7248 0.5036757472072375
6.7161 0.5048980027341927
6.7074 0.5060119170546711
6.6988 0.5068345507303502
6.6901 0.5070527722248053
6.6815 0.5061087920095834
6.6729 0.5049648423000411
6.6643 0.5046441236235164
6.6558 0.5052802190787049
6.6472 0.506011749089753
6.6387 0.5046721055138677
6.6302 0.5026824298384636
6.6217 0.5018331711709683
6.6133 0.5014993922240445
6.6049 0.5017023721361563
6.5965 0.5025428086535045
6.5881 0.502491371698248
6.5797 0.5018529131400168
6.5714 0.5014484311173797
6.5631 0.5016922262144238
6.5548 0.5030486132694663
6.5465 0.5040283463955126
6.5382 0.5041591701919717
6.53 0.5041530041865158
6.5218 0.5037730307989713
6.5136 0.5038780204154861
6.5054 0.504457129930041
6.4973 0.5041919592113705
6.4892 0.5043215322079668
6.481 0.5044549594541976
6.4729 0.5040141322692071
6.4649 0.5036496678897864
6.4568 0.5035391481204441
6.4488 0.5038162046454653
6.4408 0.504347047929177
6.4328 0.503516898411585
6.4248 0.5023814216311974
6.4169 0.5018095076109523
6.4089 0.49985751767948194
6.401 0.49804846741100606
6.3931 0.49771774088064724
6.3853 0.497484892797099
6.3774 0.4968639244478
6.3696 0.49572645490456096
6.3618 0.49504525860374093
6.354 0.4950912405937352
6.3462 0.4946861322842736
6.3384 0.495082528322702
6.3307 0.4963668205988531
6.323 0.497010913483213
6.3153 0.4973921743973629
6.3076 0.49777373787059737
6.2999 0.4985034216411862
6.2923 0.4995319969435145
6.2847 0.5000242531380865
6.277 0.500278672474708
6.2694 0.5012324906717373
6.2619 0.5021997525491702
6.2543 0.5033072763483086
6.2468 0.5039844002685979
6.2393 0.5040065189667335
6.2318 0.5042900150031308
6.2243 0.5046120597886513
6.2168 0.5046733966127894
6.2094 0.5049325762354471
6.202 0.5052987460078758
6.1945 0.5052789877094884
6.1871 0.5046595124863377
6.1798 0.5043497374963377
6.1724 0.504393312192304
6.1651 0.5040041723166788
6.1578 0.5031117257455269
6.1505 0.5024448312831775
6.1432 0.5027689497443588
6.1359 0.5035494089656954
6.1286 0.5040350968037627
6.1214 0.5047523986156338
6.1142 0.5062923893020325
6.107 0.5062481218447333
6.0998 0.5056444477899489
6.0926 0.5060087306529232
6.0855 0.5065873302177908
6.0784 0.5064363165807981
6.0712 0.5049691966015311
6.0641 0.5032516759601529
6.0571 0.5020091381360705
6.05 0.49962563605062127
6.0429 0.4972675436289604
6.0359 0.4967730186579183
6.0289 0.4970739992149588
6.0219 0.4968896435389728
6.0149 0.4964554231104895
6.0079 0.497101462622384
6.001 0.4996292103816768
5.994 0.501010968590559
5.9871 0.5011749066969952
5.9802 0.5028174700508143
5.9733 0.5035875866834615
5.9664 0.5030097671614647
5.9596 0.5036053329345768
5.9527 0.5046779049514133
5.9459 0.5059610904764691
5.9391 0.5056939080032536
5.9323 0.5032593514842064
5.9255 0.5024729663472732
5.9188 0.5029598302998447
5.912 0.5031250879773062
5.9053 0.503255317179074
5.8986 0.5024958152063996
5.8919 0.5008020798760925
5.8852 0.49948627824263747
5.8785 0.4979736054889279
5.8718 0.497695565270736
5.8652 0.49811099227187566
5.8586 0.4976980012521501
5.852 0.4972531905825208
5.8454 0.49710817833056625
5.8388 0.49726477258713964
5.8322 0.49827534768963727
5.8257 0.4989677239448016
5.8191 0.49879490533896054
5.8126 0.49911398752987585
5.8061 0.49963836888632945
5.7996 0.5002222916127075
5.7931 0.5008321673488673
5.7866 0.5014161869442025
5.7802 0.5019179187178394
5.7738 0.5021105665219003
5.7673 0.5014773949703555
5.7609 0.5008253570320903
5.7545 0.5012667859557896
5.7481 0.501392678260935
5.7418 0.50097234949134
5.7354 0.5009870945238927
5.7291 0.5008814456888488
5.7228 0.500231326512215
5.7165 0.4995342573218256
5.7102 0.4991921517036028
5.7039 0.5001923938426472
5.6976 0.5015584673337062
5.6914 0.5018588721399501
5.6851 0.5019625849440686
5.6789 0.5017744030175136
5.6727 0.5013567468412673
5.6665 0.5013663924810661
5.6603 0.501612782256913
5.6541 0.5016447495827023
5.648 0.5013346519835783
5.6418 0.5001707142169087
5.6357 0.49935615024033236
5.6296 0.4995047683203079
5.6235 0.49970462664621723
5.6174 0.5000304808169178
5.6113 0.500249424088564
5.6052 0.5001244889436262
5.5992 0.5001457519684495
5.5931 0.5004556490911489
5.5871 0.5009647519464083
5.5811 0.501328539918623
5.5751 0.5008934404180917
5.5691 0.500328532012346
5.5631 0.49992553586866606
5.5572 0.49959786033458975
5.5512 0.4993138179298269
5.5453 0.49921999206807716
5.5393 0.4993082536680129
5.5334 0.4995285092940195
5.5275 0.49989542548275023
5.5217 0.5006252753682959
5.5158 0.5013428116076095
5.5099 0.5017116209973355
5.5041 0.502081666054594
5.4982 0.5025858387597311
5.4924 0.5030760231933369
5.4866 0.5033151261973939
5.4808 0.5033459285133706
5.475 0.5033958827351434
5.4692 0.5032658060311386
5.4635 0.5029405261760918
5.4577 0.5026793620340698
5.452 0.5024531200802016
5.4463 0.5022195739217822
5.4405 0.5018457082059022
5.4348 0.5016140348665155
5.4291 0.5013744705774562
5.4235 0.5008934166068343
5.4178 0.500256620345491
5.4121 0.4999951462818814
5.4065 0.5002084415962379
5.4009 0.5005095860307438
5.3952 0.5007408322015063
5.3896 0.5010213365904582
5.384 0.5013043029588148
5.3785 0.5013785433944153
5.3729 0.5015784240292092
5.3673 0.502130004400965
5.3618 0.5024875076335349
5.3562 0.5022893670054317
5.3507 0.5017844113531703
5.3452 0.5013887421494395
5.3397 0.5012401277674234
5.3342 0.5010857549933928
5.3287 0.5010280561690261
5.3232 0.5009495448240516
5.3178 0.500804942591671
5.3123 0.5006610180534634
5.3069 0.5006665227593264
5.3015 0.5009820690027369
5.2961 0.5013987779603142
5.2907 0.5015782605628836
5.2852 0.5016540593751619
5.2799 0.5016124201265032
5.2745 0.5015260091620053
5.2691 0.5016030402299876
5.2638 0.5018962282624814
5.2584 0.5023080358974478
5.2531 0.5025701066476329
5.2478 0.5026384768907238
5.2425 0.5024188265202065
5.2372 0.5019817396205534
5.2319 0.5016672980044921
5.2267 0.5017015484309313
5.2214 0.5018185621576142
5.2161 0.5016893614539939
5.2109 0.5012406336332504
5.2057 0.500688446967268
5.2004 0.5002884711745402
5.1952 0.5002621202106078
5.19 0.5005468025617802
5.1848 0.5009754976292157
5.1796 0.5011401564615562
5.1745 0.5009613057796528
5.1693 0.5007283096797815
5.1642 0.5007807721221537
5.159 0.5011011963548471
5.1539 0.5014175890360856
5.1488 0.5015310871599873
5.1437 0.5013221509166725
5.1386 0.5009893141818373
5.1335 0.5006811770126485
5.1284 0.5006048779890715
5.1234 0.5007689631043014
5.1183 0.500923788588242
5.1132 0.5009601862142274
5.1082 0.5007904182470788
5.1032 0.5006527053185563
5.0982 0.5007872334476351
5.0932 0.5010650828640565
5.0882 0.5013522503594952
5.0832 0.5016205794673102
5.0782 0.5017854124569254
5.0732 0.5017651309346963
5.0683 0.501687866828372
5.0633 0.5016594711484128
5.0584 0.5016716028642443
5.0534 0.5017077418389535
5.0485 0.5015792966292232
5.0436 0.5014147675847318
5.0387 0.501331242691935
5.0338 0.5011531223198619
5.0289 0.5010242392780432
5.0241 0.5010208634474389
5.0192 0.5010382796930847
5.0144 0.5010578560967921
5.0095 0.5011070119996625
5.0047 0.5011305434009343
4.9998 0.5012493940445174
4.995 0.5013305856688983
4.9902 0.5013550196794494
4.9854 0.5013653097495454
4.9806 0.5013059637756446
4.9759 0.5012789149257959
4.9711 0.5013565109514547
4.9663 0.5013794955868932
4.9616 0.501390122659651
4.9568 0.5013391448110017
4.9521 0.5011400374596254
4.9474 0.5009856952185835
4.9426 0.5009699043252855
4.9379 0.5010633762226325
4.9332 0.5011424801906359
4.9286 0.5011420664732158
4.9239 0.5010769947626043
4.9192 0.5010700283984914
4.9145 0.5010690305394538
4.9099 0.5011685699181664
4.9052 0.501346508942015
4.9006 0.5014958111559895
4.896 0.5015233411808863
4.8914 0.501501505984007
4.8867 0.5014946527188954
4.8821 0.5015042345974703
4.8776 0.5014049853935686
4.873 0.5012327958219338
4.8684 0.5010841806482632
4.8638 0.5008944455021194
4.8593 0.5008315559161514
4.8547 0.5008332335634362
4.8502 0.5008924369498124
4.8456 0.5009279069755926
4.8411 0.5008957094293369
4.8366 0.500982024330265
4.8321 0.5012298998135871
4.8276 0.5015248271104972
4.8231 0.5018616886667959
4.8186 0.5020853159852677
4.8141 0.502114068201046
4.8097 0.502028236842462
4.8052 0.5019148944030994
4.8008 0.5019495221455378
4.7963 0.5020219666993636
4.7919 0.5018697572905535
4.7875 0.501608787825315
4.7831 0.5013920440659624
4.7786 0.5011357913677892
4.7743 0.5010230229199311
4.7699 0.5010466435734516
4.7655 0.5011452811063271
4.7611 0.5011296778074188
4.7567 0.5009794735143265
4.7524 0.5009328212192125
4.748 0.501035077743286
4.7437 0.5010424097462378
4.7393 0.500911215753006
4.735 0.5006484072511078
4.7307 0.5003503028254827
4.7264 0.5001939495086001
4.7221 0.50016695175888
4.7178 0.5003169687002867
4.7135 0.5004854377223296
4.7092 0.5004543873624216
4.7049 0.5004764931662837
4.7007 0.5006906683038064
4.6964 0.5010216795779039
4.6922 0.50143667629159
4.6879 0.5016129865144389
4.6837 0.5014706699160912
4.6795 0.5011786727586887
4.6752 0.5009273569195533
4.671 0.5008283951668836
4.6668 0.5008936780910218
4.6626 0.5008641409928068
4.6584 0.5007908859623086
4.6543 0.5007078527850665
4.6501 0.5007344436873971
4.6459 0.5010093280765727
4.6418 0.5014356259510795
4.6376 0.501884253451882
4.6334 0.5021454771705305
4.6293 0.5021469828057521
4.6252 0.50209224243028
4.6211 0.5020623041064839
4.617 0.5019674116718036
4.6128 0.5018765766914302
4.6087 0.5017525591126801
4.6047 0.5015018830496123
4.6006 0.5011391096896971
4.5965 0.5007862964306237
4.5924 0.5006181635884438
4.5884 0.5006760756771763
4.5843 0.5007161548029259
4.5802 0.5007689427853703
4.5762 0.5008149607821893
4.5722 0.5008156975120326
4.5681 0.5008473772827043
4.5641 0.500994591876684
4.5601 0.5012267806785701
4.5561 0.501409367908803
4.5521 0.5013769052902983
4.5481 0.501232211769803
4.5441 0.5011420504782718
4.5401 0.5011479219034893
4.5362 0.5012509509523878
4.5322 0.5012664706353639
4.5282 0.5012084214461522
4.5243 0.5011240378314992
4.5203 0.5009985787115195
4.5164 0.5010423136141167
4.5125 0.5012851870626728
4.5085 0.5014970812694791
4.5046 0.501518066444179
4.5007 0.5013939544341469
4.4968 0.5012678728656641
4.4929 0.5012102377234823
4.489 0.5012794846955364
4.4851 0.5014040494139831
4.4813 0.5014249860946541
4.4774 0.5012127960673675
4.4735 0.5009358812725706
4.4697 0.5007896701605746
4.4658 0.5008087567724486
4.462 0.5008394518916179
4.4581 0.500852931075063
4.4543 0.5009378804659737
4.4505 0.500885814581164
4.4467 0.5006781036199136
4.4429 0.5006289451043083
4.4391 0.500750474014719
4.4353 0.5008302755852614
4.4315 0.5008581293867106
4.4277 0.500915287078699
4.4239 0.5009887587893935
4.4201 0.5009288991800747
4.4164 0.500744383939633
4.4126 0.5007031223258158
4.4089 0.5008705496555436
4.4051 0.5010288514715819
4.4014 0.501106685938795
4.3976 0.5011447254861814
4.3939 0.5010815217480916
4.3902 0.5009120658326434
4.3865 0.5007790587501397
4.3828 0.5009388478290027
4.3791 0.5011464738576669
4.3754 0.5011275622405419
4.3717 0.5009767700342469
4.368 0.5007723013923514
4.3643 0.5005051589653029
4.3607 0.500382174282748
4.357 0.5004400777956095
4.3533 0.5004875182643223
4.3497 0.5002308148244903
4.346 0.49977972248557617
4.3424 0.49940906776062177
4.3388 0.4990497642338452
4.3351 0.4987216722018923
4.3315 0.49848735556334267
4.3279 0.49822262057171524
4.3243 0.4976888002488168
4.3207 0.4970204194732015
4.3171 0.4965977316006109
4.3135 0.49655370694025164
4.3099 0.4965501522023002
4.3063 0.49649963926630675
4.3028 0.49660161454733814
4.2992 0.4969172390686797
4.2956 0.49740249694383487
4.2921 0.49826857633279775
4.2885 0.49947804838949117
4.285 0.5005028665766884
4.2815 0.5011288802812673
4.2779 0.5014962281568136
4.2744 0.5017069296856128
4.2709 0.5017873051052851
4.2674 0.5016723745243122
4.2638 0.5012313159123171
4.2603 0.5004738455599468
4.2568 0.4994093255777874
4.2534 0.4984926673941611
4.2499 0.4980957688747946
4.2464 0.4982811077216047
4.2429 0.49888701751290093
4.2394 0.4998388663770129
4.236 0.5010837403023032
4.2325 0.5024739032299408
4.2291 0.5039217419487906
4.2256 0.5054438368918761
4.2222 0.5068899726895413
4.2187 0.507935981904128
4.2153 0.5084723005955538
4.2119 0.5084812211908672
4.2085 0.5079780564849954
4.2051 0.5070232548472217
4.2016 0.5059066139624522
4.1982 0.5048818867605073
4.1948 0.5039060732390183
4.1915 0.5029728088198075
4.1881 0.5020842540695771
4.1847 0.5012309395922194
4.1813 0.5006555847336353
4.178 0.500464347675545
4.1746 0.5006179054133297
4.1712 0.5008951880538602
4.1679 0.5009535350005059
4.1645 0.5008941191833972
4.1612 0.5009018972940322
4.1578 0.5009267328479752
4.1545 0.501008714781129
4.1512 0.5011791986961288
4.1479 0.5011711075659658
4.1445 0.5009310418370784
4.1412 0.5007755635563098
4.1379 0.5009533817510021
4.1346 0.5012545970032061
4.1313 0.5013429708322986
4.128 0.5013149377060705
4.1248 0.5013174826748741
4.1215 0.5013581097672785
4.1182 0.5014352350607258
4.115 0.5016237611098994
4.1117 0.501678245115367
4.1084 0.5014900064330292
4.1052 0.5011826261713085
4.1019 0.5009588145068841
4.0987 0.5009415487879482
4.0954 0.5010556981853287
4.0922 0.5010938732399977
4.089 0.5009934376903729
4.0858 0.5007484454401474
4.0826 0.5005707588637032
4.0793 0.5005042278969114
4.0761 0.500478082449383
4.0729 0.5005581797884371
4.0697 0.5007368353150357
4.0665 0.500758516536478
4.0633 0.5005789610481
4.0602 0.5003763023055665
4.057 0.5003531403619461
4.0538 0.5004409651394702
4.0507 0.5003969431969518
4.0475 0.500300801516857
4.0443 0.500200964995304
4.0412 0.49991939545226877
4.038 0.4997402883854107
4.0349 0.49979552579130837
4.0317 0.5000391089862021
4.0286 0.5003049610395556
4.0255 0.5004067636524158
4.0224 0.5004268336060326
4.0193 0.5004595889143121
4.0161 0.5005641891822986
4.013 0.5007603861265681
4.0099 0.5007705816264408
4.0068 0.5005685405448556
4.0037 0.5004249781502964
4.0006 0.5002501527200482
3.9976 0.5000647747311507
3.9945 0.5000719928061528
3.9914 0.5003198737516666
3.9883 0.5004842757922936
3.9853 0.5004134659621158
3.9822 0.5003759384044427
3.9792 0.5006317422202324
3.9761 0.5008018516202468
3.9731 0.5006931041565438
3.97 0.5005539080207284
3.967 0.5004722798321919
3.9639 0.5002147232739665
3.9609 0.49992470587809684
3.9579 0.5000187506381994
3.9549 0.5003257896927593
3.9519 0.5003616107767462
3.9489 0.5003222651357417
3.9458 0.5004955870868547
3.9428 0.5008377966961718
3.9398 0.5011539737073905
3.9369 0.501375992830276
3.9339 0.5015592829643151
3.9309 0.501519006462682
3.9279 0.5012336537219971
3.9249 0.5010738438836393
3.922 0.5010523836692751
3.919 0.5010132806841513
3.916 0.5009663497081608
3.9131 0.5009069046784865
3.9101 0.5009486485995002
3.9072 0.5010680403260086
3.9042 0.5011632263942404
3.9013 0.5012643997974091
3.8984 0.5013634496846265
3.8954 0.5013678133767353
3.8925 0.5013496192921838
3.8896 0.5012490065866081
3.8867 0.5010227748011408
3.8838 0.5007265402103662
3.8809 0.5004722513438288
3.878 0.5003534005182014
3.8751 0.5003498704696804
3.8722 0.5003048571976471
3.8693 0.5002115177859306
3.8664 0.5002141426174193
3.8635 0.5004253565179801
3.8606 0.5006755054126364
3.8578 0.500903691018233
3.8549 0.5011198813077571
3.852 0.5010905192335546
3.8492 0.5009667218792351
3.8463 0.5010109729976904
3.8435 0.5012381719706565
3.8406 0.5014606408734446
3.8378 0.5013369972507257
3.8349 0.5010200221793321
3.8321 0.5008124700692346
3.8293 0.5006420555745151
3.8264 0.5005500672403262
3.8236 0.5005960819621594
3.8208 0.5005907724742059
3.818 0.5004703702320552
3.8152 0.5002758978564825
3.8124 0.5001982368684169
3.8096 0.5004007298588024
3.8068 0.5005528535543978
3.804 0.5006309504552451
3.8012 0.5007703562051665
3.7984 0.5009027698767393
3.7956 0.500929758754988
3.7929 0.5009393757862312
3.7901 0.5009243750382385
3.7873 0.500854746697761
3.7845 0.5007239035752461
3.7818 0.5006994862314047
3.779 0.5007934057347885
3.7763 0.5008853230168057
3.7735 0.500949661422655
3.7708 0.5009676740095289
3.7681 0.5009181547651922
3.7653 0.5008517379496918
3.7626 0.5008983726809892
3.7599 0.5010243209430023
3.7571 0.5010778636133821
3.7544 0.5009050824574269
3.7517 0.5007482651546312
3.749 0.500557963951051
3.7463 0.500387846448967
3.7436 0.5003802326614016
3.7409 0.5005512373157595
3.7382 0.5007356278403592
3.7355 0.5007897965679509
3.7328 0.5007697251277136
3.7301 0.500808763236707
3.7274 0.5008755789258348
3.7247 0.5009172104574089
3.7221 0.5009871392620623
3.7194 0.5009584313259821
3.7167 0.5006743124662596
3.7141 0.5002636793272328
3.7114 0.4999478803120848
3.7088 0.4997099492466157
3.7061 0.49957786295760637
3.7035 0.499461298454286
3.7008 0.4994497800659033
3.6982 0.49944420294218606
3.6955 0.4994532553661058
3.6929 0.4996543017686396
3.6903 0.5000467704869005
3.6877 0.5004022400697875
3.685 0.5006396378665616
3.6824 0.5008317563315295
3.6798 0.5009328038586056
3.6772 0.500938924545348
3.6746 0.500884529617628
3.672 0.5007490142208352
3.6694 0.5005681418728909
3.6668 0.50033647996275
3.6642 0.5001430019164232
3.6616 0.5000475057089135
3.659 0.49991881798993343
3.6564 0.4998055159750034
3.6539 0.4997781511690874
3.6513 0.49982728456463543
3.6487 0.49994374601534275
3.6462 0.500069087553011
3.6436 0.5001147458762789
3.641 0.5000244715731403
3.6385 0.4998616087841657
3.6359 0.49986985893410735
3.6334 0.4999835409731016
3.6308 0.500029736347231
3.6283 0.500036750807366
3.6258 0.5000680038117233
3.6232 0.5000094313757745
3.6207 0.499951421379725
3.6182 0.5000182053076149
3.6156 0.5002275915548726
3.6131 0.5003832688555333
3.6106 0.5003366255878883
3.6081 0.5002484160052293
3.6056 0.5000826067849022
3.6031 0.4998411099479657
3.6006 0.4997372055302929
3.5981 0.49983215608562537
3.5956 0.4999912263308341
3.5931 0.5000073475498553
3.5906 0.4998378005268906
3.5881 0.49972560674687166
3.5856 0.4996869716137875
3.5832 0.4997411593865916
3.5807 0.499965117595387
3.5782 0.5000684843405726
3.5758 0.4999132555986373
3.5733 0.4996539739190117
3.5708 0.4993872758945113
3.5684 0.4992966183871971
3.5659 0.499349268135361
3.5635 0.49935769563255006
3.561 0.4993057510889608
3.5586 0.49919985052152605
3.5561 0.4991227223804807
3.5537 0.49920039743819433
3.5513 0.49931729354398113
3.5488 0.49949773485680493
3.5464 0.4996763415105324
3.544 0.49970653176444285
3.5415 0.49963269424112566
3.5391 0.49964782351851933
3.5367 0.4996166065638806
3.5343 0.4995803273688917
3.5319 0.4995174665218295
3.5295 0.4994286565758719
3.5271 0.49931189048825336
3.5247 0.4990111165810032
3.5223 0.4986318813805613
3.5199 0.4984551423614808
3.5175 0.49836819367903246
3.5151 0.49814952951497654
3.5128 0.49805517823180556
3.5104 0.497987633511925
3.508 0.49787013541720665
3.5056 0.49780937446320417
3.5033 0.4979880370971944
3.5009 0.4982267316214223
3.4985 0.4984471035917141
3.4962 0.49851753842488844
3.4938 0.49866798171326315
3.4915 0.4988463122372332
3.4891 0.4989060985949612
3.4868 0.4990514286707104
3.4844 0.49924028294140516
3.4821 0.49921012256088404
3.4798 0.49910596615094394
3.4774 0.4991067244055741
3.4751 0.499236229088885
3.4728 0.49935692904214674
3.4704 0.49930840619103706
3.4681 0.4993683418000987
3.4658 0.49939813004769834
3.4635 0.49923077490459844
3.4612 0.49913139507719756
3.4589 0.49927392399741016
3.4566 0.49927916957829355
3.4543 0.499140522885327
3.452 0.4990482458644083
3.4497 0.49898601059600456
3.4474 0.49887739786628305
3.4451 0.4987046876008636
3.4428 0.4986397992344119
3.4405 0.49863668595381366
3.4382 0.49854532469107515
3.4359 0.4984475336004504
3.4337 0.49838433894577167
3.4314 0.4982693130287663
3.4291 0.4980425004925554
3.4269 0.4978646975572176
3.4246 0.4978019878753542
3.4223 0.49784679314250835
3.4201 0.49799147092069884
3.4178 0.4981906741842334
3.4156 0.49832091335804446
3.4133 0.4983688822343825
3.4111 0.4984466864605174
3.4088 0.4986104481978167
3.4066 0.4987288442885245
3.4043 0.4988149328666104
3.4021 0.49882263929528203
3.3999 0.498643009892925
3.3977 0.4982977157132919
3.3954 0.4979188318229886
3.3932 0.4977164206542457
3.391 0.49750754598261915
3.3888 0.4973777844999449
3.3866 0.4974211822508324
3.3844 0.4973781177034326
3.3822 0.49728155699357557
3.3799 0.4972501537355273
3.3777 0.497268694929069
3.3755 0.4972640898626157
3.3733 0.49730945414510935
3.3712 0.4973559762803949
3.369 0.4973210875785534
3.3668 0.4970873746097124
3.3646 0.49689914553668313
3.3624 0.4969095295531218
3.3602 0.4969185568374087
3.358 0.4969349457398802
3.3559 0.497010706939879
3.3537 0.4971144378840511
3.3515 0.49716124852078153
3.3494 0.4972051954479362
3.3472 0.49737165211569195
3.3451 0.49746435794632937
3.3429 0.49731336968126594
3.3407 0.49721837443672084
3.3386 0.49714185413802175
3.3364 0.4970856387541741
3.3343 0.49703022225599897
3.3321 0.4969668742457701
3.33 0.4969447620982601
3.3279 0.49686663205543197
3.3257 0.49689036859670266
3.3236 0.4970950318856939
3.3215 0.4971683367490532
3.3194 0.4971920682961605
3.3172 0.49740507250062993
3.3151 0.4975552681815383
3.313 0.49764061928054054
3.3109 0.4976208424694043
3.3088 0.49752241477534814
3.3066 0.49734127910022036
3.3045 0.49706359412075274
3.3024 0.49689432102029185
3.3003 0.496847992521778
3.2982 0.49656418499739585
3.2961 0.49608827162224967
3.294 0.49576582101499805
3.292 0.49562090326964714
3.2899 0.49559545632747487
3.2878 0.49559763982872196
3.2857 0.49570106841981254
3.2836 0.49571134174186027
3.2815 0.4956361182837417
3.2795 0.49564602551259257
3.2774 0.49586506953919574
3.2753 0.496048058337769
3.2732 0.49604343245410154
3.2712 0.4957518640752964
3.2691 0.49563532952215056
3.2671 0.4956547358546479
3.265 0.49566896371489094
3.263 0.4956614288241339
3.2609 0.4955328520555043
3.2588 0.4952290469975987
3.2568 0.49497758300327366
3.2548 0.4950023053697763
3.2527 0.49520126671760084
3.2507 0.4953146939817734
3.2486 0.4951820185903959
3.2466 0.49500524619107533
3.2446 0.4948279280370809
3.2426 0.4948055211179452
3.2405 0.49494783782935026
3.2385 0.49512605617646177
3.2365 0.49500368638461617
3.2345 0.4947609318565655
3.2324 0.4945992792957168
3.2304 0.4945434532613819
3.2284 0.4945639553240594
3.2264 0.4945557649682966
3.2244 0.4943721528552087
3.2224 0.4941547429986503
3.2204 0.49397962334053724
3.2184 0.49389224097209306
3.2164 0.4939410154726421
3.2144 0.49391467553649354
3.2124 0.49362135460110607
3.2104 0.493288433424809
3.2084 0.49299796369418913
3.2064 0.49294091911964794
3.2045 0.4930778445124118
3.2025 0.49304911224303016
3.2005 0.4930617572664135
3.1985 0.4932532299659704
3.1966 0.4933046187935657
3.1946 0.49346510182295555
3.1926 0.4937720175821369
3.1907 0.4940404523795352
3.1887 0.49429227442816315
3.1867 0.49433904327536426
3.1848 0.4943104665250672
3.1828 0.49421157436921664
3.1809 0.49397755280749517
3.1789 0.49367620556608866
3.177 0.4934968717340262
3.175 0.493264699765846
3.1731 0.49306830893289577
3.1711 0.4930212048007976
3.1692 0.49286809226069467
3.1673 0.4925905854549172
3.1653 0.492461129056091
3.1634 0.492561504086976
3.1615 0.4926699554579563
3.1596 0.49266000470878657
3.1576 0.49279211233065884
3.1557 0.4928743801615839
3.1538 0.4927024521143651
3.1519 0.49249577162041885
3.15 0.4925419952068513
3.1481 0.4926022719758709
3.1461 0.4923042184927117
3.1442 0.4920726555175769
3.1423 0.49207084395299455
3.1404 0.4919789123040195
3.1385 0.49193549548770915
3.1366 0.49216451275098255
3.1347 0.4923704605637494
3.1328 0.4923584237806898
3.1309 0.49240190334274275
3.129 0.4926296756180375
3.1272 0.49298582796496054
3.1253 0.49323253946937606
3.1234 0.49321539144582055
3.1215 0.4933562027464007
3.1196 0.49331099113770127
3.1178 0.49318264459099587
3.1159 0.49343404311605304
3.114 0.493524923067357
3.1121 0.4931239053325104
3.1103 0.49272662587677796
3.1084 0.4926293544966007
3.1065 0.4925569453830967
3.1047 0.492336636573537
3.1028 0.4919663327874472
3.101 0.49160556106350356
3.0991 0.4912528806913782
3.0973 0.4910686576776604
3.0954 0.49149617276181795
3.0936 0.4921313473499309
3.0917 0.4923700350806905
3.0899 0.49258911557435914
3.088 0.49284603120983933
3.0862 0.4930333149589484
3.0844 0.49341026585454767
3.0825 0.4939031416167411
3.0807 0.49415863537587146
3.0789 0.4941278914630877
3.077 0.4938614014642809
3.0752 0.49375537843007544
3.0734 0.4938599656499792
3.0716 0.4937039087813626
3.0698 0.4937946080064681
3.068 0.49436166593395736
3.0661 0.49461657929687913
3.0643 0.4944953924467639
3.0625 0.4945004391959886
3.0607 0.4946657658932078
3.0589 0.4948989787576399
3.0571 0.49489443999816585
3.0553 0.4950442965899675
3.0535 0.4953959436233729
3.0517 0.49523903938626246
3.0499 0.49475749180212897
3.0481 0.49491131638965
3.0463 0.49539607801875507
3.0445 0.4956754749630246
3.0427 0.4955802368804219
3.041 0.4955523348382086
3.0392 0.49590891459451364
3.0374 0.495880112023249
3.0356 0.4957197592480924
3.0338 0.4961247122620076
3.0321 0.49639148794788673
3.0303 0.4960465109285244
3.0285 0.49579443286921615
3.0268 0.4961482016344941
3.025 0.49679830619420906
3.0232 0.49699567156524477
3.0215 0.49694979040834675
3.0197 0.49708936167920975
3.0179 0.49712182422725953
3.0162 0.49722887822953166
3.0144 0.49773688303482466
3.0127 0.49833618492796783
3.0109 0.4983520208145832
3.0092 0.49756385428572397
3.0074 0.4970301679556751
3.0057 0.4972035606172506
3.004 0.49764060736866916
3.0022 0.4981728149388095
3.0005 0.49842809557995443
2.9987 0.49826155333460415
2.997 0.4981040965197128
2.9953 0.49807881275427357
2.9935 0.4985333756279023
2.9918 0.4990943510380734
2.9901 0.49917408440648775
2.9884 0.4987223816011996
2.9867 0.4979020461347647
2.9849 0.4974552452593723
2.9832 0.4977607363120014
2.9815 0.49792375555677515
2.9798 0.4977140866556956
2.9781 0.4976586773457937
2.9764 0.4978493933583611
2.9747 0.4981717425656987
2.9729 0.49870478508428867
2.9712 0.4995938144379473
2.9695 0.5002591923861076
2.9678 0.5002216201379176
2.9661 0.49965227592129663
2.9645 0.4994672715060252
2.9628 0.4998108162082049
2.9611 0.4998994436803543
2.9594 0.49992984909108906
2.9577 0.500167573423165
2.956 0.49999845078932276
2.9543 0.4997365283796082
2.9526 0.4998669115219544
2.951 0.5004660178414329
2.9493 0.5013192294503056
2.9476 0.5015889564430498
2.9459 0.5013578372604859
2.9442 0.5010209281665989
2.9426 0.5001233973000119
2.9409 0.4994194724921659
2.9392 0.4990220853486654
2.9376 0.4984512375428442
2.9359 0.4981199347001011
2.9343 0.49777683134876605
2.9326 0.49723423205269096
2.9309 0.4969730869750952
2.9293 0.4970030608066914
2.9276 0.49764284074372656
2.926 0.49838326659316784
2.9243 0.49868001839565396
2.9227 0.4992731441292889
2.921 0.4999660624865809
2.9194 0.5002419732267103
2.9177 0.5004789902345563
2.9161 0.5009784911953101
2.9145 0.5011978007705962
2.9128 0.5009716222521254
2.9112 0.50068830205202
2.9096 0.5008348251230077
2.9079 0.5008945919268534
2.9063 0.5006286808641455
2.9047 0.5001770823271837
2.903 0.4998886555793251
2.9014 0.499294356200951
2.8998 0.49866676459084724
2.8982 0.4986938603294846
2.8966 0.49897488627373765
2.8949 0.49878006153094995
2.8933 0.4983533077427831
2.8917 0.4980261299165401
2.8901 0.49787254432864836
2.8885 0.49821567187117416
2.8869 0.4986554602000936
2.8853 0.4991574837961611
2.8837 0.4992766279697126
2.8821 0.49902282646748286
2.8805 0.4991301987545434
2.8789 0.49948116283553035
2.8773 0.49986477940247453
2.8757 0.5003685732541518
2.8741 0.5003529938970038
2.8725 0.5000690050310941
2.8709 0.5000623331109306
2.8693 0.5003249694862699
2.8677 0.5007098248032024
2.8661 0.5010480159721531
2.8645 0.501126560106625
2.863 0.5008285466578707
2.8614 0.5003261798752411
2.8598 0.5001073185698697
2.8582 0.5003516268614387
2.8567 0.5003511772708737
2.8551 0.4998584222069209
2.8535 0.4993970451032543
2.8519 0.4992279848700342
2.8504 0.4990940292895165
2.8488 0.4988866861435726
2.8472 0.49899652567234876
2.8457 0.49932542552158093
2.8441 0.4993349973201384
2.8426 0.49944946169781623
2.841 0.49981672504893426
2.8394 0.5001224268164535
2.8379 0.5000060994928359
2.8363 0.49970294482095456
2.8348 0.49969070734219617
2.8332 0.49971888813631204
2.8317 0.4995460797127288
2.8302 0.49959210989096875
2.8286 0.4997348292684289
2.8271 0.49955806631865396
2.8255 0.499173159945154
2.824 0.4989996762119025
2.8224 0.4992510912495833
2.8209 0.4997153397823736
2.8194 0.5000408192599921
2.8178 0.50047763250467
2.8163 0.5010412905869841
2.8148 0.5012178545276947
2.8133 0.5012065177380223
2.8117 0.5011209231558064
2.8102 0.5009231063242723
2.8087 0.5007904380901452
2.8072 0.5005519074066638
2.8056 0.5001700322816935
2.8041 0.4995058836511392
2.8026 0.498635987235453
2.8011 0.498314275445508
2.7996 0.49848899107127914
2.7981 0.4988297851965478
2.7966 0.499471687715078
2.7951 0.5001183240031377
2.7936 0.5004269028165836
2.7921 0.5005280677320475
2.7906 0.5005929849979327
2.789 0.5008658919524563
2.7875 0.500712360806377
2.786 0.5001314352979556
2.7845 0.4999125805046133
2.7831 0.499738953908864
2.7816 0.4992654337394027
2.7801 0.4989089532087724
2.7786 0.49856668541466337
2.7771 0.4985143573718492
2.7756 0.49875156512508606
2.7741 0.4991285152936406
2.7726 0.4998698842231564
2.7712 0.5005027012325619
2.7697 0.5013221805776714
2.7682 0.5020591067147931
2.7667 0.5022166317630048
2.7652 0.5026860510947535
2.7638 0.5031965165826686
2.7623 0.5028664452701651
2.7608 0.502201706945646
2.7594 0.501608515848402
2.7579 0.501134699853587
2.7564 0.4996636375994803
2.755 0.4978830087652766
2.7535 0.49749658514431555
2.752 0.4976652759892837
2.7506 0.4972704397225147
2.7491 0.49748730109681033
2.7477 0.49854711210323316
2.7462 0.4992299752751367
2.7447 0.4991471165651429
2.7433 0.4992603269469842
2.7418 0.5001174724953534
2.7404 0.499796949219053
2.7389 0.49868762903928276
2.7375 0.49897604204531054
2.7361 0.4992977191359548
2.7346 0.49916215235614503
2.7332 0.49947544343328376
2.7317 0.4998856750687082
2.7303 0.5005093319500485
2.7289 0.5004642279596275
2.7274 0.5007690232479899
2.726 0.5019811395653281
2.7246 0.5026358021774551
2.7231 0.5021088067403543
2.7217 0.5013785418634223
2.7203 0.5000267832666553
2.7188 0.4984428713326627
2.7174 0.4973535549150041
2.716 0.4970740799303712
2.7146 0.49790837698165724
2.7132 0.4981085481729957
2.7117 0.4971084817751137
2.7103 0.49645298553387557
2.7089 0.4963283335576642
2.7075 0.4972990760716433
2.7061 0.49916293781823795
2.7047 0.5003420771768212
2.7033 0.5010799909430306
2.7018 0.5006783869536051
2.7004 0.4998380805129722
2.699 0.499858110794397
2.6976 0.5006252892820876
2.6962 0.500924089314651
2.6948 0.5001983691374331
2.6934 0.49892265123137675
2.692 0.49837806559698283
2.6906 0.498543902005062
2.6892 0.4994540049107998
2.6878 0.5008070593783382
2.6864 0.5015142821714028
2.685 0.50174691506702
2.6837 0.5029041431790293
2.6823 0.5044927243633666
2.6809 0.5059432002008144
2.6795 0.5074834764658374
2.6781 0.5078602645920788
2.6767 0.5068622462200169
2.6753 0.5050069959622907
2.674 0.5037065816432286
2.6726 0.5030190647997698
2.6712 0.5015791893378811
2.6698 0.49907887811113627
2.6685 0.49709847257478706
2.6671 0.49519126078435605
2.6657 0.49324271171479106
2.6644 0.49225281819285654
2.663 0.4925604357951507
2.6616 0.49321923772967136
2.6603 0.4935509962992455
2.6589 0.4937409648193033
2.6575 0.49496701695215567
2.6562 0.4960764044011758
2.6548 0.49668419913458
2.6534 0.497941238811713
2.6521 0.4986557451636722
2.6507 0.49867925979021926
2.6494 0.49849588366701614
2.648 0.498262449430094
2.6467 0.49831981020065047
2.6453 0.4984931320674909
2.644 0.4989422738135495
2.6426 0.49994189165344466
2.6413 0.499923284595724
2.6399 0.5003475205716607
2.6386 0.5018976093197196
2.6372 0.5027989820085125
2.6359 0.5032804838413385
2.6346 0.5036071537257898
2.6332 0.5040839835101001
2.6319 0.5043578553769934
2.6306 0.5032737746547663
2.6292 0.5027503924978723
2.6279 0.5027086186203651
2.6266 0.5013699692995681
2.6252 0.49982584121861134
2.6239 0.4990498462049636
2.6226 0.49876875844620455
2.6212 0.49840790958264164
2.6199 0.49772730951306926
2.6186 0.49793220440181435
2.6173 0.49906707964315794
2.616 0.49901355042481593
2.6146 0.49912676284859686
2.6133 0.4999423125492014
2.612 0.5003589266772122
2.6107 0.5005076442558697
2.6094 0.5006219209978917
2.6081 0.5016848906105802
2.6067 0.5032823779059009
2.6054 0.5029797097872396
2.6041 0.5022761053254384
2.6028 0.5022490121055384
2.6015 0.5023031679151936
2.6002 0.502608412642586
2.5989 0.5028552419443699
2.5976 0.5027784368938902
2.5963 0.502196257884811
2.595 0.5000149081325793
2.5937 0.49746107638299625
2.5924 0.4970227588481995
2.5911 0.4968934488209421
2.5898 0.4967459990986653
2.5885 0.49661095108146364
2.5872 0.49619249274910865
2.5859 0.49605623216978745
2.5847 0.4958370108597428
2.5834 0.49559236403808127
2.5821 0.49716204527463786
2.5808 0.4984468278487108
2.5795 0.49871580186010733
2.5782 0.4988094184766644
2.577 0.4988163453063355
2.5757 0.49914753652744925
2.5744 0.49940349057989347
2.5731 0.49924252102309385
2.5718 0.49968413664843475
2.5706 0.500096350840559
2.5693 0.4993755288290419
2.568 0.49875236453494426
2.5667 0.4985011710101478
2.5655 0.4984113053560791
2.5642 0.4979412926230128
2.5629 0.49677334636008136
2.5617 0.49574473863447127
2.5604 0.495497177220219
2.5591 0.4954418130342407
2.5579 0.4957004173792676
2.5566 0.4964056429328292
2.5554 0.49709934839291997
2.5541 0.4973030281952232
2.5528 0.49764527331078984
2.5516 0.4988359170355023
2.5503 0.5003800504724254
2.5491 0.5012930495262773
2.5478 0.5013709189565397
2.5466 0.5015542088104087
2.5453 0.5017399368198258
2.5441 0.5015651565893938
2.5428 0.5015529217249095
2.5416 0.501806349557554
2.5403 0.5016786906679742
2.5391 0.5009972476109478
2.5379 0.5005119206949225
2.5366 0.5004952082113223
2.5354 0.5004743537065203
2.5341 0.5000213366343558
2.5329 0.49951200958757636
2.5317 0.4989412668075915
2.5304 0.4978733326712237
2.5292 0.4970093749336186
2.528 0.4969299232976086
2.5267 0.496843636384605
2.5255 0.4967276470865811
2.5243 0.49680311556681406
2.523 0.49724409406278125
2.5218 0.49800299245118906
2.5206 0.49900096017228396
2.5194 0.4999184282620682
2.5181 0.5009857024455375
2.5169 0.5015619854763513
2.5157 0.5016291657515403
2.5145 0.5017296360698245
2.5133 0.50154940772611
2.512 0.5013268371751544
2.5108 0.5011618667771864
2.5096 0.5009059801182284
2.5084 0.5006383566449055
2.5072 0.5004856162936772
2.506 0.5002115652808421
2.5048 0.5002043650650875
2.5035 0.5005010621942999
2.5023 0.5006979665990341
2.5011 0.5003291390313517
2.4999 0.4997090633354509
2.4987 0.4990623988719893
2.4975 0.4984418240016185
2.4963 0.49787479514629013
2.4951 0.4974609660108369
2.4939 0.49723016033172984
2.4927 0.4970310011023627
2.4915 0.49696066543603806
2.4903 0.49763061225152644
2.4891 0.49883581050493897
2.4879 0.4999824933194868
2.4867 0.5009563461221753
2.4855 0.5014828936081648
2.4844 0.5018949037623064
2.4832 0.5025131493175653
2.482 0.5029131155820863
2.4808 0.5029963298802734
2.4796 0.5025863500783595
2.4784 0.5013225312749534
2.4772 0.5000728419532054
2.476 0.49926904125831906
2.4749 0.4987630640742205
2.4737 0.4986868335513215
2.4725 0.498645737783212
2.4713 0.4983442597759015
2.4701 0.498195740265962
2.469 0.49827512792199835
2.4678 0.4987165837162048
2.4666 0.4993227907809974
2.4655 0.49987291948590773
2.4643 0.5002449756471772
2.4631 0.5004006964226894
2.4619 0.5002479550046731
2.4608 0.5000875820267204
2.4596 0.5003909363522347
2.4584 0.5007353270795585
2.4573 0.5007709898135344
2.4561 0.5005028195488722
2.4549 0.5002104022587514
2.4538 0.5001254540024888
2.4526 0.49997431957730754
2.4515 0.4997128451060808
2.4503 0.4996406567310515
2.4491 0.4994617182417385
2.448 0.49900808845120953
2.4468 0.49874459241052005
2.4457 0.4989931719442397
2.4445 0.4993974725301345
2.4434 0.4996760081894716
2.4422 0.49992643446467605
2.4411 0.5004376530520789
2.4399 0.5009046761237791
2.4388 0.501113277373627
2.4376 0.5012594822883947
2.4365 0.5012653106570172
2.4353 0.5008511384248071
2.4342 0.5002383736684767
2.4331 0.4998202079070137
2.4319 0.49969551358639375
2.4308 0.49932352122318663
2.4296 0.4987573246535495
2.4285 0.4983886134474768
2.4274 0.49823261181422535
2.4262 0.49830353845819675
2.4251 0.49867935699995075
2.424 0.4993805855005601
2.4228 0.499561477899211
2.4217 0.49942717175164314
2.4206 0.49941297206602997
2.4194 0.49926078899519577
2.4183 0.4990651059286063
2.4172 0.49916106558673934
2.416 0.49932267806255365
2.4149 0.49908399913531265
2.4138 0.49867818040781764
2.4127 0.4986862351606354
2.4116 0.4990219759211998
2.4104 0.4993638010813201
2.4093 0.4999404403924542
2.4082 0.5008401561612359
2.4071 0.5012504001171375
2.4059 0.500894484961051
2.4048 0.5010033233267585
2.4037 0.5014727998246382
2.4026 0.5016041579016458
2.4015 0.5012292960662525
2.4004 0.5008347039055127
2.3993 0.5005403274835428
2.3982 0.5001485094229047
2.3971 0.4999749939840599
2.396 0.5004329023139904
2.3948 0.5010581845740526
2.3937 0.5009423942716913
2.3926 0.5006098057635605
2.3915 0.5005127284103681
2.3904 0.5008191979751365
2.3893 0.5013703290816696
2.3882 0.5011071785032686
2.3871 0.500354576870996
2.386 0.49987330066097535
2.3849 0.49949659641228966
2.3838 0.49916171784472774
2.3827 0.4990240450670277
2.3816 0.49933998967444065
2.3805 0.49927060341582924
2.3795 0.4983720110630732
2.3784 0.49787744304293946
2.3773 0.49846185654513503
2.3762 0.49906613805323113
2.3751 0.4989848165766301
2.374 0.49878330997831183
2.3729 0.4988176548992062
2.3718 0.49877166678669926
2.3708 0.49870352102898335
2.3697 0.4990036321443319
2.3686 0.4997303043957108
2.3675 0.5000771634708129
2.3664 0.5001351323332934
2.3653 0.5001769445441614
2.3643 0.5002578200252471
2.3632 0.5004653170470545
2.3621 0.5003772713666329
2.361 0.5000689057260294
2.36 0.49974697168124554
2.3589 0.4997212078805239
2.3578 0.4996315648689996
2.3567 0.49910022304843554
2.3557 0.49884000021869596
2.3546 0.4990870212780683
2.3535 0.4991808626789234
2.3525 0.4990716012719627
2.3514 0.49937004672366003
2.3503 0.5002076959739046
2.3493 0.5006546491015241
2.3482 0.5007325756588266
2.3471 0.5007806856050896
2.3461 0.5007632691404416
2.345 0.5004475069918405
2.344 0.5000330222431263
2.3429 0.5000716929048105
2.3418 0.5003729033985085
2.3408 0.5004528597592646
2.3397 0.50001292974559
2.3387 0.49939787343321423
2.3376 0.49918135529398744
2.3366 0.49949924304180743
2.3355 0.5000853718517537
2.3345 0.5003407503943228
2.3334 0.5003055679735593
2.3324 0.5001914451372934
2.3313 0.49982720242179096
2.3303 0.49956227918059826
2.3292 0.4999513734009225
2.3282 0.5005924850385233
2.3271 0.5005805749495481
2.3261 0.5003800266164237
2.325 0.5006641390366168
2.324 0.5011086820964012
2.323 0.5012868972019754
2.3219 0.5012600530636687
2.3209 0.5012932585058436
2.3198 0.5010790653317729
2.3188 0.5004780238236738
2.3178 0.5000058213528679
2.3167 0.4998658606414009
2.3157 0.4996930022343323
2.3147 0.49939627705394835
2.3136 0.4992063252842504
2.3126 0.4990459564572565
2.3116 0.4990093612815072
2.3105 0.4992060313997321
2.3095 0.4997183522406806
2.3085 0.5000654365087732
2.3074 0.5002154765632416
2.3064 0.500132319767554
2.3054 0.49995210565746917
2.3044 0.49956876017092244
2.3034 0.49920288535101454
2.3023 0.49927691469998875
2.3013 0.49948441376806607
2.3003 0.499503078436373
2.2993 0.49925765748968426
2.2982 0.4988960156382909
2.2972 0.49876993010229387
2.2962 0.4990200493348187
2.2952 0.4993126264090794
2.2942 0.4998581547870389
2.2932 0.5002423543494127
2.2921 0.5000844800172828
2.2911 0.4997952201985159
2.2901 0.49989239789289547
2.2891 0.500176089329424
2.2881 0.500449395577539
2.2871 0.5004675243908314
2.2861 0.500469215211552
2.2851 0.5001117425335172
2.2841 0.49933363744837017
2.2831 0.4989153323561948
2.2821 0.49889952854698644
2.2811 0.4988387887386116
2.2801 0.49866169167878405
2.279 0.49876989198285226
2.278 0.498920933596054
2.2771 0.49891726960461896
2.2761 0.4990857602547377
2.275 0.499480485211828
2.274 0.49988202823640454
2.2731 0.5000938934826942
2.2721 0.50027342209082
2.2711 0.5004416951416467
2.2701 0.5004386620696933
2.2691 0.5001502977579821
2.2681 0.5000935001136273
2.2671 0.5004315718105122
2.2661 0.5009244500882803
2.2651 0.501513133826538
2.2641 0.502036449475756
2.2631 0.502024465634386
2.2621 0.5017506279862635
2.2612 0.5015418137103493
2.2602 0.5014004221530682
2.2592 0.5012461243451731
2.2582 0.5010422306986506
2.2572 0.5006533475527852
2.2562 0.4998148721669513
2.2553 0.4989543473024566
2.2543 0.4987263559006597
2.2533 0.4993405842409085
2.2523 0.499813627892177
2.2513 0.5000578656105769
2.2504 0.500221821322288
2.2494 0.5000234900196552
2.2484 0.49957479613188466
2.2474 0.49941829542123484
2.2465 0.4996702608116478
2.2455 0.499918189414879
2.2445 0.49949920928743113
2.2435 0.4987818427615699
2.2426 0.4983691088001699
2.2416 0.4981995497778836
2.2406 0.4983799553876428
2.2397 0.49918237982004693
2.2387 0.5001415718415068
2.2377 0.5003035241676095
2.2368 0.49988139936324794
2.2358 0.4997070520592065
2.2348 0.49995394188050185
2.2339 0.5004666558498984
2.2329 0.5009467658471353
2.232 0.5009254032427711
2.231 0.500477543738873
2.23 0.49969693114451086
2.2291 0.4990391699949126
2.2281 0.49927180100573343
2.2272 0.4995720952696312
2.2262 0.4996744857185412
2.2252 0.49981458509483595
2.2243 0.4997750029768275
2.2233 0.4999414450913658
2.2224 0.5002317744947317
2.2214 0.500364447989109
2.2205 0.5009853630327129
2.2195 0.5014678934587922
2.2186 0.5017065643348303
2.2176 0.5021102570086642
2.2167 0.5018891519956574
2.2157 0.5011322829115805
2.2148 0.5005272915829371
2.2138 0.5000804410724455
2.2129 0.5002025810023146
2.212 0.5002376274169881
2.211 0.4996289820616929
2.2101 0.49912131985452457
2.2091 0.4986344002791358
2.2082 0.4983256840539759
2.2073 0.4985652381981594
2.2063 0.4991101540940209
2.2054 0.4994526095684359
2.2044 0.4995239086225844
2.2035 0.4995050193193896
2.2026 0.5000275231933029
2.2016 0.5006321319849307
2.2007 0.5009445613067872
2.1998 0.5011693594273859
2.1988 0.5013003870351431
2.1979 0.5013418879755026
2.197 0.5014807739891035
2.196 0.5016236977179352
2.1951 0.5018071666190873
2.1942 0.5013943049127758
2.1932 0.5005196373390198
2.1923 0.4998518137703238
2.1914 0.4994970788312993
2.1905 0.4993009011215099
2.1895 0.4991616199331554
2.1886 0.4990376027054948
2.1877 0.49878023107500646
2.1868 0.4982768815764594
2.1858 0.4982710262000148
2.1849 0.49903377247252345
2.184 0.49993469500018367
2.1831 0.5006634227814437
2.1822 0.5013824616654635
2.1812 0.5016755018140662
2.1803 0.5012135816310188
2.1794 0.5004446862455025
2.1785 0.5000370558725892
2.1776 0.5001924112140106
2.1767 0.5000151609194605
2.1758 0.49932451922199217
2.1749 0.49863891147944367
2.1739 0.4979418179696105
2.173 0.4973210831756732
2.1721 0.4975687382352427
2.1712 0.4987464602564014
2.1703 0.5001668039703715
2.1694 0.5009160679187475
2.1685 0.5009880414175296
2.1676 0.5007206342894975
2.1667 0.5007214201169605
2.1658 0.500932456005495
2.1649 0.5014736034909303
2.1639 0.5016195431079807
2.1631 0.5007254830584172
2.1622 0.49950464341997686
2.1612 0.49851086252390914
2.1604 0.4976058596685115
2.1595 0.4974913146827573
2.1585 0.4977921621298273
2.1576 0.4980035394213577
2.1568 0.49785291468067533
2.1559 0.4977129501954946
2.155 0.4979972897410189
2.1541 0.49811817991328317
2.1532 0.4981546280738765
2.1523 0.4989190486747427
2.1514 0.49946567509296014
2.1505 0.49901876336564344
2.1496 0.49881183793255757
2.1487 0.4990937883915821
2.1478 0.49900357387293337
2.1469 0.49847843625187815
2.146 0.4989006072415691
2.1452 0.5002455100692207
2.1443 0.500828581768112
2.1434 0.500576844930121
2.1425 0.5010702572767028
2.1416 0.5014914116906959
2.1407 0.500998832944499
2.1398 0.5004703592601449
2.139 0.5007626875347115
2.1381 0.5007268343245941
2.1372 0.4995857387855153
2.1363 0.4992047107321555
2.1354 0.4998973577799314
2.1345 0.5001896637998208
2.1337 0.5001320644885001
2.1328 0.5006410636821672
2.1319 0.5014122833074788
2.1311 0.5019953654136661
2.1302 0.5026012324555913
2.1293 0.5032493595030124
2.1284 0.5028484231943031
2.1275 0.5017324699200254
2.1267 0.5005983665437159
2.1258 0.4996063880738339
2.1249 0.4991235182542274
2.1241 0.49927144119081357
2.1232 0.4996823719351453
2.1223 0.4994168219979862
2.1214 0.4986956199483798
2.1206 0.49880337404025565
2.1197 0.49981460557381485
2.1189 0.5007573346352059
2.118 0.5018671203196501
2.1171 0.5025440848018523
2.1163 0.5022624997256024
2.1154 0.5015314089730727
2.1145 0.5010853278508535
2.1137 0.5011772026946931
2.1128 0.5013000100408022
2.112 0.5007634613215491
2.1111 0.5001558136009016
2.1102 0.4991231462346459
2.1094 0.4983625244891533
2.1085 0.49884608446741874
2.1077 0.49946950433839715
2.1068 0.4996166098971946
2.1059 0.4996607129697392
2.1051 0.49957299801340155
2.1042 0.4997358349219674
2.1034 0.5005341121832191
2.1025 0.5015090735573683
2.1017 0.5017395476628762
2.1008 0.5011412560500816
2.1 0.5004237034528364
2.0991 0.5000704329693446
2.0983 0.5000808875057471
2.0974 0.49988917594004184
2.0966 0.49946604284590573
2.0957 0.4988090748568989
2.0949 0.4985040195582755
2.094 0.4991061038054231
2.0932 0.4999045338250296
2.0924 0.5002955589670187
2.0915 0.5008020089906555
2.0907 0.5008600146723384
2.0898 0.5008276362337357
2.089 0.501459041413615
2.0881 0.5026173553141698
2.0873 0.50304036244062
2.0865 0.5024392481748875
2.0856 0.501918042080065
2.0848 0.5025292088608626
2.0839 0.5027688026277018
2.0831 0.5020798117817392
2.0823 0.5019164277395716
2.0814 0.5019265730780037
2.0806 0.500783991989324
2.0798 0.5000284099031495
2.0789 0.5003726303799528
2.0781 0.5001810976108878
2.0773 0.49817811840742654
2.0764 0.49594244681619565
2.0756 0.4956278342818463
2.0748 0.4963730769356449
2.0739 0.4967052845122401
2.0731 0.49670211911338713
2.0723 0.49638675189758874
2.0715 0.494992835943097
2.0706 0.49403582490558196
2.0698 0.4954708331445724
2.069 0.4981909728834164
2.0681 0.500222782980112
2.0673 0.5007482272811238
2.0665 0.5006516057113386
2.0657 0.5011538615876815
2.0648 0.5016215885002167
2.064 0.5027664643891209
2.0632 0.5044692287707975
2.0624 0.5051169662933283
2.0616 0.5044460660308862
2.0607 0.5034813289737492
2.0599 0.5024781312467209
2.0591 0.5016910086244898
2.0583 0.5010636036434793
2.0575 0.5008427818523032
2.0567 0.5007519626715783
2.0558 0.5004258524942764
2.055 0.49954952273367476
2.0542 0.49866713391805195
2.0534 0.49751233459090644
2.0526 0.4965166535832479
2.0518 0.4962156861886773
2.051 0.49655354803736707
2.0501 0.49705956714840854
2.0493 0.49725360295925186
2.0485 0.49712539867299166
2.0477 0.4970941554889389
2.0469 0.49730642534809366
2.0461 0.4978721612955181
2.0453 0.4990184471819758
2.0445 0.49972748243316895
2.0437 0.49963547226389005
2.0429 0.49926844254142916
2.0421 0.49878865580583126
2.0413 0.49791632755124654
2.0405 0.49790335283134807
2.0397 0.49845920281821465
2.0389 0.49911131043723667
2.0381 0.49921557235235886
2.0373 0.4991218453388272
2.0365 0.49961043590751886
2.0357 0.5001998020377599
2.0349 0.5005205245118216
2.0341 0.5010164818964501
2.0333 0.501216485770898
2.0325 0.5007485226138743
2.0317 0.5002224616133817
2.0309 0.5001810847325491
2.0301 0.5009936948223347
2.0293 0.5013103939047753
2.0285 0.500798136909398
2.0277 0.5002145265544168
2.0269 0.5002614193913951
2.0261 0.5004857722382268
2.0253 0.5011880705382004
2.0245 0.5020618901106001
2.0237 0.5023274268591152
2.0229 0.501535315186641
2.0222 0.500601105946895
2.0214 0.5002678491602508
2.0206 0.5009698612994056
2.0198 0.5019935922471535
2.019 0.502438335330209
2.0182 0.5023384257425597
2.0174 0.5015181496941242
2.0167 0.5009250946990432
2.0159 0.5011536442766122
2.0151 0.5017895693981992
2.0143 0.501790321856312
2.0135 0.501350435810015
2.0128 0.5008016224239881
2.012 0.500117548817386
2.0112 0.49896560872530665
2.0104 0.4982225914106273
2.0096 0.4983640674855947
2.0088 0.498122894471862
2.0081 0.4973597683088844
2.0073 0.49745084795788386
2.0065 0.4685836605183973
2.0057 0.435414912663495
2.005 0.3973831965963391
2.0042 0.3551309672191861
2.0034 0.307144098643015
2.0026 0.24995796781818364
2.0019 0.18178312888880357
2.0011 0.1001204113404629
2.0003 0.0
