15.3853 1.0
15.3397 1.0
15.2945 0.9
15.2495 0.8181818181818182
15.2048 0.7499999999999999
15.1603 0.6923076923076923
15.1161 0.6432056651387881
15.0722 0.6025664234937905
15.0285 0.5688437390186764
14.9851 0.5408527055654796
14.9419 0.5173310004624035
14.8989 0.5235804629433287
14.8563 0.5301969834946074
14.8138 0.5368625674066659
14.7716 0.5431889258578027
14.7296 0.5489889282868774
14.6879 0.5527557732970131
14.6464 0.5534413411675935
14.6052 0.5516639510177535
14.5641 0.548073698826105
14.5233 0.5437441109680007
14.4828 0.5390686002385825
14.4424 0.5344726734077231
14.4023 0.5306819272126027
14.3624 0.5280695673998934
14.3227 0.5269627707487724
14.2833 0.5282596054149096
14.244 0.5312443792397655
14.205 0.5356703676223703
14.1662 0.5406782497291277
14.1276 0.5454065527725025
14.0892 0.5495867315323181
14.051 0.5527998476522515
14.0131 0.5545523418982915
13.9753 0.5548483449479052
13.9377 0.5537107669828729
13.9004 0.5513379881758825
13.8632 0.5480318559402391
13.8262 0.544058446572599
13.7895 0.5400293570876176
13.7529 0.5363223144011366
13.7165 0.5331871127778015
13.6803 0.5306163730335359
13.6443 0.5285082414575529
13.6085 0.526845275936185
13.5729 0.5257465430420631
13.5374 0.5250382420209538
13.5022 0.5243093983399905
13.4671 0.5232821607325832
13.4322 0.5217902073962231
13.3975 0.5195922919136755
13.363 0.5167439680250763
13.3286 0.5131917536455234
13.2944 0.5090033022551834
13.2604 0.5041563949276783
13.2266 0.4984971104862744
13.193 0.4925231979761774
13.1595 0.48672131745151936
13.1262 0.48125310938411214
13.093 0.4763872797736608
13.06 0.4723708380609498
13.0272 0.4693595713896853
12.9946 0.4674663934039196
12.9621 0.46684314482162753
12.9298 0.4675820100646151
12.8976 0.46954528245691324
12.8656 0.4724809351216761
12.8337 0.47623874324332044
12.8021 0.4804440608058518
12.7705 0.48453340256980765
12.7391 0.4884828641822744
12.7079 0.49215848483142544
12.6769 0.4954481484493285
12.6459 0.4984287449287599
12.6152 0.5010778534623344
12.5845 0.503203416034844
12.5541 0.5047628128816511
12.5238 0.506057837304988
12.4936 0.507460027385709
12.4635 0.5089359719923803
12.4337 0.510570048192855
12.4039 0.5124416938373488
12.3743 0.5145232756261698
12.3448 0.5166219372860252
12.3155 0.5190062541344825
12.2863 0.5217434577287887
12.2573 0.5246823330944974
12.2284 0.5276143878317263
12.1996 0.5306655382120293
12.171 0.5341736481761872
12.1425 0.5377156764395139
12.1141 0.5409675371722057
12.0859 0.5440182619387881
12.0578 0.5467250472075894
12.0298 0.5488053812899064
12.0019 0.5503221834879597
11.9742 0.5512865725991399
11.9466 0.5515897670244497
11.9192 0.5507926306608842
11.8918 0.5488290937749475
11.8646 0.5459518216605717
11.8375 0.5423306995876324
11.8106 0.537974286070791
11.7837 0.5330270696385917
11.757 0.5275198134445408
11.7304 0.5215075842503832
11.7039 0.515061279143485
11.6776 0.5082882585486703
11.6513 0.5016206278671994
11.6252 0.495389923156905
11.5992 0.48964322122132004
11.5733 0.4842649081451666
11.5475 0.47920436203384403
11.5219 0.47459796257409587
11.4963 0.4708592395605992
11.4709 0.4681487615299776
11.4455 0.4665305824871651
11.4203 0.46580874872474903
11.3952 0.46546422340840415
11.3702 0.46520444506512415
11.3454 0.4652032833997384
11.3206 0.46574682207702167
11.2959 0.46691193357948
11.2714 0.46835083739103367
11.2469 0.46955358128421704
11.2226 0.4703973203592122
11.1983 0.47097628448520756
11.1742 0.4715395048019577
11.1502 0.4723061980367625
11.1263 0.47321015224496876
11.1024 0.4739618691438238
11.0787 0.4744175435481855
11.0551 0.4748719576335999
11.0316 0.4757949437696806
11.0081 0.47729064083003053
10.9848 0.47923516357511026
10.9616 0.4814810294691969
10.9385 0.4840446914758214
10.9154 0.48685840619952153
10.8925 0.4899260927436905
10.8697 0.49322112556825776
10.8469 0.4963359195135808
10.8243 0.4987071270712405
10.8017 0.5000010589069961
10.7793 0.500221941895885
10.7569 0.49951332589831
10.7346 0.4977880038876532
10.7125 0.4949957512186239
10.6904 0.4914963001642166
10.6684 0.48736224681423224
10.6465 0.48256852270527795
10.6247 0.4774013057999423
10.6029 0.47185293875048484
10.5813 0.46533287630615483
10.5597 0.4571454289265326
10.5383 0.44875062935814736
10.5169 0.4415095703227505
10.4956 0.43416699039530615
10.4744 0.42564765849019576
10.4533 0.41755256106979716
10.4323 0.4103898734075886
10.4113 0.4049192486448363
10.3904 0.40254340714225195
10.3697 0.4048969704267287
10.349 0.4106091028372796
10.3284 0.41677678356688286
10.3078 0.42369168228288273
10.2874 0.43349561239449175
10.267 0.44515214205476583
10.2467 0.45685227104894743
10.2265 0.46814320279875377
10.2064 0.47829833441256486
10.1863 0.48610232844623374
10.1663 0.4905856594845622
10.1464 0.4938511171183537
10.1266 0.4974270698369733
10.1069 0.49980853987668755
10.0872 0.5
10.0676 0.5
10.0481 0.5
10.0287 0.5
10.0093 0.5
9.9901 0.5
9.9708 0.5
9.9517 0.5
9.9326 0.5
9.9136 0.5
9.8947 0.5
9.8759 0.5
9.8571 0.5
9.8384 0.5
9.8198 0.5
9.8012 0.5
9.7827 0.5
9.7643 0.5
9.7459 0.5
9.7276 0.5
9.7094 0.5
9.6913 0.5
9.6732 0.5
9.6552 0.5
9.6372 0.5
9.6194 0.5
9.6015 0.5
9.5838 0.5
9.5661 0.5
9.5485 0.5
9.5309 0.5
9.5135 0.5
9.496 0.5
9.4787 0.5
9.4614 0.5
9.4441 0.5
9.427 0.5
9.4099 0.5
9.3928 0.5
9.3758 0.5
9.3589 0.5
9.342 0.5
9.3252 0.5
9.3085 0.5
9.2918 0.5
9.2752 0.5
9.2586 0.5
9.2421 0.5
9.2257 0.5
9.2093 0.5
9.193 0.5
9.1767 0.5
9.1605 0.5
9.1443 0.5
9.1282 0.5
9.1122 0.5
9.0962 0.5
9.0803 0.5
9.0644 0.5
9.0486 0.5
9.0328 0.5
9.0171 0.5
9.0015 0.5
8.9858 0.5
8.9703 0.5
8.9548 0.5
8.9394 0.5
8.924 0.5
8.9086 0.5
8.8934 0.5
8.8781 0.5
8.863 0.5
8.8478 0.5
8.8328 0.5
8.8177 0.5
8.8028 0.5
8.7879 0.5
8.773 0.5
8.7582 0.5
8.7434 0.5
8.7287 0.5
8.714 0.5
8.6994 0.5
8.6848 0.5
8.6703 0.5
8.6558 0.5
8.6414 0.5
8.627 0.5
8.6127 0.5
8.5984 0.5
8.5842 0.5
8.57 0.5
8.5558 0.5
8.5417 0.5
8.5277 0.5
8.5137 0.5
8.4997 0.5
8.4858 0.5
8.4719 0.5
8.4581 0.5
8.4444 0.5
8.4306 0.5
8.4169 0.5
8.4033 0.5
8.3897 0.5
8.3761 0.5
8.3626 0.5
8.3492 0.5
8.3357 0.5
8.3224 0.5
8.309 0.5
8.2957 0.5
8.2825 0.5
8.2693 0.5
8.2561 0.5
8.243 0.5
8.2299 0.5
8.2169 0.5
8.2038 0.5
8.1909 0.5
8.178 0.5
8.1651 0.5
8.1523 0.5
8.1395 0.5
8.1267 0.5
8.114 0.5
8.1013 0.5
8.0887 0.5
8.0761 0.5
8.0635 0.5
8.051 0.5
8.0385 0.5
8.0261 0.5
8.0137 0.5
8.0013 0.5
7.989 0.5
7.9767 0.5
7.9644 0.5
7.9522 0.5
7.94 0.5
7.9279 0.5
7.9158 0.5
7.9037 0.5
7.8917 0.5
7.8797 0.5
7.8677 0.5
7.8558 0.5
7.8439 0.5
7.8321 0.5
7.8203 0.5
7.8085 0.5
7.7967 0.5
7.785 0.5
7.7734 0.5
7.7617 0.5
7.7501 0.5
7.7386 0.5
7.727 0.5
7.7155 0.5
7.7041 0.5
7.6926 0.5
7.6812 0.5
7.6699 0.5
7.6585 0.5
7.6472 0.5
7.636 0.5
7.6247 0.5
7.6136 0.5
7.6024 0.5
7.5913 0.5
7.5802 0.5
7.5691 0.5001466603806586
7.5581 0.5009115373729186
7.5471 0.5022045824002713
7.5361 0.5041174110268302
7.5252 0.5067792687361785
7.5142 0.5104374121404087
7.5034 0.5151513360608704
7.4925 0.5208127026489752
7.4817 0.5274715516727453
7.4709 0.5349216278596058
7.4602 0.5424785642134623
7.4495 0.549769603661687
7.4388 0.5568086721881024
7.4281 0.5632826617243673
7.4175 0.568829789434404
7.4069 0.5733461585216275
7.3963 0.576932042686756
7.3858 0.5795542940624192
7.3753 0.5812199396329613
7.3648 0.5821980401497947
7.3544 0.5828969807503742
7.344 0.5832626451303075
7.3336 0.5834463165720607
7.3232 0.5835610954214892
7.3129 0.5836135676029357
7.3026 0.5834827147109561
7.2923 0.582787997556358
7.2821 0.5814398461820994
7.2718 0.5794795989781488
7.2617 0.5768652412058627
7.2515 0.573266159288241
7.2414 0.5682882771247919
7.2313 0.5621928424062642
7.2212 0.5561208835572985
7.2112 0.5506396363749523
7.2012 0.5456957640209046
7.1912 0.5414696582853619
7.1812 0.537969793393141
7.1713 0.5350686595886571
7.1614 0.5330870386835949
7.1515 0.5327460521349797
7.1416 0.5342792151450519
7.1318 0.536386714583914
7.122 0.5372760486909578
7.1123 0.5369740185196127
7.1025 0.5357818990547712
7.0928 0.5337647234276096
7.0831 0.5312220807604656
7.0734 0.5280186945529052
7.0638 0.5235266645867428
7.0542 0.517287097524361
7.0446 0.5100473080720558
7.0351 0.5038157813578841
7.0255 0.49956191648253845
7.016 0.4967421921933058
7.0065 0.49497977138833027
6.9971 0.4941764281962168
6.9877 0.49440461540595504
6.9782 0.49602393895263575
6.9689 0.4994481650033144
6.9595 0.5044086728262452
6.9502 0.5099533630593895
6.9409 0.5143197160706636
6.9316 0.517052467024164
6.9223 0.5188876580572087
6.9131 0.5203040795381838
6.9039 0.5213471257768367
6.8947 0.5218621394317515
6.8856 0.5216791209071587
6.8764 0.5207069443503107
6.8673 0.5189476013004329
6.8582 0.5168736103303821
6.8492 0.5155813850013271
6.8402 0.5150569513029503
6.8311 0.5146149790376257
6.8221 0.5139558895851701
6.8132 0.513274051385965
6.8042 0.5125127800740094
6.7953 0.5114603020527021
6.7864 0.5100803855595708
6.7776 0.5089065089487995
6.7687 0.5080133658692833
6.7599 0.5070448052159034
6.7511 0.5057962525833615
6.7423 0.5043020906273953
6.7336 0.5025014526372938
6.7248 0.5005389023272865
6.7161 0.4985643339579288
6.7074 0.4960772196762174
6.6988 0.4930264940885738
6.6901 0.48928357660401134
6.6815 0.4845164814136638
6.6729 0.47910745144882483
6.6643 0.47352936493951936
6.6558 0.4679091700104858
6.6472 0.4618530382968469
6.6387 0.45458648903134097
6.6302 0.4471768047668551
6.6217 0.44066488623836003
6.6133 0.4348482156142239
6.6049 0.42991758212347236
6.5965 0.4261796623086591
6.5881 0.4232561119750234
6.5797 0.4214283429947746
6.5714 0.4214354593831432
6.5631 0.42382040808233257
6.5548 0.42842908790543666
6.5465 0.4341460347703219
6.5382 0.4405520088309519
6.53 0.4478209203792477
6.5218 0.4555173666335798
6.5136 0.463723465461713
6.5054 0.4723423382507734
6.4973 0.48057946538603347
6.4892 0.4886062062516096
6.481 0.4958345487051782
6.4729 0.5021815702854713
6.4649 0.5082337411245212
6.4568 0.5140827912372772
6.4488 0.5197994717426846
6.4408 0.5255936032499626
6.4328 0.5304678932277863
6.4248 0.5343951828994511
6.4169 0.5376228280487467
6.4089 0.5391316931721548
6.401 0.5395353771434306
6.3931 0.5392479335530181
6.3853 0.5372765743628157
6.3774 0.5331011962131623
6.3696 0.526290417865377
6.3618 0.5171417399152337
6.354 0.5066107718770476
6.3462 0.49537936228298846
6.3384 0.484994911498017
6.3307 0.47600030861004494
6.323 0.467869395283265
6.3153 0.46092493616841107
6.3076 0.45607405004335017
6.2999 0.4546471023255666
6.2923 0.45760562015997874
6.2847 0.46455458123868143
6.277 0.47412014215661263
6.2694 0.4849093303184444
6.2619 0.4955647015241555
6.2543 0.5060114146493764
6.2468 0.5162955260023551
6.2393 0.526216434803198
6.2318 0.5353093717126828
6.2243 0.5424255879461066
6.2168 0.5466273769789638
6.2094 0.5483919907817437
6.202 0.5490330003255546
6.1945 0.5494177654779311
6.1871 0.5498292661925831
6.1798 0.5505308865319589
6.1724 0.5513077617041293
6.1651 0.5518739600218185
6.1578 0.5522986478427985
6.1505 0.5529320959863311
6.1432 0.5541288644567008
6.1359 0.5553412744611768
6.1286 0.5558953644418166
6.1214 0.5559560456802117
6.1142 0.5555757144709444
6.107 0.5534546685261582
6.0998 0.550083906579066
6.0926 0.5462751843830299
6.0855 0.5420971811245745
6.0784 0.5375006617699071
6.0712 0.5325256167683662
6.0641 0.5278416200119935
6.0571 0.5238216731217148
6.05 0.5197256642104102
6.0429 0.5161184598938368
6.0359 0.5139865445026565
6.0289 0.5128002122784969
6.0219 0.5117634581393695
6.0149 0.5107753704022235
6.0079 0.5102107735217515
6.001 0.5103914799993928
5.994 0.5100404847023529
5.9871 0.5091183441525194
5.9802 0.5087091399924949
5.9733 0.5077899922338833
5.9664 0.5062317850187829
5.9596 0.5051367225182728
5.9527 0.5043128638213406
5.9459 0.5037142634171536
5.9391 0.5025917902396182
5.9323 0.5006777330367246
5.9255 0.4996245277711658
5.9188 0.49919621039829204
5.912 0.49873773891125084
5.9053 0.49836786488000545
5.8986 0.49773767395807783
5.8919 0.4968950278893982
5.8852 0.496436687072204
5.8785 0.49613188392791013
5.8718 0.49654992767014144
5.8652 0.4973902131679628
5.8586 0.49807828319625985
5.852 0.49906345552120895
5.8454 0.5003972879705836
5.8388 0.501975996294494
5.8322 0.5039146881643601
5.8257 0.5055839084831881
5.8191 0.5066669793064896
5.8126 0.5076706391322994
5.8061 0.5085206929896209
5.7996 0.5091639200456493
5.7931 0.5094332043881677
5.7866 0.5092628569847981
5.7802 0.5087633318807808
5.7738 0.5079714859096165
5.7673 0.5067568492420046
5.7609 0.5055167748653518
5.7545 0.5047294809107432
5.7481 0.5038644314736951
5.7418 0.5028896157309778
5.7354 0.5022038376273263
5.7291 0.501672996665643
5.7228 0.5011392495919283
5.7165 0.5006798578620908
5.7102 0.5004638768348229
5.7039 0.5008908543894979
5.6976 0.5015313259968815
5.6914 0.5018412278870963
5.6851 0.5021679317034111
5.6789 0.5024197445996085
5.6727 0.5025721526435556
5.6665 0.5027785886758619
5.6603 0.5030701082134189
5.6541 0.5032725883778397
5.648 0.5032909450939763
5.6418 0.5029011905980946
5.6357 0.5025433271521795
5.6296 0.5024291866639822
5.6235 0.5021743866101979
5.6174 0.5019030768188005
5.6113 0.501654142851121
5.6052 0.5013516252667135
5.5992 0.5010780950531729
5.5931 0.5009148725977315
5.5871 0.5008550567543179
5.5811 0.5008056260946732
5.5751 0.5005424309449957
5.5691 0.5003848746200901
5.5631 0.5004479962886444
5.5572 0.5006092586588018
5.5512 0.5007237602234877
5.5453 0.5008804588708801
5.5393 0.5011555316997562
5.5334 0.5015274177408716
5.5275 0.5019259191071932
5.5217 0.5024588752578726
5.5158 0.5030250281008811
5.5099 0.503374563328468
5.5041 0.5036132497209431
5.4982 0.5038573481840933
5.4924 0.5041523001212581
5.4866 0.5043793329260307
5.4808 0.5045358121616075
5.475 0.5048032544076786
5.4692 0.5050438478614098
5.4635 0.505123941071175
5.4577 0.505228191064433
5.452 0.5054800857716746
5.4463 0.5058681274500385
5.4405 0.5062751850347423
5.4348 0.5066915146605482
5.4291 0.5070733408305781
5.4235 0.5072878106633153
5.4178 0.5073448159542064
5.4121 0.5075696289484345
5.4065 0.5079786602130245
5.4009 0.5082957268372014
5.3952 0.5083828670032644
5.3896 0.508285637299212
5.384 0.5080839586372128
5.3785 0.5077909524284119
5.3729 0.5075159521782593
5.3673 0.5073554027284951
5.3618 0.5070572139191727
5.3562 0.5065336365707966
5.3507 0.5058506647446142
5.3452 0.5051879741296051
5.3397 0.50470820390385
5.3342 0.5042774212111797
5.3287 0.5038323231158742
5.3232 0.5033559396825248
5.3178 0.5028714602160923
5.3123 0.5023895776741173
5.3069 0.5019308406027264
5.3015 0.5015621422133236
5.2961 0.5012840441936088
5.2907 0.5009484083868272
5.2852 0.5006061849150522
5.2799 0.5003418660953258
5.2745 0.5001416831196627
5.2691 0.5000032478477257
5.2638 0.4999331632287897
5.2584 0.4998695112360364
5.2531 0.49975045402751506
5.2478 0.4995153609621478
5.2425 0.499093812744251
5.2372 0.4985369946758846
5.2319 0.4979435369561113
5.2267 0.49741565489582473
5.2214 0.4969145587339394
5.2161 0.49633011208383315
5.2109 0.4956406578920877
5.2057 0.49496755584445534
5.2004 0.4943978190271453
5.1952 0.4940245294965458
5.19 0.49375956144123023
5.1848 0.49337102079549683
5.1796 0.4926229480394856
5.1745 0.4914311770625855
5.1693 0.4898225019400538
5.1642 0.48782540574126726
5.159 0.48522167557519863
5.1539 0.48162552784082074
5.1488 0.47655972035682065
5.1437 0.4695246500328971
5.1386 0.4602708345324022
5.1335 0.44928952807540007
5.1284 0.43848942986731665
5.1234 0.4302714793230622
5.1183 0.42593983746030806
5.1132 0.4257612547320334
5.1082 0.42963025237951175
5.1032 0.43761325445614824
5.0982 0.45006805529465516
5.0932 0.4672391178762427
5.0882 0.4885521288146943
5.0832 0.5114778066836252
5.0782 0.5322036377875569
5.0732 0.5477865190052509
5.0683 0.5573343630587374
5.0633 0.5614085678035114
5.0584 0.5609414065154281
5.0534 0.5566864681260061
5.0485 0.5490296233045613
5.0436 0.538338294027131
5.0387 0.5257127554126517
5.0338 0.5133449989946827
5.0289 0.5031699324397859
5.0241 0.49568521877001587
5.0192 0.4904560525917219
5.0144 0.48676184879308004
5.0095 0.4839090998970121
5.0047 0.48140586768332
4.9998 0.4789353513820995
4.995 0.4762536221838369
4.9902 0.4732425195939761
4.9854 0.469899952250143
4.9806 0.4661962022277382
4.9759 0.4620531850391037
4.9711 0.45736686763504397
4.9663 0.45201359133664204
4.9616 0.44592564566041804
4.9568 0.43896569800741597
4.9521 0.43103016238668557
4.9474 0.42204549729957863
4.9426 0.41175734240814227
4.9379 0.4000446402934081
4.9332 0.3871488425123297
4.9286 0.37376352745874786
4.9239 0.3609100612600931
4.9192 0.3497062634334596
4.9145 0.3410274550132351
4.9099 0.3355824686264479
4.9052 0.33368758939171567
4.9006 0.33569976681880187
4.896 0.34202812889879297
4.8914 0.35257665396887966
4.8867 0.3667267475054202
4.8821 0.38343193362553846
4.8776 0.4011835751251581
4.873 0.418882263224119
4.8684 0.4361499561007661
4.8638 0.453107976937119
4.8593 0.46994213604514407
4.8547 0.4861446766339733
4.8502 0.5010758578625161
4.8456 0.5141393579843156
4.8411 0.5249846175278916
4.8366 0.5335509899993969
4.8321 0.5402574673304293
4.8276 0.5451769138610437
4.8231 0.5479015803887759
4.8186 0.5478424978640833
4.8141 0.5450169948565035
4.8097 0.5400340087157055
4.8052 0.5338862491290689
4.8008 0.5281188379237488
4.7963 0.5242358731912892
4.7919 0.522970989419317
4.7875 0.5239238886893048
4.7831 0.5261940137869797
4.7786 0.5289981278930653
4.7743 0.5317377065412846
4.7699 0.5337809091946748
4.7655 0.5347846825660848
4.7611 0.5342895009639772
4.7567 0.5317119069636451
4.7524 0.5264273586935613
4.748 0.5186351919865179
4.7437 0.5095766302142797
4.7393 0.5004999335489717
4.735 0.4922402949793893
4.7307 0.48541477599294647
4.7264 0.4801054981121213
4.7221 0.47596891460707375
4.7178 0.4727605175322667
4.7135 0.47081602925650895
4.7092 0.47069978261875034
4.7049 0.47239530681571784
4.7007 0.475690990594439
4.6964 0.4804966213421287
4.6922 0.4866445795062509
4.6879 0.49379003153436335
4.6837 0.5018343159528879
4.6795 0.5108337034329826
4.6752 0.5203573441283906
4.671 0.5295102658080558
4.6668 0.5374781564360693
4.6626 0.5438151424700567
4.6584 0.5480317125028249
4.6543 0.5498078099400633
4.6501 0.5492444579488955
4.6459 0.5465466175931576
4.6418 0.5420075689568908
4.6376 0.536087539986885
4.6334 0.5295584049276971
4.6293 0.5230910374150096
4.6252 0.5170676392942206
4.6211 0.5116770165988891
4.617 0.5069391089558365
4.6128 0.5028121014343611
4.6087 0.49918194665489746
4.6047 0.4960333246016838
4.6006 0.49341562865725935
4.5965 0.4912013559993368
4.5924 0.4893349155186379
4.5884 0.4878662521233369
4.5843 0.48697073966525944
4.5802 0.4870269387207982
4.5762 0.4883198159047518
4.5722 0.49090960217834784
4.5681 0.4946500050396747
4.5641 0.49928622966271696
4.5601 0.5045871422303491
4.5561 0.5103531952929378
4.5521 0.5162831632131916
4.5481 0.5220888997367218
4.5441 0.527420361928533
4.5401 0.5319182103057283
4.5362 0.5354758738686594
4.5322 0.5380620172376155
4.5282 0.5397894257526874
4.5243 0.5406653431733298
4.5203 0.5406260386343591
4.5164 0.5397439719536552
4.5125 0.5382069890742021
4.5085 0.5361246643447511
4.5046 0.5336121577402867
4.5007 0.530776804578659
4.4968 0.5277324372709227
4.4929 0.5245057231543023
4.489 0.5212451327519073
4.4851 0.5181410886321955
4.4813 0.515388293661108
4.4774 0.5130603511003552
4.4735 0.5111269088014448
4.4697 0.5096279141729885
4.4658 0.5086686643410883
4.462 0.5082262555236776
4.4581 0.5082219743819291
4.4543 0.5086270935972795
4.4505 0.5093001939544941
4.4467 0.5100992850529494
4.4429 0.5108879066139199
4.4391 0.5116874322686553
4.4353 0.5125713581100418
4.4315 0.5134269570513419
4.4277 0.5141780290993675
4.4239 0.5148463860436042
4.4201 0.5153626646512766
4.4164 0.5156932121088864
4.4126 0.5158547915794136
4.4089 0.515938209828755
4.4051 0.5159752894987693
4.4014 0.5159196178806392
4.3976 0.5157446272757334
4.3939 0.515530724783936
4.3902 0.5153086011274047
4.3865 0.5150536645647242
4.3828 0.5148521591821118
4.3791 0.5148221779035149
4.3754 0.5149103849377562
4.3717 0.5149442751149667
4.368 0.5148426904650627
4.3643 0.5145706124658537
4.3607 0.514092896441216
4.357 0.5132917636518408
4.3533 0.512130872995943
4.3497 0.5105974754078746
4.346 0.5085754591360626
4.3424 0.5059920454286884
4.3388 0.5029842289792269
4.3351 0.49972850759887283
4.3315 0.49632368335528937
4.3279 0.4928614045780125
4.3243 0.48953162748162704
4.3207 0.48649871492067376
4.3171 0.4838762978259753
4.3135 0.4818008740693298
4.3099 0.4804866098154257
4.3063 0.48003936998804386
4.3028 0.48041792983624876
4.2992 0.4816070907176079
4.2956 0.4835511994913581
4.2921 0.4861378808849563
4.2885 0.48919916640385763
4.285 0.4925316228210936
4.2815 0.49600202168577584
4.2779 0.49945388312102834
4.2744 0.5026836535278351
4.2709 0.5056755816196082
4.2674 0.5083755292776668
4.2638 0.5107438940072977
4.2603 0.5128312432691594
4.2568 0.514727371066051
4.2534 0.5165691032698473
4.2499 0.5184838919026743
4.2464 0.5205160193920915
4.2429 0.5227083043932763
4.2394 0.5250131879676403
4.236 0.5273373191999781
4.2325 0.5296644880384369
4.2291 0.5319528603308956
4.2256 0.5341509802879784
4.2222 0.5361781816040826
4.2187 0.5379335986037145
4.2153 0.5394103549312563
4.2119 0.54059845373464
4.2085 0.5414798893772875
4.2051 0.5421556494778007
4.2016 0.5426739925859441
4.1982 0.5430292654289417
4.1948 0.5431899989597666
4.1915 0.5431218147490605
4.1881 0.5428100290677275
4.1847 0.5421785732219251
4.1813 0.5412441318402849
4.178 0.5400506533937224
4.1746 0.5386139085105834
4.1712 0.5369273512167926
4.1679 0.5350274357496971
4.1645 0.5330045274626966
4.1612 0.5309527844160711
4.1578 0.5288958018607125
4.1545 0.5269003244627098
4.1512 0.5250628259895802
4.1479 0.5233897348094863
4.1445 0.5218614157783773
4.1412 0.520472165766964
4.1379 0.5192319210923562
4.1346 0.518087845997733
4.1313 0.5170247341373617
4.128 0.5160797567170794
4.1248 0.5152713483255511
4.1215 0.514536390666163
4.1182 0.513821382557756
4.115 0.5131604325795357
4.1117 0.5125663921299263
4.1084 0.5120227130250959
4.1052 0.5115379701974166
4.1019 0.5111483753250068
4.0987 0.510827277250144
4.0954 0.5105029664533359
4.0922 0.5101940666829645
4.089 0.5099244834892662
4.0858 0.5096651760957149
4.0826 0.5093820278129282
4.0793 0.5090838402482135
4.0761 0.5087891129002997
4.0729 0.5084762684086773
4.0697 0.5081186378748129
4.0665 0.5077517029083553
4.0633 0.5073909675349185
4.0602 0.5070299283123373
4.057 0.5066378812203526
4.0538 0.5062639802013388
4.0507 0.5059235591025372
4.0475 0.5055938306039904
4.0443 0.5052651952537932
4.0412 0.504954584945585
4.038 0.5046651921505861
4.0349 0.5043558447322881
4.0317 0.5040252375726018
4.0286 0.5037078924691578
4.0255 0.503422590526614
4.0224 0.5031419385629611
4.0193 0.5028721590289592
4.0161 0.5025892727564969
4.013 0.5022779114307813
4.0099 0.5019529902394302
4.0068 0.5016542734256384
4.0037 0.5014221360655455
4.0006 0.5012809248668719
3.9976 0.5011780799913952
3.9945 0.5011075423205203
3.9914 0.5010839587546358
3.9883 0.5010898007437382
3.9853 0.5011729456414185
3.9822 0.5013889091304687
3.9792 0.501677148063428
3.9761 0.5019767414232654
3.9731 0.5022477942664277
3.97 0.5024763113220342
3.967 0.5026991822471542
3.9639 0.5029202555085646
3.9609 0.5031495575586433
3.9579 0.5033605391763563
3.9549 0.5035010757934768
3.9519 0.5035654057632373
3.9489 0.5035938663253119
3.9458 0.5036007338877522
3.9428 0.5036100044288486
3.9398 0.503590525237632
3.9369 0.503487334631077
3.9339 0.5033129143281152
3.9309 0.5030641451600796
3.9279 0.5027231873182705
3.9249 0.5022797612712716
3.922 0.5017112041811647
3.919 0.5010468904450929
3.916 0.5002689798215217
3.9131 0.4994130420891138
3.9101 0.4986243657338469
3.9072 0.49796536938081243
3.9042 0.4974213719461489
3.9013 0.4970071933541475
3.8984 0.49678512855403234
3.8954 0.49679056775979863
3.8925 0.4970030310470124
3.8896 0.4974488779187828
3.8867 0.49814304769887763
3.8838 0.49894051264666117
3.8809 0.4997017848377287
3.878 0.5004157803918144
3.8751 0.5010767180231055
3.8722 0.5016991147904735
3.8693 0.5022688025429309
3.8664 0.5027602328493154
3.8635 0.5031748371550421
3.8606 0.5034300846297116
3.8578 0.5035591148493846
3.8549 0.5036987929311789
3.852 0.5038482786499535
3.8492 0.5040059170272887
3.8463 0.5041662412644999
3.8435 0.5042648236647028
3.8406 0.5043347589150593
3.8378 0.5043999039957341
3.8349 0.5044471622447811
3.8321 0.5044670976818185
3.8293 0.5044114475505038
3.8264 0.5042987011277883
3.8236 0.5041472274902008
3.8208 0.5039074582749788
3.818 0.5036173091764777
3.8152 0.5033087908166582
3.8124 0.5029245025236965
3.8096 0.502502814896567
3.8068 0.5021014963170803
3.804 0.5017316879837703
3.8012 0.5013922424044281
3.7984 0.5010508380325059
3.7956 0.5007364158093462
3.7929 0.5004905163565176
3.7901 0.5002731912101074
3.7873 0.5000842083003011
3.7845 0.49993029695459945
3.7818 0.4997569165014623
3.779 0.4995845473578286
3.7763 0.4994394353346296
3.7735 0.49931621534629383
3.7708 0.49922787845848726
3.7681 0.49918878710134035
3.7653 0.49915375833170245
3.7626 0.49914708067973146
3.7599 0.49915934590403793
3.7571 0.49923262775141447
3.7544 0.49937040008489286
3.7517 0.49948682498433433
3.749 0.499627825544776
3.7463 0.49979091674982457
3.7436 0.49988774457984037
3.7409 0.49994154233162397
3.7382 0.4999865293240009
3.7355 0.5000492411601968
3.7328 0.500118536019264
3.7301 0.5001337270592583
3.7274 0.5001394026236232
3.7247 0.5001437337792094
3.7221 0.5001124790908197
3.7194 0.5001136004416367
3.7167 0.50014923240312
3.7141 0.5001599342799852
3.7114 0.5001702061302
3.7088 0.5001636471618393
3.7061 0.5001472766545384
3.7035 0.5001483139820216
3.7008 0.5001334867103729
3.6982 0.5001305926076777
3.6955 0.5000860624451889
3.6929 0.5000028892974889
3.6903 0.49996053309582705
3.6877 0.49991832393459146
3.685 0.49984956906286476
3.6824 0.49977465376653507
3.6798 0.49968179092544474
3.6772 0.49957594184092174
3.6746 0.4994713219130008
3.672 0.4993766049814378
3.6694 0.4993406829571868
3.6668 0.49931223633289396
3.6642 0.49925948757303534
3.6616 0.4992318574749204
3.659 0.49921489666507424
3.6564 0.4991777294363495
3.6539 0.4991621367682274
3.6513 0.499165657192035
3.6487 0.4991934357121906
3.6462 0.49921484833513236
3.6436 0.4991944685254493
3.641 0.4991444073223815
3.6385 0.49907128010880114
3.6359 0.4989877113760501
3.6334 0.49895223759042096
3.6308 0.49893771680897764
3.6283 0.4989017012738854
3.6258 0.49885638945956606
3.6232 0.49878672924140777
3.6207 0.498726973265788
3.6182 0.49871211659156806
3.6156 0.49873845219295637
3.6131 0.4987937996761958
3.6106 0.498866885081956
3.6081 0.49890710134813293
3.6056 0.49893445993711
3.6031 0.4989736506317937
3.6006 0.49901745868296565
3.5981 0.4990694738533971
3.5956 0.49913433942108254
3.5931 0.49918422376145927
3.5906 0.4992154584082747
3.5881 0.4992236479427791
3.5856 0.49923900121869463
3.5832 0.49923913062446884
3.5807 0.49919730697691034
3.5782 0.4991714081383334
3.5758 0.49915885799380066
3.5733 0.49910408742398693
3.5708 0.4990123669137327
3.5684 0.4989549240026233
3.5659 0.49891809712089213
3.5635 0.49885662992075575
3.561 0.4987972471512144
3.5586 0.4988165223614393
3.5561 0.49886020800812636
3.5537 0.49881926270837945
3.5513 0.4987632217779742
3.5488 0.4987736733456502
3.5464 0.4987572038482422
3.544 0.4986702923184923
3.5415 0.498575770760554
3.5391 0.4984833651679764
3.5367 0.49828647625528594
3.5343 0.49796006785919844
3.5319 0.4976614394071617
3.5295 0.4974088981147086
3.5271 0.4970693257910767
3.5247 0.4966729795962783
3.5223 0.49632528745040433
3.5199 0.4960202360470353
3.5175 0.49578785474190623
3.5151 0.4957029481551208
3.5128 0.49580978859358493
3.5104 0.4960692825905416
3.508 0.496394787194727
3.5056 0.49684810132238166
3.5033 0.4974466679430292
3.5009 0.4980843720240635
3.4985 0.4987214197401275
3.4962 0.4993249795848109
3.4938 0.4997996308439428
3.4915 0.5001423290235332
3.4891 0.500355060896039
3.4868 0.5004788121684964
3.4844 0.500538455959886
3.4821 0.5004962735685025
3.4798 0.5004031056134142
3.4774 0.5002988362512041
3.4751 0.5001659626081371
3.4728 0.5000446264439635
3.4704 0.4999551488912543
3.4681 0.49988012067317866
3.4658 0.4997636482095053
3.4635 0.4995814306505948
3.4612 0.4993498249755924
3.4589 0.49904688363900196
3.4566 0.4986938574503344
3.4543 0.4983219937613595
3.452 0.4979493199180655
3.4497 0.49754939164196754
3.4474 0.4971053965114354
3.4451 0.4966503643359138
3.4428 0.49623763723049147
3.4405 0.49587311691960234
3.4382 0.4955872390884796
3.4359 0.4954043535652181
3.4337 0.49530494474614867
3.4314 0.49528391305905617
3.4291 0.49534655106581643
3.4269 0.4955570918724005
3.4246 0.49594242692630985
3.4223 0.4963744834136479
3.4201 0.49686058589067955
3.4178 0.4974315485930166
3.4156 0.498053145863696
3.4133 0.4986998766415672
3.4111 0.4993690933866707
3.4088 0.5000243972979631
3.4066 0.500598606030284
3.4043 0.5010384163404338
3.4021 0.5013958465707541
3.3999 0.5017354343495528
3.3977 0.5020248875704844
3.3954 0.5021829432537203
3.3932 0.5022093764311781
3.391 0.5020938409764784
3.3888 0.501876391012316
3.3866 0.5016189235146714
3.3844 0.5013930029060172
3.3822 0.5012201991706547
3.3799 0.5010531233193275
3.3777 0.5008843537770785
3.3755 0.5007256803960184
3.3733 0.5006205660385121
3.3712 0.5005624410778347
3.369 0.5005715226271271
3.3668 0.5006098030912569
3.3646 0.5006020062000994
3.3624 0.5005641093838438
3.3602 0.5004895271210422
3.358 0.5003581208085218
3.3559 0.5002077216613243
3.3537 0.500028281526383
3.3515 0.4998399854685275
3.3494 0.49961300049483476
3.3472 0.49932508931355074
3.3451 0.4989847759829131
3.3429 0.4985984456629069
3.3407 0.49813346456206103
3.3386 0.4975981943556585
3.3364 0.49701145957503323
3.3343 0.49634226217905336
3.3321 0.49558903064894505
3.33 0.49476621117294767
3.3279 0.49392195309740317
3.3257 0.49315367214118455
3.3236 0.49253338468118224
3.3215 0.4921265181595284
3.3194 0.4919350980393596
3.3172 0.49193653715785474
3.3151 0.4921626008022225
3.313 0.4926764978520439
3.3109 0.4934702832810731
3.3088 0.49446424966327684
3.3066 0.49557873987842294
3.3045 0.49670369204479026
3.3024 0.49768736414788506
3.3003 0.4985095929056378
3.2982 0.4992437077359844
3.2961 0.4998997558856961
3.294 0.500383042767111
3.292 0.5006446633201066
3.2899 0.500772972646336
3.2878 0.5008391238011509
3.2857 0.5008503384593879
3.2836 0.5008708359059745
3.2815 0.5009305780425154
3.2795 0.5009462994824099
3.2774 0.5008835929447834
3.2753 0.5008097420780545
3.2732 0.5007788990835652
3.2712 0.5007477532960423
3.2691 0.5006653414798734
3.2671 0.5005154908091893
3.265 0.5003851724804945
3.263 0.500266217305325
3.2609 0.5001712761899391
3.2588 0.5001306255476192
3.2568 0.5000762139795755
3.2548 0.49997485276326786
3.2527 0.4998560565486611
3.2507 0.49972191917601017
3.2486 0.49955952072436516
3.2466 0.4993451848130107
3.2446 0.4990362269611323
3.2426 0.498662291528313
3.2405 0.4982679555389117
3.2385 0.4978622074696386
3.2365 0.4974660051013632
3.2345 0.4970669566004761
3.2324 0.49668330706757796
3.2304 0.4963897544254078
3.2284 0.49617561865575766
3.2264 0.4960587450017364
3.2244 0.4960135061786625
3.2224 0.49600092350827113
3.2204 0.496046691394372
3.2184 0.4961614327345932
3.2164 0.49635743709148256
3.2144 0.49660203050929014
3.2124 0.4968448968130764
3.2104 0.49706760916325665
3.2084 0.49725825835399845
3.2064 0.49744698028075507
3.2045 0.49764063553411736
3.2025 0.4978415946711548
3.2005 0.49801902686182037
3.1985 0.4981410715646355
3.1966 0.49822714316106503
3.1946 0.49824791882365743
3.1926 0.4981983415160664
3.1907 0.4981464335331872
3.1887 0.4981256968435222
3.1867 0.4980980307302792
3.1848 0.4980451025422705
3.1828 0.49797091576995584
3.1809 0.49787556310312187
3.1789 0.4977950081132326
3.177 0.4977493612643912
3.175 0.4977672589019725
3.1731 0.4978222753699253
3.1711 0.4978270311129124
3.1692 0.497794858355546
3.1673 0.4977806979801197
3.1653 0.4978264900433036
3.1634 0.4979164099776786
3.1615 0.49797359353893067
3.1596 0.49801034459367305
3.1576 0.4980408530659996
3.1557 0.49809367340098076
3.1538 0.49817399289323583
3.1519 0.49828475959011476
3.15 0.49839320838915707
3.1481 0.49841788300363765
3.1461 0.4983817127922768
3.1442 0.49833931715684254
3.1423 0.49833066585777636
3.1404 0.49834568013420305
3.1385 0.49830505546617476
3.1366 0.4981934804414744
3.1347 0.49807473773802147
3.1328 0.4979316992463536
3.1309 0.4978041972663635
3.129 0.49772757032390963
3.1272 0.49768245273136863
3.1253 0.49764626393533873
3.1234 0.4976007606171939
3.1215 0.49754413343137766
3.1196 0.49756249307679795
3.1178 0.49762314149893794
3.1159 0.4977069174452789
3.114 0.4978129628638092
3.1121 0.49787212435596917
3.1103 0.4979336848872887
3.1084 0.4979830811238014
3.1065 0.49799940468818915
3.1047 0.49807177289769683
3.1028 0.49815684662207504
3.101 0.49816849843440897
3.0991 0.498145456941639
3.0973 0.4981559920716129
3.0954 0.49822702592618184
3.0936 0.49834300930121395
3.0917 0.4984563684885372
3.0899 0.498545313583874
3.088 0.4985856633986809
3.0862 0.4985914586554863
3.0844 0.4986393327697012
3.0825 0.4987215708108352
3.0807 0.49877255828940925
3.0789 0.49877074538597044
3.077 0.49868001831990544
3.0752 0.4985711053228578
3.0734 0.49853356622014067
3.0716 0.49858207546395483
3.0698 0.49864692068594935
3.068 0.4986427440181029
3.0661 0.4985955606738784
3.0643 0.4985885777356685
3.0625 0.49862156744869573
3.0607 0.4986306319342456
3.0589 0.4986771429878941
3.0571 0.4987182456759842
3.0553 0.4986745349821985
3.0535 0.49860155579221216
3.0517 0.4985947190337566
3.0499 0.4986857783619091
3.0481 0.4987663847083509
3.0463 0.4987914564758222
3.0445 0.4988722363957353
3.0427 0.4989840927137483
3.041 0.49906655844755726
3.0392 0.49916982701229706
3.0374 0.4992548069152083
3.0356 0.49929123585922475
3.0338 0.49927788673339657
3.0321 0.49924209177485324
3.0303 0.4992470213147127
3.0285 0.4992317904238
3.0268 0.4991270483185021
3.025 0.4989925464833185
3.0232 0.49887833731661063
3.0215 0.49883371808536453
3.0197 0.49886733201072403
3.0179 0.49887305441993535
3.0162 0.49883843883384704
3.0144 0.49880882369452995
3.0127 0.49880397864536596
3.0109 0.4988529186846801
3.0092 0.49896121837264995
3.0074 0.49906021588524085
3.0057 0.49912023783791676
3.004 0.4990809496341913
3.0022 0.4990280551984414
3.0005 0.49904745352326585
2.9987 0.4990828352950115
2.997 0.4990633503159428
2.9953 0.4990114635859641
2.9935 0.49896402817054236
2.9918 0.4988999542968237
2.9901 0.4988367715688576
2.9884 0.49883724601321733
2.9867 0.4988825198257301
2.9849 0.49887852367979624
2.9832 0.4988724036408464
2.9815 0.49892781992949636
2.9798 0.4989735267049487
2.9781 0.49898724775981307
2.9764 0.4990031018943015
2.9747 0.49901245184426646
2.9729 0.49903804112158284
2.9712 0.4990544155099297
2.9695 0.4990945374723658
2.9678 0.49912837396110055
2.9661 0.4991200655365231
2.9645 0.4990951650458677
2.9628 0.4990956133219763
2.9611 0.49911175984787104
2.9594 0.4991444148375133
2.9577 0.49916411644961567
2.956 0.49921214932958086
2.9543 0.49928245549022937
2.9526 0.4993151487380236
2.951 0.49936583667934287
2.9493 0.4994737042555028
2.9476 0.49957549261864026
2.9459 0.4996935187957661
2.9442 0.49983653933283145
2.9426 0.4999901924290682
2.9409 0.5001457180141038
2.9392 0.5002208773997262
2.9376 0.5002583016225053
2.9359 0.5003440927253321
2.9343 0.5004296876768048
2.9326 0.5004965733871962
2.9309 0.5005624602322745
2.9293 0.500625915180426
2.9276 0.5006319354320057
2.926 0.5005070747020219
2.9243 0.500376443996212
2.9227 0.5003756278456098
2.921 0.5004222442235273
2.9194 0.500442188545942
2.9177 0.5004517479157771
2.9161 0.5004514067910282
2.9145 0.5004191176658735
2.9128 0.5003953835453633
2.9112 0.5005056555430971
2.9096 0.5007799304610242
2.9079 0.5010274503561826
2.9063 0.501095244124141
2.9047 0.5010967636139948
2.903 0.5011567313112735
2.9014 0.5012095310339973
2.8998 0.5012146245932932
2.8982 0.5012663191508289
2.8966 0.5013022512667837
2.8949 0.5011898322242498
2.8933 0.5010221706120462
2.8917 0.5009699092712847
2.8901 0.5010132327812156
2.8885 0.5009936702379251
2.8869 0.5009370485091675
2.8853 0.5009716413733528
2.8837 0.5009967906545414
2.8821 0.5009726958927689
2.8805 0.5009895587832999
2.8789 0.501030060545532
2.8773 0.5010686268564467
2.8757 0.5011046920358335
2.8741 0.501175636774386
2.8725 0.5013367617255264
2.8709 0.5015132977346144
2.8693 0.5017101213496402
2.8677 0.501971929419681
2.8661 0.5022252232828157
2.8645 0.5024771441323035
2.863 0.5027289477759491
2.8614 0.5029014996748813
2.8598 0.5030254232846145
2.8582 0.5031074268780128
2.8567 0.5031412810127662
2.8551 0.503100117891911
2.8535 0.5030378670995356
2.8519 0.5030533426368543
2.8504 0.5030853951941245
2.8488 0.5031049403652217
2.8472 0.5031945084432569
2.8457 0.5033372125213289
2.8441 0.5034683262013042
2.8426 0.5036181730048092
2.841 0.5037928431903591
2.8394 0.5039226569858754
2.8379 0.5039419053848325
2.8363 0.5039090585506987
2.8348 0.5039432853113047
2.8332 0.503996821418942
2.8317 0.5039718343391639
2.8302 0.5039413934652637
2.8286 0.5039112948485207
2.8271 0.5039005654253208
2.8255 0.5039186327788977
2.824 0.5039552479152241
2.8224 0.5040571741930183
2.8209 0.5041193975761369
2.8194 0.5041075043233233
2.8178 0.5041957812276061
2.8163 0.5043761267399128
2.8148 0.5044689704699712
2.8133 0.5045076963497522
2.8117 0.5045426666374935
2.8102 0.5046068395360429
2.8087 0.5046906581999437
2.8072 0.5047091516983626
2.8056 0.5046884851203566
2.8041 0.5046321739868095
2.8026 0.5045132878639428
2.8011 0.5044926392900105
2.7996 0.5045387241323399
2.7981 0.504542960249905
2.7966 0.5045186467258673
2.7951 0.5044550290400689
2.7936 0.504429150034652
2.7921 0.5044934972769648
2.7906 0.5045673396972447
2.789 0.504576675313563
2.7875 0.5044339678383183
2.786 0.5043191443359808
2.7845 0.5044906977695811
2.7831 0.5047416341363307
2.7816 0.5049484331486292
2.7801 0.5051398090778748
2.7786 0.5053346533089897
2.7771 0.5055832080555184
2.7756 0.505816004981508
2.7741 0.5060569324609956
2.7726 0.5062711048250165
2.7712 0.5062652203650386
2.7697 0.5063100393665915
2.7682 0.5064232266028074
2.7667 0.5063270139217845
2.7652 0.5061387049938113
2.7638 0.5058552108141433
2.7623 0.5055649365693218
2.7608 0.5054406357881761
2.7594 0.5054598234784274
2.7579 0.5054629130007107
2.7564 0.505280644603321
2.755 0.5049843391358465
2.7535 0.5050799681121523
2.752 0.505409154529392
2.7506 0.5055717986950004
2.7491 0.5058157671074445
2.7477 0.5060658972590548
2.7462 0.5060355245098563
2.7447 0.5058913576584887
2.7433 0.5058034422991222
2.7418 0.5057621140066786
2.7404 0.5054347492115091
2.7389 0.5049394842394072
2.7375 0.5048775765229847
2.7361 0.504895731832835
2.7346 0.5049101277867959
2.7332 0.5050961441539654
2.7317 0.5052144178019444
2.7303 0.5053078168031874
2.7289 0.5053587529874622
2.7274 0.5054575720855657
2.726 0.5055339801447774
2.7246 0.5054429683754498
2.7231 0.5051627471962972
2.7217 0.5048192723831572
2.7203 0.5041817288807069
2.7188 0.5034514386723701
2.7174 0.5030364799995639
2.716 0.5028271407240633
2.7146 0.5028108979122464
2.7132 0.5028405907511608
2.7117 0.5026604086211692
2.7103 0.5023064619540452
2.7089 0.5019893871888199
2.7075 0.5022424670876177
2.7061 0.5029688604794643
2.7047 0.503352215675919
2.7033 0.5035486500288964
2.7018 0.5036185722104078
2.7004 0.503615542693333
2.699 0.5037913611815974
2.6976 0.5043440401295427
2.6962 0.5048920802532268
2.6948 0.5049731635962957
2.6934 0.504650408429544
2.692 0.504453327600014
2.6906 0.5045274179001248
2.6892 0.5047548265150201
2.6878 0.5049023228470403
2.6864 0.5048386166268208
2.685 0.5046211664993733
2.6837 0.5046890796992011
2.6823 0.504901070137552
2.6809 0.5050480235829171
2.6795 0.5053338030894595
2.6781 0.5053310216328686
2.6767 0.5049059315097101
2.6753 0.5042354159456977
2.674 0.5037951210169509
2.6726 0.5035482539920435
2.6712 0.5029440440752395
2.6698 0.50185857647481
2.6685 0.5010543568969867
2.6671 0.5003421068443357
2.6657 0.4994892639635126
2.6644 0.4987988427021684
2.663 0.49858953439985354
2.6616 0.49854418630187497
2.6603 0.49839084292870345
2.6589 0.49831599298951595
2.6575 0.49872768950198515
2.6562 0.4991136233068025
2.6548 0.49914935623256157
2.6534 0.4993665367268399
2.6521 0.499653066378043
2.6507 0.4998460424305648
2.6494 0.4999288593312236
2.648 0.5000377170918962
2.6467 0.5001470319969182
2.6453 0.5001734090536187
2.644 0.500306060251836
2.6426 0.5007930180318798
2.6413 0.5011045985720334
2.6399 0.5013823251514925
2.6386 0.5017865869309099
2.6372 0.501887071078924
2.6359 0.5017979321564733
2.6346 0.5016864872515976
2.6332 0.5018562554183058
2.6319 0.5019590438288024
2.6306 0.5014894916103111
2.6292 0.5011874138349169
2.6279 0.5011037961485243
2.6266 0.5007620452957688
2.6252 0.5004799576409987
2.6239 0.500462877255771
2.6226 0.5005759248909832
2.6212 0.5005039970954436
2.6199 0.5001255944120652
2.6186 0.5000979638351148
2.6173 0.5003929328958678
2.616 0.5002052348131493
2.6146 0.5000609298170214
2.6133 0.5002396637563027
2.612 0.5002280986887345
2.6107 0.5000611874282681
2.6094 0.4999366022604372
2.6081 0.5003360660169799
2.6067 0.501014354834423
2.6054 0.5010165998428383
2.6041 0.5008326133468283
2.6028 0.5008134695476986
2.6015 0.5007532449840526
2.6002 0.5007991617887897
2.5989 0.5009700884400448
2.5976 0.5010609387966237
2.5963 0.5008928822647282
2.595 0.5000992780240998
2.5937 0.4992072668477569
2.5924 0.4990724855552533
2.5911 0.49917196726456997
2.5898 0.49924138676398916
2.5885 0.4992653402822156
2.5872 0.4990528707911364
2.5859 0.49890612790826194
2.5847 0.4989067917382943
2.5834 0.4988920942777912
2.5821 0.49933834546634065
2.5808 0.4997270667787902
2.5795 0.49973740801983224
2.5782 0.4996695129812499
2.577 0.4996088557670532
2.5757 0.49972393758589906
2.5744 0.49992205624841485
2.5731 0.499888795800369
2.5718 0.49996124761664085
2.5706 0.5001084402104943
2.5693 0.5000018694873491
2.568 0.49990187557004334
2.5667 0.4998563567862553
2.5655 0.49986040443963564
2.5642 0.49978495461068895
2.5629 0.49946905859196755
2.5617 0.49916456584681074
2.5604 0.4990284095436297
2.5591 0.4989427647069936
2.5579 0.49900897810497374
2.5566 0.49914591446667983
2.5554 0.499234483543269
2.5541 0.49930770910883693
2.5528 0.4993265566732649
2.5516 0.49938773422189425
2.5503 0.49952922471816025
2.5491 0.499694152132493
2.5478 0.4997891893235856
2.5466 0.4998380559775169
2.5453 0.4999300629937212
2.5441 0.5000100240224821
2.5428 0.4999651506771584
2.5416 0.4999393060871687
2.5403 0.5000296593940974
2.5391 0.5000991055409818
2.5379 0.500132717779263
2.5366 0.5001423593271397
2.5354 0.5001226671180394
2.5341 0.5000225506305643
2.5329 0.4998955563661356
2.5317 0.4998284224186106
2.5304 0.49984166605776514
2.5292 0.49979480352686934
2.528 0.49972583899717704
2.5267 0.49973923973178375
2.5255 0.4997779138326782
2.5243 0.4998003515314515
2.523 0.4998254092354144
2.5218 0.49985445545809043
2.5206 0.49986479183487015
2.5194 0.49984388878121583
2.5181 0.4998307650581249
2.5169 0.49985936164093303
2.5157 0.49987337395578996
2.5145 0.4998504525629425
2.5133 0.49983373144664794
2.512 0.4998577323856964
2.5108 0.4998765426954213
2.5096 0.49988205323281854
2.5084 0.4999026189114661
2.5072 0.4999719125180302
2.506 0.5000385045626147
2.5048 0.5000818163751778
2.5035 0.5001279462559991
2.5023 0.5001723707879346
2.5011 0.5001958366892202
2.4999 0.5001763552090869
2.4987 0.5001824792780828
2.4975 0.5002424069585056
2.4963 0.5002634401260945
2.4951 0.5002374847864518
2.4939 0.5002085904291284
2.4927 0.5001955992543471
2.4915 0.5001586093805248
2.4903 0.500127221075271
2.4891 0.5001493419191009
2.4879 0.5002201666299868
2.4867 0.5002468787472667
2.4855 0.5002223077372238
2.4844 0.5002058293015569
2.4832 0.5001741489959127
2.482 0.5001397353605151
2.4808 0.5001399256957624
2.4796 0.5001953371713009
2.4784 0.5002398956345558
2.4772 0.5002159524958424
2.476 0.5001547248081146
2.4749 0.5001280487151097
2.4737 0.5001354451211754
2.4725 0.5001695601833206
2.4713 0.5002105989069712
2.4701 0.5002747579268731
2.469 0.5003039672469728
2.4678 0.5002843946370427
2.4666 0.5002318521865748
2.4655 0.5001898957207237
2.4643 0.5002140718766235
2.4631 0.500219618777868
2.4619 0.5001989922643002
2.4608 0.500193554576976
2.4596 0.500162411945886
2.4584 0.5000844666874039
2.4573 0.5000211877898396
2.4561 0.49998472416941914
2.4549 0.49999847824694976
2.4538 0.5000245827948532
2.4526 0.5000268046242542
2.4515 0.500051115215803
2.4503 0.5001171024792084
2.4491 0.5001718285925703
2.448 0.5002221832403119
2.4468 0.5002469437385356
2.4457 0.5002610418356613
2.4445 0.5003044917193519
2.4434 0.5003262917447691
2.4422 0.500369094934305
2.4411 0.5004132348835966
2.4399 0.5003518173174109
2.4388 0.500243039948588
2.4376 0.5001683505619869
2.4365 0.500184393409388
2.4353 0.5002844885461586
2.4342 0.5003619653970313
2.4331 0.5003866968344717
2.4319 0.5003690030434355
2.4308 0.5003132824029438
2.4296 0.5002733990331882
2.4285 0.5003336430362848
2.4274 0.5004016931428741
2.4262 0.5003858138453305
2.4251 0.5003014866822995
2.424 0.5001905200470464
2.4228 0.5001055025766268
2.4217 0.5000795433058735
2.4206 0.5000876804196055
2.4194 0.5001231262633572
2.4183 0.5001364124983254
2.4172 0.500097894669536
2.416 0.5000679603596846
2.4149 0.5001088777322026
2.4138 0.5001716151964964
2.4127 0.5002062354324898
2.4116 0.5002518586973551
2.4104 0.5002767161416077
2.4093 0.5002771945266458
2.4082 0.5002419326905819
2.4071 0.5002485950067852
2.4059 0.5003122424029323
2.4048 0.5003441264538818
2.4037 0.5003228542895267
2.4026 0.5003066829850182
2.4015 0.5002661249485918
2.4004 0.5001873586796894
2.3993 0.5001320975482416
2.3982 0.5001554757257151
2.3971 0.5002059160145799
2.396 0.5001854689720429
2.3948 0.5001422494657856
2.3937 0.5001642896633766
2.3926 0.5002000192712499
2.3915 0.5002236048998638
2.3904 0.5003173010631186
2.3893 0.5004008195205043
2.3882 0.5003779887876423
2.3871 0.5003152572641304
2.386 0.5002842284604329
2.3849 0.5002962376106717
2.3838 0.5002893449654762
2.3827 0.5002080384231344
2.3816 0.500139229074708
2.3805 0.5000762453962588
2.3795 0.500024082371483
2.3784 0.499998720448913
2.3773 0.5000369329097119
2.3762 0.5001098624364103
2.3751 0.5001175895058518
2.374 0.5000841139239218
2.3729 0.5000721022707912
2.3718 0.5000965273416603
2.3708 0.500137872644288
2.3697 0.5001699484699957
2.3686 0.500178654795964
2.3675 0.500150098999055
2.3664 0.5000932967248111
2.3653 0.5000363387769403
2.3643 0.500027179614696
2.3632 0.5000516812810168
2.3621 0.5000821654188974
2.361 0.5000821061252914
2.36 0.5000568481436116
2.3589 0.5000980784812674
2.3578 0.5001339727220961
2.3567 0.500150589851412
2.3557 0.5001977587879751
2.3546 0.5002284353486124
2.3535 0.5002644036664518
2.3525 0.5002979036367713
2.3514 0.5003038383772672
2.3503 0.500298841922207
2.3493 0.5002575147186538
2.3482 0.5001714214081929
2.3471 0.500105448293483
2.3461 0.5000719361571687
2.345 0.5000393239030315
2.344 0.49999671819182945
2.3429 0.49990863353287585
2.3418 0.4998351744084748
2.3408 0.49984774940876603
2.3397 0.4999100074606719
2.3387 0.499992597177719
2.3376 0.5000760883051665
2.3366 0.5001529095660084
2.3355 0.5001943302925311
2.3345 0.5002110061676269
2.3334 0.5002467995021976
2.3324 0.5003035934103335
2.3313 0.5003231601931668
2.3303 0.5003332975772714
2.3292 0.5003416544198186
2.3282 0.5003020312515595
2.3271 0.5002093047600323
2.3261 0.5001465521262589
2.325 0.5001393487597786
2.324 0.5001411808988828
2.323 0.5001443904010143
2.3219 0.5001119328674288
2.3209 0.5000219024140986
2.3198 0.4998895594999282
2.3188 0.49980266627650494
2.3178 0.49983385541638886
2.3167 0.4999264702597871
2.3157 0.49996606742316013
2.3147 0.49999820207181644
2.3136 0.5000345071406003
2.3126 0.5000851796461351
2.3116 0.500152778953496
2.3105 0.5002725896890239
2.3095 0.5003888634066546
2.3085 0.5003921359859401
2.3074 0.5003091701573723
2.3064 0.5002442035721804
2.3054 0.500208366106468
2.3044 0.5001488942341867
2.3034 0.5000520416776427
2.3023 0.49992708592386076
2.3013 0.49984432111249233
2.3003 0.4998345739082444
2.2993 0.4998688421292759
2.2982 0.4999283109171172
2.2972 0.5000092153014343
2.2962 0.5000447438288291
2.2952 0.5000461898636374
2.2942 0.5001354526491438
2.2932 0.5002695155384314
2.2921 0.5003590013607861
2.2911 0.5003802711513259
2.2901 0.500296396481819
2.2891 0.5001850384182177
2.2881 0.5001273397114642
2.2871 0.5001065308788604
2.2861 0.5001145181491712
2.2851 0.5000785089806162
2.2841 0.49999365636953513
2.2831 0.4998781426353922
2.2821 0.49978683446310007
2.2811 0.49983333489744797
2.2801 0.4999317278101046
2.279 0.49996521071329275
2.278 0.49993307868081444
2.2771 0.49985182369279463
2.2761 0.4997668526204884
2.275 0.49975720873858437
2.274 0.4998259943315589
2.2731 0.4999612318647415
2.2721 0.5000130402095151
2.2711 0.49996711150266937
2.2701 0.4999543686049049
2.2691 0.5000133832960938
2.2681 0.5001388924372359
2.2671 0.5002889406384711
2.2661 0.5004202381210316
2.2651 0.5004826556505818
2.2641 0.5004215773457148
2.2631 0.50036035807518
2.2621 0.5003952879086954
2.2612 0.5004246674856772
2.2602 0.5003875292311691
2.2592 0.500301716046928
2.2582 0.5002050836547371
2.2572 0.5001169296406567
2.2562 0.5000610883236455
2.2553 0.50004782957048
2.2543 0.5000462676529615
2.2533 0.5000056423000515
2.2523 0.4999471940601795
2.2513 0.49991881099952973
2.2504 0.4999611728192607
2.2494 0.49996970587968076
2.2484 0.49995352718266267
2.2474 0.49995343729693925
2.2465 0.4999537004134322
2.2455 0.5000184002285795
2.2445 0.5001379419341108
2.2435 0.5002086467083104
2.2426 0.5002381604962254
2.2416 0.5002030387369214
2.2406 0.5001627618384434
2.2397 0.5002079919707173
2.2387 0.5002482370885762
2.2377 0.5002282739257022
2.2368 0.5001535080791076
2.2358 0.4999704316766894
2.2348 0.49981344642527886
2.2339 0.4998166408016441
2.2329 0.49987027490961755
2.232 0.49995402048361426
2.231 0.500005638505848
2.23 0.5000163057808041
2.2291 0.5000497508209463
2.2281 0.5001017607500693
2.2272 0.5002017662803474
2.2262 0.500345950208267
2.2252 0.5003660330576027
2.2243 0.5003128153561316
2.2233 0.5002934480799834
2.2224 0.5002206534777192
2.2214 0.5000797061908957
2.2205 0.49998638301159554
2.2195 0.4999242279563051
2.2186 0.4999091689519935
2.2176 0.4998625772302091
2.2167 0.499816285286174
2.2157 0.4998194505469093
2.2148 0.4997760756779796
2.2138 0.4997207538189951
2.2129 0.4997942401820076
2.212 0.499910578150851
2.211 0.4999705662679948
2.2101 0.5000058983812992
2.2091 0.5000549015140849
2.2082 0.5001156321081225
2.2073 0.5001704522363466
2.2063 0.5002346368637578
2.2054 0.5003054250506811
2.2044 0.500307442525649
2.2035 0.5002327174688526
2.2026 0.5002140328924477
2.2016 0.5002094302941065
2.2007 0.5001607351327227
2.1998 0.5000496582827992
2.1988 0.4999807509644172
2.1979 0.49994859040912615
2.197 0.4999535121068746
2.196 0.4999751567866748
2.1951 0.5000285975617084
2.1942 0.5000522312146449
2.1932 0.5000168142682067
2.1923 0.49999254606703913
2.1914 0.5000534206091451
2.1905 0.5001033316003521
2.1895 0.5001027599662429
2.1886 0.500106275280832
2.1877 0.500137993797241
2.1868 0.5001519382801927
2.1858 0.5001062733750887
2.1849 0.5000801167266627
2.184 0.5001263308495776
2.1831 0.5002027371010397
2.1822 0.5002069872998507
2.1812 0.5002008196120075
2.1803 0.5001319712917814
2.1794 0.499972120834831
2.1785 0.49983088424601535
2.1776 0.49982801202639265
2.1767 0.49991793089284486
2.1758 0.4999492007713165
2.1749 0.49984492242395173
2.1739 0.4997564356809683
2.173 0.49973635587503595
2.1721 0.4997709533763194
2.1712 0.4999076938504233
2.1703 0.5000861120327657
2.1694 0.5001312523181506
2.1685 0.500035504775349
2.1676 0.4999537267900281
2.1667 0.4999863670687535
2.1658 0.500099862618848
2.1649 0.5001681202812218
2.1639 0.5001804135682094
2.1631 0.5001735298171479
2.1622 0.5000786760973236
2.1612 0.5000233933153341
2.1604 0.5000730646502595
2.1595 0.5001291497739995
2.1585 0.5001447990960193
2.1576 0.5001008141194982
2.1568 0.500026280607811
2.1559 0.49994437683280646
2.155 0.49993178974468916
2.1541 0.5000068139598403
2.1532 0.5001445504314139
2.1523 0.5001923486518071
2.1514 0.5001593685529849
2.1505 0.50014858985114
2.1496 0.5001274023452653
2.1487 0.5001715879356565
2.1478 0.5002687410594026
2.1469 0.5002881475685045
2.146 0.5002215431644841
2.1452 0.5000643481137689
2.1443 0.4999267103548772
2.1434 0.4999458294037766
2.1425 0.5000270949613471
2.1416 0.5000982897695496
2.1407 0.5000988695748458
2.1398 0.500068688748806
2.139 0.5000649843948037
2.1381 0.5000599721445399
2.1372 0.5000560042596708
2.1363 0.5001245209694178
2.1354 0.5001280624369754
2.1345 0.5000012988463647
2.1337 0.49988351990158864
2.1328 0.49983423806553023
2.1319 0.4998420843093781
2.1311 0.49981951105414724
2.1302 0.4998723226851722
2.1293 0.5000339172679386
2.1284 0.5001372021276049
2.1275 0.5001040421485214
2.1267 0.5000644249180234
2.1258 0.5000671267378206
2.1249 0.5000286632946163
2.1241 0.49996091668557324
2.1232 0.4999989320776568
2.1223 0.49995115468928836
2.1214 0.4997036332057151
2.1206 0.4994813942238795
2.1197 0.49943091477404594
2.1189 0.4994974457751526
2.118 0.49962282222053755
2.1171 0.49977985161317445
2.1163 0.49990825433814373
2.1154 0.4999419410512567
2.1145 0.49999636325726077
2.1137 0.5001898426943464
2.1128 0.500348357138267
2.112 0.5004296209108702
2.1111 0.5004578180810654
2.1102 0.5003691117749458
2.1094 0.5002465507725951
2.1085 0.500168232088335
2.1077 0.5001155570771998
2.1068 0.50005092861575
2.1059 0.49991278892026103
2.1051 0.49980507592226453
2.1042 0.49982869675632
2.1034 0.4998681517624291
2.1025 0.499897716188593
2.1017 0.5000243515111786
2.1008 0.5001155104740558
2.1 0.5000919067307987
2.0991 0.5000957134402504
2.0983 0.5001469823029613
2.0974 0.5001661395958225
2.0966 0.5001039168572771
2.0957 0.5000816549522069
2.0949 0.5001609845571978
2.094 0.5001224471048127
2.0932 0.4999596340577755
2.0924 0.49989840093283006
2.0915 0.4999151353566534
2.0907 0.4999063356786156
2.0898 0.5000193295496653
2.089 0.500225710535381
2.0881 0.5003079174352104
2.0873 0.5001506553826497
2.0865 0.5000072114366694
2.0856 0.5001318145999823
2.0848 0.5003247336166398
2.0839 0.5003657191308223
2.0831 0.5003863468144542
2.0823 0.5003985371207625
2.0814 0.5002388129594526
2.0806 0.500061742159668
2.0798 0.5001483433266251
2.0789 0.5003737650320895
2.0781 0.5004014928038539
2.0773 0.5002756890121909
2.0764 0.5002304401268158
2.0756 0.5002942401059173
2.0748 0.5002766249577862
2.0739 0.5001853253222713
2.0731 0.5001298931810114
2.0723 0.5000074068818059
2.0715 0.49980438040345826
2.0706 0.4996753182569809
2.0698 0.4996076798372338
2.069 0.4995467445188082
2.0681 0.49949347243766656
2.0673 0.4994817372457974
2.0665 0.49955134181726474
2.0657 0.49964236084258074
2.0648 0.49974637471475797
2.064 0.49983777654169803
2.0632 0.4998812221608131
2.0624 0.4999468500109616
2.0616 0.499940919950225
2.0607 0.49987421107779373
2.0599 0.49984349671568196
2.0591 0.49981376706351344
2.0583 0.4997604609996291
2.0575 0.4997567194390947
2.0567 0.4998129594954037
2.0558 0.49988695506442177
2.055 0.4999426815470409
2.0542 0.5000093734449095
2.0534 0.5001720087040327
2.0526 0.5002416526270029
2.0518 0.5001981305662541
2.051 0.5001973667353257
2.0501 0.5002819241367044
2.0493 0.500332190649801
2.0485 0.5002664989991866
2.0477 0.5001783275214655
2.0469 0.5001819198228468
2.0461 0.50006958323363
2.0453 0.4998945418957047
2.0445 0.49989579142132373
2.0437 0.49998073057208975
2.0429 0.4999591544085663
2.0421 0.4998625825766243
2.0413 0.4998883383424913
2.0405 0.4999096125275018
2.0397 0.4998008117052802
2.0389 0.49978790122115135
2.0381 0.4999260906047865
2.0373 0.5000651487742485
2.0365 0.5001566281328583
2.0357 0.5001366135583982
2.0349 0.5000821170899133
2.0341 0.5000449681816223
2.0333 0.500011880657298
2.0325 0.5001342287606338
2.0317 0.5002711120311277
2.0309 0.5002650233030174
2.0301 0.5001530140833506
2.0293 0.5000081892600277
2.0285 0.4999187709564156
2.0277 0.4999498276319646
2.0269 0.49997586089368456
2.0261 0.49998422311776464
2.0253 0.4999509165455538
2.0245 0.4997342690599734
2.0237 0.49959384237345594
2.0229 0.49954623239605855
2.0222 0.49961643750896745
2.0214 0.49977108991720753
2.0206 0.499769779793608
2.0198 0.49965443121340036
2.019 0.49963720024572256
2.0182 0.49964107393449764
2.0174 0.4997308791761198
2.0167 0.49998410197908144
2.0159 0.5002569252670649
2.0151 0.5003336335900983
2.0143 0.5003315015308614
2.0135 0.5003718040340103
2.0128 0.5005285070253255
2.012 0.5006407775390428
2.0112 0.5006259542997686
2.0104 0.5005190712891568
2.0096 0.5002655156084568
2.0088 0.5000145708201006
2.0081 0.4998243013454074
2.0073 0.4996295765733559
2.0065 0.47001728448044827
2.0057 0.43672741078158744
2.005 0.39907528622249727
2.0042 0.35623010860850884
2.0034 0.30700184565942595
2.0026 0.249590100744801
2.0019 0.18154954038288257
2.0011 0.09983227359402523
2.0003 0.0
