15.3853	 1.0
15.3397	 1.0
15.2945	 0.8960940471634059
15.2495	 0.8084087190365195
15.2048	 0.7322231478428562
15.1603	 0.6648921445505512
15.1161	 0.6046375106103431
15.0722	 0.5500564994469835
15.0285	 0.5009810263041824
14.9851	 0.4575380391660092
14.9419	 0.4195629365066237
14.8989	 0.4129094439677217
14.8563	 0.4088263677870155
14.8138	 0.407693919647784
14.7716	 0.4093642876824389
14.7296	 0.41391641871141377
14.6879	 0.42191067699270784
14.6464	 0.4325699698199175
14.6052	 0.44405113298317855
14.5641	 0.45537651896266745
14.5233	 0.4660338138718829
14.4828	 0.4756353288019978
14.4424	 0.483784325855402
14.4023	 0.49033826346081616
14.3624	 0.49546585061142673
14.3227	 0.4988635419476832
14.2833	 0.5
14.244	 0.5
14.205	 0.5
14.1662	 0.5
14.1276	 0.5
14.0892	 0.5
14.051	 0.5
14.0131	 0.5
13.9753	 0.5
13.9377	 0.5
13.9004	 0.5
13.8632	 0.5
13.8262	 0.5
13.7895	 0.5
13.7529	 0.5
13.7165	 0.5
13.6803	 0.5
13.6443	 0.5
13.6085	 0.5
13.5729	 0.5
13.5374	 0.5
13.5022	 0.5
13.4671	 0.5
13.4322	 0.5
13.3975	 0.5
13.363	 0.5
13.3286	 0.5
13.2944	 0.5
13.2604	 0.5
13.2266	 0.5
13.193	 0.5
13.1595	 0.5
13.1262	 0.5
13.093	 0.5
13.06	 0.5
13.0272	 0.5
12.9946	 0.5
12.9621	 0.5
12.9298	 0.5
12.8976	 0.5
12.8656	 0.5
12.8337	 0.5
12.8021	 0.5
12.7705	 0.5
12.7391	 0.5
12.7079	 0.5
12.6769	 0.5
12.6459	 0.5
12.6152	 0.5
12.5845	 0.5
12.5541	 0.5
12.5238	 0.5
12.4936	 0.5
12.4635	 0.5
12.4337	 0.5
12.4039	 0.5
12.3743	 0.5
12.3448	 0.5
12.3155	 0.5
12.2863	 0.5
12.2573	 0.5
12.2284	 0.5
12.1996	 0.5
12.171	 0.5
12.1425	 0.5
12.1141	 0.5
12.0859	 0.5
12.0578	 0.5
12.0298	 0.5
12.0019	 0.5
11.9742	 0.5
11.9466	 0.5
11.9192	 0.5
11.8918	 0.5
11.8646	 0.5
11.8375	 0.5
11.8106	 0.5
11.7837	 0.5
11.757	 0.5
11.7304	 0.5
11.7039	 0.5
11.6776	 0.5
11.6513	 0.5
11.6252	 0.5
11.5992	 0.5
11.5733	 0.5
11.5475	 0.5
11.5219	 0.5
11.4963	 0.5
11.4709	 0.5
11.4455	 0.5
11.4203	 0.5
11.3952	 0.5
11.3702	 0.5
11.3454	 0.5
11.3206	 0.5
11.2959	 0.5
11.2714	 0.5
11.2469	 0.5
11.2226	 0.5
11.1983	 0.5
11.1742	 0.5
11.1502	 0.5
11.1263	 0.5
11.1024	 0.5
11.0787	 0.5
11.0551	 0.5
11.0316	 0.5
11.0081	 0.5
10.9848	 0.5
10.9616	 0.5
10.9385	 0.5
10.9154	 0.5
10.8925	 0.5
10.8697	 0.5
10.8469	 0.5
10.8243	 0.5
10.8017	 0.5
10.7793	 0.5
10.7569	 0.5
10.7346	 0.5
10.7125	 0.5
10.6904	 0.5
10.6684	 0.5
10.6465	 0.5
10.6247	 0.5
10.6029	 0.5
10.5813	 0.5
10.5597	 0.5
10.5383	 0.5
10.5169	 0.5
10.4956	 0.5
10.4744	 0.5
10.4533	 0.5
10.4323	 0.5
10.4113	 0.5
10.3904	 0.5
10.3697	 0.5
10.349	 0.5
10.3284	 0.5
10.3078	 0.5
10.2874	 0.5
10.267	 0.5
10.2467	 0.5
10.2265	 0.5
10.2064	 0.5
10.1863	 0.5
10.1663	 0.5
10.1464	 0.5
10.1266	 0.5
10.1069	 0.5
10.0872	 0.5
10.0676	 0.5
10.0481	 0.5
10.0287	 0.5
10.0093	 0.5
9.9901	 0.5
9.9708	 0.5
9.9517	 0.5
9.9326	 0.5
9.9136	 0.5
9.8947	 0.5
9.8759	 0.5
9.8571	 0.5
9.8384	 0.5
9.8198	 0.5
9.8012	 0.5
9.7827	 0.5
9.7643	 0.5
9.7459	 0.5
9.7276	 0.5
9.7094	 0.5
9.6913	 0.5
9.6732	 0.5
9.6552	 0.5
9.6372	 0.5
9.6194	 0.5
9.6015	 0.5
9.5838	 0.5
9.5661	 0.5
9.5485	 0.5
9.5309	 0.5
9.5135	 0.5
9.496	 0.5
9.4787	 0.5
9.4614	 0.5
9.4441	 0.5
9.427	 0.5
9.4099	 0.5
9.3928	 0.5
9.3758	 0.5
9.3589	 0.5
9.342	 0.5
9.3252	 0.5
9.3085	 0.5
9.2918	 0.5
9.2752	 0.5
9.2586	 0.5
9.2421	 0.5
9.2257	 0.5
9.2093	 0.5
9.193	 0.5
9.1767	 0.5
9.1605	 0.5
9.1443	 0.5
9.1282	 0.5
9.1122	 0.5
9.0962	 0.5
9.0803	 0.5
9.0644	 0.5
9.0486	 0.5
9.0328	 0.5
9.0171	 0.5
9.0015	 0.5
8.9858	 0.5
8.9703	 0.5
8.9548	 0.5
8.9394	 0.5
8.924	 0.5
8.9086	 0.5
8.8934	 0.5
8.8781	 0.5
8.863	 0.5
8.8478	 0.5
8.8328	 0.5
8.8177	 0.5
8.8028	 0.5
8.7879	 0.5
8.773	 0.5
8.7582	 0.5
8.7434	 0.5
8.7287	 0.5
8.714	 0.5
8.6994	 0.5
8.6848	 0.5
8.6703	 0.5
8.6558	 0.5
8.6414	 0.5005867012455741
8.627	 0.5015863436068145
8.6127	 0.5028916387156198
8.5984	 0.5045715168681527
8.5842	 0.5064984847141568
8.57	 0.5087017516953941
8.5558	 0.5112031122367767
8.5417	 0.5139157100519202
8.5277	 0.5167670880614617
8.5137	 0.5192352798110945
8.4997	 0.5209908444616183
8.4858	 0.5222797628798647
8.4719	 0.523003659412773
8.4581	 0.5232616263149378
8.4444	 0.5231728198652543
8.4306	 0.5226876953022223
8.4169	 0.5219411026153732
8.4033	 0.5211357485282944
8.3897	 0.5202706521577461
8.3761	 0.5197814522448433
8.3626	 0.5195113391905907
8.3492	 0.5196793267473924
8.3357	 0.5206162669628943
8.3224	 0.5222233704351451
8.309	 0.5243981991538661
8.2957	 0.5272106094449959
8.2825	 0.5306418515086879
8.2693	 0.5346892138373992
8.2561	 0.5394222315854297
8.243	 0.54481516099701
8.2299	 0.5505520687260894
8.2169	 0.5561165332189061
8.2038	 0.5611700674710168
8.1909	 0.5656571334488508
8.178	 0.5695832164824932
8.1651	 0.5727486241745392
8.1523	 0.5748739141769784
8.1395	 0.5757612608668256
8.1267	 0.5753939710718217
8.114	 0.5738687620250471
8.1013	 0.5714541783150245
8.0887	 0.5684706781108431
8.0761	 0.5651962456269121
8.0635	 0.5615955339081592
8.051	 0.5576717020715929
8.0385	 0.5536435631754056
8.0261	 0.5497707988650189
8.0137	 0.5461255731384459
8.0013	 0.5427356470752818
7.989	 0.539619102075529
7.9767	 0.536738154843622
7.9644	 0.5339813413756797
7.9522	 0.531252716506136
7.94	 0.5286889325536577
7.9279	 0.5263806371144132
7.9158	 0.5242440784068921
7.9037	 0.5222400444501354
7.8917	 0.5203924596406673
7.8797	 0.518668458453889
7.8677	 0.5170622738306787
7.8558	 0.5155651427999224
7.8439	 0.5142207250070583
7.8321	 0.5130552310726375
7.8203	 0.5119927999979969
7.8085	 0.5110222405668937
7.7967	 0.510137309115823
7.785	 0.5093368378878578
7.7734	 0.5086326437881502
7.7617	 0.5080148257273487
7.7501	 0.5074681066764922
7.7386	 0.5070006144504207
7.727	 0.5065703093817066
7.7155	 0.5061736432569985
7.7041	 0.5057788810591501
7.6926	 0.5054379006134702
7.6812	 0.5051383296646175
7.6699	 0.5048343152266545
7.6585	 0.5045458747277212
7.6472	 0.5042805722019941
7.636	 0.5040492240778325
7.6247	 0.5038265378842748
7.6136	 0.5035970232687925
7.6024	 0.5033554653680996
7.5913	 0.5030678564879594
7.5802	 0.502774305340677
7.5691	 0.5025122205342071
7.5581	 0.5021538216921922
7.5471	 0.5016193979393262
7.5361	 0.5010056083508517
7.5252	 0.500344915253365
7.5142	 0.4996416967586142
7.5034	 0.49892274460432584
7.4925	 0.49818762884600765
7.4817	 0.4974397233391157
7.4709	 0.49661116506278064
7.4602	 0.49578033440724456
7.4495	 0.49519835531311446
7.4388	 0.49491995166439223
7.4281	 0.49478864425868635
7.4175	 0.49468805961290163
7.4069	 0.49474648415752404
7.3963	 0.4950120381108514
7.3858	 0.49545050428139026
7.3753	 0.49615153124372824
7.3648	 0.49703516396466274
7.3544	 0.4979034194932771
7.344	 0.4986448083582937
7.3336	 0.499293785681021
7.3232	 0.5001035004762909
7.3129	 0.5010788597687788
7.3026	 0.5021702820575805
7.2923	 0.5031311448207054
7.2821	 0.5037929678591205
7.2718	 0.5044265850768479
7.2617	 0.5053200564311023
7.2515	 0.5061959997158618
7.2414	 0.5070802114526455
7.2313	 0.5078339601921076
7.2212	 0.508187522880906
7.2112	 0.5083144103312031
7.2012	 0.508319584793058
7.1912	 0.508451594668951
7.1812	 0.508666513490542
7.1713	 0.5084885668590365
7.1614	 0.508022162113407
7.1515	 0.5077295296837613
7.1416	 0.5078468369506239
7.1318	 0.5084005919364124
7.122	 0.508701635783902
7.1123	 0.5089485373016139
7.1025	 0.5091487060011523
7.0928	 0.5092669945707978
7.0831	 0.5096924710711515
7.0734	 0.5103966615390881
7.0638	 0.5109061122173805
7.0542	 0.5111981900492965
7.0446	 0.511126698025275
7.0351	 0.5107126080000185
7.0255	 0.5106400466492883
7.016	 0.5107018083265227
7.0065	 0.5107313631686836
6.9971	 0.5106783624267546
6.9877	 0.5105116176368594
6.9782	 0.5102508617931272
6.9689	 0.5099225916092259
6.9595	 0.5096713766867065
6.9502	 0.5104036672017048
6.9409	 0.511319468479536
6.9316	 0.5116677443467653
6.9223	 0.5117488507095237
6.9131	 0.5119290906541042
6.9039	 0.5120810893104358
6.8947	 0.5120169940314157
6.8856	 0.5120748548653004
6.8764	 0.5125854735549171
6.8673	 0.5125950254545766
6.8582	 0.5112971623613412
6.8492	 0.5102667784355288
6.8402	 0.509997734764358
6.8311	 0.5098120552219302
6.8221	 0.5094302294449201
6.8132	 0.5093861977001025
6.8042	 0.5095795744945546
6.7953	 0.5094159994189016
6.7864	 0.5087787748062962
6.7776	 0.5086277443403324
6.7687	 0.5090112713037224
6.7599	 0.5093419183355483
6.7511	 0.5093574941496121
6.7423	 0.5092972702753642
6.7336	 0.5091240520378164
6.7248	 0.508890228144319
6.7161	 0.5090813270723447
6.7074	 0.5092313452833893
6.6988	 0.5091630757524378
6.6901	 0.5087896698910551
6.6815	 0.5077717101769105
6.6729	 0.5066305965284478
6.6643	 0.5059915003763332
6.6558	 0.5058416744872433
6.6472	 0.5056134456193709
6.6387	 0.5040046984983461
6.6302	 0.5020647388389888
6.6217	 0.5009984872586948
6.6133	 0.500346770722503
6.6049	 0.5001245585997716
6.5965	 0.5003756662377047
6.5881	 0.5001007006379707
6.5797	 0.4995052676070176
6.5714	 0.49925735890911277
6.5631	 0.49981311991005883
6.5548	 0.5011775971433918
6.5465	 0.5020907209739846
6.5382	 0.5023283757574515
6.53	 0.5024939128029142
6.5218	 0.5023498594620669
6.5136	 0.5023336078089856
6.5054	 0.5026160938537889
6.4973	 0.5024111170114488
6.4892	 0.5022504284850352
6.481	 0.5016781893298704
6.4729	 0.5007790390075759
6.4649	 0.5001995474460016
6.4568	 0.4997116773178065
6.4488	 0.4993038569237408
6.4408	 0.4991567744457752
6.4328	 0.4982118817383859
6.4248	 0.4969215319483464
6.4169	 0.4958366533816114
6.4089	 0.49425929062846685
6.401	 0.4931388215393107
6.3931	 0.4928551972643827
6.3853	 0.49255173695783505
6.3774	 0.4922433432872098
6.3696	 0.49181604501881154
6.3618	 0.4916662883061354
6.354	 0.491958084917449
6.3462	 0.4919383833111107
6.3384	 0.4923206815610318
6.3307	 0.4929403890621142
6.323	 0.4929748181635812
6.3153	 0.4928114374963664
6.3076	 0.49251492252584445
6.2999	 0.49227289085740555
6.2923	 0.4922265909426795
6.2847	 0.4920252961232702
6.277	 0.4920388405536383
6.2694	 0.49277085481596566
6.2619	 0.4937427783158062
6.2543	 0.49502447268849326
6.2468	 0.49630484584280754
6.2393	 0.4974647280438597
6.2318	 0.4990443787778523
6.2243	 0.5008812649352733
6.2168	 0.5025687501339602
6.2094	 0.5042346870390993
6.202	 0.5058670277853266
6.1945	 0.5071886224241706
6.1871	 0.5080453080739223
6.1798	 0.5088748779167163
6.1724	 0.5096364794831754
6.1651	 0.5098954799842011
6.1578	 0.5095418925885151
6.1505	 0.5091230607866429
6.1432	 0.5091729817676246
6.1359	 0.5092816390338647
6.1286	 0.5089459268750884
6.1214	 0.5086876370193012
6.1142	 0.5090197456688124
6.107	 0.5083986629015548
6.0998	 0.5073770666226616
6.0926	 0.5069091767367759
6.0855	 0.5067566172531826
6.0784	 0.5062010942816231
6.0712	 0.504940425897666
6.0641	 0.5038322776874479
6.0571	 0.5032662730932261
6.05	 0.5020494491305795
6.0429	 0.5008695436418428
6.0359	 0.5011341422941049
6.0289	 0.5022791370878984
6.0219	 0.5031707343338873
6.0149	 0.5039065030240942
6.0079	 0.5053896783455195
6.001	 0.5080443294293345
5.994	 0.5098310803339752
5.9871	 0.5108041665113414
5.9802	 0.5126890372369145
5.9733	 0.5138611959307725
5.9664	 0.513880507339642
5.9596	 0.5143472264271538
5.9527	 0.5151312405240459
5.9459	 0.5159451663588037
5.9391	 0.5155746251854312
5.9323	 0.5137835138876244
5.9255	 0.5129668931826434
5.9188	 0.5127429592508433
5.912	 0.5122020659800344
5.9053	 0.5116917347310582
5.8986	 0.5107719559571859
5.8919	 0.5092347525679555
5.8852	 0.507829669401555
5.8785	 0.5064160428420661
5.8718	 0.5058608368272189
5.8652	 0.5057113217412101
5.8586	 0.5052102772783673
5.852	 0.5049166847497115
5.8454	 0.5048845933084692
5.8388	 0.505031853817427
5.8322	 0.5056319381391468
5.8257	 0.5061235948342298
5.8191	 0.5061395727539586
5.8126	 0.5063668218011976
5.8061	 0.5067336131336546
5.7996	 0.5071530710561879
5.7931	 0.5073865589254958
5.7866	 0.5073577069202998
5.7802	 0.5071852319743174
5.7738	 0.5068837967666419
5.7673	 0.5061206636612788
5.7609	 0.5052852393884442
5.7545	 0.5050795502297731
5.7481	 0.5046671162739715
5.7418	 0.5039202663169463
5.7354	 0.503452396626427
5.7291	 0.5030613990317262
5.7228	 0.5025047204040194
5.7165	 0.5019214811109215
5.7102	 0.5015332922762317
5.7039	 0.5020202172024795
5.6976	 0.5027385196773817
5.6914	 0.5028287314086942
5.6851	 0.502817008609984
5.6789	 0.5026709523843854
5.6727	 0.5024341900293897
5.6665	 0.5023466723043343
5.6603	 0.5024691440866529
5.6541	 0.5025372873860932
5.648	 0.5023340081494264
5.6418	 0.5016090895351409
5.6357	 0.5011191419067293
5.6296	 0.5011687564247505
5.6235	 0.5011964020371512
5.6174	 0.501297057104367
5.6113	 0.5014229800921643
5.6052	 0.5014003771872946
5.5992	 0.5013764419856288
5.5931	 0.5015126300380679
5.5871	 0.5017531335793919
5.5811	 0.5019125525953662
5.5751	 0.5016602485064013
5.5691	 0.5014455312142341
5.5631	 0.5014125966539813
5.5572	 0.5013969642805604
5.5512	 0.5012546187518889
5.5453	 0.5011901403829906
5.5393	 0.5012914280214739
5.5334	 0.5015030954301902
5.5275	 0.5017686495626953
5.5217	 0.5022429788614273
5.5158	 0.5027433523742447
5.5099	 0.50293791544084
5.5041	 0.5030631423061797
5.4982	 0.503253748192129
5.4924	 0.5034961484894396
5.4866	 0.503625785420471
5.4808	 0.5036447093176434
5.475	 0.5037446022239769
5.4692	 0.5037243116817485
5.4635	 0.5034079889632742
5.4577	 0.5030531294576941
5.452	 0.5028443755154028
5.4463	 0.5027447375485011
5.4405	 0.5026105403856082
5.4348	 0.502454589318933
5.4291	 0.5022299138407617
5.4235	 0.5018239642491092
5.4178	 0.5013133662082112
5.4121	 0.5011728990850984
5.4065	 0.5014590192510282
5.4009	 0.50177670298296
5.3952	 0.5018836559223198
5.3896	 0.5018572397276702
5.384	 0.5018047920694888
5.3785	 0.5017389220851713
5.3729	 0.5017612345004762
5.3673	 0.5019640839518361
5.3618	 0.5020049780078103
5.3562	 0.5017426939090531
5.3507	 0.5012255392720738
5.3452	 0.5007966063924991
5.3397	 0.5006966670697911
5.3342	 0.5006831067964216
5.3287	 0.5006924528980884
5.3232	 0.5006863599770057
5.3178	 0.5006673783451449
5.3123	 0.5006705799021293
5.3069	 0.5007087044190685
5.3015	 0.5008473301684168
5.2961	 0.5010146485845505
5.2907	 0.5009493665509024
5.2852	 0.5008061693295891
5.2799	 0.500670551994223
5.2745	 0.5005232840857542
5.2691	 0.5004537147943648
5.2638	 0.5005165511249963
5.2584	 0.5005816191403379
5.2531	 0.5005878142179947
5.2478	 0.5005835991821532
5.2425	 0.5005619198543972
5.2372	 0.5005248601252653
5.2319	 0.5004586996072989
5.2267	 0.5004625262532507
5.2214	 0.5004761190687219
5.2161	 0.5003532142168006
5.2109	 0.5001078320316305
5.2057	 0.4999274895771559
5.2004	 0.49987001854115687
5.1952	 0.4999573413849543
5.19	 0.5001119073740063
5.1848	 0.5002561328429704
5.1796	 0.5003551165698842
5.1745	 0.5004207737984959
5.1693	 0.5004960964707227
5.1642	 0.5006690987048011
5.159	 0.500865949710623
5.1539	 0.50097256194866
5.1488	 0.5009841302977596
5.1437	 0.5008931376042604
5.1386	 0.5008347294194779
5.1335	 0.5008320329505043
5.1284	 0.5008446685819495
5.1234	 0.5008387160133524
5.1183	 0.500822541621838
5.1132	 0.5007971380168554
5.1082	 0.500761792162311
5.1032	 0.5007280466421459
5.0982	 0.5007440040540351
5.0932	 0.500752956851454
5.0882	 0.5007097661452133
5.0832	 0.5006161196739566
5.0782	 0.5005096888775222
5.0732	 0.5004492381003339
5.0683	 0.5004089658245582
5.0633	 0.5003638383248898
5.0584	 0.5003065496885297
5.0534	 0.5002646895593611
5.0485	 0.5002095173227707
5.0436	 0.5001748021123101
5.0387	 0.5001953845560319
5.0338	 0.5002444798504599
5.0289	 0.5002615916233304
5.0241	 0.5002441590803337
5.0192	 0.5002240087363086
5.0144	 0.5002271465184508
5.0095	 0.5002327485887014
5.0047	 0.5002569216421284
4.9998	 0.5003101070754139
4.995	 0.5003239444331663
4.9902	 0.500315194749685
4.9854	 0.5003357819653621
4.9806	 0.5003718048354698
4.9759	 0.5003895853244128
4.9711	 0.5004064819810409
4.9663	 0.5004221898794547
4.9616	 0.5004506064740011
4.9568	 0.5004245879987168
4.9521	 0.5003582234053867
4.9474	 0.5003119572387396
4.9426	 0.5002587338721747
4.9379	 0.500201091814435
4.9332	 0.5001620619749746
4.9286	 0.5001261181178523
4.9239	 0.5000720654379961
4.9192	 0.49998253175578544
4.9145	 0.4998955478503966
4.9099	 0.49988062321386023
4.9052	 0.4998792307044218
4.9006	 0.49985946588785846
4.896	 0.4998320872200033
4.8914	 0.4997929419477306
4.8867	 0.4997725420030075
4.8821	 0.49980188256052055
4.8776	 0.4998418220042064
4.873	 0.49990077526816795
4.8684	 0.49996334599900466
4.8638	 0.49999874275966577
4.8593	 0.5000304314967022
4.8547	 0.5000830407136757
4.8502	 0.5001646258795492
4.8456	 0.5002538745851812
4.8411	 0.5003126691905817
4.8366	 0.5003221107311956
4.8321	 0.5003366728218158
4.8276	 0.5003516864808624
4.8231	 0.5003645599295158
4.8186	 0.5004029921985529
4.8141	 0.5004448630380296
4.8097	 0.5004383752248471
4.8052	 0.5003978841078899
4.8008	 0.5003522443350347
4.7963	 0.5003454117913045
4.7919	 0.500366208651072
4.7875	 0.5003635855800137
4.7831	 0.500362445603398
4.7786	 0.5003611359317448
4.7743	 0.5003121291375766
4.7699	 0.5002823266235068
4.7655	 0.5002882136471204
4.7611	 0.50028691925379
4.7567	 0.5002765281492151
4.7524	 0.500214551608359
4.748	 0.5001587843222809
4.7437	 0.500099821902295
4.7393	 0.49998639968028
4.735	 0.499880483337345
4.7307	 0.49979312610097715
4.7264	 0.49967262085674347
4.7221	 0.49955054030054524
4.7178	 0.4994265728515014
4.7135	 0.49929892115921914
4.7092	 0.49917074160037855
4.7049	 0.4990384554079469
4.7007	 0.4989655163084334
4.6964	 0.4989422183597177
4.6922	 0.4988774200452693
4.6879	 0.4988146026098672
4.6837	 0.4987830920250846
4.6795	 0.4987583087643804
4.6752	 0.49877206332173907
4.671	 0.49880342626924
4.6668	 0.49885688024293484
4.6626	 0.49891445951309693
4.6584	 0.49896432922415695
4.6543	 0.4990648362111154
4.6501	 0.49922311582776774
4.6459	 0.49938663554189416
4.6418	 0.49957799100413286
4.6376	 0.4997893413999048
4.6334	 0.5000042726682206
4.6293	 0.5002405437375964
4.6252	 0.5004929555541331
4.6211	 0.5007305287775534
4.617	 0.5009486408938432
4.6128	 0.5011436968106933
4.6087	 0.5013483113820388
4.6047	 0.5015571308478332
4.6006	 0.5017166554512963
4.5965	 0.5018621429016188
4.5924	 0.5020029938197018
4.5884	 0.5020853070675061
4.5843	 0.5021517103206384
4.5802	 0.5022355350231247
4.5762	 0.5022996605353313
4.5722	 0.5023328270156442
4.5681	 0.5023217230710475
4.5641	 0.5022950622088218
4.5601	 0.502281565412647
4.5561	 0.5022443877506941
4.5521	 0.5021698882014107
4.5481	 0.5020897232489642
4.5441	 0.5019982508202233
4.5401	 0.5018937241919669
4.5362	 0.5017839054887752
4.5322	 0.5016745555038998
4.5282	 0.5015760434268282
4.5243	 0.5014652654212377
4.5203	 0.5013399598651131
4.5164	 0.5012525876325179
4.5125	 0.5011977866574227
4.5085	 0.5011566743515897
4.5046	 0.5010914265147604
4.5007	 0.5010132596870817
4.4968	 0.5009683766347894
4.4929	 0.5009276731821926
4.489	 0.500871388262441
4.4851	 0.5008327698350347
4.4813	 0.500794701860953
4.4774	 0.5007267147902238
4.4735	 0.5006479120829054
4.4697	 0.50059363482273
4.4658	 0.5005815210262698
4.462	 0.5005688759777022
4.4581	 0.5005414858711127
4.4543	 0.5005120985575163
4.4505	 0.5004789240255701
4.4467	 0.5004328330429457
4.4429	 0.500411191197432
4.4391	 0.5004185607157448
4.4353	 0.500422020324034
4.4315	 0.5004021981656026
4.4277	 0.500353973374006
4.4239	 0.5003052755259162
4.4201	 0.5002574358505708
4.4164	 0.5002533544699743
4.4126	 0.5003111766514995
4.4089	 0.500397708246831
4.4051	 0.5004509036517804
4.4014	 0.5004794644774851
4.3976	 0.5005011286897971
4.3939	 0.500547408389596
4.3902	 0.5006427812197761
4.3865	 0.5007514833150675
4.3828	 0.5008137932476446
4.3791	 0.5007915980659089
4.3754	 0.500698946364248
4.3717	 0.5005932250227652
4.368	 0.5005106150403161
4.3643	 0.5004300447890956
4.3607	 0.5003266327168316
4.357	 0.5001860927697783
4.3533	 0.5000153516065268
4.3497	 0.4998516584248389
4.346	 0.49972089931004593
4.3424	 0.49960454551803785
4.3388	 0.4994936216211862
4.3351	 0.49935225413546297
4.3315	 0.49915275869389875
4.3279	 0.4989141852552123
4.3243	 0.4986449761974705
4.3207	 0.498301830919994
4.3171	 0.4978029774811511
4.3135	 0.497128565543508
4.3099	 0.49619297541824503
4.3063	 0.49483990655489907
4.3028	 0.4930814024451972
4.2992	 0.4911954576834026
4.2956	 0.4895774096749841
4.2921	 0.48847744696784406
4.2885	 0.48798244165833105
4.285	 0.4881320488458278
4.2815	 0.48892450999835796
4.2779	 0.49041462359056376
4.2744	 0.4927953769046602
4.2709	 0.49617936412923397
4.2674	 0.5002332471814185
4.2638	 0.5043192835083833
4.2603	 0.507817011406438
4.2568	 0.5104585801948357
4.2534	 0.5122442312824553
4.2499	 0.5132395467590659
4.2464	 0.5135580853700066
4.2429	 0.5132019569865066
4.2394	 0.5121213434091264
4.236	 0.510442885136412
4.2325	 0.5084984590583781
4.2291	 0.5066578148674133
4.2256	 0.5051405870249872
4.2222	 0.5039626191978629
4.2187	 0.5030928548233023
4.2153	 0.5024568771911111
4.2119	 0.5020168614221426
4.2085	 0.5017326488770044
4.2051	 0.501570568576247
4.2016	 0.501454367431158
4.1982	 0.501344166087144
4.1948	 0.5012604554345073
4.1915	 0.5012328231285206
4.1881	 0.501241016615607
4.1847	 0.5012655741732633
4.1813	 0.5013030173422974
4.178	 0.5013296013807064
4.1746	 0.5013323442068272
4.1712	 0.5012877303373913
4.1679	 0.5012357223883394
4.1645	 0.5012086441514805
4.1612	 0.5011689286797185
4.1578	 0.5010974655298844
4.1545	 0.5010058303074332
4.1512	 0.5009041846788455
4.1479	 0.5008078596114978
4.1445	 0.5007093099696641
4.1412	 0.5006303093176591
4.1379	 0.5005739292609985
4.1346	 0.5005076103188587
4.1313	 0.500435116220164
4.128	 0.5003894310485043
4.1248	 0.5003942119436482
4.1215	 0.5004150795870529
4.1182	 0.5004121714517057
4.115	 0.5003908362524012
4.1117	 0.5003566031705212
4.1084	 0.5003384221865582
4.1052	 0.5003281892109326
4.1019	 0.5003112515809652
4.0987	 0.5002827024401476
4.0954	 0.5002361457894375
4.0922	 0.5001481517162502
4.089	 0.5000673379383304
4.0858	 0.5000378181268549
4.0826	 0.5000552239341333
4.0793	 0.5000923502851253
4.0761	 0.5001148963362234
4.0729	 0.5001411068640883
4.0697	 0.5001812355711925
4.0665	 0.5002002059631573
4.0633	 0.500243570434677
4.0602	 0.5003065538101119
4.057	 0.5003448032258553
4.0538	 0.5003446991720804
4.0507	 0.5002926467288499
4.0475	 0.5002298941055867
4.0443	 0.5001744500935787
4.0412	 0.5001271223605457
4.038	 0.5001091900797313
4.0349	 0.5001090600503694
4.0317	 0.5000838912362608
4.0286	 0.5000799007455183
4.0255	 0.5001095698592458
4.0224	 0.5001563060299489
4.0193	 0.5002236574206809
4.0161	 0.5002848456096122
4.013	 0.5003367426640847
4.0099	 0.5003844583327455
4.0068	 0.5004060606351846
4.0037	 0.5004352110302249
4.0006	 0.5004474065541811
3.9976	 0.5004151834068542
3.9945	 0.5003736555559025
3.9914	 0.5003218266973241
3.9883	 0.5002786599546928
3.9853	 0.5002471741499795
3.9822	 0.5001903704969991
3.9792	 0.5001440619132
3.9761	 0.5001095191025132
3.9731	 0.5000817216185065
3.97	 0.5000844514198822
3.967	 0.5001058565920969
3.9639	 0.5001401422881014
3.9609	 0.5001757475298461
3.9579	 0.500202243301398
3.9549	 0.5002255062758892
3.9519	 0.5002328028217301
3.9489	 0.500216198621766
3.9458	 0.5002102873636177
3.9428	 0.5002037569008582
3.9398	 0.5001881824843679
3.9369	 0.5001620358641018
3.9339	 0.5001229750316415
3.9309	 0.5000817724429081
3.9279	 0.500060647250325
3.9249	 0.5000657407718735
3.922	 0.500107932179254
3.919	 0.5001574643252954
3.916	 0.5002042749009199
3.9131	 0.5002480602511743
3.9101	 0.5002780477222175
3.9072	 0.5003045705487683
3.9042	 0.5003174262268152
3.9013	 0.5003347113517738
3.8984	 0.5003337728557006
3.8954	 0.5003312068329397
3.8925	 0.5003219828889094
3.8896	 0.5002765822976031
3.8867	 0.5001904201647648
3.8838	 0.5000955146668589
3.8809	 0.5000277847043392
3.878	 0.4999927548227094
3.8751	 0.4999694851237829
3.8722	 0.4999405974040789
3.8693	 0.49989058313784224
3.8664	 0.49983151859705577
3.8635	 0.4998066634732474
3.8606	 0.4998218286106658
3.8578	 0.4998642153510762
3.8549	 0.4998937679750113
3.852	 0.49989139184073605
3.8492	 0.4998625474635032
3.8463	 0.49985099462622506
3.8435	 0.49986815871001045
3.8406	 0.49988952144202375
3.8378	 0.49987055323960333
3.8349	 0.4998401342822878
3.8321	 0.4998389716994452
3.8293	 0.4998677977738423
3.8264	 0.49992677801650004
3.8236	 0.49999336591162147
3.8208	 0.5000484363832488
3.818	 0.5000617073530776
3.8152	 0.5000493296208954
3.8124	 0.5000872627633848
3.8096	 0.5001518642814964
3.8068	 0.5001790279947194
3.804	 0.500150310638915
3.8012	 0.5000958105861267
3.7984	 0.5000370129533049
3.7956	 0.4999986485900433
3.7929	 0.4999975123737906
3.7901	 0.4999893121115275
3.7873	 0.49994993312539915
3.7845	 0.49988158433342605
3.7818	 0.49984152949501937
3.779	 0.49983907108352194
3.7763	 0.49984360499247515
3.7735	 0.49982361744310116
3.7708	 0.49978429561456383
3.7681	 0.49973529000341466
3.7653	 0.49969395608910605
3.7626	 0.4996940959598294
3.7599	 0.4997268208002233
3.7571	 0.4997371349685131
3.7544	 0.49970296981606394
3.7517	 0.4996465083350358
3.749	 0.4996342973712217
3.7463	 0.49964492216552386
3.7436	 0.49964266452659145
3.7409	 0.4996204850210047
3.7382	 0.49955549438546604
3.7355	 0.49948146922777675
3.7328	 0.4993994513439204
3.7301	 0.49932276778391355
3.7274	 0.49925246782974375
3.7247	 0.49916462412647394
3.7221	 0.49905349618124034
3.7194	 0.49893562651652934
3.7167	 0.4988456677783052
3.7141	 0.498824917127505
3.7114	 0.49884292049879525
3.7088	 0.49885277174608295
3.7061	 0.4989109682987385
3.7035	 0.4990166030433392
3.7008	 0.49914946894816775
3.6982	 0.4993156410763752
3.6955	 0.4995007940787944
3.6929	 0.49969944425331103
3.6903	 0.4998638849367399
3.6877	 0.49996061247508417
3.685	 0.5000354006662256
3.6824	 0.5000902828145533
3.6798	 0.500099179607583
3.6772	 0.500069407183402
3.6746	 0.5000052323267637
3.672	 0.4999230253716549
3.6694	 0.4998318688272172
3.6668	 0.4997256340188798
3.6642	 0.4996051877016759
3.6616	 0.49950141145439736
3.659	 0.49941726324565194
3.6564	 0.49938681677443253
3.6539	 0.4993740206774905
3.6513	 0.4993524838437095
3.6487	 0.49935314893644994
3.6462	 0.49935717673983837
3.6436	 0.49935214998188476
3.641	 0.49937981116282837
3.6385	 0.49946244539132706
3.6359	 0.49952946098113693
3.6334	 0.4995666912163817
3.6308	 0.4995707668404856
3.6283	 0.4995701324965734
3.6258	 0.49955995881808424
3.6232	 0.49951284339196717
3.6207	 0.4994427557060659
3.6182	 0.4993448001648276
3.6156	 0.4991901142612371
3.6131	 0.4990092684669899
3.6106	 0.4987990406274818
3.6081	 0.4985642544729331
3.6056	 0.498306202136273
3.6031	 0.49802735314606605
3.6006	 0.49777067523767937
3.5981	 0.4975465648250885
3.5956	 0.4973506415699863
3.5931	 0.4971999759288541
3.5906	 0.49710779050738557
3.5881	 0.49704861515174925
3.5856	 0.49706047904402184
3.5832	 0.49713971740096174
3.5807	 0.49728619067232194
3.5782	 0.4975160693167174
3.5758	 0.4977910618548679
3.5733	 0.4980942647100273
3.5708	 0.498414668626276
3.5684	 0.4987179661203142
3.5659	 0.4990262008010962
3.5635	 0.4993264802001229
3.561	 0.4995983007575235
3.5586	 0.49982916924272364
3.5561	 0.49999114428378066
3.5537	 0.5000585881718452
3.5513	 0.5000617954472607
3.5488	 0.5000002531838822
3.5464	 0.4998901235611362
3.544	 0.49972726511028226
3.5415	 0.4994937278701936
3.5391	 0.49922452116487165
3.5367	 0.4989392868606929
3.5343	 0.49860111926951295
3.5319	 0.4982144062169834
3.5295	 0.4977990909157339
3.5271	 0.4973613845931118
3.5247	 0.49693079038675203
3.5223	 0.4965313797982739
3.5199	 0.4961979197626
3.5175	 0.49596091248524377
3.5151	 0.49578951161688734
3.5128	 0.4957035816750745
3.5104	 0.4957999159810001
3.508	 0.49606974281790117
3.5056	 0.49648803833962984
3.5033	 0.49700043178137354
3.5009	 0.4975399266099141
3.4985	 0.4980756070405756
3.4962	 0.4985475758906116
3.4938	 0.49894006215021136
3.4915	 0.4992796098826353
3.4891	 0.4995237604768166
3.4868	 0.4996401303532147
3.4844	 0.49968050394051616
3.4821	 0.49962875286548186
3.4798	 0.49953518417116677
3.4774	 0.4994565778246827
3.4751	 0.4993850234138123
3.4728	 0.49936563842057347
3.4704	 0.49933675364694763
3.4681	 0.4992654518333493
3.4658	 0.49918104165430177
3.4635	 0.4990424581302201
3.4612	 0.4988499128097903
3.4589	 0.4986193298501003
3.4566	 0.4983393389921903
3.4543	 0.4980114363489368
3.452	 0.49759070021362706
3.4497	 0.49712756100743843
3.4474	 0.4967053637438596
3.4451	 0.49631854872863
3.4428	 0.49594223134930615
3.4405	 0.495607589024972
3.4382	 0.49531926732632664
3.4359	 0.4950880757915711
3.4337	 0.49493339022824595
3.4314	 0.49489175834509685
3.4291	 0.49500739131251553
3.4269	 0.49524522748913785
3.4246	 0.4955649834130931
3.4223	 0.4959886029697954
3.4201	 0.4965200369257965
3.4178	 0.49715669302182214
3.4156	 0.4978490873076832
3.4133	 0.4985599688541016
3.4111	 0.4992480775680832
3.4088	 0.4998393540953427
3.4066	 0.5003040551616894
3.4043	 0.5005975444460634
3.4021	 0.5007311990026206
3.3999	 0.5007116041964255
3.3977	 0.500511524382796
3.3954	 0.5001612097813717
3.3932	 0.49971589688154655
3.391	 0.49922794183623154
3.3888	 0.4987554918559795
3.3866	 0.4983419120831261
3.3844	 0.4980546908062092
3.3822	 0.4979133451967072
3.3799	 0.49792354687987206
3.3777	 0.4981109167798777
3.3755	 0.49847081928534565
3.3733	 0.49893801439194635
3.3712	 0.4994395842295012
3.369	 0.49992732519630406
3.3668	 0.500362164430971
3.3646	 0.5007463252966327
3.3624	 0.5010788195618163
3.3602	 0.5013205102299866
3.358	 0.5014150286612503
3.3559	 0.5013365559353455
3.3537	 0.5011431786672477
3.3515	 0.5009072361817739
3.3494	 0.5006735533084561
3.3472	 0.5004698495080839
3.3451	 0.5002501157099268
3.3429	 0.49996636046649856
3.3407	 0.4996494266418463
3.3386	 0.4993474101515303
3.3364	 0.49910285828472356
3.3343	 0.4989436104997901
3.3321	 0.498828010144969
3.33	 0.4986810655130192
3.3279	 0.49845953472354526
3.3257	 0.49825395571151204
3.3236	 0.49812204489639783
3.3215	 0.49804677106178896
3.3194	 0.49799764393846724
3.3172	 0.4979607598034459
3.3151	 0.4978920874191456
3.313	 0.49777579728889304
3.3109	 0.49766636694596317
3.3088	 0.4976253860467589
3.3066	 0.4976227636397257
3.3045	 0.49754307612290083
3.3024	 0.49740430403989494
3.3003	 0.49729606800746995
3.2982	 0.4972103214198876
3.2961	 0.49714428446600983
3.294	 0.4971271533238581
3.292	 0.4971349483120619
3.2899	 0.49710841078813944
3.2878	 0.49703051451809965
3.2857	 0.49698635100527033
3.2836	 0.49700182953611655
3.2815	 0.49704663449119924
3.2795	 0.49706687500270413
3.2774	 0.4970388820398451
3.2753	 0.49695132488618066
3.2732	 0.4968323449168506
3.2712	 0.49674446792855004
3.2691	 0.49671864861000176
3.2671	 0.49672018954905983
3.265	 0.49671836224763477
3.263	 0.49668340422898744
3.2609	 0.49663997619466527
3.2588	 0.49660107610739324
3.2568	 0.4965860003239821
3.2548	 0.4966253583582235
3.2527	 0.49667800305283455
3.2507	 0.49668574501078316
3.2486	 0.4966569235264341
3.2466	 0.49660497058702446
3.2446	 0.4965490256332615
3.2426	 0.49652260603184273
3.2405	 0.4964958285987596
3.2385	 0.49647118542612767
3.2365	 0.49641744877209165
3.2345	 0.49633153971926147
3.2324	 0.4962543219090151
3.2304	 0.4961915685567319
3.2284	 0.49616556658760635
3.2264	 0.496147329172076
3.2244	 0.4960903822162525
3.2224	 0.4960370404868023
3.2204	 0.49601072014194786
3.2184	 0.49600488301223894
3.2164	 0.4960227083699006
3.2144	 0.49605356695686487
3.2124	 0.4960907397766635
3.2104	 0.4961284801553406
3.2084	 0.4961362682855825
3.2064	 0.4961474338950814
3.2045	 0.49617555644850314
3.2025	 0.4961913053690277
3.2005	 0.49617477347971706
3.1985	 0.49614026024044794
3.1966	 0.49610566787007554
3.1946	 0.4960644357183629
3.1926	 0.4959821993927864
3.1907	 0.49588875305632424
3.1887	 0.49577698745411086
3.1867	 0.49569316345516995
3.1848	 0.4956687675520792
3.1828	 0.4956849184009674
3.1809	 0.49568865601298523
3.1789	 0.495669479903653
3.177	 0.4956450072198156
3.175	 0.49565034795213686
3.1731	 0.4957027506526936
3.1711	 0.49581059492067653
3.1692	 0.49592481485631523
3.1673	 0.4959534473554576
3.1653	 0.4959385107107047
3.1634	 0.4959353473766565
3.1615	 0.4959515435464877
3.1596	 0.49599852793152965
3.1576	 0.4960565789111107
3.1557	 0.4960735165717403
3.1538	 0.49604740470552705
3.1519	 0.4959521619692074
3.15	 0.4958692824227662
3.1481	 0.4958265918765126
3.1461	 0.4957857792343859
3.1442	 0.4957210683093929
3.1423	 0.4956593109095494
3.1404	 0.4956077037306102
3.1385	 0.49555127466885207
3.1366	 0.4954892369279367
3.1347	 0.49548648950763136
3.1328	 0.49558265084657915
3.1309	 0.49571171172837597
3.129	 0.495834916206961
3.1272	 0.4959456600444724
3.1253	 0.4960400779506909
3.1234	 0.4961306509818792
3.1215	 0.4962209424295307
3.1196	 0.49634781582897686
3.1178	 0.49653444209158376
3.1159	 0.496665761365818
3.114	 0.49665455436732125
3.1121	 0.49663788573726325
3.1103	 0.4967333919740013
3.1084	 0.4968818313756349
3.1065	 0.49700318134399
3.1047	 0.49711045066715626
3.1028	 0.4972043829531249
3.101	 0.4972316465940945
3.0991	 0.49720196299370667
3.0973	 0.49726179331919274
3.0954	 0.4973732630465592
3.0936	 0.49736678773608217
3.0917	 0.49728670051474694
3.0899	 0.4972204702046504
3.088	 0.49721106136507187
3.0862	 0.4972281330852414
3.0844	 0.49723905611327973
3.0825	 0.49726676318041435
3.0807	 0.49730861795156256
3.0789	 0.4972810593713704
3.077	 0.4972986364751589
3.0752	 0.49737183051196393
3.0734	 0.4974161601449365
3.0716	 0.4974769436831496
3.0698	 0.497488757888509
3.068	 0.4974710646975968
3.0661	 0.4975141392381295
3.0643	 0.49755459346535574
3.0625	 0.4975924275680988
3.0607	 0.49767022274650313
3.0589	 0.49772182115749036
3.0571	 0.4977659109886821
3.0553	 0.4977628612718283
3.0535	 0.49772902923978124
3.0517	 0.49777243546353434
3.0499	 0.497816496093905
3.0481	 0.49778177002327123
3.0463	 0.497805520034291
3.0445	 0.4978207353607844
3.0427	 0.4977553418711216
3.041	 0.49770451268197674
3.0392	 0.49767100035318773
3.0374	 0.49771075405444887
3.0356	 0.4977150262099694
3.0338	 0.49764331679691354
3.0321	 0.4976065694424041
3.0303	 0.4976061048976434
3.0285	 0.4975311863636203
3.0268	 0.49749519142935145
3.025	 0.49751984917895137
3.0232	 0.49758729650037486
3.0215	 0.4976697789521506
3.0197	 0.4976867414436217
3.0179	 0.4976645693067179
3.0162	 0.49770792295252064
3.0144	 0.4977607398368797
3.0127	 0.49782943289654
3.0109	 0.49795563530351655
3.0092	 0.4980357230882796
3.0074	 0.49807461877319054
3.0057	 0.49810617453229344
3.004	 0.49817391780803727
3.0022	 0.4983555067535323
3.0005	 0.498555489389688
2.9987	 0.4986054998218557
2.997	 0.49860078439991573
2.9953	 0.49855061186066313
2.9935	 0.4985060501633674
2.9918	 0.49853342124519634
2.9901	 0.4985169774524471
2.9884	 0.49840983357413854
2.9867	 0.49829990454651063
2.9849	 0.49812270765426503
2.9832	 0.4979959789847928
2.9815	 0.49797899670895446
2.9798	 0.49798618046203597
2.9781	 0.4980432345591938
2.9764	 0.49804817629581183
2.9747	 0.49800826161524
2.9729	 0.49810850043911825
2.9712	 0.49823122714909246
2.9695	 0.4982897844917171
2.9678	 0.4983637950923035
2.9661	 0.49846435332315187
2.9645	 0.4985919293894313
2.9628	 0.49869725590909486
2.9611	 0.4987114178911799
2.9594	 0.4987521819918486
2.9577	 0.49881082391579984
2.956	 0.49880192257323674
2.9543	 0.4988211183037778
2.9526	 0.49892215601302864
2.951	 0.49900377580276567
2.9493	 0.49900270489240117
2.9476	 0.4989312746003891
2.9459	 0.4989421638524821
2.9442	 0.49899034707852913
2.9426	 0.4990068497916956
2.9409	 0.49897829897860463
2.9392	 0.4990071054520435
2.9376	 0.49904933353930536
2.9359	 0.49898018843689934
2.9343	 0.49894862425732345
2.9326	 0.4990058698547332
2.9309	 0.4990286402418574
2.9293	 0.49903124802885085
2.9276	 0.4991164851759034
2.926	 0.49925980969308664
2.9243	 0.4994066146368389
2.9227	 0.4994273946661813
2.921	 0.4994016878887974
2.9194	 0.4994971073011698
2.9177	 0.4996244764437531
2.9161	 0.49978845808195854
2.9145	 0.5000626614811946
2.9128	 0.5002323900196756
2.9112	 0.5002872700986778
2.9096	 0.5003032560908194
2.9079	 0.500387827780945
2.9063	 0.5006455778196245
2.9047	 0.5009165943831559
2.903	 0.5011067636921555
2.9014	 0.501182221694728
2.8998	 0.5010796624851397
2.8982	 0.5009462362700449
2.8966	 0.5009503252231656
2.8949	 0.5010888362343888
2.8933	 0.5012969502489527
2.8917	 0.501498345783467
2.8901	 0.5015407966948259
2.8885	 0.5015182678709054
2.8869	 0.5015906461636873
2.8853	 0.5017374602836293
2.8837	 0.5019631806445134
2.8821	 0.5021946192808595
2.8805	 0.5023836141637936
2.8789	 0.50246100264809
2.8773	 0.502415517194416
2.8757	 0.5023663767932317
2.8741	 0.5024094850446307
2.8725	 0.5024640036651639
2.8709	 0.5024961198446695
2.8693	 0.5025868126053084
2.8677	 0.5026832658371441
2.8661	 0.5026564670478685
2.8645	 0.5025451442078291
2.863	 0.5024330201671908
2.8614	 0.5024013372853655
2.8598	 0.5023742543112426
2.8582	 0.5022774155891395
2.8567	 0.5022294667499421
2.8551	 0.502123974305871
2.8535	 0.5019493858212243
2.8519	 0.5018369797297213
2.8504	 0.5018590695192756
2.8488	 0.5019460811132014
2.8472	 0.5020225776144328
2.8457	 0.5020780799135939
2.8441	 0.5021946842855513
2.8426	 0.5024239650183915
2.841	 0.5026493460722383
2.8394	 0.5028477845614943
2.8379	 0.5030814833401828
2.8363	 0.5033695514665562
2.8348	 0.503734057207788
2.8332	 0.5040574799349965
2.8317	 0.5043124260904867
2.8302	 0.5045857187208586
2.8286	 0.5048174885625872
2.8271	 0.5049744055666927
2.8255	 0.5051470229315277
2.824	 0.5053050517240414
2.8224	 0.505328533323965
2.8209	 0.5052468128119816
2.8194	 0.5052587602418434
2.8178	 0.5055562684522278
2.8163	 0.5059397682719475
2.8148	 0.5059992233787312
2.8133	 0.505891570836034
2.8117	 0.5058127131024854
2.8102	 0.5057652874562106
2.8087	 0.5057940562342754
2.8072	 0.5058833772627613
2.8056	 0.5058617367366082
2.8041	 0.5054902670351927
2.8026	 0.5049851156582238
2.8011	 0.504909158589814
2.7996	 0.5051776981436077
2.7981	 0.5053434900064142
2.7966	 0.5054648686901545
2.7951	 0.5055940859634538
2.7936	 0.5056607830092342
2.7921	 0.5056912239170929
2.7906	 0.505856131018514
2.789	 0.5060775255406822
2.7875	 0.5060139633019826
2.786	 0.505701538153991
2.7845	 0.5056898472025703
2.7831	 0.5058415360031059
2.7816	 0.5059064679724905
2.7801	 0.5058750960367566
2.7786	 0.5059302934655264
2.7771	 0.5062006876763825
2.7756	 0.5064705605047825
2.7741	 0.5065929517035846
2.7726	 0.5067267124157135
2.7712	 0.5067072263892407
2.7697	 0.5068080819387697
2.7682	 0.5071184644681985
2.7667	 0.5071869061187475
2.7652	 0.5072328008646971
2.7638	 0.5070171517421846
2.7623	 0.5065705346932446
2.7608	 0.506354674614368
2.7594	 0.5064816127016624
2.7579	 0.5066588773783114
2.7564	 0.5065681456367311
2.755	 0.5063045201125139
2.7535	 0.5065661725081718
2.752	 0.5070776890707863
2.7506	 0.5073224106046308
2.7491	 0.5078381480797575
2.7477	 0.5085834776624764
2.7462	 0.5088467767835891
2.7447	 0.5089028216815161
2.7433	 0.5089604154020135
2.7418	 0.5089193730582683
2.7404	 0.5084281673313127
2.7389	 0.5077766773419641
2.7375	 0.5079101596506339
2.7361	 0.5081540469468424
2.7346	 0.5083234761548744
2.7332	 0.5088050973830252
2.7317	 0.5091345559168968
2.7303	 0.5093320476756366
2.7289	 0.50955157093835
2.7274	 0.510018189149183
2.726	 0.5103508869834081
2.7246	 0.5102450345426802
2.7231	 0.5097804988517053
2.7217	 0.509115267433874
2.7203	 0.5079324673581043
2.7188	 0.5066319280912559
2.7174	 0.5058571523796828
2.716	 0.5053903170936993
2.7146	 0.505142813380636
2.7132	 0.50490246020926
2.7117	 0.5044418225398899
2.7103	 0.5037646527898574
2.7089	 0.5031784745229723
2.7075	 0.5035086612098718
2.7061	 0.5044671149881549
2.7047	 0.5048138068661986
2.7033	 0.5048300295984819
2.7018	 0.5046759486982819
2.7004	 0.5045071225767344
2.699	 0.5046102973961741
2.6976	 0.5052064471095126
2.6962	 0.5057409469732111
2.6948	 0.5054574676302951
2.6934	 0.5046981728162739
2.692	 0.5044265443140815
2.6906	 0.5046623484740754
2.6892	 0.5051229945976786
2.6878	 0.505349668347311
2.6864	 0.5051434681765833
2.685	 0.5048460641580053
2.6837	 0.505148592064593
2.6823	 0.5058142828027101
2.6809	 0.5064107824672037
2.6795	 0.5069778859617956
2.6781	 0.5069235299648168
2.6767	 0.5062399604984287
2.6753	 0.5053543735479722
2.674	 0.5050154304100825
2.6726	 0.5049289325777947
2.6712	 0.5041009048602945
2.6698	 0.5024992085657388
2.6685	 0.5012617601437133
2.6671	 0.5002300702645678
2.6657	 0.4991877555661754
2.6644	 0.49845722202401277
2.663	 0.4982871675985933
2.6616	 0.4981677185066277
2.6603	 0.49781939925102237
2.6589	 0.4977467682281613
2.6575	 0.49852246707842823
2.6562	 0.49923447973001905
2.6548	 0.49936544257407817
2.6534	 0.4997051628894036
2.6521	 0.500066452459611
2.6507	 0.5003165812542856
2.6494	 0.5004790310591443
2.648	 0.5007043866474873
2.6467	 0.500941575330234
2.6453	 0.5009494697672378
2.644	 0.5010397850774884
2.6426	 0.5017027870893069
2.6413	 0.5021035276498216
2.6399	 0.502443505736669
2.6386	 0.5029929856837533
2.6372	 0.5031198780358096
2.6359	 0.5030105428437693
2.6346	 0.5027963923644452
2.6332	 0.50285743201107
2.6319	 0.5029150860183439
2.6306	 0.5022250841047117
2.6292	 0.5017428230049552
2.6279	 0.5015231607006484
2.6266	 0.5009249034363592
2.6252	 0.500393268959335
2.6239	 0.5002236156872127
2.6226	 0.5002678813409297
2.6212	 0.500230868183743
2.6199	 0.4998337165287986
2.6186	 0.4997804835756212
2.6173	 0.5001588634127133
2.616	 0.500014877631481
2.6146	 0.5000730669821212
2.6133	 0.5005440123435627
2.612	 0.5006805310612021
2.6107	 0.5005767597993259
2.6094	 0.5004337522453121
2.6081	 0.5009697499164866
2.6067	 0.5020515328677713
2.6054	 0.5022053970324045
2.6041	 0.5019866000128015
2.6028	 0.501782664900102
2.6015	 0.5015978170900738
2.6002	 0.5017288794770418
2.5989	 0.5020724948247964
2.5976	 0.5023363985081987
2.5963	 0.502268727748699
2.595	 0.5011639024238778
2.5937	 0.49980726157291655
2.5924	 0.4996044719717605
2.5911	 0.49979330733231336
2.5898	 0.4999398691773066
2.5885	 0.49994183510074064
2.5872	 0.499557212878968
2.5859	 0.4992421369538019
2.5847	 0.49905774069974235
2.5834	 0.49889848884762616
2.5821	 0.4995933228910052
2.5808	 0.5001483228342836
2.5795	 0.5001573036932025
2.5782	 0.5000815927640131
2.577	 0.5000365075442413
2.5757	 0.500214709537472
2.5744	 0.5004633882981644
2.5731	 0.5004043091180427
2.5718	 0.5005339063283795
2.5706	 0.500669976213938
2.5693	 0.5004005484517152
2.568	 0.5002326440064568
2.5667	 0.500127955641068
2.5655	 0.5000440667211662
2.5642	 0.49984975377143676
2.5629	 0.4993408869452256
2.5617	 0.498847753981608
2.5604	 0.4985846559658408
2.5591	 0.4984559775864482
2.5579	 0.49861163429203426
2.5566	 0.49888131034994054
2.5554	 0.4990357311806533
2.5541	 0.49908153512494846
2.5528	 0.49908968695845274
2.5516	 0.49920786186696703
2.5503	 0.4994601431505212
2.5491	 0.4997913965454582
2.5478	 0.5000206806171881
2.5466	 0.500072993590593
2.5453	 0.5000868845065722
2.5441	 0.5000852231195165
2.5428	 0.49998496592838454
2.5416	 0.4999247096453037
2.5403	 0.5000170579574269
2.5391	 0.5001050041395156
2.5379	 0.5001193169811989
2.5366	 0.5000831130923188
2.5354	 0.5000546498707763
2.5341	 0.49999114878644957
2.5329	 0.49988597512401683
2.5317	 0.4998404317420897
2.5304	 0.4998908763769316
2.5292	 0.4999400638147334
2.528	 0.4999614418458814
2.5267	 0.5000042874465892
2.5255	 0.5000055126305392
2.5243	 0.4999758930019315
2.523	 0.499940478849038
2.5218	 0.499943179385101
2.5206	 0.49997677824708736
2.5194	 0.4999744167274282
2.5181	 0.4999417894225622
2.5169	 0.49990775534597753
2.5157	 0.4998534308875778
2.5145	 0.49977729240382956
2.5133	 0.49978074862640054
2.512	 0.4998358452151224
2.5108	 0.4998647611089111
2.5096	 0.49984950848939436
2.5084	 0.49988796610055225
2.5072	 0.49992072118895536
2.506	 0.4999220378712073
2.5048	 0.4999060660376901
2.5035	 0.49990786012590854
2.5023	 0.4999104811600857
2.5011	 0.49987702355426644
2.4999	 0.4998093262931866
2.4987	 0.49974792891662917
2.4975	 0.4996605637672035
2.4963	 0.4995430403807499
2.4951	 0.49942013646324424
2.4939	 0.4993279796778305
2.4927	 0.499242366983201
2.4915	 0.499128327307921
2.4903	 0.4989930392076256
2.4891	 0.49884430425628495
2.4879	 0.49870280071651835
2.4867	 0.498556637047717
2.4855	 0.4984473860750366
2.4844	 0.49839587539155844
2.4832	 0.49841234600378775
2.482	 0.498470591100371
2.4808	 0.4985688663462881
2.4796	 0.498736538732359
2.4784	 0.49893721654891565
2.4772	 0.49914892196061567
2.476	 0.4994206904727431
2.4749	 0.499759620298261
2.4737	 0.5000530871489631
2.4725	 0.5002412473246568
2.4713	 0.5003767775056539
2.4701	 0.5004365373548073
2.469	 0.5004600448101131
2.4678	 0.5004917099396949
2.4666	 0.5005623442389224
2.4655	 0.5006622685849681
2.4643	 0.500684130065271
2.4631	 0.5006302691867727
2.4619	 0.5006166700581721
2.4608	 0.5006596915017982
2.4596	 0.5007383128515633
2.4584	 0.5008418778387184
2.4573	 0.5009113755729411
2.4561	 0.5009391183111653
2.4549	 0.5008980372386764
2.4538	 0.5008133982426608
2.4526	 0.5007469604526451
2.4515	 0.5006751541191602
2.4503	 0.5006179795848612
2.4491	 0.5005837126635199
2.448	 0.5005033488534101
2.4468	 0.500426880697173
2.4457	 0.5003954836565381
2.4445	 0.5003817041768974
2.4434	 0.5003863170185393
2.4422	 0.5004221851818621
2.4411	 0.500469500230943
2.4399	 0.5005029023183241
2.4388	 0.5004965184769029
2.4376	 0.5004877186424167
2.4365	 0.5004653946758604
2.4353	 0.5004046296058763
2.4342	 0.5003283872119111
2.4331	 0.5002287124379556
2.4319	 0.5001291408290406
2.4308	 0.5000366607532922
2.4296	 0.4999448428899725
2.4285	 0.499881955919248
2.4274	 0.49980402748670955
2.4262	 0.49973531173393637
2.4251	 0.4997038925187518
2.424	 0.49967843023144853
2.4228	 0.49965064052306035
2.4217	 0.49963483191587466
2.4206	 0.4996292736593977
2.4194	 0.4995962821856736
2.4183	 0.49955012907150076
2.4172	 0.4995247447829729
2.416	 0.49951852843760336
2.4149	 0.4995236349861146
2.4138	 0.49954318695980043
2.4127	 0.4995917125764694
2.4116	 0.4996810538619522
2.4104	 0.49977190609500227
2.4093	 0.49986602636281613
2.4082	 0.49999486874148535
2.4071	 0.5001128969769915
2.4059	 0.5002301543355362
2.4048	 0.5003433887600178
2.4037	 0.5004255919033621
2.4026	 0.5004650702644144
2.4015	 0.5004663054524988
2.4004	 0.5004730803721807
2.3993	 0.5005090608907583
2.3982	 0.500527612390589
2.3971	 0.5005383916757238
2.396	 0.5005503256935047
2.3948	 0.5005158323592698
2.3937	 0.5004616554754279
2.3926	 0.5004416632450724
2.3915	 0.5004908608258226
2.3904	 0.5005244060211856
2.3893	 0.500496536933874
2.3882	 0.5005065874139891
2.3871	 0.5005605948567674
2.386	 0.5005730582506729
2.3849	 0.5006200377386588
2.3838	 0.5007124413744031
2.3827	 0.5008045677611791
2.3816	 0.5008130045480769
2.3805	 0.5008047177811004
2.3795	 0.5008769748751376
2.3784	 0.5009392036880689
2.3773	 0.5008992044995556
2.3762	 0.5008378098709603
2.3751	 0.500814600793082
2.374	 0.5007958743612076
2.3729	 0.5007588092520469
2.3718	 0.5007490213729021
2.3708	 0.5007738293193352
2.3697	 0.5007041944717212
2.3686	 0.5005553149685281
2.3675	 0.5004917778031258
2.3664	 0.5005127310535452
2.3653	 0.5005020480158637
2.3643	 0.5004621453572806
2.3632	 0.5004627912148055
2.3621	 0.5004827717252299
2.361	 0.500488811502441
2.36	 0.500515693484837
2.3589	 0.5006027496919037
2.3578	 0.5007111359807314
2.3567	 0.5007377246432507
2.3557	 0.5007290357606009
2.3546	 0.5007515657112429
2.3535	 0.5007484440817246
2.3525	 0.500696907684068
2.3514	 0.5006549785568555
2.3503	 0.5006834557797553
2.3493	 0.5007275878101716
2.3482	 0.5007502027242917
2.3471	 0.5008387222462974
2.3461	 0.5009671318216976
2.345	 0.501042352235385
2.344	 0.5010826413396264
2.3429	 0.5011689071957373
2.3418	 0.5012913828684811
2.3408	 0.5013336140687148
2.3397	 0.5012875330380729
2.3387	 0.5012572975121722
2.3376	 0.5012320447156701
2.3366	 0.5011485953268292
2.3355	 0.5010485359251226
2.3345	 0.5010136985821977
2.3334	 0.5010489982186117
2.3324	 0.5010340194446772
2.3313	 0.5010138004092795
2.3303	 0.5010473063317278
2.3292	 0.5010531006149929
2.3282	 0.500998170832542
2.3271	 0.5009844354584935
2.3261	 0.5010499361704469
2.325	 0.5011557676175681
2.324	 0.5011544261211738
2.323	 0.5010136898122988
2.3219	 0.5008840546092046
2.3209	 0.5007378806214695
2.3198	 0.5005851928561577
2.3188	 0.5005148809598822
2.3178	 0.5004417563830558
2.3167	 0.5002972542087512
2.3157	 0.5000898977864867
2.3147	 0.4998992459035663
2.3136	 0.49983760544628825
2.3126	 0.4998298122322586
2.3116	 0.49986377495430584
2.3105	 0.499972123669235
2.3095	 0.5000836456935055
2.3085	 0.5001320598769731
2.3074	 0.5001974038339492
2.3064	 0.5002755173937361
2.3054	 0.5003204233100329
2.3044	 0.5003443751165151
2.3034	 0.5003866714147582
2.3023	 0.5004591843644098
2.3013	 0.5004899911899848
2.3003	 0.5004373897690327
2.2993	 0.5003612040229918
2.2982	 0.5003171739673763
2.2972	 0.5003024851557767
2.2962	 0.5003368666973433
2.2952	 0.500394188339244
2.2942	 0.5004658442337532
2.2932	 0.5004736537929995
2.2921	 0.500379390266839
2.2911	 0.5002820969732799
2.2901	 0.5002805279619985
2.2891	 0.5003250055872016
2.2881	 0.5003594401320798
2.2871	 0.500345501553038
2.2861	 0.5002963544870771
2.2851	 0.5002301918301121
2.2841	 0.5001495515247442
2.2831	 0.5001507562910725
2.2821	 0.5002576533500462
2.2811	 0.5003407179149032
2.2801	 0.5003200989905232
2.279	 0.5002775154210409
2.278	 0.5002825369247872
2.2771	 0.5003226783786259
2.2761	 0.5003409676124058
2.275	 0.5003258694869117
2.274	 0.5002585751294981
2.2731	 0.5001170229062112
2.2721	 0.5000320648624996
2.2711	 0.500046597891244
2.2701	 0.5000508925052981
2.2691	 0.5000090143839719
2.2681	 0.49996636433165087
2.2671	 0.49991769805702957
2.2661	 0.4999148688212981
2.2651	 0.5000290609968244
2.2641	 0.5001502323424484
2.2631	 0.5002179841033042
2.2621	 0.5001830253356843
2.2612	 0.5000752069713759
2.2602	 0.5000390055989598
2.2592	 0.5000579887449905
2.2582	 0.5000273386515168
2.2572	 0.4999835244202118
2.2562	 0.4998702631884066
2.2553	 0.4997272487322604
2.2543	 0.4996283872388256
2.2533	 0.49960068029724886
2.2523	 0.49967823621265006
2.2513	 0.4997233836393948
2.2504	 0.49966480704501837
2.2494	 0.4996391052581693
2.2484	 0.4996380580510804
2.2474	 0.49965143044343785
2.2465	 0.499738590568778
2.2455	 0.4997906600810945
2.2445	 0.4998036273269235
2.2435	 0.4997675834368288
2.2426	 0.4996904128036513
2.2416	 0.4996963102169613
2.2406	 0.49976843209936483
2.2397	 0.4998188336907631
2.2387	 0.4998749800751363
2.2377	 0.49992412844569856
2.2368	 0.4999487615909711
2.2358	 0.499945888526538
2.2348	 0.49996244718986577
2.2339	 0.500033010579173
2.2329	 0.500106925354262
2.232	 0.500124808556114
2.231	 0.5001470193640379
2.23	 0.5001628762656993
2.2291	 0.5001484803498051
2.2281	 0.500129995928249
2.2272	 0.5001428375103317
2.2262	 0.5001692910363983
2.2252	 0.5002044988308119
2.2243	 0.5002122818134168
2.2233	 0.5001920577214286
2.2224	 0.5002092299513063
2.2214	 0.5001838841910871
2.2205	 0.5001344842548249
2.2195	 0.5001387152002761
2.2186	 0.5001753231409519
2.2176	 0.5002105655773488
2.2167	 0.5002557813299877
2.2157	 0.5002640287915007
2.2148	 0.5002520652510405
2.2138	 0.5002284124006494
2.2129	 0.5002264534264567
2.212	 0.5002809732732681
2.211	 0.500316160711018
2.2101	 0.5002887753263484
2.2091	 0.5002511946370423
2.2082	 0.5001637899367798
2.2073	 0.5000784289850609
2.2063	 0.500069946880954
2.2054	 0.500039330547529
2.2044	 0.5000055211154014
2.2035	 0.4999709919776703
2.2026	 0.49989997006263925
2.2016	 0.49986676031939087
2.2007	 0.4998734443819839
2.1998	 0.4998699570924054
2.1988	 0.4998714960438926
2.1979	 0.4998394747618985
2.197	 0.4997973867789679
2.196	 0.49984446197783355
2.1951	 0.49989680959875504
2.1942	 0.4999420037083002
2.1932	 0.5000141474749503
2.1923	 0.500025638862857
2.1914	 0.499973881163053
2.1905	 0.4999862696321873
2.1895	 0.5000469805420564
2.1886	 0.5001604058824007
2.1877	 0.5002251388694632
2.1868	 0.5001726051947031
2.1858	 0.5001038469581797
2.1849	 0.5000589513418908
2.184	 0.5000084164723615
2.1831	 0.5000375133646957
2.1822	 0.500110367066897
2.1812	 0.5001043915601483
2.1803	 0.5000163247160917
2.1794	 0.4998856011924457
2.1785	 0.49980065955750425
2.1776	 0.4998005516498993
2.1767	 0.4997799569109652
2.1758	 0.4997589729140736
2.1749	 0.49978397708956857
2.1739	 0.4997708927099576
2.173	 0.4997716313474395
2.1721	 0.4998326181799817
2.1712	 0.49995314192076584
2.1703	 0.5001067300839156
2.1694	 0.5002380022541425
2.1685	 0.5003032584798376
2.1676	 0.5003796843984245
2.1667	 0.5004598461791101
2.1658	 0.5004683256610053
2.1649	 0.5004261017047887
2.1639	 0.5003804985623421
2.1631	 0.5002946637953235
2.1622	 0.5002612485598811
2.1612	 0.5002097458066945
2.1604	 0.5001522324372524
2.1595	 0.5001908325600357
2.1585	 0.5002490290134004
2.1576	 0.5002468700731418
2.1568	 0.500270782537396
2.1559	 0.5003166137626177
2.155	 0.5003622035540468
2.1541	 0.500407480720277
2.1532	 0.5003977473970934
2.1523	 0.5003930080319974
2.1514	 0.5003194313276271
2.1505	 0.5001678753793284
2.1496	 0.5000656291403632
2.1487	 0.5000121539099665
2.1478	 0.4999701558899049
2.1469	 0.4999487432200921
2.146	 0.49987722841447974
2.1452	 0.4998263320002008
2.1443	 0.4998504198993051
2.1434	 0.4999358119678884
2.1425	 0.5000309323572165
2.1416	 0.5001149898944666
2.1407	 0.5001850570276382
2.1398	 0.5002242646222499
2.139	 0.5002198157120805
2.1381	 0.5002572202988257
2.1372	 0.5003294884185432
2.1363	 0.500305469078603
2.1354	 0.500196285066899
2.1345	 0.5000997880159594
2.1337	 0.5000927145970873
2.1328	 0.5001318070734896
2.1319	 0.5001489882102627
2.1311	 0.5001608095016429
2.1302	 0.500149886641905
2.1293	 0.5000902620729837
2.1284	 0.5000485811883286
2.1275	 0.500072984582669
2.1267	 0.5000876710463305
2.1258	 0.5000464569036774
2.1249	 0.499974852889403
2.1241	 0.49993257250360257
2.1232	 0.49993341708064304
2.1223	 0.4998562730491945
2.1214	 0.49981177936280624
2.1206	 0.49985611265914637
2.1197	 0.49990898808014594
2.1189	 0.4999610854748619
2.118	 0.49999922639133815
2.1171	 0.5000277331263864
2.1163	 0.5000306523535055
2.1154	 0.49998229205982514
2.1145	 0.4999530123712267
2.1137	 0.5000184502262295
2.1128	 0.5000611292276634
2.112	 0.5000407110239858
2.1111	 0.49999389961818747
2.1102	 0.4999124201656095
2.1094	 0.4998596396823262
2.1085	 0.499798894886322
2.1077	 0.49976763288317727
2.1068	 0.4998216304636947
2.1059	 0.49981622006624415
2.1051	 0.4997601003755748
2.1042	 0.49969766037845514
2.1034	 0.4996564266850636
2.1025	 0.4997246434686729
2.1017	 0.4998308838285043
2.1008	 0.4999392301360406
2.1	 0.49999818348244757
2.0991	 0.5000187641065872
2.0983	 0.5000542597216923
2.0974	 0.5001423199340207
2.0966	 0.5002404947702063
2.0957	 0.5003020718046564
2.0949	 0.5002796469217872
2.094	 0.5001764500816613
2.0932	 0.5000892468583588
2.0924	 0.5000992904853754
2.0915	 0.5001722424273167
2.0907	 0.5001861648743771
2.0898	 0.5001299431614025
2.089	 0.5000998137999452
2.0881	 0.5001082929684185
2.0873	 0.5001538879570729
2.0865	 0.5002323543391176
2.0856	 0.500248367579018
2.0848	 0.5001758692401931
2.0839	 0.5000225916376652
2.0831	 0.4998830214401162
2.0823	 0.49983944734399827
2.0814	 0.4998257446253992
2.0806	 0.4996866759389629
2.0798	 0.49950784154605765
2.0789	 0.49947127423385973
2.0781	 0.49951216387483743
2.0773	 0.49956690035195683
2.0764	 0.49965025314740913
2.0756	 0.4997958868292962
2.0748	 0.49995631992348044
2.0739	 0.5000078320508128
2.0731	 0.5000842400880028
2.0723	 0.5002390180766986
2.0715	 0.5002916606152252
2.0706	 0.5002186220465991
2.0698	 0.5001451793486219
2.069	 0.5001509408067816
2.0681	 0.5001383554484614
2.0673	 0.4998840681375444
2.0665	 0.4995822870143595
2.0657	 0.49946462280307985
2.0648	 0.49934791090615877
2.064	 0.49924336453590207
2.0632	 0.49930340668946593
2.0624	 0.4994162743115444
2.0616	 0.4994410412718431
2.0607	 0.49940327028630627
2.0599	 0.499539839788303
2.0591	 0.4999065837529414
2.0583	 0.5002069469907415
2.0575	 0.50041852621997
2.0567	 0.5005354736535512
2.0558	 0.5005301296567657
2.055	 0.5004397702636563
2.0542	 0.5003219466695967
2.0534	 0.5002967764765479
2.0526	 0.5003024182303043
2.0518	 0.5001824188760863
2.051	 0.5000126999829951
2.0501	 0.4999103966691169
2.0493	 0.499807104560773
2.0485	 0.499740993928869
2.0477	 0.4997868545779595
2.0469	 0.4999261773901582
2.0461	 0.49999737694785473
2.0453	 0.49998282937550437
2.0445	 0.4999456519308768
2.0437	 0.49991380226926335
2.0429	 0.4998609507391081
2.0421	 0.49985762980767806
2.0413	 0.4999358871365502
2.0405	 0.49998336151141887
2.0397	 0.49992014288638326
2.0389	 0.49986010344712023
2.0381	 0.4998723612301813
2.0373	 0.49987962347104364
2.0365	 0.49993317414008004
2.0357	 0.5000162817513535
2.0349	 0.5000727995348941
2.0341	 0.500067825324437
2.0333	 0.5000092451948547
2.0325	 0.4999406530030595
2.0317	 0.4998917138094426
2.0309	 0.4997963362727426
2.0301	 0.4997429744356538
2.0293	 0.4997779699525105
2.0285	 0.4998092945401671
2.0277	 0.49977754013987913
2.0269	 0.49975437701472464
2.0261	 0.4997603815706426
2.0253	 0.49980315263672237
2.0245	 0.4999466054870946
2.0237	 0.5001316078191987
2.0229	 0.5002319355778794
2.0222	 0.5002592622629498
2.0214	 0.5002532255601531
2.0206	 0.5002162630144898
2.0198	 0.5001835727536146
2.019	 0.5001657242999327
2.0182	 0.5001386790863284
2.0174	 0.5000142958966479
2.0167	 0.4998464943902413
2.0159	 0.49976340229057614
2.0151	 0.4997097035634462
2.0143	 0.4996111102953281
2.0135	 0.49949642987318055
2.0128	 0.4994234106444133
2.012	 0.49947724058982307
2.0112	 0.49960902617276776
2.0104	 0.4996805376973577
2.0096	 0.49975216834780134
2.0088	 0.49982008393614424
2.0081	 0.49985112407593013
2.0073	 0.49993415974547734
2.0065	 0.470695685888578
2.0057	 0.4378054768464384
2.005	 0.40036873346142526
2.0042	 0.35740016903329147
2.0034	 0.3078636546354149
2.0026	 0.2501933452673415
2.0019	 0.1820071001479792
2.0011	 0.10010722652129508
2.0003	 0.0
