2.5 1.0
2.499 1.0
2.498 0.9000157924216826
2.497 0.8180159801818112
2.496 0.7497909465307957
2.495 0.6921650522823543
2.494 0.6425887506885666
2.493 0.5997063398436051
2.492 0.5622745276952715
2.491 0.529347277239887
2.49 0.49994790273812834
2.489 0.4999936552916445
2.488 0.5001735144950855
2.487 0.5002817013965197
2.486 0.5002880825505805
2.485 0.5004461507598442
2.484 0.5005361122942157
2.483 0.500496552375641
2.482 0.50046950844008
2.481 0.5004329913562161
2.48 0.5004658600819597
2.479 0.5003528155818381
2.478 0.5003310608472609
2.477 0.5003960248818716
2.476 0.5003667020150095
2.475 0.5002995219616894
2.474 0.5003326342427762
2.473 0.5003469763593626
2.472 0.5003994385754411
2.471 0.5004686105741931
2.47 0.5005401560261186
2.469 0.5005653501643044
2.468 0.500506981465496
2.467 0.5004219014704034
2.466 0.5004209543719847
2.465 0.5004493267785691
2.464 0.5004150753581349
2.463 0.5004298076532168
2.462 0.5004012788121225
2.461 0.5003871765668957
2.46 0.50045287137197
2.459 0.5005326059060992
2.458 0.5005709833304123
2.457 0.500598831547859
2.456 0.5006748555933164
2.455 0.5007305653816799
2.454 0.5007461060347521
2.453 0.5007145337737691
2.452 0.5007022137660937
2.451 0.5005567793327526
2.45 0.5004086241001005
2.449 0.5003707164833469
2.448 0.5003576301547785
2.447 0.5003087767511366
2.446 0.5002746994402508
2.445 0.5002640286393664
2.444 0.5002813287845819
2.443 0.5002868069033138
2.442 0.5003722754993071
2.441 0.5005219616747885
2.44 0.5006152621581275
2.439 0.5006747920662497
2.438 0.5007236514504368
2.437 0.5007248731037826
2.436 0.5007564105262449
2.435 0.5007396649504922
2.434 0.5007382326916942
2.433 0.5007792561492523
2.432 0.5007728537169931
2.431 0.5007658788174223
2.43 0.5007473904768428
2.429 0.5007595955070757
2.428 0.5008015656526295
2.427 0.5008570501089484
2.426 0.5008989872080039
2.425 0.5009884563714174
2.424 0.5010442772011365
2.423 0.5010269620057253
2.422 0.501003541292309
2.421 0.5010545196542396
2.42 0.5010918425608201
2.419 0.5010694585629087
2.418 0.5010375770262466
2.417 0.5010583756982588
2.416 0.5010234707216338
2.415 0.5009167574829692
2.414 0.5008954884060609
2.413 0.5009506504871248
2.412 0.5009229294827883
2.411 0.5008329825428529
2.41 0.5008168121625158
2.409 0.5008028718879813
2.408 0.5007390487121515
2.407 0.5006783060795078
2.406 0.5006851189658772
2.405 0.5007215659651193
2.404 0.5006893262078458
2.403 0.5006342224120117
2.402 0.5006592126834647
2.401 0.5006539819943385
2.4 0.5006181354307352
2.399 0.5006371305527698
2.398 0.5006610927020826
2.397 0.5006958487754029
2.396 0.500666578333356
2.395 0.5005976077050823
2.394 0.5006058395325831
2.393 0.5006090853131089
2.392 0.5005696300486355
2.391 0.5005542880864314
2.39 0.5005180854115281
2.389 0.5004941524382248
2.388 0.500468919290385
2.387 0.5004001343427881
2.386 0.5003739295228525
2.385 0.5003567182251617
2.384 0.5002737474830108
2.383 0.500220835537187
2.382 0.5002030764231965
2.381 0.5001792275814259
2.38 0.5001286361241276
2.379 0.5000401326634073
2.378 0.5000007862109807
2.377 0.49998116559597694
2.376 0.4999384066223887
2.375 0.49989262765259435
2.374 0.4998404729385897
2.373 0.4997705103314115
2.372 0.49970319298692895
2.371 0.49964254558971427
2.37 0.4996246062401278
2.369 0.4995961578447083
2.368 0.4995122455285181
2.367 0.4994163882079001
2.366 0.4993722983655251
2.365 0.49937426618862857
2.364 0.499352951598862
2.363 0.4993170219209965
2.362 0.4993262962629999
2.361 0.49934401728965383
2.36 0.4993680559839341
2.359 0.4994405573121305
2.358 0.4995637568984411
2.357 0.49968207344751353
2.356 0.4997702121111589
2.355 0.49990887471171097
2.354 0.5000956474447528
2.353 0.5002688035100165
2.352 0.5004106944688871
2.351 0.5005647677460761
2.35 0.5007135277794758
2.349 0.5008031940022699
2.348 0.5008789738254582
2.347 0.5009595059848767
2.346 0.5010119217805004
2.345 0.5010125760646865
2.344 0.5009729718930785
2.343 0.5009447371353135
2.342 0.5009231293929157
2.341 0.5008842883855211
2.34 0.5008812132708259
2.339 0.5008980100654152
2.338 0.5009003890480639
2.337 0.500894651013782
2.336 0.50087898635351
2.335 0.5009092204470971
2.334 0.5009542689042057
2.333 0.5009643033008302
2.332 0.500963248208376
2.331 0.5009284163641803
2.33 0.5009199387492522
2.329 0.5009294658464588
2.328 0.5009224449824542
2.327 0.5009630813818723
2.326 0.5009864763651353
2.325 0.5009620642132353
2.324 0.5009643964610802
2.323 0.5010044587107746
2.322 0.5010680579540248
2.321 0.5011192640304072
2.32 0.5010997737406868
2.319 0.5010868277747617
2.318 0.5010678343922942
2.317 0.5010242924927354
2.316 0.5010267749277684
2.315 0.501018810961889
2.314 0.5009795568567018
2.313 0.5009338452479223
2.312 0.5008340163226735
2.311 0.5007944474749217
2.31 0.5007814987770826
2.309 0.500729408662149
2.308 0.5007038265010133
2.307 0.5006739905374792
2.306 0.5006143438460987
2.305 0.5005772113012833
2.304 0.5005482921159073
2.303 0.500512862964472
2.302 0.5004986872766026
2.301 0.5004237888992111
2.3 0.5003738618136392
2.299 0.5003322490128705
2.298 0.5002866322402596
2.297 0.500237994448031
2.296 0.5002102582876921
2.295 0.5001568353547968
2.294 0.5001598718278369
2.293 0.5001511032964217
2.292 0.5001600753498501
2.291 0.5001784866232639
2.29 0.5001541389816676
2.289 0.5001359993651343
2.288 0.5001634117575164
2.287 0.5001592324109428
2.286 0.5001535747656067
2.285 0.5001572752417678
2.284 0.5001221998338728
2.283 0.5001173458258191
2.282 0.5000881726766164
2.281 0.5000840327314554
2.28 0.500063680790032
2.279 0.5000483778743959
2.278 0.5000158105447318
2.277 0.5000345116586841
2.276 0.4999975443535167
2.275 0.49996161566237063
2.274 0.49992477611136904
2.273 0.49990506448348626
2.272 0.4999261940881532
2.271 0.49992262902014567
2.27 0.49992047218262275
2.269 0.4999059943569698
2.268 0.49983720446621044
2.267 0.49979726832783483
2.266 0.49981427652546145
2.265 0.49982324163796976
2.264 0.4998504269764574
2.263 0.4998249375264941
2.262 0.4997858934443407
2.261 0.4997767683133796
2.26 0.49982043113357266
2.259 0.4999042084338315
2.258 0.5000031977085287
2.257 0.5000574545319912
2.256 0.5000755982663695
2.255 0.500125143841368
2.254 0.5001646801721236
2.253 0.5002665671967071
2.252 0.5003449171196129
2.251 0.5003559922627291
2.25 0.5003537636495434
2.249 0.500338471920893
2.248 0.5003303552140992
2.247 0.500370158903665
2.246 0.5003995906373321
2.245 0.5003933673801167
2.244 0.5003371329237081
2.243 0.5002624864974767
2.242 0.5002370269745571
2.241 0.5002387714242231
2.24 0.5002126766294869
2.239 0.500184165454244
2.238 0.5001281763642247
2.237 0.5000456307881882
2.236 0.5000145148784897
2.235 0.4999910628826329
2.234 0.5000217045649874
2.233 0.5000164298583141
2.232 0.49996620075675363
2.231 0.4999591453859821
2.23 0.4999024224369257
2.229 0.49988541663586455
2.228 0.49987542046014777
2.227 0.49983265758906065
2.226 0.49980122077468103
2.225 0.49974525867841624
2.224 0.49969223069244295
2.223 0.4996700873628029
2.222 0.49963561221015496
2.221 0.49963890589730997
2.22 0.4996056058722547
2.219 0.49954646082002796
2.218 0.49951049106346734
2.217 0.4994851716165288
2.216 0.49946138670118967
2.215 0.49942623534829333
2.214 0.4993908086469607
2.213 0.4993277007568007
2.212 0.49929378949899555
2.211 0.4992719916547949
2.21 0.49929553370594304
2.209 0.49930278245032145
2.208 0.4993343903405388
2.207 0.49933477903659657
2.206 0.49936240581086955
2.205 0.49942592913083317
2.204 0.4994900664732968
2.203 0.49958649963160384
2.202 0.4997020644127016
2.201 0.49977541421761695
2.2 0.49990884301118943
2.199 0.5000491568984212
2.198 0.5001965689983515
2.197 0.5003908999596509
2.196 0.5005634150348125
2.195 0.5007667855320872
2.194 0.5009356608150457
2.193 0.5011268382634291
2.192 0.5012869376652562
2.191 0.5014623217412285
2.19 0.5016478999087096
2.189 0.50184246450851
2.188 0.5019878251423716
2.187 0.5020828452067221
2.186 0.5021400936884639
2.185 0.5022067481158818
2.184 0.502241791197031
2.183 0.5023074379005338
2.182 0.5023468712821022
2.181 0.5023257505369417
2.18 0.5022400606575671
2.179 0.5021420513335559
2.178 0.5020689418815326
2.177 0.5020576743050728
2.176 0.5020398017799281
2.175 0.5019935160347249
2.174 0.5019310747298602
2.173 0.5018095151567317
2.172 0.5017496983410299
2.171 0.5016936098927323
2.17 0.5017124481368496
2.169 0.5017181946258615
2.168 0.5016793208305205
2.167 0.5016047282774748
2.166 0.5015423736195784
2.165 0.501477319270382
2.164 0.5014823404138037
2.163 0.5014179578253146
2.162 0.5013706625198586
2.161 0.5012964777176296
2.16 0.5011957248660768
2.159 0.5010958632052964
2.158 0.5010336521436698
2.157 0.5009583119497849
2.156 0.500899122713265
2.155 0.5008402575716047
2.154 0.5007720940240113
2.153 0.500716916765116
2.152 0.5006169278647635
2.151 0.5005399277241622
2.15 0.500470835853968
2.149 0.5004112063192173
2.148 0.5003614994399466
2.147 0.5003240994468489
2.146 0.5002200374949666
2.145 0.500104141019671
2.144 0.5000206685617002
2.143 0.4999685371644983
2.142 0.4999081353135335
2.141 0.4998592359339621
2.14 0.49978230631398324
2.139 0.49969600158894384
2.138 0.49960614854632707
2.137 0.4995216935540624
2.136 0.49949154704764054
2.135 0.4994600899729635
2.134 0.49939570787708154
2.133 0.4993545163748105
2.132 0.49929124616721515
2.131 0.49921881420440617
2.13 0.4991638575476597
2.129 0.49910206248302896
2.128 0.49904087572811373
2.127 0.49899300436298927
2.126 0.49894714655276046
2.125 0.4988907835998075
2.124 0.4988541562840649
2.123 0.49882596282950903
2.122 0.498812299674941
2.121 0.49882144323832767
2.12 0.49880584554898055
2.119 0.49879080176826657
2.118 0.49877171009026283
2.117 0.4987519034291189
2.116 0.49875967875054333
2.115 0.4987551895790261
2.114 0.49874122639066715
2.113 0.49874094924739903
2.112 0.4987188735873283
2.111 0.4986953162456841
2.11 0.4987318970657973
2.109 0.49879540693747604
2.108 0.4988513099490368
2.107 0.4988820134987724
2.106 0.4989178712257452
2.105 0.49900823827924917
2.104 0.4990976737632456
2.103 0.4991843011050479
2.102 0.49932096037315893
2.101 0.49946255712556703
2.1 0.4995661124501223
2.099 0.49966424835352485
2.098 0.49979865917534044
2.097 0.49994594599995407
2.096 0.5000449659278177
2.095 0.5001340343623603
2.094 0.500232088051702
2.093 0.5002997462148714
2.092 0.5003234762065982
2.091 0.5003356503721327
2.09 0.5003775633534925
2.089 0.5003964737409727
2.088 0.5003763082905004
2.087 0.500376503066676
2.086 0.5003707769582738
2.085 0.5003459453185439
2.084 0.5003205651368727
2.083 0.500321361452233
2.082 0.5003659991724194
2.081 0.50038069491054
2.08 0.5003452977364229
2.079 0.5003323626981667
2.078 0.5003187395731469
2.077 0.5003047277878107
2.076 0.5003101500698269
2.075 0.5003016955168405
2.074 0.5002937868517076
2.073 0.500240758604246
2.072 0.500182118089861
2.071 0.5001994271750018
2.07 0.5002282961561092
2.069 0.5002525421077852
2.068 0.5002569761264896
2.067 0.500231222839451
2.066 0.5002402247196681
2.065 0.5002571738627434
2.064 0.5002625905549055
2.063 0.5002619593470428
2.062 0.5002379288927198
2.061 0.5002074625586668
2.06 0.5001772058813769
2.059 0.5001621167577763
2.058 0.5001769968110051
2.057 0.5001951643431063
2.056 0.5001710641690656
2.055 0.5001645162142005
2.054 0.5001701332730538
2.053 0.5002066320018352
2.052 0.5002337914230317
2.051 0.500233442494227
2.05 0.5002312405675136
2.049 0.5002132526439084
2.048 0.5001849579430369
2.047 0.500176422408152
2.046 0.5001701187649086
2.045 0.5001637453045868
2.044 0.5001363215223146
2.043 0.500080934883412
2.042 0.500035530421465
2.041 0.5000079875693535
2.04 0.4999924766083835
2.039 0.49997865640335737
2.038 0.49997554128657345
2.037 0.4999633467383966
2.036 0.4999525428042695
2.035 0.49990935668967845
2.034 0.4998880116672024
2.033 0.4998922136063816
2.032 0.4998849718621948
2.031 0.4998493863962664
2.03 0.49980782822150654
2.029 0.4997520288996755
2.028 0.4997095605323869
2.027 0.4996448878947534
2.026 0.49964096240516515
2.025 0.4996767640341627
2.024 0.49968730070685896
2.023 0.4997015220847783
2.022 0.49973228016485965
2.021 0.49977087216551347
2.02 0.49978839381381246
2.019 0.49982201089653067
2.018 0.49983576135234925
2.017 0.4998567112455379
2.016 0.49984474938845996
2.015 0.4997970218223622
2.014 0.4997323676295742
2.013 0.4996840839417396
2.012 0.49963597885481914
2.011 0.4996333437548124
2.01 0.49963523359135853
2.009 0.49965108855586415
2.008 0.4996608584988156
2.007 0.4996414849621087
2.006 0.4996412535665258
2.005 0.4996552935934602
2.004 0.49967785701000633
2.003 0.4996863462450138
2.002 0.4996770562377174
2.001 0.4996377655058419
2.0 0.4995797264372135
1.999 0.4994848800067946
1.998 0.4994137667968246
1.997 0.4993667581071911
1.996 0.4992981034604958
1.995 0.4992380340158246
1.994 0.49920939360095984
1.993 0.49917181107266734
1.992 0.4991287453098918
1.991 0.49912450176503614
1.99 0.4991425587482692
1.989 0.499163927590136
1.988 0.4991806489340558
1.987 0.4992381002627597
1.986 0.49928649433510836
1.985 0.49928861073505143
1.984 0.49927494326522126
1.983 0.4992824185627147
1.982 0.49932102575312765
1.981 0.49931140332683455
1.98 0.4993152134770538
1.979 0.4993799688505133
1.978 0.4993814317025542
1.977 0.49935623595229833
1.976 0.49935310777207775
1.975 0.49936035906732223
1.974 0.4994027145973094
1.973 0.499403620700486
1.972 0.49943672005845235
1.971 0.4994831440162041
1.97 0.49946844626309367
1.969 0.4994500710617014
1.968 0.4995110804102952
1.967 0.499549871384633
1.966 0.4995837179933912
1.965 0.4996314941477161
1.964 0.4996453373733692
1.963 0.4996866419889258
1.962 0.4996971822092533
1.961 0.4996680225463849
1.96 0.499689608698644
1.959 0.4996848889799053
1.958 0.49964404984498645
1.957 0.4996395951849218
1.956 0.49961518816381056
1.955 0.4996086088173396
1.954 0.4995957706193806
1.953 0.49955085538606253
1.952 0.49956457768677426
1.951 0.4996196141835604
1.95 0.4996559288336886
1.949 0.4996814274633753
1.948 0.4997297836074823
1.947 0.499745635963938
1.946 0.49977883589798644
1.945 0.49980075739791247
1.944 0.4998790514157043
1.943 0.49994815213537114
1.942 0.499963470101945
1.941 0.4999211795498878
1.94 0.49997242555151417
1.939 0.4999788214646779
1.938 0.4999906061573911
1.937 0.500040100218898
1.936 0.5000542068414555
1.935 0.5000695627673672
1.934 0.500034678135725
1.933 0.5000433980695165
1.932 0.5000884705978673
1.931 0.5001266191239518
1.93 0.5001426539861926
1.929 0.5001785976589906
1.928 0.5001805087323751
1.927 0.5001811620175372
1.926 0.5002084352963537
1.925 0.5002717354731212
1.924 0.5003578463764194
1.923 0.5004237197772964
1.922 0.5004465877067319
1.921 0.5005161142641341
1.92 0.5005857840155045
1.919 0.5006699323333733
1.918 0.5007719916847961
1.917 0.5008479933399156
1.916 0.5009110135844539
1.915 0.5009438960993975
1.914 0.5009895217985684
1.913 0.5010771659990607
1.912 0.5011605166757943
1.911 0.5012544619135018
1.91 0.501299421967176
1.909 0.5014133283326755
1.908 0.5014792860820159
1.907 0.5015843088749572
1.906 0.5016760343818025
1.905 0.5017656781806644
1.904 0.5017951813668682
1.903 0.5018553051980218
1.902 0.5018742159947891
1.901 0.5019101304497845
1.9 0.5019136832662058
1.899 0.5018750820691226
1.898 0.5018777796550297
1.897 0.5018602461377422
1.896 0.5018524056264839
1.895 0.5018675652013908
1.894 0.5018338706923913
1.893 0.5017476502761107
1.892 0.5017132184007284
1.891 0.501644478150658
1.89 0.501617527253362
1.889 0.5015494575082822
1.888 0.5014521432890494
1.887 0.501333305365121
1.886 0.5012088666085205
1.885 0.5011183857450705
1.884 0.5010651177063247
1.883 0.5009851573921106
1.882 0.5008874298508537
1.881 0.5008137854110469
1.88 0.5007247876045471
1.879 0.5006765922993646
1.878 0.500660218094103
1.877 0.5006628485260046
1.876 0.500617126496907
1.875 0.5005630789996324
1.874 0.5005437659539421
1.873 0.5005537820352767
1.872 0.5005645735510778
1.871 0.5005461134353091
1.87 0.5005176906673129
1.869 0.5004908809734483
1.868 0.5004334569483476
1.867 0.5004152812213365
1.866 0.5004312052021518
1.865 0.5004162479718479
1.864 0.5003925549742426
1.863 0.5003466295687963
1.862 0.5003450198122731
1.861 0.500336809583744
1.86 0.5002991437905445
1.859 0.5002941517369818
1.858 0.5002908994282917
1.857 0.5002563176238237
1.856 0.5002203301449675
1.855 0.5001815595345398
1.854 0.500135863028073
1.853 0.5000860832964233
1.852 0.5000351499646734
1.851 0.5000333124470617
1.85 0.5000298456196055
1.849 0.49998897227997685
1.848 0.4999721852012705
1.847 0.49993717247882324
1.846 0.49992849827194885
1.845 0.49994712011430437
1.844 0.499965803901837
1.843 0.5000094248116019
1.842 0.5000050069950667
1.841 0.5000001636061733
1.84 0.5000380218233487
1.839 0.5000637380828109
1.838 0.5000787896547876
1.837 0.50007336267404
1.836 0.5000897911047906
1.835 0.5000995985954111
1.834 0.5000959008552027
1.833 0.5000854288709274
1.832 0.5000809815791937
1.831 0.500037364845269
1.83 0.5000006543697503
1.829 0.500006902893045
1.828 0.5000611037802567
1.827 0.5001048365671517
1.826 0.5001056857355659
1.825 0.5001029270194121
1.824 0.5001376520607222
1.823 0.5001610608234345
1.822 0.5001882993319723
1.821 0.5002177631839274
1.82 0.5002440912519317
1.819 0.5002390626781077
1.818 0.5001858690724521
1.817 0.5001842814615073
1.816 0.5001857821080226
1.815 0.5001607979080516
1.814 0.5001434581420258
1.813 0.5001305711302164
1.812 0.5001187342051315
1.811 0.5001029781974469
1.81 0.5000784680064596
1.809 0.5000516671360609
1.808 0.5000173538043298
1.807 0.49997003122830985
1.806 0.499938066175654
1.805 0.49990341597591925
1.804 0.49989368086519004
1.803 0.49991807009082484
1.802 0.4999237263675921
1.801 0.4999062722921941
1.8 0.49992388541149685
1.799 0.4999485289643367
1.798 0.49998356130395
1.797 0.5000112427956231
1.796 0.5000380118650621
1.795 0.5000598505390504
1.794 0.500038277483184
1.793 0.5000012420578572
1.792 0.4999751913485729
1.791 0.4999594325897457
1.79 0.4999424656552651
1.789 0.4999446282107956
1.788 0.49997310095522
1.787 0.5000063401908489
1.786 0.500012745591202
1.785 0.5000068307453089
1.784 0.5000076809409055
1.783 0.5000067004688433
1.782 0.500020951868557
1.781 0.5000273616593522
1.78 0.4999885242371707
1.779 0.4999177368505167
1.778 0.4998585935217981
1.777 0.49979232418142977
1.776 0.4997594890338639
1.775 0.49977569716003833
1.774 0.49980394777765186
1.773 0.49981431422506056
1.772 0.4998345599222
1.771 0.4998832752913998
1.77 0.49994231895837193
1.769 0.499995127446063
1.768 0.5000287782055848
1.767 0.500063053343783
1.766 0.5000627330247313
1.765 0.5000553096730043
1.764 0.5000542926944012
1.763 0.5000394767198881
1.762 0.5000078821397059
1.761 0.4999812274107536
1.76 0.49996556160518635
1.759 0.4999698469165234
1.758 0.49999002611066123
1.757 0.500031259143136
1.756 0.5000739641874691
1.755 0.5000764844640401
1.754 0.500074845712871
1.753 0.500111756934096
1.752 0.5001371617605699
1.751 0.500142590570843
1.75 0.5001616198315739
1.749 0.5001564490863668
1.748 0.5001416573127506
1.747 0.5001194419296481
1.746 0.5001239766208792
1.745 0.5001447626418906
1.744 0.5001335810111144
1.743 0.5001281744919558
1.742 0.5001477039422183
1.741 0.5001793243237237
1.74 0.5001841185934163
1.739 0.5001605323360745
1.738 0.5001438962880248
1.737 0.5001462337363974
1.736 0.5001354116976237
1.735 0.5001287744941044
1.734 0.5001484013648353
1.733 0.5001238635227805
1.732 0.5000692796788297
1.731 0.5000412185698606
1.73 0.5000643033640033
1.729 0.5000893541692277
1.728 0.5000895176322302
1.727 0.5000796476770798
1.726 0.5000836278594866
1.725 0.500063448167223
1.724 0.5000643245310383
1.723 0.5000837821304144
1.722 0.5001091557405896
1.721 0.500066810597898
1.72 0.5000150528931235
1.719 0.4999807667302181
1.718 0.49994595360343813
1.717 0.4999097699103322
1.716 0.49989883319206563
1.715 0.499898664652892
1.714 0.49984199980823135
1.713 0.4998019272203861
1.712 0.4998165663000975
1.711 0.4998620161526995
1.71 0.4998834062006477
1.709 0.4999171722772216
1.708 0.4999637774767763
1.707 0.49995799254815243
1.706 0.4999346345319007
1.705 0.49995162017532113
1.704 0.4999838612469728
1.703 0.5000021236237856
1.702 0.4999695180898212
1.701 0.4999564825512673
1.7 0.4999682457128446
1.699 0.4999488721924381
1.698 0.4999551146790549
1.697 0.49998748786273683
1.696 0.5000069260865037
1.695 0.5000076447004583
1.694 0.5000314924699675
1.693 0.5000217579367465
1.692 0.5000261695826856
1.691 0.49999339984546487
1.69 0.499968339704709
1.689 0.49997006986269116
1.688 0.49994210106226905
1.687 0.4999398807390696
1.686 0.49994445522666514
1.685 0.4998859259405457
1.684 0.4998473356077017
1.683 0.4998526558898398
1.682 0.4998812837820837
1.681 0.49995144103150496
1.68 0.49995454461976596
1.679 0.4999757853345398
1.678 0.500003071725175
1.677 0.4999763404136062
1.676 0.49998915099191954
1.675 0.5000672220948078
1.674 0.5000919300333033
1.673 0.5001051659694165
1.672 0.5000801633201013
1.671 0.5000512709342426
1.67 0.5000733584710539
1.669 0.5000790402868898
1.668 0.5000748861319118
1.667 0.5000737490838547
1.666 0.5000667531484254
1.665 0.5000627286737865
1.664 0.5000583823648275
1.663 0.5000453796018396
1.662 0.5000373441274742
1.661 0.5000377684171348
1.66 0.4999872577568895
1.659 0.49996092408909676
1.658 0.5000069908413445
1.657 0.5000057826813463
1.656 0.4999776202402416
1.655 0.4999465182603387
1.654 0.49993439648490623
1.653 0.4999750732757485
1.652 0.49995540203545763
1.651 0.4999826847384853
1.65 0.5000508017429801
1.649 0.5000430942409954
1.648 0.5000154510258991
1.647 0.5000569049037392
1.646 0.5000725554134211
1.645 0.5000771969187877
1.644 0.5000635454990674
1.643 0.5000325708572957
1.642 0.500039893499712
1.641 0.5000130028934379
1.64 0.4999670698863258
1.639 0.49996324457426206
1.638 0.4999281266539037
1.637 0.4999356788649897
1.636 0.4999639372665232
1.635 0.49995547502076804
1.634 0.49998484202647475
1.633 0.49998147727457604
1.632 0.4999742545550161
1.631 0.4999612833640201
1.63 0.49999421718111425
1.629 0.5000374741446372
1.628 0.5000502155084963
1.627 0.5000059134005039
1.626 0.5000294646873888
1.625 0.5000596479477513
1.624 0.5000429234291757
1.623 0.5000600060378422
1.622 0.5001057746283057
1.621 0.5001245579629647
1.62 0.5000957749901841
1.619 0.5000339081161917
1.618 0.5000320777580535
1.617 0.5000288789077343
1.616 0.499950672455303
1.615 0.49993306657964337
1.614 0.49994400861470256
1.613 0.4999315651778799
1.612 0.499897035282533
1.611 0.49986541067384826
1.61 0.4999031795141964
1.609 0.499952795249706
1.608 0.4999371799173049
1.607 0.4999800072653336
1.606 0.5000532471970087
1.605 0.5000504058965033
1.604 0.5000365885561973
1.603 0.5000284541751553
1.602 0.5000477963216762
1.601 0.5000645923198719
1.6 0.4999817357923905
1.599 0.49994840759165793
1.598 0.49995497413005635
1.597 0.4998842590020813
1.596 0.499827934745118
1.595 0.4998303500826684
1.594 0.4998272353771756
1.593 0.49982023675939646
1.592 0.49981330400924173
1.591 0.4998353007271473
1.59 0.4999154902513136
1.589 0.4999300277359466
1.588 0.499944670465068
1.587 0.49998637027472614
1.586 0.49997845899648735
1.585 0.4999675403530943
1.584 0.49999722145821407
1.583 0.4999825756030852
1.582 0.49998064596700525
1.581 0.4999497516581136
1.58 0.49991104763524996
1.579 0.49992572496293763
1.578 0.4999185684736489
1.577 0.4999354366492961
1.576 0.49999061813297185
1.575 0.4999836214787079
1.574 0.49996116256018497
1.573 0.49998522263667133
1.572 0.49996164712675506
1.571 0.4999633453594996
1.57 0.4999729582232344
1.569 0.4999692635561123
1.568 0.4999583423090289
1.567 0.4999285195489551
1.566 0.49992306848774754
1.565 0.49996119071718575
1.564 0.49995916187480804
1.563 0.499978355470913
1.562 0.5000031063766588
1.561 0.4999681803302115
1.56 0.49992193193314916
1.559 0.49988905578492315
1.558 0.4998809070480328
1.557 0.4998422521602163
1.556 0.4997725654525352
1.555 0.49975147129841907
1.554 0.49975227801499444
1.553 0.4997172720660613
1.552 0.4997266546911649
1.551 0.49977904741263635
1.55 0.499824675023802
1.549 0.4998534926124214
1.548 0.49987047395145423
1.547 0.4999424964098712
1.546 0.4999725381319004
1.545 0.4999602622247996
1.544 0.49996824819047425
1.543 0.500004058992613
1.542 0.5000354159713855
1.541 0.500041175527937
1.54 0.5000304403680391
1.539 0.5000148608156951
1.538 0.4999905725438171
1.537 0.49997142329098027
1.536 0.49998471300483344
1.535 0.5000013094177779
1.534 0.49997908088273574
1.533 0.4999078708300583
1.532 0.49984890709904845
1.531 0.4998328664397579
1.53 0.4998470078460453
1.529 0.49985086080654084
1.528 0.4998560234616597
1.527 0.4998451445159579
1.526 0.49983833274925293
1.525 0.49983328872199345
1.524 0.499873007298511
1.523 0.4999327969754709
1.522 0.4999399303480267
1.521 0.4999173905096698
1.52 0.49990205945063404
1.519 0.49991165323623327
1.518 0.49991659517525694
1.517 0.49989240591513223
1.516 0.4998630725061715
1.515 0.4998430110011573
1.514 0.4998106355639321
1.513 0.4998047402219218
1.512 0.49984766496174193
1.511 0.49988350765241674
1.51 0.49985970457933293
1.509 0.49983626140074244
1.508 0.49984631944409397
1.507 0.4998746226633844
1.506 0.4999070339868796
1.505 0.4999351243727078
1.504 0.4999159049094026
1.503 0.49986458190565064
1.502 0.49980371832129783
1.501 0.4998075294732379
1.5 0.49986507042078027
1.499 0.49989464064195427
1.498 0.4998947715184375
1.497 0.4998582889052708
1.496 0.4997854496625417
1.495 0.49975470392455346
1.494 0.4997696018077548
1.493 0.4997970306496187
1.492 0.49980970300082517
1.491 0.4997277964760441
1.49 0.4996516337242711
1.489 0.4996292006232397
1.488 0.4996054828657981
1.487 0.4996542238689857
1.486 0.49972945869149415
1.485 0.49974546175247614
1.484 0.49973853968404086
1.483 0.4997294790818723
1.482 0.49976339532568487
1.481 0.4998300096804149
1.48 0.4998361847783132
1.479 0.49987199463376264
1.478 0.4998878565204845
1.477 0.49985068227422463
1.476 0.499852359310055
1.475 0.4998726336173906
1.474 0.49990236664437077
1.473 0.49992063063773073
1.472 0.4999178717133157
1.471 0.4999398269368809
1.47 0.4999830078007013
1.469 0.49996220354266524
1.468 0.4999412960131118
1.467 0.499949308964818
1.466 0.4999197189043899
1.465 0.49991199517298296
1.464 0.49992968431181717
1.463 0.4999148512224011
1.462 0.4998821995458814
1.461 0.49984067357138184
1.46 0.49983221810817396
1.459 0.4998493490048946
1.458 0.49988258354603216
1.457 0.49991845199795243
1.456 0.4999120622912055
1.455 0.4998761753556925
1.454 0.4998584539620854
1.453 0.49988653282056256
1.452 0.49989757403745905
1.451 0.4999136859254506
1.45 0.49993463881580663
1.449 0.4999007548486865
1.448 0.49988157416358797
1.447 0.4998629526100258
1.446 0.4998599724919646
1.445 0.4998687743325228
1.444 0.49984905864520807
1.443 0.49983032807363525
1.442 0.49980262785038526
1.441 0.49978052808865236
1.44 0.4997544221943615
1.439 0.49976846127937885
1.438 0.4997576443744262
1.437 0.4997331573214223
1.436 0.49971387774910664
1.435 0.4997062696268962
1.434 0.4996796182744129
1.433 0.4996824608781261
1.432 0.4996864251131906
1.431 0.4996721120471984
1.43 0.49963409910308637
1.429 0.49961030467292944
1.428 0.49959099864760576
1.427 0.4995434522841201
1.426 0.4994499859981443
1.425 0.4993515122823324
1.424 0.49925111800872385
1.423 0.4991121466227001
1.422 0.49899591608016103
1.421 0.49887166781138986
1.42 0.49876170217070925
1.419 0.49867616660709474
1.418 0.49866103387277666
1.417 0.49874539556001973
1.416 0.4988997127630805
1.415 0.4990262268293989
1.414 0.4992056941564254
1.413 0.499432400487619
1.412 0.499702529670198
1.411 0.49996449174168
1.41 0.5002149395439465
1.409 0.5004289059128985
1.408 0.5005981775411613
1.407 0.500725469829894
1.406 0.5008806702417022
1.405 0.5010281146425608
1.404 0.5011519275132672
1.403 0.5012232017419695
1.402 0.501268320841839
1.401 0.5013366509702655
1.4 0.5014480327127611
1.399 0.5014922393980377
1.398 0.5015279340787487
1.397 0.5015297962772935
1.396 0.5015018143820952
1.395 0.5014692760167375
1.394 0.501379340630343
1.393 0.5013242844892254
1.392 0.5012300637580855
1.391 0.5010639308726048
1.39 0.5009219271570414
1.389 0.5007987409899762
1.388 0.5006498365588471
1.387 0.5005302086962894
1.386 0.5003857430725948
1.385 0.5002870630869951
1.384 0.5002233308040447
1.383 0.5001336607683139
1.382 0.5000809259423641
1.381 0.5000689225544713
1.38 0.49999563728134
1.379 0.4999995735992885
1.378 0.5000359796915795
1.377 0.5000294194605698
1.376 0.5000298800148488
1.375 0.499993472788251
1.374 0.49999396488138237
1.373 0.5000342730984121
1.372 0.5000169888246331
1.371 0.5000502447364703
1.37 0.5000740902786273
1.369 0.5000525730041593
1.368 0.5000149216893346
1.367 0.5000278419863319
1.366 0.5000710941721012
1.365 0.5001328066886827
1.364 0.5001093311335061
1.363 0.5000605977694512
1.362 0.5000570254689057
1.361 0.5000346603583284
1.36 0.4999821271967725
1.359 0.49999429392054623
1.358 0.49998491433111003
1.357 0.49993030721693854
1.356 0.4998240968836187
1.355 0.49976155344095763
1.354 0.4998005183505407
1.353 0.4998240028841749
1.352 0.4998260300047075
1.351 0.49985171704187403
1.35 0.49986382960743897
1.349 0.4998299056059766
1.348 0.4998620879154766
1.347 0.49993707942780724
1.346 0.500011188277048
1.345 0.5000250032845522
1.344 0.4999947828719915
1.343 0.4999879255853827
1.342 0.4999853657813117
1.341 0.4999826765447109
1.34 0.5000471808924604
1.339 0.5000631305011144
1.338 0.5000270372892781
1.337 0.4999643007889526
1.336 0.4999594770299072
1.335 0.4999311200793927
1.334 0.4999102417892569
1.333 0.49987397130720507
1.332 0.49987692054817684
1.331 0.49982446671425446
1.33 0.49981112449485243
1.329 0.4998333784374436
1.328 0.4998717766194462
1.327 0.4998916571260827
1.326 0.4999125333103677
1.325 0.49993379307266117
1.324 0.4999713099584119
1.323 0.4999845045873644
1.322 0.4999981615542115
1.321 0.50000866796152
1.32 0.4999742585611954
1.319 0.49994858318098717
1.318 0.49993243228158385
1.317 0.49996296688806424
1.316 0.499963002063152
1.315 0.5000008535474153
1.314 0.5000086007928224
1.313 0.500056264770323
1.312 0.5000259339675228
1.311 0.5000393632102835
1.31 0.5000471796702308
1.309 0.5000444239649856
1.308 0.5000085372600176
1.307 0.49996463613737563
1.306 0.4999106833954915
1.305 0.4998640522669777
1.304 0.49981528053288005
1.303 0.49982023004643816
1.302 0.4998610741623619
1.301 0.49990113700650995
1.3 0.4999115759697042
1.299 0.4999124250268587
1.298 0.49995865724783106
1.297 0.4999848612929927
1.296 0.5000245652476624
1.295 0.5000768491077622
1.294 0.5000907512608119
1.293 0.5000230900262057
1.292 0.4999901136548689
1.291 0.4999512600460468
1.29 0.4999576649135539
1.289 0.4999621300030684
1.288 0.4999582891044572
1.287 0.499979211518172
1.286 0.4999631840677723
1.285 0.49993904811547013
1.284 0.49996942480739104
1.283 0.4999859097539778
1.282 0.49999710956610127
1.281 0.49999750362795126
1.28 0.49998084996840414
1.279 0.4999763160195881
1.278 0.4999382419588074
1.277 0.49990342419692946
1.276 0.49991731681535506
1.275 0.4999459321746395
1.274 0.4999453757142462
1.273 0.4999540780226877
1.272 0.49995939901075487
1.271 0.4999908026247207
1.27 0.5000115624586938
1.269 0.5000248336310961
1.268 0.5000631375678909
1.267 0.5000534169432236
1.266 0.5000090021977189
1.265 0.4999526235575647
1.264 0.49995111379079954
1.263 0.49996589796698
1.262 0.4999546938635779
1.261 0.4998902294916591
1.26 0.4998523085180758
1.259 0.4998296298219114
1.258 0.49982539655419417
1.257 0.49985289516574155
1.256 0.499895304777454
1.255 0.49992181909708056
1.254 0.4999187318087249
1.253 0.49991255532658335
1.252 0.49994666688398626
1.251 0.499999835685949
1.25 0.5000193247816136
1.249 0.5000398017707482
1.248 0.5000431529199474
1.247 0.5000412454021236
1.246 0.5000479496764365
1.245 0.5000536677909186
1.244 0.5000485077682759
1.243 0.5000526807813477
1.242 0.5000497187849006
1.241 0.5000582918477635
1.24 0.5000578339579181
1.239 0.5000397625760156
1.238 0.5000277677423222
1.237 0.5000121258397966
1.236 0.4999777188404227
1.235 0.499958788895691
1.234 0.4999499803207727
1.233 0.4999277623917734
1.232 0.499889343325102
1.231 0.4998662108568164
1.23 0.4998689671913172
1.229 0.4998948618917773
1.228 0.49991451806626647
1.227 0.49992792640961053
1.226 0.49994290779006606
1.225 0.4999465206014016
1.224 0.49994425011606886
1.223 0.4999312595841267
1.222 0.4999312216042542
1.221 0.4999342458605139
1.22 0.49993233691717526
1.219 0.4999113591068785
1.218 0.4998999546097056
1.217 0.4999053492625364
1.216 0.49991560323565426
1.215 0.4999517699824656
1.214 0.4999996383740852
1.213 0.5000440210272569
1.212 0.5000780482236763
1.211 0.5000870219014433
1.21 0.5000931717164596
1.209 0.5000998174091031
1.208 0.5001062907347817
1.207 0.5001105264583642
1.206 0.5000951128186634
1.205 0.5000602614142121
1.204 0.5000194284332458
1.203 0.4999853052687416
1.202 0.49996932936234595
1.201 0.4999613419497832
1.2 0.4999617031972143
1.199 0.4999578224718582
1.198 0.4999428328389475
1.197 0.49991801390357965
1.196 0.4999256355790951
1.195 0.4999172477897072
1.194 0.4999099129785676
1.193 0.49989395536365877
1.192 0.49988658787335327
1.191 0.49990375625493927
1.19 0.4999213827740879
1.189 0.4999238454596834
1.188 0.49993492727210187
1.187 0.4999733668135502
1.186 0.5000264344503226
1.185 0.5000847902583587
1.184 0.5001220042306636
1.183 0.50014496570504
1.182 0.5001408942434328
1.181 0.5001080784764821
1.18 0.5001165853243472
1.179 0.500151562813153
1.178 0.5001364392473182
1.177 0.5000873528177349
1.176 0.500037082428189
1.175 0.5000156463966939
1.174 0.5000369741657396
1.173 0.5000680315750644
1.172 0.5000722083454967
1.171 0.50005508987736
1.17 0.5000141667055074
1.169 0.49997935866993054
1.168 0.4999913555775687
1.167 0.5000147585271582
1.166 0.5000311936341058
1.165 0.49999178247676945
1.164 0.4999385705818099
1.163 0.49992947029496543
1.162 0.4999648022692709
1.161 0.4999654552015099
1.16 0.4999878712458794
1.159 0.5000134104848166
1.158 0.5000138703731459
1.157 0.49999040212594226
1.156 0.49998149465714925
1.155 0.500002136582025
1.154 0.5000297470019132
1.153 0.5000099266323262
1.152 0.5000226441133488
1.151 0.5000749012759115
1.15 0.5000526194113896
1.149 0.500051728806964
1.148 0.5001077157041479
1.147 0.5001530947316287
1.146 0.5001683382969526
1.145 0.5001869295224113
1.144 0.500201496124329
1.143 0.5002212746854335
1.142 0.5001733944456219
1.141 0.5001895028495066
1.14 0.5001952950097838
1.139 0.5001436276938898
1.138 0.5001048779858118
1.137 0.5000916016975578
1.136 0.5000576092111677
1.135 0.5000186557090214
1.134 0.5000168797965387
1.133 0.5000147446854275
1.132 0.5000286684725943
1.131 0.5000281717259103
1.13 0.5000247582263968
1.129 0.5000504078173035
1.128 0.5000569040879463
1.127 0.5000307343903775
1.126 0.5000628491840244
1.125 0.5000601945812004
1.124 0.5000364157569568
1.123 0.5000387786402914
1.122 0.5000172060726666
1.121 0.49998200723598046
1.12 0.49998735850638876
1.119 0.4999576055705032
1.118 0.499964407730851
1.117 0.5000102439572144
1.116 0.4999937945923386
1.115 0.49999353133745217
1.114 0.4999885406087662
1.113 0.500009390027738
1.112 0.5000620174075542
1.111 0.5000621155206856
1.11 0.5000912999038019
1.109 0.5001299517937287
1.108 0.5000740025934396
1.107 0.5000138549410003
1.106 0.500035884169185
1.105 0.5000351323458452
1.104 0.4999862414696291
1.103 0.49996660798383735
1.102 0.49994468081949084
1.101 0.49993706361066564
1.1 0.4999211774183054
1.099 0.4999354593703933
1.098 0.5000123754031607
1.097 0.5000240309203094
1.096 0.5000406056058583
1.095 0.5000980817597469
1.094 0.5001397173114345
1.093 0.5001463401951938
1.092 0.5001514174054325
1.091 0.5001816417738004
1.09 0.5001707453873143
1.089 0.5001343478692717
1.088 0.5000964546246792
1.087 0.5000887171189511
1.086 0.5000432572456543
1.085 0.5000227751979014
1.084 0.5000162449488875
1.083 0.4999548728020183
1.082 0.4999477544522265
1.081 0.4999411630396782
1.08 0.4999702379057776
1.079 0.5000039049540741
1.078 0.5000209007069427
1.077 0.5000269404030375
1.076 0.5000202147807327
1.075 0.5000007547621059
1.074 0.5000474817074014
1.073 0.5000637336414252
1.072 0.5000371505940682
1.071 0.5000166056981568
1.07 0.50002881054957
1.069 0.5000126988827148
1.068 0.5000220472035878
1.067 0.5000608923325136
1.066 0.5000743802569403
1.065 0.5000908829505027
1.064 0.5000643336610708
1.063 0.500091830570072
1.062 0.5001051207037654
1.061 0.5000738918260416
1.06 0.5000255920087837
1.059 0.5000229679168389
1.058 0.4999716204276489
1.057 0.49996282988152074
1.056 0.4999544295435139
1.055 0.49991814120225936
1.054 0.499907053702094
1.053 0.49992844789139773
1.052 0.4999602404364472
1.051 0.49999353697738014
1.05 0.5000074146310224
1.049 0.5000294614666981
1.048 0.5000393696395775
1.047 0.500054916654627
1.046 0.5000891646512218
1.045 0.5001291573527605
1.044 0.5001097077299462
1.043 0.500068271854654
1.042 0.5000760034904529
1.041 0.5000999777083823
1.04 0.500094238513775
1.039 0.5000551406973445
1.038 0.500034476150475
1.037 0.5000399169019971
1.036 0.5000234176706201
1.035 0.5000297784118845
1.034 0.5000784456222948
1.033 0.5000837969936329
1.032 0.5000208255811337
1.031 0.5000343663030791
1.03 0.50007584390858
1.029 0.5001315209865982
1.028 0.5001490357729794
1.027 0.5001229905666137
1.026 0.5001431805250355
1.025 0.5001041309563498
1.024 0.5000633419612166
1.023 0.5000723937274507
1.022 0.5000777444393708
1.021 0.5000618671120662
1.02 0.500002786735219
1.019 0.4999589542540572
1.018 0.4999572494282112
1.017 0.49990964012639366
1.016 0.49989987733498253
1.015 0.4999455137060896
1.014 0.4999956727990972
1.013 0.49999839366371795
1.012 0.5000036062830632
1.011 0.4999794121149082
1.01 0.49999304949663276
1.009 0.5000124259011385
1.008 0.5000166224483312
1.007 0.5000672484284163
1.006 0.5000531808160861
1.005 0.5000189830351991
1.004 0.49999623002907073
1.003 0.5000013440780022
1.002 0.5000225217000022
1.001 0.5000312745582322
1.0 0.5000189495025263
0.999 0.5000241287457419
0.998 0.5000145888121972
0.997 0.500013604868589
0.996 0.5000207512204046
0.995 0.4999977378486574
0.994 0.4999787231852303
0.993 0.499996197224026
0.992 0.5000289769029171
0.991 0.5000676170372909
0.99 0.5001239231777246
0.989 0.5001234594525008
0.988 0.5000973462303214
0.987 0.5000733551821208
0.986 0.5000772200569724
0.985 0.5001277958496864
0.984 0.5001441158233667
0.983 0.5000936756912172
0.982 0.5000226481591111
0.981 0.4999347431479158
0.98 0.4998978440271989
0.979 0.49989148871000816
0.978 0.49990868574865743
0.977 0.4999305130548926
0.976 0.49991871506878416
0.975 0.49987813815554005
0.974 0.4998817832939311
0.973 0.4999388755099634
0.972 0.5000043261877385
0.971 0.5000544419769472
0.97 0.5000822983116162
0.969 0.5001196186674861
0.968 0.5001367622857792
0.967 0.5001026503184782
0.966 0.500100750060273
0.965 0.5001046907211899
0.964 0.5000818432475977
0.963 0.5000486058383773
0.962 0.5000079311497545
0.961 0.4999891191078822
0.96 0.49995706798032963
0.959 0.49993426597441676
0.958 0.49997119863420575
0.957 0.5000255904664274
0.956 0.5000432176557131
0.955 0.5000575382816342
0.954 0.500047743176445
0.953 0.5000443368010851
0.952 0.5000428631819032
0.951 0.5000551206059832
0.95 0.5000567276911554
0.949 0.5000204167547952
0.948 0.4999502860827839
0.947 0.49989614739951316
0.946 0.49989310542439835
0.945 0.49993125397468674
0.944 0.4999609738284792
0.943 0.49998928517433144
0.942 0.5000132048359714
0.941 0.500010387005404
0.94 0.5000066845646979
0.939 0.5000455466217185
0.938 0.5000956175946336
0.937 0.5001078498501997
0.936 0.5000809452199455
0.935 0.5000496117568723
0.934 0.5000353564636039
0.933 0.4999979356230267
0.932 0.4999861070517197
0.931 0.5000123524383286
0.93 0.5000262450181155
0.929 0.5000239168453877
0.928 0.50002486506851
0.927 0.5000459965385967
0.926 0.5000413800831074
0.925 0.5000258505739844
0.924 0.5000258833970654
0.923 0.5000261475155011
0.922 0.500003768210862
0.921 0.49996615220863555
0.92 0.4999584523078367
0.919 0.4999282098283529
0.918 0.4999062270973938
0.917 0.4999372604553403
0.916 0.49996052033995364
0.915 0.49996228806531623
0.914 0.49996474549722025
0.913 0.4999843052655343
0.912 0.5000006225685014
0.911 0.5000084869531937
0.91 0.500021102372195
0.909 0.5000255925628602
0.908 0.499993052459567
0.907 0.49995953037407626
0.906 0.4999696242669275
0.905 0.49997598065922044
0.904 0.49996215157576257
0.903 0.49994910820735505
0.902 0.4999672311301118
0.901 0.49997666837808924
0.9 0.4999746048464963
0.899 0.49999570744824573
0.898 0.5000038998224106
0.897 0.49996961889907676
0.896 0.4999355663261099
0.895 0.4999400234950584
0.894 0.4999749611832794
0.893 0.4999846288382266
0.892 0.49994733142730124
0.891 0.4999178960140727
0.89 0.49989590206823187
0.889 0.49990734811695126
0.888 0.49995313256065205
0.887 0.5000108812501639
0.886 0.5000303180140069
0.885 0.5000206820487356
0.884 0.49997358198519515
0.883 0.49999236322920426
0.882 0.5000344144496114
0.881 0.5000761068831695
0.88 0.5000629686963958
0.879 0.5000351049132128
0.878 0.5000056048906112
0.877 0.4999748609733163
0.876 0.49996850196733245
0.875 0.49995486438369824
0.874 0.49992607372262776
0.873 0.4998830594480918
0.872 0.4998503118077822
0.871 0.4998363185984229
0.87 0.49984833687913366
0.869 0.4999008675531503
0.868 0.4999254545111232
0.867 0.49993673155059243
0.866 0.5000101610893212
0.865 0.5000559184463875
0.864 0.5001282669978029
0.863 0.5001744564086473
0.862 0.500214112407047
0.861 0.5002520175993438
0.86 0.5002563245291429
0.859 0.500218668495022
0.858 0.5002006059275659
0.857 0.5001777993300063
0.856 0.5001369377417915
0.855 0.500101086895475
0.854 0.5000835856137855
0.853 0.5000689688117463
0.852 0.5000006225335792
0.851 0.4999273280482673
0.85 0.4999358124178692
0.849 0.49991372875337103
0.848 0.49986961298288995
0.847 0.4998786513157139
0.846 0.4998519178166493
0.845 0.4998621709174999
0.844 0.4998608280830642
0.843 0.49987197483615764
0.842 0.49992148300900185
0.841 0.4999410081317014
0.84 0.4999424825777926
0.839 0.4999626382287217
0.838 0.5000233691496415
0.837 0.5000335955270292
0.836 0.5000264180771494
0.835 0.5000266804137444
0.834 0.5000160609924383
0.833 0.4999847912214931
0.832 0.4999944937097189
0.831 0.5000126516510143
0.83 0.5000337910407924
0.829 0.5000060634740193
0.828 0.5000131421384875
0.827 0.4999899709787656
0.826 0.4999803669807884
0.825 0.49999475591745557
0.824 0.4999948868164034
0.823 0.4999981971739686
0.822 0.4999979678860443
0.821 0.4999666979059538
0.82 0.49995853896966486
0.819 0.49996230575005796
0.818 0.4999499185258321
0.817 0.4999746306797285
0.816 0.4999818733229136
0.815 0.49998059593807426
0.814 0.49999249391925515
0.813 0.49999600095767227
0.812 0.4999704013711736
0.811 0.4999882317622965
0.81 0.4999613186891572
0.809 0.4999692831782161
0.808 0.4999549246507349
0.807 0.4999563023572665
0.806 0.4999439071456395
0.805 0.49990718711386023
0.804 0.49986363854844795
0.803 0.49984493862828955
0.802 0.4997991087590942
0.801 0.49978784728651465
0.8 0.499761879834725
0.799 0.4997448750990094
0.798 0.49970213460576535
0.797 0.4996569066032717
0.796 0.49965346004494715
0.795 0.4996791351907553
0.794 0.4997049569787174
0.793 0.4997367756251276
0.792 0.4997657182138236
0.791 0.4997783083555496
0.79 0.49978697567504476
0.789 0.49981759900408274
0.788 0.4998708037399477
0.787 0.4998919353708501
0.786 0.49989221943885803
0.785 0.49986199896955724
0.784 0.49983991219541934
0.783 0.4998137279511014
0.782 0.4998140068663067
0.781 0.4997913239653387
0.78 0.49978160040411324
0.779 0.4997378528750685
0.778 0.49970017830255703
0.777 0.4996776303037111
0.776 0.49969657262477696
0.775 0.4996987079745944
0.774 0.4997186949047846
0.773 0.4997284071521664
0.772 0.49973749528681727
0.771 0.4997439763413884
0.77 0.49977680340513747
0.769 0.4997940457582833
0.768 0.4998156698034377
0.767 0.49984851460427776
0.766 0.49984594331543014
0.765 0.4998531669001148
0.764 0.49984196608275616
0.763 0.4998379097664795
0.762 0.4998485333001991
0.761 0.4998636605692479
0.76 0.4998525289944584
0.759 0.49986400747972026
0.758 0.4998642640034851
0.757 0.4998681445188737
0.756 0.4998634968082215
0.755 0.4998659884825808
0.754 0.4998738433722009
0.753 0.49986606301517833
0.752 0.49984303991158874
0.751 0.499839608110357
0.75 0.4998425599275005
0.749 0.4998212739403836
0.748 0.4998217922489542
0.747 0.4998132887922752
0.746 0.49982003239680356
0.745 0.49983520992437447
0.744 0.49984102840195926
0.743 0.4998541944815016
0.742 0.49987784077843495
0.741 0.4998798115254948
0.74 0.49988418649065564
0.739 0.4998871395128948
0.738 0.49988565092436893
0.737 0.499869855356538
0.736 0.49985593917211996
0.735 0.49984486041029497
0.734 0.49983802568805796
0.733 0.4998137486586607
0.732 0.49978545099269467
0.731 0.4997797351744892
0.73 0.4997713786061283
0.729 0.4997747198770931
0.728 0.49976655899383005
0.727 0.499765641376823
0.726 0.49975502802747196
0.725 0.4997526059173234
0.724 0.49977670956389647
0.723 0.4998030490254193
0.722 0.49981593061016216
0.721 0.49981750238870276
0.72 0.4998228345976016
0.719 0.4998331843597616
0.718 0.4998380890574869
0.717 0.49986636408864765
0.716 0.49988169950803635
0.715 0.499863003315914
0.714 0.4998350348480217
0.713 0.49982059673606233
0.712 0.49981929611130377
0.711 0.49981961520684415
0.71 0.4998194056414785
0.709 0.49982147805864297
0.708 0.4998188232533981
0.707 0.4998030629962603
0.706 0.4998060232089119
0.705 0.4998215276558802
0.704 0.4998330423191142
0.703 0.4998341504452366
0.702 0.49982524711063
0.701 0.4998234515431485
0.7 0.49981924203260514
0.699 0.4997973820478313
0.698 0.4998004083317012
0.697 0.4998067433131435
0.696 0.49981192378107103
0.695 0.49981693600455596
0.694 0.4998177521263629
0.693 0.4998238543757046
0.692 0.4998314091359386
0.691 0.4998262376229439
0.69 0.49982668672572433
0.689 0.4998330497913784
0.688 0.4998270834656336
0.687 0.4998096050356358
0.686 0.4997885180204281
0.685 0.499779404739503
0.684 0.49977757219739144
0.683 0.499782986498842
0.682 0.49979736865127594
0.681 0.49981708013571013
0.68 0.49982484512212033
0.679 0.4998337989742002
0.678 0.49984656379689335
0.677 0.4998718085950401
0.676 0.4998971219433333
0.675 0.4999044961238667
0.674 0.4998994571214253
0.673 0.49988782954540645
0.672 0.49987193065660895
0.671 0.4998582840958863
0.67 0.4998572174083503
0.669 0.4998613153188952
0.668 0.4998627676064789
0.667 0.4998485216788858
0.666 0.4998377850915424
0.665 0.49984238021442784
0.664 0.4998513794025167
0.663 0.4998684965237371
0.662 0.4998849200323416
0.661 0.49988925337694373
0.66 0.49988593388936287
0.659 0.49987366641532477
0.658 0.49986418367430113
0.657 0.49987421717088043
0.656 0.49987407676730944
0.655 0.49987231441896635
0.654 0.49987197701883096
0.653 0.4998636204524381
0.652 0.49986152907955617
0.651 0.49986483790160013
0.65 0.49987381400243625
0.649 0.4998831848658502
0.648 0.4998809882470756
0.647 0.49987916106149693
0.646 0.49988319922075347
0.645 0.49987964478301583
0.644 0.4998722430884107
0.643 0.4998644084118116
0.642 0.4998544532818911
0.641 0.49984588971248334
0.64 0.4998436624664027
0.639 0.4998466055516651
0.638 0.4998487833176721
0.637 0.4998404827511401
0.636 0.4998364601836608
0.635 0.49983744508795547
0.634 0.4998421451590385
0.633 0.4998460812702837
0.632 0.4998406603682053
0.631 0.49983477397551074
0.63 0.49982248451194794
0.629 0.49981374387034133
0.628 0.4998086838671509
0.627 0.49980146473285364
0.626 0.49979411286280045
0.625 0.4997838373553883
0.624 0.49977668320304414
0.623 0.49977580396128374
0.622 0.49977824211816435
0.621 0.4997854647378419
0.62 0.49978640953532133
0.619 0.49978685661638317
0.618 0.4997887316644995
0.617 0.49978788008251446
0.616 0.49978500199714565
0.615 0.4997814562595852
0.614 0.4997678060399143
0.613 0.4997534578385651
0.612 0.49974243038158134
0.611 0.4997253188717803
0.61 0.49970843077242244
0.609 0.4996902746231675
0.608 0.49968555742926446
0.607 0.49968848723722203
0.606 0.4996960095297354
0.605 0.49972306536242855
0.604 0.49976216570643706
0.603 0.499788860047178
0.602 0.499813030210725
0.601 0.4998403981044206
0.6 0.4998675345433376
0.599 0.49988036291137106
0.598 0.49987878613600956
0.597 0.49987165041193693
0.596 0.4998460345251515
0.595 0.4997918810088074
0.594 0.4997372545131057
0.593 0.49969223547602526
0.592 0.49964660474450867
0.591 0.4996046324947456
0.59 0.49956877693145463
0.589 0.49954228856517024
0.588 0.4995114540873808
0.587 0.4994890445703378
0.586 0.4994854175184984
0.585 0.49948710398095736
0.584 0.49947852000662984
0.583 0.4994735051401963
0.582 0.49946494418530757
0.581 0.49945375162741573
0.58 0.4994416874650074
0.579 0.4994348853515352
0.578 0.49943024140506703
0.577 0.49941530921875493
0.576 0.4993964668134925
0.575 0.4993925209128995
0.574 0.49938926382492516
0.573 0.49938484235515507
0.572 0.4993800040262953
0.571 0.4993695098031542
0.57 0.49936249429543805
0.569 0.49934615753008527
0.568 0.49932977033561693
0.567 0.49932070513258403
0.566 0.49931062970079637
0.565 0.49929285409394786
0.564 0.49927750653086106
0.563 0.4992621910121061
0.562 0.4992605517574202
0.561 0.49925886908574446
0.56 0.4992593798410808
0.559 0.49927101922533257
0.558 0.4992929767230831
0.557 0.4993028493388989
0.556 0.49930710905637915
0.555 0.4993165196885536
0.554 0.49932515670614097
0.553 0.4993244134573504
0.552 0.49931554259709915
0.551 0.4993168979822051
0.55 0.49930930749867025
0.549 0.4993017831487756
0.548 0.4992927582334636
0.547 0.49929425705933195
0.546 0.49930187792715636
0.545 0.4993066841389855
0.544 0.49931732356328923
0.543 0.4993380082755876
0.542 0.49935414600501454
0.541 0.4993698379237305
0.54 0.49937728810945153
0.539 0.4993818057884844
0.538 0.49938343382166056
0.537 0.49938283492414265
0.536 0.4993825398590041
0.535 0.49938184530324037
0.534 0.49938315423509205
0.533 0.4993859602048142
0.532 0.49939356171504157
0.531 0.49938991079816303
0.53 0.4994114204519439
0.529 0.49943608455430455
0.528 0.4994501648828714
0.527 0.4994724475496457
0.526 0.49949230091257213
0.525 0.4995047121744659
0.524 0.4995023948370155
0.523 0.4994916096282701
0.522 0.4994867544015129
0.521 0.4994756800317825
0.52 0.49945445040487807
0.519 0.49943749083418215
0.518 0.4994177227139412
0.517 0.49939456698227236
0.516 0.499373603413785
0.515 0.4993639645991756
0.514 0.4993592924318582
0.513 0.49934988299251815
0.512 0.49934072244866723
0.511 0.4993379908344509
0.51 0.49932148820028227
0.509 0.49931006235029857
0.508 0.499293800820215
0.507 0.49927042278887157
0.506 0.49924352114881915
0.505 0.4992079649408451
0.504 0.4991836568808743
0.503 0.49916107851022135
0.502 0.4991353336080901
0.501 0.49911000060035177
0.5 0.4990899739940956
0.499 0.49905818739363605
0.498 0.4990328123402161
0.497 0.49901215706419455
0.496 0.4989970809213924
0.495 0.4989770202841912
0.494 0.49894830880731067
0.493 0.49891375481929656
0.492 0.49887839556432956
0.491 0.49885632593732343
0.49 0.49884110962692213
0.489 0.49883009654451327
0.488 0.49882431964693413
0.487 0.4988231136369119
0.486 0.49883229511438687
0.485 0.4988510757341954
0.484 0.49887591668483067
0.483 0.4989246684302782
0.482 0.49895344161507954
0.481 0.4989791463559363
0.48 0.49900260732799
0.479 0.499029304628884
0.478 0.49905735366999066
0.477 0.4990650018994569
0.476 0.4990660802052041
0.475 0.4990628536945429
0.474 0.49904876566266637
0.473 0.4990224490967918
0.472 0.4990106927123559
0.471 0.4990040332685317
0.47 0.4989868545097399
0.469 0.4989634605874032
0.468 0.4989410074121192
0.467 0.4989136950857246
0.466 0.49887377109120845
0.465 0.49884454650577525
0.464 0.498822859469069
0.463 0.4987999325583078
0.462 0.4987758924381467
0.461 0.49873635667899124
0.46 0.49870333129923444
0.459 0.4986780643320749
0.458 0.49864726656636854
0.457 0.4986460684801131
0.456 0.4986444843988888
0.455 0.4986377861288764
0.454 0.4986220870650649
0.453 0.4986006351118991
0.452 0.4985920905385406
0.451 0.49857858702693864
0.45 0.49856266550403483
0.449 0.4985578956599158
0.448 0.49854818012771773
0.447 0.49851844546570423
0.446 0.49849164718836253
0.445 0.4984699226034889
0.444 0.49845292959577175
0.443 0.4984404662665586
0.442 0.4984335945386891
0.441 0.4984351316193561
0.44 0.4984214646852045
0.439 0.49839160114684494
0.438 0.4983810708088816
0.437 0.4983772690174449
0.436 0.4983827839773247
0.435 0.49837325319031744
0.434 0.4983580003567437
0.433 0.4983357047236107
0.432 0.49830597539001503
0.431 0.4982802741118314
0.43 0.4982871209870804
0.429 0.4982846742018574
0.428 0.4982673766996476
0.427 0.49824172836838376
0.426 0.4982165426502482
0.425 0.49820531904069415
0.424 0.4982079612918504
0.423 0.4982214986015367
0.422 0.49823877470495775
0.421 0.4982414108730688
0.42 0.49823206735244246
0.419 0.4982313414617747
0.418 0.49823795817039296
0.417 0.49826120204001484
0.416 0.49827142517934975
0.415 0.4982594819397926
0.414 0.49823401065534983
0.413 0.49819796158943574
0.412 0.4981445650123165
0.411 0.4981047608658994
0.41 0.49806607112196527
0.409 0.4980201421041607
0.408 0.4686742353431243
0.407 0.4356591568380357
0.406 0.39826760761556185
0.405 0.3555536748187378
0.404 0.30628974572183676
0.403 0.24884506364783818
0.402 0.1809636495102872
0.401 0.0995155963834578
0.4 0.0
