25.0442 1.0
24.9238 1.0
24.8045 0.8966800090062781
24.6864 0.8056982141817536
24.5694 0.7251289071286529
24.4536 0.6532333188636098
24.3388 0.5891926165445208
24.225 0.5317398347079413
24.1124 0.47958870393114794
24.0007 0.43202063698637805
23.8901 0.3900062790645923
23.7805 0.37830106348562886
23.6719 0.36973793000705135
23.5643 0.36439328829982176
23.4577 0.36228741138878595
23.352 0.3633170889826743
23.2473 0.3680186557784353
23.1435 0.3769282136871025
23.0407 0.39045257681662404
22.9387 0.40648515027414345
22.8377 0.4227618187609852
22.7375 0.43849017823452185
22.6382 0.4532457053007388
22.5398 0.4665065567028049
22.4422 0.47824484524628064
22.3455 0.48796595948832694
22.2496 0.4950239684281743
22.1545 0.4990467020268866
22.0602 0.5
21.9668 0.5
21.8741 0.5
21.7822 0.5
21.691 0.5
21.6007 0.5
21.511 0.5
21.4221 0.5
21.334 0.501626817241433
21.2465 0.5047248604940476
21.1598 0.5092500182860791
21.0738 0.515228565471307
20.9885 0.522324702520085
20.9038 0.5301658784379314
20.8199 0.5384456968664029
20.7366 0.5468708087242516
20.654 0.5554133899464192
20.572 0.563150148498317
20.4907 0.5689975151100405
20.41 0.5733189650634359
20.33 0.5764174590425131
20.2506 0.5787556553737516
20.1718 0.5811990611220464
20.0936 0.584193982537525
20.016 0.5879134618275396
19.9391 0.5920787489478972
19.8627 0.595838293349955
19.7869 0.5993513269530187
19.7116 0.6014414186148738
19.637 0.6012153407377593
19.5628 0.5977420113484134
19.4893 0.5900032017212452
19.4163 0.5770641679332716
19.3439 0.5588799614586812
19.2719 0.5360788094065367
19.2006 0.5102261627700109
19.1297 0.4833866795327029
19.0594 0.45791587097621245
18.9896 0.43593217172552484
18.9203 0.4195585348002072
18.8515 0.4104368602939537
18.7832 0.40981819351091353
18.7153 0.4179542181042915
18.648 0.434357601460013
18.5812 0.4573656340336726
18.5148 0.48488016625810715
18.4489 0.5145145203027753
18.3835 0.5438637450692776
18.3185 0.570830141130624
18.2541 0.5936776364130464
18.19 0.6112307412736443
18.1264 0.6226845602278838
18.0633 0.6279727100633696
18.0005 0.6276711977331271
17.9382 0.6230230748186922
17.8764 0.6152291652469074
17.815 0.6055895442034162
17.7539 0.5951032730263549
17.6934 0.5845547348167431
17.6332 0.5742866049162807
17.5734 0.5646067583324794
17.514 0.5557285176380932
17.4551 0.548032322172235
17.3965 0.5414776762241116
17.3383 0.536047860012544
17.2805 0.5316222856644597
17.2231 0.5280462565482001
17.1661 0.5248278286326431
17.1094 0.5217478096944708
17.0531 0.5185320390129955
16.9972 0.5149705015680525
16.9417 0.5106260831816839
16.8865 0.5053092361348236
16.8317 0.49896543247200126
16.7772 0.49192743171323444
16.7231 0.48481842487907434
16.6693 0.4785693363550194
16.6159 0.47398807775483154
16.5628 0.4715135932301763
16.51 0.47138044344384367
16.4576 0.4738888587020037
16.4055 0.4793257018605455
16.3538 0.48767618790148465
16.3024 0.49844340030231993
16.2513 0.5103559540625009
16.2005 0.5219264347372871
16.15 0.5317185309393188
16.0998 0.5390799662996957
16.05 0.5437205751142713
16.0005 0.5458565476718679
15.9513 0.5455198495885016
15.9023 0.5430182526695772
15.8537 0.5385730688889246
15.8054 0.5328942838974465
15.7573 0.5269401361775379
15.7096 0.5216043806127418
15.6621 0.5173379356046949
15.6149 0.5142314312350968
15.568 0.5121057257974299
15.5214 0.510694805911537
15.4751 0.5097340019265563
15.429 0.5090698873876998
15.3832 0.508609207223968
15.3377 0.5082013152152356
15.2925 0.5077737284892345
15.2475 0.5072646735606403
15.2028 0.5066823645223667
15.1583 0.5059991607612386
15.1141 0.5052770217526877
15.0702 0.5045605749157952
15.0265 0.5038856006047826
14.9831 0.5032678990893403
14.9399 0.5027006665665302
14.897 0.5022101253241986
14.8543 0.5017790669787694
14.8119 0.5013943328382116
14.7697 0.5010478146812415
14.7277 0.5007449760176182
14.686 0.5004954599892998
14.6445 0.5002273194304513
14.6033 0.499961715799321
14.5622 0.49966058611193176
14.5214 0.4993376910035756
14.4809 0.49892422884518556
14.4405 0.4984788252397437
14.4004 0.49799462501359393
14.3605 0.497507542429734
14.3209 0.49701671095135963
14.2814 0.496542619230398
14.2422 0.4960973769315291
14.2032 0.4956735572942911
14.1643 0.4952292881610034
14.1258 0.4948503669513547
14.0874 0.49459444311173195
14.0492 0.4944128766180958
14.0112 0.49427067219404575
13.9734 0.4941392720736333
13.9359 0.49398786831828095
13.8985 0.49380359779224764
13.8614 0.4935892984633817
13.8244 0.4934388913065309
13.7876 0.493318626821947
13.7511 0.4931422209043238
13.7147 0.49286680994435234
13.6785 0.4924684107035147
13.6425 0.4919029208755717
13.6067 0.49122389737699723
13.5711 0.4903962489110286
13.5356 0.48941997858967884
13.5004 0.48835788097105315
13.4653 0.48722147771466406
13.4304 0.4860905906240267
13.3957 0.48501905994899525
13.3612 0.4841007329862801
13.3269 0.48332754543865974
13.2927 0.48268004327737907
13.2587 0.48211160832387345
13.2249 0.4817415824354135
13.1912 0.4814644734617559
13.1577 0.4811661668013201
13.1244 0.48074379975727155
13.0913 0.4801988636053631
13.0583 0.47943366264106047
13.0255 0.47839291994807626
12.9929 0.47715226318616355
12.9604 0.4757755835596873
12.9281 0.4741391432142694
12.8959 0.4720680964520588
12.8639 0.4696197703826127
12.8321 0.46681622589473165
12.8004 0.4634947366997559
12.7688 0.45961706600650337
12.7375 0.4552907998746767
12.7063 0.45057714809670696
12.6752 0.4453622570030264
12.6443 0.4397083675264309
12.6135 0.4337716962379908
12.5829 0.42760014958557785
12.5524 0.4211614448398556
12.5221 0.4145867046986664
12.4919 0.4080133530181029
12.4619 0.40139333442798436
12.432 0.39457279366225256
12.4023 0.38749968630909487
12.3727 0.3802616568504225
12.3432 0.3733007706546195
12.3139 0.367851942099546
12.2847 0.3642122404077818
12.2557 0.362731972210238
12.2268 0.3635957079450085
12.198 0.3670370561574724
12.1694 0.3733183338643944
12.1409 0.3827922955352595
12.1125 0.39551294882063437
12.0843 0.4108367618460436
12.0562 0.42675457600570577
12.0282 0.4419037531658124
12.0004 0.45593624727357207
11.9726 0.4684665344319259
11.945 0.47919158577662646
11.9176 0.4878815848173695
11.8903 0.49433394667198804
11.8631 0.4983636664734759
11.836 0.5
11.809 0.5
11.7822 0.5
11.7555 0.5
11.7289 0.5
11.7024 0.5
11.676 0.5
11.6498 0.501669411118881
11.6237 0.5059727186721614
11.5977 0.5129783035068576
11.5718 0.522442916837322
11.546 0.5338853157069983
11.5203 0.5466142588358167
11.4948 0.5597807489729043
11.4694 0.5724994008016767
11.444 0.5839852141902496
11.4188 0.5924139416475089
11.3937 0.5950531299225978
11.3688 0.5904779329435055
11.3439 0.5782251742688018
11.3191 0.5600431133540428
11.2944 0.5377292464523825
11.2699 0.5122910012889502
11.2455 0.4852689500358594
11.2211 0.4585695477366395
11.1969 0.43432808549552243
11.1727 0.41580209725644146
11.1487 0.4052479437256617
11.1248 0.40375738612571777
11.101 0.40916539431072835
11.0773 0.41795619987147936
11.0536 0.4287498020696257
11.0301 0.4412294269634862
11.0067 0.45479105098547656
10.9834 0.46855322691533047
10.9602 0.4812735598534231
10.937 0.4915200284230888
10.914 0.4980182675545384
10.8911 0.5
10.8682 0.5
10.8455 0.5
10.8229 0.5
10.8003 0.5
10.7779 0.5
10.7555 0.5
10.7332 0.5
10.7111 0.5
10.689 0.5
10.667 0.5
10.6451 0.5
10.6233 0.5003908105185196
10.6015 0.5028235640458052
10.5799 0.5075887250879687
10.5584 0.5147325111569122
10.5369 0.5241040027670635
10.5155 0.5353635298951733
10.4942 0.5481076152324934
10.473 0.5620272523508452
10.4519 0.5767969995889514
10.4309 0.5917861656804035
10.4099 0.6053220737077879
10.3891 0.615705258166037
10.3683 0.6226295651064542
10.3476 0.6261420784007533
10.327 0.6264844158013742
10.3065 0.6240614916555641
10.286 0.6192212389105345
10.2656 0.6122595699245723
10.2454 0.6035052632291303
10.2251 0.5936096915909768
10.205 0.5839006891793566
10.185 0.5746680106717419
10.165 0.5661228683072116
10.1451 0.5583176617707281
10.1253 0.5512926256670769
10.1056 0.5450140358613218
10.0859 0.5395611493280141
10.0663 0.5349066075633164
10.0468 0.5310045740404822
10.0274 0.5277383360640178
10.008 0.5250761831055654
9.9887 0.5229147747784999
9.9695 0.5211800027123693
9.9504 0.5197923161136727
9.9313 0.5186657251889123
9.9123 0.517674747089689
9.8934 0.5167405024239249
9.8746 0.5158206465858315
9.8558 0.5148844773056399
9.8371 0.5139252831459403
9.8185 0.5129540566172637
9.7999 0.5119919429415999
9.7814 0.5110774512643385
9.763 0.5102513582779757
9.7447 0.5095440285157702
9.7264 0.5090322925529701
9.7082 0.5086957113077887
9.69 0.5085691533951815
9.6719 0.5086359399848585
9.6539 0.5088829169425911
9.636 0.5092713758876987
9.6181 0.5097904579804862
9.6003 0.5103472689499138
9.5825 0.510959823288495
9.5649 0.5115517275699935
9.5472 0.5121302669919966
9.5297 0.5126595599689404
9.5122 0.5131321629606554
9.4948 0.5135026136032572
9.4774 0.5137772468331175
9.4601 0.5138895143004841
9.4429 0.5138555276092491
9.4257 0.5136595476230537
9.4086 0.513284725229861
9.3916 0.5128030792867223
9.3746 0.5122019349908519
9.3577 0.5115214227398144
9.3408 0.510784820265356
9.324 0.510062399008245
9.3073 0.509350447054629
9.2906 0.5087482247593594
9.274 0.5082362885300041
9.2574 0.5078812198596176
9.2409 0.5076192375627518
9.2245 0.5074479144147032
9.2081 0.5073452847572247
9.1918 0.5073352082262301
9.1755 0.5073554458736368
9.1593 0.5074015830136909
9.1431 0.5074376745155437
9.127 0.5074592131886678
9.111 0.5074389685484968
9.095 0.5073760126135284
9.0791 0.5073001906809071
9.0632 0.5072203944818748
9.0474 0.5070987597495059
9.0316 0.5069248429087997
9.0159 0.5067570219683764
9.0003 0.5065951121023818
8.9847 0.5064896296626985
8.9691 0.5064427887819136
8.9536 0.5064851649673962
8.9382 0.506596650770006
8.9228 0.506791147364184
8.9075 0.5070486524561529
8.8922 0.5074499331637305
8.877 0.5079631469965283
8.8618 0.5086080139969339
8.8467 0.5093106147844706
8.8316 0.5100707685268471
8.8166 0.5108519133475049
8.8016 0.5116597534917677
8.7867 0.5124634632314987
8.7718 0.513261586573166
8.757 0.5139945582664243
8.7422 0.5146136695369066
8.7275 0.5151020152076488
8.7129 0.5154221676152612
8.6982 0.5156063922951529
8.6837 0.5156273986548794
8.6692 0.5155057019179707
8.6547 0.5152124774685928
8.6403 0.5148186342644487
8.6259 0.5143296147534284
8.6116 0.5138084503643081
8.5973 0.5132524765959887
8.583 0.5127310143034789
8.5688 0.5122176229529516
8.5547 0.5117603991698232
8.5406 0.5113656041860595
8.5266 0.5110435343783665
8.5126 0.5107627424804091
8.4986 0.5105213817584686
8.4847 0.5102789558695192
8.4708 0.510059526899028
8.457 0.5098631210803238
8.4432 0.509678671219614
8.4295 0.50949777880997
8.4158 0.509297430649182
8.4022 0.5090979207779531
8.3886 0.5088839770706276
8.375 0.5086865905221453
8.3615 0.5084844100609076
8.3481 0.5083003603141827
8.3347 0.5080610354888073
8.3213 0.5078290592825797
8.3079 0.5075703503822601
8.2946 0.5073151595383647
8.2814 0.5070240522903542
8.2682 0.5067389472604993
8.255 0.5064348808966241
8.2419 0.5061468681513508
8.2288 0.5058217468420475
8.2158 0.5055102991824527
8.2028 0.5051962711282953
8.1898 0.5048669133583886
8.1769 0.5045458960589128
8.164 0.504244514866607
8.1512 0.5039770174861832
8.1384 0.5037011590677056
8.1256 0.5034492904116966
8.1129 0.5032175404324044
8.1002 0.5030571589726305
8.0876 0.5029258304583688
8.075 0.5028761978107804
8.0624 0.5028536205635655
8.0499 0.5028753216667868
8.0374 0.5028834025614722
8.025 0.502917362796007
8.0126 0.5029467289558914
8.0002 0.5029720284025525
7.9879 0.5029432923219143
7.9756 0.5028941183508846
7.9634 0.5027929042958647
7.9512 0.502654806047963
7.939 0.5024875080617976
7.9268 0.5023019809637611
7.9147 0.5021170841007646
7.9027 0.5019253558651982
7.8906 0.5017798384639873
7.8786 0.5016548492901391
7.8667 0.501557622765448
7.8548 0.5014533432599958
7.8429 0.5013747799769981
7.831 0.5012787849800362
7.8192 0.5012185154055225
7.8075 0.5011382437871985
7.7957 0.5010777751249489
7.784 0.5009872438551887
7.7723 0.5009061421991883
7.7607 0.5008070935642268
7.7491 0.500736092120967
7.7375 0.5006741481279631
7.726 0.5006555032071831
7.7145 0.5006426926005076
7.7031 0.500640177767121
7.6916 0.500664928039314
7.6802 0.5006902229852112
7.6689 0.500726168864901
7.6575 0.5007416073834442
7.6462 0.5007707547552407
7.635 0.5007762427349335
7.6238 0.500779045823896
7.6126 0.5007384442195157
7.6014 0.5007134332576317
7.5903 0.5006436955252062
7.5792 0.5005718486570104
7.5681 0.5004760421958521
7.5571 0.500399498325808
7.5461 0.5002950683371197
7.5351 0.5001988775774915
7.5242 0.5000959408224517
7.5133 0.500026243557295
7.5024 0.49996536366910427
7.4916 0.49992189698671974
7.4807 0.4998818396216135
7.47 0.4998422826748034
7.4592 0.49980457072981443
7.4485 0.49978061716092215
7.4378 0.4997777072610247
7.4272 0.4997665214297385
7.4165 0.4997582953774867
7.4059 0.4997107564589424
7.3954 0.49967823607939993
7.3848 0.49962717271819274
7.3743 0.499612848797231
7.3639 0.49957722180292335
7.3534 0.49955165901500415
7.343 0.49947010176889783
7.3326 0.49937306432207795
7.3223 0.49920787973092
7.3119 0.4990554304405934
7.3016 0.4989258299323809
7.2914 0.4988448240205658
7.2811 0.49877921242094214
7.2709 0.49872971635508306
7.2607 0.4987024141340195
7.2506 0.49871182905358635
7.2404 0.4987886752144596
7.2303 0.49894059409751534
7.2203 0.4991647805120191
7.2102 0.4993416762490729
7.2002 0.4994490847656448
7.1902 0.49942916414728455
7.1803 0.4993636032339082
7.1703 0.4992271635455709
7.1604 0.49906391941955874
7.1506 0.49883674065163464
7.1407 0.49859371447684325
7.1309 0.49829327860328826
7.1211 0.4980190421431814
7.1113 0.4978097866500538
7.1016 0.4977248682328089
7.0919 0.497748199508223
7.0822 0.4978743457872519
7.0725 0.4980913775077264
7.0629 0.49838503075079255
7.0533 0.49874188864989855
7.0437 0.49913824511695143
7.0341 0.49955295181274434
7.0246 0.49994796287204746
7.0151 0.5003407340090108
7.0056 0.5006734808157718
6.9962 0.5009807363205482
6.9867 0.5012107833451898
6.9773 0.5014001010657698
6.9679 0.5015010200219268
6.9586 0.5015593023199554
6.9493 0.5015550223951644
6.94 0.5015413558465607
6.9307 0.5014795392726514
6.9214 0.5014068182040368
6.9122 0.5013110270161475
6.903 0.5012036249173405
6.8938 0.5010876069123965
6.8847 0.500973506370987
6.8755 0.5008952204062079
6.8664 0.5008274386343841
6.8573 0.5007806945165384
6.8483 0.5007365570614319
6.8393 0.5007319351441273
6.8302 0.5007125451395328
6.8213 0.5007177062027868
6.8123 0.5007227451573167
6.8034 0.5007739928900115
6.7944 0.5008163308136825
6.7855 0.5008762607879165
6.7767 0.5009257548957429
6.7678 0.5010030719819613
6.759 0.5010665589483855
6.7502 0.5011317809765552
6.7414 0.5011843082921095
6.7327 0.5012374936183562
6.7239 0.5012705083817982
6.7152 0.501284940294218
6.7065 0.501286081889491
6.6979 0.5012743162621001
6.6892 0.501264479345756
6.6806 0.5012298301228061
6.672 0.5012237305334878
6.6634 0.5012292225357347
6.6549 0.5012747368262483
6.6464 0.5013077211741914
6.6378 0.5013372568940443
6.6294 0.501340780744365
6.6209 0.5013667162043912
6.6124 0.5013549468974459
6.604 0.5013537766337203
6.5956 0.5013280071119506
6.5872 0.5012885856122752
6.5789 0.5012307478137615
6.5705 0.5011790234886541
6.5622 0.5011343256329502
6.5539 0.5011145267157096
6.5456 0.5010997464794957
6.5374 0.5010776229194597
6.5292 0.5010845886883957
6.5209 0.5010764927304554
6.5128 0.5010867457062907
6.5046 0.5010562928717851
6.4964 0.5010178141388557
6.4883 0.5009674280093337
6.4802 0.5009314037812861
6.4721 0.5008673713343839
6.464 0.5008226066566841
6.456 0.5007572302519702
6.448 0.5006959657964563
6.4399 0.5006246220495424
6.432 0.5005632969374751
6.424 0.5005115168205541
6.416 0.5004751734519761
6.4081 0.5004043437002856
6.4002 0.5003334030175677
6.3923 0.5002859585377267
6.3844 0.5002377044883374
6.3766 0.5001958990102539
6.3687 0.5001451536350702
6.3609 0.5001095291524769
6.3531 0.500056968734594
6.3454 0.5000074662295465
6.3376 0.49995116349700036
6.3299 0.4999266979960342
6.3221 0.4998742194648066
6.3144 0.4998191450325498
6.3068 0.4997366226968289
6.2991 0.4996583411581103
6.2914 0.4995525309792059
6.2838 0.4994422674068982
6.2762 0.49930176892961337
6.2686 0.4991684276143839
6.2611 0.49900591918559084
6.2535 0.4988179315106301
6.246 0.4986045679336525
6.2385 0.49836663045381474
6.231 0.498119028991802
6.2235 0.4978677806078591
6.216 0.4976277041494713
6.2086 0.4973947719392462
6.2011 0.49723044168591224
6.1937 0.4971140670833849
6.1863 0.497060857801831
6.179 0.4970412366102057
6.1716 0.4970953529880702
6.1643 0.49720500070554635
6.157 0.4974010755197893
6.1496 0.49765663593795595
6.1424 0.49800283810631374
6.1351 0.49836207718326503
6.1278 0.4987040925869372
6.1206 0.4990503638336953
6.1134 0.4994629772846631
6.1062 0.49990497141341556
6.099 0.500355111684826
6.0918 0.5007993625895709
6.0847 0.5012580100887655
6.0776 0.5017242481286096
6.0704 0.5021612526951533
6.0633 0.5026310821075872
6.0563 0.503091272056892
6.0492 0.5034829875603557
6.0421 0.5037521055668343
6.0351 0.5039689501949642
6.0281 0.5040977927591782
6.0211 0.5041084618002794
6.0141 0.5039321110774478
6.0071 0.5036322913600785
6.0002 0.5032134806409776
5.9932 0.5026963608483019
5.9863 0.5020950667476747
5.9794 0.5015121303338664
5.9725 0.5009341209444353
5.9657 0.5003774329894396
5.9588 0.49990230299411836
5.952 0.49955588888894054
5.9451 0.4993488278436685
5.9383 0.49923383362831497
5.9315 0.4992017847233225
5.9247 0.49926818089061265
5.918 0.4994334824692523
5.9112 0.49962780610936863
5.9045 0.49985376318207597
5.8978 0.5000606965148701
5.8911 0.5002563768663266
5.8844 0.5004225249042858
5.8777 0.5005676279204063
5.8711 0.5006780441044827
5.8644 0.5007892021081926
5.8578 0.5008477622987348
5.8512 0.5008916103332102
5.8446 0.5009069096894987
5.838 0.5009302900311887
5.8314 0.5009484327788849
5.8249 0.5009480314882155
5.8184 0.5009392176647871
5.8118 0.5009503085984459
5.8053 0.5009814172235323
5.7988 0.5010057007739538
5.7924 0.5010193799872841
5.7859 0.5010192783404147
5.7794 0.5010233732191078
5.773 0.5009881874415542
5.7666 0.5009690259878432
5.7602 0.5009357212061095
5.7538 0.5009122307943911
5.7474 0.5008387182117375
5.741 0.5007633221514751
5.7347 0.5006859696732049
5.7283 0.5006388473233567
5.722 0.5005798202724251
5.7157 0.5005296140303823
5.7094 0.5004803059029391
5.7031 0.5004361241130685
5.6969 0.5004000609331547
5.6906 0.5003566462725169
5.6844 0.5003275749628093
5.6782 0.5003001399271849
5.6719 0.5002688354568189
5.6657 0.5002201879750554
5.6596 0.5001974126998929
5.6534 0.5001661875089809
5.6472 0.5001512237968389
5.6411 0.5001015225856981
5.6349 0.5000664612799344
5.6288 0.5000367811421963
5.6227 0.5000125384868278
5.6166 0.4999692860878977
5.6106 0.49994498475821847
5.6045 0.4999205372064471
5.5984 0.4998966675768049
5.5924 0.49987667861457635
5.5864 0.4998836135265067
5.5804 0.499907193293391
5.5744 0.49992516869541365
5.5684 0.49995044915839204
5.5624 0.4999932131907045
5.5564 0.5000418137048185
5.5505 0.5000726704686138
5.5445 0.5001060885388661
5.5386 0.5001227977361965
5.5327 0.5001485073572685
5.5268 0.5001401632542445
5.5209 0.5001471173003389
5.5151 0.5001465643470968
5.5092 0.5001504052027146
5.5033 0.5001336892092165
5.4975 0.5001320382222625
5.4917 0.5001245862981748
5.4859 0.5001304136841639
5.4801 0.5001379101648932
5.4743 0.5001661753066138
5.4685 0.5001951314053393
5.4628 0.5002052616288342
5.457 0.5002133811166045
5.4513 0.5002172103956206
5.4455 0.5002281414963382
5.4398 0.5002360460638278
5.4341 0.5002567094757078
5.4284 0.5002499729002148
5.4228 0.5002387340615143
5.4171 0.5001957221204251
5.4114 0.5001809997630893
5.4058 0.5001618662428338
5.4002 0.5001570316679094
5.3945 0.5001412578448348
5.3889 0.5001422496015145
5.3833 0.5001276540898539
5.3778 0.5001318284511457
5.3722 0.5001537428623792
5.3666 0.5001854130095593
5.3611 0.5002012487004063
5.3555 0.5002035578491666
5.35 0.5002147696438474
5.3445 0.5002231316575477
5.339 0.5002313525644387
5.3335 0.500219000826087
5.328 0.5002100983044344
5.3225 0.5001791327679297
5.3171 0.5001643431659687
5.3116 0.5001488392602523
5.3062 0.5001611289337152
5.3008 0.5001566731163385
5.2954 0.5001636576744783
5.29 0.5001495419360772
5.2846 0.5001552911926301
5.2792 0.5001624770817877
5.2738 0.5001910980251177
5.2684 0.5002068253986633
5.2631 0.5002078411483745
5.2578 0.5002053902635674
5.2524 0.5001948275422358
5.2471 0.5001797491557979
5.2418 0.5001688209580961
5.2365 0.5001600506477496
5.2312 0.5001328540540485
5.226 0.5001082976142208
5.2207 0.5000608787662254
5.2154 0.500036898741031
5.2102 0.5000022058808784
5.205 0.4999832415245801
5.1998 0.4999614706335471
5.1945 0.49995542577721575
5.1893 0.49992683532470733
5.1842 0.4999221363806217
5.179 0.4998992413795514
5.1738 0.49988832091149393
5.1686 0.4998852490702596
5.1635 0.4998812628815735
5.1584 0.4998692464647689
5.1532 0.4998552574334378
5.1481 0.49983722310877043
5.143 0.4998260960277788
5.1379 0.49982026320162626
5.1328 0.49979746397146035
5.1277 0.49979520626719276
5.1227 0.4997641583273441
5.1176 0.49973703471617725
5.1126 0.4997045171143205
5.1075 0.49969943470781153
5.1025 0.49968047320713344
5.0975 0.4996817345584177
5.0925 0.49966629773517374
5.0875 0.49967298404042765
5.0825 0.4996726605443936
5.0775 0.4996983520241061
5.0726 0.49973631422619763
5.0676 0.49977802343617883
5.0627 0.4997971121958075
5.0577 0.49980633407572894
5.0528 0.4998188873920589
5.0479 0.4998184115316143
5.043 0.49981804336656077
5.038 0.4998063948574155
5.0332 0.49980456277556257
5.0283 0.4997840718753115
5.0234 0.4997804132276038
5.0185 0.49976512291288033
5.0137 0.4997869456521801
5.0088 0.49979437083480266
5.004 0.4998044417636997
4.9992 0.49980910955743585
4.9944 0.4998278291442065
4.9896 0.49982527918971387
4.9848 0.49981689035555465
4.98 0.49978920623208956
4.9752 0.4997651183261359
4.9704 0.4997364774756682
4.9657 0.49970065313350803
4.9609 0.499687425616903
4.9562 0.49967578241939953
4.9514 0.4996692822812797
4.9467 0.4996646004937067
4.942 0.49969127446882144
4.9373 0.4997209095700971
4.9326 0.4997713241851881
4.9279 0.4997929118289016
4.9232 0.49982123668981815
4.9186 0.49982892754351754
4.9139 0.4998492678551668
4.9092 0.4998575472984427
4.9046 0.49986882293053486
4.9 0.4998599420579372
4.8953 0.4998433193423639
4.8907 0.49981810708804086
4.8861 0.49979448240555124
4.8815 0.49979337405252755
4.8769 0.4998005645256714
4.8723 0.49980676586786954
4.8678 0.49979157168317956
4.8632 0.4997885609241573
4.8586 0.4997816316458071
4.8541 0.4997897946892024
4.8495 0.4997945912960425
4.845 0.49981849359482394
4.8405 0.49981593912951955
4.836 0.4998214049149506
4.8315 0.49981335323156034
4.827 0.4998333207646466
4.8225 0.4998416396731452
4.818 0.4998499625598348
4.8135 0.49984868124901166
4.809 0.4998427563686842
4.8046 0.4998214847668539
4.8001 0.49981175473028605
4.7957 0.49980821468786474
4.7913 0.49979467135532135
4.7868 0.4997904148654798
4.7824 0.49977335481154234
4.778 0.499765720743974
4.7736 0.4997530379734052
4.7692 0.4997624571213751
4.7648 0.49977848583815754
4.7605 0.49980972223833603
4.7561 0.4998068775602577
4.7517 0.4998182609839239
4.7474 0.4998030226140894
4.7431 0.4998010417432381
4.7387 0.49979663499200605
4.7344 0.499812533937075
4.7301 0.49981222760440197
4.7258 0.4998081446592157
4.7215 0.49979137912579336
4.7172 0.49978420747646723
4.7129 0.4997720789622469
4.7086 0.4997598072263761
4.7043 0.49976598335965144
4.7 0.49975243097066313
4.6958 0.49973916316143385
4.6915 0.49972449449711576
4.6873 0.49973644190443073
4.6831 0.4997413703342668
4.6788 0.49976153218390446
4.6746 0.4997737826427309
4.6704 0.4998152575413953
4.6662 0.4998362628018172
4.662 0.49986857842219046
4.6578 0.49989595189842956
4.6536 0.4999278424868875
4.6495 0.49994070870051516
4.6453 0.49996896638032245
4.6411 0.4999778449050801
4.637 0.49996867498302
4.6328 0.49994833880625733
4.6287 0.49993436766499355
4.6246 0.49993832860095005
4.6205 0.499933091591392
4.6163 0.49993279973876653
4.6122 0.4999079147010665
4.6081 0.4998683230361427
4.604 0.4998109385503414
4.6 0.4997963762319064
4.5959 0.4997851892207181
4.5918 0.49978531528785525
4.5877 0.49976040715154846
4.5837 0.49974044898880465
4.5796 0.4997055117671685
4.5756 0.4996903794601642
4.5716 0.49968709643851644
4.5675 0.4997025965206052
4.5635 0.4997126040459952
4.5595 0.49971145409640766
4.5555 0.4997037719054101
4.5515 0.49969171603526835
4.5475 0.49968489197401456
4.5435 0.4996678670515364
4.5395 0.49966398213717106
4.5356 0.49962951508917214
4.5316 0.4996192800899926
4.5276 0.49960576470309165
4.5237 0.49960487449834956
4.5197 0.49959335058006427
4.5158 0.4996085951609216
4.5119 0.49961803652088427
4.508 0.4996484650724691
4.504 0.4996688189997899
4.5001 0.49970351903404325
4.4962 0.4997440216620544
4.4923 0.49975942812695395
4.4884 0.4997554329000269
4.4846 0.49973497651379634
4.4807 0.49971681123525713
4.4768 0.4996939741994832
4.473 0.4996757756660456
4.4691 0.4996510811197318
4.4652 0.49964607768647085
4.4614 0.4996197719073164
4.4576 0.49961575856629387
4.4537 0.49962336427377324
4.4499 0.4996626200844014
4.4461 0.4996850101951564
4.4423 0.49971250411964996
4.4385 0.49972607475742387
4.4347 0.4997399391106737
4.4309 0.4997391769184547
4.4271 0.49974031278838776
4.4233 0.4997405645032416
4.4196 0.49974764485016815
4.4158 0.4997465168623037
4.412 0.49974024519572935
4.4083 0.4997492713617365
4.4045 0.4997518137449193
4.4008 0.49975918424478055
4.3971 0.49975548635853795
4.3934 0.4997608428349265
4.3896 0.49976195413117624
4.3859 0.49976561907002703
4.3822 0.49973925852009415
4.3785 0.49972754660025237
4.3748 0.49969980364716865
4.3711 0.499688261679755
4.3674 0.49968681048108676
4.3638 0.49970031593455994
4.3601 0.49971722144155156
4.3564 0.4997307218345474
4.3528 0.4997184441746339
4.3491 0.49971572192460983
4.3455 0.49971640342975426
4.3418 0.4997096526734325
4.3382 0.499703033007327
4.3346 0.4996840479672897
4.331 0.49965535021303153
4.3273 0.4996106877705414
4.3237 0.4995784449378689
4.3201 0.49956787301047617
4.3165 0.49958563171399817
4.3129 0.4995934020771706
4.3094 0.4996130318898866
4.3058 0.4996315276797564
4.3022 0.49965314080345274
4.2986 0.4996635065850809
4.2951 0.4996945803601936
4.2915 0.49973162292038453
4.288 0.49975283090015327
4.2844 0.49975251305788115
4.2809 0.49975635418635533
4.2774 0.49976445712029144
4.2738 0.49976487530614155
4.2703 0.49975613652892337
4.2668 0.49976122738656664
4.2633 0.49975518957160225
4.2598 0.4997024613476199
4.2563 0.49966529409940413
4.2528 0.499633224145287
4.2493 0.4996057132708976
4.2458 0.4995670785830526
4.2424 0.4995451551159525
4.2389 0.4995273865194778
4.2354 0.49952363449893533
4.232 0.4995091352504148
4.2285 0.49953522490275976
4.2251 0.4995824513681668
4.2216 0.49961300867472347
4.2182 0.49964758292761124
4.2148 0.49967933013204713
4.2113 0.4997008787434421
4.2079 0.4997191622797561
4.2045 0.4997435858792025
4.2011 0.49977060040878457
4.1977 0.49979148410528207
4.1943 0.49978087417214817
4.1909 0.49977871220830433
4.1875 0.49976178817054134
4.1841 0.49974884963745153
4.1808 0.49972084870210937
4.1774 0.4997065992769493
4.174 0.49968031326775375
4.1707 0.49965306339328547
4.1673 0.4996273748103258
4.164 0.49960956982328547
4.1606 0.4995954725107199
4.1573 0.4995888483718965
4.154 0.4996012797586177
4.1506 0.4996207428457882
4.1473 0.4996479537835185
4.144 0.49966153219011655
4.1407 0.4996772570594471
4.1374 0.49967602619093526
4.1341 0.4996764239287533
4.1308 0.49968511548637257
4.1275 0.499698535661458
4.1242 0.49968725552591226
4.1209 0.49967859903773854
4.1177 0.4996623563087357
4.1144 0.49965646686705906
4.1111 0.49966175057890827
4.1079 0.4996753969104143
4.1046 0.4996844121872349
4.1014 0.49968551905781594
4.0981 0.4996847772959103
4.0949 0.49970303281054623
4.0917 0.4997299127145739
4.0884 0.49973635821638207
4.0852 0.4997401832966931
4.082 0.49973652851813666
4.0788 0.49973564397722264
4.0756 0.4997446713325482
4.0724 0.4997698425022608
4.0692 0.49978924160927
4.066 0.49979366978548206
4.0628 0.4997624020051963
4.0596 0.4997298270734084
4.0565 0.4997063153953887
4.0533 0.4996777776132966
4.0501 0.49964459267666245
4.047 0.499594659607883
4.0438 0.49952367815006654
4.0406 0.49945731517832404
4.0375 0.49938716772548136
4.0344 0.4993494518284372
4.0312 0.49934557953637276
4.0281 0.49934790752147334
4.025 0.4993474774464693
4.0218 0.49934874504748417
4.0187 0.4993578369748184
4.0156 0.4993791820811865
4.0125 0.4993901071205504
4.0094 0.4993972970654614
4.0063 0.4994010075287708
4.0032 0.49938376177196736
4.0001 0.4993617662865645
3.997 0.49933647707227435
3.994 0.49932518820330407
3.9909 0.49934111162485034
3.9878 0.49937080889869867
3.9847 0.49941181619743635
3.9817 0.49947947659464426
3.9786 0.4995491533687166
3.9756 0.4996353871166636
3.9725 0.4997155643215128
3.9695 0.4997980572215094
3.9665 0.4998841886380542
3.9634 0.4999532549059807
3.9604 0.49999178329688426
3.9574 0.5000088402651889
3.9544 0.5000040347908145
3.9513 0.5000012757373332
3.9483 0.49999142573933714
3.9453 0.4999680758735609
3.9423 0.49994605918749113
3.9393 0.4999103040765981
3.9363 0.49986757419242656
3.9333 0.4998285759830353
3.9304 0.49979553369622487
3.9274 0.4997630737270755
3.9244 0.4997381376535139
3.9214 0.49969372533245066
3.9185 0.4996570259446572
3.9155 0.49963118270776924
3.9126 0.49961112179202205
3.9096 0.4995875426780613
3.9067 0.4995545551025884
3.9037 0.499524043965395
3.9008 0.4995108880963434
3.8979 0.4994959598318209
3.8949 0.49947667133836277
3.892 0.49945855288981933
3.8891 0.4994379397369794
3.8862 0.4994115165214185
3.8833 0.49938871955329134
3.8804 0.49940040243005607
3.8775 0.49943819415348056
3.8746 0.49947763189154654
3.8717 0.4994992292811698
3.8688 0.49952579609106834
3.8659 0.49956207548696235
3.863 0.49960855880701566
3.8601 0.4996576597418524
3.8573 0.49969967635858376
3.8544 0.4997172278865411
3.8515 0.4997065671360201
3.8487 0.4996855655160104
3.8458 0.4996687645014317
3.843 0.49967192184247733
3.8401 0.499670986654646
3.8373 0.4996636340730121
3.8344 0.4996475692482269
3.8316 0.499626702888323
3.8288 0.4996183307483839
3.8259 0.49963095564578763
3.8231 0.49963539781224353
3.8203 0.49962281327549163
3.8175 0.49961779015694086
3.8147 0.4996030168924063
3.8119 0.4995758202675281
3.8091 0.4995582636078652
3.8063 0.4995554117923189
3.8035 0.4995563622047498
3.8007 0.4995405023653471
3.7979 0.49952859023814944
3.7951 0.49953186272941347
3.7924 0.4995281041679914
3.7896 0.4995090020871301
3.7868 0.4995050021325333
3.7841 0.49952037447781694
3.7813 0.4995363599022946
3.7785 0.4995468289432394
3.7758 0.4995592296696369
3.773 0.49958623528128665
3.7703 0.49960519444547935
3.7676 0.49962195023833517
3.7648 0.49965202090618843
3.7621 0.499683115969367
3.7594 0.4996952071093167
3.7566 0.4996903256733176
3.7539 0.49965904787169363
3.7512 0.4996037269697414
3.7485 0.49953200130782865
3.7458 0.4994744786099353
3.7431 0.4994223635136119
3.7404 0.49937507522298274
3.7377 0.49932507257226066
3.735 0.4992740146739299
3.7323 0.4992260409222491
3.7296 0.4992031457672155
3.7269 0.49921824292163675
3.7242 0.4992576767799
3.7216 0.49930707391931106
3.7189 0.49933831898738806
3.7162 0.4993604612476215
3.7136 0.49938119147029947
3.7109 0.4994161886745297
3.7083 0.4994547191732997
3.7056 0.4994892739089579
3.703 0.49950987222101045
3.7003 0.499518299033453
3.6977 0.4995151302736362
3.695 0.49949853877351
3.6924 0.49949240353662616
3.6898 0.49949729913990604
3.6872 0.49947522387804044
3.6845 0.4994296811934161
3.6819 0.49938843095304597
3.6793 0.49936354414163026
3.6767 0.49934703345495074
3.6741 0.4993247511742953
3.6715 0.49932727426148005
3.6689 0.49934540447357895
3.6663 0.49936253165361627
3.6637 0.49938218827492764
3.6611 0.49943669419585274
3.6585 0.499511695398534
3.656 0.4995735698837715
3.6534 0.49960580960549505
3.6508 0.4996261089680608
3.6482 0.4996518652831807
3.6457 0.4996501622750734
3.6431 0.4996336819822024
3.6406 0.4996160221370822
3.638 0.49960163999810564
3.6355 0.4995700937907806
3.6329 0.49953441760039574
3.6304 0.4994970741725019
3.6278 0.4994770130875497
3.6253 0.499469513786126
3.6227 0.49946560015033875
3.6202 0.4994653408315774
3.6177 0.4994655129395842
3.6152 0.49945913680271964
3.6127 0.4994590368453184
3.6101 0.49945419438326333
3.6076 0.4994527449913055
3.6051 0.4994631211657149
3.6026 0.49946418433443435
3.6001 0.4994585658299279
3.5976 0.49943961104243284
3.5951 0.49943624302018425
3.5926 0.49944979555369173
3.5901 0.49945486027899333
3.5876 0.4994432847603771
3.5852 0.499447916225096
3.5827 0.49945480243774026
3.5802 0.49944564173768285
3.5777 0.49943586089198067
3.5753 0.49942576204475214
3.5728 0.4994200944180184
3.5704 0.49939746814194647
3.5679 0.4993718872321306
3.5654 0.4993632909069824
3.563 0.49935734555523703
3.5605 0.4993487059776025
3.5581 0.4993305125301907
3.5557 0.4993276589037894
3.5532 0.49934208294684373
3.5508 0.4993639882940894
3.5484 0.49938947531743777
3.5459 0.4994064652700524
3.5435 0.4994104489083305
3.5411 0.49941325796319813
3.5387 0.49940356470452224
3.5363 0.4993909152089551
3.5338 0.4993995724655176
3.5314 0.4994172012402711
3.529 0.49943486896121503
3.5266 0.49943684308172137
3.5242 0.4994232648586924
3.5218 0.4994213199535196
3.5195 0.4994240091497428
3.5171 0.4994165366339559
3.5147 0.499424888263568
3.5123 0.4994356456545756
3.5099 0.49942594986056854
3.5075 0.4993778840555353
3.5052 0.4993153082363683
3.5028 0.4992891144360179
3.5004 0.49927727430709556
3.4981 0.4992628405880193
3.4957 0.49926353520654004
3.4934 0.49928013997919374
3.491 0.4992823504762756
3.4887 0.4992814436429228
3.4863 0.49930063520311435
3.484 0.49934366028561855
3.4816 0.49938547805406097
3.4793 0.4994154962809479
3.477 0.49944614583055313
3.4746 0.4994739663637429
3.4723 0.4994948920384416
3.47 0.4994956748037286
3.4677 0.4995014014313103
3.4653 0.49950938685146906
3.463 0.4995019300825116
3.4607 0.4995024115654125
3.4584 0.4995092102927778
3.4561 0.49951002223877944
3.4538 0.4995218174670752
3.4515 0.49954671112712784
3.4492 0.49958204352208757
3.4469 0.499601544254913
3.4446 0.4996127775097083
3.4423 0.4996316772377519
3.44 0.49964184583011334
3.4378 0.4996283727960742
3.4355 0.4995926029885573
3.4332 0.4995403590440678
3.4309 0.4994548870984883
3.4287 0.4993500525047872
3.4264 0.4992432154295699
3.4241 0.4991674109381863
3.4219 0.4991058583802825
3.4196 0.49903332122923544
3.4174 0.49898592743906905
3.4151 0.49897989627821465
3.4129 0.4989939132229654
3.4106 0.49902501998808085
3.4084 0.4990835246114951
3.4061 0.4991623150956631
3.4039 0.49923815555930157
3.4017 0.49930027982607605
3.3994 0.4993774449602
3.3972 0.4994657413585285
3.395 0.4995395457148841
3.3928 0.49960068221880827
3.3906 0.49965898485843124
3.3883 0.4997071290747992
3.3861 0.49974408399483
3.3839 0.49975996731681205
3.3817 0.4997637180752381
3.3795 0.499743911675553
3.3773 0.49968970970011145
3.3751 0.49962452686812403
3.3729 0.4995431130144858
3.3707 0.4994426635373763
3.3685 0.4993509739494779
3.3663 0.49927857331973263
3.3641 0.4992114251994205
3.362 0.49916872452974453
3.3598 0.4991556982743062
3.3576 0.49918592692134106
3.3554 0.49922175943073854
3.3533 0.4992598947660535
3.3511 0.49931749816105747
3.3489 0.49936702317558257
3.3468 0.4994104849769356
3.3446 0.49943968424779445
3.3425 0.4994615965259752
3.3403 0.4994746735239449
3.3382 0.4994646358900012
3.336 0.4994474663625448
3.3339 0.4994365151891807
3.3317 0.49943091491947017
3.3296 0.4994425758168081
3.3274 0.4994616680613473
3.3253 0.49947376773058505
3.3232 0.4994959471123453
3.321 0.4995189040549997
3.3189 0.49952153606584054
3.3168 0.49952937011256043
3.3147 0.4995387509839458
3.3126 0.4995361675169377
3.3104 0.4995079225471091
3.3083 0.4994390117594101
3.3062 0.4993936341825168
3.3041 0.49933718372973934
3.302 0.4992744291493188
3.2999 0.49921777311711024
3.2978 0.49918434422272084
3.2957 0.4991487561683438
3.2936 0.49912592472097594
3.2915 0.499110248907625
3.2894 0.49913288211413126
3.2874 0.49918412686637376
3.2853 0.49923464825176944
3.2832 0.4992834821986459
3.2811 0.4993331484038779
3.279 0.49936145366875717
3.277 0.49938223507200086
3.2749 0.49939275209779554
3.2728 0.4993976238927742
3.2708 0.49940370338074636
3.2687 0.49937600630821716
3.2666 0.49933170737388033
3.2646 0.49927867944945414
3.2625 0.4992504857624415
3.2605 0.49923816465306997
3.2584 0.49924565241157765
3.2564 0.49925054490783694
3.2543 0.49927730568361905
3.2523 0.4992906998184626
3.2503 0.4993039500817094
3.2482 0.49931900928817574
3.2462 0.4993576601777143
3.2442 0.49939074237761927
3.2421 0.49940998274090587
3.2401 0.49940089099816687
3.2381 0.4994010590567332
3.2361 0.499391182671743
3.234 0.49937609098735797
3.232 0.49935849271111016
3.23 0.4993541625886117
3.228 0.4993618417219437
3.226 0.49935055669506856
3.224 0.49933941340517984
3.222 0.4993305918844071
3.22 0.49933335385136807
3.218 0.4993120988444186
3.216 0.4992996055790253
3.214 0.499265303079832
3.212 0.49924370445384053
3.21 0.4991912316969431
3.208 0.4991427989304324
3.206 0.499098676399946
3.204 0.49906799405156893
3.2021 0.49902527773597904
3.2001 0.49899439449510324
3.1981 0.49896734178673136
3.1961 0.4989660433252678
3.1942 0.49897872867718424
3.1922 0.4989866209530936
3.1902 0.49900484226280384
3.1883 0.4990093864526456
3.1863 0.49900069067285807
3.1844 0.49898988495384333
3.1824 0.4990055210005014
3.1805 0.49901558220802394
3.1785 0.49901623554388935
3.1766 0.49899306735396803
3.1746 0.4989721074690288
3.1727 0.49892989731563786
3.1707 0.4988947575748006
3.1688 0.49888022704877966
3.1669 0.4988865654522467
3.1649 0.4988572373092589
3.163 0.49881727010453486
3.1611 0.4987880171478706
3.1591 0.49878623304299935
3.1572 0.49878785927649666
3.1553 0.4987901315280849
3.1534 0.49881276014699655
3.1515 0.4988520388423332
3.1495 0.4988738045657106
3.1476 0.49890226067910665
3.1457 0.4989491740506752
3.1438 0.4989844611262475
3.1419 0.4989845977045228
3.14 0.49896714430031774
3.1381 0.4989537641781044
3.1362 0.4989359790539526
3.1343 0.4989210425745697
3.1324 0.49888531073060016
3.1305 0.49883497512894726
3.1286 0.4987666378624969
3.1268 0.49869883244089835
3.1249 0.49864291391125704
3.123 0.4985957176177876
3.1211 0.4985499904972042
3.1192 0.4985172400106731
3.1174 0.498447657083044
3.1155 0.49835738678695074
3.1136 0.4982827943781529
3.1117 0.49822741871538645
3.1099 0.4981757263832543
3.108 0.49814333581434644
3.1061 0.4981096562042531
3.1043 0.49808321911639086
3.1024 0.4980378282936872
3.1006 0.4979771345260311
3.0987 0.49797107649392364
3.0969 0.49799821483054213
3.095 0.4980193156994384
3.0932 0.498058086379724
3.0913 0.4980841091246516
3.0895 0.4981313832126297
3.0876 0.4982063683100251
3.0858 0.49828337972936193
3.084 0.49837411989461444
3.0821 0.4984518102885432
3.0803 0.49850047394959573
3.0785 0.4985245272923981
3.0766 0.4985357244153196
3.0748 0.49854248907097276
3.073 0.49854502974781567
3.0712 0.49852031209737335
3.0694 0.49845952304262975
3.0675 0.49842101330283095
3.0657 0.4983965758921604
3.0639 0.49837978016400464
3.0621 0.4983603237835616
3.0603 0.4983284981974701
3.0585 0.49832572249944734
3.0567 0.4983078126355335
3.0549 0.4982763932791606
3.0531 0.4982612362324365
3.0513 0.4982573500869814
3.0495 0.49823351376984726
3.0477 0.49820733448765797
3.0459 0.49821269908887283
3.0441 0.49825257200587797
3.0423 0.49827476341459065
3.0406 0.4983045672114546
3.0388 0.4983350718446819
3.037 0.49836086653388384
3.0352 0.4983446024994792
3.0334 0.4983089996046074
3.0317 0.498269095924007
3.0299 0.49821502292855996
3.0281 0.4981413730775214
3.0264 0.4980335891626052
3.0246 0.49790493393077845
3.0228 0.4977347156473425
3.0211 0.49755326669433386
3.0193 0.4974084748595129
3.0176 0.4972694195820594
3.0158 0.49712819263563524
3.014 0.4969661215783573
3.0123 0.4968044249919942
3.0105 0.4966470426165449
3.0088 0.4965098214461297
3.007 0.4964198842145847
3.0053 0.49635446613766665
3.0036 0.4962974105093483
3.0018 0.4962593313859137
3.0001 0.49624109796170063
2.9984 0.4962393562509304
2.9966 0.49623831885948144
2.9949 0.4962441394095007
2.9932 0.49622072730517913
2.9914 0.4961902928328349
2.9897 0.496175586966149
2.988 0.4961561326799781
2.9863 0.4961229907890612
2.9845 0.4960833173448717
2.9828 0.49606469398181713
2.9811 0.49605072197820216
2.9794 0.4960494881554889
2.9777 0.49609982780359985
2.976 0.49619673721464014
2.9743 0.49629739009588175
2.9726 0.4963778451319293
2.9709 0.49646437638374624
2.9692 0.4965812302772728
2.9675 0.4966779047013163
2.9658 0.49675447207544604
2.9641 0.4968496236608294
2.9624 0.4969390938391766
2.9607 0.49698589486366257
2.959 0.49701127950327434
2.9573 0.49704132838773796
2.9556 0.4970862756659759
2.9539 0.49711608134461394
2.9523 0.49714122247999976
2.9506 0.4972026579070116
2.9489 0.49724259163423207
2.9472 0.49727025482183007
2.9455 0.49733359711864256
2.9439 0.4974048093229751
2.9422 0.4974916466859111
2.9405 0.4975928206703812
2.9389 0.4976945264976018
2.9372 0.4978240771734751
2.9355 0.49793393914062944
2.9339 0.4980502204289055
2.9322 0.4982144309442501
2.9306 0.4983788881682669
2.9289 0.4985190853500489
2.9272 0.49866371538087784
2.9256 0.4987987331584435
2.9239 0.4989107519882361
2.9223 0.49904264259190195
2.9207 0.49918210535204155
2.919 0.49933889522142066
2.9174 0.4994602249031638
2.9157 0.49955317718337877
2.9141 0.49966271709564564
2.9124 0.49976629416904855
2.9108 0.49985546293086225
2.9092 0.49994675125239246
2.9075 0.5000352368857409
2.9059 0.5000962186607879
2.9043 0.5001159696572541
2.9027 0.5001071650680007
2.901 0.5001001279167536
2.8994 0.500114208316113
2.8978 0.5001089286940567
2.8962 0.5001011609902427
2.8946 0.5001075083111363
2.8929 0.5000881521108351
2.8913 0.500068076880817
2.8897 0.5000722930719993
2.8881 0.5000810962451104
2.8865 0.5001032942566805
2.8849 0.500106835910148
2.8833 0.5000902681675606
2.8817 0.5000761532928972
2.8801 0.5000705213120168
2.8785 0.5000620363110545
2.8769 0.5000810494072279
2.8753 0.5001025134893102
2.8737 0.5001423234004707
2.8721 0.5002106478749524
2.8705 0.500302887430673
2.8689 0.5004274639532801
2.8673 0.5005741228334505
2.8658 0.5007136653528209
2.8642 0.5008632995355079
2.8626 0.501005083540412
2.861 0.5011102445475617
2.8594 0.5012100903047524
2.8579 0.5012717847825872
2.8563 0.5013361386563706
2.8547 0.501377231455321
2.8531 0.501384658228241
2.8516 0.50135204725196
2.85 0.5013156388361626
2.8484 0.5012725862720805
2.8469 0.5012620511455324
2.8453 0.5012952298624574
2.8437 0.5013444234783574
2.8422 0.5013639735629252
2.8406 0.50139070493974
2.8391 0.5014519086097401
2.8375 0.5015433578042962
2.836 0.5016782112765319
2.8344 0.5018208624559817
2.8329 0.5019674249790486
2.8313 0.5020677945459681
2.8298 0.5021484650476453
2.8282 0.5022295670538842
2.8267 0.5023373890892857
2.8252 0.5024140499138838
2.8236 0.5024631153240644
2.8221 0.502470992252933
2.8205 0.5024369365201522
2.819 0.5023943150930544
2.8175 0.5023492915663285
2.8159 0.5023130527679327
2.8144 0.502266557551009
2.8129 0.502201860517168
2.8114 0.5021506941984063
2.8098 0.5021222465503162
2.8083 0.5021143298897133
2.8068 0.5021493365946056
2.8053 0.5021878090815592
2.8038 0.5022286229980271
2.8022 0.5022611118999388
2.8007 0.5023262437818428
2.7992 0.5024130462354655
2.7977 0.5024861891567497
2.7962 0.502510579884906
2.7947 0.5024741351190858
2.7932 0.5023973313462355
2.7917 0.5023198143035269
2.7902 0.5022735883487721
2.7887 0.5022382848000622
2.7872 0.502208446053643
2.7857 0.502151814983842
2.7842 0.5021304722064299
2.7827 0.5021786245241824
2.7812 0.5023012486827726
2.7797 0.5024743030582506
2.7782 0.5026776473543639
2.7767 0.5028406068252658
2.7752 0.502975304784551
2.7738 0.5031002489530866
2.7723 0.5032268466834954
2.7708 0.5033066009414987
2.7693 0.503344016359331
2.7678 0.5033166287047112
2.7664 0.503238091281754
2.7649 0.5031020357800793
2.7634 0.5029450397176645
2.7619 0.5027922731538523
2.7605 0.5026055178433125
2.759 0.5023755705624183
2.7575 0.5021341086188352
2.7561 0.5019346513834342
2.7546 0.5017555799359735
2.7531 0.5016500952694469
2.7517 0.5015900292034303
2.7502 0.5015603089110089
2.7488 0.5015471422018317
2.7473 0.5015850684687209
2.7458 0.5016589933180926
2.7444 0.5017799665677838
2.7429 0.501857905841402
2.7415 0.5018850466968754
2.74 0.5018146789231682
2.7386 0.5016621118371848
2.7371 0.5014823330289597
2.7357 0.5012877757641878
2.7343 0.5010494542636205
2.7328 0.5008115211278317
2.7314 0.500556431531926
2.7299 0.500310724068301
2.7285 0.5001428570661707
2.7271 0.5000301202515826
2.7256 0.5000039237315128
2.7242 0.5000163633127553
2.7228 0.5000651030579395
2.7213 0.5001512002335543
2.7199 0.5002634356893824
2.7185 0.5003497936760198
2.7171 0.5004603719258304
2.7156 0.5005568458535422
2.7142 0.5006316777638774
2.7128 0.5006849089790163
2.7114 0.5007240298131105
2.71 0.5007434997258957
2.7085 0.5007360723937508
2.7071 0.5006972991078226
2.7057 0.5006644932833088
2.7043 0.5006248434713925
2.7029 0.5005525387320522
2.7015 0.5004832352831234
2.7001 0.5004100353768334
2.6987 0.500354795420248
2.6973 0.5002891462285867
2.6959 0.5002372454189581
2.6945 0.5001821104648471
2.6931 0.5001201302323965
2.6917 0.5000571569867585
2.6903 0.49998309673212393
2.6889 0.4999240619309865
2.6875 0.49985355324336966
2.6861 0.49977617846482625
2.6847 0.49970995091924403
2.6833 0.49962369679360785
2.6819 0.4995397058142152
2.6805 0.4994475469869244
2.6791 0.49940727454631056
2.6778 0.49938662633380604
2.6764 0.4993711288432938
2.675 0.49936640728776815
2.6736 0.49937968337047467
2.6722 0.49936282731545745
2.6709 0.49932992110534224
2.6695 0.4993130194685238
2.6681 0.49933281096493837
2.6667 0.49933556850434513
2.6654 0.49932461004082646
2.664 0.499324187579992
2.6626 0.49933391685195055
2.6613 0.4993098147727346
2.6599 0.49928602330988436
2.6585 0.49929727976079114
2.6572 0.49932327907882157
2.6558 0.4993200396448729
2.6545 0.4992798206173767
2.6531 0.4992655149629397
2.6517 0.49925642894132666
2.6504 0.4992378409641147
2.649 0.49923969607752866
2.6477 0.49926016890970865
2.6463 0.4992787215695665
2.645 0.49927487249934005
2.6436 0.4992816264647504
2.6423 0.49931987149969914
2.6409 0.499368663643529
2.6396 0.4993809676935164
2.6382 0.4993840862116148
2.6369 0.4993615119612565
2.6356 0.4993320593308317
2.6342 0.49930585005618994
2.6329 0.4992908621852378
2.6315 0.49930977858231596
2.6302 0.49930298803532563
2.6289 0.4992994833833487
2.6275 0.4993096031003175
2.6262 0.4993378223609743
2.6249 0.49937894470478894
2.6236 0.4994230325253626
2.6222 0.49945028629133226
2.6209 0.4994761983417187
2.6196 0.49948431448670355
2.6183 0.4994815545486364
2.6169 0.499463900525607
2.6156 0.4994455455735401
2.6143 0.49939549172971726
2.613 0.4993380311968509
2.6117 0.49925675030930894
2.6103 0.49922013525428593
2.609 0.499209711061794
2.6077 0.49923206741097265
2.6064 0.4992597292293818
2.6051 0.4992748046884407
2.6038 0.4992964447096476
2.6025 0.4993253874134859
2.6012 0.4993703348438915
2.5999 0.4994600768606057
2.5986 0.4995362395833935
2.5973 0.49959091157105645
2.596 0.49959350980395084
2.5947 0.49955759256940413
2.5934 0.49952530902168507
2.5921 0.4994946588078137
2.5908 0.49944962077578847
2.5895 0.4993985926646408
2.5882 0.4993418897088161
2.5869 0.4992599757562652
2.5856 0.4991789333994092
2.5843 0.4990712012711104
2.583 0.4990012944630474
2.5817 0.4989949838160454
2.5805 0.4989680313404217
2.5792 0.4989907551947969
2.5779 0.4990317240620683
2.5766 0.4990843973610329
2.5753 0.49916085570050045
2.5741 0.49924201375889465
2.5728 0.4993448588893471
2.5715 0.49947515991530955
2.5702 0.49955174513860834
2.569 0.49957329290840297
2.5677 0.4995677937316616
2.5664 0.4995483243050646
2.5651 0.49951210531790824
2.5639 0.49946446531388566
2.5626 0.49937204477560426
2.5613 0.49929770745164337
2.5601 0.49921660804643214
2.5588 0.4991542928118794
2.5575 0.4991508117606352
2.5563 0.49916334591444667
2.555 0.499218644154257
2.5538 0.49926601651672
2.5525 0.49929721541717764
2.5513 0.4993324777079672
2.55 0.49939726994864847
2.5487 0.4994339783814487
2.5475 0.49945524980716854
2.5462 0.4994450340475769
2.545 0.4994556936111329
2.5437 0.4994704191462345
2.5425 0.4994750405912927
2.5413 0.49945957169312083
2.54 0.49945139702226254
2.5388 0.4993934175918599
2.5375 0.4993085054177744
2.5363 0.4992336291594087
2.535 0.4992198785443113
2.5338 0.4992135410247329
2.5326 0.4991722530854797
2.5313 0.4991249231481813
2.5301 0.4991079360190204
2.5289 0.49912730423225904
2.5276 0.4991789420779703
2.5264 0.49927905124772215
2.5252 0.49939337781941995
2.5239 0.49947206901317087
2.5227 0.49949756002609247
2.5215 0.4995156858522389
2.5202 0.4995662206133291
2.519 0.4995714773203629
2.5178 0.4995531516580946
2.5166 0.4995558472485066
2.5154 0.49957202443950965
2.5141 0.499558444313439
2.5129 0.4995449132140302
2.5117 0.4995563199133306
2.5105 0.4995325253593058
2.5093 0.49945391884860346
2.5081 0.49937737784237735
2.5068 0.49928915359061593
2.5056 0.49917981477417234
2.5044 0.4990583489524202
2.5032 0.49896605323688714
2.502 0.49894075135879756
2.5008 0.49891412670212
2.4996 0.49891870145941486
2.4984 0.49899370242637575
2.4972 0.4991126568971006
2.496 0.499261695194483
2.4948 0.4994445947020369
2.4936 0.4996295830887332
2.4924 0.4997251687345838
2.4912 0.4997454338323303
2.49 0.49970598420882073
2.4888 0.4996447648467111
2.4876 0.49956652228543064
2.4864 0.499475349500197
2.4852 0.49939226652804264
2.484 0.4992725470891475
2.4828 0.499139130027263
2.4816 0.4990907548656733
2.4805 0.499117144366172
2.4793 0.49918974115187037
2.4781 0.4992663756140132
2.4769 0.49933757458472416
2.4757 0.49938909420542504
2.4745 0.49944135855127375
2.4734 0.49950797015781795
2.4722 0.4995276262074111
2.471 0.49952943908538516
2.4698 0.49947678000434276
2.4686 0.499398909955391
2.4675 0.49930597989245745
2.4663 0.4992991045911777
2.4651 0.4993078891135194
2.464 0.49930499994546823
2.4628 0.4993055577893256
2.4616 0.49933349879598987
2.4604 0.4993962747240957
2.4593 0.49944598572457355
2.4581 0.4994710935883693
2.4569 0.4995071599552464
2.4558 0.49950488676552307
2.4546 0.49944793702895124
2.4535 0.49939645801972216
2.4523 0.4992996574880282
2.4511 0.499213059433177
2.45 0.4991052794405787
2.4488 0.49901122228501843
2.4477 0.49902057686871487
2.4465 0.4990862171989106
2.4454 0.49914096089669724
2.4442 0.4992209583241317
2.4431 0.49929483953174536
2.4419 0.49940994255228793
2.4408 0.4995497486778985
2.4396 0.49967459034547973
2.4385 0.499767904928909
2.4373 0.4998214032158392
2.4362 0.49980831244466556
2.435 0.49974232169663985
2.4339 0.4996618793092796
2.4327 0.49960754156462817
2.4316 0.49958070241373637
2.4305 0.4995394909396849
2.4293 0.4994809334481699
2.4282 0.499456801667653
2.427 0.4994188886028853
2.4259 0.49936993760237325
2.4248 0.4993786971325372
2.4236 0.4994542884094213
2.4225 0.49950921122356323
2.4214 0.4995021717102525
2.4202 0.499472425011956
2.4191 0.4994427293586086
2.418 0.49946671676949106
2.4169 0.4994445629978892
2.4157 0.4994430457158494
2.4146 0.4994580586999636
2.4135 0.4994344981950132
2.4124 0.49934818862838326
2.4112 0.4993183975436171
2.4101 0.4993119306094158
2.409 0.49929029927198765
2.4079 0.49922514502009274
2.4068 0.4991717006299122
2.4056 0.49917979889469916
2.4045 0.4992245676556846
2.4034 0.49924789611600945
2.4023 0.49930580155050996
2.4012 0.49934850582690327
2.4001 0.4993781030652411
2.399 0.4994069567631481
2.3979 0.4994288620074613
2.3967 0.49945078782341656
2.3956 0.4994047801063528
2.3945 0.4992922379695892
2.3934 0.4992053737959292
2.3923 0.49909685524370845
2.3912 0.4989480087836933
2.3901 0.49886784224192965
2.389 0.49880927617157517
2.3879 0.4987741781048027
2.3868 0.4987793944627042
2.3857 0.4988980510262458
2.3846 0.49905272723533206
2.3835 0.49922973929593895
2.3824 0.4993840398286973
2.3813 0.49961202313149633
2.3802 0.4998060075062665
2.3791 0.49995693379138584
2.3781 0.5000940124506826
2.377 0.5002373559671119
2.3759 0.5003042065020871
2.3748 0.5002485114258242
2.3737 0.5001315896211573
2.3726 0.5000661205595588
2.3715 0.4999582236525987
2.3704 0.499771639362729
2.3694 0.49962044798761135
2.3683 0.49948873049610437
2.3672 0.49938144891659597
2.3661 0.4993103963755192
2.365 0.49925109454041566
2.364 0.4992454360904272
2.3629 0.4992758277630521
2.3618 0.49926659934666384
2.3607 0.49932294262478666
2.3597 0.49941831829968286
2.3586 0.49949279432181104
2.3575 0.49953872211662737
2.3564 0.4994694563333931
2.3554 0.4994148895626394
2.3543 0.4993678674074438
2.3532 0.49931462672215277
2.3522 0.49931998875224254
2.3511 0.4992603546059482
2.35 0.4991384934448876
2.349 0.49904591068199683
2.3479 0.4990141186068445
2.3468 0.49901037087746214
2.3458 0.49900914247747435
2.3447 0.49904532266200513
2.3436 0.4991578846026785
2.3426 0.49920812007900506
2.3415 0.49921136042945863
2.3405 0.49928048803167363
2.3394 0.4993967198712409
2.3384 0.49946461247987445
2.3373 0.4995381992537461
2.3363 0.4996273144984147
2.3352 0.4997500612806322
2.3342 0.49969451271200305
2.3331 0.4995778938651559
2.3321 0.49952789906125833
2.331 0.4995397508206913
2.33 0.4995298227001529
2.3289 0.4994376064206744
2.3279 0.49934952100044355
2.3268 0.4993283600310012
2.3258 0.49930095806158875
2.3247 0.49934810087977755
2.3237 0.49950133036186534
2.3226 0.4997010597846579
2.3216 0.49984243465576095
2.3206 0.49990433222306846
2.3195 0.49999859516068157
2.3185 0.5001111824465759
2.3175 0.5001365375293656
2.3164 0.5000175602983505
2.3154 0.4998872529790677
2.3144 0.4997506011687765
2.3133 0.4995955955193282
2.3123 0.49942080238296804
2.3113 0.49928616618495697
2.3102 0.4992042817809539
2.3092 0.49916062225446833
2.3082 0.49918823414300184
2.3071 0.4993171078396598
2.3061 0.4994473234768656
2.3051 0.49958962774188675
2.3041 0.4996748381810757
2.303 0.49976578853984965
2.302 0.4998589206683279
2.301 0.49998171790422724
2.3 0.5000184313517437
2.299 0.4999506602525718
2.2979 0.49983910177508595
2.2969 0.4997621285862008
2.2959 0.49969919843379246
2.2949 0.49966317660010634
2.2939 0.49959248158174424
2.2929 0.49951534873693326
2.2918 0.49942057818301566
2.2908 0.499261457718183
2.2898 0.4991912135618978
2.2888 0.4991923740119753
2.2878 0.49922257357193445
2.2868 0.49918130380312814
2.2858 0.4991108502796842
2.2848 0.49903417002827416
2.2838 0.4990381401039257
2.2828 0.4990164929799099
2.2818 0.4990537259391449
2.2808 0.499124315665144
2.2798 0.49918073174019556
2.2787 0.49913924972569557
2.2777 0.4991234878512117
2.2767 0.49924475460230167
2.2757 0.4994348287132604
2.2747 0.49954121085576775
2.2738 0.49959933991815164
2.2728 0.49971793720769414
2.2718 0.4998586315049602
2.2708 0.4999964724730342
2.2698 0.500181153017503
2.2688 0.5003772089707151
2.2678 0.5004298105982026
2.2668 0.5004098864122599
2.2658 0.5003672450973925
2.2648 0.5003111988753927
2.2638 0.5002863603644957
2.2628 0.5002358924836616
2.2618 0.5000959152611038
2.2609 0.499921144963491
2.2599 0.4996881186026578
2.2589 0.49951333654283886
2.2579 0.4994478905358681
2.2569 0.4993654113147577
2.2559 0.49938174804382723
2.255 0.4993951403665896
2.254 0.4993061034069734
2.253 0.4992069773466527
2.252 0.49911343034985556
2.251 0.49912452501911003
2.2501 0.4992154326340074
2.2491 0.49929571811049006
2.2481 0.49933758605637796
2.2471 0.49934235719404474
2.2462 0.4992596033224932
2.2452 0.4992458999573017
2.2442 0.49935757207577036
2.2433 0.49948577956314777
2.2423 0.4995597739461861
2.2413 0.4995439580118367
2.2403 0.4994832053242314
2.2394 0.49946959607138525
2.2384 0.4994767059583146
2.2374 0.4996023652505099
2.2365 0.4996880086676119
2.2355 0.49971582453664254
2.2345 0.499746494860899
2.2336 0.4998100581364696
2.2326 0.4999243105679998
2.2317 0.499984273435653
2.2307 0.5000364346593404
2.2297 0.5000071345867716
2.2288 0.49990348988905614
2.2278 0.4997834072852156
2.2269 0.4996976178464988
2.2259 0.49963747465031794
2.225 0.49949075104881996
2.224 0.4992895941122792
2.2231 0.49914927877170845
2.2221 0.4990710391243789
2.2211 0.49909891818880714
2.2202 0.4992514063886437
2.2192 0.4994431230608618
2.2183 0.49958411262592145
2.2173 0.49970506227187955
2.2164 0.4998482364459314
2.2155 0.5000314873625709
2.2145 0.5001575660796643
2.2136 0.5002807801992748
2.2126 0.5003382071506509
2.2117 0.5001899408277076
2.2107 0.5000035962627051
2.2098 0.49987960049234265
2.2088 0.49972768069748974
2.2079 0.49960722379406913
2.207 0.4994674213976812
2.206 0.49938144051439487
2.2051 0.49930026054300547
2.2041 0.49917392365556634
2.2032 0.4991759326656826
2.2023 0.49920636326114054
2.2013 0.4991708322318441
2.2004 0.499182128985237
2.1995 0.49924228841107954
2.1985 0.49930468096161595
2.1976 0.4994001158939752
2.1967 0.4994021907556692
2.1957 0.4994300112893683
2.1948 0.49946143520431185
2.1939 0.4994893845146686
2.193 0.49958636683350716
2.192 0.4996552913804717
2.1911 0.4996509492103094
2.1902 0.49972511794135294
2.1893 0.4997351704478667
2.1883 0.4996992037799137
2.1874 0.4996818244238398
2.1865 0.4997249560117626
2.1856 0.49976958965425466
2.1846 0.4997479531472373
2.1837 0.49972051812944096
2.1828 0.49972188995016736
2.1819 0.4996749433300282
2.181 0.49955461011373786
2.18 0.4995546075498412
2.1791 0.49968440711408496
2.1782 0.4998271242941647
2.1773 0.49989482012544406
2.1764 0.4999221899331556
2.1755 0.49994815783956414
2.1746 0.49999140184534846
2.1736 0.5000346561296286
2.1727 0.5001298298302659
2.1718 0.5001774023583696
2.1709 0.500099553383434
2.17 0.49988172530833946
2.1691 0.49969708721458417
2.1682 0.4996365289075653
2.1673 0.4996928030700788
2.1664 0.49969854912179723
2.1655 0.4996292602480792
2.1646 0.4995772659891153
2.1637 0.4995440618441711
2.1628 0.4995353859200471
2.1619 0.4995554328427194
2.161 0.4996217216492315
2.1601 0.49958974636607134
2.1592 0.4994682252469858
2.1583 0.4993743234229281
2.1574 0.4994393711961888
2.1565 0.49951875907390136
2.1556 0.49963145946638643
2.1547 0.499710928130089
2.1538 0.49977741681429705
2.1529 0.4998988264085343
2.152 0.5000433125785572
2.1511 0.5002210748231735
2.1502 0.5003454587184787
2.1493 0.5002313802911674
2.1484 0.5000694209184665
2.1475 0.4999160791963513
2.1466 0.4997091347685451
2.1458 0.49951803829135377
2.1449 0.4993761413877941
2.144 0.49922703099191057
2.1431 0.49907371212118407
2.1422 0.4990188050206298
2.1413 0.4990795829695395
2.1404 0.4992878495829225
2.1396 0.49946152956732626
2.1387 0.49972066606374715
2.1378 0.49997979874808574
2.1369 0.5001187982775585
2.136 0.5001333066274981
2.1352 0.5001854652387537
2.1343 0.5002347591516553
2.1334 0.5002985120698158
2.1325 0.5001941984745513
2.1316 0.5000796980320226
2.1308 0.49991588202942555
2.1299 0.4997318246254746
2.129 0.49964207468631544
2.1281 0.49971458885996733
2.1273 0.4997348004837405
2.1264 0.4997115586925925
2.1255 0.4996041919428563
2.1247 0.4994925105122292
2.1238 0.49941539029604326
2.1229 0.4993309808823237
2.122 0.49939326841167864
2.1212 0.4994178035633173
2.1203 0.4994221365731841
2.1194 0.49942518558766286
2.1186 0.4995224292533541
2.1177 0.49957465392228845
2.1168 0.49964571357286136
2.116 0.4996921764183046
2.1151 0.49984173018656053
2.1143 0.4998866726770577
2.1134 0.499829929795615
2.1125 0.4997993643385784
2.1117 0.4997208287236009
2.1108 0.4995637443319898
2.11 0.4995303091501675
2.1091 0.4995768722314948
2.1082 0.4997092001220519
2.1074 0.4999171426222146
2.1065 0.5001147704768977
2.1057 0.5004081616262034
2.1048 0.5006622488980674
2.104 0.5008640417018057
2.1031 0.5010208325372212
2.1023 0.5011211916865628
2.1014 0.5011370983907972
2.1005 0.5011093937143278
2.0997 0.5008626274599642
2.0988 0.5005067597708874
2.098 0.50008710261893
2.0971 0.49967034696808815
2.0963 0.49931157909389584
2.0955 0.49902682567139656
2.0946 0.49883508631233664
2.0938 0.4987842198692722
2.0929 0.498685286988711
2.0921 0.4986489246663185
2.0912 0.4988346393095761
2.0904 0.4990203881461273
2.0895 0.4992467853435759
2.0887 0.49940931580378006
2.0879 0.49953276092012033
2.087 0.49966075050339404
2.0862 0.4702959452552922
2.0853 0.4372248776285228
2.0845 0.39979653373262664
2.0837 0.3568623843071823
2.0828 0.3073353593596828
2.082 0.24956398946949515
2.0812 0.1814966322515347
2.0803 0.0999019642329218
2.0795 0.0
