25.0442 1.0
24.9238 1.0
24.8045 0.9045037579495085
24.6864 0.8260260275127523
24.5694 0.7603714641874739
24.4536 0.7052340952199608
24.3388 0.6586580092437248
24.225 0.6181738568032992
24.1124 0.5823631894212884
24.0007 0.5504841848693875
23.8901 0.5212165338370731
23.7805 0.518900777664908
23.6719 0.5153314143356869
23.5643 0.5105749072104111
23.4577 0.5049479707556184
23.352 0.4984085925843358
23.2473 0.49151655417641443
23.1435 0.4852384422508818
23.0407 0.47997034523369475
22.9387 0.47651532905030664
22.8377 0.4759922085198141
22.7375 0.47865605314545584
22.6382 0.4844300702678215
22.5398 0.49268648586648867
22.4422 0.5025072901212462
22.3455 0.513586419172574
22.2496 0.5253427215532223
22.1545 0.5371639912039308
22.0602 0.5484384156229565
21.9668 0.558160649563258
21.8741 0.5656333696924126
21.7822 0.5704031026311903
21.691 0.5723921989908015
21.6007 0.5717743669617067
21.511 0.5680561049364243
21.4221 0.5608002557855505
21.334 0.5495623550534899
21.2465 0.5339804396268011
21.1598 0.5148342830668035
21.0738 0.49365843517671454
20.9885 0.47140999039773723
20.9038 0.4491483546822892
20.8199 0.4282949544861978
20.7366 0.4103821403232655
20.654 0.3971112739424262
20.572 0.3902174437105251
20.4907 0.3908420045790217
20.41 0.3985302503796642
20.33 0.4112764064760552
20.2506 0.4274654897948885
20.1718 0.44586883721416226
20.0936 0.4652625738535825
20.016 0.4847556691126739
19.9391 0.5033163241820919
19.8627 0.5196544921468688
19.7869 0.5324919131238447
19.7116 0.5412242190387936
19.637 0.5466979843624127
19.5628 0.5503771886084576
19.4893 0.5530429591887042
19.4163 0.5552972207704641
19.3439 0.5575601131739822
19.2719 0.55972157705658
19.2006 0.5616257885306662
19.1297 0.5632527598079256
19.0594 0.5645096636609251
18.9896 0.5651507521332593
18.9203 0.5650184380694669
18.8515 0.5642865638760824
18.7832 0.5629677144368559
18.7153 0.5608917339961174
18.648 0.5582176468641777
18.5812 0.5550623754592249
18.5148 0.55142009380283
18.4489 0.547462199648071
18.3835 0.5434411490436902
18.3185 0.5395487176011847
18.2541 0.535862094215368
18.19 0.5324511512091084
18.1264 0.529446202183508
18.0633 0.5268631026923581
18.0005 0.5246035076287988
17.9382 0.5226276835891991
17.8764 0.5208263942937273
17.815 0.5189535129877177
17.7539 0.5168425965657911
17.6934 0.5144158833430675
17.6332 0.5116693190536635
17.5734 0.5086607837458198
17.514 0.505428134154314
17.4551 0.5020465798956211
17.3965 0.49855282271018797
17.3383 0.49496209696693544
17.2805 0.49143016267219586
17.2231 0.48807038731693375
17.1661 0.4848302527892863
17.1094 0.481825398481617
17.0531 0.47926277738890827
16.9972 0.4771527304785946
16.9417 0.4754889506311768
16.8865 0.47426243885943525
16.8317 0.47332724426521183
16.7772 0.47241350612397576
16.7231 0.4713423570554584
16.6693 0.47009503056802554
16.6159 0.4684393053906686
16.5628 0.4659573231862502
16.51 0.4622832495313248
16.4576 0.45718911475404783
16.4055 0.45064517795177733
16.3538 0.4430098421403272
16.3024 0.4348221081990213
16.2513 0.4266148946540626
16.2005 0.4188725120285579
16.15 0.4121101469795855
16.0998 0.40681190986214594
16.05 0.4034662307819866
16.0005 0.40249454139290347
15.9513 0.4040020000708212
15.9023 0.4076545767241766
15.8537 0.41302779741294054
15.8054 0.4196474617327717
15.7573 0.426959199115867
15.7096 0.43430394689569046
15.6621 0.44110479112141676
15.6149 0.4471098197105749
15.568 0.45200218536052983
15.5214 0.45561639328155445
15.4751 0.4582125799918968
15.429 0.4602304581646104
15.3832 0.4619008946588618
15.3377 0.4634560081231655
15.2925 0.4653570457699626
15.2475 0.46793403846202497
15.2028 0.47110272955750015
15.1583 0.4749663501496774
15.1141 0.47965536106451223
15.0702 0.48487766219572115
15.0265 0.490199898978847
14.9831 0.49557534437178247
14.9399 0.500787463891417
14.897 0.5055207489704825
14.8543 0.5095895202827401
14.8119 0.5130128748521051
14.7697 0.5157347927749839
14.7277 0.5174545137982066
14.686 0.5181328448243463
14.6445 0.5178305992982227
14.6033 0.5161757983605999
14.5622 0.512819176269219
14.5214 0.5076528107485041
14.4809 0.5004055999636153
14.4405 0.4907093853234546
14.4004 0.47866631658642717
14.3605 0.46481668177019875
14.3209 0.4497341547742878
14.2814 0.4341915079760789
14.2422 0.41937686722871254
14.2032 0.4065055377950365
14.1643 0.39668581478975046
14.1258 0.3913123830771971
14.0874 0.3915283379199896
14.0492 0.39748896106839654
14.0112 0.4086513560001454
13.9734 0.42417293943437107
13.9359 0.4428648071310092
13.8985 0.46324375264356643
13.8614 0.48402300960710926
13.8244 0.5040654244637235
13.7876 0.5219436796447625
13.7511 0.5362909912551639
13.7147 0.5464167106039822
13.6785 0.5524046046651898
13.6425 0.5546835084830788
13.6067 0.5539439142051471
13.5711 0.5511122862858767
13.5356 0.5467990632963025
13.5004 0.5411496539674968
13.4653 0.5346907715876597
13.4304 0.5279174028488414
13.3957 0.5209934710594188
13.3612 0.514130124154574
13.3269 0.507762870314975
13.2927 0.5021689820330524
13.2587 0.4975145172333089
13.2249 0.4941908223509793
13.1912 0.49259730671023993
13.1577 0.49260421865440507
13.1244 0.49400701538126873
13.0913 0.4967523414639657
13.0583 0.500470229894178
13.0255 0.5045445095538649
12.9929 0.5085451962807598
12.9604 0.5122215643530604
12.9281 0.5150853366521179
12.8959 0.5167207876528925
12.8639 0.5171291113980094
12.8321 0.5162454776959181
12.8004 0.5137569458291125
12.7688 0.5097813958591065
12.7375 0.5049230073493898
12.7063 0.49969478892244434
12.6752 0.49456703484714604
12.6443 0.49017000033037517
12.6135 0.48682698309649614
12.5829 0.48442958363472194
12.5524 0.48314653429514176
12.5221 0.4835039152410819
12.4919 0.48573011778563546
12.4619 0.4895028255955097
12.432 0.49439465237823665
12.4023 0.4999160462424442
12.3727 0.5053702462503388
12.3432 0.5103336838847158
12.3139 0.5148660493799695
12.2847 0.5189144244254948
12.2557 0.5221238546969303
12.2268 0.5243555261888464
12.198 0.5256811006266958
12.1694 0.526165713737313
12.1409 0.5259268426583578
12.1125 0.52538170600847
12.0843 0.5248455001931248
12.0562 0.5241758351429101
12.0282 0.5234285422460034
12.0004 0.5228347240559379
11.9726 0.5223095680244013
11.945 0.5217333113742197
11.9176 0.5212638890322806
11.8903 0.5210104173512592
11.8631 0.5208190271370335
11.836 0.5205744544126142
11.809 0.5204548723860085
11.7822 0.5204908538359796
11.7555 0.5205078191318783
11.7289 0.5205355161856258
11.7024 0.5206419473640269
11.676 0.5207105209490596
11.6498 0.5206502838355075
11.6237 0.5205628324865376
11.5977 0.5205250156878986
11.5718 0.5204717834751054
11.546 0.5204163941959316
11.5203 0.5204211889945762
11.4948 0.5204625920140591
11.4694 0.5205670733157192
11.444 0.5208559287074399
11.4188 0.5213799105242607
11.3937 0.5220712922196655
11.3688 0.5229560538426132
11.3439 0.5240988624123164
11.3191 0.5254510285201638
11.2944 0.5269759642832931
11.2699 0.5287775572090277
11.2455 0.530900808892175
11.2211 0.5332354447964889
11.1969 0.5356887253820078
11.1727 0.538098414121082
11.1487 0.5400248958611739
11.1248 0.5410263691742649
11.101 0.5409051053566661
11.0773 0.5395568331754974
11.0536 0.5367217069064862
11.0301 0.532211621339799
11.0067 0.5260231298685425
10.9834 0.5182341923944379
10.9602 0.5091553532840863
10.937 0.4996128136655313
10.914 0.49060523780034787
10.8911 0.4827558937377114
10.8682 0.47641954046193286
10.8455 0.4717884578236615
10.8229 0.4687387994397274
10.8003 0.4668969194572702
10.7779 0.46589260662376536
10.7555 0.4654052569011515
10.7332 0.4649939211615095
10.7111 0.4641459127665001
10.689 0.46265716710048543
10.667 0.4605466517185511
10.6451 0.45795360437052385
10.6233 0.45546129323161194
10.6015 0.4539706350273845
10.5799 0.45428401346512703
10.5584 0.45690076406636915
10.5369 0.4619063283906896
10.5155 0.46900534414277995
10.4942 0.4776284678608692
10.473 0.48720039364153933
10.4519 0.497284324484419
10.4309 0.5073735847359025
10.4099 0.5168344365165123
10.3891 0.5250868276183033
10.3683 0.5317405245995842
10.3476 0.5366689741160577
10.327 0.5401007063500561
10.3065 0.5424787903166826
10.286 0.5442345468053968
10.2656 0.5456529740070638
10.2454 0.5470033532938579
10.2251 0.5485128139187965
10.205 0.5502469393567786
10.185 0.5521547017194955
10.165 0.5542638433040568
10.1451 0.5566288631515711
10.1253 0.5592298202517125
10.1056 0.5619083278071264
10.0859 0.5643704995571839
10.0663 0.5660390230761918
10.0468 0.5663203980568139
10.0274 0.5648339867104679
10.008 0.5613742223341789
9.9887 0.5559250671080239
9.9695 0.5487152164245839
9.9504 0.5402473634789867
9.9313 0.5312131823741219
9.9123 0.5225604860029501
9.8934 0.5154688104017694
9.8746 0.5110361443694778
9.8558 0.5099792841132922
9.8371 0.512635176710619
9.8185 0.518856040625123
9.7999 0.5280028318718927
9.7814 0.5390001338605119
9.763 0.550612927616385
9.7447 0.5616354549444216
9.7264 0.5709938420564735
9.7082 0.5778963285458313
9.69 0.5819746685042139
9.6719 0.5831908375732219
9.6539 0.581749098374525
9.636 0.5780952538094098
9.6181 0.5728923584466088
9.6003 0.5669209378300606
9.5825 0.5608267271649282
9.5649 0.5550709111239537
9.5472 0.5499032293936748
9.5297 0.5453086241262636
9.5122 0.5411842212815546
9.4948 0.5374739590284128
9.4774 0.5340843208000549
9.4601 0.5308913743122466
9.4429 0.5277653595289218
9.4257 0.5246417543386145
9.4086 0.5214772711799456
9.3916 0.5182188803286897
9.3746 0.5148344747157267
9.3577 0.5112214681736764
9.3408 0.5071346412777317
9.324 0.5023297770940413
9.3073 0.4967462191542062
9.2906 0.49050453423684837
9.274 0.48380623251999255
9.2574 0.4768426138819799
9.2409 0.4697841750333425
9.2245 0.46274870638924837
9.2081 0.4558400263484233
9.1918 0.4492403981399344
9.1755 0.44317053575794835
9.1593 0.43785111788893166
9.1431 0.4338180811619963
9.127 0.43206935126537316
9.111 0.4336069955895802
9.095 0.4389566030367478
9.0791 0.4483312827846503
9.0632 0.4617547883326531
9.0474 0.47885987444466316
9.0316 0.4989068523011838
9.0159 0.5209147551744832
9.0003 0.5435626650100948
8.9847 0.564998474882899
8.9691 0.5832435582587017
8.9536 0.5969199865143436
8.9382 0.6054274187514684
8.9228 0.6085846696187215
8.9075 0.6064776328864399
8.8922 0.5996335166224082
8.877 0.5889203621061567
8.8618 0.5753631780518992
8.8467 0.5601604323090814
8.8316 0.5446072971826393
8.8166 0.5296867150938852
8.8016 0.5158541230840048
8.7867 0.5033034245786476
8.7718 0.49218173411703425
8.757 0.48249962874409885
8.7422 0.47408852692285763
8.7275 0.46669592296263535
8.7129 0.4601195310721866
8.6982 0.4541906457496648
8.6837 0.44873864689240145
8.6692 0.4435894717981395
8.6547 0.4385764377977497
8.6403 0.4335333505576643
8.6259 0.42828242435455005
8.6116 0.4226388776364471
8.5973 0.41644144964284074
8.583 0.40958036661549896
8.5688 0.4019428567824515
8.5547 0.3934172533919112
8.5406 0.3839458948782801
8.5266 0.3735205815560856
8.5126 0.36212201230866364
8.4986 0.349755877568476
8.4847 0.3365290016439099
8.4708 0.32260979205496026
8.457 0.30811145479259505
8.4432 0.2931685784742424
8.4295 0.2780125866169481
8.4158 0.2628911879270686
8.4022 0.24800797323454385
8.3886 0.23515388707223422
8.375 0.22513225008381996
8.3615 0.2184551982698462
8.3481 0.2156565110563459
8.3347 0.21734508835803337
8.3213 0.2242905719323814
8.3079 0.23725102859372182
8.2946 0.2568797271490339
8.2814 0.2836894350150003
8.2682 0.3145270992181429
8.255 0.3467652868489035
8.2419 0.3789678709528576
8.2288 0.4098204825635551
8.2158 0.4378749138224799
8.2028 0.4617310138965258
8.1898 0.4802322985939749
8.1769 0.49273306851171755
8.164 0.4991709231443133
8.1512 0.5
8.1384 0.5
8.1256 0.5
8.1129 0.5
8.1002 0.500636737936256
8.0876 0.5020935315333718
8.075 0.5043228593171546
8.0624 0.5072813886600713
8.0499 0.510911801358786
8.0374 0.515178496610584
8.025 0.5200087198777186
8.0126 0.525375062647622
8.0002 0.5312126495960697
7.9879 0.5368850876143664
7.9756 0.5416882074848322
7.9634 0.5454799384820499
7.9512 0.5482180196405454
7.939 0.5500275395045562
7.9268 0.5509747025469606
7.9147 0.5511112914010564
7.9027 0.5504892106853839
7.8906 0.5491752548413738
7.8786 0.5472547923133959
7.8667 0.5452614346595617
7.8548 0.5432996426881315
7.8429 0.5414986279505465
7.831 0.539857700175382
7.8192 0.538248766027181
7.8075 0.536742823643403
7.7957 0.53532499395661
7.784 0.5339544978370695
7.7723 0.5326716690025649
7.7607 0.5314717379535423
7.7491 0.5303750921675427
7.7375 0.5292965425669468
7.726 0.5281573670270376
7.7145 0.5270772727439896
7.7031 0.5260661696136543
7.6916 0.5251029503271988
7.6802 0.5242537047337867
7.6689 0.5234465770840322
7.6575 0.5226141378269749
7.6462 0.5218370642055535
7.635 0.5211864006438419
7.6238 0.5206432937292998
7.6126 0.5201659152450469
7.6014 0.5197378121523263
7.5903 0.5193447321629707
7.5792 0.5189032922353934
7.5681 0.5184414886822548
7.5571 0.5180673826315122
7.5461 0.5177008866587881
7.5351 0.5172822660556637
7.5242 0.5168567506624542
7.5133 0.5164366745079676
7.5024 0.5159873154591859
7.4916 0.5155036580261029
7.4807 0.5150401619518677
7.47 0.5146377903172036
7.4592 0.5142102606045633
7.4485 0.5137856140760422
7.4378 0.5134062669053105
7.4272 0.5130298998257347
7.4165 0.5126671891797746
7.4059 0.5123553747093678
7.3954 0.5120938016479794
7.3848 0.5118840391091445
7.3743 0.5116853793663784
7.3639 0.5115044195928569
7.3534 0.5113468915167905
7.343 0.5111903033822036
7.3326 0.5110642089009347
7.3223 0.5109703615348866
7.3119 0.5108606506004247
7.3016 0.5107658360238116
7.2914 0.5106547062783517
7.2811 0.5105002411328862
7.2709 0.5103459398322029
7.2607 0.5102245365028754
7.2506 0.5100895333883326
7.2404 0.5099428339233629
7.2303 0.5098097513273607
7.2203 0.5096775886004862
7.2102 0.5095155536819173
7.2002 0.5093383958416545
7.1902 0.5092391393364308
7.1803 0.5091990172123803
7.1703 0.5091364410419119
7.1604 0.5090645889502651
7.1506 0.5090107596579395
7.1407 0.5089552758809215
7.1309 0.5089045494783982
7.1211 0.5088449095617893
7.1113 0.5087904590849329
7.1016 0.5086955027636869
7.0919 0.5085217093476657
7.0822 0.5083147772747802
7.0725 0.5081235451600005
7.0629 0.5079260599718968
7.0533 0.5077385268154699
7.0437 0.5075609998009837
7.0341 0.5073651489154073
7.0246 0.5071902954206322
7.0151 0.5070166929518292
7.0056 0.5068745539643837
6.9962 0.5067651784487909
6.9867 0.5066834434976508
6.9773 0.5066000969696045
6.9679 0.5064798334753154
6.9586 0.5063141795107357
6.9493 0.506205564731933
6.94 0.506154558424272
6.9307 0.5060643441661198
6.9214 0.5059415714694395
6.9122 0.5058010219792368
6.903 0.5056290346504725
6.8938 0.5054411836035684
6.8847 0.5052731782480079
6.8755 0.5051518874771791
6.8664 0.5050775554804287
6.8573 0.5049127159433038
6.8483 0.5047402976696435
6.8393 0.5046416658528781
6.8302 0.5046074447284384
6.8213 0.5046365029408256
6.8123 0.5047301780905794
6.8034 0.5048548775696068
6.7944 0.5049987932375097
6.7855 0.5050866030034833
6.7767 0.5051341565988915
6.7678 0.5052080499914771
6.759 0.5052730772920134
6.7502 0.5053218549760653
6.7414 0.5053332500138199
6.7327 0.5052954457547382
6.7239 0.505223649265673
6.7152 0.5051565720618406
6.7065 0.5050704198498298
6.6979 0.5050057766966333
6.6892 0.5049641618963632
6.6806 0.5049223617385
6.672 0.5048713237467573
6.6634 0.5048203511384359
6.6549 0.5047851327312736
6.6464 0.5047860345469003
6.6378 0.5047468874215696
6.6294 0.5046643336703824
6.6209 0.504623639702058
6.6124 0.5046031298833338
6.604 0.5045642293445186
6.5956 0.5045106995420711
6.5872 0.5044520665190091
6.5789 0.504391815382156
6.5705 0.504327830406868
6.5622 0.5042312640804035
6.5539 0.5041520437506122
6.5456 0.5040484106133262
6.5374 0.5038829747200162
6.5292 0.503750211532008
6.5209 0.5036701451333921
6.5128 0.503589514225938
6.5046 0.5035227656265794
6.4964 0.5034242240041239
6.4883 0.503371826742082
6.4802 0.5033941365374633
6.4721 0.5034086200339443
6.464 0.5034426661602951
6.456 0.5034895991376772
6.448 0.503487132805057
6.4399 0.5034693422393618
6.432 0.5034171866610719
6.424 0.5033127020618691
6.416 0.5032167123865795
6.4081 0.503043858544614
6.4002 0.5028277834141927
6.3923 0.5026865892596991
6.3844 0.5025609402977468
6.3766 0.5024264375957399
6.3687 0.5022998977202229
6.3609 0.5021854027712102
6.3531 0.5021417886389269
6.3454 0.5020978841713818
6.3376 0.5020776483125754
6.3299 0.5021357440890125
6.3221 0.5021867485483748
6.3144 0.5022006763623036
6.3068 0.502207391627556
6.2991 0.5022249370321756
6.2914 0.5022549503401394
6.2838 0.5022389166432408
6.2762 0.5021731509139952
6.2686 0.5021197726825624
6.2611 0.5020602491736362
6.2535 0.5019750741721877
6.246 0.501864198565543
6.2385 0.5017209527582353
6.231 0.5015543579284918
6.2235 0.5013653729102531
6.216 0.5011565345439404
6.2086 0.5009729182875098
6.2011 0.5008050140087278
6.1937 0.5006363980092503
6.1863 0.5004686519635584
6.179 0.5003391494954499
6.1716 0.5002572272060184
6.1643 0.5001997850663956
6.157 0.5001906695381407
6.1496 0.5002498684830542
6.1424 0.5003882532551854
6.1351 0.5005946952091135
6.1278 0.5008106356270934
6.1206 0.5009972211464564
6.1134 0.5012054935240658
6.1062 0.5013473725004639
6.099 0.5014014400740722
6.0918 0.5014322274145178
6.0847 0.501436717175087
6.0776 0.5014075851590387
6.0704 0.5013010123357067
6.0633 0.5011459283494372
6.0563 0.5010625214592216
6.0492 0.5009679380083175
6.0421 0.5008376515653068
6.0351 0.500805551437566
6.0281 0.5008949708412725
6.0211 0.5010161190838215
6.0141 0.5010975305833943
6.0071 0.5011680953056984
6.0002 0.5013447049287364
5.9932 0.5015393658801331
5.9863 0.5016001085923714
5.9794 0.501690871465004
5.9725 0.5017945237731002
5.9657 0.5017703635182572
5.9588 0.5017309775349513
5.952 0.5017443862380812
5.9451 0.5017788626964702
5.9383 0.5017860194099161
5.9315 0.501590578672302
5.9247 0.5013595161267672
5.918 0.5012387750353223
5.9112 0.5011090830392868
5.9045 0.5009651593133287
5.8978 0.5008234273024004
5.8911 0.5005889770676493
5.8844 0.5003296966952153
5.8777 0.5000590243358145
5.8711 0.4998377680330802
5.8644 0.4997706576546714
5.8578 0.4997043654205099
5.8512 0.4996184123582656
5.8446 0.4996019972891623
5.838 0.4996335808099804
5.8314 0.49973166570935623
5.8249 0.49991109511421855
5.8184 0.5000794611510393
5.8118 0.5002827999457025
5.8053 0.5004957969026294
5.7988 0.5006876653196971
5.7924 0.5008952604491914
5.7859 0.5010914692101271
5.7794 0.5012473939768922
5.773 0.5013688950266438
5.7666 0.5014253836010195
5.7602 0.5014235169951486
5.7538 0.5014259948932733
5.7474 0.5014343767278817
5.741 0.5014363113678384
5.7347 0.5014424041069374
5.7283 0.5014314963490546
5.722 0.5014124089565203
5.7157 0.5014128284826221
5.7094 0.5014118402053586
5.7031 0.5014769931658001
5.6969 0.5016261000677786
5.6906 0.5017481276541467
5.6844 0.501830097219415
5.6782 0.5019225941991217
5.6719 0.5020004419983651
5.6657 0.5020629736405499
5.6596 0.5021160675971799
5.6534 0.5021406227333761
5.6472 0.5021399290584312
5.6411 0.502078918781804
5.6349 0.501980032113215
5.6288 0.5019136484672269
5.6227 0.5018030815725646
5.6166 0.5016045299394067
5.6106 0.501368405128319
5.6045 0.501091102137418
5.5984 0.5007874498625201
5.5924 0.5004535598101604
5.5864 0.5000896048347492
5.5804 0.4996985862106893
5.5744 0.49923296494491104
5.5684 0.4987128628522959
5.5624 0.49823783065491706
5.5564 0.497804683306957
5.5505 0.49741828821214473
5.5445 0.49709374059704486
5.5386 0.4968245570421742
5.5327 0.49665173171531823
5.5268 0.496597470186623
5.5209 0.4966728896298446
5.5151 0.4968899067505123
5.5092 0.49723356676780744
5.5033 0.4976741306212513
5.4975 0.49818141032830754
5.4917 0.49874138996927087
5.4859 0.4993575710413122
5.4801 0.5000080186203054
5.4743 0.5006297498535216
5.4685 0.5011906308178551
5.4628 0.501662850012158
5.457 0.5020413483904814
5.4513 0.5023174980311544
5.4455 0.5025292662326818
5.4398 0.5027038439207896
5.4341 0.5028235858101631
5.4284 0.5028658204355451
5.4228 0.5028613675779707
5.4171 0.5028376061116037
5.4114 0.5028345645078165
5.4058 0.502852482284528
5.4002 0.5028925401242078
5.3945 0.502954894145791
5.3889 0.5030155606093385
5.3833 0.5030628287013638
5.3778 0.5030768145573072
5.3722 0.5030487548376242
5.3666 0.5029969216545319
5.3611 0.5029325697876039
5.3555 0.5028470956060052
5.35 0.5027559902528285
5.3445 0.5026055891456808
5.339 0.5023905913100294
5.3335 0.5021425158175375
5.328 0.5018859456864342
5.3225 0.5016545620651104
5.3171 0.501457567940801
5.3116 0.5012415375167271
5.3062 0.5010025914815912
5.3008 0.5007250654016279
5.2954 0.5004360772200129
5.29 0.5001922501593413
5.2846 0.49997867016267905
5.2792 0.49978618116438145
5.2738 0.4996024932621567
5.2684 0.49941383718879123
5.2631 0.4992738400824664
5.2578 0.4991904563889932
5.2524 0.4991249403959996
5.2471 0.49910181604984427
5.2418 0.4990733390422732
5.2365 0.4990597179414362
5.2312 0.49908944686111956
5.226 0.49914706995590413
5.2207 0.4992187565190544
5.2154 0.49930512952135325
5.2102 0.49938772262556647
5.205 0.49948104550675165
5.1998 0.49959422679981946
5.1945 0.4997630707698217
5.1893 0.49999739070716015
5.1842 0.500218385844214
5.179 0.50042102868734
5.1738 0.5006553367043318
5.1686 0.5009181525165513
5.1635 0.5011926619370164
5.1584 0.5014605109913348
5.1532 0.5017464189302443
5.1481 0.5020702210663199
5.143 0.502345783202654
5.1379 0.502620290679656
5.1328 0.5029313302317479
5.1277 0.5032523558864535
5.1227 0.5035393721861772
5.1176 0.503824276434504
5.1126 0.5041416188741293
5.1075 0.5044556894003851
5.1025 0.5047078579400527
5.0975 0.5049480575764648
5.0925 0.5051881062836205
5.0875 0.5053872313600161
5.0825 0.5055590079685317
5.0775 0.5057253888645866
5.0726 0.505865246265229
5.0676 0.5059537525124871
5.0627 0.5059762123707798
5.0577 0.5059805760447295
5.0528 0.5059735386797506
5.0479 0.5058937425001392
5.043 0.5057901852779169
5.038 0.5056812219873784
5.0332 0.5055305586801649
5.0283 0.5053369593013941
5.0234 0.5051494594358432
5.0185 0.5050053137332134
5.0137 0.5048635135863425
5.0088 0.5047131454917225
5.004 0.5046161740416786
4.9992 0.5045547976513818
4.9944 0.5044751443555391
4.9896 0.504396128546971
4.9848 0.5043402081813755
4.98 0.5042829233105135
4.9752 0.5041982450745967
4.9704 0.5040859101780908
4.9657 0.5039577823593765
4.9609 0.5038197450916191
4.9562 0.5036485849593534
4.9514 0.5034678303653182
4.9467 0.5032935619883772
4.942 0.5031238407104149
4.9373 0.5029680559992021
4.9326 0.5028268949097606
4.9279 0.5027044407233886
4.9232 0.5026156369821353
4.9186 0.502567515664267
4.9139 0.5025580040958718
4.9092 0.5025935140860129
4.9046 0.5026646930323319
4.9 0.5027581227298997
4.8953 0.5028590822336497
4.8907 0.5029635240631298
4.8861 0.5030749880524125
4.8815 0.5031857389850475
4.8769 0.5032795308408741
4.8723 0.5033701934171179
4.8678 0.5034405509424426
4.8632 0.503474086368689
4.8586 0.5034900711134436
4.8541 0.5035201195129939
4.8495 0.503564435363227
4.845 0.5036040523268926
4.8405 0.5036447789134397
4.836 0.5036915089438101
4.8315 0.5037313781959516
4.827 0.5037657169576614
4.8225 0.5037980304159597
4.818 0.5038249640558172
4.8135 0.5038168506993491
4.809 0.5037602016835449
4.8046 0.503671150278293
4.8001 0.5035700803412825
4.7957 0.503439474182087
4.7913 0.5032531947472063
4.7868 0.5030247756053591
4.7824 0.5027879489787357
4.778 0.5025376362309976
4.7736 0.5022640215888412
4.7692 0.5020060122903021
4.7648 0.5017778980243077
4.7605 0.5015583259127336
4.7561 0.5013297384373762
4.7517 0.501126238656251
4.7474 0.5009749518021946
4.7431 0.5008662709406058
4.7387 0.5007613081498885
4.7344 0.5006781689986162
4.7301 0.5006221676503931
4.7258 0.5005605132480999
4.7215 0.5004792289900616
4.7172 0.5004121683622035
4.7129 0.5003933449957877
4.7086 0.5004092212093116
4.7043 0.5004162193032553
4.7 0.5004597374586224
4.6958 0.500570033800242
4.6915 0.5007184875119158
4.6873 0.5009519787705313
4.6831 0.5012695883908765
4.6788 0.5016610221660859
4.6746 0.5020880758585677
4.6704 0.5025158604642708
4.6662 0.502963481412086
4.662 0.5034491075298261
4.6578 0.5039126790905868
4.6536 0.5043504324663511
4.6495 0.5047427890018569
4.6453 0.5050600670350183
4.6411 0.5053303293174858
4.637 0.5055458344197619
4.6328 0.5056997199516847
4.6287 0.5058184174655315
4.6246 0.5058884225198997
4.6205 0.5059103779545217
4.6163 0.5058741314006411
4.6122 0.5057768385984964
4.6081 0.5056532077428413
4.604 0.5054940740407428
4.6 0.5053053095358216
4.5959 0.5050984678675707
4.5918 0.5048778134907237
4.5877 0.5046350439081779
4.5837 0.5043810004766088
4.5796 0.504125707951075
4.5756 0.5038720636215868
4.5716 0.5036152173913043
4.5675 0.5033658974778671
4.5635 0.5031176106080717
4.5595 0.5028549673139485
4.5555 0.5025904673397772
4.5515 0.5023456625772811
4.5475 0.5021198169417808
4.5435 0.5019072575009016
4.5395 0.5017295206436877
4.5356 0.5015807355287323
4.5316 0.5014423250745051
4.5276 0.5013290699865028
4.5237 0.5012768584082019
4.5197 0.5012790382491502
4.5158 0.5012932742441162
4.5119 0.5013157448729286
4.508 0.5013713668213278
4.504 0.5014590939476525
4.5001 0.5015842893306248
4.4962 0.5017407723235813
4.4923 0.5019087518699527
4.4884 0.5020542727891415
4.4846 0.5021601093544689
4.4807 0.50223303215481
4.4768 0.5023103069824931
4.473 0.5023714930184063
4.4691 0.5023876445142058
4.4652 0.5023330563378244
4.4614 0.5021980921962095
4.4576 0.5020387104445162
4.4537 0.5018822419215501
4.4499 0.501722090286461
4.4461 0.5015802611212545
4.4423 0.5014479252896804
4.4385 0.5013030921727725
4.4347 0.5011712523624873
4.4309 0.501072534618036
4.4271 0.5010258734709585
4.4233 0.5010074762677268
4.4196 0.5009855680755295
4.4158 0.5009598402825769
4.412 0.50093461649092
4.4083 0.5008890138797477
4.4045 0.5008484649233726
4.4008 0.5008090260337836
4.3971 0.5007610433434511
4.3934 0.5007121955164112
4.3896 0.5006605631585108
4.3859 0.5006243600152018
4.3822 0.5006006184160756
4.3785 0.5005886348676255
4.3748 0.5005905560645629
4.3711 0.5006042909491719
4.3674 0.5006123238045607
4.3638 0.5006300253396654
4.3601 0.500645269702571
4.3564 0.5006300588474963
4.3528 0.5006139483006817
4.3491 0.5006024678089064
4.3455 0.5005736041354906
4.3418 0.5005346467009276
4.3382 0.5004946644211671
4.3346 0.5004612199782288
4.331 0.5004401391837945
4.3273 0.5004190668498625
4.3237 0.5004118742184346
4.3201 0.5003996836065168
4.3165 0.5003304958611523
4.3129 0.5001991038232125
4.3094 0.5000203342787725
4.3058 0.4997775092697481
4.3022 0.499470054958196
4.2986 0.4991229749495784
4.2951 0.4988099063171357
4.2915 0.4985696886588851
4.288 0.4983872092837579
4.2844 0.498319005658227
4.2809 0.4983941543267488
4.2774 0.49861431133205947
4.2738 0.4989850445303311
4.2703 0.49950523992083845
4.2668 0.5001224109455122
4.2633 0.5007466528702461
4.2598 0.5012776511208266
4.2563 0.5016788175883646
4.2528 0.5019612486987647
4.2493 0.5021151577981197
4.2458 0.5021432960921995
4.2424 0.5020629124303848
4.2389 0.5018856720377461
4.2354 0.5016223596060744
4.232 0.501304782219453
4.2285 0.5009995283782783
4.2251 0.5007534469728496
4.2216 0.5005699867191215
4.2182 0.5004444474162498
4.2148 0.5003495076183468
4.2113 0.5002800909825742
4.2079 0.500211350613961
4.2045 0.5001678946924395
4.2011 0.5001311223488438
4.1977 0.5000995888255074
4.1943 0.5000960388564862
4.1909 0.5000960304358029
4.1875 0.5000830798493374
4.1841 0.5000855808392433
4.1808 0.5000951786185408
4.1774 0.5001012234048547
4.174 0.5001093643427161
4.1707 0.5001072766100256
4.1673 0.5001204132867819
4.164 0.5001554629687208
4.1606 0.5001763231224509
4.1573 0.5001861104828607
4.154 0.5002061191518906
4.1506 0.5002117387990176
4.1473 0.5002177725786777
4.144 0.5002335965187444
4.1407 0.5002748691972985
4.1374 0.5003161355061879
4.1341 0.5003198464070031
4.1308 0.5003208451800047
4.1275 0.5003391503772344
4.1242 0.500349104811894
4.1209 0.5003561353005728
4.1177 0.5003790128164257
4.1144 0.5004004230066976
4.1111 0.5004105587973939
4.1079 0.5004059112676719
4.1046 0.5003977290711215
4.1014 0.5004178521773492
4.0981 0.5004381770668322
4.0949 0.5004356131322478
4.0917 0.5004386592840947
4.0884 0.5004523037950245
4.0852 0.5004540997321998
4.082 0.5004610871173882
4.0788 0.5004877939239092
4.0756 0.5005261405150648
4.0724 0.5005538912261551
4.0692 0.5005699581559703
4.066 0.5005885077910288
4.0628 0.5006126931748888
4.0596 0.500609057914285
4.0565 0.5005979306616352
4.0533 0.5005781306762156
4.0501 0.5005375879859255
4.047 0.5004868440057176
4.0438 0.5004205727507864
4.0406 0.5003628448530177
4.0375 0.5003192152655833
4.0344 0.5002776732845121
4.0312 0.5002614430578679
4.0281 0.5002576707312169
4.025 0.5002495450569767
4.0218 0.5002515932859823
4.0187 0.5002546910611934
4.0156 0.5002494875558757
4.0125 0.5002513417672
4.0094 0.5002519595240286
4.0063 0.500242405859509
4.0032 0.5002316076971648
4.0001 0.5002042370276346
3.997 0.5001911638794296
3.994 0.5001807852416288
3.9909 0.5001747642132587
3.9878 0.5001908999129563
3.9847 0.500225443527535
3.9817 0.5002471583005446
3.9786 0.500255636738332
3.9756 0.5002541700024754
3.9725 0.5002411162627435
3.9695 0.5002274470425055
3.9665 0.5002230812528972
3.9634 0.5002296757640341
3.9604 0.5002164222708863
3.9574 0.5001698652788336
3.9544 0.5001232972158
3.9513 0.5000889503036722
3.9483 0.5000763298458799
3.9453 0.5000798404845035
3.9423 0.5000924524469701
3.9393 0.500093898655636
3.9363 0.5000597718246786
3.9333 0.5000113748466981
3.9304 0.49998717713260826
3.9274 0.49997517914452444
3.9244 0.4999509780195368
3.9214 0.4999176703437822
3.9185 0.4998721498519586
3.9155 0.49980386948134653
3.9126 0.49972005579848644
3.9096 0.49964842286927497
3.9067 0.4995999392354679
3.9037 0.49955371817344046
3.9008 0.49949504255596666
3.8979 0.49943507364336914
3.8949 0.49935001665349305
3.892 0.4992617536159155
3.8891 0.49918668518249837
3.8862 0.49913025088996377
3.8833 0.49909699748553
3.8804 0.4990703608808854
3.8775 0.4990464252880958
3.8746 0.4990208171329808
3.8717 0.49899762811442366
3.8688 0.49898914777637443
3.8659 0.49901268443848534
3.863 0.4990421961753544
3.8601 0.49906257240780577
3.8573 0.4990773978708158
3.8544 0.4990770414369678
3.8515 0.4990572941113264
3.8487 0.49902837219844537
3.8458 0.4990031848899251
3.843 0.4989848183535835
3.8401 0.4989603801370863
3.8373 0.49891447063645156
3.8344 0.4988676172780225
3.8316 0.49880896182077195
3.8288 0.49873647129829557
3.8259 0.4986550640851927
3.8231 0.49859088921481043
3.8203 0.4985528689535231
3.8175 0.4985118879314426
3.8147 0.4984683025170637
3.8119 0.49843894219619966
3.8091 0.49841249328136616
3.8063 0.49840949575326765
3.8035 0.4984476713389849
3.8007 0.4984751202503023
3.7979 0.4985065135524117
3.7951 0.49852613521678263
3.7924 0.49853071723234116
3.7896 0.4985207281363366
3.7868 0.49849967741799456
3.7841 0.49847146158653216
3.7813 0.49843136426972934
3.7785 0.49836222122689744
3.7758 0.49828401143456813
3.773 0.4981960471706056
3.7703 0.49803049649444897
3.7676 0.4978036639658862
3.7648 0.49759604060737056
3.7621 0.49745851988411904
3.7594 0.4973807988170334
3.7566 0.4973115236826764
3.7539 0.49723967037890754
3.7512 0.49717622753206936
3.7485 0.4971136744579819
3.7458 0.4971465250726982
3.7431 0.4973041553155355
3.7404 0.49746694097974625
3.7377 0.49749410491073154
3.735 0.49738431792479354
3.7323 0.4971854201454031
3.7296 0.49693368521234343
3.7269 0.4966404554355896
3.7242 0.49631083090635264
3.7216 0.4959543274483123
3.7189 0.49555304024364244
3.7162 0.4951691565453643
3.7136 0.4949298883688997
3.7109 0.49487434107063133
3.7083 0.4949818390989927
3.7056 0.49525017159248735
3.703 0.49569366202105214
3.7003 0.49630742900070796
3.6977 0.49705129787537633
3.695 0.49786049029992563
3.6924 0.4986626591010421
3.6898 0.4994077643410961
3.6872 0.5000590362043364
3.6845 0.5006016086224129
3.6819 0.5010270557588483
3.6793 0.5012959736718962
3.6767 0.5014001417497971
3.6741 0.5013325624125136
3.6715 0.5011493556097032
3.6689 0.5009110083802232
3.6663 0.5006549886693985
3.6637 0.5003783154167483
3.6611 0.5001022379133286
3.6585 0.49983546988484645
3.656 0.4995768172179451
3.6534 0.49935449954626276
3.6508 0.49917531872461
3.6482 0.4990185106563268
3.6457 0.4988713367861628
3.6431 0.49872004521261754
3.6406 0.4985761136189665
3.638 0.4984374051423096
3.6355 0.49832206493415027
3.6329 0.4982521709679365
3.6304 0.49818354903183576
3.6278 0.49809551029121313
3.6253 0.4980366766543045
3.6227 0.49801785520273256
3.6202 0.49800057549479515
3.6177 0.4979741091189642
3.6152 0.4979687934420539
3.6127 0.4979617500237057
3.6101 0.4979298233165402
3.6076 0.4978953535335603
3.6051 0.49789540640688396
3.6026 0.4978802660438406
3.6001 0.49781539291331084
3.5976 0.4977614326830828
3.5951 0.4977331329039436
3.5926 0.4977019474990942
3.5901 0.4976507998892392
3.5876 0.4976375326990507
3.5852 0.4976411633109619
3.5827 0.49763396309725805
3.5802 0.4976331419290185
3.5777 0.49767540341754274
3.5753 0.4977368312584439
3.5728 0.49779537523109013
3.5704 0.49784635229151986
3.5679 0.49791375848035
3.5654 0.49795332637967427
3.563 0.49796706354324416
3.5605 0.49797153468251404
3.5581 0.4979611161861081
3.5557 0.49793173738581376
3.5532 0.497873445931848
3.5508 0.4978162734176986
3.5484 0.49774729741432266
3.5459 0.4976681159729405
3.5435 0.49758557458600927
3.5411 0.49753446654821676
3.5387 0.4974847684457899
3.5363 0.49742915543189137
3.5338 0.49736282157570383
3.5314 0.49729034343316286
3.529 0.4971964718557038
3.5266 0.49708132786653414
3.5242 0.49698807187573457
3.5218 0.4969269345311821
3.5195 0.49687505741002697
3.5171 0.4968711308663135
3.5147 0.4969340088254527
3.5123 0.49705520517300067
3.5099 0.49722324791714784
3.5075 0.49742255317872813
3.5052 0.4977056901746649
3.5028 0.4980066442111801
3.5004 0.4982809174669239
3.4981 0.49853321933011846
3.4957 0.4987473966839719
3.4934 0.4988715976943219
3.491 0.49891532983485637
3.4887 0.49890370122724176
3.4863 0.4988644842835146
3.484 0.498783150716837
3.4816 0.49863566927097386
3.4793 0.4984570142317746
3.477 0.4982655093459423
3.4746 0.4980720677975898
3.4723 0.4979071086475081
3.47 0.4977629825902906
3.4677 0.49763037825639017
3.4653 0.4975169167209551
3.463 0.4973870393030107
3.4607 0.49727365375379246
3.4584 0.4971952867496237
3.4561 0.4971389208195281
3.4538 0.49705413324005854
3.4515 0.4969463111891074
3.4492 0.49685568681867714
3.4469 0.49673790585024713
3.4446 0.49657731412986444
3.4423 0.4963872623719044
3.44 0.496207408615569
3.4378 0.4960379438051411
3.4355 0.4958771074596342
3.4332 0.4957513113280742
3.4309 0.4957165445218465
3.4287 0.4957469045164779
3.4264 0.4958607450371984
3.4241 0.4960838859495822
3.4219 0.4964166167742888
3.4196 0.4968157542782528
3.4174 0.4972553510686285
3.4151 0.49772443031419444
3.4129 0.49817976000939485
3.4106 0.4985755123001165
3.4084 0.49886396622372925
3.4061 0.4990486459978454
3.4039 0.4991362610926201
3.4017 0.4991521179648511
3.3994 0.49909260375321535
3.3972 0.4989650608211275
3.395 0.4987700829951868
3.3928 0.49855444986256614
3.3906 0.49836364773040626
3.3883 0.4982345415116668
3.3861 0.4981932561162524
3.3839 0.4982040252547877
3.3817 0.49820650495262997
3.3795 0.4982194992049948
3.3773 0.4982650690520022
3.3751 0.4983278633485065
3.3729 0.4984132611148417
3.3707 0.4984566006031295
3.3685 0.4984658993643639
3.3663 0.4984416545304759
3.3641 0.4983918417099514
3.362 0.4983369448459951
3.3598 0.498269872501219
3.3576 0.49818388634128835
3.3554 0.49809738247436763
3.3533 0.4980407168207218
3.3511 0.4979885858007204
3.3489 0.49793665200127823
3.3468 0.4978820657989245
3.3446 0.4978358022184319
3.3425 0.4978134652356473
3.3403 0.4978094410725859
3.3382 0.4978158534240972
3.336 0.4978257051287111
3.3339 0.4978017164537684
3.3317 0.49776324224350926
3.3296 0.49774454463743784
3.3274 0.49775466816124403
3.3253 0.4977793635926636
3.3232 0.4977902509144046
3.321 0.4977714851371116
3.3189 0.49776462533252386
3.3168 0.4977628874541177
3.3147 0.4977641351752506
3.3126 0.49775844407420106
3.3104 0.497759580691251
3.3083 0.49777339877873844
3.3062 0.4977689454795418
3.3041 0.4977516769295002
3.302 0.49777104743755535
3.2999 0.4977899298938215
3.2978 0.49778549783061504
3.2957 0.4977913248538672
3.2936 0.49783550870441345
3.2915 0.49787448131111683
3.2894 0.4978742499757265
3.2874 0.4978527741734729
3.2853 0.49783112128031126
3.2832 0.49779766129841874
3.2811 0.4977489668878987
3.279 0.4977372226992318
3.277 0.4977321733957915
3.2749 0.49769866162402443
3.2728 0.4976547730700964
3.2708 0.49764616806912754
3.2687 0.49766511447537654
3.2666 0.49770330407217744
3.2646 0.497749582304985
3.2625 0.4978108044422118
3.2605 0.4978472341084514
3.2584 0.4978435760285396
3.2564 0.4978546948706592
3.2543 0.49788741602785175
3.2523 0.4978691097602749
3.2503 0.49784333983734347
3.2482 0.4978082935524186
3.2462 0.49776209343586714
3.2442 0.4977541365700445
3.2421 0.49773576282892285
3.2401 0.4977036164443266
3.2381 0.49766929086869266
3.2361 0.4976225369286906
3.234 0.4975914531377082
3.232 0.49758732002924216
3.23 0.4975862450049111
3.228 0.4976009552757273
3.226 0.497552933530244
3.224 0.4974926218546415
3.222 0.49749608082215635
3.22 0.4975381931598662
3.218 0.4975784793421566
3.216 0.4976174707031555
3.214 0.4976362604156747
3.212 0.49765513994158167
3.21 0.49767822799816686
3.208 0.49768677480155205
3.206 0.49773924417207643
3.204 0.4977699229799894
3.2021 0.4977500604484806
3.2001 0.497739274912761
3.1981 0.49777919895997425
3.1961 0.4978162158759138
3.1942 0.49783529097942514
3.1922 0.4978423096510329
3.1902 0.49784381407670114
3.1883 0.4978450182170461
3.1863 0.49783852293357994
3.1844 0.4978513176141318
3.1824 0.49788714101987414
3.1805 0.497890892873844
3.1785 0.49785756098799144
3.1766 0.4978788233171213
3.1746 0.49791983528145767
3.1727 0.49794702165763627
3.1707 0.4979601125213709
3.1688 0.4979883794269987
3.1669 0.4980667511483397
3.1649 0.4981376228889735
3.163 0.49815905018803275
3.1611 0.49816364050813045
3.1591 0.4981457978080063
3.1572 0.49810228307481885
3.1553 0.4981135781802808
3.1534 0.49814055303723914
3.1515 0.49814946387110887
3.1495 0.49811120659119335
3.1476 0.49799953623300164
3.1457 0.4978917766156838
3.1438 0.4978605876638755
3.1419 0.4978442594919958
3.14 0.49782315484026973
3.1381 0.49778353154796734
3.1362 0.4977218351270686
3.1343 0.4976989651806894
3.1324 0.49770876738099795
3.1305 0.4977662109532001
3.1286 0.49788825630769357
3.1268 0.4979840158749631
3.1249 0.49802326650477824
3.123 0.49806796205314013
3.1211 0.4981258759139707
3.1192 0.4981719143361714
3.1174 0.49820651407113176
3.1155 0.49820735197484534
3.1136 0.49820762622974346
3.1117 0.4981989728461776
3.1099 0.49814792238581124
3.108 0.4980800130722514
3.1061 0.4980433584570577
3.1043 0.4980340216803114
3.1024 0.49804980170482
3.1006 0.49805426425620886
3.0987 0.49806406252733604
3.0969 0.4981087524768941
3.095 0.49812957375742434
3.0932 0.49816116147319645
3.0913 0.49826862536473426
3.0895 0.4983919690055659
3.0876 0.49847457217760166
3.0858 0.49851777923396895
3.084 0.4985368770734903
3.0821 0.4985511726480758
3.0803 0.4985203371077214
3.0785 0.4984451905571148
3.0766 0.498373630541785
3.0748 0.49828598480146064
3.073 0.4981615373743441
3.0712 0.49804568700386004
3.0694 0.4979730697172249
3.0675 0.49793996240597355
3.0657 0.49792202213705133
3.0639 0.4978812866841541
3.0621 0.49786755320859505
3.0603 0.4978877151198312
3.0585 0.49791105922238754
3.0567 0.49792939426234567
3.0549 0.497939886414156
3.0531 0.49793384287404124
3.0513 0.49788625934795117
3.0495 0.49780267784863835
3.0477 0.49774004012371015
3.0459 0.49774812408872937
3.0441 0.4977671954475845
3.0423 0.49776403252214557
3.0406 0.497770248163536
3.0388 0.49777442829890955
3.037 0.49777399653065585
3.0352 0.4977880231959863
3.0334 0.49779680695845774
3.0317 0.49781032907818823
3.0299 0.4977958255612125
3.0281 0.49774153456100617
3.0264 0.49766911279529785
3.0246 0.4976479513987162
3.0228 0.49762040060500684
3.0211 0.49756824506701547
3.0193 0.49753548912652473
3.0176 0.4975228129142584
3.0158 0.49756232099048475
3.014 0.4975989993842714
3.0123 0.49761202991103115
3.0105 0.4976789264045811
3.0088 0.4977224408506838
3.007 0.4977126927732724
3.0053 0.49771681418959607
3.0036 0.4977145965291577
3.0018 0.4976759162929507
3.0001 0.4976099374387026
2.9984 0.497508080970175
2.9966 0.4974341940328733
2.9949 0.49737779707388347
2.9932 0.4972785846340633
2.9914 0.4972109669165949
2.9897 0.4971594378555743
2.988 0.49711820298115345
2.9863 0.4971466537978424
2.9845 0.4971873412733038
2.9828 0.49726225017237463
2.9811 0.4973901775721443
2.9794 0.4975057430498086
2.9777 0.4976156238271717
2.976 0.4977536244505989
2.9743 0.49785747454570495
2.9726 0.49798853616853944
2.9709 0.4981064366018673
2.9692 0.498172700755276
2.9675 0.49822949190616544
2.9658 0.49825370533145164
2.9641 0.4982003000084115
2.9624 0.49815126698861417
2.9607 0.49808003641582616
2.959 0.4979991310244191
2.9573 0.49792136408686843
2.9556 0.49781025408795576
2.9539 0.497718658857897
2.9523 0.49764705951479293
2.9506 0.49754874573177116
2.9489 0.4974501014013698
2.9472 0.4973799250161176
2.9455 0.497284822556296
2.9439 0.49723396351442256
2.9422 0.49716020287137025
2.9405 0.4970785056156627
2.9389 0.4969451526415967
2.9372 0.4967629347571236
2.9355 0.496507753447215
2.9339 0.496236701921783
2.9322 0.4958571578575588
2.9306 0.49539127663759597
2.9289 0.4948732161422833
2.9272 0.4943223315619025
2.9256 0.49376489690842684
2.9239 0.4933380720988286
2.9223 0.4930758709430869
2.9207 0.4930134025389949
2.919 0.4931903769625756
2.9174 0.4936211143666504
2.9157 0.4943520337484768
2.9141 0.4953136344366859
2.9124 0.4963920282515195
2.9108 0.49756633589021193
2.9092 0.49871552971334593
2.9075 0.49966280514298655
2.9059 0.5004267055817256
2.9043 0.5009311934791315
2.9027 0.5011707244620959
2.901 0.5011550449859625
2.8994 0.5009409244398367
2.8978 0.5005457036813656
2.8962 0.5000733918134042
2.8946 0.49955545840588866
2.8929 0.49910126265230653
2.8913 0.498755304918065
2.8897 0.4984884039338336
2.8881 0.49832369228652795
2.8865 0.49823430119558737
2.8849 0.49817133384409723
2.8833 0.4982004429678848
2.8817 0.4982842642343891
2.8801 0.4983806967470393
2.8785 0.4984641351043297
2.8769 0.4985354119443031
2.8753 0.498601206548069
2.8737 0.49865015567051935
2.8721 0.49869176015870637
2.8705 0.4987658106364683
2.8689 0.4988051426807488
2.8673 0.49875675705788747
2.8658 0.49866863053212046
2.8642 0.4986067347763462
2.8626 0.4985240035473528
2.861 0.49839295943083645
2.8594 0.49826170014296417
2.8579 0.4981636427362282
2.8563 0.4980339284925831
2.8547 0.49793376215832097
2.8531 0.4979340129463541
2.8516 0.4980057491243613
2.85 0.4980892402719576
2.8484 0.49815634885335563
2.8469 0.49822850201681124
2.8453 0.4983314863701614
2.8437 0.49843992735706627
2.8422 0.49856944479195336
2.8406 0.49871243721801306
2.8391 0.49874591419848135
2.8375 0.49869201600047147
2.836 0.4985779505174454
2.8344 0.49849228567483084
2.8329 0.49846602938064005
2.8313 0.4984529675751555
2.8298 0.4984120676570469
2.8282 0.4983644925963326
2.8267 0.4982992405120658
2.8252 0.4982799280863217
2.8236 0.498291381923243
2.8221 0.49834023430947566
2.8205 0.4983780413302838
2.819 0.49837353286347913
2.8175 0.4983456088001603
2.8159 0.49836848262560474
2.8144 0.4983720796310932
2.8129 0.4982990730565698
2.8114 0.49823575755309363
2.8098 0.4981964202366216
2.8083 0.49818347043768696
2.8068 0.4981504143389406
2.8053 0.4981662984011749
2.8038 0.4981810272235352
2.8022 0.49814779218100963
2.8007 0.49809228002310535
2.7992 0.4981408399006663
2.7977 0.4981994198343186
2.7962 0.49821873466008515
2.7947 0.4981467687594147
2.7932 0.4980530590949314
2.7917 0.497990813869176
2.7902 0.49802934940675575
2.7887 0.49822813158204915
2.7872 0.4985131071479147
2.7857 0.49886073256561997
2.7842 0.499302158600551
2.7827 0.4999401406534592
2.7812 0.500808107812519
2.7797 0.5020669890922744
2.7782 0.5038022983233961
2.7767 0.5059004533046666
2.7752 0.5074884606592227
2.7738 0.5074007126471435
2.7723 0.5055831750411645
2.7708 0.5027978271337503
2.7693 0.49964247889855257
2.7678 0.4963345936191099
2.7664 0.4925998693637184
2.7649 0.4881652952817415
2.7634 0.4829388363510363
2.7619 0.4778198691816644
2.7605 0.4748608367161724
2.759 0.4752736006560259
2.7575 0.4782579326771736
2.7561 0.48223352924426
2.7546 0.4862656454694548
2.7531 0.4901807499902281
2.7517 0.4940094889694724
2.7502 0.4977173231595248
2.7488 0.5012298831560362
2.7473 0.5038775304663107
2.7458 0.504426582197111
2.7444 0.5029638610334812
2.7429 0.5005242945994574
2.7415 0.497935678056155
2.74 0.49556736921017763
2.7386 0.4934040751155579
2.7371 0.49170601751183957
2.7357 0.49073070169787497
2.7343 0.49062827217945854
2.7328 0.4913729503973842
2.7314 0.4926873285313515
2.7299 0.4944706098611301
2.7285 0.4966297057036703
2.7271 0.499079779532809
2.7256 0.5018954655399617
2.7242 0.5051746584560621
2.7228 0.508788842015673
2.7213 0.5124141232485024
2.7199 0.5157150491279426
2.7185 0.5184400529137929
2.7171 0.5201939963215446
2.7156 0.5203016748806638
2.7142 0.51834124175728
2.7128 0.514183724302916
2.7114 0.507814097429402
2.71 0.49950474303783
2.7085 0.48973338008347783
2.7071 0.4791247021819455
2.7057 0.4684127741004925
2.7043 0.4583982108572273
2.7029 0.4505528012179454
2.7015 0.44624972099840626
2.7001 0.44604358150220674
2.6987 0.44974933683862345
2.6973 0.4566746015758628
2.6959 0.46583692779336655
2.6945 0.47638988131482457
2.6931 0.48760540421698295
2.6917 0.49895674953923735
2.6903 0.5096881205993862
2.6889 0.5187753979420205
2.6875 0.5254794450138625
2.6861 0.5296250956158262
2.6847 0.5315395101477091
2.6833 0.5319604732319659
2.6819 0.5315278998154133
2.6805 0.5304937433436943
2.6791 0.5292935601689047
2.6778 0.5280525301984362
2.6764 0.5267461198307191
2.675 0.5254268334830995
2.6736 0.5241783693734267
2.6722 0.5230907426866885
2.6709 0.5220456598174253
2.6695 0.520875252347187
2.6681 0.5197707100005023
2.6667 0.5187601294204611
2.6654 0.517685103124302
2.664 0.5166410948240133
2.6626 0.5157262590639505
2.6613 0.514919634544096
2.6599 0.5141102823198457
2.6585 0.5132560811053768
2.6572 0.5125641194574905
2.6558 0.5120500282207915
2.6545 0.5115137178114121
2.6531 0.5110591007692131
2.6517 0.5106780699027811
2.6504 0.5102846181189707
2.649 0.5099436186570989
2.6477 0.5096762040185095
2.6463 0.5095723852436445
2.645 0.5094928848579263
2.6436 0.5093516632620394
2.6423 0.5092342316735075
2.6409 0.5090975538940415
2.6396 0.5088541973000446
2.6382 0.5087667466352792
2.6369 0.50866232340757
2.6356 0.508401485414386
2.6342 0.5080822008594504
2.6329 0.50772870994448
2.6315 0.5074123855676184
2.6302 0.507029071399879
2.6289 0.5065929389281996
2.6275 0.5062185357932999
2.6262 0.5058005015215282
2.6249 0.5053235123956238
2.6236 0.5049145602282759
2.6222 0.5045760228554658
2.6209 0.5042864843275238
2.6196 0.5039448745762944
2.6183 0.503597548945255
2.6169 0.5034245678440197
2.6156 0.5032994632403186
2.6143 0.503088148898671
2.613 0.5029808697052355
2.6117 0.5029081965783458
2.6103 0.5027878612370208
2.609 0.5026105618132441
2.6077 0.5024713166373382
2.6064 0.5025360416773568
2.6051 0.5025361667803553
2.6038 0.502389490294595
2.6025 0.5022519344260082
2.6012 0.5021633763387348
2.5999 0.5021027021111208
2.5986 0.5020281757744861
2.5973 0.502030943387348
2.596 0.502102451404601
2.5947 0.502063548452968
2.5934 0.5018195152654815
2.5921 0.5016684391854753
2.5908 0.5016565487404927
2.5895 0.5016261895171863
2.5882 0.5016180490091854
2.5869 0.5016202755889062
2.5856 0.5016204342830678
2.5843 0.501576151942382
2.583 0.5014813855609508
2.5817 0.5015294341787853
2.5805 0.501721200011101
2.5792 0.5018895403652852
2.5779 0.5020016247962078
2.5766 0.5021372206386857
2.5753 0.502318838816228
2.5741 0.5024973451894612
2.5728 0.5027381416174349
2.5715 0.503027761506403
2.5702 0.5033000302755072
2.569 0.5034246273992191
2.5677 0.5035021344564771
2.5664 0.5036046912823134
2.5651 0.5036749940964501
2.5639 0.5036344778704877
2.5626 0.5034906504145046
2.5613 0.5032525485124029
2.5601 0.5028710183479981
2.5588 0.5025405717648853
2.5575 0.5023125656932498
2.5563 0.5021347718160082
2.555 0.5018961221734087
2.5538 0.5016030704254406
2.5525 0.501376877035687
2.5513 0.5012752889860125
2.55 0.501202351409405
2.5487 0.5012771305671824
2.5475 0.5013572922331069
2.5462 0.5013774447278337
2.545 0.5014389822367948
2.5437 0.501581536165864
2.5425 0.5016964258258106
2.5413 0.5017584083842811
2.54 0.5017571642172373
2.5388 0.5017588676017126
2.5375 0.5017645852188328
2.5363 0.5017514637674844
2.535 0.5017969036478972
2.5338 0.5017439314356336
2.5326 0.5015964696166002
2.5313 0.5014461552660979
2.5301 0.5013689022722813
2.5289 0.5013985189630599
2.5276 0.5014473644043151
2.5264 0.5014083828488839
2.5252 0.5013864850477364
2.5239 0.5013892460540013
2.5227 0.5014364868734267
2.5215 0.5015320917162417
2.5202 0.5016626538548334
2.519 0.5017592163582861
2.5178 0.5018218454156572
2.5166 0.5018698379828641
2.5154 0.5019492840390632
2.5141 0.5020872149116395
2.5129 0.5021639410447583
2.5117 0.5021534185286893
2.5105 0.5021166538569458
2.5093 0.5021081617338438
2.5081 0.5020857558601322
2.5068 0.5020082127700107
2.5056 0.5018882313029139
2.5044 0.5017990962507246
2.5032 0.5016840688878703
2.502 0.5014946704863801
2.5008 0.5013251629021912
2.4996 0.5011662276503795
2.4984 0.5009639284631706
2.4972 0.5008000758715347
2.496 0.500737677469087
2.4948 0.5007961666129925
2.4936 0.500898247680754
2.4924 0.5010233610065563
2.4912 0.5012725384727649
2.49 0.5016301166676806
2.4888 0.502016416396274
2.4876 0.5024504350366401
2.4864 0.5029310242919067
2.4852 0.5033745249879957
2.484 0.5037311368852364
2.4828 0.5039935748397227
2.4816 0.5041505257332595
2.4805 0.5042317161627795
2.4793 0.5041424844312795
2.4781 0.5039835285941738
2.4769 0.5038551571271727
2.4757 0.5036366824188141
2.4745 0.5033040808187674
2.4734 0.5029067382563079
2.4722 0.5025044773427132
2.471 0.5021712080565591
2.4698 0.5019118206787297
2.4686 0.5016954500072197
2.4675 0.5015487951333997
2.4663 0.5013587514264837
2.4651 0.5011848669267802
2.464 0.501149053145373
2.4628 0.501193655884086
2.4616 0.5012518913973338
2.4604 0.5012976198879044
2.4593 0.5013431948458125
2.4581 0.5014321040638444
2.4569 0.5015046584675459
2.4558 0.5016529296647818
2.4546 0.5018176960485888
2.4535 0.5018848887869755
2.4523 0.5019017330974879
2.4511 0.5020042873435868
2.45 0.5021784217076813
2.4488 0.5023327138490287
2.4477 0.5025223741818453
2.4465 0.5027607150601592
2.4454 0.5029698170645314
2.4442 0.5032252132460073
2.4431 0.5035490971895751
2.4419 0.5039790496814646
2.4408 0.5044154621869018
2.4396 0.5047408884755733
2.4385 0.5050363380720511
2.4373 0.5053567633919085
2.4362 0.5056241959196384
2.435 0.5058009181466943
2.4339 0.5058572679936247
2.4327 0.5057802837251025
2.4316 0.5056385317829765
2.4305 0.5053550951006366
2.4293 0.5050865199206203
2.4282 0.5048458080375672
2.427 0.504555923388351
2.4259 0.5042518512487253
2.4248 0.5039512406959432
2.4236 0.5036945818825973
2.4225 0.5035293130342333
2.4214 0.5034119584173657
2.4202 0.5033757739036455
2.4191 0.5032994537913719
2.418 0.5031087187769331
2.4169 0.5029021303619604
2.4157 0.5026772208824682
2.4146 0.5024530147374474
2.4135 0.5021645712572215
2.4124 0.5018644778785355
2.4112 0.501485147319175
2.4101 0.5009966604150048
2.409 0.500513276907462
2.4079 0.5000808284944812
2.4068 0.49962353540794285
2.4056 0.4990832802583908
2.4045 0.49846666827747843
2.4034 0.49788088355282223
2.4023 0.49731465867624514
2.4012 0.49670947571157376
2.4001 0.4962278607916373
2.399 0.49576524688511026
2.3979 0.49530296062156753
2.3967 0.4950017299267582
2.3956 0.49484831893283043
2.3945 0.49483069821863984
2.3934 0.4949626106587897
2.3923 0.49512423239090886
2.3912 0.49540446143038896
2.3901 0.4957674149497876
2.389 0.4963070595623638
2.3879 0.4970729412971154
2.3868 0.49780544525899695
2.3857 0.49851647868814253
2.3846 0.4993408872102495
2.3835 0.5002736951110501
2.3824 0.5012420536932288
2.3813 0.5022856015973574
2.3802 0.5032539114912431
2.3791 0.5040778963842258
2.3781 0.5046496170874657
2.377 0.505052706714246
2.3759 0.505432198263226
2.3748 0.5056744334500546
2.3737 0.5056394514762776
2.3726 0.5053718679557523
2.3715 0.5048860315832769
2.3704 0.5042113356659351
2.3694 0.5034677824999818
2.3683 0.5027246342474678
2.3672 0.5020721709191766
2.3661 0.5014257357416733
2.365 0.5007365339226896
2.364 0.5001512169699797
2.3629 0.49982787114317734
2.3618 0.49971037486044134
2.3607 0.4998167786352784
2.3597 0.5001102429445722
2.3586 0.5005772973421183
2.3575 0.5011636584013439
2.3564 0.5017219434420769
2.3554 0.5023624425501297
2.3543 0.5030937108961285
2.3532 0.5037230518077497
2.3522 0.5041963928144058
2.3511 0.5045914753212691
2.35 0.5048593235400746
2.349 0.5050425613088647
2.3479 0.505077875695357
2.3468 0.5050894192600598
2.3458 0.5050183060242944
2.3447 0.5048046813701438
2.3436 0.5045372866765387
2.3426 0.5041940833391227
2.3415 0.503753762259206
2.3405 0.503220129748265
2.3394 0.5025851531347456
2.3384 0.5018694665415174
2.3373 0.5012029046699814
2.3363 0.5005496906725703
2.3352 0.5000086986737109
2.3342 0.49951986418008165
2.3331 0.499115321152986
2.3321 0.4989091435144414
2.331 0.4988520364436751
2.33 0.49890854760530795
2.3289 0.4991747179601564
2.3279 0.49952001382660755
2.3268 0.49992485553476557
2.3258 0.500232261361432
2.3247 0.5005246515787456
2.3237 0.5008592675255115
2.3226 0.5011284360242987
2.3216 0.501335614283984
2.3206 0.5015468341398706
2.3195 0.5016581830665998
2.3185 0.5017667331115172
2.3175 0.5019344904998768
2.3164 0.5021001996359031
2.3154 0.5023296435044977
2.3144 0.5025643563108558
2.3133 0.5027666325510045
2.3123 0.5030110844980493
2.3113 0.5032820009042248
2.3102 0.5035257078704501
2.3092 0.5037694725150941
2.3082 0.5038928347835597
2.3071 0.5039866946668531
2.3061 0.5039998891037504
2.3051 0.5039684865118524
2.3041 0.5039358178778837
2.303 0.5038931102783356
2.302 0.5038212054391767
2.301 0.5037800876402485
2.3 0.5036976332674827
2.299 0.5036506426621238
2.2979 0.5036401789573965
2.2969 0.5035494162711095
2.2959 0.5035053939642223
2.2949 0.5034894842691358
2.2939 0.5034702927684982
2.2929 0.5033895184752563
2.2918 0.5032980072463769
2.2908 0.5031918429925308
2.2898 0.503080807396467
2.2888 0.5029841206260451
2.2878 0.5030161754570884
2.2868 0.5031030839215856
2.2858 0.50317636268744
2.2848 0.5032474653354772
2.2838 0.5033682978307025
2.2828 0.5035849201721405
2.2818 0.5037251361730082
2.2808 0.5038287256771902
2.2798 0.5039345916722672
2.2787 0.5039949397133751
2.2777 0.5038804633365188
2.2767 0.5036756581172004
2.2757 0.5035086490836829
2.2747 0.5033863452080405
2.2738 0.5031307534363141
2.2728 0.5028840215889995
2.2718 0.5026396631601969
2.2708 0.5024109120858309
2.2698 0.5022106763569814
2.2688 0.5020712095283548
2.2678 0.5020946897212041
2.2668 0.502135734268863
2.2658 0.502032406295419
2.2648 0.5018939534948905
2.2638 0.5018648338980499
2.2628 0.5018877494135625
2.2618 0.5019227265358982
2.2609 0.501810895595198
2.2599 0.501709558029161
2.2589 0.5015595161900424
2.2579 0.5012661053970059
2.2569 0.501061068652384
2.2559 0.500946778252595
2.255 0.5008126065307342
2.254 0.5005507468946716
2.253 0.500142396546949
2.252 0.4997757406220389
2.251 0.49946724121557873
2.2501 0.4991500626395773
2.2491 0.49891990846681916
2.2481 0.49873629900438843
2.2471 0.4985186232094577
2.2462 0.49833498118999975
2.2452 0.49829530850923165
2.2442 0.49841220377212897
2.2433 0.4987572898750656
2.2423 0.49920585676274054
2.2413 0.4996639919846816
2.2403 0.500066774903111
2.2394 0.5003631668498506
2.2384 0.5006043045345545
2.2374 0.5007273918741809
2.2365 0.5006660746974245
2.2355 0.5004497213302652
2.2345 0.5000278011643216
2.2336 0.49934660279451615
2.2326 0.4985287703956957
2.2317 0.4976737983046037
2.2307 0.4967422890152287
2.2297 0.49572960139573735
2.2288 0.49469931025364156
2.2278 0.4936765058636278
2.2269 0.4924831790023604
2.2259 0.4911381841862716
2.225 0.4897339347561128
2.224 0.48805806719352673
2.2231 0.4860406790996552
2.2221 0.4836527113181379
2.2211 0.4809521820762757
2.2202 0.4777775460694152
2.2192 0.4741018907439988
2.2183 0.47022097828900394
2.2173 0.4665164340525551
2.2164 0.46321428519339064
2.2155 0.46079185156435626
2.2145 0.4596803746282632
2.2136 0.4600496890792962
2.2126 0.46206756200574983
2.2117 0.4657816996362766
2.2107 0.4713470640989551
2.2098 0.478428342573445
2.2088 0.48642490008372313
2.2079 0.4947704123411718
2.207 0.5027142895169081
2.206 0.5095926111293765
2.2051 0.5151385784368743
2.2041 0.5191328772751529
2.2032 0.5216049075355766
2.2023 0.5224682722313886
2.2013 0.5218283538417123
2.2004 0.5200867178294276
2.1995 0.5176172536688385
2.1985 0.5149219039113799
2.1976 0.5124274097532134
2.1967 0.5103323205086928
2.1957 0.5086010229974306
2.1948 0.5072664573555075
2.1939 0.5063378105348583
2.193 0.5057494563997496
2.192 0.5052954305829116
2.1911 0.5049697709382697
2.1902 0.504695411207767
2.1893 0.5043010130075588
2.1883 0.5038032635815087
2.1874 0.5033051494330987
2.1865 0.502856863416304
2.1856 0.5023924800789514
2.1846 0.5018632515838615
2.1837 0.501338856777667
2.1828 0.5009123198740579
2.1819 0.5005386013887301
2.181 0.5002534737087923
2.18 0.5001573390776283
2.1791 0.5001573248454108
2.1782 0.5001371272521449
2.1773 0.4999815220752849
2.1764 0.49993386346306473
2.1755 0.49996353190132026
2.1746 0.49993362822176635
2.1736 0.49997982176050515
2.1727 0.5001222588377584
2.1718 0.5001149757773019
2.1709 0.5001244392940403
2.17 0.5001219984018695
2.1691 0.5000602732907661
2.1682 0.5001305318650888
2.1673 0.5003132641738064
2.1664 0.5005595639287217
2.1655 0.500958610359593
2.1646 0.5013140110581584
2.1637 0.5018626761722708
2.1628 0.5027611918294823
2.1619 0.50370699094597
2.161 0.504789181676074
2.1601 0.5059014398312489
2.1592 0.5070077771542679
2.1583 0.5081828650061397
2.1574 0.5092826891703864
2.1565 0.5103168646220502
2.1556 0.5113784937392759
2.1547 0.5121537836638275
2.1538 0.5128063289241953
2.1529 0.5134413549687235
2.152 0.5141132777520672
2.1511 0.5147903345646136
2.1502 0.5152885682320678
2.1493 0.5154707275039053
2.1484 0.5155539490592711
2.1475 0.5155709685409958
2.1466 0.5154179714112563
2.1458 0.5151311799669104
2.1449 0.5147655069956104
2.144 0.5142187564060119
2.1431 0.5134118162885016
2.1422 0.5124387529442869
2.1413 0.5115941575867478
2.1404 0.5109676789181905
2.1396 0.5102859358065359
2.1387 0.5095897382731873
2.1378 0.5089433170287891
2.1369 0.5083622906556766
2.136 0.5077156065610735
2.1352 0.5071487061006743
2.1343 0.5068071965402156
2.1334 0.5064808197231707
2.1325 0.5059662688594984
2.1316 0.5053421655351663
2.1308 0.5047849097570906
2.1299 0.5044143741404459
2.129 0.5041211184295052
2.1281 0.5037859840756623
2.1273 0.5034991295697587
2.1264 0.5031307876934337
2.1255 0.5026395541278064
2.1247 0.502263982974914
2.1238 0.5021153735853323
2.1229 0.5019790308088854
2.122 0.5016663719342157
2.1212 0.5011425797828069
2.1203 0.5007136562425359
2.1194 0.5004077408604093
2.1186 0.5001322976124293
2.1177 0.49999979430733194
2.1168 0.4999977385881964
2.116 0.5000881543197877
2.1151 0.5002146013528306
2.1143 0.5004808954831933
2.1134 0.5010532348947503
2.1125 0.5018182279916179
2.1117 0.5024995662890381
2.1108 0.503109829973071
2.11 0.503760426916654
2.1091 0.5043690702125977
2.1082 0.5046940162849719
2.1074 0.5048147884386477
2.1065 0.5048440389799892
2.1057 0.5046540263419516
2.1048 0.5042583294595435
2.104 0.5036989655373567
2.1031 0.5032156337361017
2.1023 0.5027656762050042
2.1014 0.5022593493412769
2.1005 0.5017485468389391
2.0997 0.5014637058876543
2.0988 0.5013819083358254
2.098 0.5013843463455867
2.0971 0.5013306922810217
2.0963 0.5013299701995216
2.0955 0.501419680488686
2.0946 0.5013682092071441
2.0938 0.5013287023754762
2.0929 0.5014296286329386
2.0921 0.5014913067144823
2.0912 0.5014180918923545
2.0904 0.5012301605866384
2.0895 0.501016653292454
2.0887 0.5010103342071324
2.0879 0.5010021704376489
2.087 0.5010266956838879
2.0862 0.47167096153708066
2.0853 0.4385589702673861
2.0845 0.40089138116233614
2.0837 0.3578152620651233
2.0828 0.3082195371919254
2.082 0.25057797403286874
2.0812 0.18231404236391066
2.0803 0.10024180665653341
2.0795 0.0
