25.0442 1.0
24.9238 1.0
24.8045 0.9066346355878632
24.6864 0.8298708181354268
24.5694 0.7633549161248413
24.4536 0.7032798507824367
24.3388 0.6517386561537136
24.225 0.6094721965134371
24.1124 0.5759139477890483
24.0007 0.5497443406347765
23.8901 0.5294112091720852
23.7805 0.5366225980828264
23.6719 0.5426102282017324
23.5643 0.5486613582520543
23.4577 0.5564606563643313
23.352 0.5655697109874055
23.2473 0.5731273800242169
23.1435 0.5780864857105104
23.0407 0.5805648219626085
22.9387 0.580821937904322
22.8377 0.5794205483157127
22.7375 0.5777878748065749
22.6382 0.5757336996733106
22.5398 0.5724292049085198
22.4422 0.5669063887196448
22.3455 0.5593671185962892
22.2496 0.5519152476652504
22.1545 0.5453596356911329
22.0602 0.5392207263652818
21.9668 0.5333915986861142
21.8741 0.5275764457596404
21.7822 0.5218666825321132
21.691 0.5161703428973023
21.6007 0.5104611081916399
21.511 0.5056968414124929
21.4221 0.5008264875661124
21.334 0.4954030623155043
21.2465 0.49042859801550187
21.1598 0.4862999803736685
21.0738 0.4833156030978893
20.9885 0.4815556654288388
20.9038 0.48147745829449906
20.8199 0.4837487909995052
20.7366 0.4883998558629758
20.654 0.4948527550042865
20.572 0.5020650064625686
20.4907 0.5084690666676939
20.41 0.5131439274935975
20.33 0.5165041365515529
20.2506 0.5196927125364651
20.1718 0.5232830531698225
20.0936 0.5268430617813435
20.016 0.5301728055501271
19.9391 0.5333623697589797
19.8627 0.5362245554983215
19.7869 0.5388607170447125
19.7116 0.5411701034470127
19.637 0.5412656496057495
19.5628 0.5374349883818119
19.4893 0.5285652651640617
19.4163 0.5144707574222833
19.3439 0.4957957035038955
19.2719 0.47325656605987937
19.2006 0.4480676513264193
19.1297 0.42181245571026366
19.0594 0.39642458059779295
18.9896 0.3748939810911067
18.9203 0.35914242671963703
18.8515 0.3497067813718713
18.7832 0.3462690236815819
18.7153 0.3475392570801744
18.648 0.352470950054661
18.5812 0.36126216699672686
18.5148 0.374807425879745
18.4489 0.3938379301224974
18.3835 0.4181867040197907
18.3185 0.4455346040661867
18.2541 0.4736506175449025
18.19 0.5003723142332128
18.1264 0.5244663145411403
18.0633 0.5460173093449698
18.0005 0.5650346208760494
17.9382 0.5808323175662794
17.8764 0.5919003031721108
17.815 0.5969558673379572
17.7539 0.5957663378161936
17.6934 0.5887722872551918
17.6332 0.5774586478795305
17.5734 0.5637880780620912
17.514 0.5489909241123191
17.4551 0.5332553496189498
17.3965 0.5160041673095296
17.3383 0.496702777887609
17.2805 0.47542742110222963
17.2231 0.45284933003210065
17.1661 0.4295300321938772
17.1094 0.4058728849219705
17.0531 0.3822323877780772
16.9972 0.35894493680014833
16.9417 0.33699314156205756
16.8865 0.3179616857241295
16.8317 0.3034585695855617
16.7772 0.29444930089373494
16.7231 0.29116089805488377
16.6693 0.29364794234656866
16.6159 0.30242465519034567
16.5628 0.3171939453674416
16.51 0.33699612431231946
16.4576 0.3611283161319345
16.4055 0.38872602076142554
16.3538 0.4174030797873266
16.3024 0.4453324771305414
16.2513 0.4713773856338345
16.2005 0.49442687978078753
16.15 0.5131849734798504
16.0998 0.5269726788802875
16.05 0.5364262311545173
16.0005 0.54235629900224
15.9513 0.5450035887046676
15.9023 0.5449240605081165
15.8537 0.5435325850622323
15.8054 0.5416223468728448
15.7573 0.5388819278896909
15.7096 0.5354746525663457
15.6621 0.5318752753364219
15.6149 0.5284640343339578
15.568 0.5251862311627584
15.5214 0.5228465547614484
15.4751 0.5225315749703141
15.429 0.5238533395029882
15.3832 0.5259143250669445
15.3377 0.5272432215817721
15.2925 0.5277798697141997
15.2475 0.5275592626154607
15.2028 0.5267126581592566
15.1583 0.5251244937759441
15.1141 0.5231827050874759
15.0702 0.5205726529348255
15.0265 0.5165468715667801
14.9831 0.5113100918402281
14.9399 0.506749966803442
14.897 0.5042495655422196
14.8543 0.503718599920172
14.8119 0.5045813336398731
14.7697 0.5066508797655122
14.7277 0.5092194084341083
14.686 0.5117645766682304
14.6445 0.51460875659148
14.6033 0.5179266064737427
14.5622 0.5216524163626293
14.5214 0.5245058264068402
14.4809 0.5264058685300989
14.4405 0.5277642400933068
14.4004 0.5291521408778046
14.3605 0.5308657658980761
14.3209 0.5331295636668126
14.2814 0.5357248851825941
14.2422 0.5378850525737449
14.2032 0.5383534794134732
14.1643 0.5359670444316595
14.1258 0.5304151850760328
14.0874 0.5221509872884877
14.0492 0.5118257659549971
14.0112 0.4998475649468378
13.9734 0.4863526235390245
13.9359 0.4716154263473114
13.8985 0.4566091673975896
13.8614 0.44370911805527874
13.8244 0.4359517471002561
13.7876 0.434850788237215
13.7511 0.43981484848264474
13.7147 0.44891229131637916
13.6785 0.46020262622188784
13.6425 0.4726368750524635
13.6067 0.48573929244893205
13.5711 0.49926876667341336
13.5356 0.5125152312256118
13.5004 0.5237579960217288
13.4653 0.5312774189724276
13.4304 0.5346458612892003
13.3957 0.5347109758771508
13.3612 0.5330671131706776
13.3269 0.5308575655767346
13.2927 0.5287088977398062
13.2587 0.5267913668643514
13.2249 0.5250484073528506
13.1912 0.5234997674780215
13.1577 0.5222388741765088
13.1244 0.5212026217294278
13.0913 0.5203194029413998
13.0583 0.5196562081439082
13.0255 0.5191217790405719
12.9929 0.5185375711923571
12.9604 0.5178865973114378
12.9281 0.517386164690989
12.8959 0.5170590655664139
12.8639 0.5168134698234526
12.8321 0.5165196552134156
12.8004 0.5161974753181949
12.7688 0.5159823507147338
12.7375 0.5158608433618576
12.7063 0.5157980095646291
12.6752 0.5158498364984299
12.6443 0.5159741020564825
12.6135 0.51610793305983
12.5829 0.5161433823689754
12.5524 0.5161856940308212
12.5221 0.5163602968314036
12.4919 0.5165798011768085
12.4619 0.5167573401186171
12.432 0.5169158560674946
12.4023 0.5171083812208349
12.3727 0.5173602029607156
12.3432 0.5176077514594187
12.3139 0.5178346602236956
12.2847 0.5182520293763088
12.2557 0.518707164893224
12.2268 0.5189522550447181
12.198 0.5191068908578264
12.1694 0.5193944043540383
12.1409 0.5197416739541217
12.1125 0.5199540236529185
12.0843 0.5201401504605061
12.0562 0.5204229669038296
12.0282 0.5206033421379487
12.0004 0.520681483744385
11.9726 0.5207702306072955
11.945 0.5210045852901523
11.9176 0.521400631292009
11.8903 0.5219043966762122
11.8631 0.5225706684231923
11.836 0.5234169112428989
11.809 0.5243772466259647
11.7822 0.5255780611919346
11.7555 0.5271630085936595
11.7289 0.5290398377108276
11.7024 0.53107622204965
11.676 0.5330369472805442
11.6498 0.5346478488257259
11.6237 0.5357056345737088
11.5977 0.5361774508635166
11.5718 0.5363316849153963
11.546 0.5364624510332595
11.5203 0.5366011994629007
11.4948 0.5368650700739929
11.4694 0.5374892664526834
11.444 0.5388876680409198
11.4188 0.54148999420131
11.3937 0.5456169472391642
11.3688 0.551366075158233
11.3439 0.5581813822738254
11.3191 0.5648724131694125
11.2944 0.5704803547050298
11.2699 0.5747617831856912
11.2455 0.5778216274458687
11.2211 0.5795077469974085
11.1969 0.5795279110573474
11.1727 0.5775505782622514
11.1487 0.573019070378578
11.1248 0.5656123033152863
11.101 0.5560212718695571
11.0773 0.5456963829764052
11.0536 0.5356794252050713
11.0301 0.5260263671659017
11.0067 0.5163732135593453
10.9834 0.5065043727995041
10.9602 0.4963425961925902
10.937 0.4861087010736044
10.914 0.4763719590247033
10.8911 0.46727068190579935
10.8682 0.4582724103845664
10.8455 0.44905875777431586
10.8229 0.4405777673311243
10.8003 0.4348504589086792
10.7779 0.4334388663689239
10.7555 0.43672132717878714
10.7332 0.4445139946822549
10.7111 0.4564425322119489
10.689 0.47226893934022507
10.667 0.4917733552256433
10.6451 0.5139889731356284
10.6233 0.5367022650326876
10.6015 0.5566877449198724
10.5799 0.5709676997033606
10.5584 0.5780424749390801
10.5369 0.5780974272288122
10.5155 0.5721869008587279
10.4942 0.5614583235130702
10.473 0.5467605599726606
10.4519 0.5291227280777755
10.4309 0.5101542670326075
10.4099 0.49194977654721317
10.3891 0.4766595029832424
10.3683 0.46576798060570157
10.3476 0.4597931466683045
10.327 0.45847074144633604
10.3065 0.4609231886985625
10.286 0.46588876108304267
10.2656 0.4719247923962857
10.2454 0.4778467736530822
10.2251 0.48312687141118404
10.205 0.4876257886312509
10.185 0.49153912774702146
10.165 0.4952986862251198
10.1451 0.49910851630225705
10.1253 0.5027037559985092
10.1056 0.5058120091987971
10.0859 0.5086829830251579
10.0663 0.5120260103473584
10.0468 0.516493886655556
10.0274 0.5224052860808709
10.008 0.5295577928034114
9.9887 0.536898762991644
9.9695 0.5430098186257114
9.9504 0.5471076512620561
9.9313 0.5493422676170296
9.9123 0.5501682521503142
9.8934 0.5498302542217749
9.8746 0.5483875350268027
9.8558 0.5456907932076837
9.8371 0.5412874767378614
9.8185 0.5348491849145707
9.7999 0.5263649331001428
9.7814 0.5160409088486072
9.763 0.50438621841593
9.7447 0.4923679407647765
9.7264 0.481276360831577
9.7082 0.4720859305229894
9.69 0.46507246708215016
9.6719 0.46023641826919953
9.6539 0.4579066477782579
9.636 0.45879837963959375
9.6181 0.4635919498965509
9.6003 0.47222310923289845
9.5825 0.483453803951019
9.5649 0.4951906216136341
9.5472 0.5053355721869893
9.5297 0.5127569373932284
9.5122 0.5175398161671348
9.4948 0.5202337760367912
9.4774 0.5211784001957014
9.4601 0.5203175901064055
9.4429 0.5176221440124628
9.4257 0.5134914149917688
9.4086 0.5088282512517551
9.3916 0.5048022235240649
9.3746 0.5021482299567324
9.3577 0.5009127832362475
9.3408 0.5006775000793234
9.324 0.5010556420135387
9.3073 0.5018655535106868
9.2906 0.5032142650987627
9.274 0.505351562348981
9.2574 0.5084135132422318
9.2409 0.5121464652301544
9.2245 0.516063918200821
9.2081 0.5197398384058133
9.1918 0.5227840658168303
9.1755 0.5248404854386425
9.1593 0.5256156857419522
9.1431 0.5248032158709918
9.127 0.5220894966877616
9.111 0.5172789625458142
9.095 0.5107389540796148
9.0791 0.5034655937682847
9.0632 0.4964577435715971
9.0474 0.490362405308853
9.0316 0.4855320123484642
9.0159 0.4820943060251193
9.0003 0.47991016384679075
8.9847 0.47866885367544404
8.9691 0.47798801346083
8.9536 0.47725210515774535
8.9382 0.4755144175063267
8.9228 0.4718555235743702
8.9075 0.4658058978817377
8.8922 0.45729360123848745
8.877 0.44652210325102076
8.8618 0.43391444385243755
8.8467 0.42008664722085276
8.8316 0.4057142787876143
8.8166 0.39141275287191396
8.8016 0.37773927565107773
8.7867 0.3650345699586349
8.7718 0.3533282847647583
8.757 0.34234993974743205
8.7422 0.3316648743147919
8.7275 0.32080663747797517
8.7129 0.3093283780824836
8.6982 0.29687406145529205
8.6837 0.28338420133666337
8.6692 0.2698590415562196
8.6547 0.25745958134668023
8.6403 0.2468713584591671
8.6259 0.23905627468885635
8.6116 0.2351813868202255
8.5973 0.23646883883361652
8.583 0.24395123114075395
8.5688 0.2584103157612073
8.5547 0.28039805920476657
8.5406 0.30851773413788786
8.5266 0.34022331213286955
8.5126 0.3741137179166954
8.4986 0.40894124378120933
8.4847 0.4430515254634994
8.4708 0.4744092119087874
8.457 0.5011403505653017
8.4432 0.5219548446884299
8.4295 0.5363045547827543
8.4158 0.544188385181062
8.4022 0.5483857819542682
8.3886 0.5513619675245214
8.375 0.5533355313765231
8.3615 0.5544188346218757
8.3481 0.5545765738629524
8.3347 0.5538735960436248
8.3213 0.5524187006628734
8.3079 0.5501984755460605
8.2946 0.5476073266947277
8.2814 0.5452530793947234
8.2682 0.5431523016790741
8.255 0.5411704267089344
8.2419 0.5392243292562636
8.2288 0.5373173063789101
8.2158 0.5355622127466098
8.2028 0.5339250528004907
8.1898 0.5323176765031139
8.1769 0.5307880977115295
8.164 0.5293852918085757
8.1512 0.5279773767086761
8.1384 0.5266073079517912
8.1256 0.5253402790370529
8.1129 0.5242513948172494
8.1002 0.5232771238784927
8.0876 0.5223061468969363
8.075 0.5214506095320179
8.0624 0.520755933073775
8.0499 0.5201538475527147
8.0374 0.5196455922533206
8.025 0.5192305234720245
8.0126 0.5188264616906715
8.0002 0.5183776485879236
7.9879 0.5177750371485894
7.9756 0.5171498613970629
7.9634 0.5165616719472713
7.9512 0.5159159380273047
7.939 0.5152178128349876
7.9268 0.5145539735360258
7.9147 0.5138848385083138
7.9027 0.5132679966409225
7.8906 0.5127554241523979
7.8786 0.5123680353903877
7.8667 0.5121181692395088
7.8548 0.5119282429177524
7.8429 0.5117603534758222
7.831 0.5115329291502163
7.8192 0.5112624519765253
7.8075 0.5110929118476054
7.7957 0.5109561376045468
7.784 0.5108074009373912
7.7723 0.510650948115138
7.7607 0.5104004872504313
7.7491 0.510146081019839
7.7375 0.5100233340928044
7.726 0.5100573283919113
7.7145 0.5102132767591634
7.7031 0.510323248305312
7.6916 0.5102948512499945
7.6802 0.510257785672516
7.6689 0.5102480708579961
7.6575 0.5102643132902388
7.6462 0.5103416592270147
7.635 0.5103211927481123
7.6238 0.5101460023974403
7.6126 0.5098757916684112
7.6014 0.5095513542358435
7.5903 0.5092637677947556
7.5792 0.5089648404934883
7.5681 0.5085655847909261
7.5571 0.5082445262443808
7.5461 0.5079347723234469
7.5351 0.5075885311164882
7.5242 0.5073166450933503
7.5133 0.5070380721526094
7.5024 0.506775619402117
7.4916 0.5066713050536676
7.4807 0.5066859739042662
7.47 0.5068170475068304
7.4592 0.5069818613233824
7.4485 0.5069656385032167
7.4378 0.5068333176808778
7.4272 0.5067705310320249
7.4165 0.5068042376298361
7.4059 0.5068488570716476
7.3954 0.5068386822915877
7.3848 0.5066128417575902
7.3743 0.5061986068851058
7.3639 0.5058683538309344
7.3534 0.5057321756252964
7.343 0.5057310006875005
7.3326 0.5057921360728939
7.3223 0.5057688144386205
7.3119 0.505676758130776
7.3016 0.5055105486233018
7.2914 0.5055231758433653
7.2811 0.5057579346188196
7.2709 0.5059337043043899
7.2607 0.5058422733215593
7.2506 0.5056617133602351
7.2404 0.5054047592327847
7.2303 0.5052547538142482
7.2203 0.5051963457986691
7.2102 0.5051121017107556
7.2002 0.505069087854512
7.1902 0.5049400550010814
7.1803 0.5047173582408564
7.1703 0.5047150952245485
7.1604 0.5048667005631289
7.1506 0.5049032798015133
7.1407 0.5047217310559369
7.1309 0.5045957391560032
7.1211 0.5046903010594137
7.1113 0.5046406955053424
7.1016 0.5046201685186891
7.0919 0.504565669274628
7.0822 0.5044079133417763
7.0725 0.5042387281927347
7.0629 0.5041457182268386
7.0533 0.5040926597350563
7.0437 0.5041147913571999
7.0341 0.5040995103479916
7.0246 0.5039276672558949
7.0151 0.5038424326838138
7.0056 0.5037626128270467
6.9962 0.5036386276110695
6.9867 0.5035318912840295
6.9773 0.5035006767107396
6.9679 0.5035798016983762
6.9586 0.503588506775512
6.9493 0.5030504493473511
6.94 0.5027173359741594
6.9307 0.5028137372453457
6.9214 0.5029555623591382
6.9122 0.5029920157658695
6.903 0.5031496215029363
6.8938 0.5034056512051295
6.8847 0.5034573417291016
6.8755 0.5031648031780757
6.8664 0.503528206476779
6.8573 0.5045171036894925
6.8483 0.504753959353374
6.8393 0.5044829843229824
6.8302 0.5044687514480172
6.8213 0.5045657192357057
6.8123 0.5043288043478261
6.8034 0.5040700482436385
6.7944 0.5041620396702869
6.7855 0.5044957746478874
6.7767 0.5041987265361316
6.7678 0.5037677169734798
6.759 0.5036847172988064
6.7502 0.503775179804579
6.7414 0.5037156080565323
6.7327 0.5037181371040196
6.7239 0.5037832606091718
6.7152 0.5033542274494147
6.7065 0.5030983774895135
6.6979 0.5029569035416235
6.6892 0.5029475294553518
6.6806 0.5031245381338795
6.672 0.5031136158007711
6.6634 0.5029240541111255
6.6549 0.5025830544917257
6.6464 0.5023209321103117
6.6378 0.5030191505935436
6.6294 0.5035403208086134
6.6209 0.503333719851577
6.6124 0.5030697617282271
6.604 0.5027864330502504
6.5956 0.5025054388062105
6.5872 0.5026230196201866
6.5789 0.5027252229231478
6.5705 0.502492748051585
6.5622 0.5018279474012725
6.5539 0.5008671664942221
6.5456 0.5006980951849734
6.5374 0.5009250210350829
6.5292 0.5010577907967415
6.5209 0.5011870455128289
6.5128 0.5010600583901015
6.5046 0.5008960013335834
6.4964 0.5010188456089055
6.4883 0.5004377911006799
6.4802 0.5008234911502963
6.4721 0.5010320478001087
6.464 0.5009299388177572
6.456 0.5007851460267444
6.448 0.5005867928668886
6.4399 0.50041203899076
6.432 0.500766606267385
6.424 0.5011254259800026
6.416 0.5019991295017043
6.4081 0.5031186555282826
6.4002 0.5032220724252532
6.3923 0.5030056734079156
6.3844 0.5029873541660921
6.3766 0.5029795621934608
6.3687 0.5029425621176455
6.3609 0.5026615877893362
6.3531 0.5023170614189054
6.3454 0.5021664842650705
6.3376 0.500977573219463
6.3299 0.5006287585336101
6.3221 0.5007269898512389
6.3144 0.5008072154020292
6.3068 0.50089160404057
6.2991 0.5009249270401822
6.2914 0.5009959606127701
6.2838 0.5012254336445627
6.2762 0.5013703801449042
6.2686 0.5013005559674149
6.2611 0.5012870199475299
6.2535 0.5010549288168331
6.246 0.5010595198605612
6.2385 0.5011802401383906
6.231 0.5010623434598149
6.2235 0.500886235623691
6.216 0.5008586084328375
6.2086 0.5007630702918393
6.2011 0.5006057120689832
6.1937 0.5005269957840338
6.1863 0.5006872752975078
6.179 0.5005085959519845
6.1716 0.5003061469199068
6.1643 0.5003576580449274
6.157 0.500681710133116
6.1496 0.5008576868004505
6.1424 0.5006794302800984
6.1351 0.5004534184695854
6.1278 0.5006521349889727
6.1206 0.5007367790968394
6.1134 0.5001552036475401
6.1062 0.5005376622428706
6.099 0.5007374631268436
6.0918 0.5004347018454259
6.0847 0.5000589150309622
6.0776 0.5001528947076408
6.0704 0.5007118214843129
6.0633 0.5008612644412114
6.0563 0.5005312263752413
6.0492 0.5012110831846928
6.0421 0.5018322351748606
6.0351 0.5016018666330885
6.0281 0.5014705348082898
6.0211 0.501714028003814
6.0141 0.5018805023905264
6.0071 0.5014569013047521
6.0002 0.5005302200075312
5.9932 0.5007411709488001
5.9863 0.5009011336134235
5.9794 0.4999292192887549
5.9725 0.49991076885260527
5.9657 0.5001810483626491
5.9588 0.49987360587277674
5.952 0.4996213821782612
5.9451 0.49954025698455734
5.9383 0.5002831330927473
5.9315 0.5009932409114247
5.9247 0.5009301022481467
5.918 0.5010712165623197
5.9112 0.501318363027671
5.9045 0.5013929096783294
5.8978 0.5018530213179221
5.8911 0.5023826799592331
5.8844 0.5025019290770625
5.8777 0.5026382813194257
5.8711 0.502413118123534
5.8644 0.5024767703516463
5.8578 0.5025765315073712
5.8512 0.5025692692691022
5.8446 0.5025558820315947
5.838 0.5024578212872318
5.8314 0.5021527141669807
5.8249 0.5020784386104058
5.8184 0.5023593623201407
5.8118 0.5022899090428371
5.8053 0.5020578008984321
5.7988 0.501921070795001
5.7924 0.501891207540983
5.7859 0.5018471372888409
5.7794 0.501719196286073
5.773 0.5016341557137604
5.7666 0.5018343648970651
5.7602 0.5017244139055417
5.7538 0.5013007487860365
5.7474 0.5011928668704515
5.741 0.5011003158359763
5.7347 0.5008236404164761
5.7283 0.5006648125508701
5.722 0.5006762791884649
5.7157 0.5007640082580365
5.7094 0.5007135248952332
5.7031 0.500157840219661
5.6969 0.5000345318062601
5.6906 0.5003402517863219
5.6844 0.5005557422177606
5.6782 0.5007427529239994
5.6719 0.5008971839510421
5.6657 0.5009721987292443
5.6596 0.50088753681657
5.6534 0.5008791915374533
5.6472 0.50112719939096
5.6411 0.501585598132181
5.6349 0.5016682699319746
5.6288 0.5015152197498516
5.6227 0.5015049213669381
5.6166 0.5015624501900033
5.6106 0.5016504292750203
5.6045 0.5018558556204746
5.5984 0.5020973270704476
5.5924 0.5022003594586113
5.5864 0.5021691505998643
5.5804 0.5022130261221636
5.5744 0.5024837255639678
5.5684 0.5026940302627776
5.5624 0.5027902102553206
5.5564 0.5028486843064718
5.5505 0.5029520172725189
5.5445 0.5029210491839338
5.5386 0.5029050656527069
5.5327 0.5030095845305258
5.5268 0.5031718007741837
5.5209 0.5031249899453348
5.5151 0.5031185565767714
5.5092 0.5032423194499049
5.5033 0.5033740991920268
5.4975 0.5034415056056978
5.4917 0.5035455608970262
5.4859 0.5036903019439528
5.4801 0.5036566867349355
5.4743 0.5033890030812015
5.4685 0.5032201733382847
5.4628 0.5031973153829352
5.457 0.5030525263107767
5.4513 0.5027048884624989
5.4455 0.5023543566091879
5.4398 0.5020212092434315
5.4341 0.5015720497076185
5.4284 0.5011441267763606
5.4228 0.5009044119505599
5.4171 0.5007590165798919
5.4114 0.5003229479382656
5.4058 0.49982631158438573
5.4002 0.49955151852039015
5.3945 0.49945684868025286
5.3889 0.4993539149125279
5.3833 0.4993137164366295
5.3778 0.4994150458727184
5.3722 0.4994730472552275
5.3666 0.49941981440375866
5.3611 0.49952677341563817
5.3555 0.49977263756216944
5.35 0.5000572515617832
5.3445 0.5001386572448213
5.339 0.5000999558297954
5.3335 0.5001576298787238
5.328 0.500136301681054
5.3225 0.5000687498123209
5.3171 0.5000371401749223
5.3116 0.5000237074313314
5.3062 0.4999849873340508
5.3008 0.4999202162534501
5.2954 0.4999384046812442
5.29 0.5000394894176259
5.2846 0.5000300184534493
5.2792 0.5000568645817374
5.2738 0.5001607009879755
5.2684 0.5002231090422739
5.2631 0.5002452236668876
5.2578 0.5003699395857467
5.2524 0.5004432837576568
5.2471 0.5004136511184369
5.2418 0.5004233586664636
5.2365 0.5005596833903797
5.2312 0.5007051852412775
5.226 0.5007175920449797
5.2207 0.5007665453593857
5.2154 0.5008904494957535
5.2102 0.5009226618676693
5.205 0.5008853126319305
5.1998 0.5009026855386863
5.1945 0.5009215396206925
5.1893 0.5009038915739361
5.1842 0.5008507287634423
5.179 0.5008822252835388
5.1738 0.5009231320625105
5.1686 0.5008979425096826
5.1635 0.5008496630402859
5.1584 0.5008467769478815
5.1532 0.5008343916947021
5.1481 0.5008332574875481
5.143 0.5008590337400212
5.1379 0.5008434864104967
5.1328 0.5007734834353799
5.1277 0.500687030140753
5.1227 0.5006636152379221
5.1176 0.5006699783147872
5.1126 0.5007291739238324
5.1075 0.5008427467440398
5.1025 0.5009198567025953
5.0975 0.5009112794582521
5.0925 0.5009056476924941
5.0875 0.5009451914022358
5.0825 0.5010495609967978
5.0775 0.5011367141892077
5.0726 0.5011915643643806
5.0676 0.5011851854163676
5.0627 0.5011444538634968
5.0577 0.5011511435055866
5.0528 0.5011617898496254
5.0479 0.5012234856299803
5.043 0.5013273168898059
5.038 0.5013628323265072
5.0332 0.5013586100894001
5.0283 0.5013467286073754
5.0234 0.5013470683304196
5.0185 0.50139835767684
5.0137 0.5014337785184598
5.0088 0.5014970291994344
5.004 0.5015745524436358
4.9992 0.5016086778804469
4.9944 0.5016455359325632
4.9896 0.5017293681814808
4.9848 0.5018504828404506
4.98 0.5019742890822393
4.9752 0.5020226424875263
4.9704 0.5020451647618035
4.9657 0.5020252647637832
4.9609 0.5019149565265599
4.9562 0.5018093875782831
4.9514 0.5017333021636287
4.9467 0.5016692463644705
4.942 0.5015311095186855
4.9373 0.5013746258346764
4.9326 0.5012922889082497
4.9279 0.5012331524096673
4.9232 0.501191767308199
4.9186 0.501265673570271
4.9139 0.5013776485886942
4.9092 0.5014547595021863
4.9046 0.5014902770975621
4.9 0.5015139423976418
4.8953 0.5015598391232231
4.8907 0.5015592464036613
4.8861 0.5015138480874418
4.8815 0.5014787892831989
4.8769 0.5014179501363092
4.8723 0.5012790489572267
4.8678 0.501155685309592
4.8632 0.5010659991526771
4.8586 0.5010479104505977
4.8541 0.5010768862602988
4.8495 0.5011513136667348
4.845 0.5012462621619632
4.8405 0.501291139182908
4.836 0.5013321670397239
4.8315 0.5014209076080492
4.827 0.5015357819007952
4.8225 0.5016162761391322
4.818 0.5016781785352001
4.8135 0.5016889695320178
4.809 0.5016603388677963
4.8046 0.5016642345464744
4.8001 0.5017546850051928
4.7957 0.5018899432112758
4.7913 0.502024587176962
4.7868 0.5021715649107605
4.7824 0.5023474531185659
4.778 0.5025291666697942
4.7736 0.5027154821096106
4.7692 0.5029013104964066
4.7648 0.5030578007036947
4.7605 0.5031640979554484
4.7561 0.5032147449635663
4.7517 0.503285229518589
4.7474 0.503351090612775
4.7431 0.50339012679037
4.7387 0.503397712078443
4.7344 0.5034454830462654
4.7301 0.5035285266383398
4.7258 0.5036303679167161
4.7215 0.5037550740752226
4.7172 0.5038524175016459
4.7129 0.5039456094788851
4.7086 0.5039962250116499
4.7043 0.5040321929581207
4.7 0.5040683354304638
4.6958 0.5040808605335817
4.6915 0.5040361647374813
4.6873 0.5040114489868711
4.6831 0.5039991727858186
4.6788 0.5040097758276523
4.6746 0.5040301775281045
4.6704 0.5040489144214957
4.6662 0.504099454346246
4.662 0.5041648045317926
4.6578 0.5042305599302295
4.6536 0.5043151246323706
4.6495 0.504341271974007
4.6453 0.5042993365549064
4.6411 0.5042421351280305
4.637 0.5041589757856141
4.6328 0.5040792224557876
4.6287 0.503966703643607
4.6246 0.5038666939037558
4.6205 0.503780813040021
4.6163 0.5037113181191637
4.6122 0.5036643370906835
4.6081 0.5037049554486177
4.604 0.5037853466671656
4.6 0.5038505587133558
4.5959 0.5039063104753299
4.5918 0.5040189577055725
4.5877 0.504147639990741
4.5837 0.5042230676139038
4.5796 0.504268621419536
4.5756 0.5043382229237158
4.5716 0.5043759329957475
4.5675 0.5043615289353945
4.5635 0.5043416963278061
4.5595 0.5043597808912852
4.5555 0.5043513953329009
4.5515 0.50429435135602
4.5475 0.5042632937375587
4.5435 0.5042276914305153
4.5395 0.5041325269061193
4.5356 0.5040178274143178
4.5316 0.5039170432680938
4.5276 0.5037580654656373
4.5237 0.503536212939839
4.5197 0.5033004832606645
4.5158 0.5030750869535565
4.5119 0.5028080472831018
4.508 0.5025140024047866
4.504 0.502253046830338
4.5001 0.5020355490956511
4.4962 0.5017688563205482
4.4923 0.5015300141101678
4.4884 0.5014115805840765
4.4846 0.5013165583019682
4.4807 0.5012034300971879
4.4768 0.501120967812838
4.473 0.5010872761316357
4.4691 0.5010917517345745
4.4652 0.5010568054897162
4.4614 0.501026755035555
4.4576 0.5010510304822459
4.4537 0.5010348056265364
4.4499 0.5009659233046782
4.4461 0.5008975341571908
4.4423 0.5008309286048351
4.4385 0.500746211837918
4.4347 0.5006295171815415
4.4309 0.5004855663548985
4.4271 0.5003885098056644
4.4233 0.5003228158428187
4.4196 0.5002012665657866
4.4158 0.5000609159743225
4.412 0.4999754345890409
4.4083 0.4999562596481122
4.4045 0.49998317968536593
4.4008 0.5000077368085731
4.3971 0.5000948458989575
4.3934 0.5002400774703769
4.3896 0.5003818610617351
4.3859 0.5005423605790557
4.3822 0.500810156106199
4.3785 0.5011375066981284
4.3748 0.5014144570599025
4.3711 0.5016340395389272
4.3674 0.5018538268738197
4.3638 0.5021385857132427
4.3601 0.5024257890590856
4.3564 0.5026599745535676
4.3528 0.5029049206999059
4.3491 0.5031461267817045
4.3455 0.5033247945529465
4.3418 0.5035538600208209
4.3382 0.5039318631978533
4.3346 0.5043317976015541
4.331 0.5046153540754074
4.3273 0.5049060466959481
4.3237 0.5052757555128368
4.3201 0.505640762622427
4.3165 0.5059710481909055
4.3129 0.5061517488122116
4.3094 0.5061918189293311
4.3058 0.506053695347904
4.3022 0.5057758768333908
4.2986 0.5054498728687975
4.2951 0.5050147274353493
4.2915 0.5042236001481258
4.288 0.5031056222650822
4.2844 0.501944988497171
4.2809 0.501078136250803
4.2774 0.5007059884354832
4.2738 0.5007355832769236
4.2703 0.5009510657985671
4.2668 0.5011352797412783
4.2633 0.5013321637224405
4.2598 0.5019207932834651
4.2563 0.5029075138854168
4.2528 0.5039458331363079
4.2493 0.5045302676348626
4.2458 0.5042332279106924
4.2424 0.5030578687231955
4.2389 0.5013273907318273
4.2354 0.49942129704051313
4.232 0.4975178912766824
4.2285 0.4954707988004731
4.2251 0.493164366143557
4.2216 0.49077689293323484
4.2182 0.48876595325391936
4.2148 0.4875308052717196
4.2113 0.4871259835855315
4.2079 0.4873571282983961
4.2045 0.4880236301527043
4.2011 0.48889380231066826
4.1977 0.48992396090021423
4.1943 0.4912885498894173
4.1909 0.4928198524547988
4.1875 0.4943797367717219
4.1841 0.49570808848413994
4.1808 0.4967317150669577
4.1774 0.49760656959547706
4.174 0.4983758145301897
4.1707 0.49896841151528726
4.1673 0.4994070608274735
4.164 0.4996493414362435
4.1606 0.4997628651556151
4.1573 0.4998255852004489
4.154 0.49985931525326294
4.1506 0.499899460595976
4.1473 0.4999335273749117
4.144 0.4998808883502059
4.1407 0.49981273041750657
4.1374 0.499822534956565
4.1341 0.49993016971794635
4.1308 0.500070171082497
4.1275 0.5000948134671563
4.1242 0.5000566897249874
4.1209 0.5000371187733259
4.1177 0.5000337425631391
4.1144 0.5000543266631888
4.1111 0.5000840251630055
4.1079 0.5001002319847351
4.1046 0.5000600688159154
4.1014 0.4999919024733894
4.0981 0.5000084326986322
4.0949 0.5001281603326233
4.0917 0.5002492147543228
4.0884 0.5003240488777658
4.0852 0.5004106191921657
4.082 0.5005082760006094
4.0788 0.5005789712779022
4.0756 0.5006456500172533
4.0724 0.500717010121703
4.0692 0.500779195579101
4.066 0.5007944317708048
4.0628 0.5007538025111488
4.0596 0.5007159094810381
4.0565 0.5006918747787416
4.0533 0.50072586515188
4.0501 0.5008148567479149
4.047 0.500910225368979
4.0438 0.5010065903623927
4.0406 0.5011356533380419
4.0375 0.5012758842115788
4.0344 0.50145500091189
4.0312 0.5016748471396263
4.0281 0.5018894483534041
4.025 0.5020398682971333
4.0218 0.5020907599181489
4.0187 0.5021517255575806
4.0156 0.5022599930153563
4.0125 0.5023446768362743
4.0094 0.5023518407028786
4.0063 0.5022884560549815
4.0032 0.5022068332957264
4.0001 0.5021657197876438
3.997 0.5021360239728918
3.994 0.5021473129713635
3.9909 0.5021533441006065
3.9878 0.5021013610139548
3.9847 0.5020337851973273
3.9817 0.502003571901045
3.9786 0.5020539797509846
3.9756 0.5021217612269103
3.9725 0.5020991545310326
3.9695 0.5020194167331014
3.9665 0.5019962341668325
3.9634 0.5019664537603573
3.9604 0.5018951792508629
3.9574 0.5018271811440692
3.9544 0.5017713302059106
3.9513 0.5016982582757672
3.9483 0.5015759293521762
3.9453 0.5014594941207171
3.9423 0.5014219493943283
3.9393 0.5013835430096857
3.9363 0.5012746978851469
3.9333 0.5011991223444968
3.9304 0.5011548506999076
3.9274 0.5011216331396838
3.9244 0.5010564167024903
3.9214 0.5010271982237894
3.9185 0.5010589148227843
3.9155 0.5010539061067841
3.9126 0.500995456700405
3.9096 0.5009816741128755
3.9067 0.5009842128480012
3.9037 0.5009529640896033
3.9008 0.5008535485278649
3.8979 0.5007082295953356
3.8949 0.500605571255551
3.892 0.5004925101350317
3.8891 0.5003520860938359
3.8862 0.5002430300478837
3.8833 0.5001571239613716
3.8804 0.5000536658316479
3.8775 0.49995219832427484
3.8746 0.49992262165631274
3.8717 0.5000494107122424
3.8688 0.5001732514121778
3.8659 0.5002281736616087
3.863 0.5002902337795718
3.8601 0.5003142456965888
3.8573 0.5003103573561843
3.8544 0.5003288922052548
3.8515 0.5003805340735603
3.8487 0.5004409242708503
3.8458 0.5004441117667202
3.843 0.5003725412117626
3.8401 0.5002880530407295
3.8373 0.5002156309022465
3.8344 0.500159111779597
3.8316 0.5001574617043395
3.8288 0.5001772669718516
3.8259 0.5001422125941916
3.8231 0.5000821401369175
3.8203 0.49999415642092465
3.8175 0.49988409369385284
3.8147 0.49983994348349203
3.8119 0.49984578512901134
3.8091 0.4998175052118174
3.8063 0.4997515464205471
3.8035 0.4996950512567201
3.8007 0.4996671150599745
3.7979 0.49964399171046403
3.7951 0.4995675687617652
3.7924 0.49950214545412003
3.7896 0.49945578885908115
3.7868 0.4993802359655638
3.7841 0.4993108786216272
3.7813 0.4992742246630887
3.7785 0.49922903639638133
3.7758 0.4991266168005984
3.773 0.49899280538056195
3.7703 0.49894949018514384
3.7676 0.49897490772214453
3.7648 0.49900098109197827
3.7621 0.49899886646900526
3.7594 0.4989831397590724
3.7566 0.4989701016192508
3.7539 0.4989575940238437
3.7512 0.49896069995649434
3.7485 0.4990073582267065
3.7458 0.49906145124286605
3.7431 0.4990233902291925
3.7404 0.4988995325222008
3.7377 0.49883362129978376
3.735 0.49885241778280826
3.7323 0.49882467045227413
3.7296 0.4988009513719896
3.7269 0.4988408505894119
3.7242 0.49882913508218363
3.7216 0.4987643235089668
3.7189 0.4987427673827431
3.7162 0.49880825992810146
3.7136 0.4988805023343137
3.7109 0.4988419995356159
3.7083 0.4987940262675229
3.7056 0.4987788568730702
3.703 0.49872021493800706
3.7003 0.4986557571755017
3.6977 0.4986230019349197
3.695 0.4985957836556608
3.6924 0.49855868965544564
3.6898 0.49850726157796976
3.6872 0.4985261185276911
3.6845 0.4985768284531168
3.6819 0.49856700729463416
3.6793 0.49854590061811627
3.6767 0.49856386939160524
3.6741 0.4985923371180289
3.6715 0.49865294346606304
3.6689 0.49872257483270077
3.6663 0.4987560405713983
3.6637 0.49874343491231937
3.6611 0.4987326212979419
3.6585 0.4987736561398284
3.656 0.49881686476478293
3.6534 0.49886808423423
3.6508 0.4988647455898197
3.6482 0.49880650450050734
3.6457 0.4987392160143229
3.6431 0.4986912766671135
3.6406 0.4987033349012073
3.638 0.498767533364704
3.6355 0.49878139168408325
3.6329 0.49878033303721114
3.6304 0.4987774113464513
3.6278 0.4987607419635437
3.6253 0.49876401645480445
3.6227 0.49876890490777825
3.6202 0.498791921852382
3.6177 0.4987761197231055
3.6152 0.49868245352706075
3.6127 0.4985757681290123
3.6101 0.4985068935329155
3.6076 0.4984403902651336
3.6051 0.4984510928363212
3.6026 0.49854734798578126
3.6001 0.49865372123018403
3.5976 0.4987253797117051
3.5951 0.4987786334560869
3.5926 0.4988821578931774
3.5901 0.4990216925527356
3.5876 0.499145262272362
3.5852 0.4992818291306289
3.5827 0.4993621394873774
3.5802 0.4993148863386311
3.5777 0.4992214698756782
3.5753 0.4991303513785705
3.5728 0.49910364535574775
3.5704 0.49906641248208544
3.5679 0.49898558447917196
3.5654 0.49888972334422643
3.563 0.49879416297718215
3.5605 0.4987159878971788
3.5581 0.49870919330676783
3.5557 0.49879464848318134
3.5532 0.4988962562176663
3.5508 0.4989513939036421
3.5484 0.4989723239723239
3.5459 0.49901328067210926
3.5435 0.499084513305277
3.5411 0.49915026633139203
3.5387 0.49918583045972714
3.5363 0.49915961015702226
3.5338 0.4990636251888565
3.5314 0.4989573237795516
3.529 0.4988504213306245
3.5266 0.49875516580646534
3.5242 0.4986870594425063
3.5218 0.4986216597493964
3.5195 0.49849612622034123
3.5171 0.4983959307151282
3.5147 0.4983975814508699
3.5123 0.49844368928987687
3.5099 0.498546504673536
3.5075 0.4986685704672928
3.5052 0.49876557398244503
3.5028 0.4988607765609483
3.5004 0.4989646955711978
3.4981 0.49910065413199084
3.4957 0.4992523761555277
3.4934 0.49938190811102484
3.491 0.49942420216505473
3.4887 0.49941335975387185
3.4863 0.4993905268099569
3.484 0.4993680501825136
3.4816 0.49937894595902904
3.4793 0.4994210435226925
3.477 0.49942194069929025
3.4746 0.4993909522922934
3.4723 0.49936815805187906
3.47 0.49939413933764265
3.4677 0.4994225288013761
3.4653 0.49939683133560947
3.463 0.4993687151030181
3.4607 0.49934818579526835
3.4584 0.49925538221303284
3.4561 0.4991076539253928
3.4538 0.4990011377175772
3.4515 0.49892324427465123
3.4492 0.4988369422719245
3.4469 0.49869360185731393
3.4446 0.49859061023401946
3.4423 0.49858819386180253
3.44 0.498531055801915
3.4378 0.49844241282904295
3.4355 0.4984655798116367
3.4332 0.49855087708614193
3.4309 0.49861172850533364
3.4287 0.4986600039760027
3.4264 0.49876656475812187
3.4241 0.4989268794514052
3.4219 0.4990735719763844
3.4196 0.49919784594064265
3.4174 0.49935608767754425
3.4151 0.4995227639844036
3.4129 0.49957435284968343
3.4106 0.4995839197124809
3.4084 0.4996164343963845
3.4061 0.49962744661921704
3.4039 0.4996026893378225
3.4017 0.49954697894408195
3.3994 0.4995097411989852
3.3972 0.4994885111467016
3.395 0.4994693310928858
3.3928 0.49954412716869945
3.3906 0.4996425357429484
3.3883 0.4997235038427748
3.3861 0.49979442520103545
3.3839 0.49987928763703643
3.3817 0.49991893086159445
3.3795 0.4999296959943422
3.3773 0.49993212249140395
3.3751 0.49994360611727423
3.3729 0.4999028553561517
3.3707 0.49977018378333204
3.3685 0.49962912997723247
3.3663 0.49953988702328156
3.3641 0.4994429514723291
3.362 0.4993774243694287
3.3598 0.49937596732033895
3.3576 0.4993810293871634
3.3554 0.4993254459900117
3.3533 0.49926397420457963
3.3511 0.49925676255394663
3.3489 0.49926840653570786
3.3468 0.49932091105400467
3.3446 0.499376924639646
3.3425 0.49936759384648916
3.3403 0.4992572946521022
3.3382 0.49915782558253313
3.336 0.4991316992687258
3.3339 0.49908864548799087
3.3317 0.49903020634354206
3.3296 0.49899761864429315
3.3274 0.4989099857629365
3.3253 0.4987932697730367
3.3232 0.49871334324722444
3.321 0.49871842149911033
3.3189 0.49874082627050276
3.3168 0.49872330450064994
3.3147 0.49870841311401287
3.3126 0.4987774408511063
3.3104 0.49884126203358853
3.3083 0.4988519952645683
3.3062 0.4988058010981706
3.3041 0.4987764785390957
3.302 0.49874234967539166
3.2999 0.4986764898650696
3.2978 0.4986255773773844
3.2957 0.49857100919917235
3.2936 0.49844754159366905
3.2915 0.4983025603959963
3.2894 0.4981591891383676
3.2874 0.49811155544176156
3.2853 0.49816650965864745
3.2832 0.4981939409907404
3.2811 0.49819957918130986
3.279 0.4981941061126653
3.277 0.49819098487353924
3.2749 0.49821912914527433
3.2728 0.4982435339159313
3.2708 0.49829167019382414
3.2687 0.49833452812579426
3.2666 0.4982748904842203
3.2646 0.49819947570557666
3.2625 0.4981643299269156
3.2605 0.49808369210558257
3.2584 0.49800274684834156
3.2564 0.49790680658005887
3.2543 0.49779574842180174
3.2523 0.4977255659571541
3.2503 0.49769167554667637
3.2482 0.49769446369910497
3.2462 0.4976795027772711
3.2442 0.4976597404184504
3.2421 0.4976940690347749
3.2401 0.49777692348671704
3.2381 0.4978839417331072
3.2361 0.49797603842966826
3.234 0.4980436998472498
3.232 0.4980672994583814
3.23 0.49802512478130273
3.228 0.49798677343076536
3.226 0.49796710859957977
3.224 0.49793782956834026
3.222 0.49785380313052974
3.22 0.4976887485679541
3.218 0.4975825812070953
3.216 0.497518197820846
3.214 0.49743115323118164
3.212 0.4973578273362407
3.21 0.49726833007830323
3.208 0.49721872675269185
3.206 0.49723176987518997
3.204 0.49718346578709177
3.2021 0.4971302224343367
3.2001 0.4971269936344632
3.1981 0.49707788843728573
3.1961 0.4970804240557169
3.1942 0.4970731937245267
3.1922 0.49705194549473114
3.1902 0.4970135233335106
3.1883 0.49686321951104084
3.1863 0.4967030542467149
3.1844 0.49666523331504564
3.1824 0.4966523010049034
3.1805 0.49663458822759937
3.1785 0.49654321373574795
3.1766 0.49647478026055775
3.1746 0.49651624088217433
3.1727 0.4965444913545056
3.1707 0.4966120825127511
3.1688 0.49674572787843935
3.1669 0.49690094962552667
3.1649 0.4970249245625983
3.163 0.49711612175873726
3.1611 0.49725679856504834
3.1591 0.4974081281042384
3.1572 0.4975101415633279
3.1553 0.49765311367171666
3.1534 0.497806103022501
3.1515 0.49795347395244566
3.1495 0.49806791728597244
3.1476 0.49813639004246796
3.1457 0.49819209159462824
3.1438 0.4981931819647467
3.1419 0.4981521627706549
3.14 0.49812519715264086
3.1381 0.4980337967810271
3.1362 0.4979280979162192
3.1343 0.4979229083549983
3.1324 0.4979304582115713
3.1305 0.49784988898468674
3.1286 0.49773451562622895
3.1268 0.49766917494372614
3.1249 0.4977436132782623
3.123 0.4978479932335978
3.1211 0.4979206952876243
3.1192 0.4980085853631599
3.1174 0.4980314189980157
3.1155 0.4979301951793677
3.1136 0.49781937069314175
3.1117 0.4978926785875059
3.1099 0.49805537371481384
3.108 0.49817224447453656
3.1061 0.49823040920341427
3.1043 0.4983134831105342
3.1024 0.49841321783370274
3.1006 0.49847029372986484
3.0987 0.4985682609142572
3.0969 0.4987792211608883
3.095 0.4989440006934228
3.0932 0.49902479324765137
3.0913 0.49903362369810333
3.0895 0.49899547187243726
3.0876 0.4989185990875753
3.0858 0.4988958602710592
3.084 0.49891565545233274
3.0821 0.4989690049344914
3.0803 0.49892925302485047
3.0785 0.4988733226104727
3.0766 0.49879578392212165
3.0748 0.498665963477736
3.073 0.4986302329382283
3.0712 0.4986750124400095
3.0694 0.4986538475025462
3.0675 0.49861009988883914
3.0657 0.49857605177993525
3.0639 0.4986254735173524
3.0621 0.49869196369340757
3.0603 0.49872697646565567
3.0585 0.49889916955444297
3.0567 0.4991037998262294
3.0549 0.49920075039571654
3.0531 0.49924697028699583
3.0513 0.49935063512578903
3.0495 0.49940049838463274
3.0477 0.4994308057035304
3.0459 0.4994157634233444
3.0441 0.4994249857029824
3.0423 0.49934633351098845
3.0406 0.49920033742624675
3.0388 0.49911982115706865
3.037 0.4991023466047996
3.0352 0.49907064436631604
3.0334 0.49906091974140576
3.0317 0.49905478776688117
3.0299 0.49907415551046314
3.0281 0.49907976544426946
3.0264 0.4990956376893583
3.0246 0.49917381358530316
3.0228 0.4992466077689053
3.0211 0.49925028989315257
3.0193 0.4992406190882393
3.0176 0.49929863947077585
3.0158 0.4992877487268853
3.014 0.49918025618865214
3.0123 0.4990505767874103
3.0105 0.49897524097017354
3.0088 0.4988904272229913
3.007 0.49882243745974814
3.0053 0.49877186541445095
3.0036 0.49869188113180724
3.0018 0.4985599091999829
3.0001 0.49847558806088155
2.9984 0.4984876815652179
2.9966 0.49860131061350027
2.9949 0.4987185465935191
2.9932 0.49878171269965493
2.9914 0.4988175697094962
2.9897 0.49883435096344464
2.988 0.4988115336769149
2.9863 0.49883901205284104
2.9845 0.49886230922625907
2.9828 0.4987955772643147
2.9811 0.4987094490600255
2.9794 0.49857189356011133
2.9777 0.4984233434356143
2.976 0.49827533041227134
2.9743 0.4981898024608481
2.9726 0.4982288694675601
2.9709 0.49825910210687346
2.9692 0.49829622118785477
2.9675 0.49844079742987185
2.9658 0.49857865204906665
2.9641 0.49870355401298605
2.9624 0.49885890680632294
2.9607 0.49901272215752424
2.959 0.49915103149673146
2.9573 0.49917326491830033
2.9556 0.4991428388152092
2.9539 0.4991934804666664
2.9523 0.49918834490567066
2.9506 0.4991624736843373
2.9489 0.4991309095142326
2.9472 0.49910942722277807
2.9455 0.49912214335166144
2.9439 0.4991983497893861
2.9422 0.49935614784419985
2.9405 0.4995291069746811
2.9389 0.49958278535391704
2.9372 0.4995525056067469
2.9355 0.4995672179676942
2.9339 0.49963030754068016
2.9322 0.4996644014434761
2.9306 0.49963571022015973
2.9289 0.4994970373931959
2.9272 0.49930511411838924
2.9256 0.49918427228628537
2.9239 0.49917662186157574
2.9223 0.49924015341971245
2.9207 0.49929678665756455
2.919 0.499284429426197
2.9174 0.4992311097743003
2.9157 0.49924587773379403
2.9141 0.49937565036420395
2.9124 0.49955539130406706
2.9108 0.49965970824523287
2.9092 0.49961598937853274
2.9075 0.49958931226563136
2.9059 0.49958728148533443
2.9043 0.4996563385150431
2.9027 0.4998477526760395
2.901 0.4999846545744714
2.8994 0.5000775335292132
2.8978 0.5001053776517014
2.8962 0.5001429097391776
2.8946 0.5002809859700799
2.8929 0.5004449296591241
2.8913 0.5004312649307311
2.8897 0.5003505716579778
2.8881 0.5002645521878667
2.8865 0.5002398383634786
2.8849 0.5002199956243072
2.8833 0.5002296327087378
2.8817 0.5002364333266087
2.8801 0.5002561448545542
2.8785 0.5002911492248656
2.8769 0.5003950083838513
2.8753 0.500602443138636
2.8737 0.5008328545192129
2.8721 0.5010003392209521
2.8705 0.5010708069591578
2.8689 0.5011167651653005
2.8673 0.5011554482342288
2.8658 0.5012470473137797
2.8642 0.5013357566204795
2.8626 0.5013893655860133
2.861 0.5014296959084995
2.8594 0.5014619730496124
2.8579 0.5014131534380583
2.8563 0.5014044977607423
2.8547 0.5014944197644827
2.8531 0.5016857958389547
2.8516 0.5019111633056645
2.85 0.5020851082194343
2.8484 0.5022623133801045
2.8469 0.5023086368630305
2.8453 0.5021999875607808
2.8437 0.502235943195172
2.8422 0.5024071053195157
2.8406 0.5024080469831771
2.8391 0.5022831958061089
2.8375 0.5021251067718162
2.836 0.5020287098960723
2.8344 0.50195851794773
2.8329 0.5018979523967885
2.8313 0.5020454070882134
2.8298 0.5022425671248748
2.8282 0.5022676095037473
2.8267 0.5022805372335265
2.8252 0.5023972319320908
2.8236 0.5024295746353669
2.8221 0.5022867948720978
2.8205 0.5021585802877739
2.819 0.5022166002485863
2.8175 0.5023138624464915
2.8159 0.5021936188201045
2.8144 0.5020026220988232
2.8129 0.5019452023691617
2.8114 0.5018920254918954
2.8098 0.5018829264404445
2.8083 0.5019997688670111
2.8068 0.5022210011247452
2.8053 0.5022476941825214
2.8038 0.5020655810284567
2.8022 0.5020520783471293
2.8007 0.5023107378971897
2.7992 0.5025806877433832
2.7977 0.5027661289009088
2.7962 0.5030247689504039
2.7947 0.5032255170109281
2.7932 0.5032633630990785
2.7917 0.5034081910809739
2.7902 0.5035290343278793
2.7887 0.5033755131119177
2.7872 0.5028183702397369
2.7857 0.5022857424504268
2.7842 0.5018069131457837
2.7827 0.5012126509658119
2.7812 0.5006009010054999
2.7797 0.5000726171768439
2.7782 0.49955205463243124
2.7767 0.4990430416223133
2.7752 0.49854419972458447
2.7738 0.4983167648073597
2.7723 0.4982428612633401
2.7708 0.4981448109338427
2.7693 0.4981726147773423
2.7678 0.49798699096766236
2.7664 0.49734642953098895
2.7649 0.49626436470203933
2.7634 0.49476908683012805
2.7619 0.4934053622509323
2.7605 0.4926784243293896
2.759 0.49249492487881535
2.7575 0.4928473229133067
2.7561 0.4934742722567571
2.7546 0.4949600416400369
2.7531 0.4977290976320898
2.7517 0.5011480438339785
2.7502 0.5055280683961082
2.7488 0.5105729428901965
2.7473 0.5150929575392764
2.7458 0.5185710445362928
2.7444 0.5210504284822747
2.7429 0.5227178815699589
2.7415 0.5234426297635374
2.74 0.5228375873420922
2.7386 0.5216600430287456
2.7371 0.520305334231724
2.7357 0.5183422360472097
2.7343 0.5163176138184148
2.7328 0.5146891827407246
2.7314 0.5134217318835282
2.7299 0.5123228363002784
2.7285 0.5114478987737887
2.7271 0.5110541769007085
2.7256 0.5108498656743625
2.7242 0.5101774700504822
2.7228 0.5094557583999743
2.7213 0.5086645491146682
2.7199 0.5076652589272942
2.7185 0.506655779563847
2.7171 0.5059058566181591
2.7156 0.5055217566769495
2.7142 0.5051765852842511
2.7128 0.5047897954480016
2.7114 0.5045059744011775
2.71 0.5042460536817875
2.7085 0.5040158716227386
2.7071 0.5040548369066562
2.7057 0.5040497859108152
2.7043 0.5038960018212961
2.7029 0.5035682384148981
2.7015 0.5032260636213527
2.7001 0.5030866403838035
2.6987 0.5030791240974198
2.6973 0.5031748347371627
2.6959 0.5032285747668885
2.6945 0.5028464895532525
2.6931 0.5024842605403435
2.6917 0.50246708819313
2.6903 0.5027061798797164
2.6889 0.5030488761797659
2.6875 0.50303646155817
2.6861 0.502600685292743
2.6847 0.5020239299561626
2.6833 0.5015566739189358
2.6819 0.5015775870898573
2.6805 0.5019307046856066
2.6791 0.5021624263805393
2.6778 0.502117154056629
2.6764 0.5014899996949711
2.675 0.5007466094387605
2.6736 0.5004634644881517
2.6722 0.5004499799861625
2.6709 0.5004635223186991
2.6695 0.5003148173826965
2.6681 0.4997041290581088
2.6667 0.4989003681808891
2.6654 0.49802060062472403
2.664 0.49742368851833035
2.6626 0.49743191706112155
2.6613 0.4976322382629233
2.6599 0.49780764303176206
2.6585 0.4979479982262301
2.6572 0.49805729548396027
2.6558 0.4982924594770993
2.6545 0.4986572263187636
2.6531 0.49905578655578653
2.6517 0.49951729820429597
2.6504 0.49988182052477026
2.649 0.5000457512454691
2.6477 0.5000547764386497
2.6463 0.4999909847762922
2.645 0.49993557109712744
2.6436 0.5001545192715233
2.6423 0.500330576417192
2.6409 0.5003664430219446
2.6396 0.5007030023433412
2.6382 0.5009787748817772
2.6369 0.5010030805570329
2.6356 0.5009744795665899
2.6342 0.5010245082093969
2.6329 0.5011672654009742
2.6315 0.5010345261870063
2.6302 0.5007478831077025
2.6289 0.5005135104533678
2.6275 0.5002494340278634
2.6262 0.5000422704630647
2.6249 0.4999617474305915
2.6236 0.49992981531782354
2.6222 0.499814994250181
2.6209 0.4995515856291683
2.6196 0.49935707839384075
2.6183 0.4994824385233488
2.6169 0.4997993404523658
2.6156 0.49999334642756393
2.6143 0.5000572447947175
2.613 0.49981921874531815
2.6117 0.49946451549308524
2.6103 0.49929906946807895
2.609 0.4993323765063193
2.6077 0.4994856811222958
2.6064 0.49970527438821094
2.6051 0.49970829580072634
2.6038 0.4994154066023725
2.6025 0.4991595630527656
2.6012 0.49937592420194604
2.5999 0.4999003979418683
2.5986 0.5004137026856698
2.5973 0.5006916154618034
2.596 0.5008662658743223
2.5947 0.5006375713599744
2.5934 0.5002064110815074
2.5921 0.5000853795521308
2.5908 0.5002251337294352
2.5895 0.5003749136097643
2.5882 0.5002870752137061
2.5869 0.5000046645272035
2.5856 0.49979889672880895
2.5843 0.4995504675137856
2.583 0.4993935954892296
2.5817 0.49965640686226487
2.5805 0.49985563018922774
2.5792 0.49979450610743864
2.5779 0.49957157157157156
2.5766 0.49940434517679766
2.5753 0.49928620483218306
2.5741 0.49930836784821325
2.5728 0.499427435732412
2.5715 0.49950123939508184
2.5702 0.4995274442744667
2.569 0.4995951476459487
2.5677 0.49967427840652734
2.5664 0.4997816445172741
2.5651 0.49975074675736897
2.5639 0.49954320492241844
2.5626 0.49929957693509863
2.5613 0.49900440685546554
2.5601 0.49878752790225256
2.5588 0.49871331887393483
2.5575 0.4987186820576641
2.5563 0.49867439745034187
2.555 0.4984745578763596
2.5538 0.49842817345781065
2.5525 0.4987157247307446
2.5513 0.499029135330151
2.55 0.49920920915545147
2.5487 0.49940389553428755
2.5475 0.49954165930747246
2.5462 0.4996627545296366
2.545 0.49971679572673977
2.5437 0.49981523759102064
2.5425 0.4999808476880472
2.5413 0.5000463815656804
2.54 0.49986993109372835
2.5388 0.49977241662615884
2.5375 0.49976557165872354
2.5363 0.4996652228068393
2.535 0.4995091650557816
2.5338 0.4994252324308899
2.5326 0.4993898371709984
2.5313 0.4993728061674958
2.5301 0.49929403815558887
2.5289 0.49924978240660645
2.5276 0.4993392009684089
2.5264 0.49943771801053183
2.5252 0.4995874512434725
2.5239 0.4996903949670821
2.5227 0.4996987647332349
2.5215 0.4997192028191632
2.5202 0.4997043113894397
2.519 0.49965308939235686
2.5178 0.4996955321107414
2.5166 0.49968227156269773
2.5154 0.4996627000188888
2.5141 0.4996232036393738
2.5129 0.4995216021268125
2.5117 0.49946410806389124
2.5105 0.4994971333224435
2.5093 0.49954053891645506
2.5081 0.49949108297677625
2.5068 0.49943697459124087
2.5056 0.49951133519973795
2.5044 0.4996345518092049
2.5032 0.4995831435972344
2.502 0.49956582880072126
2.5008 0.49965429588892596
2.4996 0.4997799788157792
2.4984 0.4998144602076288
2.4972 0.4999797250993808
2.496 0.500144641896404
2.4948 0.5000983760181579
2.4936 0.4999333973890424
2.4924 0.49990568034222826
2.4912 0.4999807280731116
2.49 0.5000260377391668
2.4888 0.5000043961127542
2.4876 0.4999333809022999
2.4864 0.49975815229707965
2.4852 0.4994631312943373
2.484 0.4994233002917662
2.4828 0.4995652982865648
2.4816 0.49961965349214943
2.4805 0.49962439700492134
2.4793 0.4996782437998494
2.4781 0.49970463389828446
2.4769 0.49975268310077875
2.4757 0.49987821363763685
2.4745 0.5002391430088723
2.4734 0.5005260547651766
2.4722 0.500600348100431
2.471 0.5007302724998309
2.4698 0.5008526042631565
2.4686 0.5008181568616314
2.4675 0.5007602467675146
2.4663 0.5007413056308805
2.4651 0.5007000400892103
2.464 0.5005614145618972
2.4628 0.500284846375558
2.4616 0.5000587952250167
2.4604 0.4997735589902489
2.4593 0.49943016438033916
2.4581 0.4992929699856972
2.4569 0.49930101413790173
2.4558 0.4992323049848455
2.4546 0.499242782773308
2.4535 0.4992610301226568
2.4523 0.4993516073242004
2.4511 0.4994093347425451
2.45 0.49952958921065005
2.4488 0.49980110353710966
2.4477 0.4999120092485049
2.4465 0.4997961718224135
2.4454 0.49975177533127657
2.4442 0.49983879226961514
2.4431 0.4998455707245441
2.4419 0.4999231380271732
2.4408 0.4999796894379661
2.4396 0.5000473858576231
2.4385 0.5000169244371272
2.4373 0.49994652804570167
2.4362 0.500049075585201
2.435 0.500155087058696
2.4339 0.5000721561825654
2.4327 0.4999874647913092
2.4316 0.49981394863355616
2.4305 0.4996417893857146
2.4293 0.4995473236527456
2.4282 0.4995192942874274
2.427 0.4995911238301975
2.4259 0.4996623212114439
2.4248 0.49975147691782623
2.4236 0.4999085847703582
2.4225 0.5000673947101587
2.4214 0.5001287100677014
2.4202 0.5003286308628424
2.4191 0.500398168222855
2.418 0.5003229884395218
2.4169 0.5002585916482015
2.4157 0.5000999942376202
2.4146 0.49989084272131135
2.4135 0.49972138766567614
2.4124 0.4996950409593876
2.4112 0.4996719996096523
2.4101 0.4995943387721988
2.409 0.49955166737039863
2.4079 0.49958250025415973
2.4068 0.49961154965249627
2.4056 0.49964440991367537
2.4045 0.4998162510051952
2.4034 0.4999070770649917
2.4023 0.49973974927710013
2.4012 0.49947935545970806
2.4001 0.4993488248291259
2.399 0.49937004055512507
2.3979 0.49938056944142567
2.3967 0.49947068533856104
2.3956 0.4996422005143621
2.3945 0.49965545310801657
2.3934 0.4995882784608878
2.3923 0.4996554769658349
2.3912 0.4999758952864081
2.3901 0.5002529908957236
2.389 0.5004106621340979
2.3879 0.5004803393764149
2.3868 0.5003635582773726
2.3857 0.5001100974294289
2.3846 0.49992185418943097
2.3835 0.4998035825456246
2.3824 0.49970292237368424
2.3813 0.49959581112107515
2.3802 0.4994483520920814
2.3791 0.4993345441593505
2.3781 0.49927094230961394
2.377 0.49926042441306384
2.3759 0.49940886411489044
2.3748 0.49958382182133715
2.3737 0.4997514699312615
2.3726 0.5001091021066563
2.3715 0.5003857245878864
2.3704 0.5004289832213853
2.3694 0.5004001765264678
2.3683 0.5005143714639086
2.3672 0.5005969994995539
2.3661 0.5005576038809231
2.365 0.5005143910500717
2.364 0.5004983797558551
2.3629 0.5003355081878275
2.3618 0.5001263765532086
2.3607 0.5000040749685548
2.3597 0.500076065976368
2.3586 0.5001456996196867
2.3575 0.5001436173788573
2.3564 0.5001744788378217
2.3554 0.5001680571842578
2.3543 0.5001911394149844
2.3532 0.5003017403186839
2.3522 0.500312667409464
2.3511 0.5002315245449966
2.35 0.5002772813261718
2.349 0.5003097975423859
2.3479 0.5003409921412338
2.3468 0.5003415659663265
2.3458 0.5004299062885661
2.3447 0.5005261873118337
2.3436 0.5004211448629822
2.3426 0.5003057809550671
2.3415 0.5004511671704869
2.3405 0.5003641660597232
2.3394 0.5000902113251162
2.3384 0.5000115294101689
2.3373 0.5000379723317318
2.3363 0.5000013558366053
2.3352 0.49995087619921363
2.3342 0.5000612938903198
2.3331 0.5002769854233882
2.3321 0.5002515988207702
2.331 0.500327949190551
2.33 0.5006936333257992
2.3289 0.5008614695960469
2.3279 0.5008814402001721
2.3268 0.5007991302646642
2.3258 0.5006786887665331
2.3247 0.5004549572055879
2.3237 0.500231156044206
2.3226 0.5002168366742871
2.3216 0.500168493934895
2.3206 0.4999079874971246
2.3195 0.4997095847840007
2.3185 0.4996767465828461
2.3175 0.49971938640964714
2.3164 0.4998478847872618
2.3154 0.5000790886820715
2.3144 0.5002876444052655
2.3133 0.5003282598979994
2.3123 0.5002500926018554
2.3113 0.5003231362877996
2.3102 0.5003560220469949
2.3092 0.500365415285514
2.3082 0.5004323753464242
2.3071 0.5004069558351518
2.3061 0.5001980695988177
2.3051 0.4998958951596657
2.3041 0.499761390075179
2.303 0.49974074086593223
2.302 0.4996937711842064
2.301 0.4998083994698714
2.3 0.4999455982937462
2.299 0.4998716077413775
2.2979 0.4998259903514184
2.2969 0.49980843468501185
2.2959 0.5000709423988261
2.2949 0.5005113192712655
2.2939 0.500824366129287
2.2929 0.5009508764468208
2.2918 0.5009344103357666
2.2908 0.5007810242826323
2.2898 0.5006793400311154
2.2888 0.5006793913895157
2.2878 0.5008122454351267
2.2868 0.5007727943975443
2.2858 0.5004458003313973
2.2848 0.5000246277000223
2.2838 0.49974474364101446
2.2828 0.49971278898080546
2.2818 0.4997350198566545
2.2808 0.4998634798020895
2.2798 0.49997404822715685
2.2787 0.49992381645834183
2.2777 0.49987362904361776
2.2767 0.5000289755069366
2.2757 0.5002739700176378
2.2747 0.5005314341442899
2.2738 0.5006317636617629
2.2728 0.5006299486339211
2.2718 0.500490295518463
2.2708 0.5002894690551176
2.2698 0.5001536491677337
2.2688 0.5000178681358546
2.2678 0.49971635960879884
2.2668 0.4995677144028659
2.2658 0.4994790988849008
2.2648 0.4994031116386827
2.2638 0.4993621636702174
2.2628 0.499381181865159
2.2618 0.49949857322515817
2.2609 0.4996167776562162
2.2599 0.4997246449200189
2.2589 0.49997741176597504
2.2579 0.5000985180456718
2.2569 0.4999419453178899
2.2559 0.4998963646613623
2.255 0.49993317845133295
2.254 0.5000212537269929
2.253 0.4999251124325506
2.252 0.4999045205955486
2.251 0.5001062286404555
2.2501 0.5002386361338249
2.2491 0.5003551069363772
2.2481 0.5004563199982744
2.2471 0.500440136391691
2.2462 0.5004190028945611
2.2452 0.5003490972379158
2.2442 0.5003495836347663
2.2433 0.5004830012545225
2.2423 0.5005080166853311
2.2413 0.5003605033840149
2.2403 0.5000363821091652
2.2394 0.4999107653370815
2.2384 0.49995184598257425
2.2374 0.49992147304435863
2.2365 0.4998661438296351
2.2355 0.49981488737127255
2.2345 0.4996841487150549
2.2336 0.499528132090658
2.2326 0.4994545238782341
2.2317 0.4996523084428404
2.2307 0.4998840978160524
2.2297 0.49983457909982737
2.2288 0.49998518151299454
2.2278 0.5002802920967062
2.2269 0.5004245860959511
2.2259 0.5004993887374024
2.225 0.5004034234031409
2.224 0.5002903042428927
2.2231 0.5002246727065167
2.2221 0.5001489736323411
2.2211 0.5003276890880545
2.2202 0.500478107395042
2.2192 0.5004589650271342
2.2183 0.5005589711164624
2.2173 0.5007382733547867
2.2164 0.5011838226354948
2.2155 0.5015235468223742
2.2145 0.5015647191769134
2.2136 0.5015198242772514
2.2126 0.5012026858415171
2.2117 0.5007574606853037
2.2107 0.5005097586694257
2.2098 0.5003577712964624
2.2088 0.5002437799184445
2.2079 0.49978136739747936
2.207 0.4992530802888358
2.206 0.49923132776814183
2.2051 0.4994898034435921
2.2041 0.4997112681865832
2.2032 0.49985308363365094
2.2023 0.4999046874958049
2.2013 0.4999422549056471
2.2004 0.49981294777515317
2.1995 0.49974210983703227
2.1985 0.5000282214063398
2.1976 0.5002022175403897
2.1967 0.5002422880583532
2.1957 0.5003567778400724
2.1948 0.5004311304333834
2.1939 0.5006473932035777
2.193 0.5011089430175442
2.192 0.5014289540645507
2.1911 0.50164073633568
2.1902 0.5016728791334781
2.1893 0.5015993656117641
2.1883 0.5012072067968021
2.1874 0.5008521800741882
2.1865 0.5008376307627257
2.1856 0.500775568164716
2.1846 0.5002314749772874
2.1837 0.49965421298339957
2.1828 0.49957397555321365
2.1819 0.4997191594686671
2.181 0.49972018015322645
2.18 0.4999435801185686
2.1791 0.5003976635679404
2.1782 0.5005539479896596
2.1773 0.5004484364781722
2.1764 0.5007085803916966
2.1755 0.5012855922294871
2.1746 0.5014791073171936
2.1736 0.5012156699996396
2.1727 0.5012584770561236
2.1718 0.50156236989965
2.1709 0.5014949857558584
2.17 0.5012273891489215
2.1691 0.5011493824481913
2.1682 0.5010658058610008
2.1673 0.5008695548118691
2.1664 0.5007005373776053
2.1655 0.5007510465157221
2.1646 0.5006783223337212
2.1637 0.5003352134967785
2.1628 0.5000009960562811
2.1619 0.4998346628915799
2.161 0.49973393353852447
2.1601 0.49960659642109057
2.1592 0.4995355154582315
2.1583 0.4996460278077366
2.1574 0.4999223699331452
2.1565 0.5002486335102277
2.1556 0.5004155222946116
2.1547 0.5004779559802873
2.1538 0.5006939494109885
2.1529 0.5011871321894721
2.152 0.5016317871879198
2.1511 0.5017106377676476
2.1502 0.5015508820600276
2.1493 0.501096148031045
2.1484 0.5003925474339203
2.1475 0.49991582379999205
2.1466 0.5000023194152953
2.1458 0.5001348299122313
2.1449 0.499853943234591
2.144 0.4993058980461212
2.1431 0.4988728632054367
2.1422 0.49872127165593666
2.1413 0.4989978977710014
2.1404 0.49950822245433096
2.1396 0.49987540642028055
2.1387 0.4998395227592536
2.1378 0.4996339289503841
2.1369 0.49939020225124453
2.136 0.4991826958493692
2.1352 0.49920689144604713
2.1343 0.49960333451281846
2.1334 0.4998867779938919
2.1325 0.49966363104476264
2.1316 0.4995471071594229
2.1308 0.4997522853089602
2.1299 0.50000364835436
2.129 0.5002006759961656
2.1281 0.500536594554726
2.1273 0.5010087165582763
2.1264 0.5011326208062509
2.1255 0.500875475542397
2.1247 0.5010416300731826
2.1238 0.5013100448258696
2.1229 0.5010591128107581
2.122 0.5006454674138361
2.1212 0.5004526458241932
2.1203 0.5005630220373449
2.1194 0.5006289807600045
2.1186 0.5005036625493989
2.1177 0.5005062599656497
2.1168 0.5004306427094373
2.116 0.5001715866975677
2.1151 0.5001797486690669
2.1143 0.5005255692235119
2.1134 0.5011861804856309
2.1125 0.501334927013204
2.1117 0.5009954273073939
2.1108 0.5007740418180546
2.11 0.5007952586619204
2.1091 0.5006696885123678
2.1082 0.5005087363332822
2.1074 0.5005351618856451
2.1065 0.5004824350098664
2.1057 0.49996369823863857
2.1048 0.4993001300794989
2.104 0.49917340215271677
2.1031 0.49935433125940704
2.1023 0.4994066501359856
2.1014 0.49944084495712043
2.1005 0.49962281967351474
2.0997 0.49978454888892554
2.0988 0.49983637059421226
2.098 0.4998832714078259
2.0971 0.5002698270072425
2.0963 0.5008108377249588
2.0955 0.5009549926726736
2.0946 0.5006980540259507
2.0938 0.5007484635066339
2.0929 0.500974413573008
2.0921 0.5010076183852817
2.0912 0.5009346939824422
2.0904 0.5008443770026363
2.0895 0.5010075409220925
2.0887 0.500893163906437
2.0879 0.5004558676681283
2.087 0.5004084505189492
2.0862 0.47115450952735705
2.0853 0.4377059947765907
2.0845 0.39986156668003114
2.0837 0.35704687095907217
2.0828 0.30781151409146407
2.082 0.24975497671168384
2.0812 0.18106200575261186
2.0803 0.0993818883706729
2.0795 0.0
