13.9 1.0
13.863 1.0
13.826 0.9
13.79 0.8181818181818182
13.753 0.7500000000000001
13.717 0.6923076923076924
13.68 0.6428571428571429
13.644 0.6000000000000001
13.609 0.5625
13.573 0.5294117647058824
13.538 0.5
13.502 0.5
13.467 0.5
13.432 0.5
13.398 0.5
13.363 0.5
13.329 0.5
13.295 0.5
13.261 0.5
13.227 0.5
13.193 0.5
13.16 0.5
13.126 0.5
13.093 0.5
13.06 0.5
13.027 0.5
12.995 0.5
12.962 0.5
12.93 0.5
12.898 0.5
12.866 0.5
12.834 0.5
12.802 0.5
12.771 0.5
12.739 0.5
12.708 0.5
12.677 0.5
12.646 0.5
12.616 0.5
12.585 0.5
12.554 0.5
12.524 0.5
12.494 0.5
12.464 0.5
12.434 0.5
12.404 0.5
12.375 0.5
12.345 0.5
12.316 0.5
12.287 0.5
12.258 0.5
12.229 0.5
12.2 0.5
12.171 0.5
12.143 0.5
12.115 0.5
12.086 0.5
12.058 0.5
12.03 0.5
12.002 0.5
11.975 0.5
11.947 0.5
11.92 0.5
11.892 0.5
11.865 0.5
11.838 0.5
11.811 0.5
11.784 0.5
11.757 0.5
11.731 0.5
11.704 0.5
11.678 0.5
11.652 0.5
11.626 0.5
11.6 0.5
11.574 0.5
11.548 0.5
11.522 0.5
11.497 0.5
11.471 0.5
11.446 0.5
11.421 0.5
11.396 0.5
11.371 0.5
11.346 0.5
11.321 0.5
11.297 0.5
11.272 0.5
11.248 0.5
11.223 0.5
11.199 0.5
11.175 0.5
11.151 0.5
11.127 0.5
11.103 0.5
11.079 0.5
11.056 0.5
11.032 0.5
11.009 0.5
10.985 0.5
10.962 0.5
10.939 0.5
10.916 0.5
10.893 0.5
10.87 0.5
10.848 0.5
10.825 0.5
10.802 0.5
10.78 0.5
10.758 0.5
10.735 0.5
10.713 0.5
10.691 0.5
10.669 0.5
10.647 0.5
10.625 0.5
10.604 0.5
10.582 0.5
10.56 0.5
10.539 0.5
10.518 0.5
10.496 0.5
10.475 0.5
10.454 0.5
10.433 0.5
10.412 0.5
10.391 0.5
10.37 0.5
10.35 0.5
10.329 0.5
10.309 0.5
10.288 0.5
10.268 0.5
10.247 0.5
10.227 0.5
10.207 0.5
10.187 0.5
10.167 0.5
10.147 0.5
10.127 0.5
10.108 0.5
10.088 0.5
10.068 0.5
10.049 0.5
10.029 0.5
10.01 0.5
9.991 0.5
9.972 0.5
9.952 0.5
9.933 0.5
9.914 0.5
9.895 0.5
9.877 0.5
9.858 0.5
9.839 0.5
9.821 0.5
9.802 0.5
9.783 0.5
9.765 0.5
9.747 0.5
9.728 0.5
9.71 0.5
9.692 0.5
9.674 0.5
9.656 0.5
9.638 0.5
9.62 0.5
9.602 0.5
9.585 0.5
9.567 0.5
9.549 0.5
9.532 0.5
9.514 0.5
9.497 0.5
9.479 0.5
9.462 0.5
9.445 0.5
9.428 0.5
9.411 0.5
9.394 0.5
9.377 0.5
9.36 0.5
9.343 0.5
9.326 0.5
9.309 0.5
9.293 0.5
9.276 0.5
9.259 0.5
9.243 0.5
9.226 0.5
9.21 0.5
9.194 0.5
9.178 0.5
9.161 0.5
9.145 0.5
9.129 0.5
9.113 0.5
9.097 0.5
9.081 0.5
9.065 0.5
9.049 0.5
9.034 0.5
9.018 0.5
9.002 0.5
8.987 0.5
8.971 0.5
8.956 0.5
8.94 0.5
8.925 0.5
8.909 0.5
8.894 0.5
8.879 0.5
8.864 0.5
8.849 0.5
8.834 0.5
8.819 0.5
8.804 0.5
8.789 0.5
8.774 0.5
8.759 0.5
8.744 0.5
8.73 0.5
8.715 0.5
8.7 0.5
8.686 0.5
8.671 0.5
8.657 0.5
8.642 0.5
8.628 0.5
8.614 0.5
8.599 0.5
8.585 0.5
8.571 0.5
8.557 0.5
8.543 0.5
8.529 0.5
8.515 0.5
8.501 0.5
8.487 0.5
8.473 0.5
8.459 0.5
8.445 0.5
8.431 0.5
8.418 0.5
8.404 0.5
8.391 0.5
8.377 0.5
8.363 0.5
8.35 0.5
8.337 0.5
8.323 0.5
8.31 0.5
8.297 0.5
8.283 0.5
8.27 0.5
8.257 0.5
8.244 0.5
8.231 0.5
8.218 0.5
8.205 0.5
8.192 0.5
8.179 0.5
8.166 0.5
8.153 0.5
8.14 0.5
8.128 0.5
8.115 0.5
8.102 0.5
8.09 0.5
8.077 0.5
8.064 0.5
8.052 0.5
8.039 0.5
8.027 0.5
8.015 0.5
8.002 0.5
7.99 0.5
7.978 0.5
7.965 0.5
7.953 0.5
7.941 0.5
7.929 0.5
7.917 0.5
7.905 0.5
7.893 0.5
7.881 0.5
7.869 0.5
7.857 0.5
7.845 0.5
7.833 0.5
7.821 0.5
7.809 0.5
7.798 0.5
7.786 0.5
7.774 0.5
7.763 0.5
7.751 0.5
7.739 0.5
7.728 0.5
7.716 0.5
7.705 0.5
7.694 0.5
7.682 0.5
7.671 0.5
7.659 0.5
7.648 0.5
7.637 0.5
7.626 0.5
7.614 0.5
7.603 0.5
7.592 0.5
7.581 0.5
7.57 0.5
7.559 0.5
7.548 0.5
7.537 0.5
7.526 0.5
7.515 0.5
7.504 0.5
7.493 0.5
7.483 0.5
7.472 0.5
7.461 0.5
7.45 0.5
7.44 0.5
7.429 0.5
7.418 0.5
7.408 0.5
7.397 0.5
7.387 0.5
7.376 0.5
7.366 0.5
7.355 0.5
7.345 0.5
7.334 0.5
7.324 0.5
7.314 0.5
7.303 0.5
7.293 0.5
7.283 0.5
7.273 0.5
7.263 0.5
7.252 0.5
7.242 0.5
7.232 0.5
7.222 0.5
7.212 0.5
7.202 0.5
7.192 0.5
7.182 0.5
7.172 0.5
7.162 0.5
7.152 0.5
7.143 0.5
7.133 0.5
7.123 0.5
7.113 0.5
7.103 0.5
7.094 0.5
7.084 0.5
7.074 0.5
7.065 0.5
7.055 0.5
7.046 0.5
7.036 0.5
7.026 0.5
7.017 0.5
7.007 0.5
6.998 0.5
6.989 0.5
6.979 0.5
6.97 0.5
6.96 0.5
6.951 0.5
6.942 0.5
6.932 0.5
6.923 0.5
6.914 0.5
6.905 0.5
6.896 0.5
6.886 0.5
6.877 0.5
6.868 0.5
6.859 0.5
6.85 0.5
6.841 0.5
6.832 0.5
6.823 0.5
6.814 0.5
6.805 0.5
6.796 0.5
6.787 0.5
6.778 0.5
6.77 0.5
6.761 0.5
6.752 0.5
6.743 0.5
6.734 0.5
6.726 0.5
6.717 0.5
6.708 0.5
6.7 0.5
6.691 0.5
6.682 0.5
6.674 0.5
6.665 0.5
6.657 0.5
6.648 0.5
6.64 0.5
6.631 0.5
6.623 0.5
6.614 0.5
6.606 0.5
6.597 0.5
6.589 0.5
6.581 0.5
6.572 0.5
6.564 0.5
6.556 0.5
6.547 0.5
6.539 0.5
6.531 0.5
6.523 0.5
6.514 0.5
6.506 0.5
6.498 0.5
6.49 0.5
6.482 0.5
6.474 0.5
6.466 0.5
6.458 0.5
6.45 0.5
6.442 0.5
6.434 0.5
6.426 0.5
6.418 0.5
6.41 0.5
6.402 0.5
6.394 0.5
6.386 0.5
6.378 0.5
6.37 0.5
6.363 0.5
6.355 0.5
6.347 0.5
6.339 0.5
6.332 0.5
6.324 0.5
6.316 0.5
6.308 0.5
6.301 0.5
6.293 0.5
6.286 0.5
6.278 0.5
6.27 0.5
6.263 0.5
6.255 0.5
6.248 0.5
6.24 0.5
6.233 0.5
6.225 0.5
6.218 0.5
6.21 0.5
6.203 0.5
6.195 0.5
6.188 0.5
6.181 0.5
6.173 0.5
6.166 0.5
6.159 0.5
6.151 0.5
6.144 0.5
6.137 0.5
6.13 0.5
6.122 0.5
6.115 0.5
6.108 0.5
6.101 0.5
6.094 0.5
6.086 0.5
6.079 0.5
6.072 0.5
6.065 0.5
6.058 0.5
6.051 0.5
6.044 0.5
6.037 0.5
6.03 0.5
6.023 0.5
6.016 0.5
6.009 0.5
6.002 0.5
5.995 0.5
5.988 0.5
5.981 0.5
5.974 0.5
5.967 0.5
5.96 0.5
5.954 0.5
5.947 0.5
5.94 0.5
5.933 0.5
5.926 0.5
5.92 0.5
5.913 0.5
5.906 0.5
5.899 0.5
5.893 0.5
5.886 0.5
5.879 0.5
5.873 0.5
5.866 0.5
5.859 0.5
5.853 0.5
5.846 0.5
5.84 0.5
5.833 0.5
5.827 0.5
5.82 0.5
5.813 0.5
5.807 0.5
5.8 0.5
5.794 0.5
5.788 0.5
5.781 0.5
5.775 0.5
5.768 0.5
5.762 0.5
5.755 0.5
5.749 0.5
5.743 0.5
5.736 0.5
5.73 0.5
5.724 0.5
5.717 0.5
5.711 0.5
5.705 0.5
5.698 0.5
5.692 0.5
5.686 0.5
5.68 0.5
5.674 0.5
5.667 0.5
5.661 0.5
5.655 0.5
5.649 0.5
5.643 0.5
5.637 0.5
5.63 0.5
5.624 0.5
5.618 0.5
5.612 0.5
5.606 0.5
5.6 0.5
5.594 0.5
5.588 0.5
5.582 0.5
5.576 0.5
5.57 0.5
5.564 0.5
5.558 0.5
5.552 0.5
5.546 0.5
5.54 0.5
5.534 0.5
5.528 0.5
5.523 0.5
5.517 0.5
5.511 0.5
5.505 0.5
5.499 0.5
5.493 0.5
5.487 0.5
5.482 0.5
5.476 0.5
5.47 0.5
5.464 0.5
5.459 0.5
5.453 0.5
5.447 0.5
5.441 0.5
5.436 0.5
5.43 0.5
5.424 0.5
5.419 0.5
5.413 0.5
5.407 0.5
5.402 0.5
5.396 0.5
5.39 0.5
5.385 0.5
5.379 0.5
5.374 0.5
5.368 0.5
5.363 0.5
5.357 0.5
5.352 0.5
5.346 0.5
5.341 0.5
5.335 0.5
5.33 0.5
5.324 0.5
5.319 0.5
5.313 0.5
5.308 0.5
5.302 0.5
5.297 0.5
5.291 0.5
5.286 0.5
5.281 0.5
5.275 0.5
5.27 0.5
5.265 0.5
5.259 0.5
5.254 0.5
5.249 0.5
5.243 0.5
5.238 0.5
5.233 0.5
5.227 0.5
5.222 0.5
5.217 0.5
5.212 0.5
5.206 0.5
5.201 0.5
5.196 0.5
5.191 0.5
5.186 0.5
5.18 0.5
5.175 0.5
5.17 0.5
5.165 0.5
5.16 0.5
5.155 0.5
5.15 0.5
5.145 0.5
5.139 0.5
5.134 0.5
5.129 0.5
5.124 0.5
5.119 0.5
5.114 0.5
5.109 0.5
5.104 0.5
5.099 0.5
5.094 0.5
5.089 0.5
5.084 0.5
5.079 0.5
5.074 0.5
5.069 0.5
5.064 0.5
5.059 0.5
5.054 0.5
5.049 0.5
5.044 0.5
5.04 0.5
5.035 0.5
5.03 0.5
5.025 0.5
5.02 0.5
5.015 0.5
5.01 0.5
5.005 0.5
5.001 0.5
4.996 0.5
4.991 0.5
4.986 0.5
4.981 0.5
4.977 0.5
4.972 0.5
4.967 0.5
4.962 0.5
4.958 0.5
4.953 0.5
4.948 0.5
4.943 0.5
4.939 0.5
4.934 0.5
4.929 0.5
4.925 0.5
4.92 0.5
4.915 0.5
4.911 0.5
4.906 0.5
4.901 0.5
4.897 0.5
4.892 0.5
4.888 0.5
4.883 0.5
4.878 0.5
4.874 0.5
4.869 0.5
4.865 0.5
4.86 0.5
4.856 0.5
4.851 0.5
4.846 0.5
4.842 0.5
4.837 0.5
4.833 0.5
4.828 0.5
4.824 0.5
4.819 0.5
4.815 0.5
4.81 0.5
4.806 0.5
4.802 0.5
4.797 0.5
4.793 0.5
4.788 0.5
4.784 0.5
4.779 0.5
4.775 0.5
4.771 0.5
4.766 0.5
4.762 0.5
4.758 0.5
4.753 0.5
4.749 0.5
4.744 0.5
4.74 0.5
4.736 0.5
4.731 0.5
4.727 0.5
4.723 0.5
4.719 0.5
4.714 0.5
4.71 0.5
4.706 0.5
4.701 0.5
4.697 0.5
4.693 0.5
4.689 0.5
4.684 0.5
4.68 0.5
4.676 0.5
4.672 0.5
4.668 0.5
4.663 0.5
4.659 0.5
4.655 0.5
4.651 0.5
4.647 0.5
4.643 0.5
4.638 0.5
4.634 0.5
4.63 0.5
4.626 0.5
4.622 0.5
4.618 0.5
4.614 0.5
4.61 0.5
4.605 0.5
4.601 0.5
4.597 0.5
4.593 0.5
4.589 0.5
4.585 0.5
4.581 0.5
4.577 0.5
4.573 0.5
4.569 0.5
4.565 0.5
4.561 0.5
4.557 0.5
4.553 0.5
4.549 0.5
4.545 0.5
4.541 0.5
4.537 0.5
4.533 0.5
4.529 0.5
4.525 0.5
4.521 0.5
4.517 0.5
4.513 0.5
4.509 0.5
4.505 0.5
4.502 0.5
4.498 0.5
4.494 0.5
4.49 0.5
4.486 0.5
4.482 0.5
4.478 0.5
4.474 0.5
4.47 0.5
4.467 0.5
4.463 0.5
4.459 0.5
4.455 0.5
4.451 0.5
4.447 0.5
4.444 0.5
4.44 0.5
4.436 0.5
4.432 0.5
4.428 0.5
4.425 0.5
4.421 0.5
4.417 0.5
4.413 0.5
4.41 0.5
4.406 0.5
4.402 0.5
4.398 0.5
4.395 0.5
4.391 0.5
4.387 0.5
4.384 0.5
4.38 0.5
4.376 0.5
4.372 0.5
4.369 0.5
4.365 0.5
4.361 0.5
4.358 0.5
4.354 0.5
4.35 0.5
4.347 0.5
4.343 0.5
4.34 0.5
4.336 0.5
4.332 0.5
4.329 0.5
4.325 0.5
4.321 0.5
4.318 0.5
4.314 0.5
4.311 0.5
4.307 0.5
4.304 0.5
4.3 0.5
4.296 0.5
4.293 0.5
4.289 0.5
4.286 0.5
4.282 0.5
4.279 0.5
4.275 0.5
4.272 0.5
4.268 0.5
4.265 0.5
4.261 0.5
4.258 0.5
4.254 0.5
4.251 0.5
4.247 0.5
4.244 0.5
4.24 0.5
4.237 0.5
4.233 0.5
4.23 0.5
4.226 0.5
4.223 0.5
4.219 0.5
4.216 0.5
4.213 0.5
4.209 0.5
4.206 0.5
4.202 0.5
4.199 0.5
4.196 0.5
4.192 0.5
4.189 0.5
4.185 0.5
4.182 0.5
4.179 0.5
4.175 0.5
4.172 0.5
4.169 0.5
4.165 0.5
4.162 0.5
4.159 0.5
4.155 0.5
4.152 0.5
4.149 0.5
4.145 0.5
4.142 0.5
4.139 0.5
4.135 0.5
4.132 0.5
4.129 0.5
4.126 0.5
4.122 0.5
4.119 0.5
4.116 0.5
4.112 0.5
4.109 0.5
4.106 0.5
4.103 0.5
4.099 0.5
4.096 0.5
4.093 0.5
4.09 0.5
4.086 0.5
4.083 0.5
4.08 0.5
4.077 0.5
4.074 0.5
4.07 0.5
4.067 0.5
4.064 0.5
4.061 0.5
4.058 0.5
4.055 0.5
4.051 0.5
4.048 0.5
4.045 0.5
4.042 0.5
4.039 0.5
4.036 0.5
4.032 0.5
4.029 0.5
4.026 0.5
4.023 0.5
4.02 0.5
4.017 0.5
4.014 0.5
4.011 0.5
4.008 0.5
4.004 0.5
4.001 0.5
3.998 0.5
3.995 0.5
3.992 0.5
3.989 0.5
3.986 0.5
3.983 0.5
3.98 0.5
3.977 0.5
3.974 0.5
3.971 0.5
3.968 0.5
3.965 0.5
3.962 0.5
3.959 0.5
3.956 0.5
3.953 0.5
3.95 0.5
3.947 0.5
3.944 0.5
3.941 0.5
3.938 0.5
3.935 0.5
3.932 0.5
3.929 0.5
3.926 0.5
3.923 0.5
3.92 0.5
3.917 0.5
3.914 0.5
3.911 0.5
3.908 0.5
3.905 0.5
3.902 0.5
3.899 0.5
3.896 0.5
3.893 0.5
3.89 0.5
3.887 0.5
3.884 0.5
3.882 0.5
3.879 0.5
3.876 0.5
3.873 0.5
3.87 0.5
3.867 0.5
3.864 0.5
3.861 0.5
3.858 0.5
3.856 0.5
3.853 0.5
3.85 0.5
3.847 0.5
3.844 0.5
3.841 0.5
3.838 0.5
3.836 0.5
3.833 0.5
3.83 0.5
3.827 0.5
3.824 0.5
3.822 0.5
3.819 0.5
3.816 0.5
3.813 0.5
3.81 0.5
3.807 0.5
3.805 0.5
3.802 0.5
3.799 0.5
3.796 0.5
3.794 0.5
3.791 0.5
3.788 0.5
3.785 0.5
3.782 0.5
3.78 0.5
3.777 0.5
3.774 0.5
3.771 0.5
3.769 0.5
3.766 0.5
3.763 0.5
3.761 0.5
3.758 0.5
3.755 0.5
3.752 0.5
3.75 0.5
3.747 0.5
3.744 0.5
3.742 0.5
3.739 0.5
3.736 0.5
3.733 0.5
3.731 0.5
3.728 0.5
3.725 0.5
3.723 0.5
3.72 0.5
3.717 0.5
3.715 0.5
3.712 0.5
3.709 0.5
3.707 0.5
3.704 0.5
3.702 0.5
3.699 0.5
3.696 0.5
3.694 0.5
3.691 0.5
3.688 0.5
3.686 0.5
3.683 0.5
3.68 0.5
3.678 0.5
3.675 0.5
3.673 0.5
3.67 0.5
3.667 0.5
3.665 0.5
3.662 0.5
3.66 0.5
3.657 0.5
3.655 0.5
3.652 0.5
3.649 0.5
3.647 0.5
3.644 0.5
3.642 0.5
3.639 0.5
3.637 0.5
3.634 0.5
3.632 0.5
3.629 0.5
3.626 0.5
3.624 0.5
3.621 0.5
3.619 0.5
3.616 0.5
3.614 0.5
3.611 0.5
3.609 0.5
3.606 0.5
3.604 0.5
3.601 0.5
3.599 0.5
3.596 0.5
3.594 0.5
3.591 0.5
3.589 0.5
3.586 0.5
3.584 0.5
3.581 0.5
3.579 0.5
3.576 0.5
3.574 0.5
3.571 0.5
3.569 0.5
3.567 0.5
3.564 0.5
3.562 0.5
3.559 0.5
3.557 0.5
3.554 0.5
3.552 0.5
3.549 0.5
3.547 0.5
3.545 0.5
3.542 0.5
3.54 0.5
3.537 0.5
3.535 0.5
3.533 0.5
3.53 0.5
3.528 0.5
3.525 0.5
3.523 0.5
3.521 0.5
3.518 0.5
3.516 0.5
3.513 0.5
3.511 0.5
3.509 0.5
3.506 0.5
3.504 0.5
3.502 0.5
3.499 0.5
3.497 0.5
3.494 0.5
3.492 0.5
3.49 0.5
3.487 0.5
3.485 0.5
3.483 0.5
3.48 0.5
3.478 0.5
3.476 0.5
3.473 0.5
3.471 0.5
3.469 0.5
3.466 0.5
3.464 0.5
3.462 0.5
3.46 0.5
3.457 0.5
3.455 0.5
3.453 0.5
3.45 0.5
3.448 0.5
3.446 0.5
3.443 0.5
3.441 0.5
3.439 0.5
3.437 0.5
3.434 0.5
3.432 0.5
3.43 0.5
3.428 0.5
3.425 0.5
3.423 0.5
3.421 0.5
3.418 0.5
3.416 0.5
3.414 0.5
3.412 0.5
3.409 0.5
3.407 0.5
3.405 0.5
3.403 0.5
3.401 0.5
3.398 0.5
3.396 0.5
3.394 0.5
3.392 0.5
3.389 0.5
3.387 0.5
3.385 0.5
3.383 0.5
3.381 0.5
3.378 0.5
3.376 0.5
3.374 0.5
3.372 0.5
3.37 0.5
3.367 0.5
3.365 0.5
3.363 0.5
3.361 0.5
3.359 0.5
3.357 0.5
3.354 0.5
3.352 0.5
3.35 0.5
3.348 0.5
3.346 0.5
3.344 0.5
3.341 0.5
3.339 0.5
3.337 0.5
3.335 0.5
3.333 0.5
3.331 0.5
3.329 0.5
3.326 0.5
3.324 0.5
3.322 0.5
3.32 0.5
3.318 0.5
3.316 0.5
3.314 0.5
3.312 0.5
3.309 0.5
3.307 0.5
3.305 0.5
3.303 0.5
3.301 0.5
3.299 0.5
3.297 0.5
3.295 0.5
3.293 0.5
3.291 0.5
3.288 0.5
3.286 0.5
3.284 0.5
3.282 0.5
3.28 0.5
3.278 0.5
3.276 0.5
3.274 0.5
3.272 0.5
3.27 0.5
3.268 0.5
3.266 0.5
3.264 0.5
3.262 0.5
3.259 0.5
3.257 0.5
3.255 0.5
3.253 0.5
3.251 0.5
3.249 0.5
3.247 0.5
3.245 0.5
3.243 0.5
3.241 0.5
3.239 0.5
3.237 0.5
3.235 0.5
3.233 0.5
3.231 0.5
3.229 0.5
3.227 0.5
3.225 0.5
3.223 0.5
3.221 0.5
3.219 0.5
3.217 0.5
3.215 0.5
3.213 0.5
3.211 0.5
3.209 0.5
3.207 0.5
3.205 0.5
3.203 0.5
3.201 0.5
3.199 0.5
3.197 0.5
3.195 0.5
3.193 0.5
3.191 0.5
3.189 0.5
3.187 0.5
3.185 0.5
3.183 0.5
3.182 0.5
3.18 0.5
3.178 0.5
3.176 0.5
3.174 0.5
3.172 0.5
3.17 0.5
3.168 0.5
3.166 0.5
3.164 0.5
3.162 0.5
3.16 0.5
3.158 0.5
3.156 0.5
3.154 0.5
3.152 0.5
3.151 0.5
3.149 0.5
3.147 0.5
3.145 0.5
3.143 0.5
3.141 0.5
3.139 0.5
3.137 0.5
3.135 0.5
3.133 0.5
3.132 0.5
3.13 0.5
3.128 0.5
3.126 0.5
3.124 0.5
3.122 0.5
3.12 0.5
3.118 0.5
3.117 0.5
3.115 0.5
3.113 0.5
3.111 0.5
3.109 0.5
3.107 0.5
3.105 0.5
3.103 0.5
3.102 0.5
3.1 0.5
3.098 0.5
3.096 0.5
3.094 0.5
3.092 0.5
3.091 0.5
3.089 0.5
3.087 0.5
3.085 0.5
3.083 0.5
3.081 0.5
3.079 0.5
3.078 0.5
3.076 0.5
3.074 0.5
3.072 0.5
3.07 0.5
3.069 0.5
3.067 0.5
3.065 0.5
3.063 0.5
3.061 0.5
3.06 0.5
3.058 0.5
3.056 0.5
3.054 0.5
3.052 0.5
3.051 0.5
3.049 0.5
3.047 0.5
3.045 0.5
3.043 0.5
3.042 0.5
3.04 0.5
3.038 0.5
3.036 0.5
3.034 0.5
3.033 0.5
3.031 0.5
3.029 0.5
3.027 0.5
3.026 0.5
3.024 0.5
3.022 0.5
3.02 0.5
3.019 0.5
3.017 0.5
3.015 0.5
3.013 0.5
3.012 0.5
3.01 0.5
3.008 0.5
3.006 0.5
3.005 0.5
3.003 0.5
3.001 0.5
2.999 0.5
2.998 0.5
2.996 0.5
2.994 0.5
2.992 0.5
2.991 0.5
2.989 0.5
2.987 0.5
2.986 0.5
2.984 0.5
2.982 0.5
2.98 0.5
2.979 0.5
2.977 0.5
2.975 0.5
2.974 0.5
2.972 0.5
2.97 0.5
2.968 0.5
2.967 0.5
2.965 0.5
2.963 0.5
2.962 0.5
2.96 0.5
2.958 0.5
2.957 0.5
2.955 0.5
2.953 0.5
2.952 0.5
2.95 0.5
2.948 0.5
2.947 0.5
2.945 0.5
2.943 0.5
2.942 0.5
2.94 0.5
2.938 0.5
2.937 0.5
2.935 0.5
2.933 0.5
2.932 0.5
2.93 0.5
2.928 0.5
2.927 0.5
2.925 0.5
2.923 0.5
2.922 0.5
2.92 0.5
2.918 0.5
2.917 0.5
2.915 0.5
2.913 0.5
2.912 0.5
2.91 0.5
2.909 0.5
2.907 0.5
2.905 0.5
2.904 0.5
2.902 0.5
2.9 0.5
2.899 0.5
2.897 0.5
2.896 0.5
2.894 0.5
2.892 0.5
2.891 0.5
2.889 0.5
2.887 0.5
2.886 0.5
2.884 0.5
2.883 0.5
2.881 0.5
2.879 0.5
2.878 0.5
2.876 0.5
2.875 0.5
2.873 0.5
2.871 0.5
2.87 0.5
2.868 0.5
2.867 0.5
2.865 0.5
2.864 0.5
2.862 0.5
2.86 0.5
2.859 0.5
2.857 0.5
2.856 0.5
2.854 0.5
2.853 0.5
2.851 0.5
2.849 0.5
2.848 0.5
2.846 0.5
2.845 0.5
2.843 0.5
2.842 0.5
2.84 0.5
2.838 0.5
2.837 0.5
2.835 0.5
2.834 0.5
2.832 0.5
2.831 0.5
2.829 0.5
2.828 0.5
2.826 0.5
2.825 0.5
2.823 0.5
2.821 0.5
2.82 0.5
2.818 0.5
2.817 0.5
2.815 0.5
2.814 0.5
2.812 0.5
2.811 0.5
2.809 0.5
2.808 0.5
2.806 0.5
2.805 0.5
2.803 0.5
2.802 0.5
2.8 0.5
2.799 0.5
2.797 0.5
2.796 0.5
2.794 0.5
2.793 0.5
2.791 0.5
2.79 0.5
2.788 0.5
2.787 0.5
2.785 0.5
2.784 0.5
2.782 0.5
2.781 0.5
2.779 0.5
2.778 0.5
2.776 0.5
2.775 0.5
2.773 0.5
2.772 0.5
2.77 0.5
2.769 0.5
2.767 0.5
2.766 0.5
2.764 0.5
2.763 0.5
2.761 0.5
2.76 0.5
2.758 0.5
2.757 0.5
2.756 0.5
2.754 0.5
2.753 0.5
2.751 0.5
2.75 0.5
2.748 0.5
2.747 0.5
2.745 0.5
2.744 0.5
2.742 0.5
2.741 0.5
2.74 0.5
2.738 0.5
2.737 0.5
2.735 0.5
2.734 0.5
2.732 0.5
2.731 0.5
2.729 0.5
2.728 0.5
2.727 0.5
2.725 0.5
2.724 0.5
2.722 0.5
2.721 0.5
2.719 0.5
2.718 0.5
2.717 0.5
2.715 0.5
2.714 0.5
2.712 0.5
2.711 0.5
2.709 0.5
2.708 0.5
2.707 0.5
2.705 0.5
2.704 0.500389865373055
2.702 0.5010317917199797
2.701 0.5016720706196792
2.7 0.5034264997069583
2.698 0.5057183183993689
2.697 0.5089789022364115
2.695 0.5123954408395686
2.694 0.5155221307418474
2.693 0.5190832415518938
2.691 0.5237298780393339
2.69 0.5278104112805919
2.688 0.5318225703795579
2.687 0.5350861607022325
2.686 0.5370947219669345
2.684 0.5385575410003351
2.683 0.5402089074828809
2.681 0.5418596697110427
2.68 0.5435362642237921
2.679 0.5437010753953906
2.677 0.5426881720430108
2.676 0.5413777651036787
2.675 0.539461004753951
2.673 0.5385224734232165
2.672 0.537801466106066
2.67 0.535801266439357
2.669 0.5324868678231126
2.668 0.5286334972694082
2.666 0.5255062899874126
2.665 0.5242110529839819
2.664 0.5233109801727708
2.662 0.52285342927106
2.661 0.5227174229667996
2.659 0.5220781046785476
2.658 0.521619442204488
2.657 0.5223588442876047
2.655 0.5237370081536213
2.654 0.5252283012221228
2.653 0.5257284979665916
2.651 0.5256215625957147
2.65 0.5256134989528037
2.649 0.5248409305967958
2.647 0.5236760326298071
2.646 0.5230562727190988
2.645 0.52329341507576
2.643 0.5234118549634642
2.642 0.522411388148554
2.64 0.5212986002630295
2.639 0.5212414299706171
2.638 0.5212940784087808
2.636 0.5209263794842242
2.635 0.521066202962072
2.634 0.5219444444444445
2.632 0.5219471249794557
2.631 0.520594825830108
2.63 0.5197613635052332
2.628 0.5201205804794617
2.627 0.5201643611398433
2.626 0.5189374251429346
2.624 0.5173165034588088
2.623 0.5160232456972036
2.622 0.5146225106784269
2.62 0.5128096210073372
2.619 0.5115653133977468
2.618 0.5103169258900369
2.617 0.5084307369937465
2.615 0.5061830307440818
2.614 0.5049330895637028
2.613 0.504806163102253
2.611 0.5046267172083769
2.61 0.5044958682997103
2.609 0.5045924960750179
2.607 0.50498966920144
2.606 0.5055480637522962
2.605 0.5059205783827333
2.603 0.5062451975305371
2.602 0.5061620464564259
2.601 0.5056950261849414
2.599 0.5049511755407171
2.598 0.5038905158105065
2.597 0.5032849640393985
2.596 0.5031156825316695
2.594 0.5028649314565804
2.593 0.5026117298008818
2.592 0.5026599763441869
2.59 0.503510677552972
2.589 0.5050745773775911
2.588 0.5063961752164362
2.586 0.5074976279856442
2.585 0.5085048131209751
2.584 0.5084154795381272
2.583 0.507664757552835
2.581 0.5070177151696741
2.58 0.5066069807866845
2.579 0.5066659166338527
2.577 0.5060417877573495
2.576 0.5049685940173761
2.575 0.5042453498492117
2.574 0.503528640250208
2.572 0.5031336275517401
2.571 0.5031031827127806
2.57 0.5031076234990732
2.569 0.503030028260114
2.567 0.5018152663903428
2.566 0.5000227085782917
2.565 0.4990890417526736
2.563 0.4983099927354912
2.562 0.4970373286495871
2.561 0.4957362108857971
2.56 0.4951087203805845
2.558 0.49511277245977825
2.557 0.49487231352718075
2.556 0.494236223662885
2.555 0.4947427741702925
2.553 0.4953294828306289
2.552 0.49436283407558146
2.551 0.49379653877099206
2.55 0.4942299099691337
2.548 0.49466490890177467
2.547 0.49400920706598395
2.546 0.4933394674675502
2.545 0.49413814136693984
2.543 0.49490672684734677
2.542 0.4947372787323842
2.541 0.49561753814557036
2.54 0.49726497504159733
2.538 0.4980124929017604
2.537 0.49782393153472837
2.536 0.49819771815446345
2.535 0.49908318402330293
2.533 0.4992181678892632
2.532 0.49824425116918697
2.531 0.49778342717875446
2.53 0.4978607852733616
2.528 0.49740185972146245
2.527 0.4969967284853203
2.526 0.4968312787527239
2.525 0.4970688091773687
2.524 0.49704132649832294
2.522 0.49654636641810374
2.521 0.49626727378620217
2.52 0.4964484454323136
2.519 0.4961668917266531
2.517 0.49535925748119697
2.516 0.4949130274563001
2.515 0.4951568351934862
2.514 0.49531885770503725
2.513 0.4950352938656155
2.511 0.4950331125827815
2.51 0.49603347011022597
2.509 0.4971863248413452
2.508 0.497449253571045
2.506 0.49849540022354055
2.505 0.49930447722567295
2.504 0.5005308971353114
2.503 0.5002372658347983
2.502 0.5011067010614636
2.5 0.5022348595000377
2.498 0.5015833283882418
2.496 0.501259282828991
2.494 0.5022823448542522
2.492 0.5033455216118551
2.49 0.5038693357150116
2.488 0.504690642248941
2.486 0.5060476793293831
2.484 0.506613622946373
2.482 0.5064001570200147
2.48 0.507896389242126
2.478 0.5099767052102329
2.476 0.511869124520771
2.474 0.511985014818216
2.472 0.5135242970992715
2.47 0.5144357631730848
2.468 0.5155732613237914
2.466 0.5165183630533435
2.464 0.5189143324680048
2.462 0.5208500642467072
2.46 0.5213480128893663
2.458 0.5213802040826421
2.456 0.5211835679966986
2.454 0.5214535133237096
2.452 0.5209175287634149
2.45 0.5207718196526907
2.448 0.5210484397876796
2.446 0.519491509398283
2.444 0.5186417173430283
2.442 0.517721201305039
2.44 0.5170309016197092
2.438 0.5174596925555972
2.436 0.5173428813204612
2.434 0.5166775906882134
2.432 0.5164269526779904
2.43 0.5162254254825703
2.428 0.5159689702683425
2.426 0.515912034467264
2.424 0.5155845917550224
2.422 0.5158484907751483
2.42 0.5159217262662117
2.418 0.5163447632576568
2.416 0.5171976036717658
2.414 0.5182172241704883
2.412 0.5184497058257383
2.41 0.5196783082132661
2.408 0.520345293400547
2.406 0.5215057058455805
2.404 0.5221418750937871
2.402 0.5227124669245679
2.4 0.522677392838046
2.398 0.5224400957676251
2.396 0.5221406267162516
2.394 0.5220609387269576
2.392 0.5225256472510618
2.39 0.5223893120163539
2.388 0.5222078938710373
2.386 0.5216755857354859
2.384 0.5217764372448582
2.382 0.5217024940573876
2.38 0.5219247979794294
2.378 0.5221310051255321
2.376 0.5222040743067397
2.374 0.5215010279304927
2.372 0.5207366430427175
2.37 0.5201425163168572
2.368 0.5197104816494615
2.366 0.5192830996615788
2.364 0.5186384571099597
2.362 0.5178500986193294
2.36 0.5171873575598375
2.358 0.5161429908391673
2.356 0.5151029305885175
2.354 0.5146582396848504
2.352 0.5139622965206433
2.35 0.5131556511588253
2.348 0.5122697183742215
2.346 0.5112427112518121
2.344 0.5105650199852536
2.342 0.5096126597279473
2.34 0.5090731363374144
2.338 0.5088277636438506
2.336 0.5084811531696581
2.334 0.5081756302840555
2.332 0.5078677100083084
2.33 0.5073940935389032
2.328 0.5075032008636056
2.326 0.5075560954381658
2.324 0.5072424415501727
2.322 0.5072028250769173
2.32 0.5069331272175297
2.318 0.5065259117082533
2.316 0.5061870254708997
2.314 0.5058058551617873
2.312 0.5055286768392271
2.31 0.505116404731715
2.308 0.5044810966660641
2.306 0.5040457900839137
2.304 0.503253630342357
2.302 0.5025927780899563
2.3 0.5018226966148177
2.298 0.5009516256938937
2.296 0.499987795203515
2.294 0.49919601148467846
2.292 0.4982492345170971
2.29 0.49728821327629663
2.288 0.4960192228225103
2.286 0.4947873227689742
2.284 0.49368065635070973
2.282 0.49244713922676475
2.28 0.4912336045673709
2.278 0.4900837017535145
2.276 0.4886777439737889
2.274 0.4869790441787469
2.272 0.4855543437832931
2.27 0.4844430083819588
2.268 0.48384456123586567
2.266 0.48309430988586455
2.264 0.4824563665787658
2.262 0.48223868739765563
2.26 0.4826186660412514
2.258 0.48348570418894415
2.256 0.4848862604760088
2.254 0.48655743341532437
2.252 0.4883399596772854
2.25 0.4900020009337691
2.248 0.49158062086854654
2.246 0.4935182262105467
2.244 0.49523931586456255
2.242 0.4963697442566103
2.24 0.4968570972550964
2.238 0.4969992204441086
2.236 0.4969115579398556
2.234 0.4966120420441991
2.232 0.49588375067289786
2.23 0.49490546579580624
2.228 0.493797928621896
2.226 0.49240063834637887
2.224 0.4912038143947663
2.222 0.4901527009635117
2.22 0.4890376609951667
2.218 0.487735216822279
2.216 0.4862267166764875
2.214 0.4846922115903347
2.212 0.48348940364711684
2.21 0.48229337475906914
2.208 0.4808704757832797
2.206 0.47953733081649863
2.204 0.4784222823187446
2.202 0.4774808848940604
2.2 0.476523891052911
2.198 0.47593949813005193
2.196 0.47629489717971035
2.194 0.4770626392898991
2.192 0.47795404940575814
2.19 0.4793740999095543
2.188 0.4813813262263628
2.186 0.4836391371183023
2.184 0.4862198268538531
2.182 0.4894636053302461
2.18 0.4931571664864177
2.178 0.4966206651806897
2.176 0.49989425421287226
2.174 0.5030217687020556
2.172 0.5061460794587466
2.17 0.509042479177848
2.168 0.5115331083679968
2.166 0.5137514229698963
2.164 0.5152702878369488
2.162 0.5157376534735025
2.16 0.5157044348824316
2.158 0.5153511502661644
2.156 0.5140972084850882
2.154 0.5122764403737855
2.152 0.5098395573356794
2.15 0.5071004299907997
2.148 0.5039586561717738
2.146 0.5006780559578646
2.144 0.49794080732635043
2.142 0.4956093069648783
2.14 0.4935386149244574
2.138 0.49249298732353347
2.136 0.4924893648794048
2.134 0.49321201175462226
2.132 0.49463188130854346
2.13 0.49680852282927984
2.128 0.5000152596040134
2.126 0.5032341920999568
2.124 0.5061628296485778
2.122 0.5091175073620214
2.12 0.5118172059732742
2.118 0.5137400161179867
2.116 0.5151720758415319
2.114 0.5159960347857432
2.112 0.5163779015194295
2.11 0.5158161992725703
2.108 0.5146940664630194
2.106 0.5137827536045078
2.104 0.5128285918408471
2.102 0.511712742618494
2.1 0.5107025654972351
2.098 0.5097166956735248
2.096 0.5088265313456866
2.094 0.5081534188523651
2.092 0.5075553051187771
2.09 0.5075034833793044
2.088 0.5072177082003942
2.086 0.506944689874536
2.084 0.5066682644185357
2.082 0.506540105147741
2.08 0.5063701969416046
2.078 0.5062400313400678
2.076 0.5060116534663829
2.074 0.5057871780501474
2.072 0.5057046898281126
2.07 0.5054895957440912
2.068 0.5053448943467197
2.066 0.5049576708437876
2.064 0.5045629368219352
2.062 0.5040003578814793
2.06 0.5035479514660856
2.058 0.5032093748069226
2.056 0.5028980589346249
2.054 0.5022353315998808
2.052 0.5015695443357763
2.05 0.5006107679937041
2.048 0.4999777646265997
2.046 0.4995519284179994
2.044 0.49915502979631765
2.042 0.4984349851032499
2.04 0.4974777697380378
2.038 0.4966005548993215
2.036 0.49570701862927063
2.034 0.49500704421840175
2.032 0.4942738211112722
2.03 0.4934844624162189
2.028 0.4923764604548423
2.026 0.4908169882231534
2.024 0.4894736657954494
2.022 0.4883268003726425
2.02 0.4867120743034055
2.018 0.48480109436395435
2.016 0.48252242554718333
2.014 0.4799684445554192
2.012 0.4776032831737345
2.01 0.4751767304860088
2.008 0.47291655048054576
2.006 0.471140228624235
2.004 0.4685829765735103
2.002 0.46685166634042247
2.0 0.46594116527998314
1.998 0.4656386938698582
1.996 0.46594203474103074
1.994 0.46646553631408516
1.992 0.4667956341125682
1.99 0.4678766688381835
1.988 0.46854239610926807
1.986 0.469585921937975
1.984 0.4706314023199626
1.982 0.4706248449529745
1.98 0.4697617701116923
1.978 0.46888659978502334
1.976 0.46782270282038957
1.974 0.46693910948891687
1.972 0.4669199893957926
1.97 0.4676287344242606
1.968 0.4697120158887785
1.966 0.47278830813644307
1.964 0.4775871267696882
1.962 0.4847426453070055
1.96 0.4935794848346289
1.958 0.5032313473911971
1.956 0.5139080026392686
1.954 0.5248748772159596
1.952 0.5350026401356196
1.95 0.5448044060025391
1.948 0.5533020034627751
1.946 0.5609714157220143
1.944 0.5670870990167841
1.942 0.5710231585339113
1.94 0.5737174872581727
1.938 0.5751001602564103
1.936 0.5752167917163359
1.934 0.5749443173381414
1.932 0.5739169568553384
1.93 0.5722644905452016
1.928 0.5706274036280388
1.926 0.5682010242626021
1.924 0.5662126096607124
1.922 0.5643262059957146
1.92 0.5626889164816696
1.918 0.5610083550466685
1.916 0.5594879383282517
1.914 0.5580303065598211
1.912 0.5569584928011664
1.91 0.5554639542785843
1.908 0.5541561575481603
1.906 0.552873907028667
1.904 0.5514192331143054
1.902 0.5500232164983364
1.9 0.5480519807590601
1.898 0.5462274465569359
1.896 0.5441437061704688
1.894 0.5418739466669853
1.892 0.5398485343973726
1.89 0.5379318653618032
1.888 0.5358025480907592
1.886 0.533909257107863
1.884 0.5317175829523965
1.882 0.5300816643215023
1.88 0.5284962754639961
1.878 0.5268157525939322
1.876 0.5256160307867054
1.874 0.5241130418899939
1.872 0.522687135324035
1.87 0.5212813116619898
1.868 0.5199099513942184
1.866 0.5184584269115335
1.864 0.5170684939801592
1.862 0.5153546959820292
1.86 0.5142226674446996
1.858 0.5130749439984789
1.856 0.511827698799615
1.854 0.5109267403931863
1.852 0.5100696658263093
1.85 0.5092940338455387
1.848 0.5088480091254459
1.846 0.5082055944433101
1.844 0.5078232168176107
1.842 0.5073359679857169
1.84 0.5066879376391131
1.838 0.506150951381462
1.836 0.5054710379188377
1.834 0.5048132606755653
1.832 0.5042496460997061
1.83 0.5033219132706177
1.828 0.5027836814115825
1.826 0.5020703113204699
1.824 0.5015820517268689
1.822 0.5007813309959378
1.82 0.500298649201184
1.818 0.499668333791887
1.816 0.49908507226138854
1.814 0.4984304137519903
1.812 0.49780883035704176
1.81 0.4972062813761546
1.808 0.49660863709958086
1.806 0.496107630181303
1.804 0.49593146209646244
1.802 0.49574260507774537
1.8 0.49566360352078165
1.798 0.4956767017399706
1.796 0.4956321357494501
1.794 0.49616026392822077
1.792 0.49660287190918606
1.79 0.49741593177448273
1.788 0.4977676863513244
1.786 0.49836345633425716
1.784 0.49869265145608926
1.782 0.4990717192756342
1.78 0.49944564862946694
1.778 0.5000220630696829
1.776 0.5006034997227163
1.774 0.5007560261423862
1.772 0.5010067847705105
1.77 0.5013058932865779
1.768 0.5013853547121222
1.766 0.5016794910586729
1.764 0.5019255897776341
1.762 0.5022285731775437
1.76 0.5024744813143223
1.758 0.5024920447365457
1.756 0.5027153763307631
1.754 0.502778883911815
1.752 0.5027833974387035
1.75 0.5026595643561343
1.748 0.5028376219075432
1.746 0.5028843818314306
1.744 0.5029884534871605
1.742 0.5029195145502395
1.74 0.5025961031026506
1.738 0.5025295045875028
1.736 0.5021961905013582
1.734 0.5022991063850655
1.732 0.5024343296035197
1.73 0.5023891388749311
1.728 0.502297127791015
1.726 0.5020696367472788
1.724 0.5018751676769496
1.722 0.5020004199569544
1.72 0.5020352552689873
1.718 0.50203276011558
1.716 0.5019189078886771
1.714 0.5016793310368443
1.712 0.5014865741147363
1.71 0.5015330206294908
1.708 0.5016372826518941
1.706 0.5016430926696807
1.704 0.5016598360655738
1.702 0.5016044791399099
1.7 0.5017909881493495
1.698 0.5018007403663178
1.696 0.5019847867074088
1.694 0.5021733277630784
1.692 0.5021316779589323
1.69 0.5020633578785789
1.688 0.5020706004370856
1.686 0.5021148360608704
1.684 0.5020838109889134
1.682 0.5021421089288716
1.68 0.5021450595357815
1.678 0.502373642250832
1.676 0.5023891639675405
1.674 0.5024604895960382
1.672 0.5025675238557334
1.67 0.5027057300513235
1.668 0.5028179785749263
1.666 0.502961073609065
1.664 0.5028496731068852
1.662 0.5029315269908963
1.66 0.5028680618478356
1.658 0.5028151212225669
1.656 0.5028462306576579
1.654 0.502882062053062
1.652 0.5029121871943748
1.65 0.502925983422756
1.648 0.502828045067378
1.646 0.5028931045411328
1.644 0.5030136778088002
1.642 0.5030125380859268
1.64 0.5031092450626633
1.638 0.503195938896027
1.636 0.5033260381270518
1.634 0.5034246267597153
1.632 0.5035165328188792
1.63 0.5037284552262873
1.628 0.5039979965297032
1.626 0.5041569498558995
1.624 0.5044070298544182
1.622 0.5045311412494949
1.62 0.504596434475036
1.618 0.5045774710359634
1.616 0.5046066255338673
1.614 0.5046009638767299
1.612 0.504603970273272
1.61 0.5045832276072063
1.608 0.5044925423269769
1.606 0.5043466506563864
1.604 0.5043141885558813
1.602 0.5043256846158822
1.6 0.5042339656777227
1.598 0.5040977174841758
1.596 0.5038881603123765
1.594 0.5036498128122695
1.592 0.503332412249374
1.59 0.502965512572836
1.588 0.5025922997426774
1.586 0.5021117009200673
1.584 0.5015471781098972
1.582 0.5010821518472703
1.58 0.5006139850222245
1.578 0.500099428502261
1.576 0.499699116023628
1.574 0.49932380784382896
1.572 0.49882502777364396
1.57 0.4983093456050777
1.568 0.4978195747954281
1.566 0.49735344174015333
1.564 0.4968654515261057
1.562 0.49635700324826637
1.56 0.4959415852981076
1.558 0.49545717814700324
1.556 0.4950055222357366
1.554 0.49459547928252473
1.552 0.49443865685934063
1.55 0.4943331055214228
1.548 0.4941996993349458
1.546 0.4940399291215734
1.544 0.49397893023626077
1.542 0.4939420478962932
1.54 0.4940160826661834
1.538 0.49421647738504637
1.536 0.49432842641950003
1.534 0.4941113068637562
1.532 0.4936754783127185
1.53 0.4933446177116722
1.528 0.49304233826551425
1.526 0.4927663599496979
1.524 0.4924170400734392
1.522 0.4920074901859965
1.52 0.4914430570517732
1.518 0.49079602629077657
1.516 0.49027880555034
1.514 0.4902558002508316
1.512 0.4903995357813575
1.51 0.4904326154075066
1.508 0.49051607834941513
1.506 0.4905535250291777
1.504 0.4902370360333913
1.502 0.48990362985395136
1.5 0.4897250323318224
1.498 0.48962652434661313
1.496 0.4893710841340808
1.494 0.4887916041517
1.492 0.48824215643977714
1.49 0.48757741645241726
1.488 0.48708197642541184
1.486 0.48723853387065824
1.484 0.4879641804891377
1.482 0.4888584716245055
1.48 0.48995737695190816
1.478 0.49143109698210513
1.476 0.4933335450613449
1.474 0.49572894126623623
1.472 0.4982344450232425
1.47 0.5010013742792989
1.468 0.5038715626962612
1.466 0.5060066111436484
1.464 0.5075710092034275
1.462 0.5086977205153617
1.46 0.5089879466966892
1.458 0.5084977918031097
1.456 0.5069277741847169
1.454 0.5047542291796523
1.452 0.502256412701061
1.45 0.4994147770290544
1.448 0.49685741786320287
1.446 0.4955716833144986
1.444 0.49599886554100503
1.442 0.49790662367745575
1.44 0.5017105178900961
1.438 0.5074346872707862
1.436 0.5149452910848388
1.434 0.5235261270242213
1.432 0.5327389311848623
1.43 0.5423574186029573
1.428 0.5514999623800191
1.426 0.5592988853903949
1.424 0.5655240352847607
1.422 0.5700887532982645
1.42 0.5727458406869064
1.418 0.5736191221432546
1.416 0.5731030043796493
1.414 0.5714379942170374
1.412 0.5690479642797883
1.41 0.5661545139647552
1.408 0.5626338999039614
1.406 0.5590744230059468
1.404 0.5554366592209532
1.402 0.5519889550435757
1.4 0.5488623155110631
1.398 0.5457545608908797
1.396 0.5426658277794731
1.394 0.5394440131146244
1.392 0.5360056359933255
1.39 0.5326494735778907
1.388 0.529641128208539
1.386 0.5266610358045299
1.384 0.5239277610385745
1.382 0.5212592641205519
1.38 0.5186869430528495
1.378 0.5163859628465587
1.376 0.5142934217551354
1.374 0.5126500843264495
1.372 0.5114195531725548
1.37 0.5102639393450271
1.368 0.5093299737579015
1.366 0.5087129090442867
1.364 0.5081603701521202
1.362 0.507896221400722
1.36 0.5077954572533389
1.358 0.5078983171907216
1.356 0.5083115099556512
1.354 0.508762184863157
1.352 0.5094106763750458
1.35 0.5101608716232136
1.348 0.5108776163813553
1.346 0.5118543264321984
1.344 0.51271608555523
1.342 0.5135509635535142
1.34 0.5144305113781721
1.338 0.5149509945347984
1.336 0.5153711072770714
1.334 0.5157608330260351
1.332 0.5159647832981936
1.33 0.5161395851661571
1.328 0.5159610679288955
1.326 0.515647248112191
1.324 0.5152746670043449
1.322 0.5147971829877641
1.32 0.5143164472172378
1.318 0.5138445195858317
1.316 0.513058570933499
1.314 0.5123631043705473
1.312 0.5115322594561843
1.31 0.5107008513732473
1.308 0.5100126733072388
1.306 0.5091590010153516
1.304 0.5083119830380795
1.302 0.5074663384263285
1.3 0.5064490489940046
1.298 0.5055906132358915
1.296 0.5047552037196925
1.294 0.5038397758622941
1.292 0.5030428457266972
1.29 0.5022539384633413
1.288 0.5016026683266285
1.286 0.5009603593015602
1.284 0.5002858362566587
1.282 0.49972307443963165
1.28 0.49930699352080693
1.278 0.49886631412932547
1.276 0.49865472516763737
1.274 0.4984346275973484
1.272 0.49828006952179155
1.27 0.4981078137255996
1.268 0.49798735600227256
1.266 0.49799247223602117
1.264 0.4982464435567039
1.262 0.4983749604216722
1.26 0.4986572398664226
1.258 0.4988802976181047
1.256 0.4991367770274553
1.254 0.49924678636622694
1.252 0.49947465073138314
1.25 0.49972137566680824
1.248 0.5000779434867715
1.246 0.5002665212857622
1.244 0.5003439563096147
1.242 0.5003934938614024
1.24 0.50051970299487
1.238 0.500680434545368
1.236 0.5009944026408054
1.234 0.5014057137746908
1.232 0.501667869195857
1.23 0.5018006566115272
1.228 0.501855970721039
1.226 0.502058611183123
1.224 0.5023714193146511
1.222 0.5026283287911729
1.22 0.5027046068702113
1.218 0.5028737495068413
1.216 0.5027904851578007
1.214 0.5028636873727135
1.212 0.5030200404516642
1.21 0.5033831418506666
1.208 0.5037778419319309
1.206 0.5041866747662573
1.204 0.5046364017494751
1.202 0.5053485653754132
1.2 0.5061180252917845
1.198 0.5070185329945045
1.196 0.5080003656482519
1.194 0.509029047154847
1.192 0.5100592704648392
1.19 0.5111260577558626
1.188 0.5121148120182925
1.186 0.5131515173532687
1.184 0.5140594038460182
1.182 0.5147966815311531
1.18 0.515480456523066
1.178 0.5158848771184603
1.176 0.5161545318030492
1.174 0.5162167281316502
1.172 0.5161619079513026
1.17 0.5159365317078873
1.168 0.5155154666096107
1.166 0.5149035010348898
1.164 0.5142415923129718
1.162 0.513361165468592
1.16 0.5124666440170336
1.158 0.5116186696407835
1.156 0.5108353239895037
1.154 0.5099488401155979
1.152 0.5090819498879953
1.15 0.5082034321997633
1.148 0.5073825643816121
1.146 0.5065443187446468
1.144 0.5058485102186848
1.142 0.5054107921987493
1.14 0.5048403983229515
1.138 0.5042701468230744
1.136 0.5036967425011489
1.134 0.5033285919750861
1.132 0.5029625503253742
1.13 0.5026785587299681
1.128 0.5025239570722098
1.126 0.5024521747083804
1.124 0.5022630635114775
1.122 0.5020655094149624
1.12 0.5019325870253724
1.118 0.5019453969410852
1.116 0.5018834276420774
1.114 0.5018372102325355
1.112 0.5018370597013053
1.11 0.5017987752353209
1.108 0.5017060385940364
1.106 0.5015674741296373
1.104 0.501548713547785
1.102 0.5015421985995633
1.1 0.5015211449689798
1.098 0.5013805290402612
1.096 0.5013491740403316
1.094 0.5012187773562314
1.092 0.5010468882833448
1.09 0.5009007802088501
1.088 0.5008331295929189
1.086 0.500738868697816
1.084 0.5005269442061823
1.082 0.5003116573869804
1.08 0.5001567796906888
1.078 0.49992101726648164
1.076 0.49975488212553776
1.074 0.499590245906934
1.072 0.49939039961135057
1.07 0.49914018155876355
1.068 0.49883869781444573
1.066 0.49864868762506553
1.064 0.49838961427966344
1.062 0.4981641665925153
1.06 0.4979314233853426
1.058 0.4977398276608818
1.056 0.49744942474140164
1.054 0.4971632144544073
1.052 0.49692874789223945
1.05 0.4967246250712635
1.048 0.49652935324948
1.046 0.4963585831148483
1.044 0.4961485505017767
1.042 0.4959628315145542
1.04 0.49580008715382645
1.038 0.4956441555951826
1.036 0.49553914702999957
1.034 0.4955138344633532
1.032 0.49548884573213986
1.03 0.49542126003095044
1.028 0.49543556329080546
1.026 0.49542591421688287
1.024 0.4955092713240453
1.022 0.4955479245737695
1.02 0.4956045777401593
1.018 0.49570677944380365
1.016 0.49575795257724464
1.014 0.4957775277609048
1.012 0.49578577713964384
1.01 0.49574844499365495
1.008 0.49565322788604593
1.006 0.4954171815748201
1.004 0.4950828834010956
1.002 0.49473870426669464
1.0 0.494374312026011
0.998 0.49403840790568077
0.996 0.4938737825260806
0.994 0.49394761479387556
0.992 0.4943528760376338
0.99 0.49517662290847825
0.988 0.496351010549791
0.986 0.4980181099897332
0.984 0.5001101377010012
0.982 0.502466369005702
0.98 0.5048884570265456
0.978 0.5072745472894804
0.976 0.5095543017689089
0.974 0.5114806114392141
0.972 0.5129265492562104
0.97 0.513918669521279
0.968 0.5143567002922049
0.966 0.5142293419956527
0.964 0.5136807937796632
0.962 0.5128261642090806
0.96 0.5118487932630976
0.958 0.5107306700347651
0.956 0.5094984763509335
0.954 0.5083107406982968
0.952 0.5071842126467488
0.95 0.5061814177683885
0.948 0.5054580008429224
0.946 0.5048580894850386
0.944 0.5043338919875058
0.942 0.5038663387869222
0.94 0.5034194947830438
0.938 0.5030699599757915
0.936 0.502792299375097
0.934 0.5026197915226588
0.932 0.5025046348021461
0.93 0.5022610138636153
0.928 0.5019637348812335
0.926 0.5017459402391566
0.924 0.5015123054145354
0.922 0.501224010333538
0.92 0.5010108205569946
0.918 0.5008377384957073
0.916 0.5007185915910275
0.914 0.5006295383995532
0.912 0.5006443485674111
0.91 0.500740528439265
0.908 0.5007993050846167
0.906 0.5008822962702896
0.904 0.5011386036882844
0.902 0.5013478339931113
0.9 0.5015436698888558
0.898 0.5017333834992229
0.896 0.5017768879196697
0.894 0.5017895017416603
0.892 0.5017893350169372
0.89 0.5018230738663423
0.888 0.5018014146012745
0.886 0.5016594077051073
0.884 0.5014292128841932
0.882 0.501182439337531
0.88 0.5008487525267699
0.878 0.5006029702146332
0.876 0.5003011642495335
0.874 0.49991258800798277
0.872 0.4994860600409032
0.87 0.49911780000287637
0.868 0.49884134925844087
0.866 0.49869157519808094
0.864 0.4985878722073564
0.862 0.49862892947449494
0.86 0.4986861092699555
0.858 0.4987758985328962
0.856 0.49906391799754984
0.854 0.49939067366937234
0.852 0.49973618616159965
0.85 0.4999863508351014
0.848 0.5002044127362408
0.846 0.50037247818613
0.844 0.5004187922395976
0.842 0.5004499015982509
0.84 0.5005068316044406
0.838 0.5004388969688417
0.836 0.5003269476140411
0.834 0.5002210904347101
0.832 0.5001254979158246
0.83 0.500057245671886
0.828 0.5000098561308166
0.826 0.4999586830428384
0.824 0.4999298708486385
0.822 0.499892340071935
0.82 0.49985556659971936
0.818 0.49987565451973076
0.816 0.4998726095330533
0.814 0.4998399849540355
0.812 0.49978877848741127
0.81 0.4997550027230347
0.808 0.4997496855899303
0.806 0.4997375347993962
0.804 0.4997450949748813
0.802 0.4997443114999128
0.8 0.499737455932813
0.798 0.4997074685443315
0.796 0.4997078184740687
0.794 0.4997335867421833
0.792 0.49973695617682323
0.79 0.4997338719168436
0.788 0.4997186662120778
0.786 0.49968862919382295
0.784 0.49967150260405385
0.782 0.49965588751395823
0.78 0.49963760078041186
0.778 0.49962995664337995
0.776 0.49960520266136726
0.774 0.4995903389925835
0.772 0.4995826618420652
0.77 0.4995978030466609
0.768 0.49961716645389687
0.766 0.4996794908352628
0.764 0.49973917341545954
0.762 0.49984221840166865
0.76 0.4999787107536546
0.758 0.5001132747345647
0.756 0.5002884648274343
0.754 0.5004650922432949
0.752 0.5006542036191669
0.75 0.5008291546420885
0.748 0.5009603444936831
0.746 0.5010735870258451
0.744 0.501145453634557
0.742 0.5011633377853327
0.74 0.5011538426525788
0.738 0.501121608442625
0.736 0.5010480559225962
0.734 0.5009378076293208
0.732 0.5008295353995709
0.73 0.5007356911293749
0.728 0.5006310039056379
0.726 0.5005411181696129
0.724 0.5004653344733397
0.722 0.5004077451917841
0.72 0.5003414894992925
0.718 0.5002945449073223
0.716 0.5002752150684787
0.714 0.5002717800116575
0.712 0.5002566360643593
0.71 0.5002256121572074
0.708 0.5002203057677788
0.706 0.5002164974862866
0.704 0.5002270561807262
0.702 0.500231943886201
0.7 0.5002447684520662
0.698 0.5002534315232556
0.696 0.5002428297253796
0.694 0.5002307243233283
0.692 0.5002337290238585
0.69 0.5002284279100394
0.688 0.5002306783302061
0.686 0.5002000839597598
0.684 0.5001796852940421
0.682 0.5001491010527667
0.68 0.5001283321053712
0.678 0.5001045458971586
0.676 0.5000928398580381
0.674 0.5000762319383141
0.672 0.5000592471163259
0.67 0.50003698191358
0.668 0.5000071698924894
0.666 0.49999698105460816
0.664 0.500001509413457
0.662 0.499996603750516
0.66 0.49997698055876105
0.658 0.49995924362200417
0.656 0.49994830075526175
0.654 0.49995131990970404
0.652 0.499950942877887
0.65 0.4999728301476681
0.648 0.49999283010751056
0.646 0.5000060378543276
0.644 0.4999856602041987
0.642 0.49998716930777665
0.64 0.5000037738241518
0.638 0.500025662197922
0.636 0.5000350962732286
0.634 0.5000381146746026
0.632 0.5000426425071077
0.63 0.5000426402543623
0.628 0.5000445254791395
0.626 0.5000562205172439
0.624 0.5000856491944826
0.622 0.5001135664778923
0.62 0.5001354425651842
0.618 0.5001433579255052
0.616 0.5001633403824957
0.614 0.5001863385900431
0.612 0.5002033009434824
0.61 0.5002104532665516
0.608 0.5002360788880609
0.606 0.5002496323390777
0.604 0.5002390587270009
0.602 0.5002130337437909
0.6 0.5002032147901156
0.598 0.5001738055112558
0.596 0.5001462744500759
0.594 0.5001146009098708
0.592 0.5000942393377613
0.59 0.500064458297743
0.588 0.500016585023121
0.586 0.49997361561111514
0.584 0.4999634395746628
0.582 0.49995476907350483
0.58 0.4999374319666866
0.578 0.49993365900729747
0.576 0.49991254721319633
0.574 0.49987974307994937
0.572 0.4998571192680888
0.57 0.49984089736900056
0.568 0.4998310828644123
0.566 0.49979863311859224
0.564 0.4997518509355748
0.562 0.49972844248185466
0.56 0.49969673789554203
0.558 0.4996650108343343
0.556 0.49964799492931605
0.554 0.49962566489763144
0.552 0.4996041070216847
0.55 0.4995916007138306
0.548 0.4995987416417092
0.546 0.49961302618057224
0.544 0.49962051213115105
0.542 0.4996064728791079
0.54 0.4996166243757398
0.538 0.49963545369581946
0.536 0.49965695045578734
0.534 0.4996882555080528
0.532 0.4997078677672708
0.53 0.4997172779460168
0.528 0.4997157475838545
0.526 0.4997315982229534
0.524 0.49977165220968073
0.522 0.49981813383383716
0.52 0.49985367126322916
0.518 0.49988088782809736
0.516 0.4998907146806108
0.514 0.49989486391305926
0.512 0.49988577532081246
0.51 0.49988160022030687
0.508 0.4998592661866585
0.506 0.499812704180821
0.504 0.4997260099786863
0.502 0.499616551354486
0.5 0.49949759626123785
0.498 0.4993922125960815
0.496 0.49930194417825985
0.494 0.49923131652104996
0.492 0.4991659422503113
0.49 0.49911343821471704
0.488 0.4990802565272973
0.486 0.49908686603930413
0.484 0.49912797291443667
0.482 0.49920625405030494
0.48 0.4992823164441758
0.478 0.4993470196000419
0.476 0.49940456480066586
0.474 0.4994579639042704
0.472 0.49951518872684597
0.47 0.49955686831311996
0.468 0.49957766578043633
0.466 0.4995874659611891
0.464 0.4995569429137107
0.462 0.4995073854148044
0.46 0.49944714551297514
0.458 0.4994039971014317
0.456 0.49935359497128873
0.454 0.49929744315001356
0.452 0.4992378298452273
0.45 0.4991785502555029
0.448 0.4991260800134156
0.446 0.4990724538228398
0.444 0.49906224139180316
0.442 0.4990676566901356
0.44 0.49906348888932983
0.438 0.49905704748204943
0.436 0.49905097251448366
0.434 0.49906400380205473
0.432 0.4990812462642189
0.43 0.4991000180455175
0.428 0.49912991065042905
0.426 0.4991445117136089
0.424 0.49915533752436975
0.422 0.49916235593900365
0.42 0.4991904192203821
0.418 0.49920968936923027
0.416 0.46985377822747176
0.414 0.4368196370477863
0.412 0.399375960688467
0.41 0.35658838315384805
0.408 0.30721323972043535
0.406 0.24960600029909466
0.404 0.18153304725554847
0.402 0.09983416893228819
0.4 0.0
