0.4 1.0
0.401 1.0
0.402 0.9002935481856225
0.403 0.8186564961747146
0.404 0.7507595305476944
0.405 0.693235277175061
0.406 0.6439132643512205
0.407 0.6011195302298115
0.408 0.5636434501305686
0.409 0.5306056582875501
0.41 0.5012984674621368
0.411 0.50134616050109
0.412 0.5013905415502116
0.413 0.5013689159292035
0.414 0.5013096694380516
0.415 0.5012605593429896
0.416 0.5012907946325031
0.417 0.5013351180906777
0.418 0.5013963687516808
0.419 0.5014301369485358
0.42 0.5013948106157142
0.421 0.5014075975854023
0.422 0.5014137216997682
0.423 0.5014677271883571
0.424 0.5015324564658667
0.425 0.5015043275175161
0.426 0.5015272048376358
0.427 0.5015401291101552
0.428 0.501498001521997
0.429 0.5014766645881442
0.43 0.5014314676310239
0.431 0.501399716634383
0.432 0.5013887178645213
0.433 0.501391005967313
0.434 0.5014618285152194
0.435 0.5014340540023764
0.436 0.5013580465966943
0.437 0.5013232926795994
0.438 0.5013157535927572
0.439 0.5013185240707302
0.44 0.5012738766723889
0.441 0.5012119891601869
0.442 0.5011332929477187
0.443 0.5009864348204688
0.444 0.5009144123625832
0.445 0.5009073916737469
0.446 0.5008764182349345
0.447 0.500831991958543
0.448 0.500804442422967
0.449 0.5008717833906607
0.45 0.5009393205694249
0.451 0.5009660558481971
0.452 0.5010098408653455
0.453 0.5010772211758648
0.454 0.5010530307647508
0.455 0.5011102085025724
0.456 0.5011874234602399
0.457 0.5012478779311603
0.458 0.5012136332596363
0.459 0.5010913710729226
0.46 0.5010740195349968
0.461 0.5010836320917137
0.462 0.5010562976261989
0.463 0.5010490383253166
0.464 0.5010149648302884
0.465 0.5009573119758379
0.466 0.50088267795057
0.467 0.5008822618229819
0.468 0.5009324150559786
0.469 0.5009187279151943
0.47 0.5008747140357961
0.471 0.5008910618094271
0.472 0.5008908341569348
0.473 0.5008669354838711
0.474 0.5008700559657621
0.475 0.5008564461849521
0.476 0.5008360024979351
0.477 0.5007585419883198
0.478 0.5007682243617699
0.479 0.5007881515665771
0.48 0.5006875272495557
0.481 0.5006034436517728
0.482 0.5005430264675123
0.483 0.5005227391531626
0.484 0.5005259384819473
0.485 0.5004656148460791
0.486 0.500485544177823
0.487 0.5004720866228732
0.488 0.5004083107981473
0.489 0.500475043489897
0.49 0.5005854213360987
0.491 0.5006420717515182
0.492 0.5006687800115031
0.493 0.5006418742728768
0.494 0.5006650491601665
0.495 0.5007151545936985
0.496 0.500704869949824
0.497 0.5007214718024771
0.498 0.5006912673234263
0.499 0.5006742143066941
0.5 0.5006740433256364
0.501 0.5006370956444006
0.502 0.5006603345695152
0.503 0.5006635412429228
0.504 0.5006466408010346
0.505 0.5006165967856976
0.506 0.5005964161718744
0.507 0.5005763477542428
0.508 0.500506383092135
0.509 0.5004395955720737
0.51 0.5004128709179053
0.511 0.5004094186255517
0.512 0.5003827286221103
0.513 0.5003327742725554
0.514 0.5003393168420912
0.515 0.5003792011495782
0.516 0.500409004755096
0.517 0.5004554733265512
0.518 0.5004887520530911
0.519 0.5004886415764176
0.52 0.5004686471718307
0.521 0.5004585509789066
0.522 0.5005082887611707
0.523 0.5004916943521593
0.524 0.5004052456054103
0.525 0.5003421176751941
0.526 0.500249065175375
0.527 0.5002091730691334
0.528 0.5002091730691334
0.529 0.5001925349550531
0.53 0.5001958402209343
0.531 0.5001294382380469
0.532 0.5000895908683678
0.533 0.500109502857029
0.534 0.5001327245699724
0.535 0.5001460047783381
0.536 0.5001327333784625
0.537 0.5001327175240218
0.538 0.5000995447486827
0.539 0.5000497694017718
0.54 0.5000099538803544
0.541 0.5000033180481914
0.542 0.500033173657462
0.543 0.5000165871588851
0.544 0.5000331701362629
0.545 0.5000796030461432
0.546 0.5000663402725258
0.547 0.5000563836208898
0.548 0.5000696577482635
0.549 0.5001227221768926
0.55 0.5001558924010747
0.551 0.5001824248575427
0.552 0.5002652308834841
0.553 0.5004242568875454
0.554 0.5005301243141517
0.555 0.5006888329580077
0.556 0.5008938739836322
0.557 0.5010292492106884
0.558 0.5011614132844503
0.559 0.501237116130142
0.56 0.5012964334850248
0.561 0.5012534643903666
0.562 0.5010614166771375
0.563 0.500899161663978
0.564 0.5006544762206974
0.565 0.5003701255783212
0.566 0.5001552743731209
0.567 0.49992733038250653
0.568 0.4997886337816059
0.569 0.49958390024173416
0.57 0.49950140333498433
0.571 0.4995079617729226
0.572 0.49946158775458965
0.573 0.499458245243129
0.574 0.49948780310490454
0.575 0.49955379866073496
0.576 0.4995901314223762
0.577 0.49963964321372134
0.578 0.49972231037765785
0.579 0.49976522561487735
0.58 0.49977514119810057
0.581 0.499811514169505
0.582 0.499920626521325
0.583 0.5000165342821806
0.584 0.5000661489409554
0.585 0.5001389035876812
0.586 0.5001686563709117
0.587 0.5001918141651454
0.588 0.5001884658876743
0.589 0.5002314692344321
0.59 0.5002942596229509
0.591 0.5003272792187613
0.592 0.5003338600167921
0.593 0.5003403630980312
0.594 0.50035690208986
0.595 0.5003271105237073
0.596 0.5003600806051998
0.597 0.5004260941370768
0.598 0.500498583494575
0.599 0.5005645464809936
0.6 0.5005742953330252
0.601 0.5005807737490265
0.602 0.500590599243769
0.603 0.5006035819123322
0.604 0.5006727610906644
0.605 0.5007089205283601
0.606 0.5006593522523473
0.607 0.5005604124635733
0.608 0.5004350348027843
0.609 0.5003328477929885
0.61 0.5002438413581304
0.611 0.5002108564726349
0.612 0.5001877754864044
0.613 0.5001284441136369
0.614 0.5000493963762819
0.615 0.500023047392023
0.616 0.5000526731630234
0.617 0.500105349100582
0.618 0.5001711697477221
0.619 0.5002896451846488
0.62 0.500332427112887
0.621 0.5003258186605233
0.622 0.5002929115407146
0.623 0.5002830027247239
0.624 0.5003455015695643
0.625 0.5003388804442953
0.626 0.500361827822586
0.627 0.5003848051307351
0.628 0.5003814183501684
0.629 0.500348445800242
0.63 0.5003845370108656
0.631 0.5004830092461771
0.632 0.5005979210744181
0.633 0.5006405076762381
0.634 0.5006666185037534
0.635 0.5006927799848967
0.636 0.5007155329735975
0.637 0.5006891934467549
0.638 0.5007217847769029
0.639 0.5007380194837143
0.64 0.5007214628643387
0.641 0.5006916717476676
0.642 0.5006423196916865
0.643 0.5006912185757622
0.644 0.5007237122179651
0.645 0.5007235605728242
0.646 0.5007592418054246
0.647 0.5007689941556444
0.648 0.5007589040378929
0.649 0.5007782966422059
0.65 0.5007422424222607
0.651 0.5007452539093143
0.652 0.5007255376168377
0.653 0.5006730002744273
0.654 0.5006335728282169
0.655 0.500620396008568
0.656 0.500607041683529
0.657 0.5006232745736605
0.658 0.5006132887937784
0.659 0.5006195948501885
0.66 0.5006684186844216
0.661 0.500664928292047
0.662 0.5006485845213186
0.663 0.500661431690072
0.664 0.5006937794367684
0.665 0.5007164350193437
0.666 0.5007193588917316
0.667 0.5007452340816048
0.668 0.5008002290086269
0.669 0.5008064306339586
0.67 0.5008224700107279
0.671 0.5008676098810042
0.672 0.5009162269643647
0.673 0.5008867609513353
0.674 0.5008572319201995
0.675 0.5008278521942953
0.676 0.500752943620101
0.677 0.5006814553289807
0.678 0.5006001154816818
0.679 0.5005545358437701
0.68 0.5005025516655535
0.681 0.5004504884072156
0.682 0.5004503833118402
0.683 0.5004502957698114
0.684 0.5004663454064977
0.685 0.5005309780356403
0.686 0.5006084851309537
0.687 0.5006537470710837
0.688 0.5006762397188913
0.689 0.5007374726682279
0.69 0.5007535526937084
0.691 0.500756547041707
0.692 0.5007725077735614
0.693 0.5007691313340227
0.694 0.5007559604574529
0.695 0.5006943951011232
0.696 0.5007005106948937
0.697 0.5007519573482047
0.698 0.5006937497983287
0.699 0.5007063194628102
0.7 0.5007158703952121
0.701 0.5007156396270938
0.702 0.5007476057282066
0.703 0.5007603386728867
0.704 0.5007794081651057
0.705 0.5007728672085324
0.706 0.5007146260123868
0.707 0.5007689783206029
0.708 0.500804272294428
0.709 0.5007813957077902
0.71 0.5008037138007304
0.711 0.5007617394658181
0.712 0.5007293360150622
0.713 0.5007227522405319
0.714 0.5007577508926049
0.715 0.5007993322846778
0.716 0.500776686565248
0.717 0.5007121684567117
0.718 0.5007440571641159
0.719 0.5007661582453373
0.72 0.5008043376551795
0.721 0.5008393992208325
0.722 0.5008998968801439
0.723 0.5008965163934426
0.724 0.5008385502682081
0.725 0.5008351198284965
0.726 0.5008445513640783
0.727 0.5008155354709958
0.728 0.5007322704220307
0.729 0.5006712610758077
0.73 0.50064863275883
0.731 0.5005591018587741
0.732 0.5004694775704696
0.733 0.500482147760727
0.734 0.5005266551334513
0.735 0.5005328891526742
0.736 0.500520025777965
0.737 0.5005868170278993
0.738 0.5006154925534968
0.739 0.5005739356681888
0.74 0.5006151237578006
0.741 0.5007074659970172
0.742 0.5007359734922101
0.743 0.5006721757468796
0.744 0.5006305250554098
0.745 0.5006843864395989
0.746 0.5007001642203354
0.747 0.5006553496895043
0.748 0.5007188112261776
0.749 0.500734625341076
0.75 0.5006771147916204
0.751 0.5006388212635312
0.752 0.5006418077372782
0.753 0.5006672004270083
0.754 0.500616248634088
0.755 0.5005271313890864
0.756 0.500507981661862
0.757 0.5004888019907572
0.758 0.5004379061738424
0.759 0.5003871147890542
0.76 0.5003584775174321
0.761 0.5003425743830489
0.762 0.500323456289005
0.763 0.5003202587436979
0.764 0.5002822046205458
0.765 0.5002980040072028
0.766 0.5002599411645364
0.767 0.5002535464814087
0.768 0.500288345152316
0.769 0.5003168607967148
0.77 0.5003294725904149
0.771 0.5003421055965942
0.772 0.5003768374785457
0.773 0.5004653872211634
0.774 0.5004843948863097
0.775 0.500490615009654
0.776 0.5005190727588085
0.777 0.5005632198455893
0.778 0.5005820132597804
0.779 0.5006072490353596
0.78 0.5006134348557479
0.781 0.5005628209344092
0.782 0.5004741973419659
0.783 0.5004582082477484
0.784 0.5005087112858072
0.785 0.5005149005262726
0.786 0.5004611963306461
0.787 0.5003821398568713
0.788 0.5003725358960435
0.789 0.500359857572161
0.79 0.5003629248587749
0.791 0.5004228623362197
0.792 0.5004480795688339
0.793 0.5004006384978896
0.794 0.5003784915848705
0.795 0.5003909945134641
0.796 0.500507595008544
0.797 0.5005296075859982
0.798 0.5005357300424803
0.799 0.5005860261128194
0.8 0.50062048416663
0.804 0.500667548334278
0.808 0.5007334932537508
0.812 0.5007962134229623
0.816 0.5008809242153482
0.82 0.5009026235839502
0.824 0.5009117088567799
0.828 0.5009774525888351
0.832 0.5009708371821215
0.836 0.5009862056835599
0.84 0.500957619828068
0.844 0.5009196773282274
0.848 0.50083788889656
0.852 0.5007435667358988
0.856 0.5006242040614041
0.86 0.5005393878575012
0.864 0.5004201522581616
0.868 0.5003103506649028
0.872 0.5002131420905477
0.876 0.5001347514618967
0.88 0.5000783311087298
0.884 0.5000626535010777
0.888 0.5000375921006466
0.892 0.5000407224794351
0.896 0.5000313259654663
0.9 0.5000125300721732
0.904 0.5000532524731075
0.908 0.5000939696540664
0.912 0.5001065029444932
0.916 0.5001096278291811
0.92 0.5001127536958155
0.924 0.5001221291813588
0.928 0.5001753550940655
0.932 0.5002285492445352
0.936 0.5002942723333917
0.94 0.500353715262344
0.944 0.5003349171471319
0.948 0.5003223605555868
0.952 0.5003442577802258
0.956 0.5003504862997409
0.96 0.5003629718634225
0.964 0.5003222596975139
0.968 0.5002846899382442
0.972 0.5002408462775174
0.976 0.5001845260807286
0.98 0.5001969870363769
0.984 0.5002469876881327
0.988 0.500265713017437
0.992 0.5002563204881342
0.996 0.5002406746391443
1.0 0.5002406475607089
1.004 0.5002656299805622
1.008 0.5002968583017205
1.012 0.5003124414172343
1.016 0.5003093228017771
1.02 0.500253041180109
1.024 0.5002061572292468
1.028 0.5002467038492046
1.032 0.5003184713375796
1.036 0.500374616018581
1.04 0.5003870500543118
1.044 0.5004025940790583
1.048 0.5004181280345487
1.052 0.5004616978000723
1.056 0.5005396165914946
1.06 0.5006174687523389
1.064 0.500648597408105
1.068 0.5006172531610844
1.072 0.5005734731277971
1.076 0.5005702106975266
1.08 0.5005607826032774
1.084 0.5005388971609775
1.088 0.5005263452949714
1.092 0.5004857331456826
1.096 0.5004296121038541
1.1 0.500364152458496
1.104 0.500329889207021
1.108 0.5002645156873363
1.112 0.5002116033308854
1.116 0.5001742312048089
1.12 0.5001648799487317
1.124 0.5001088843399432
1.128 0.5000435529230234
1.132 0.4999626693876535
1.136 0.4999377830869544
1.14 0.4998817863942362
1.144 0.4998755646255117
1.148 0.49985377296853317
1.152 0.4997883966691147
1.156 0.4997074713072921
1.16 0.49966078908549977
1.164 0.49966386136148594
1.168 0.49968251201474134
1.172 0.4996762343565157
1.176 0.49968556787686713
1.18 0.4997197972577491
1.184 0.49975405804230205
1.188 0.4998661428598112
1.192 0.4999626396343666
1.196 0.5000467030743077
1.2 0.5001463217209924
1.204 0.5002365891318424
1.208 0.5003485925575488
1.212 0.5004637266191527
1.216 0.500532123452641
1.22 0.5005880632494695
1.224 0.5005942047922151
1.228 0.500621983380604
1.232 0.500659212179256
1.236 0.5006746631347896
1.24 0.5006496291829593
1.244 0.5006091193873999
1.248 0.5005406009991797
1.252 0.5005032118584049
1.256 0.5004596387487887
1.26 0.5004409171075838
1.264 0.500397421726549
1.268 0.5002917985968833
1.272 0.5002421036948749
1.276 0.5001707088452012
1.28 0.5000962129347428
1.284 0.5000465552238065
1.288 0.49997827422889035
1.292 0.49989757596449297
1.296 0.49980134094859696
1.3 0.4997206357089645
1.304 0.499692674477081
1.308 0.4996056806820793
1.312 0.499531099586995
1.316 0.4994657588708876
1.32 0.4993972834259156
1.324 0.4993661052762413
1.328 0.4993193388573595
1.332 0.4992943078310069
1.336 0.49925361994327516
1.34 0.49917872652837747
1.344 0.49911627791192653
1.348 0.4991221953831212
1.352 0.49910634773348606
1.356 0.49909977260692145
1.36 0.4990088888334808
1.364 0.4989118030394682
1.368 0.4987863850497613
1.372 0.49858574505947356
1.376 0.49839083620274843
1.38 0.4981484956527179
1.384 0.497827257585814
1.388 0.49745823800419975
1.392 0.4970221098147998
1.396 0.49657525638447614
1.4 0.4961354481369587
1.404 0.49558024286596986
1.408 0.49511141427921773
1.412 0.494840925913039
1.416 0.49472890612131115
1.42 0.49483025474474773
1.424 0.4950589370998882
1.428 0.49546720238019554
1.432 0.49605477499490935
1.436 0.4967809723946891
1.44 0.4977348175428982
1.444 0.4988331909358702
1.448 0.49979900074656863
1.452 0.5005555058934705
1.456 0.5011275721742018
1.46 0.5015908916660277
1.464 0.5020123937903277
1.468 0.5022894328464963
1.472 0.5024921343008303
1.476 0.5025950343666713
1.48 0.5025852956533922
1.484 0.5025180588055753
1.488 0.5025467432171528
1.492 0.5025982348499749
1.496 0.5026502662946996
1.5 0.50256930144147
1.504 0.5024377888938139
1.508 0.502319047829966
1.512 0.5021623945674578
1.516 0.5019743866765227
1.52 0.5018146930170613
1.524 0.5016741599248362
1.528 0.5015747237934467
1.532 0.5015260114151947
1.536 0.5015373007639349
1.54 0.501658666532633
1.544 0.5017675166234468
1.548 0.5018636346523098
1.552 0.501940913452192
1.556 0.5019870123357737
1.56 0.5019763836251449
1.564 0.5019749732392691
1.568 0.5019015925837889
1.572 0.501850138760407
1.576 0.5017769810684372
1.58 0.5016415134379408
1.584 0.5015157942013075
1.588 0.5014057639438692
1.592 0.5013270531942731
1.596 0.5012921505744621
1.6 0.5011920397886075
1.604 0.5010825742869942
1.608 0.5010198878123406
1.612 0.5009230654475157
1.616 0.5008822286836153
1.62 0.5009097288200849
1.624 0.5009125220370968
1.628 0.5009183534171434
1.632 0.5009272410392542
1.636 0.500945413967329
1.64 0.5009854353889062
1.644 0.5009882586201555
1.648 0.5009384698295888
1.652 0.5009011240826186
1.656 0.5007616759347558
1.66 0.5006252631057623
1.664 0.5005230416885891
1.668 0.5003125870446598
1.672 0.5000897504936278
1.676 0.49986383273708584
1.68 0.4996223985737808
1.684 0.4993870576289656
1.688 0.49913599286497334
1.692 0.4988723108952116
1.696 0.4985987103174602
1.7 0.4982222746197901
1.704 0.49788253995852016
1.708 0.497600755824072
1.712 0.497365326830118
1.716 0.49716395514628514
1.72 0.4970776267088718
1.724 0.49702551694894126
1.728 0.49711080048922957
1.732 0.4972556806473971
1.736 0.4975757878689427
1.74 0.4979836566776914
1.744 0.4984204435269463
1.748 0.49890775711522695
1.752 0.4993706674682047
1.756 0.49980267732417927
1.76 0.5001910919810286
1.764 0.5005795920924841
1.768 0.5008990495761624
1.772 0.50112448239355
1.776 0.5012743999048114
1.78 0.5013741337323224
1.784 0.5013955292998574
1.788 0.5013668979236914
1.792 0.5012945105249333
1.796 0.5012314962992598
1.8 0.5010686698497613
1.804 0.5009058536890111
1.808 0.5006807479483881
1.812 0.5004964189151218
1.816 0.5002590948536895
1.82 0.5000031215467889
1.824 0.4997502528689702
1.828 0.49943787943138385
1.832 0.4989937374217177
1.836 0.4984957562186877
1.84 0.4979115394490472
1.844 0.49722842308560533
1.848 0.49640052767133613
1.852 0.495439294459797
1.856 0.4943712453935081
1.86 0.4931332590754899
1.864 0.49175154301389357
1.868 0.49031155983886593
1.872 0.48881433199728513
1.876 0.48715308834222387
1.88 0.4854387781516955
1.884 0.4836424255053136
1.888 0.4818569274145958
1.892 0.47997991384094935
1.896 0.4781589289282622
1.9 0.4766146095717885
1.904 0.4754357088184892
1.908 0.4746956028872485
1.912 0.4747538682756675
1.916 0.47560798221249423
1.92 0.4772858725723165
1.924 0.47974586896981664
1.928 0.4829849654211722
1.932 0.4869520385894783
1.936 0.49132317198472253
1.94 0.495843458242742
1.944 0.5003167958766702
1.948 0.5045049540238078
1.952 0.508087454287527
1.956 0.5111177563705491
1.96 0.513551328854103
1.964 0.5154548734674241
1.968 0.5167974661270456
1.972 0.517660391613675
1.976 0.518198621379732
1.98 0.5184449136753199
1.984 0.5184258853195921
1.988 0.5182124502229332
1.992 0.5177998782220418
1.996 0.5171711057304278
2.0 0.516295840413149
2.004 0.5151882140789588
2.008 0.5138964289024536
2.012 0.5124461370195158
2.016 0.5109322945358201
2.02 0.5094093218236193
2.024 0.507973154013241
2.028 0.5066682219370894
2.032 0.5055079243039987
2.036 0.504517101837771
2.04 0.5037071332574545
2.044 0.5030711860490492
2.048 0.5025984428566851
2.052 0.5022208568539355
2.056 0.5018606138107418
2.06 0.5015876058137678
2.064 0.501347037793667
2.068 0.5011643708888137
2.072 0.5010108482834712
2.076 0.5008447292085045
2.08 0.5006979723743172
2.084 0.5004907146589852
2.088 0.5002548647305443
2.092 0.5000700806564646
2.096 0.49990124306312156
2.1 0.499729190694355
2.104 0.49951564591166914
2.108 0.49925734211348327
2.112 0.4990083224386977
2.116 0.49873343414814675
2.12 0.49846444601937157
2.124 0.49822377836843185
2.128 0.49798267208030955
2.132 0.4977251348601485
2.136 0.4974604008275315
2.14 0.49720476984228745
2.144 0.4970482167378944
2.148 0.496971604375277
2.152 0.49691709261580996
2.156 0.4969008064983297
2.16 0.4969003338102051
2.164 0.49691937471371156
2.168 0.49695454750970475
2.172 0.49703514500953805
2.176 0.4971838098197638
2.18 0.4973589210139151
2.184 0.49750240029062986
2.188 0.49772148940589944
2.192 0.4980190431653742
2.196 0.49839512429664856
2.2 0.4988268174579961
2.204 0.49932396417010094
2.208 0.49980821615015053
2.212 0.5002698116519625
2.216 0.5006956725267867
2.22 0.5010305926720635
2.224 0.5013038191170445
2.228 0.50142731735865
2.232 0.5015082564035886
2.236 0.501507707504744
2.24 0.5014000324833523
2.244 0.5012757834868818
2.248 0.5011679211004413
2.252 0.50106016690334
2.256 0.5009946283588956
2.26 0.5009746588693957
2.264 0.5009903810053985
2.268 0.500990099009901
2.272 0.5009477477244351
2.276 0.5009377223048567
2.28 0.5009311709474664
2.284 0.5008372393728787
2.288 0.50071105365223
2.292 0.500552614740271
2.296 0.5003295893704197
2.3 0.5000937037539663
2.304 0.4997996510049764
2.308 0.49954426452050815
2.312 0.4992401461506127
2.316 0.49882567596420735
2.32 0.4984298820954762
2.324 0.4979911090374171
2.328 0.49755132487918785
2.332 0.4970483371325033
2.336 0.49651095488628894
2.34 0.49593548891378547
2.344 0.49532746874102696
2.348 0.49464742311188425
2.352 0.49399611976299096
2.356 0.4933395545683361
2.36 0.4926247660225146
2.364 0.49188706691351486
2.368 0.49117069546527975
2.372 0.4904936890877136
2.376 0.4899079994387765
2.38 0.48938367648045067
2.384 0.48901994048821196
2.388 0.48877729641319556
2.392 0.48865956999314764
2.396 0.4887249793978029
2.4 0.48901361846423097
2.404 0.48944829148108243
2.408 0.4900057857615163
2.412 0.4906501676402475
2.416 0.4913356549245945
2.42 0.492050675205346
2.424 0.49274097247924253
2.428 0.4933976869137602
2.432 0.494032356639574
2.436 0.49456950470502054
2.44 0.4950121783331568
2.444 0.49541888057959116
2.448 0.49579718773033965
2.452 0.49623462442064326
2.456 0.4967243167962255
2.46 0.49729402979767445
2.464 0.4979365598895703
2.468 0.4690157409082685
2.472 0.4364000641128386
2.476 0.39943892780471957
2.48 0.35712910412865484
2.484 0.30816883039895665
2.488 0.2507925288094932
2.492 0.18267477203647417
2.496 0.1006329765335529
2.5 0.0
