0.35	 1.0
0.351	 1.0
0.352	 0.9
0.353	 0.8181818181818182
0.354	 0.75
0.355	 0.6923076923076923
0.356	 0.6428571428571429
0.357	 0.6000000000000001
0.358	 0.5625
0.359	 0.5294117647058824
0.36	 0.5
0.361	 0.5
0.362	 0.5
0.363	 0.5
0.364	 0.5
0.365	 0.5
0.366	 0.5
0.367	 0.5
0.368	 0.5
0.369	 0.5
0.37	 0.5
0.371	 0.5
0.372	 0.5
0.373	 0.5
0.374	 0.5
0.375	 0.5
0.376	 0.5
0.377	 0.5
0.378	 0.5
0.379	 0.5
0.38	 0.5
0.381	 0.5
0.382	 0.5
0.383	 0.5
0.384	 0.5
0.385	 0.5
0.386	 0.5
0.387	 0.5
0.388	 0.5
0.389	 0.5
0.39	 0.5
0.391	 0.5
0.392	 0.5
0.393	 0.5
0.394	 0.5
0.395	 0.5
0.396	 0.5
0.397	 0.5
0.398	 0.5
0.399	 0.5
0.4	 0.5
0.401	 0.5
0.402	 0.5
0.403	 0.5
0.404	 0.5
0.405	 0.5
0.406	 0.5
0.407	 0.5
0.408	 0.5
0.409	 0.5
0.41	 0.5
0.411	 0.5
0.412	 0.5
0.413	 0.5
0.414	 0.5
0.415	 0.5
0.416	 0.5
0.417	 0.5
0.418	 0.5
0.419	 0.5
0.42	 0.5
0.421	 0.5
0.422	 0.5
0.423	 0.5
0.424	 0.5
0.425	 0.5
0.426	 0.5
0.427	 0.5
0.428	 0.5
0.429	 0.5
0.43	 0.5
0.431	 0.5
0.432	 0.5
0.433	 0.5
0.434	 0.5
0.435	 0.5
0.436	 0.5
0.437	 0.5
0.438	 0.5
0.439	 0.5
0.44	 0.5
0.441	 0.5
0.442	 0.5
0.443	 0.5
0.444	 0.5
0.445	 0.5
0.446	 0.5
0.447	 0.5
0.448	 0.5
0.449	 0.5
0.45	 0.5
0.451	 0.5
0.452	 0.5
0.453	 0.5
0.454	 0.5
0.455	 0.5
0.456	 0.5
0.457	 0.5
0.458	 0.5
0.459	 0.5
0.46	 0.5
0.461	 0.5
0.462	 0.5
0.463	 0.5
0.464	 0.5
0.465	 0.5
0.466	 0.5
0.467	 0.5
0.468	 0.5
0.469	 0.5
0.47	 0.5
0.471	 0.5
0.472	 0.5
0.473	 0.5
0.474	 0.5
0.475	 0.5
0.476	 0.5
0.477	 0.5
0.478	 0.5
0.479	 0.5
0.48	 0.5
0.481	 0.5
0.482	 0.5
0.483	 0.5
0.484	 0.5
0.485	 0.5
0.486	 0.5
0.487	 0.5
0.488	 0.5
0.489	 0.5
0.49	 0.5
0.491	 0.5
0.492	 0.5
0.493	 0.5
0.494	 0.5
0.495	 0.5
0.496	 0.5
0.497	 0.5
0.498	 0.5
0.499	 0.5
0.5	 0.5
0.501	 0.5
0.502	 0.5
0.503	 0.5
0.504	 0.5
0.505	 0.5
0.506	 0.5
0.507	 0.5
0.508	 0.5
0.509	 0.5
0.51	 0.5
0.511	 0.5
0.512	 0.5
0.513	 0.5
0.514	 0.5
0.515	 0.5
0.516	 0.5
0.517	 0.5
0.518	 0.5
0.519	 0.5
0.52	 0.5
0.521	 0.5
0.522	 0.5
0.523	 0.5
0.524	 0.5
0.525	 0.5
0.526	 0.5
0.527	 0.5
0.528	 0.5
0.529	 0.5
0.53	 0.5
0.531	 0.5
0.532	 0.5
0.533	 0.5
0.534	 0.5
0.535	 0.5
0.536	 0.5
0.537	 0.5
0.538	 0.5
0.539	 0.5
0.54	 0.5
0.541	 0.5
0.542	 0.5
0.543	 0.5
0.544	 0.5
0.545	 0.5
0.546	 0.5
0.547	 0.5
0.548	 0.5
0.549	 0.5
0.55	 0.5
0.551	 0.5
0.552	 0.5
0.553	 0.5
0.554	 0.5
0.555	 0.5
0.556	 0.5
0.557	 0.5
0.558	 0.5
0.559	 0.5
0.56	 0.5
0.561	 0.5
0.562	 0.5
0.563	 0.5
0.564	 0.5
0.565	 0.5
0.566	 0.5
0.567	 0.5
0.568	 0.5
0.569	 0.5
0.57	 0.5
0.571	 0.5
0.572	 0.5
0.573	 0.5
0.574	 0.5
0.575	 0.5
0.576	 0.5
0.577	 0.5
0.578	 0.5
0.579	 0.5
0.58	 0.5
0.581	 0.5
0.582	 0.5
0.583	 0.5
0.584	 0.5
0.585	 0.5
0.586	 0.5
0.587	 0.5
0.588	 0.5
0.589	 0.5
0.59	 0.5
0.591	 0.5
0.592	 0.5
0.593	 0.5
0.594	 0.5
0.595	 0.5
0.596	 0.5
0.597	 0.5
0.598	 0.5
0.599	 0.5
0.6	 0.5
0.601	 0.5
0.602	 0.5000699855101578
0.603	 0.5003081277991933
0.604	 0.5007162458466573
0.605	 0.5013049763268078
0.606	 0.5020547456767653
0.607	 0.5029823248303598
0.608	 0.5040947898991633
0.609	 0.5053783566535176
0.61	 0.5068258475585015
0.611	 0.5083845027350724
0.612	 0.5098899591649646
0.613	 0.5112150973754496
0.614	 0.5123626782020644
0.615	 0.5133569649590977
0.616	 0.5142018612122048
0.617	 0.5148503232307744
0.618	 0.5153126476972346
0.619	 0.5156131619791838
0.62	 0.5157398352782666
0.621	 0.5157350057445945
0.622	 0.5157306939532329
0.623	 0.515753421736182
0.624	 0.5157716271775526
0.625	 0.5157485953044841
0.626	 0.5157184532255162
0.627	 0.5156992825205367
0.628	 0.5156758276051634
0.629	 0.515637579481787
0.63	 0.5156057377517616
0.631	 0.5155788517088054
0.632	 0.5155194103511122
0.633	 0.5154359081218843
0.634	 0.5153458287862737
0.635	 0.515260920168167
0.636	 0.5151723812296869
0.637	 0.5150866873428266
0.638	 0.5149999028126032
0.639	 0.514917673608025
0.64	 0.5148435369446397
0.641	 0.5147798862204573
0.642	 0.5147302180117811
0.643	 0.5147159247395805
0.644	 0.5147296532015195
0.645	 0.5147377918291565
0.646	 0.5147560790301718
0.647	 0.5147846590281103
0.648	 0.5148234553025669
0.649	 0.5148648943838878
0.65	 0.5148998233880541
0.651	 0.5149341257905985
0.652	 0.514943309846561
0.653	 0.5149158737608625
0.654	 0.5148825619002174
0.655	 0.5148414302029342
0.656	 0.5147776023252889
0.657	 0.5146985273687136
0.658	 0.5146012244517418
0.659	 0.5144961120552036
0.66	 0.5144034185933799
0.661	 0.5143116009650786
0.662	 0.5142431061881514
0.663	 0.5142015625576566
0.664	 0.5141614525661379
0.665	 0.5141628311071614
0.666	 0.514191610646428
0.667	 0.5142265229591167
0.668	 0.5142946536821934
0.669	 0.5143807962256081
0.67	 0.5144790039141149
0.671	 0.5145898788420336
0.672	 0.5146976412450965
0.673	 0.5147996796647243
0.674	 0.5148997765820196
0.675	 0.5149925553345094
0.676	 0.5151039367238945
0.677	 0.5152271793176123
0.678	 0.5153398917039581
0.679	 0.51546627759328
0.68	 0.5156009718190669
0.681	 0.5157548304264881
0.682	 0.515934095550671
0.683	 0.5161184748813615
0.684	 0.5163140190009993
0.685	 0.5165113663394248
0.686	 0.5166751267554685
0.687	 0.5168271668980227
0.688	 0.5169551786778444
0.689	 0.5170349736746525
0.69	 0.5170684727580585
0.691	 0.5170663152280353
0.692	 0.5170323940661338
0.693	 0.516966190139394
0.694	 0.5168590917389068
0.695	 0.5167251924757241
0.696	 0.5165803688650997
0.697	 0.5164159354425848
0.698	 0.5162578191085273
0.699	 0.5161115051590541
0.7	 0.5159570224196165
0.701	 0.5157940914532466
0.702	 0.5156243844919547
0.703	 0.5154520517913209
0.704	 0.5152827893198166
0.705	 0.5151057284965437
0.706	 0.5149332725049913
0.707	 0.5147673304661543
0.708	 0.5145898134732875
0.709	 0.5144168781981546
0.71	 0.5142552397739593
0.711	 0.5140910290434532
0.712	 0.5139340345943324
0.713	 0.5137913037484183
0.714	 0.5136640518651272
0.715	 0.5135376665879334
0.716	 0.513411335030286
0.717	 0.5132985322351796
0.718	 0.5131887933595959
0.719	 0.5130755020558966
0.72	 0.5129751877987708
0.721	 0.5128914616770931
0.722	 0.5128065522987021
0.723	 0.5127144268059483
0.724	 0.5126300873443598
0.725	 0.5125517451791175
0.726	 0.5124629148363653
0.727	 0.5123792567640241
0.728	 0.5123114233339785
0.729	 0.5122455268930262
0.73	 0.5121601417950331
0.731	 0.512066659485467
0.732	 0.5119776661083194
0.733	 0.5118952092414317
0.734	 0.5118219103534627
0.735	 0.51176579377276
0.736	 0.5117117393505238
0.737	 0.5116439865031398
0.738	 0.5115608065860775
0.739	 0.5114837705839133
0.74	 0.5114343057136035
0.741	 0.5114012303778712
0.742	 0.5113717264987871
0.743	 0.5113248624974537
0.744	 0.5112519883477015
0.745	 0.5111732196032908
0.746	 0.5111016663491272
0.747	 0.5110452900665344
0.748	 0.5110092390447176
0.749	 0.5109592211184026
0.75	 0.5108859113697753
0.751	 0.5108037746129219
0.752	 0.5107263401552
0.753	 0.5106701837964289
0.754	 0.5106209596373202
0.755	 0.510565166964674
0.756	 0.5105167967982419
0.757	 0.51045774472121
0.758	 0.5103901345915627
0.759	 0.5103351728535136
0.76	 0.5102907275979232
0.761	 0.5102466059038518
0.762	 0.5101988526901932
0.763	 0.5101504154833281
0.764	 0.5101073591662689
0.765	 0.5100610580824672
0.766	 0.5100121049765117
0.767	 0.5099730499553389
0.768	 0.5099343817238687
0.769	 0.5098885258870197
0.77	 0.5098411736293295
0.771	 0.5097867555216773
0.772	 0.5097290744551887
0.773	 0.5096717665296219
0.774	 0.5096131071718311
0.775	 0.5095570393986348
0.776	 0.5094949711819295
0.777	 0.5094249864013939
0.778	 0.5093492880800481
0.779	 0.5092815768523349
0.78	 0.5092260678353019
0.781	 0.5091738786068785
0.782	 0.509118651062274
0.783	 0.5090628747644337
0.784	 0.5090093651398303
0.785	 0.5089450370800077
0.786	 0.5088892100244242
0.787	 0.5088399528535849
0.788	 0.5087800107712804
0.789	 0.5087213202737153
0.79	 0.5086531914856185
0.791	 0.5085830701986616
0.792	 0.5085145269396626
0.793	 0.5084378597039304
0.794	 0.508374536411141
0.795	 0.5083198704798542
0.796	 0.5082493457415446
0.797	 0.5081952002364314
0.798	 0.508147924869539
0.799	 0.5080866260827407
0.8	 0.508032418948375
0.801	 0.5079762468133178
0.802	 0.5079222836737213
0.803	 0.5078713879262684
0.804	 0.5078022478404568
0.805	 0.5077461922301898
0.806	 0.5076900468583527
0.807	 0.5076123202218852
0.808	 0.5075591479050313
0.809	 0.5075017829869125
0.81	 0.507428311228505
0.811	 0.5073701040746534
0.812	 0.5073075125263442
0.813	 0.507247040430685
0.814	 0.5071943384535107
0.815	 0.5071330317742665
0.816	 0.5070764391624039
0.817	 0.5070082540401142
0.818	 0.5069290041098387
0.819	 0.5068688960564948
0.82	 0.5068101714809838
0.821	 0.5067452816610856
0.822	 0.5066801913228486
0.823	 0.5066202412045594
0.824	 0.5065621544616781
0.825	 0.5065076436728869
0.826	 0.5064567595162836
0.827	 0.5064227981395055
0.828	 0.5063944360713387
0.829	 0.5063638612853621
0.83	 0.5063436851320514
0.831	 0.5063197663096397
0.832	 0.5062823929817473
0.833	 0.50622985586918
0.834	 0.5061805719870774
0.835	 0.5061422521848461
0.836	 0.5061057718203433
0.837	 0.5060565027956633
0.838	 0.5059823745095097
0.839	 0.5058957813495586
0.84	 0.5058148309057234
0.841	 0.5057538913094722
0.842	 0.5057215077712975
0.843	 0.5056910815249889
0.844	 0.5056472343806167
0.845	 0.5056026545552084
0.846	 0.5055628223054139
0.847	 0.5055434135306992
0.848	 0.505548945213988
0.849	 0.5055540123595069
0.85	 0.5055485932188993
0.851	 0.5055252068978848
0.852	 0.5054908046454493
0.853	 0.5054729181593705
0.854	 0.5054516340129965
0.855	 0.5054208032075236
0.856	 0.5053937258039843
0.857	 0.5053571061646348
0.858	 0.5053205355390685
0.859	 0.5052865863193229
0.86	 0.5052521360728343
0.861	 0.5052315563989429
0.862	 0.5052126218202571
0.863	 0.5051857884615664
0.864	 0.5051721868957768
0.865	 0.5051651133323135
0.866	 0.5051565544624611
0.867	 0.5051473050484262
0.868	 0.5051323128466302
0.869	 0.505138157762912
0.87	 0.505141239467922
0.871	 0.5051165641548296
0.872	 0.5051026359588603
0.873	 0.5051035908268812
0.874	 0.5051031106023428
0.875	 0.5050962483298811
0.876	 0.5050900548159749
0.877	 0.5050831897085826
0.878	 0.5050687164497906
0.879	 0.5050582817267995
0.88	 0.5050667330942128
0.881	 0.5050844617006864
0.882	 0.5050812965634518
0.883	 0.505055198201607
0.884	 0.5050271418456456
0.885	 0.5050033531195096
0.886	 0.504983011987715
0.887	 0.5049627654582691
0.888	 0.5049413987980865
0.889	 0.5049123718638695
0.89	 0.5048777978227915
0.891	 0.5048577319813468
0.892	 0.5048474968605711
0.893	 0.5048483311103292
0.894	 0.5048579634393673
0.895	 0.5048547382435452
0.896	 0.504833937632035
0.897	 0.5048145697067138
0.898	 0.5048141864511179
0.899	 0.5047910012498265
0.9	 0.5047411287196933
0.901	 0.5046839823118213
0.902	 0.5046344403341785
0.903	 0.5045804520093095
0.904	 0.5045272019514123
0.905	 0.5044868940026295
0.906	 0.5044449443167404
0.907	 0.5043945721221366
0.908	 0.5043534194070332
0.909	 0.5043435552284172
0.91	 0.5043537326864955
0.911	 0.5043573358380649
0.912	 0.5043484788225657
0.913	 0.5043403953223908
0.914	 0.5043315637857382
0.915	 0.5043227288150915
0.916	 0.5043128422644155
0.917	 0.5043024765028635
0.918	 0.504282785042124
0.919	 0.5042435741278616
0.92	 0.5041999994803588
0.921	 0.5041695414671598
0.922	 0.5041476933594179
0.923	 0.5041170189938704
0.924	 0.5040856990210324
0.925	 0.5040685075869035
0.926	 0.5040490412467137
0.927	 0.5040106642831276
0.928	 0.5039684473177399
0.929	 0.5039385199153535
0.93	 0.5038935473974845
0.931	 0.5038574781473384
0.932	 0.5038405080581861
0.933	 0.5038181147342842
0.934	 0.5037717488515793
0.935	 0.50373157992202
0.936	 0.5037250822202833
0.937	 0.5037353255069371
0.938	 0.5037235318627761
0.939	 0.5037198131583427
0.94	 0.5037270263227135
0.941	 0.5037065438066086
0.942	 0.503678385702684
0.943	 0.5036543193164398
0.944	 0.5036274787145356
0.945	 0.5035855039892403
0.946	 0.5035353440797808
0.947	 0.5035083739839424
0.948	 0.5034897497934028
0.949	 0.503431484648425
0.95	 0.5033759715226872
0.951	 0.5033318541619668
0.952	 0.5032932564060986
0.953	 0.5032764492462497
0.954	 0.5032703865204272
0.955	 0.5032489390087221
0.956	 0.5031968396112564
0.957	 0.5031196614309488
0.958	 0.5030726919188756
0.959	 0.5030639472473547
0.96	 0.5030668757811161
0.961	 0.5030777175695454
0.962	 0.5030822704674003
0.963	 0.5030630740593818
0.964	 0.503041023646717
0.965	 0.50303849408556
0.966	 0.5030640302669518
0.967	 0.5030987167838453
0.968	 0.503107134884353
0.969	 0.5030888807563577
0.97	 0.5030694078318313
0.971	 0.503034281334697
0.972	 0.5029931299276771
0.973	 0.502990040433981
0.974	 0.5030182443597613
0.975	 0.5030199432941139
0.976	 0.50298632813204
0.977	 0.5029755011670397
0.978	 0.5029683318011235
0.979	 0.5029672933280497
0.98	 0.502975724260314
0.981	 0.5030002699287435
0.982	 0.5030223500008947
0.983	 0.5030530049312731
0.984	 0.5031312458361092
0.985	 0.5032932520700866
0.986	 0.5035040258642058
0.987	 0.5037467750739114
0.988	 0.5040291793428029
0.989	 0.5043481543792421
0.99	 0.5046960740444172
0.991	 0.5050745195189196
0.992	 0.505450864807997
0.993	 0.5057961108002893
0.994	 0.5060743308425579
0.995	 0.506282903092745
0.996	 0.5064699091969083
0.997	 0.5066043381050015
0.998	 0.506699410859026
0.999	 0.5067641863304015
1.0	 0.5067854713926183
1.001	 0.506693510342429
1.002	 0.5065664279776775
1.003	 0.5064033298228862
1.004	 0.5062066890706889
1.005	 0.5059722043773046
1.006	 0.5056983919699474
1.007	 0.5053831983523757
1.008	 0.5050262272333828
1.009	 0.5046304389753145
1.01	 0.5042735331363445
1.011	 0.5039938695871522
1.012	 0.503749143333367
1.013	 0.5035369105195794
1.014	 0.5033608146453704
1.015	 0.5032245892653607
1.016	 0.5031324758598702
1.017	 0.5030909311534467
1.018	 0.5030925588464528
1.019	 0.5031283385046609
1.02	 0.5031189274084065
1.021	 0.5031007116460026
1.022	 0.5030814612211659
1.023	 0.5030628675247631
1.024	 0.5030421104917491
1.025	 0.503024135756464
1.026	 0.502996860536693
1.027	 0.5029586254380195
1.028	 0.5029248438710102
1.029	 0.5028988496767596
1.03	 0.5028828123886958
1.031	 0.5028783223305051
1.032	 0.5028847446916215
1.033	 0.5028982595154424
1.034	 0.5029101285124967
1.035	 0.5029208483860705
1.036	 0.5029375630468824
1.037	 0.502954817433912
1.038	 0.5029708946773597
1.039	 0.5029896095615457
1.04	 0.5030044861505536
1.041	 0.5030095978259929
1.042	 0.5030070817152575
1.043	 0.5029948844136503
1.044	 0.5029832839083769
1.045	 0.5029722201585544
1.046	 0.502962251590819
1.047	 0.5029534061113325
1.048	 0.5029413374046064
1.049	 0.502928714259077
1.05	 0.502918800198654
1.051	 0.5029116290904193
1.052	 0.5029108382274425
1.053	 0.5029207333136377
1.054	 0.5029338071740853
1.055	 0.5029425878812835
1.056	 0.5029486941042061
1.057	 0.5029532218992763
1.058	 0.502951408585858
1.059	 0.5029432386003783
1.06	 0.502933497516101
1.061	 0.5029259107412307
1.062	 0.5029098669503708
1.063	 0.5028901490353344
1.064	 0.5028704647499347
1.065	 0.5028539815329988
1.066	 0.5028422551043457
1.067	 0.5028373735826249
1.068	 0.502845074703518
1.069	 0.5028585127777249
1.07	 0.5028703661102304
1.071	 0.502883236494327
1.072	 0.5028992069172009
1.073	 0.5029156584823987
1.074	 0.5029305077777373
1.075	 0.5029427206520666
1.076	 0.50294764235342
1.077	 0.5029421984804087
1.078	 0.5029269030568265
1.079	 0.5029090344613475
1.08	 0.5028907171438702
1.081	 0.5028688427262937
1.082	 0.5028428985292009
1.083	 0.5028129098189663
1.084	 0.5027814594069513
1.085	 0.5027526462613143
1.086	 0.502727005776406
1.087	 0.5027071045212081
1.088	 0.5026882987290002
1.089	 0.502666474267065
1.09	 0.5026457406438105
1.091	 0.5026296547442035
1.092	 0.5026156592705942
1.093	 0.5026022373024374
1.094	 0.50258835793758
1.095	 0.5025684208813481
1.096	 0.5025460079692284
1.097	 0.5025226408411037
1.098	 0.5025018630895348
1.099	 0.5024806481085692
1.1	 0.5024559656589821
1.101	 0.5024252803377398
1.102	 0.5023901360554524
1.103	 0.5023525767349687
1.104	 0.50231410774034
1.105	 0.502277756347049
1.106	 0.5022435062092645
1.107	 0.5022068330387538
1.108	 0.5021687202039541
1.109	 0.5021302006754418
1.11	 0.5020937872278979
1.111	 0.5020599674974
1.112	 0.502027740653422
1.113	 0.50199810142853
1.114	 0.5019675418071399
1.115	 0.5019340650121498
1.116	 0.5018966744077196
1.117	 0.5018573866146498
1.118	 0.5018131991330127
1.119	 0.5017656267427224
1.12	 0.5017176453729062
1.121	 0.5016677606062414
1.122	 0.5016194513046546
1.123	 0.5015732046695575
1.124	 0.5015290246698527
1.125	 0.5014903728362317
1.126	 0.5014567432989313
1.127	 0.5014306009911171
1.128	 0.5014134097185161
1.129	 0.5014041719442686
1.13	 0.5013989091574403
1.131	 0.501397617131979
1.132	 0.5013963376143816
1.133	 0.5013935882107275
1.134	 0.501389871551594
1.135	 0.5013822248741302
1.136	 0.5013696739692944
1.137	 0.5013507442393862
1.138	 0.5013224882078955
1.139	 0.5012888563872454
1.14	 0.5012488772893214
1.141	 0.501204523107178
1.142	 0.5011607107756417
1.143	 0.5011159705603823
1.144	 0.5010707962776941
1.145	 0.5010286167460377
1.146	 0.5009909013670515
1.147	 0.5009581324556828
1.148	 0.5009351987640476
1.149	 0.5009215917030289
1.15	 0.5009163276760343
1.151	 0.5009174365823187
1.152	 0.5009219692950948
1.153	 0.5009357881997744
1.154	 0.5009588838806778
1.155	 0.500988306506009
1.156	 0.5010259978072962
1.157	 0.5010675579587276
1.158	 0.5011095544697032
1.159	 0.5011539253466412
1.16	 0.5012011622451736
1.161	 0.5012532061312049
1.162	 0.5013090752481981
1.163	 0.5013648550078931
1.164	 0.5014210296820008
1.165	 0.5014766249683859
1.166	 0.5015301727909225
1.167	 0.5015850870656313
1.168	 0.5016345850426003
1.169	 0.5016772027537757
1.17	 0.5017153806321988
1.171	 0.5017442874585731
1.172	 0.5017649126646646
1.173	 0.5017777545518065
1.174	 0.5017804194478669
1.175	 0.501773416344037
1.176	 0.5017557990624149
1.177	 0.5017319205159956
1.178	 0.5017071232369371
1.179	 0.5016794743654863
1.18	 0.5016484961265397
1.181	 0.5016194936014361
1.182	 0.5015939006606464
1.183	 0.5015721864783311
1.184	 0.5015596255361664
1.185	 0.5015547672649249
1.186	 0.501557121311551
1.187	 0.5015633044833904
1.188	 0.5015752256481996
1.189	 0.5015923963314559
1.19	 0.5016152831817251
1.191	 0.5016410028860995
1.192	 0.5016695400211775
1.193	 0.5016985022428633
1.194	 0.5017245394229521
1.195	 0.5017514713217434
1.196	 0.5017807262237072
1.197	 0.5018084990886079
1.198	 0.5018366818676676
1.199	 0.5018638549084049
1.2	 0.5018885961102996
1.201	 0.5019142281463701
1.202	 0.5019369566393067
1.203	 0.5019610482815111
1.204	 0.5019855592247983
1.205	 0.5020052874844882
1.206	 0.5020244791257806
1.207	 0.5020469262085937
1.208	 0.5020702457761793
1.209	 0.5020991476988624
1.21	 0.502132216260647
1.211	 0.5021680124919712
1.212	 0.5022070163453768
1.213	 0.5022473209358557
1.214	 0.5022926732137625
1.215	 0.5023458891576756
1.216	 0.5024017684215263
1.217	 0.5024570335218603
1.218	 0.5025079551908264
1.219	 0.5025484714312286
1.22	 0.502581422906078
1.221	 0.5026086778066025
1.222	 0.5026335162940667
1.223	 0.5026540829682534
1.224	 0.5026629653912146
1.225	 0.5026602045110603
1.226	 0.5026444567564734
1.227	 0.5026217860407508
1.228	 0.502598236107471
1.229	 0.5025784450505326
1.23	 0.5025614768302568
1.231	 0.5025417829226904
1.232	 0.5025161455748858
1.233	 0.5024896342025247
1.234	 0.5024673391673179
1.235	 0.5024487941780678
1.236	 0.5024335482401101
1.237	 0.502419733053838
1.238	 0.5024009301139994
1.239	 0.5023757723435733
1.24	 0.502349746630047
1.241	 0.5023247010804717
1.242	 0.5023001945756334
1.243	 0.5022757328480383
1.244	 0.5022544928006681
1.245	 0.5022373810252598
1.246	 0.5022262187774181
1.247	 0.5022178090338209
1.248	 0.5022144374965364
1.249	 0.5022129275633834
1.25	 0.5022109728824811
1.251	 0.5022112888538537
1.252	 0.5022129882357201
1.253	 0.5022128836592132
1.254	 0.5022060032931897
1.255	 0.5021914656543967
1.256	 0.5021733364368108
1.257	 0.5021529869144186
1.258	 0.5021317794549417
1.259	 0.5021146709571991
1.26	 0.5020984943707484
1.261	 0.5020792065866246
1.262	 0.5020572881136859
1.263	 0.5020358671359026
1.264	 0.502017634022785
1.265	 0.5020025877391309
1.266	 0.5019871270669791
1.267	 0.501970811076593
1.268	 0.501950082183949
1.269	 0.5019231576025199
1.27	 0.5018967182715559
1.271	 0.5018756634340549
1.272	 0.5018591134856307
1.273	 0.5018417115859188
1.274	 0.5018234527774197
1.275	 0.5018047878863277
1.276	 0.5017866022590041
1.277	 0.5017733218217522
1.278	 0.5017676116095772
1.279	 0.5017641575638145
1.28	 0.5017580582465815
1.281	 0.5017484188135527
1.282	 0.5017383554061439
1.283	 0.5017283213193207
1.284	 0.5017174301946303
1.285	 0.5017065659551564
1.286	 0.5016948435135641
1.287	 0.5016796059182757
1.288	 0.5016634993545024
1.289	 0.5016483148994291
1.29	 0.5016300968559843
1.291	 0.5016066487837635
1.292	 0.5015757935622597
1.293	 0.5015410518479894
1.294	 0.5015024288901503
1.295	 0.5014586155647038
1.296	 0.5014091814128271
1.297	 0.5013501972961019
1.298	 0.5012807919724196
1.299	 0.5012049225944425
1.3	 0.501128713581385
1.301	 0.5010569604649576
1.302	 0.5009909728836961
1.303	 0.500924627768533
1.304	 0.5008566129471677
1.305	 0.5007877988507302
1.306	 0.5007190528050041
1.307	 0.5006538616221177
1.308	 0.5005935202071607
1.309	 0.5005345345973813
1.31	 0.5004694876612366
1.311	 0.5003953203140596
1.312	 0.5003146463061744
1.313	 0.5002305149503543
1.314	 0.5001442264538332
1.315	 0.5000553362921547
1.316	 0.49996209193272756
1.317	 0.49986317510449235
1.318	 0.4997568313821739
1.319	 0.4996495858662812
1.32	 0.49954272930882815
1.321	 0.49943406756308967
1.322	 0.4993222781224052
1.323	 0.4992077784292375
1.324	 0.49909055045263007
1.325	 0.4989745107643628
1.326	 0.498861829807306
1.327	 0.4987507417334409
1.328	 0.49864079707262066
1.329	 0.4985298093082624
1.33	 0.49842126041806173
1.331	 0.49831557519209274
1.332	 0.49821362518385287
1.333	 0.4981180435371836
1.334	 0.49802795190537685
1.335	 0.4979402935509971
1.336	 0.4978568395175053
1.337	 0.49777801244313036
1.338	 0.4977060280948803
1.339	 0.49764046776305054
1.34	 0.4975835691526301
1.341	 0.4975375679862641
1.342	 0.4975007249400598
1.343	 0.49746997419532973
1.344	 0.49744576853268324
1.345	 0.4974290221239762
1.346	 0.49742023039965355
1.347	 0.4974202874600294
1.348	 0.49742790210374843
1.349	 0.49744221161002683
1.35	 0.4974592372899482
1.351	 0.4974785568049528
1.352	 0.4975015135577268
1.353	 0.49752810876857717
1.354	 0.49755969683874496
1.355	 0.4975936049177509
1.356	 0.49762626597653886
1.357	 0.497661268397379
1.358	 0.49769456538920265
1.359	 0.4977238935443796
1.36	 0.49774832935485697
1.361	 0.49776425272004654
1.362	 0.49777254944381344
1.363	 0.4977727370747019
1.364	 0.49776162604298646
1.365	 0.4977364480675739
1.366	 0.49769124900578476
1.367	 0.4976223472188256
1.368	 0.49752917836340027
1.369	 0.4974129996314659
1.37	 0.49727506940689475
1.371	 0.4971102315636231
1.372	 0.49691103545225696
1.373	 0.49667728015035256
1.374	 0.4964101083454702
1.375	 0.49611199931180966
1.376	 0.4957895373716373
1.377	 0.49544292358218167
1.378	 0.49507229146268744
1.379	 0.4946763972497639
1.38	 0.49425723979663044
1.381	 0.49382180753241967
1.382	 0.4933738571331703
1.383	 0.49291396816851113
1.384	 0.49244366967574615
1.385	 0.4919635301427362
1.386	 0.4914736933162331
1.387	 0.49097665044357164
1.388	 0.4904753155637719
1.389	 0.48997219940367537
1.39	 0.4894724431473744
1.391	 0.48897975619226586
1.392	 0.4884993215634952
1.393	 0.4880364999941953
1.394	 0.48758988137651066
1.395	 0.4871659859306968
1.396	 0.48676956189178233
1.397	 0.48640352175930035
1.398	 0.48607892890563514
1.399	 0.48579590525348454
1.4	 0.48555084971097684
1.401	 0.48534926055087346
1.402	 0.4851910188075685
1.403	 0.48508189392068035
1.404	 0.48502905484486974
1.405	 0.48503226512650466
1.406	 0.4850965932696303
1.407	 0.4852185358515795
1.408	 0.48539430900714925
1.409	 0.48563242374075716
1.41	 0.4859280238043893
1.411	 0.486277521323886
1.412	 0.48667957979367626
1.413	 0.4871232013330614
1.414	 0.48760520607375274
1.415	 0.4881188766224567
1.416	 0.4886525001286441
1.417	 0.4892054526979771
1.418	 0.48976549256500446
1.419	 0.49032419732361743
1.42	 0.4908810631525054
1.421	 0.4914301735635599
1.422	 0.4919699488125566
1.423	 0.4924981616448275
1.424	 0.4930075568682245
1.425	 0.49350044272756366
1.426	 0.4939740185529935
1.427	 0.49442783921082845
1.428	 0.4948676944945602
1.429	 0.4952920955139662
1.43	 0.4957006657107508
1.431	 0.49609193348498276
1.432	 0.49646272004038017
1.433	 0.4968150232109851
1.434	 0.4971520261332658
1.435	 0.4974741164589497
1.436	 0.4977828035000236
1.437	 0.49807618869618087
1.438	 0.4983518088537019
1.439	 0.4986072037202854
1.44	 0.4988451347689576
1.441	 0.4990672299911292
1.442	 0.49927513175478283
1.443	 0.49947050633482754
1.444	 0.4996498165733423
1.445	 0.49981127618977045
1.446	 0.49995773589449954
1.447	 0.5000885840106439
1.448	 0.5002061134643041
1.449	 0.5003137823392647
1.45	 0.5004109995044851
1.451	 0.5004989130409618
1.452	 0.5005763635395666
1.453	 0.5006450806669035
1.454	 0.5007120060060685
1.455	 0.500778290213203
1.456	 0.5008473890475255
1.457	 0.500925068845692
1.458	 0.5010113098050268
1.459	 0.5011083940063594
1.46	 0.5012197486186952
1.461	 0.5013441805803677
1.462	 0.5014851125677291
1.463	 0.5016413306642034
1.464	 0.5018093214584144
1.465	 0.5019884533995768
1.466	 0.5021757790461044
1.467	 0.502366071838579
1.468	 0.5025558625419622
1.469	 0.5027422450090224
1.47	 0.5029234545860298
1.471	 0.5030977730326854
1.472	 0.5032617804274907
1.473	 0.5034149033451231
1.474	 0.503556040372388
1.475	 0.5036835229010629
1.476	 0.5037962524567493
1.477	 0.5038959978867628
1.478	 0.5039828573563154
1.479	 0.5040557692285957
1.48	 0.5041130948753885
1.481	 0.5041566163937086
1.482	 0.5041881171525527
1.483	 0.5042070877609849
1.484	 0.5042141822535728
1.485	 0.504211706821331
1.486	 0.5042013801980906
1.487	 0.5041843571305863
1.488	 0.5041640402438509
1.489	 0.5041421276226711
1.49	 0.5041197371093797
1.491	 0.5040952314462356
1.492	 0.5040691872467822
1.493	 0.5040427068904957
1.494	 0.5040169123866469
1.495	 0.5039901523392598
1.496	 0.5039624128670412
1.497	 0.5039315113598947
1.498	 0.5038974616363312
1.499	 0.5038608200891758
1.5	 0.5038232154777135
1.501	 0.5037868499277318
1.502	 0.5037528060271448
1.503	 0.5037194369946949
1.504	 0.5036845911765281
1.505	 0.5036488277124399
1.506	 0.5036115956528754
1.507	 0.5035761434739031
1.508	 0.5035413899955732
1.509	 0.50350464644635
1.51	 0.5034626814246954
1.511	 0.5034123105541308
1.512	 0.5033535570469798
1.513	 0.5032907189606969
1.514	 0.5032254402246615
1.515	 0.5031593269943552
1.516	 0.5030902480638542
1.517	 0.5030150083498285
1.518	 0.5029362863172255
1.519	 0.502858876569561
1.52	 0.5027848962708548
1.521	 0.5027180609253515
1.522	 0.5026562249669232
1.523	 0.5025935292135045
1.524	 0.5025289288924699
1.525	 0.5024618870271511
1.526	 0.5023992560773933
1.527	 0.5023420847880089
1.528	 0.5022892889123742
1.529	 0.5022403048331995
1.53	 0.5021909183748671
1.531	 0.5021395526925334
1.532	 0.502090933263548
1.533	 0.5020482055493192
1.534	 0.5020134594359796
1.535	 0.5019851025575166
1.536	 0.5019583811274703
1.537	 0.5019338158714209
1.538	 0.5019098340766277
1.539	 0.5018848560413112
1.54	 0.5018646292724344
1.541	 0.5018470708795189
1.542	 0.5018305927449924
1.543	 0.5018182992805995
1.544	 0.5018060314891925
1.545	 0.5017974252338734
1.546	 0.5017919507257739
1.547	 0.5017839072243567
1.548	 0.5017789973452604
1.549	 0.5017751430178053
1.55	 0.5017697408527103
1.551	 0.5017674617136297
1.552	 0.5017626139487211
1.553	 0.5017541427461465
1.554	 0.5017441451724295
1.555	 0.5017274583219685
1.556	 0.5017107836152978
1.557	 0.5016941597916659
1.558	 0.5016749857453506
1.559	 0.5016599519840084
1.56	 0.5016444319965072
1.561	 0.5016279036264589
1.562	 0.501613982985051
1.563	 0.501595986294866
1.564	 0.5015785408818467
1.565	 0.5015647307934298
1.566	 0.5015514395820704
1.567	 0.5015438110194894
1.568	 0.5015387578474602
1.569	 0.5015331817386025
1.57	 0.5015317022460873
1.571	 0.5015312471560727
1.572	 0.5015333458003901
1.573	 0.5015415787114056
1.574	 0.5015518488996212
1.575	 0.5015636411112154
1.576	 0.501575405930784
1.577	 0.5015840999154467
1.578	 0.5015912575516013
1.579	 0.5015963616384835
1.58	 0.5015999227237833
1.581	 0.5016075275372922
1.582	 0.5016181492677964
1.583	 0.5016307701050512
1.584	 0.501646911837483
1.585	 0.5016655569709664
1.586	 0.5016866864687338
1.587	 0.5017128399746995
1.588	 0.5017434992961279
1.589	 0.5017771332420429
1.59	 0.5018112154987937
1.591	 0.501843707678987
1.592	 0.5018746117667939
1.593	 0.5019059451583551
1.594	 0.5019367025009489
1.595	 0.501961881152258
1.596	 0.5019814780559599
1.597	 0.501994012938482
1.598	 0.5019990022554648
1.599	 0.5020014583414827
1.6	 0.5020009039896812
1.601	 0.5019968355064192
1.602	 0.5019907561671415
1.603	 0.5019806712085795
1.604	 0.5019725688550909
1.605	 0.501970468919696
1.606	 0.5019693737202063
1.607	 0.5019707894618823
1.608	 0.5019702505609015
1.609	 0.5019612798968313
1.61	 0.5019478776187967
1.611	 0.5019275710220498
1.612	 0.5018969011159001
1.613	 0.5018578729661376
1.614	 0.5018055266367233
1.615	 0.5017433582460002
1.616	 0.5016743668398133
1.617	 0.5016010354285985
1.618	 0.5015298080174994
1.619	 0.5014611777379171
1.62	 0.501390201719998
1.621	 0.5013183626045041
1.622	 0.5012471411459886
1.623	 0.5011735723344622
1.624	 0.5010996182141333
1.625	 0.5010282155754707
1.626	 0.5009559155957555
1.627	 0.5008817248132428
1.628	 0.5008002299307649
1.629	 0.5007114335139305
1.63	 0.5006217278130725
1.631	 0.5005311040078683
1.632	 0.500438571476334
1.633	 0.5003446143318268
1.634	 0.5002418484298531
1.635	 0.500123868958439
1.636	 0.49999115200849403
1.637	 0.49984318082381685
1.638	 0.4996863156942454
1.639	 0.49952052120083135
1.64	 0.49934231820779984
1.641	 0.499157578155293
1.642	 0.49896675399293705
1.643	 0.4987697999176583
1.644	 0.49857701745223054
1.645	 0.4983908372379194
1.646	 0.4982141835266816
1.647	 0.49805001056449966
1.648	 0.4978963489946149
1.649	 0.4977536834547884
1.65	 0.49762101543593273
1.651	 0.49749392428966455
1.652	 0.49738037128018175
1.653	 0.4972843594791291
1.654	 0.497208486043424
1.655	 0.4971598200589325
1.656	 0.49714045005920254
1.657	 0.49715000029905565
1.658	 0.49719257806848177
1.659	 0.4972737959806594
1.66	 0.49739524756394915
1.661	 0.49755654370004526
1.662	 0.4977528044879819
1.663	 0.49797856902329907
1.664	 0.4982273788976353
1.665	 0.498489207694554
1.666	 0.4987620109039429
1.667	 0.49904121519068717
1.668	 0.4993156989316463
1.669	 0.4995833840073734
1.67	 0.49984066492487117
1.671	 0.500079422687543
1.672	 0.5002975825439688
1.673	 0.5004935883774513
1.674	 0.5006608764176176
1.675	 0.5007989339507736
1.676	 0.5009037448897471
1.677	 0.5009738227994066
1.678	 0.5010112188048539
1.679	 0.5010104356468444
1.68	 0.5009735222033317
1.681	 0.500907544812847
1.682	 0.5008125236986078
1.683	 0.500697502529763
1.684	 0.5005690130055819
1.685	 0.5004325688776968
1.686	 0.5002971850114514
1.687	 0.5001658597497973
1.688	 0.5000450932528469
1.689	 0.499940881763527
1.69	 0.4998492015699068
1.691	 0.49977054016248557
1.692	 0.4997033836311856
1.693	 0.49964271647723457
1.694	 0.49958853511484436
1.695	 0.4995353220413749
1.696	 0.4994790669130778
1.697	 0.49942277467349905
1.698	 0.4993649398649218
1.699	 0.499302553357177
1.7	 0.49924263032630645
1.701	 0.4991811484405672
1.702	 0.49911507802581034
1.703	 0.4990449088769716
1.704	 0.49897164018866336
1.705	 0.4988992798303212
1.706	 0.49882278366385946
1.707	 0.4987381122320061
1.708	 0.49864625574888044
1.709	 0.4985446687912084
1.71	 0.49843990770546426
1.711	 0.4983395308708003
1.712	 0.49824908263643325
1.713	 0.4981700971030748
1.714	 0.4981000703752538
1.715	 0.49804308847992296
1.716	 0.49800422848394277
1.717	 0.4979840241896831
1.718	 0.4979840549699941
1.719	 0.49800536840556325
1.72	 0.49804144996684124
1.721	 0.49809083305130303
1.722	 0.49815304127790017
1.723	 0.49822861952416475
1.724	 0.4983180962254678
1.725	 0.49841896790143086
1.726	 0.4985338050715254
1.727	 0.4986626079043851
1.728	 0.49880079035570096
1.729	 0.4989503863558395
1.73	 0.4991037184194802
1.731	 0.4992582208744411
1.732	 0.4994067116700479
1.733	 0.49954149964884076
1.734	 0.4996605164240518
1.735	 0.4997550471035726
1.736	 0.49982200326122755
1.737	 0.49986340992268086
1.738	 0.49987720292830085
1.739	 0.49986336910299517
1.74	 0.4998249650953786
1.741	 0.4997665895456686
1.742	 0.4996979606714078
1.743	 0.49962367788055384
1.744	 0.49954988309250287
1.745	 0.49947963828714953
1.746	 0.49941037675439814
1.747	 0.4993426088845666
1.748	 0.4992835060845607
1.749	 0.49923358723212724
1.75	 0.4991979832663619
1.751	 0.4991720954090793
1.752	 0.4991543999934322
1.753	 0.49914592909979694
1.754	 0.4991431050504947
1.755	 0.49914849471532613
1.756	 0.49916158411284095
1.757	 0.49918290073323096
1.758	 0.4992124640416839
1.759	 0.49924668050923365
1.76	 0.4992860743346809
1.761	 0.49932807178210187
1.762	 0.4993695855114797
1.763	 0.4994111288413033
1.764	 0.4994511548402376
1.765	 0.49949533025999754
1.766	 0.49954261885728884
1.767	 0.49958632172527023
1.768	 0.49962592591065913
1.769	 0.4996572988137901
1.77	 0.4996747660738235
1.771	 0.49968657079582146
1.772	 0.4996932240145273
1.773	 0.49969627182691717
1.774	 0.499695195224622
1.775	 0.499682256720064
1.776	 0.4996600278374778
1.777	 0.49963469377225117
1.778	 0.499607290261521
1.779	 0.4995881375352251
1.78	 0.4995798171843415
1.781	 0.4995782098129978
1.782	 0.4995843500835947
1.783	 0.49959876106505446
1.784	 0.49962402675607387
1.785	 0.49966272995567457
1.786	 0.4997148719093045
1.787	 0.499779939581534
1.788	 0.49985586892441025
1.789	 0.4999395570617499
1.79	 0.5000268632783118
1.791	 0.5001157146724139
1.792	 0.5002009407539876
1.793	 0.5002784053519942
1.794	 0.5003491367645144
1.795	 0.500410035860063
1.796	 0.5004611045648835
1.797	 0.5004992477724876
1.798	 0.5005203397074948
1.799	 0.500528509582333
1.8	 0.5005273815249273
1.801	 0.5005195386785454
1.802	 0.5005086029203918
1.803	 0.5004987009021999
1.804	 0.500483131641771
1.805	 0.5004629343231262
1.806	 0.5004417175131458
1.807	 0.5004174250747757
1.808	 0.5003952088526783
1.809	 0.5003740293783075
1.81	 0.5003549171739733
1.811	 0.5003378684620393
1.812	 0.5003182528843598
1.813	 0.5003027575653348
1.814	 0.5003021913246893
1.815	 0.5003098620547664
1.816	 0.5003237052049122
1.817	 0.5003452658444091
1.818	 0.5003621980482463
1.819	 0.5003703863747199
1.82	 0.5003708622624757
1.821	 0.5003651669790301
1.822	 0.5003553667580368
1.823	 0.5003275741310029
1.824	 0.5002822984959506
1.825	 0.5002303460332151
1.826	 0.5001701759238599
1.827	 0.500119779687627
1.828	 0.5000837864483901
1.829	 0.5000637334216007
1.83	 0.5000565325987522
1.831	 0.500051902989715
1.832	 0.5000606344625731
1.833	 0.5000914589657532
1.834	 0.5001330684979084
1.835	 0.5001803238431275
1.836	 0.5002234690826671
1.837	 0.5002481160135
1.838	 0.5002542715044346
1.839	 0.5002439898870044
1.84	 0.5002275428556165
1.841	 0.5001962089553466
1.842	 0.5001314954110156
1.843	 0.5000333895990885
1.844	 0.49990855512995447
1.845	 0.4997554268520764
1.846	 0.49959246853065625
1.847	 0.49941810615141985
1.848	 0.49922559386563387
1.849	 0.49901230096835664
1.85	 0.49877509763192407
1.851	 0.49853293305251883
1.852	 0.498294971479804
1.853	 0.49805859185258294
1.854	 0.49781856802692653
1.855	 0.49756232120331145
1.856	 0.497279385071731
1.857	 0.4969784139883486
1.858	 0.49665752458769913
1.859	 0.4963123121626197
1.86	 0.49594257925259405
1.861	 0.4955360166908268
1.862	 0.4950837475460507
1.863	 0.49458687013825586
1.864	 0.4940543126164381
1.865	 0.49349575796584283
1.866	 0.4929100341605048
1.867	 0.4922876417141207
1.868	 0.4916392751880434
1.869	 0.490957583349044
1.87	 0.490234235081908
1.871	 0.4894782274463659
1.872	 0.48869627860979814
1.873	 0.48788025569089966
1.874	 0.48702421108924304
1.875	 0.4861280551241981
1.876	 0.4851911904987454
1.877	 0.48421134300566365
1.878	 0.4831923491439422
1.879	 0.482143298512728
1.88	 0.48106283113023146
1.881	 0.4799527293011031
1.882	 0.4788173849836048
1.883	 0.47766061490591716
1.884	 0.47648684815937453
1.885	 0.47531361069840067
1.886	 0.4741488607304791
1.887	 0.4730010603430493
1.888	 0.4718803806513607
1.889	 0.4708057729965423
1.89	 0.4697929479039063
1.891	 0.46885678831250643
1.892	 0.4680162388236692
1.893	 0.467291944576346
1.894	 0.4666906030796729
1.895	 0.46622518490201387
1.896	 0.4659128042310966
1.897	 0.46577171515418236
1.898	 0.4658124613481756
1.899	 0.4660385353921719
1.9	 0.4664522664324321
1.901	 0.46705572073054547
1.902	 0.467841346964158
1.903	 0.46880910708770274
1.904	 0.4699554559403737
1.905	 0.4712614782477796
1.906	 0.47271019987003043
1.907	 0.47427037101968134
1.908	 0.4759167597236092
1.909	 0.47762892642047144
1.91	 0.479392683038672
1.911	 0.48118684051133287
1.912	 0.48299111099692993
1.913	 0.48477677561180615
1.914	 0.48652705078109126
1.915	 0.48822987062666134
1.916	 0.4898749187037268
1.917	 0.4914583470747312
1.918	 0.49298368402503734
1.919	 0.49443478376297556
1.92	 0.4958024839183912
1.921	 0.49708717808611685
1.922	 0.4982887279544461
1.923	 0.4994116360856525
1.924	 0.5004532970473082
1.925	 0.5014090009115101
1.926	 0.5022876842161469
1.927	 0.5030910921859058
1.928	 0.503817772752177
1.929	 0.5044815532947315
1.93	 0.5050831363382825
1.931	 0.5056240462979378
1.932	 0.5061093449585298
1.933	 0.5065489580378524
1.934	 0.5069578319198352
1.935	 0.5073387332237608
1.936	 0.5076851870024008
1.937	 0.5080032544557183
1.938	 0.5082835033701254
1.939	 0.5085278450990812
1.94	 0.5087432064559255
1.941	 0.5089250801752673
1.942	 0.5090786344604856
1.943	 0.5091976798069702
1.944	 0.5092808717555162
1.945	 0.5093343782422053
1.946	 0.5093640891252017
1.947	 0.5093781346401256
1.948	 0.5093832265999806
1.949	 0.5093840652195658
1.95	 0.5093800216749504
1.951	 0.5093629530805208
1.952	 0.5093360081976968
1.953	 0.5092978420013612
1.954	 0.5092515311821094
1.955	 0.5092070586940438
1.956	 0.5091628538878159
1.957	 0.5091150516340018
1.958	 0.5090638301089413
1.959	 0.5090068442072816
1.96	 0.5089494256876437
1.961	 0.5089030513423004
1.962	 0.5088652720089301
1.963	 0.5088360999979208
1.964	 0.5088051096273145
1.965	 0.5087655912202518
1.966	 0.5087183541745963
1.967	 0.5086605985603504
1.968	 0.5085975756602713
1.969	 0.508535694856182
1.97	 0.5084684580201363
1.971	 0.5083966774499761
1.972	 0.5083203492876295
1.973	 0.5082417306414413
1.974	 0.5081680647265486
1.975	 0.5081063355029122
1.976	 0.5080557028009146
1.977	 0.5080196329794392
1.978	 0.5079909916906111
1.979	 0.5079611267883155
1.98	 0.5079322545616777
1.981	 0.5079002573282614
1.982	 0.5078651184124493
1.983	 0.5078255189331554
1.984	 0.5077739519609813
1.985	 0.5077062494042628
1.986	 0.5076232319197874
1.987	 0.5075196023234417
1.988	 0.5073983961356097
1.989	 0.507262443222698
1.99	 0.5071132566599141
1.991	 0.506952401640012
1.992	 0.5067879245753062
1.993	 0.5066172270706094
1.994	 0.5064451438861033
1.995	 0.5062709400767881
1.996	 0.5060932629711324
1.997	 0.5059155223305954
1.998	 0.5057410403359932
1.999	 0.5055703560184064
2.0	 0.5054008011907655
2.001	 0.5052219148169349
2.002	 0.50502827869557
2.003	 0.5048206812173589
2.004	 0.5045991700151505
2.005	 0.504368296804824
2.006	 0.5041332731111414
2.007	 0.5038901859816968
2.008	 0.5036357519756106
2.009	 0.5033699082098703
2.01	 0.503094627319665
2.011	 0.5028275328813974
2.012	 0.5025704145094592
2.013	 0.50232320906019
2.014	 0.5020884113643899
2.015	 0.5018568142289512
2.016	 0.5016224916279431
2.017	 0.5013931768063303
2.018	 0.5011733345779755
2.019	 0.5009648144044393
2.02	 0.5007591479924033
2.021	 0.5005517334272749
2.022	 0.5003386231053617
2.023	 0.5001158877584977
2.024	 0.4998899374326676
2.025	 0.49967172524892556
2.026	 0.4994605530205793
2.027	 0.49925313676082894
2.028	 0.49904749068873555
2.029	 0.4988461937357395
2.03	 0.498658272602173
2.031	 0.4984810990588134
2.032	 0.49832247878429053
2.033	 0.49818953320228515
2.034	 0.49807059741272836
2.035	 0.49795855701598024
2.036	 0.49785862636969136
2.037	 0.49777081560389985
2.038	 0.49769186720703534
2.039	 0.4976166198172416
2.04	 0.4975522931079997
2.041	 0.4974949375500358
2.042	 0.49742887335286173
2.043	 0.49735735483803317
2.044	 0.4972829545916821
2.045	 0.4972063222641599
2.046	 0.49712880272520427
2.047	 0.4970530296645879
2.048	 0.49697830231215245
2.049	 0.4969046500208557
2.05	 0.4968301608509997
2.051	 0.4967633943339552
2.052	 0.49671296688854033
2.053	 0.49668364639711343
2.054	 0.4966674724591636
2.055	 0.4966551403112116
2.056	 0.4966480670120254
2.057	 0.4966469712062236
2.058	 0.49665047876055024
2.059	 0.4966579711966455
2.06	 0.49666817960901816
2.061	 0.49667236021097394
2.062	 0.49666849699070564
2.063	 0.49665936252302145
2.064	 0.4966651366452688
2.065	 0.4966884828749953
2.066	 0.4967268310785735
2.067	 0.49677618974271676
2.068	 0.49684061009841385
2.069	 0.49691403588846916
2.07	 0.4969931265653031
2.071	 0.4970825889342014
2.072	 0.49717563269633297
2.073	 0.49726075490492244
2.074	 0.4973325631643049
2.075	 0.497393688115436
2.076	 0.4974441243531805
2.077	 0.4974858781385521
2.078	 0.4975264659930118
2.079	 0.49757134308082696
2.08	 0.4976163845803795
2.081	 0.49766707412270045
2.082	 0.49772405525980096
2.083	 0.49778111896473287
2.084	 0.4978327883780783
2.085	 0.497877642620626
2.086	 0.4979170772107714
2.087	 0.4979455427449866
2.088	 0.4979658326143226
2.089	 0.49798764540004614
2.09	 0.4980088660768853
2.091	 0.4980295130240333
2.092	 0.49805648988363865
2.093	 0.4980939223074141
2.094	 0.49814670240602826
2.095	 0.49821622094160783
2.096	 0.49829697009248997
2.097	 0.4983847548648405
2.098	 0.49845872768909255
2.099	 0.49851962745812795
2.1	 0.4985722738505447
2.101	 0.4986166641126729
2.102	 0.49866257051299023
2.103	 0.49870787339530154
2.104	 0.49874210062915897
2.105	 0.4987715159214329
2.106	 0.4988017061023606
2.107	 0.49884172905122387
2.108	 0.49889504384180894
2.109	 0.4989519109620744
2.11	 0.49901443030714243
2.111	 0.49907069960644684
2.112	 0.49911514089141146
2.113	 0.49915403081904947
2.114	 0.49919085122451184
2.115	 0.49921999503824344
2.116	 0.49923865981694193
2.117	 0.499250345374091
2.118	 0.49926063935755605
2.119	 0.49926603290081206
2.12	 0.4992665235744236
2.121	 0.4992698147014385
2.122	 0.4992717052211081
2.123	 0.4992714923798243
2.124	 0.4992719831572319
2.125	 0.49927387598392264
2.126	 0.4992792906814043
2.127	 0.4992889445292335
2.128	 0.4993063548030357
2.129	 0.4993378639109796
2.13	 0.4993834806598727
2.131	 0.49944672979296717
2.132	 0.49952973113010957
2.133	 0.4996303686316036
2.134	 0.49975145500913204
2.135	 0.4998887511969808
2.136	 0.5000330926721559
2.137	 0.5001816486942416
2.138	 0.5003329930655778
2.139	 0.5004786588542033
2.14	 0.5006137076386894
2.141	 0.5007360163921968
2.142	 0.500843459774918
2.143	 0.5009395508721789
2.144	 0.5010235702354774
2.145	 0.5011053567287624
2.146	 0.5011933308328874
2.147	 0.5012811602749054
2.148	 0.5013737343122068
2.149	 0.5014759438678563
2.15	 0.5015891790082626
2.151	 0.5017113120245577
2.152	 0.5018409080413606
2.153	 0.5019765332990277
2.154	 0.5021077001965883
2.155	 0.5022246420818238
2.156	 0.502321104756591
2.157	 0.5023930180180181
2.158	 0.502443867632888
2.159	 0.5024702299379904
2.16	 0.5024818776366909
2.161	 0.5024837069656279
2.162	 0.5024674623776154
2.163	 0.5024359548319225
2.164	 0.5023961937836046
2.165	 0.5023537630466809
2.166	 0.5023196998279401
2.167	 0.5022947496900293
2.168	 0.5022740095264239
2.169	 0.502250625709781
2.17	 0.5022170017873716
2.171	 0.5021806725001376
2.172	 0.5021499286564596
2.173	 0.5021260991025884
2.174	 0.5021098551850292
2.175	 0.5020977640303393
2.176	 0.5020795147251013
2.177	 0.5020620066548134
2.178	 0.5020431719218398
2.179	 0.5020298901495327
2.18	 0.5020194324288897
2.181	 0.5020035555094707
2.182	 0.5019815923904671
2.183	 0.501948774676419
2.184	 0.5019010578675753
2.185	 0.5018520508589626
2.186	 0.5018044800039148
2.187	 0.5017651189672525
2.188	 0.5017373270138062
2.189	 0.5017170385560601
2.19	 0.5017042597684918
2.191	 0.5016962603722429
2.192	 0.5016984293250402
2.193	 0.5017161403746027
2.194	 0.5017493881533516
2.195	 0.501785285037907
2.196	 0.5018177696088354
2.197	 0.5018374048426575
2.198	 0.5018408314197311
2.199	 0.5018361781638219
2.2	 0.5018221456639932
2.201	 0.5017960770073902
2.202	 0.5017566212660038
2.203	 0.5016964086639069
2.204	 0.5016221933772629
2.205	 0.501542708889491
2.206	 0.5014546536851673
2.207	 0.5013627337215628
2.208	 0.5012689454561039
2.209	 0.5011706028102499
2.21	 0.501075067400772
2.211	 0.5009870110416845
2.212	 0.5008970612220888
2.213	 0.5008052175423825
2.214	 0.5007021205242322
2.215	 0.500581742502468
2.216	 0.5004547682551723
2.217	 0.5003165055648889
2.218	 0.5001642575558476
2.219	 0.4999979967868461
2.22	 0.4998096744163682
2.221	 0.49960526157598806
2.222	 0.49938202735113535
2.223	 0.4991492654812965
2.224	 0.49890956547086585
2.225	 0.49866016661293067
2.226	 0.498392932920846
2.227	 0.498119814754531
2.228	 0.49784004247514235
2.229	 0.49755148326835724
2.23	 0.49725801034459594
2.231	 0.49696094215500736
2.232	 0.496659389734273
2.233	 0.49635943115690384
2.234	 0.4960731799881418
2.235	 0.495806719529054
2.236	 0.4955558686921789
2.237	 0.4953146080531192
2.238	 0.4950842811220077
2.239	 0.49486895815053605
2.24	 0.4946741555239424
2.241	 0.4944939179307146
2.242	 0.49433501758523524
2.243	 0.4941756112309828
2.244	 0.49400609446979216
2.245	 0.49383063842362623
2.246	 0.4936552193884755
2.247	 0.4934868814619367
2.248	 0.493323554666136
2.249	 0.49316741064887615
2.25	 0.4930214400949224
2.251	 0.4928865068118362
2.252	 0.49277617467180096
2.253	 0.49270827308035786
2.254	 0.4926845485669015
2.255	 0.4927034376901809
2.256	 0.49276011727201724
2.257	 0.49285082589222035
2.258	 0.49297797204347527
2.259	 0.4931368541823527
2.26	 0.49332207884088314
2.261	 0.4935310027450347
2.262	 0.49375526657734264
2.263	 0.49398487634331484
2.264	 0.49422714967875353
2.265	 0.49449546625525787
2.266	 0.4947830373602782
2.267	 0.4950796578119017
2.268	 0.4953830792453051
2.269	 0.4956791608243915
2.27	 0.49597300251522064
2.271	 0.4962622983627689
2.272	 0.49655588108726284
2.273	 0.4968610725775509
2.274	 0.49714891120768245
2.275	 0.4974239042162767
2.276	 0.4976871936864237
2.277	 0.49792818907719943
2.278	 0.4981690903293264
2.279	 0.49841343342505445
2.28	 0.49865153454774425
2.281	 0.4988796001034215
2.282	 0.4990618662765457
2.283	 0.4991937907009261
2.284	 0.49927745342141805
2.285	 0.49929645098608544
2.286	 0.49928047908473366
2.287	 0.49922570971641156
2.288	 0.4991127295719032
2.289	 0.4989548566713863
2.29	 0.4987452620767592
2.291	 0.4985010284423691
2.292	 0.4982503972293348
2.293	 0.49799181167755896
2.294	 0.4977558536439308
2.295	 0.4975373222668923
2.296	 0.4973235644811736
2.297	 0.4971317130001487
2.298	 0.4969640769140594
2.299	 0.49683056261463165
2.3	 0.4967425115424301
2.301	 0.49670705867271914
2.302	 0.49673507533105954
2.303	 0.4968229689370397
2.304	 0.49696497465768963
2.305	 0.4971620164524297
2.306	 0.4974142269053783
2.307	 0.4977155651018439
2.308	 0.49805011559649454
2.309	 0.4984042593591213
2.31	 0.4987535910258553
2.311	 0.49908062094967526
2.312	 0.49937994805258046
2.313	 0.4996369548042981
2.314	 0.49985230165787586
2.315	 0.5000106610782311
2.316	 0.5000967281512432
2.317	 0.5001325399219386
2.318	 0.5001340719478825
2.319	 0.5000990334336872
2.32	 0.5000403776914016
2.321	 0.4999428549659035
2.322	 0.4997950066984799
2.323	 0.4996211711224158
2.324	 0.4994342856445789
2.325	 0.49925568001561854
2.326	 0.4990822440544215
2.327	 0.49890482259652447
2.328	 0.4987356539478748
2.329	 0.49856629345994563
2.33	 0.49841199001036257
2.331	 0.49829566568438693
2.332	 0.4981897031908967
2.333	 0.4980972056105252
2.334	 0.49801140587091225
2.335	 0.49793931920075946
2.336	 0.4979055092245088
2.337	 0.4978877350374831
2.338	 0.49789002940891613
2.339	 0.4979208236092286
2.34	 0.4979701737937659
2.341	 0.4980551999716559
2.342	 0.49818113996282115
2.343	 0.4983512348002048
2.344	 0.4985555644718243
2.345	 0.49875708692054
2.346	 0.4989573550491819
2.347	 0.4991717377128217
2.348	 0.4993685473187606
2.349	 0.49955778347470864
2.35	 0.49975178045329055
2.351	 0.4999288531436083
2.352	 0.5000982173929855
2.353	 0.5002273711563447
2.354	 0.5003132071327704
2.355	 0.5003897513942892
2.356	 0.5004314877822457
2.357	 0.5004476954124752
2.358	 0.500453848901562
2.359	 0.5004151802903014
2.36	 0.5003162242362296
2.361	 0.5001600519588969
2.362	 0.4999543762459538
2.363	 0.4997184623714131
2.364	 0.4994715740902641
2.365	 0.4992129128724734
2.366	 0.4989757445787236
2.367	 0.49876166505324293
2.368	 0.49855751949130483
2.369	 0.4983895617561992
2.37	 0.4982593040007319
2.371	 0.4981769435333472
2.372	 0.49815573197880036
2.373	 0.4981684810976064
2.374	 0.49819823461192864
2.375	 0.49821701952877046
2.376	 0.49820775135858986
2.377	 0.4981837165631648
2.378	 0.498158900674212
2.379	 0.49813562999161853
2.38	 0.4981115099485469
2.381	 0.4980796135779214
2.382	 0.4980438961896255
2.383	 0.49802534879243393
2.384	 0.4980145832191164
2.385	 0.498015425131678
2.386	 0.4980436576542091
2.387	 0.4980861198946189
2.388	 0.49814681848248077
2.389	 0.4982407651963928
2.39	 0.49833953418860566
2.391	 0.49841715112389356
2.392	 0.498482325829759
2.393	 0.4985310342653595
2.394	 0.4985774351565925
2.395	 0.49862145915431605
2.396	 0.49861964837358563
2.397	 0.49856719484727546
2.398	 0.4984552985710919
2.399	 0.4982894630607926
2.4	 0.49813370764799636
2.401	 0.4979966989530829
2.402	 0.4978507403005632
2.403	 0.4976773584935625
2.404	 0.4974541338729754
2.405	 0.49719191870966717
2.406	 0.4969278229610178
2.407	 0.49668425066937283
2.408	 0.49646684329786855
2.409	 0.4962557995496396
2.41	 0.4959917671329715
2.411	 0.4956953855046402
2.412	 0.49540441915557104
2.413	 0.495146772865748
2.414	 0.49499151939243025
2.415	 0.4949122290806446
2.416	 0.49486451420620664
2.417	 0.4948253169158661
2.418	 0.49472578300085557
2.419	 0.494592669501678
2.42	 0.4944803237469428
2.421	 0.4943552283540655
2.422	 0.49423285001469497
2.423	 0.4940981852598658
2.424	 0.4938806154861598
2.425	 0.4936249048863599
2.426	 0.493361789912176
2.427	 0.49310306417799527
2.428	 0.4929449749719549
2.429	 0.49285685634827253
2.43	 0.4928016623794483
2.431	 0.49278335963218584
2.432	 0.49271549741061005
2.433	 0.4926357244270165
2.434	 0.4925846811107721
2.435	 0.49254502911247755
2.436	 0.492546198219957
2.437	 0.4925256431095104
2.438	 0.4924327719842648
2.439	 0.4923034809510939
2.44	 0.49214835998901657
2.441	 0.4920124308818027
2.442	 0.4919527486810918
2.443	 0.4919096164171507
2.444	 0.4918715111154637
2.445	 0.49185274592637296
2.446	 0.4918185977755878
2.447	 0.49182026653202954
2.448	 0.49185301420763483
2.449	 0.4918830072676227
2.45	 0.49191098337624184
2.451	 0.49190336995838974
2.452	 0.4918985760589821
2.453	 0.4919118150160792
2.454	 0.4919326285974407
2.455	 0.4919808867684179
2.456	 0.4919965244957611
2.457	 0.49199973013334686
2.458	 0.49200638026216154
2.459	 0.4919828885092045
2.46	 0.4920541700878901
2.461	 0.49211969420756424
2.462	 0.4921444043588874
2.463	 0.4921261965002426
2.464	 0.4919955080828393
2.465	 0.49185307460809424
2.466	 0.4918005392455069
2.467	 0.4918089598565579
2.468	 0.4919593073331419
2.469	 0.49211401290175905
2.47	 0.4921737841720058
2.471	 0.4922495836080694
2.472	 0.49231883753247085
2.473	 0.49251694159821335
2.474	 0.4928380922346806
2.475	 0.4930898597911816
2.476	 0.49326464164179074
2.477	 0.49335563320844633
2.478	 0.4933542118521255
2.479	 0.49349996002675284
2.48	 0.493743000818892
2.481	 0.4940820927240001
2.482	 0.4944372254435105
2.483	 0.49471545674816697
2.484	 0.4950489392554298
2.485	 0.49544666858773695
2.486	 0.49585959806069424
2.487	 0.4962776747650517
2.488	 0.49665296628754124
2.489	 0.4969399539253862
2.49	 0.49716769701722474
2.491	 0.4974109780904395
2.492	 0.4682629649097254
2.493	 0.43543192392375324
2.494	 0.39816770855787886
2.495	 0.35560353126307603
2.496	 0.3065441131739474
2.497	 0.24926354904928152
2.498	 0.18146284981617886
2.499	 0.09996832002534399
2.5	 0.0
