2.501 1.0
2.503 1.0
2.504 0.9003463720232919
2.505 0.8188642186165671
2.506 0.7510081000003911
2.507 0.6937204133471886
2.509 0.6446855041545403
2.51 0.6022527136237025
2.511 0.5651891569331216
2.512 0.5324378692688511
2.514 0.5032522521586434
2.515 0.5035415191574012
2.516 0.5039243662879975
2.517 0.5043061557866876
2.518 0.5046537784863353
2.52 0.504976853639823
2.521 0.5052483319454296
2.522 0.5054528577179797
2.523 0.5056935486759397
2.525 0.5060177289392254
2.526 0.5062642717338117
2.527 0.5062472502180752
2.528 0.5061062890208619
2.53 0.5059743403411667
2.531 0.5058177721191545
2.532 0.5056920568273179
2.533 0.5057003625903332
2.534 0.505745771849103
2.536 0.5057559209473516
2.537 0.5058208393278795
2.538 0.5059920073411104
2.539 0.5063386883180653
2.541 0.5068293949623474
2.542 0.5073298093707163
2.543 0.5077949086046352
2.544 0.5082542141096085
2.546 0.5086055239547292
2.547 0.5089279627591714
2.548 0.5092749389838568
2.549 0.509569800190985
2.551 0.5097770410597176
2.552 0.5099157009399633
2.553 0.5100060251334136
2.554 0.5100361921996286
2.556 0.5099958726107398
2.557 0.5099343538652765
2.558 0.5099305006215392
2.559 0.5098483818170734
2.561 0.5097562513574677
2.562 0.5097181322949957
2.563 0.5096239643084768
2.565 0.5093958352097291
2.566 0.5090848835362809
2.567 0.5088021426917106
2.568 0.5086241769493246
2.57 0.5084217959815936
2.571 0.5080595523354191
2.572 0.5076992394722721
2.573 0.5072889390519187
2.575 0.5067603611228029
2.576 0.5063643506566393
2.577 0.5061536567072284
2.579 0.5059488313399667
2.58 0.5056710964565394
2.581 0.5053477599864861
2.582 0.5051790726444753
2.584 0.5050985528472912
2.585 0.5049333571777092
2.586 0.5048342389268607
2.588 0.5047350047185064
2.589 0.5045109363021086
2.59 0.5042183035117075
2.591 0.5039253515297375
2.593 0.5036259299919958
2.594 0.5033433017097695
2.595 0.5029525004090091
2.597 0.502650136264713
2.598 0.5023716997471637
2.599 0.5020180790321914
2.601 0.501792425995931
2.602 0.5016415426377953
2.603 0.5014787510841283
2.604 0.5013219143052798
2.606 0.50105081161656
2.607 0.5006977459771261
2.608 0.500296918548957
2.61 0.4998254950629194
2.611 0.49946560930295075
2.612 0.49909458202219414
2.614 0.4986886945732129
2.615 0.4983301542247423
2.616 0.497934489787501
2.618 0.49759805411979324
2.619 0.49745968968664434
2.62 0.49738539912904645
2.622 0.49737955420849905
2.623 0.49733923693544624
2.624 0.4972680218907383
2.626 0.4972079122261985
2.627 0.49715759334883414
2.628 0.4970740894855566
2.63 0.4969670520535448
2.631 0.4968167273893211
2.632 0.4966446052024011
2.634 0.49651773938202265
2.635 0.49636993383644973
2.636 0.49614596308959036
2.638 0.4958653552608874
2.639 0.49559946364653856
2.64 0.4953294684231211
2.642 0.4950004894936856
2.643 0.4946659768710334
2.644 0.4943404576808394
2.646 0.49397798199667536
2.647 0.49366798695874764
2.648 0.49344931005699083
2.65 0.4933225971612297
2.651 0.49313928561737386
2.652 0.49295480828099136
2.654 0.49286992182260847
2.655 0.49286512115616954
2.657 0.4928881024881354
2.658 0.4928988737251449
2.659 0.49282806210465785
2.661 0.4925506796134432
2.662 0.49219715948820775
2.663 0.49190891900556133
2.665 0.4917201757350457
2.666 0.49159153892026514
2.667 0.49137520497523873
2.669 0.4910240958183068
2.67 0.49058342370694846
2.672 0.49009687274659386
2.673 0.4897768188832371
2.674 0.4894945971872361
2.676 0.48911672038010373
2.677 0.4885934956600702
2.678 0.48778800165092623
2.68 0.48676047259436145
2.681 0.4857188455258603
2.683 0.48474788120416273
2.684 0.48374937841869714
2.685 0.4826245254860325
2.687 0.48135567575746113
2.688 0.47991409000216045
2.69 0.478318376512023
2.691 0.47676033570846643
2.692 0.4754040575471945
2.694 0.474046891035196
2.695 0.4724696269906454
2.697 0.47083583884546
2.698 0.46930191834029333
2.699 0.46766005634425234
2.701 0.4660184125794116
2.702 0.4645308210631395
2.704 0.4630253116475016
2.705 0.4611321262153519
2.706 0.45896997034474973
2.708 0.4567467143949861
2.709 0.4544894748347409
2.711 0.451973234070066
2.712 0.44917194108023833
2.713 0.44609320051687196
2.715 0.4427958377512351
2.716 0.4393986063767164
2.718 0.43624393867197364
2.719 0.43335057582746
2.721 0.4305302083448548
2.722 0.4276697870534885
2.723 0.424778761061947
2.725 0.422246740220662
2.726 0.4204216857515822
2.728 0.41912948653507015
2.729 0.4182789698250672
2.731 0.4174765651230955
2.732 0.4167174163567032
2.734 0.41629046851790025
2.735 0.41613291933540325
2.736 0.41634999663942013
2.738 0.41719106710365217
2.739 0.4180053640058617
2.741 0.4185173546636195
2.742 0.4190177021457504
2.744 0.4198339753279049
2.745 0.42085552072711707
2.747 0.4218670791467901
2.748 0.42290639568031657
2.749 0.4243532992115092
2.751 0.4253603539317825
2.752 0.4259345089643706
2.754 0.42673613481066897
2.755 0.42779808773903266
2.757 0.4284793866325191
2.758 0.4290012931463245
2.76 0.4298030921944688
2.761 0.431159134526908
2.763 0.43207285436333503
2.764 0.4326206373573529
2.766 0.43348887600619634
2.767 0.4346314597086051
2.769 0.4352486576002409
2.77 0.4357323167276287
2.772 0.4365163422228812
2.773 0.43765687648727064
2.774 0.4379955173451979
2.776 0.43815092271149275
2.777 0.4389562084775896
2.779 0.43992960360123073
2.78 0.44053722556114316
2.782 0.4412193039722795
2.783 0.4423957208249756
2.785 0.44394772135587873
2.786 0.4447513067845018
2.788 0.44510725060961326
2.789 0.44540769502294386
2.791 0.44544495353173286
2.792 0.44633610197247103
2.794 0.4482416889396077
2.795 0.4501714530647235
2.797 0.45187703729120204
2.798 0.4532568450158115
2.8 0.4550062143883266
2.801 0.45804809981121225
2.803 0.4618574902561711
2.804 0.4663170360345119
2.806 0.46999948408399117
2.808 0.47102842955554786
2.809 0.471430847955805
2.811 0.4734552095829827
2.812 0.476255897612032
2.814 0.47874634502923974
2.815 0.4802338016742265
2.817 0.4807771037254829
2.818 0.48064280496712936
2.82 0.4797871135771713
2.821 0.4802403864440303
2.823 0.48152424942263283
2.824 0.4818123430840194
2.826 0.4806740513787415
2.827 0.4791015856696587
2.829 0.4775020942199529
2.831 0.4764613652810163
2.832 0.47552830839812427
2.834 0.4755471991171241
2.835 0.47626699629171815
2.837 0.4769026805319634
2.838 0.47771631353720906
2.84 0.4792047964657622
2.841 0.4808120664417998
2.843 0.4829844886812178
2.844 0.4852172791192723
2.846 0.48709237660398585
2.848 0.48855945155233393
2.849 0.4896029831103311
2.851 0.4906471015929671
2.852 0.49174320028258567
2.854 0.49257206208425725
2.855 0.493755000444484
2.857 0.4950203863378117
2.859 0.4952168580666741
2.86 0.4953032742887815
2.862 0.4953141114748217
2.863 0.49511518241916924
2.865 0.49498857440213584
2.866 0.4946787991558692
2.868 0.49423251589464123
2.87 0.4936290488021701
2.871 0.49207837040762675
2.873 0.49068152121587233
2.874 0.49089908761634043
2.876 0.4917961309865296
2.878 0.49317488357154327
2.879 0.494727147133318
2.881 0.4956313253567559
2.882 0.49572056442285445
2.884 0.49542156385469555
2.886 0.49624322501104934
2.887 0.49841536167039513
2.889 0.49948557265117144
2.89 0.4992282867966886
2.892 0.4982323054950716
2.894 0.4973930934511702
2.895 0.4973094380234897
2.897 0.49765170455873076
2.899 0.49871345029239766
2.9 0.5002104770813844
2.902 0.5009357600711177
2.903 0.5013406075866732
2.905 0.5022254328525155
2.907 0.5037080088341277
2.908 0.5044940157406976
2.91 0.5040331981162867
2.912 0.5039439906651109
2.913 0.5036356856530251
2.915 0.5033428844317097
2.916 0.5023615085735558
2.918 0.5012809763368735
2.92 0.5008820389025579
2.921 0.500706590988069
2.923 0.5007028459499943
2.925 0.5016560861164779
2.926 0.5027255790417922
2.928 0.5033007475560667
2.93 0.5030813097866078
2.931 0.503424342710057
2.933 0.5048160719200073
2.935 0.5056388818705928
2.936 0.5058734629387923
2.938 0.5059998628602774
2.94 0.5053161213942582
2.941 0.5054197469272983
2.943 0.5060899826000498
2.945 0.506718066639614
2.946 0.507407574188319
2.948 0.506644144144144
2.95 0.5056038452036027
2.951 0.5046689017393066
2.953 0.5033273381294964
2.955 0.5031978636027019
2.956 0.5026999170979812
2.958 0.5014093329157532
2.96 0.5005240973259886
2.961 0.49959926978048885
2.963 0.5002217688281735
2.965 0.5019042557902661
2.967 0.5029916322610558
2.968 0.5038051413654264
2.97 0.5036360411493437
2.972 0.5033445556835298
2.973 0.5042315766213679
2.975 0.5045315884875546
2.977 0.5043397601537136
2.978 0.5035506492931885
2.98 0.50166802907452
2.982 0.5005508549268465
2.984 0.501215106732348
2.985 0.5026426137852712
2.987 0.5040607807178411
2.989 0.504783281396413
2.99 0.5048174992404844
2.992 0.5052779885119757
2.994 0.5060457268932103
2.996 0.5072733570006062
2.997 0.5085277693606337
2.999 0.5085878688240894
3.001 0.5075715207571522
3.003 0.5063806970509384
3.004 0.5050167224080268
3.006 0.503749089506834
3.008 0.5036485448493642
3.01 0.5043271173105955
3.011 0.5053492895805143
3.013 0.5057682168090267
3.015 0.5055557893850752
3.017 0.5053023608130287
3.018 0.5050030416815255
3.02 0.5054358072016589
3.022 0.5073409461663948
3.024 0.5084455222008529
3.025 0.50769583715692
3.027 0.5058338194849571
3.029 0.5046116857006653
3.031 0.5049543784319392
3.032 0.5056894174777259
3.034 0.5063821915274096
3.036 0.506781397254661
3.038 0.5065845977669625
3.04 0.5057557914467921
3.041 0.5051072315142636
3.043 0.5057559945587071
3.045 0.5064845306338172
3.047 0.5055746227737049
3.048 0.504386586971938
3.05 0.5036354823073194
3.052 0.5029958240029051
3.054 0.5022436864875742
3.056 0.5020902841982554
3.057 0.5023556063430966
3.059 0.5024452818087068
3.061 0.5021584459189383
3.063 0.502783819919778
3.065 0.5042021827451605
3.067 0.5051091407896307
3.068 0.505865567533291
3.07 0.507233487489624
3.072 0.5087971345351492
3.074 0.5104068673565381
3.076 0.5113303951012129
3.077 0.5120963817902255
3.079 0.5126558954167232
3.081 0.5126598193388654
3.083 0.5123092926490985
3.085 0.5121726441901544
3.087 0.5118369220178224
3.088 0.510415474419137
3.09 0.5085261296884208
3.092 0.5068360854415997
3.094 0.5060286360211003
3.096 0.5058595950869549
3.098 0.505370910996332
3.1 0.505245473212619
3.101 0.5054485272240404
3.103 0.5056429643631511
3.105 0.5062989947431522
3.107 0.507491532911206
3.109 0.5091833177372892
3.111 0.510184287099903
3.113 0.509988141931953
3.114 0.5101569461872806
3.116 0.5108853147866406
3.118 0.5112058223321836
3.12 0.5109571788413099
3.122 0.510556621880998
3.124 0.5103289567575282
3.126 0.5096658307990539
3.128 0.5085448137850426
3.129 0.5080642315157932
3.131 0.5083884355655599
3.133 0.5085407943376723
3.135 0.508306169051894
3.137 0.5080978695304625
3.139 0.5079101037930378
3.141 0.5074926457864684
3.143 0.5070733178254502
3.145 0.5072897324805722
3.147 0.5079422197090423
3.148 0.5082241617845492
3.15 0.5081244789273986
3.152 0.5078000474785499
3.154 0.5075322569749374
3.156 0.5078934967012253
3.158 0.5085177733065057
3.16 0.5090068974753902
3.162 0.5092552446386286
3.164 0.5096064353144528
3.166 0.5092299796360987
3.168 0.5085473614666777
3.17 0.5082253363413308
3.172 0.5082190656047294
3.173 0.5081747213721094
3.175 0.5079810216359871
3.177 0.5080616382806163
3.179 0.5084553949623307
3.181 0.5082606035232361
3.183 0.5081094088393359
3.185 0.5087444698215969
3.187 0.5096743371287522
3.189 0.5102354957471118
3.191 0.510556530815581
3.193 0.5109693676667454
3.195 0.5110176407809655
3.197 0.5109147122201055
3.199 0.5110841650343563
3.201 0.51119645677827
3.203 0.5107963672309404
3.205 0.5102175751518413
3.207 0.509967540421362
3.209 0.5100121914050594
3.211 0.5097196488776843
3.213 0.5092941301026968
3.215 0.5088989441930618
3.217 0.5080291092800866
3.219 0.5072615818108241
3.221 0.5072987253350847
3.223 0.5077914539582373
3.225 0.5079555733499413
3.227 0.5077734756007448
3.229 0.5075847862870595
3.231 0.508054232319531
3.233 0.5087245776312334
3.235 0.5094218913574502
3.237 0.5106875977524185
3.239 0.5115033774031523
3.241 0.5116105299459708
3.243 0.5117350735588757
3.245 0.5118353735873794
3.247 0.5119737514913926
3.249 0.5121475238283791
3.251 0.5119609140700899
3.253 0.511925757957504
3.255 0.5121013786380727
3.257 0.5118426334805299
3.259 0.5117048100637944
3.261 0.5120065789473683
3.263 0.5127142896078057
3.265 0.5136035535813436
3.267 0.5138645375340544
3.27 0.5138987691770801
3.272 0.5140268106547626
3.274 0.5136892493850143
3.276 0.5137065100964018
3.278 0.5140495216065608
3.28 0.5141930251419302
3.282 0.513733045221421
3.284 0.5128254930142822
3.286 0.5122939224814177
3.288 0.5124008190427439
3.29 0.51231721607989
3.292 0.5121332436923623
3.294 0.5118709172005105
3.297 0.5110817443836133
3.299 0.5101690670006261
3.301 0.5094655135836671
3.303 0.5090927183620668
3.305 0.5087264472753885
3.307 0.5079968876977609
3.309 0.5070181486862518
3.311 0.5061029520113954
3.313 0.5051358109433222
3.316 0.504222146074016
3.318 0.5033632561211261
3.32 0.5025399926730981
3.322 0.5016053617862855
3.324 0.5001831814962264
3.326 0.498502060431162
3.328 0.4970592910507073
3.33 0.49559646737466156
3.333 0.4940151003621631
3.335 0.49246286854356014
3.337 0.4908994303648878
3.339 0.4892027402700556
3.341 0.48721559050016205
3.343 0.48522244634601647
3.345 0.4834665926804046
3.348 0.48186324351804777
3.35 0.4804120812403338
3.352 0.4795204281156737
3.354 0.4788914788914789
3.356 0.4782625714360272
3.358 0.47787459422518364
3.361 0.47781737252772
3.363 0.4784238398228553
3.365 0.4793229544782339
3.367 0.48035893404180335
3.369 0.4811839728501834
3.372 0.48122179127962356
3.374 0.4809224085111124
3.376 0.48078570124819225
3.378 0.4806308093402857
3.38 0.48037898708128507
3.383 0.4798540609137056
3.385 0.4790855748562133
3.387 0.47841416136347015
3.389 0.47810079231834124
3.391 0.4783247285027595
3.394 0.47936266164919517
3.396 0.4808490168961578
3.398 0.482476158810283
3.4 0.48427950253899715
3.403 0.48650382658906555
3.405 0.4889260920317011
3.407 0.49124728164473985
3.409 0.493894606515515
3.411 0.4965963187520352
3.414 0.4987406716417911
3.416 0.5004901579397806
3.418 0.5021322957198444
3.42 0.5041240155951475
3.423 0.5059712140951673
3.425 0.5072638663262938
3.427 0.5084617522621291
3.43 0.509320310574316
3.432 0.50971716519949
3.434 0.5099089448312801
3.436 0.510012372267791
3.439 0.5099267114625711
3.441 0.5093530431608724
3.443 0.508168151785173
3.445 0.5074509685504205
3.448 0.5072143565695734
3.45 0.5072205677685826
3.452 0.5075738393482179
3.455 0.5079857043287412
3.457 0.508540074928464
3.459 0.5095908116205975
3.462 0.5108736955949841
3.464 0.5125458461896722
3.466 0.5143382672421285
3.469 0.51591531038456
3.471 0.5172793591760835
3.473 0.5184143222506393
3.476 0.5198388096714196
3.478 0.5213107881498044
3.48 0.5224918287075507
3.483 0.5234262324354767
3.485 0.5244605882512993
3.487 0.5255187281056319
3.49 0.5261015773039046
3.492 0.526403469339186
3.494 0.5269595018836333
3.497 0.5275975917653913
3.499 0.5275995851419353
3.501 0.5273959587001963
3.504 0.5271601534103727
3.506 0.5267328208248985
3.508 0.5259812118827464
3.511 0.5253602024922118
3.513 0.5248397049607096
3.516 0.5241202906865557
3.518 0.522746120127947
3.52 0.5214669892195316
3.523 0.5205933682373473
3.525 0.5199658683394255
3.528 0.5193472447603593
3.53 0.5188710281221994
3.532 0.5182390503755927
3.535 0.5174857219496384
3.537 0.5168476994596753
3.54 0.516495390993693
3.542 0.5163906577087055
3.544 0.5159426609254919
3.547 0.5152168495866694
3.549 0.5145862039269721
3.552 0.5138477337640804
3.554 0.5132647306083792
3.557 0.5128158978539591
3.559 0.5124722283644481
3.561 0.5122451757462805
3.564 0.5119862478512268
3.566 0.5117108154043859
3.569 0.5117094810688125
3.571 0.5116154873164219
3.574 0.511426585719834
3.576 0.5114223524146629
3.579 0.5115301647745111
3.581 0.5115613056762834
3.584 0.5113551936708098
3.586 0.5111464172587108
3.589 0.5108543103705694
3.591 0.5104549825998156
3.594 0.5100653904660305
3.596 0.5098490662573548
3.599 0.5096090710414646
3.601 0.5092477819963497
3.604 0.5087724416953571
3.606 0.5082682279045422
3.609 0.5075941412481269
3.611 0.5071394161287214
3.614 0.5069598547508574
3.616 0.5067636182483569
3.619 0.5066307421845143
3.621 0.5064153243858529
3.624 0.5059194648727743
3.626 0.5054829445829265
3.629 0.5053845790195244
3.631 0.505684496314033
3.634 0.5060772545109032
3.636 0.5060991630071687
3.639 0.5059633027522936
3.641 0.5058525694321186
3.644 0.5056496121718377
3.647 0.5057177389364076
3.649 0.5059980516769496
3.652 0.506143916735344
3.654 0.5059341146892447
3.657 0.5055444431129997
3.659 0.505387911218992
3.662 0.5054147983090791
3.665 0.505494304405508
3.667 0.5057547850056133
3.67 0.5059976501234141
3.672 0.5059446498151663
3.675 0.5058216974891947
3.678 0.5058268314513286
3.68 0.5059481902698799
3.683 0.5060166087222813
3.685 0.5059678955977782
3.688 0.5058100959383126
3.691 0.5056815131614266
3.693 0.5054488009067948
3.696 0.5052894975867781
3.699 0.5052711044007283
3.701 0.5054352159468438
3.704 0.5055805445338942
3.707 0.5058317391189358
3.709 0.5062226440963983
3.712 0.5064915710390897
3.715 0.5066292351017124
3.717 0.5069226943981574
3.72 0.5072478900200122
3.723 0.5075632002360517
3.725 0.5078590645247797
3.728 0.5081131880259346
3.731 0.5084204014297498
3.733 0.5086071049296016
3.736 0.5086754017811443
3.739 0.5089955723257611
3.741 0.5094628809497599
3.744 0.5097410541769674
3.747 0.5100184905026055
3.749 0.5100854414474786
3.752 0.5101053088335921
3.755 0.5100145499896072
3.758 0.5099180877761121
3.76 0.5101133420223385
3.763 0.510117067159581
3.766 0.5099133451709776
3.769 0.5098056789016988
3.771 0.5096823412923855
3.774 0.5097354856431885
3.777 0.5099626601429215
3.779 0.5099171035964533
3.782 0.509863926553898
3.785 0.5097661382149427
3.788 0.5096423757037507
3.791 0.509584172491411
3.793 0.5094271296653468
3.796 0.5093086357790395
3.799 0.5092369728986278
3.802 0.5089161315431018
3.804 0.5087863449270195
3.807 0.5089442192626906
3.81 0.5091310501861596
3.813 0.5093200073579005
3.816 0.5094078942346593
3.818 0.5097225704971846
3.821 0.5102586030741754
3.824 0.5106799773968733
3.827 0.5111661228010952
3.83 0.5116480561676066
3.833 0.5119816798887707
3.835 0.512155231744951
3.838 0.5122337681479844
3.841 0.5122896376593542
3.844 0.512145911765781
3.847 0.5117335352006056
3.85 0.5111939216425485
3.852 0.5103945448504024
3.855 0.5095899875492094
3.858 0.5088124363625934
3.861 0.5079776782205456
3.864 0.5072763000512616
3.867 0.5067663944023787
3.87 0.5063473765355702
3.873 0.5059343728182454
3.876 0.5055768879136954
3.878 0.5054393951084022
3.881 0.5054038919221615
3.884 0.5052337362867724
3.887 0.5052569930557491
3.89 0.5053436495456506
3.893 0.5052907848691884
3.896 0.5051554964244138
3.899 0.5050910724777935
3.902 0.5052002869123813
3.905 0.5053803390576839
3.908 0.5056832602775434
3.911 0.5063313641833498
3.914 0.5070260245859726
3.917 0.5075195889880325
3.919 0.5080702514884077
3.922 0.5087650612575517
3.925 0.5094542762936546
3.928 0.5099329309188465
3.931 0.5103675084557693
3.934 0.5106231303756904
3.937 0.5104331310018728
3.94 0.510014225692262
3.943 0.5096920946792378
3.946 0.5092426482667981
3.949 0.5087397588625543
3.952 0.5082661342936924
3.955 0.5078141252340337
3.958 0.5074436382482509
3.961 0.5071107180437294
3.964 0.5068081491872692
3.967 0.5066783910244478
3.97 0.5066405524939674
3.974 0.5066971265211315
3.977 0.5068128734988447
3.98 0.5069626037726269
3.983 0.5071456136244298
3.986 0.5072915352592405
3.989 0.5074577123813117
3.992 0.507748319056541
3.995 0.5081005795942839
3.998 0.5084803805586342
4.001 0.5088207005677763
4.004 0.5091367671422566
4.007 0.509570261981303
4.01 0.5099121983544094
4.014 0.510056900482218
4.017 0.5101113466364545
4.02 0.5101430097605982
4.023 0.5101799013444241
4.026 0.510284548196216
4.029 0.5104104842239049
4.032 0.510415733758441
4.035 0.5102516531087959
4.039 0.5101210739764956
4.042 0.5102019166165707
4.045 0.5104130001173296
4.048 0.5108608675844426
4.051 0.5113352908683897
4.054 0.5116141800631923
4.057 0.511895987839145
4.061 0.5122764404624144
4.064 0.5127111881255842
4.067 0.5131681966208627
4.07 0.5135278574493554
4.073 0.5138650224064154
4.077 0.5141665363739921
4.08 0.5143477440060411
4.083 0.514422333635179
4.086 0.5144468670536739
4.089 0.514419610670512
4.093 0.5142692637776886
4.096 0.5140625168825836
4.099 0.5139448653877157
4.102 0.5138359569179785
4.106 0.5135428240310036
4.109 0.5130929088890064
4.112 0.5127220506777904
4.115 0.5124419766912454
4.119 0.5121251263033989
4.122 0.5117776349347876
4.125 0.5115309607586186
4.129 0.5113065004031616
4.132 0.5109679398680779
4.135 0.5106043944855112
4.138 0.5103976077646284
4.142 0.510251155841796
4.145 0.5100040217172732
4.148 0.5097478671846838
4.152 0.509586130534968
4.155 0.5094677114024933
4.158 0.5093966174156581
4.162 0.5093901687815695
4.165 0.5094569320563733
4.168 0.5096987710327431
4.172 0.510115923275623
4.175 0.5108718792335978
4.178 0.5120226648516828
4.182 0.5133428611032775
4.185 0.5148022566674264
4.189 0.516480873698506
4.192 0.5182528206352104
4.195 0.5200066866957971
4.199 0.5216910392249942
4.202 0.5228015414610927
4.206 0.5232568183781375
4.209 0.5231671739660575
4.212 0.5227037327653851
4.216 0.5217062134815449
4.219 0.519934636181265
4.223 0.5174915747042886
4.226 0.5146741107230347
4.23 0.5117351855000807
4.233 0.5093325473129372
4.236 0.5076187643592694
4.24 0.5061678601923085
4.243 0.5048109598409882
4.247 0.5037038298452055
4.25 0.5030627481589575
4.254 0.5031253570778652
4.257 0.5038184705842599
4.261 0.5046542525148148
4.264 0.5051605504587157
4.268 0.505092198701047
4.271 0.5048062771745987
4.275 0.504577562385036
4.278 0.5043792465261895
4.282 0.5039868530272413
4.285 0.5034148343250521
4.289 0.5025295109612141
4.293 0.5013253284055086
4.296 0.5001942396457737
4.3 0.4993878975010341
4.303 0.4986663991103753
4.307 0.4979214239709585
4.31 0.4971730132623552
4.314 0.49665581954408583
4.318 0.49631299334662893
4.321 0.4961230887875537
4.325 0.4962352082485644
4.328 0.4964409448818898
4.332 0.49663072493011334
4.336 0.49698459259383954
4.339 0.4974023621018746
4.343 0.4978743504959849
4.347 0.49837009762524065
4.35 0.49871495722160225
4.354 0.4989213471739296
4.358 0.49906050834116245
4.361 0.49927408943726065
4.365 0.4995554991109982
4.369 0.4998179478060594
4.372 0.5000063510074815
4.376 0.5001799452119754
4.38 0.5003259259259258
4.383 0.5005733678059267
4.387 0.5008313835661067
4.391 0.5009857760553728
4.394 0.5010788444940855
4.398 0.5010004864944899
4.402 0.5007741902731242
4.406 0.5005351937485986
4.409 0.5003110018490858
4.413 0.49999999999999994
4.417 0.49943888980642753
4.421 0.49883496297300506
4.424 0.4983706039147884
4.428 0.49782231627516427
4.432 0.49720236376912497
4.436 0.49672141597433234
4.44 0.4963493400730132
4.443 0.495933227385634
4.447 0.4955308573500864
4.451 0.49530266716224697
4.455 0.49519105240404576
4.459 0.4949775253911611
4.463 0.49476090029170544
4.466 0.49477938265016264
4.47 0.4947760292645892
4.474 0.49459729410696446
4.478 0.4943213836750618
4.482 0.4941153461688904
4.486 0.49386863985776286
4.49 0.49354563921106087
4.493 0.49324117147187396
4.497 0.4929904797051213
4.501 0.49270095499876654
4.505 0.492488488824337
4.509 0.49246420163902505
4.513 0.4926798330620518
4.517 0.49298849348201107
4.521 0.4933578727367525
4.525 0.4937981553029458
4.529 0.49426583944350444
4.533 0.4948386546855864
4.537 0.49542930371636057
4.541 0.49584191618925705
4.545 0.49610645371106454
4.549 0.4963296524257785
4.553 0.4964712281576502
4.557 0.4965378206205134
4.561 0.4964980898672003
4.565 0.4963944880993053
4.569 0.4962682481751825
4.573 0.49599963446117296
4.577 0.49573682259415375
4.581 0.49569761844729177
4.585 0.4957232386767981
4.589 0.49566804933457187
4.593 0.4956044006649812
4.597 0.4955857526360944
4.601 0.49559681011301365
4.605 0.4955840284399678
4.609 0.4955435397557062
4.613 0.4956183962307985
4.617 0.4956229395220622
4.622 0.4953798336740122
4.626 0.495103999102166
4.63 0.49487304458670367
4.634 0.494654000929739
4.638 0.4945023924120312
4.642 0.49439547489983504
4.646 0.49447555551358446
4.651 0.49463469077942407
4.655 0.4947564868935856
4.659 0.49501601233542886
4.663 0.49540320587172715
4.667 0.49585981953669983
4.672 0.4963440983301616
4.676 0.4967995567147211
4.68 0.4971172938446449
4.684 0.49729201215479146
4.688 0.4972998401505369
4.693 0.49727950012016336
4.697 0.49722262334536704
4.701 0.49720500785489175
4.705 0.49723567665618185
4.71 0.49727002824108724
4.714 0.49738948161528546
4.718 0.49772776664332463
4.723 0.4982494265362791
4.727 0.49900773052761693
4.731 0.49992276650383266
4.736 0.5009165549112872
4.74 0.5019382835101254
4.744 0.5028764430396824
4.749 0.5037602311025519
4.753 0.5045668140039343
4.757 0.5051915417029026
4.762 0.5056243374314647
4.766 0.5059307465030863
4.77 0.506060432259853
4.775 0.5060240963855422
4.779 0.505905024743053
4.784 0.5057870700050323
4.788 0.5056201596286384
4.792 0.5053702950825871
4.797 0.5050669937724099
4.801 0.5048132170374696
4.806 0.5045313102255314
4.81 0.5041837371590008
4.815 0.5039006311291448
4.819 0.5036306471534977
4.824 0.5032912717062756
4.828 0.5029021481495306
4.833 0.5025908667287978
4.837 0.5024458127964181
4.842 0.5023406085117263
4.846 0.5022406322994692
4.851 0.5022352690206554
4.855 0.502325430575243
4.86 0.5024266566731902
4.864 0.5025578225005198
4.869 0.5028220949497654
4.874 0.5031598744347489
4.878 0.5034894212532455
4.883 0.5037190956483362
4.887 0.503970585535134
4.892 0.5041559882449488
4.897 0.5042571112067308
4.901 0.5044646121225415
4.906 0.5047994710321713
4.91 0.5050811204405306
4.915 0.5052628233071782
4.92 0.50540786689443
4.924 0.5056610425357855
4.929 0.5058915840311693
4.934 0.5061666756625466
4.939 0.5065602900527696
4.943 0.5068493763933781
4.948 0.5068813179253754
4.953 0.5067965836641405
4.957 0.5066961210057738
4.962 0.5066003307925274
4.967 0.5064098309149886
4.972 0.5061599240768943
4.976 0.5059104882538955
4.981 0.5055407139216479
4.986 0.5050919979132233
4.991 0.5047049508069067
4.996 0.5043959451609662
5.0 0.5040395892829892
5.005 0.503620616832929
5.01 0.5032458074081804
5.015 0.5028951700830977
5.02 0.5024537135468419
5.025 0.5020806422249001
5.03 0.501753854148623
5.034 0.501449614013224
5.039 0.5012191747656762
5.044 0.5011145189857013
5.049 0.5011069346325969
5.054 0.5011774041903513
5.059 0.501258262735601
5.064 0.5014769840244585
5.069 0.5016868776411253
5.074 0.5018343218170322
5.079 0.5020221686415582
5.084 0.5022122373236654
5.089 0.5024398618055407
5.094 0.5025920288146132
5.099 0.5026129344538967
5.104 0.5026513903214623
5.109 0.5026933435936899
5.114 0.5026478074446096
5.119 0.5026959006953035
5.124 0.5028207662939732
5.129 0.5029045395932367
5.134 0.5028448231872226
5.139 0.5027311959495048
5.144 0.502673070721814
5.149 0.5026639144495636
5.155 0.5025477248372463
5.16 0.5024184027116579
5.165 0.502291948579161
5.17 0.501952514178972
5.175 0.5015522899973389
5.18 0.5012661326400554
5.185 0.5010548434190428
5.191 0.5008540015772671
5.196 0.5005291005291005
5.201 0.5002001829039585
5.206 0.49992624156519616
5.211 0.4995595307843724
5.217 0.4992833777358109
5.222 0.4991756307162947
5.227 0.4989577531351798
5.233 0.4986259503315871
5.238 0.49827195754677117
5.243 0.4979285037878788
5.248 0.49763676908039217
5.254 0.49732545581602183
5.259 0.4970722296423499
5.264 0.4968948317945453
5.27 0.496563478940948
5.275 0.4962424572542278
5.28 0.49605141471439346
5.286 0.49582988313428883
5.291 0.4955967956476923
5.297 0.495307960612579
5.302 0.4949822866344606
5.308 0.49465720470458624
5.313 0.4942842106171327
5.318 0.493967257620363
5.324 0.49367884091135633
5.329 0.4932932419690537
5.335 0.4928741661837685
5.34 0.4924988422790937
5.346 0.4921682575578287
5.351 0.4919658239864984
5.357 0.4917816674749791
5.362 0.4915331463606686
5.368 0.4911740804390978
5.374 0.4906955494640191
5.379 0.4902578514467785
5.385 0.4898946781933537
5.39 0.489448029967956
5.396 0.48903574374733716
5.401 0.48855744051007627
5.407 0.48792036268647837
5.413 0.4873540185403922
5.418 0.48693500053100364
5.424 0.48664479088828966
5.43 0.4863887657748023
5.435 0.4860456279115591
5.441 0.4857001344371329
5.447 0.4853209180477248
5.453 0.4848010237701864
5.458 0.4842523281361929
5.464 0.48365342254196175
5.47 0.48297853667098983
5.476 0.4821805611478291
5.481 0.4811336160610454
5.487 0.4801001351425479
5.493 0.47912581822569456
5.499 0.47803473482505865
5.505 0.4768642858239077
5.511 0.4757518175809649
5.516 0.4746570698377927
5.522 0.47344342133697365
5.528 0.47199701500493046
5.534 0.4705707923808086
5.54 0.4690878710438373
5.546 0.4673283980125929
5.552 0.46540901671070123
5.558 0.4635370148081988
5.564 0.46164286250570313
5.57 0.45954950727358046
5.576 0.45724441475720745
5.582 0.45509748492532426
5.588 0.4530298350731979
5.594 0.45070014789640955
5.6 0.4482800698761753
5.606 0.4459233408335027
5.612 0.4434292614208091
5.618 0.4406965809325728
5.624 0.4376341135664886
5.63 0.43431892848117254
5.636 0.4305830975245649
5.642 0.42629582613217487
5.649 0.42170584200026806
5.655 0.4171705744956174
5.661 0.41241687010691136
5.667 0.40761816787506966
5.673 0.4028726287262872
5.68 0.39859301377947226
5.686 0.3953321085221584
5.692 0.39341898269533293
5.698 0.3926775612822125
5.705 0.3936147068421625
5.711 0.3958883994126285
5.717 0.39954549181768134
5.723 0.4044516301573023
5.73 0.410797737664857
5.736 0.4181452875482726
5.742 0.42589419431439485
5.749 0.43378442346782503
5.755 0.44241653327235314
5.762 0.45132393624028455
5.768 0.4596592351456687
5.774 0.46700731481059055
5.781 0.47406402269783504
5.787 0.4806842836405637
5.794 0.4869019336364637
5.8 0.49265497372253525
5.807 0.4981398454640847
5.813 0.5024353630687172
5.82 0.5047992321228604
5.826 0.5060949238334748
5.833 0.5072909163665466
5.839 0.5077660410021319
5.846 0.5068651353779033
5.853 0.5048237715461796
5.859 0.501658615136876
5.866 0.49694501018329945
5.873 0.4916277258566978
5.879 0.486669929841736
5.886 0.4823485022474491
5.893 0.4775872616941418
5.899 0.4728201204298214
5.906 0.46897106648338754
5.913 0.4658462786727294
5.919 0.4635088258915603
5.926 0.46264769297110825
5.933 0.4628180039138943
5.94 0.4633843974143274
5.947 0.46379521104479754
5.953 0.464962241834228
5.96 0.4669865288798671
5.967 0.4692471431772351
5.974 0.4715926261710487
5.981 0.4747365010387482
5.988 0.477963818321786
5.995 0.48078747168934743
6.002 0.48320131111718106
6.009 0.48635649784059676
6.016 0.49004803035993116
6.023 0.4934078788239259
6.03 0.4963478953129664
6.037 0.4989033338650502
6.044 0.5004701598543505
6.051 0.5016306848876528
6.058 0.5025637944157354
6.065 0.5040436110944707
6.072 0.5056390602231671
6.079 0.5067983198295941
6.086 0.5075477694355063
6.093 0.5083758049859745
6.101 0.5097021527572987
6.108 0.511718673770076
6.115 0.5140170574864492
6.122 0.5163120020064437
6.129 0.5181849604424302
6.137 0.5194562899786781
6.144 0.5213702667976721
6.151 0.5235706933657714
6.158 0.525451742901183
6.166 0.5267039393827933
6.173 0.5272428884026258
6.18 0.5273271324536737
6.188 0.52745977032023
6.195 0.5274570046261963
6.203 0.5272921556949165
6.21 0.5258237175031281
6.218 0.5234122666113962
6.225 0.5205477104469427
6.232 0.5178583600299911
6.24 0.5151520281709216
6.248 0.5121811310568227
6.255 0.5091363659244593
6.263 0.5065249720119639
6.27 0.5039521753570242
6.278 0.5020018529548012
6.285 0.5009318972768807
6.293 0.5000659891777749
6.301 0.49944795082642585
6.308 0.4988456464379947
6.316 0.49834314258865425
6.324 0.49798253737266834
6.331 0.4976074970611123
6.339 0.4970550661158396
6.347 0.49639905744913876
6.355 0.49540185921207985
6.362 0.4948018031505231
6.37 0.4944461122785949
6.378 0.494192256341789
6.386 0.49392712550607293
6.394 0.49418517093087466
6.402 0.4945788996676849
6.41 0.4949841205827494
6.418 0.4954018729367378
6.426 0.495794636686949
6.434 0.4958793765759058
6.442 0.4959501135323822
6.45 0.49675776608385674
6.458 0.49814422506567246
6.466 0.499516875455578
6.474 0.5006256340886033
6.482 0.5020867478836829
6.49 0.503681488096241
6.498 0.5053895437805842
6.506 0.5077399380804954
6.514 0.5106379425517702
6.523 0.512589928057554
6.531 0.5131268093035637
6.539 0.5129900255161215
6.547 0.5128938407114755
6.556 0.5126098837783557
6.564 0.5119567716716487
6.572 0.5107445049999181
6.58 0.5087530034815868
6.589 0.5054765940800626
6.597 0.5019221371558886
6.606 0.49939823699704
6.614 0.497310688789647
6.623 0.495148955598676
6.631 0.4928156926849203
6.639 0.4906684986178582
6.648 0.48920934043424824
6.657 0.48846853639746257
6.665 0.48810933491217684
6.674 0.4884365411896671
6.682 0.488487524693305
6.691 0.48802854475123375
6.7 0.48730529464150685
6.708 0.4862971985383679
6.717 0.4848873169648197
6.726 0.48301594140456694
6.734 0.47996794871794873
6.743 0.476743165177082
6.752 0.4738978604222431
6.761 0.4718159115233678
6.769 0.4702504185644589
6.778 0.4696214688241796
6.787 0.4697493280675772
6.796 0.47072470172337605
6.805 0.47243084473527663
6.814 0.4754837743758656
6.823 0.4791698170270679
6.832 0.48271985977747295
6.841 0.4860526366380222
6.85 0.48906660485241843
6.859 0.4911956055942966
6.868 0.4928973937544024
6.877 0.494162351597724
6.886 0.4951920229045315
6.896 0.49590383432844704
6.905 0.49637250237868696
6.914 0.4969739061414823
6.923 0.4975409510966565
6.932 0.49759558063746917
6.942 0.49809689953215447
6.951 0.4992454029151277
6.96 0.5004957170050761
6.97 0.50149953325786
6.979 0.5022427754842808
6.988 0.5028536202199375
6.998 0.5031251860229776
7.007 0.5026313176447224
7.017 0.5025083777835062
7.026 0.5025428106003418
7.036 0.5018240939011818
7.045 0.5009825132490423
7.055 0.500237595533204
7.065 0.49985144102208584
7.074 0.4992579400415554
7.084 0.49825389896424466
7.094 0.49803021004493897
7.103 0.49799674719346265
7.113 0.49730222962786647
7.123 0.4968474650436581
7.133 0.49649876661096526
7.142 0.4956942196647286
7.152 0.494447223611806
7.162 0.49329344203044057
7.172 0.49297642732260205
7.182 0.4929324340697064
7.192 0.4927001411574914
7.202 0.4931976908481692
7.212 0.4948314425615088
7.222 0.49662468513853897
7.232 0.49878501857616225
7.242 0.5015871102539378
7.252 0.5049187553845845
7.262 0.5078134391152783
7.273 0.510281082807634
7.283 0.5130072218010613
7.293 0.5147561169367652
7.303 0.5150059547439461
7.314 0.5147317458749134
7.324 0.5144033732660781
7.334 0.5137436861270996
7.345 0.5122108471397312
7.355 0.5105366403169732
7.366 0.5087409876734631
7.376 0.5064967660971137
7.387 0.5039257673090649
7.397 0.5018163645799296
7.408 0.5002118888931695
7.418 0.4984113535267952
7.429 0.49620810096293017
7.44 0.4948505207230447
7.45 0.49368482039397454
7.461 0.49201870675994286
7.472 0.49077540885017557
7.483 0.4905524808233809
7.493 0.4907694407080336
7.504 0.4910522827400678
7.515 0.49173044176077974
7.526 0.4929674032283341
7.537 0.49420720313145416
7.548 0.49550575028457033
7.559 0.4974640245340882
7.57 0.49959708327600777
7.581 0.5009862711062016
7.592 0.5017062826708748
7.603 0.5020964360587002
7.614 0.5023804349973331
7.626 0.5024655906525399
7.637 0.5021268176872093
7.648 0.5006558549964225
7.659 0.498440572915632
7.671 0.4965882189110151
7.682 0.4952942578031928
7.694 0.49434578322847816
7.705 0.4939111747851003
7.716 0.49346555198627273
7.728 0.4932347607755615
7.739 0.4928338697103565
7.751 0.49312989295414605
7.763 0.494288639511774
7.774 0.4949171648851581
7.786 0.49509496551305643
7.798 0.4956020624810433
7.809 0.49575565574103403
7.821 0.49584645069564326
7.833 0.4953785884801371
7.845 0.4948571428571429
7.857 0.4947745901639344
7.869 0.49447219719924657
7.881 0.49390557234178123
7.893 0.49409440717725006
7.905 0.4941514425064065
7.917 0.4939818733612734
7.929 0.49406229922695905
7.941 0.4950984447385838
7.953 0.4966205009122574
7.965 0.49808532218335366
7.978 0.49959586329816996
7.99 0.5020616856341744
8.002 0.504474964942671
8.015 0.5066568047337279
8.027 0.50820649938297
8.039 0.5093708989501312
8.052 0.5098587495116886
8.064 0.5098986590234414
8.077 0.5100032730545782
8.09 0.5102377269396726
8.102 0.5089527611985905
8.115 0.5065250871362568
8.128 0.5040446021287379
8.14 0.5021601324342875
8.153 0.5006063300860988
8.166 0.4992541525560394
8.179 0.49726310667801965
8.192 0.4950326426341187
8.205 0.4922610076982608
8.218 0.49031208701839996
8.231 0.48973756765036247
8.244 0.4896900902372299
8.257 0.48979047384514357
8.27 0.4903913132554804
8.283 0.4905070451506736
8.297 0.49161483670997813
8.31 0.4936416184971099
8.323 0.49505728585018816
8.337 0.49551260644514944
8.35 0.4952699874424445
8.364 0.49330177914888224
8.377 0.4911860164188286
8.391 0.48874322558533084
8.404 0.486704408989535
8.418 0.48466708447690876
8.432 0.48139967952882073
8.445 0.4780065052718898
8.459 0.47620402179383386
8.473 0.47527903635760854
8.487 0.4760428659994686
8.501 0.47791667598452486
8.515 0.4799200395310183
8.529 0.48128950120492886
8.543 0.48169631642649985
8.557 0.4825402934291699
8.571 0.4847092312999127
8.585 0.4872514808642795
8.599 0.4890012499966829
8.614 0.4907902906986303
8.628 0.49176355896296137
8.642 0.4920392136043929
8.657 0.4926046332934821
8.671 0.4939972576148039
8.686 0.49640857490744905
8.7 0.4982916117839344
8.715 0.4990058009782415
8.73 0.4996633667839231
8.744 0.4998438974364434
8.759 0.499656872155792
8.774 0.5005110900392811
8.789 0.5025660003406319
8.804 0.5043841530562944
8.819 0.5047259603984745
8.834 0.5052468405833375
8.849 0.5064863646494803
8.864 0.5084715475206656
8.879 0.510210869522033
8.894 0.5130533308083144
8.91 0.514488168926967
8.925 0.5144108902542887
8.94 0.5147590646824098
8.956 0.5159453613662187
8.971 0.5171463748460767
8.987 0.5181638124441441
9.002 0.518834494854563
9.018 0.5204251498921325
9.034 0.5218295341281977
9.05 0.5243992365749978
9.065 0.5284341338608072
9.081 0.5320803491969318
9.097 0.5353215908852912
9.113 0.5389406823071407
9.129 0.5434065377998177
9.145 0.547151101679789
9.162 0.550413675748626
9.178 0.5521956450964246
9.194 0.553668260056304
9.21 0.5528121474412325
9.227 0.5509637343564446
9.243 0.5489068927730971
9.26 0.546543190164458
9.276 0.5428109573802405
9.293 0.5394472749729814
9.31 0.5356247159616906
9.326 0.5320907186325696
9.343 0.5285711950035152
9.36 0.5259172976121143
9.377 0.5250806361917474
9.394 0.5256244887686402
9.411 0.5265718446902793
9.428 0.527195432640658
9.445 0.5279348187562355
9.462 0.5291034606687731
9.48 0.5309533635988445
9.497 0.5331183799714043
9.515 0.5355696020686683
9.532 0.5377527514717174
9.55 0.5379269844377018
9.567 0.5371883656509696
9.585 0.5359069246630525
9.603 0.5340973823409738
9.62 0.5313212915000401
9.638 0.5279050813035286
9.656 0.5250263713080168
9.674 0.5225645447893802
9.692 0.5178536787243123
9.711 0.5128241462377781
9.729 0.5082067801810093
9.747 0.5048449488695118
9.765 0.5022449393739536
9.784 0.5009631225446711
9.802 0.5003659583059916
9.821 0.49868676487381525
9.839 0.49474031494664183
9.858 0.49143598285925005
9.877 0.4905468332527546
9.896 0.4906273591544791
9.915 0.4910450245157656
9.934 0.4912515438452037
9.953 0.4911200781330317
9.972 0.4905076750570313
9.991 0.4893822518125507
10.01 0.49013426736719207
10.03 0.49250253820321244
10.049 0.49370537761184247
10.069 0.49405558617431694
10.088 0.49317965528180174
10.108 0.4920611798980335
10.128 0.49081210828110405
10.148 0.48988908020662325
10.167 0.48988700792150863
10.187 0.4903165236051501
10.207 0.49058206479970884
10.228 0.49090444282984846
10.248 0.4916367658564222
10.268 0.4932637047604948
10.289 0.4952517518465411
10.309 0.4974506011712358
10.33 0.4996669521362642
10.35 0.5011824186577509
10.371 0.5017789228315543
10.392 0.5027881293692027
10.412 0.5033578116895525
10.433 0.5029697844862818
10.454 0.5022261677137395
10.476 0.5012859417311906
10.497 0.5003684799519611
10.518 0.4991966668482109
10.539 0.4977522716403634
10.561 0.4962707974756168
10.582 0.49428477221520045
10.604 0.4927064893719211
10.626 0.4917022742935906
10.648 0.4911519060613578
10.67 0.49036809135761394
10.692 0.4887587431997335
10.714 0.48673582237901264
10.736 0.485677010268784
10.758 0.48547295865760814
10.78 0.48530140964794216
10.803 0.4842677140522642
10.825 0.48340359408946376
10.848 0.48242992281353364
10.871 0.48174163430914885
10.894 0.4818183149539417
10.917 0.48327366629497037
10.94 0.48423894501060627
10.963 0.48437686167043964
10.986 0.48391891891891897
11.009 0.4842978441527159
11.033 0.4850858876068832
11.056 0.4853011014599323
11.08 0.48457651289682546
11.104 0.48418741533143367
11.127 0.4833786096760517
11.151 0.48312279325225577
11.175 0.4834074472630596
11.2 0.48470252713301115
11.224 0.4863167625635549
11.248 0.4881541472418018
11.273 0.4903191710840286
11.297 0.4935330700730627
11.322 0.4967400228600866
11.347 0.4987911025145067
11.372 0.4993413027567699
11.397 0.49936581241056327
11.422 0.49976254810447884
11.447 0.4994682504622131
11.472 0.4972814446238508
11.498 0.49507916131792895
11.523 0.49276010603048376
11.549 0.48969302233316253
11.575 0.48687076979362415
11.6 0.48616830499468655
11.626 0.4865027596588059
11.653 0.4862825788751715
11.679 0.4853452055718574
11.705 0.48567914546618596
11.732 0.4859838550359345
11.758 0.4860940276069428
11.785 0.48621523579201936
11.812 0.48726070550766787
11.839 0.48753719586907057
11.866 0.487286799985991
11.893 0.4861866742033491
11.92 0.4861864781263809
11.948 0.4859888196317266
11.976 0.4859848079597732
12.003 0.4867625899280576
12.031 0.4883846375143843
12.059 0.48883117826529127
12.087 0.48899981847885277
12.115 0.4890389095778833
12.144 0.4900958349366903
12.172 0.49070184852802395
12.201 0.4918623339675971
12.23 0.49272012080311695
12.259 0.49326962406574204
12.288 0.4939889688697765
12.317 0.4954489727681391
12.346 0.4965773920849854
12.376 0.49750983939863086
12.405 0.4982590201577234
12.435 0.4989978458368456
12.465 0.4990176446140477
12.495 0.4997651479567872
12.525 0.5005197014079183
12.555 0.4994623148759551
12.586 0.49736516693617433
12.617 0.49594632901823676
12.647 0.49495929392071825
12.678 0.493486269892514
12.709 0.4915003553523751
12.741 0.49072799571767217
12.772 0.48909133108970637
12.803 0.48671439322308624
12.835 0.4853884117669918
12.867 0.4862709331884424
12.899 0.4867989713994072
12.931 0.4878315345732743
12.964 0.4894739939963508
12.996 0.49218322520128194
13.029 0.49354762093262616
13.061 0.4942367938841054
13.094 0.4959636428870418
13.128 0.497709893261112
13.161 0.4976067894779181
13.194 0.4973018515918073
13.228 0.4963238280932651
13.262 0.4956009363144725
13.296 0.4932255377927644
13.33 0.4918079096045198
13.364 0.49126815733638
13.399 0.49139276952087435
13.434 0.4938979741274104
13.469 0.49695066723023973
13.504 0.4979099025974026
13.539 0.5000302523042172
13.574 0.500439520003271
13.61 0.5005389136314644
13.646 0.5007402228893366
13.682 0.5026932179874316
13.718 0.5033208200981808
13.754 0.5005049568210391
13.791 0.4945567327907412
13.828 0.49293518442454615
13.865 0.49214529649177274
13.902 0.49186342023282503
13.939 0.4921688621512291
13.977 0.4943192324286565
14.015 0.4945203204782265
14.053 0.4938367984222204
14.091 0.49373443983402493
14.129 0.4975273645223364
14.168 0.4986600831381486
14.207 0.49763489472141986
14.246 0.4961647667076324
14.285 0.4962426532325777
14.324 0.49415803164044175
14.364 0.4929933621325466
14.404 0.49337614561847454
14.444 0.49549814259029945
14.484 0.49577303642180653
14.525 0.49898943595941075
14.566 0.5016974169741697
14.607 0.5081912957140493
14.648 0.510780544877152
14.69 0.5133293533976985
14.731 0.5157333890513999
14.773 0.5176288659793814
14.815 0.5155046043976697
14.858 0.5141181313027372
14.901 0.5114827341433881
14.944 0.5093728872590195
14.987 0.47653620223087584
15.03 0.4377260035702842
15.074 0.4001374030817548
15.118 0.3560249987087443
15.162 0.3043515021701144
15.206 0.2487356734596164
15.251 0.18162832327786252
15.296 0.10664091835639955
15.341 0.0
