0.35 1.0
0.351 1.0
0.352 0.9
0.353 0.8181818181818182
0.354 0.75
0.355 0.6923076923076923
0.356 0.6428571428571429
0.357 0.6000000000000001
0.358 0.5625
0.359 0.5294117647058822
0.36 0.5
0.361 0.5
0.362 0.5
0.363 0.5
0.364 0.5
0.365 0.5
0.366 0.5
0.367 0.5
0.368 0.5
0.369 0.5
0.37 0.5
0.371 0.5
0.372 0.5
0.373 0.5
0.374 0.5
0.375 0.5
0.376 0.5
0.377 0.5
0.378 0.5
0.379 0.5
0.38 0.5
0.381 0.5
0.382 0.5
0.383 0.5
0.384 0.5
0.385 0.5
0.386 0.5
0.387 0.5
0.388 0.5
0.389 0.5
0.39 0.5
0.391 0.5
0.392 0.5
0.393 0.5
0.394 0.5
0.395 0.5
0.396 0.5
0.397 0.5
0.398 0.5
0.399 0.5
0.4 0.5002266316395044
0.401 0.5011138295049772
0.402 0.5026828166068125
0.403 0.5049767074982633
0.404 0.5079231796900479
0.405 0.5114260017529334
0.406 0.5154339876234744
0.407 0.5199592062668523
0.408 0.5250053871187838
0.409 0.5302813255475107
0.41 0.5351090405241837
0.411 0.5390312098031627
0.412 0.5419728442475547
0.413 0.5439494047218961
0.414 0.5451088234780453
0.415 0.5455290686258806
0.416 0.5452237322500613
0.417 0.5441664152504386
0.418 0.5424126720692426
0.419 0.5402886691669507
0.42 0.5381990704486052
0.421 0.5361512178992616
0.422 0.5342886639696112
0.423 0.5325408313959439
0.424 0.5308479208568706
0.425 0.529215485894907
0.426 0.527705997876359
0.427 0.5263175016265452
0.428 0.5249841319485967
0.429 0.5237232177417519
0.43 0.5226327611246921
0.431 0.5216771402265149
0.432 0.5207813669934915
0.433 0.5199383133715872
0.434 0.5192057944234776
0.435 0.5186069135482198
0.436 0.5181118848115874
0.437 0.5177583703432448
0.438 0.5175516828904377
0.439 0.5174281746048397
0.44 0.5173242581268641
0.441 0.5173111120301063
0.442 0.5174336257754094
0.443 0.5176707465691729
0.444 0.517911697939133
0.445 0.5181382119700148
0.446 0.5183489348803261
0.447 0.5185597256922035
0.448 0.518762773148876
0.449 0.5189267002430451
0.45 0.5190270010688892
0.451 0.519086082480172
0.452 0.5190345353940088
0.453 0.5189069821176274
0.454 0.5187620787932111
0.455 0.5186079582566633
0.456 0.5184006225565582
0.457 0.5180888251094675
0.458 0.5177068108740134
0.459 0.517283050090906
0.46 0.5168083587513791
0.461 0.5162671386244677
0.462 0.5156680649227635
0.463 0.5150037881201719
0.464 0.5142567446248958
0.465 0.5134670467039701
0.466 0.5126834060222666
0.467 0.511919411811605
0.468 0.5111899233765382
0.469 0.5105114592419112
0.47 0.5099535398910803
0.471 0.5095268890401634
0.472 0.5092482140678586
0.473 0.5091476582534755
0.474 0.5092311052127606
0.475 0.509509506161277
0.476 0.5100095551049897
0.477 0.5107197169239333
0.478 0.5116200885308688
0.479 0.5127080588169738
0.48 0.5139351874480669
0.481 0.5152815239106714
0.482 0.5167373637647089
0.483 0.5182756496004546
0.484 0.5198503462564388
0.485 0.521390912004424
0.486 0.5228828604354191
0.487 0.5243210383230318
0.488 0.5256483128281291
0.489 0.5268591478999984
0.49 0.5279598470019933
0.491 0.5289238584089658
0.492 0.5297381776037368
0.493 0.5304210995215699
0.494 0.5310013490031095
0.495 0.5314756986599958
0.496 0.5318156846012477
0.497 0.5320350219093496
0.498 0.5321772618730316
0.499 0.5322500080564597
0.5 0.5322612292517368
0.501 0.5322059990103754
0.502 0.5320854025184385
0.503 0.5318951235139903
0.504 0.5316504198460775
0.505 0.5313687218988533
0.506 0.531073029549685
0.507 0.5307619061499522
0.508 0.5304146237859709
0.509 0.5300239736503262
0.51 0.5296001987172427
0.511 0.5291573922449234
0.512 0.5287058387124104
0.513 0.5282500266029102
0.514 0.5277894081638593
0.515 0.5273142416746209
0.516 0.5268119863546435
0.517 0.5263012985886791
0.518 0.525796796721628
0.519 0.5252893165778558
0.52 0.5247837871367802
0.521 0.5242884420373598
0.522 0.5238008814606591
0.523 0.5233154905405957
0.524 0.522826784452726
0.525 0.5223562027454528
0.526 0.5219095225597099
0.527 0.521456562534496
0.528 0.5210083869366279
0.529 0.5205795696840473
0.53 0.5201626547719758
0.531 0.5197560910481523
0.532 0.5193624023269324
0.533 0.5189803529778515
0.534 0.5186005983057324
0.535 0.5182270129456843
0.536 0.5178816437410114
0.537 0.5175710867630539
0.538 0.5172883995509036
0.539 0.5170266333375295
0.54 0.5167699045496112
0.541 0.5165050610789279
0.542 0.5162432092280465
0.543 0.5159936669842515
0.544 0.5157465857016302
0.545 0.5154861554375824
0.546 0.5151921565795423
0.547 0.5148581704552836
0.548 0.5144868541592661
0.549 0.5140977777176862
0.55 0.5137256022440977
0.551 0.5133803276003002
0.552 0.513050302439803
0.553 0.5127259856870908
0.554 0.5124137601953426
0.555 0.512109627616467
0.556 0.5118101640567592
0.557 0.5115396529103343
0.558 0.5113042692101541
0.559 0.511081536772636
0.56 0.5108352791118609
0.561 0.510557190826264
0.562 0.5102615419532085
0.563 0.5099849522328231
0.564 0.5097554294781782
0.565 0.5095689203724085
0.566 0.5093736675147715
0.567 0.5091074908022435
0.568 0.5087757393769814
0.569 0.5084558425698341
0.57 0.5082126586334987
0.571 0.5080691474496579
0.572 0.5079688896506973
0.573 0.5078225346354619
0.574 0.5076090493554205
0.575 0.5073742288511967
0.576 0.5072210839332015
0.577 0.507217908064504
0.578 0.507328700359113
0.579 0.5074522711719227
0.58 0.5074922807709077
0.581 0.5074101808664738
0.582 0.5072710970182268
0.583 0.5071623778265337
0.584 0.5071450190086
0.585 0.5072050267354486
0.586 0.507275967144392
0.587 0.5072974222700881
0.588 0.5072364610853305
0.589 0.5071527054621189
0.59 0.5071478182443004
0.591 0.5072795007351059
0.592 0.5075053650929541
0.593 0.5077301773651439
0.594 0.5078591640101724
0.595 0.5078630659457607
0.596 0.5077617480205727
0.597 0.5076357831559722
0.598 0.5075314109763853
0.599 0.5074071719675941
0.6 0.5071992267471105
0.601 0.5068768049241493
0.602 0.5064648194686023
0.603 0.5060517861786094
0.604 0.5056709232873924
0.605 0.5053275860149824
0.606 0.5050275047970254
0.607 0.5047311836896443
0.608 0.5044385469722595
0.609 0.5041688408137798
0.61 0.5039576018476158
0.611 0.5038119528313826
0.612 0.5037048635003303
0.613 0.5036098781074776
0.614 0.5035569161345439
0.615 0.5035546789033464
0.616 0.5035980746581726
0.617 0.5036997878633878
0.618 0.5038615657907981
0.619 0.5040667959351051
0.62 0.5043000565208375
0.621 0.5045488919643232
0.622 0.5048288991352132
0.623 0.505122507636936
0.624 0.5053998265277992
0.625 0.505648223942887
0.626 0.5058485914502766
0.627 0.5059798862017634
0.628 0.5060267151702001
0.629 0.5059641604727145
0.63 0.5057762581642697
0.631 0.5054755196075181
0.632 0.5050396340010483
0.633 0.5044706827903829
0.634 0.503776801027744
0.635 0.5029587359878854
0.636 0.5020439047346615
0.637 0.5010377312493494
0.638 0.49995124368144467
0.639 0.4988571564153465
0.64 0.4977622482776633
0.641 0.49668875046539684
0.642 0.4957013807926273
0.643 0.4948288072435087
0.644 0.4940870259311657
0.645 0.49347666384593214
0.646 0.4929909154809576
0.647 0.49265172905202365
0.648 0.49241161376291376
0.649 0.49219337040297134
0.65 0.4919675660102773
0.651 0.49165324411389527
0.652 0.49118343821487015
0.653 0.4905214981879837
0.654 0.48964386623515543
0.655 0.48855520966855887
0.656 0.4872511675756657
0.657 0.48575404132275146
0.658 0.48416072071769034
0.659 0.48255013485910325
0.66 0.4809942849351799
0.661 0.4795851522138374
0.662 0.4784177896370235
0.663 0.47757003919291624
0.664 0.47707317073170735
0.665 0.4769814902705269
0.666 0.4773110416973013
0.667 0.47803409119822077
0.668 0.47911901340598995
0.669 0.48056251110399106
0.67 0.482364916914273
0.671 0.48449967560320883
0.672 0.486964529057497
0.673 0.4898211727051118
0.674 0.4931319513836333
0.675 0.4969266213354973
0.676 0.5012749302008694
0.677 0.5062225011826617
0.678 0.5117522598726819
0.679 0.5177929029515421
0.68 0.5242284771855982
0.681 0.5309016319014934
0.682 0.5375859928960954
0.683 0.5439865911528751
0.684 0.5498522554625759
0.685 0.5549509988875725
0.686 0.5590654802696423
0.687 0.5620537923470957
0.688 0.5638536514459247
0.689 0.5644632304220052
0.69 0.563940992207701
0.691 0.5624153432402191
0.692 0.5600565752521693
0.693 0.5570655432076417
0.694 0.5536520570565903
0.695 0.5499978549445785
0.696 0.5462457494817387
0.697 0.5425449462908696
0.698 0.5389870831798675
0.699 0.535627939736005
0.7 0.532515309362958
0.701 0.5296884185773075
0.702 0.5271467686328336
0.703 0.5248565994339175
0.704 0.5227965697951406
0.705 0.520980722808639
0.706 0.5193851727069246
0.707 0.5179600758249835
0.708 0.5167050370487001
0.709 0.51559292199105
0.71 0.5145913677926754
0.711 0.5136950558766569
0.712 0.5128925200246919
0.713 0.5121823485010856
0.714 0.5115299511648654
0.715 0.5109077431914875
0.716 0.510343610618135
0.717 0.5098241114732551
0.718 0.5093382369029473
0.719 0.5088941628678578
0.72 0.5084724899761964
0.721 0.5080585872417503
0.722 0.5076672139608573
0.723 0.5073115154687876
0.724 0.5069802030198237
0.725 0.5066535933147632
0.726 0.5063343355659827
0.727 0.506035582088705
0.728 0.5057459367071138
0.729 0.5054687637910642
0.73 0.5052343548405563
0.731 0.5050303897409577
0.732 0.5048350403168517
0.733 0.5046429249770895
0.734 0.5044802796931552
0.735 0.5043482734655473
0.736 0.5042344148377308
0.737 0.5041354703261104
0.738 0.5040552510056797
0.739 0.5039798642255677
0.74 0.5038945046278319
0.741 0.5038056481603802
0.742 0.503730500440556
0.743 0.5036685740554379
0.744 0.5036043207149157
0.745 0.5035394940931178
0.746 0.5034749425271592
0.747 0.5034089187414776
0.748 0.5033388496440613
0.749 0.5032695584474122
0.75 0.503207423625463
0.751 0.5031553007434606
0.752 0.503098638504081
0.753 0.5030319761145348
0.754 0.5029621742690009
0.755 0.5029018899357932
0.756 0.5028430828192819
0.757 0.5027920350278865
0.758 0.5027575415446792
0.759 0.5027295486291526
0.76 0.5027050618907712
0.761 0.502676024687264
0.762 0.5026454092292119
0.763 0.5026174624598015
0.764 0.5025942600737333
0.765 0.5025731676448055
0.766 0.5025463381630862
0.767 0.5025087165141974
0.768 0.5024656558912085
0.769 0.5024243962385125
0.77 0.5023886611987676
0.771 0.5023596735784884
0.772 0.5023415558319141
0.773 0.5023301571567094
0.774 0.5023204766905499
0.775 0.5023091237779987
0.776 0.5023082096303796
0.777 0.5023164449363806
0.778 0.5023155524837869
0.779 0.5023146961289415
0.78 0.5023191830394765
0.781 0.502324874965228
0.782 0.502325163305715
0.783 0.5023197105778967
0.784 0.5023122462620468
0.785 0.5023076379031582
0.786 0.5023026329303212
0.787 0.5022902756047066
0.788 0.5022718511896462
0.789 0.5022677678690685
0.79 0.5022648624176925
0.791 0.5022541975841807
0.792 0.5022415111854921
0.793 0.5022386524324731
0.794 0.5022252857061286
0.795 0.5021981013359763
0.796 0.5021928610281449
0.797 0.5022107713171642
0.798 0.5022263079864228
0.799 0.5022170644118119
0.8 0.5021932351313588
0.801 0.5021743289738659
0.802 0.502157482011533
0.803 0.5021458671723192
0.804 0.5021525200333148
0.805 0.5021459608911556
0.806 0.502104666595623
0.807 0.5020456298055361
0.808 0.502011673509258
0.809 0.5019895164842776
0.81 0.5019618446167563
0.811 0.5019310079757102
0.812 0.5018998117462921
0.813 0.5018585957847208
0.814 0.5018130271617139
0.815 0.5017856555941322
0.816 0.5017576212991016
0.817 0.501710484916269
0.818 0.5016513611728506
0.819 0.5015959165006253
0.82 0.5015306672846338
0.821 0.5014424159748767
0.822 0.5013411182052007
0.823 0.5012323633209739
0.824 0.501120138324522
0.825 0.5010096227048322
0.826 0.500900451500726
0.827 0.5008069398419577
0.828 0.5007206469737605
0.829 0.5006534928036194
0.83 0.5006309514716366
0.831 0.5006378839432999
0.832 0.5006579465230607
0.833 0.5006895279972212
0.834 0.5007468900768502
0.835 0.5008252319227348
0.836 0.5009126746249459
0.837 0.5009925493318051
0.838 0.5010549201172751
0.839 0.5010914398121709
0.84 0.5011096425119547
0.841 0.501127814781586
0.842 0.5011582216307
0.843 0.5011759470134906
0.844 0.5011631579322304
0.845 0.5011301647580055
0.846 0.5011074779473107
0.847 0.5011002456582979
0.848 0.501097003210028
0.849 0.5010914237156423
0.85 0.501090955019814
0.851 0.5010707871587606
0.852 0.5010120132200636
0.853 0.5009596157121501
0.854 0.5009249939108837
0.855 0.5008970860658934
0.856 0.5008628858273267
0.857 0.5008228048432892
0.858 0.5007898434087232
0.859 0.5007494659317573
0.86 0.5006855257703414
0.861 0.5006373724370432
0.862 0.500614042949985
0.863 0.5005911234017265
0.864 0.5005524948719359
0.865 0.5005044512717358
0.866 0.5004564272976519
0.867 0.5004009717576072
0.868 0.5003247367747317
0.869 0.5002720841647016
0.87 0.5002469263751129
0.871 0.5002154974458254
0.872 0.5001758368736204
0.873 0.5001240213693529
0.874 0.5000710362740258
0.875 0.500022370293506
0.876 0.4999627157677766
0.877 0.4999183654246175
0.878 0.4998889222950616
0.879 0.4998473081086853
0.88 0.4997860635936762
0.881 0.4997236272045049
0.882 0.49967295447353527
0.883 0.4996261793804944
0.884 0.49957033471475565
0.885 0.49951682775027145
0.886 0.4994797961303747
0.887 0.4994427607628125
0.888 0.4994013727156454
0.889 0.4993579889682611
0.89 0.499308264100755
0.891 0.4992513974831535
0.892 0.49919056092514524
0.893 0.499138322638142
0.894 0.4990997901873192
0.895 0.4990529497228185
0.896 0.49899622213797196
0.897 0.49894065708435076
0.898 0.4989000327347734
0.899 0.49887200513219904
0.9 0.49884666210910056
0.901 0.4988220185775924
0.902 0.4988013041052767
0.903 0.49878769049307436
0.904 0.4987772141045901
0.905 0.49875916382835944
0.906 0.49872956274629815
0.907 0.4986789117877512
0.908 0.4986047868494819
0.909 0.4985282254706229
0.91 0.4984765836744056
0.911 0.4984299704894807
0.912 0.4983649781904381
0.913 0.49827360258029213
0.914 0.4981569343356131
0.915 0.4980351929047128
0.916 0.49791752523082594
0.917 0.4978039328948912
0.918 0.4976887716148569
0.919 0.49753566983012315
0.92 0.49733895261174804
0.921 0.497125994724714
0.922 0.49691154504571716
0.923 0.49670316253822344
0.924 0.4964999473162241
0.925 0.4962934680782339
0.926 0.4960760396397443
0.927 0.49584677341159283
0.928 0.49562053129891587
0.929 0.49541337216467435
0.93 0.4952032739584483
0.931 0.49498694440465185
0.932 0.49476650530771704
0.933 0.49454068696287595
0.934 0.4943121773309587
0.935 0.49406968246278155
0.936 0.49381966052583925
0.937 0.49356449861188595
0.938 0.49326947186021086
0.939 0.492952264934427
0.94 0.49262768388760253
0.941 0.4922836993827794
0.942 0.4919041344991669
0.943 0.4914816614080178
0.944 0.4910292681198662
0.945 0.49055592528055353
0.946 0.4900609391721827
0.947 0.48957053120305893
0.948 0.48911711316385353
0.949 0.4886970248352152
0.95 0.4883303783604353
0.951 0.4880466482428334
0.952 0.4878743219910355
0.953 0.48783835269696824
0.954 0.4879460260633597
0.955 0.48819457572379343
0.956 0.4885891775709723
0.957 0.48910648409569835
0.958 0.48971416768674064
0.959 0.49039721547072407
0.96 0.49113569888850556
0.961 0.4919010335221285
0.962 0.49267069593249696
0.963 0.4934156135316668
0.964 0.4941132374184699
0.965 0.4947624689624404
0.966 0.4953561477786746
0.967 0.4959055255439946
0.968 0.49643163843054616
0.969 0.4969288832294282
0.97 0.49738331386682333
0.971 0.49780044240315174
0.972 0.49818736001108366
0.973 0.49856040432534954
0.974 0.49891053232241583
0.975 0.49925330599464823
0.976 0.49959553215750735
0.977 0.4999065050283632
0.978 0.5002041112920291
0.979 0.5005034687516197
0.98 0.5008081684691245
0.981 0.5011158144150459
0.982 0.5014318092745006
0.983 0.5017504544715568
0.984 0.5020570205923592
0.985 0.502340381378404
0.986 0.502605020954431
0.987 0.5028496834554494
0.988 0.5030687653576211
0.989 0.503263075033733
0.99 0.5034492058570451
0.991 0.5036563280628104
0.992 0.5038641077889437
0.993 0.5040968976784398
0.994 0.5043368588347438
0.995 0.504584852748956
0.996 0.5048257053809497
0.997 0.5050789960341155
0.998 0.50533644999254
0.999 0.5055776942762984
1.0 0.5057599930836856
1.001 0.5058814225412742
1.002 0.5059323310698105
1.003 0.5059245247226541
1.004 0.5059044731506503
1.005 0.5058744829207983
1.006 0.5058337784168416
1.007 0.5057722571693288
1.008 0.5056945029206662
1.009 0.5056108883972811
1.01 0.5055628090755181
1.011 0.505534371428747
1.012 0.505542296659021
1.013 0.5055496671598927
1.014 0.5055534759288297
1.015 0.5055463993459768
1.016 0.5055362894959048
1.017 0.5055280058179499
1.018 0.5055185041355266
1.019 0.5055043686287235
1.02 0.505479629007673
1.021 0.5054391586770027
1.022 0.5053830751486723
1.023 0.505317419297423
1.024 0.5052465467065623
1.025 0.5051748277968995
1.026 0.5050975196153303
1.027 0.5050159304593438
1.028 0.5049313657562303
1.029 0.5048476635774735
1.03 0.5047707436015338
1.031 0.5046989077986712
1.032 0.5046308865296214
1.033 0.5045611550507462
1.034 0.504487626679039
1.035 0.5044120019829974
1.036 0.5043334426604377
1.037 0.504250710256859
1.038 0.5041629930297938
1.039 0.5040669985592154
1.04 0.5039610847775782
1.041 0.5038486118837585
1.042 0.5037353713797317
1.043 0.5036213612026138
1.044 0.5035065899494514
1.045 0.5033910469775237
1.046 0.5032739049309957
1.047 0.5031543501299912
1.048 0.5030331999911452
1.049 0.502913728097904
1.05 0.5027938764575725
1.051 0.5026699602304623
1.052 0.5025407146979427
1.053 0.5024053301365562
1.054 0.5022658425659017
1.055 0.5021279159123175
1.056 0.5019878904610539
1.057 0.5018441427134012
1.058 0.5016990835344837
1.059 0.5015522820778584
1.06 0.5014033254757922
1.061 0.5012582695550655
1.062 0.5011186878816242
1.063 0.5009829404946373
1.064 0.5008457428245463
1.065 0.500705437820695
1.066 0.5005709115892221
1.067 0.5004417432840458
1.068 0.5003146704373191
1.069 0.5001929051351589
1.07 0.5000748121003112
1.071 0.49995430396035045
1.072 0.4998281260236612
1.073 0.49969949322343066
1.074 0.4995752592132345
1.075 0.4994497429166539
1.076 0.49932050425949537
1.077 0.49919237897222024
1.078 0.4990653478946839
1.079 0.49893494365207774
1.08 0.49880478281416296
1.081 0.4986772701320945
1.082 0.4985523922043399
1.083 0.4984276921053337
1.084 0.49830316512311706
1.085 0.4981820458326083
1.086 0.49806148095532166
1.087 0.4979418741281974
1.088 0.49782484324038867
1.089 0.4977103732246625
1.09 0.4976025537925208
1.091 0.4975030297879435
1.092 0.49741058946615857
1.093 0.4973252223385901
1.094 0.49724408157911987
1.095 0.49716595203413827
1.096 0.4970912392117879
1.097 0.4970203798614692
1.098 0.49695711968113576
1.099 0.4968969091120468
1.1 0.49683398524893047
1.101 0.4967683485802474
1.102 0.49669997864545995
1.103 0.49662883167364935
1.104 0.49655697282510813
1.105 0.49648188749686256
1.106 0.4964022908813368
1.107 0.49631020763365646
1.108 0.4962047973498699
1.109 0.49608590440609596
1.11 0.49595256820330874
1.111 0.4958000607422297
1.112 0.4956269740812275
1.113 0.49542717456564267
1.114 0.49519197100923473
1.115 0.49491804872686995
1.116 0.49459860719654664
1.117 0.4942300651618257
1.118 0.4938029250977062
1.119 0.49331679934000666
1.12 0.49276691901930253
1.121 0.4921487610408048
1.122 0.4914572222950458
1.123 0.49069864474622754
1.124 0.4898709344885402
1.125 0.48897405789067033
1.126 0.4880175228377594
1.127 0.487009002177804
1.128 0.48595272270446777
1.129 0.48485883525934753
1.13 0.4837398556388873
1.131 0.4826113588563086
1.132 0.4814899060665504
1.133 0.4803925432907675
1.134 0.4793455386622177
1.135 0.47836922861999126
1.136 0.47747711363676915
1.137 0.4766940501353382
1.138 0.4760335682036958
1.139 0.47551403924776714
1.14 0.47514712698295236
1.141 0.47494331099191756
1.142 0.47490489240984873
1.143 0.47503533468027503
1.144 0.4753276667859837
1.145 0.47578272269209454
1.146 0.47639180853485324
1.147 0.4771452650218171
1.148 0.4780287680953584
1.149 0.47902530280930944
1.15 0.48011455041731216
1.151 0.4812775153055145
1.152 0.4824954641097004
1.153 0.48374149245152387
1.154 0.48499738160815276
1.155 0.48623792546713906
1.156 0.4874470032601445
1.157 0.4886029510037155
1.158 0.4896990963491431
1.159 0.4907258105294384
1.16 0.49167489157224475
1.161 0.4925395941430551
1.162 0.4933195261501917
1.163 0.4940180068980516
1.164 0.4946357712662731
1.165 0.495178390401633
1.166 0.4956528219680683
1.167 0.49606164442570766
1.168 0.4964035234078787
1.169 0.4966836890516215
1.17 0.4969120164169234
1.171 0.49709449479574785
1.172 0.4972360346557396
1.173 0.4973381360812034
1.174 0.4974058045485706
1.175 0.4974406198252097
1.176 0.4974459368656984
1.177 0.4974309558473539
1.178 0.49740897027539005
1.179 0.4973793840211235
1.18 0.49734332258053215
1.181 0.49730779704518013
1.182 0.49728219539646246
1.183 0.4972723993516531
1.184 0.4972837364157513
1.185 0.49732332288165826
1.186 0.4973924196935741
1.187 0.4974875966987233
1.188 0.49761012713041103
1.189 0.4977636196622465
1.19 0.4979481147641452
1.191 0.49815777555526203
1.192 0.4983861507541721
1.193 0.4986326441450483
1.194 0.49889249983166006
1.195 0.4991603570343881
1.196 0.4994367419214134
1.197 0.4997192110480699
1.198 0.5000029558548983
1.199 0.500283156838149
1.2 0.5005579525976712
1.201 0.5008278527237596
1.202 0.5010910078975503
1.203 0.5013467476722697
1.204 0.5015973649084834
1.205 0.5018422070631304
1.206 0.5020770897880248
1.207 0.5023055040081387
1.208 0.5025250653764306
1.209 0.502736330977946
1.21 0.5029428060306982
1.211 0.5031409598041561
1.212 0.5033290476090108
1.213 0.5035058914880978
1.214 0.5036680127335278
1.215 0.5038166158639684
1.216 0.5039506132590638
1.217 0.5040683014274803
1.218 0.5041697860264289
1.219 0.504253408346901
1.22 0.5043192358995776
1.221 0.5043685547215616
1.222 0.5044003518897934
1.223 0.5044152854511971
1.224 0.5044123527492175
1.225 0.5043933505549616
1.226 0.5043635293457511
1.227 0.5043223877048018
1.228 0.5042705974727923
1.229 0.5042088040798283
1.23 0.5041370445781626
1.231 0.5040593439863905
1.232 0.5039814143970394
1.233 0.5039043662338544
1.234 0.503830495217815
1.235 0.5037552745949325
1.236 0.5036747636927488
1.237 0.5035929046603114
1.238 0.50351084378234
1.239 0.5034297031480557
1.24 0.5033516886190506
1.241 0.5032728672645007
1.242 0.5031893265139382
1.243 0.5030988368198968
1.244 0.5030008819236862
1.245 0.5029027067057926
1.246 0.5028065390245747
1.247 0.5027090153096033
1.248 0.5026134540994434
1.249 0.5025148752431158
1.25 0.5024077366610725
1.251 0.5022948243327745
1.252 0.5021783601481727
1.253 0.5020605412428655
1.254 0.5019430209117626
1.255 0.5018180534472411
1.256 0.5016867347681235
1.257 0.501546865394065
1.258 0.5013962297392531
1.259 0.5012419837843252
1.26 0.5010885097591858
1.261 0.5009335825819221
1.262 0.500777724647001
1.263 0.500618161077941
1.264 0.5004559657904799
1.265 0.5002944097304612
1.266 0.5001318133786186
1.267 0.4999730887817566
1.268 0.49981490818457336
1.269 0.4996539427456512
1.27 0.49948906152138794
1.271 0.4993218766760746
1.272 0.4991534554409728
1.273 0.4989854130441238
1.274 0.49881441104011637
1.275 0.4986398579419416
1.276 0.49845949807285794
1.277 0.4982705293348648
1.278 0.49807618908943296
1.279 0.4978775175843115
1.28 0.4976716842772939
1.281 0.49745472485365494
1.282 0.497223221948451
1.283 0.49697762600616446
1.284 0.49671834131914677
1.285 0.49644410795859445
1.286 0.4961603425796129
1.287 0.4958657777401072
1.288 0.49555913555640957
1.289 0.4952402485256243
1.29 0.4949117262448159
1.291 0.494576150797843
1.292 0.49423387987005674
1.293 0.49388533032539683
1.294 0.4935314113397546
1.295 0.4931695911742674
1.296 0.49279857405620003
1.297 0.49242039387238595
1.298 0.49203479017675666
1.299 0.49164327641929884
1.3 0.49124681951443333
1.301 0.4908451608648416
1.302 0.4904403934170354
1.303 0.49003178171117584
1.304 0.4896232433729581
1.305 0.4892186377737366
1.306 0.48881369299847804
1.307 0.4884125007412679
1.308 0.4880185506914804
1.309 0.4876257392287236
1.31 0.48723647745309573
1.311 0.4868518455799461
1.312 0.4864680817946572
1.313 0.48608825363444064
1.314 0.48570929716423766
1.315 0.4853355461513537
1.316 0.4849719417363406
1.317 0.484611110137694
1.318 0.48425639088276035
1.319 0.48391274649823907
1.32 0.483577284716518
1.321 0.48326068954892387
1.322 0.48296309316404135
1.323 0.4826851233765473
1.324 0.4824318782436202
1.325 0.48219527995809564
1.326 0.48197996489405104
1.327 0.4817944939836916
1.328 0.4816343531752504
1.329 0.4815057714267868
1.33 0.4814095453295782
1.331 0.4813379262831553
1.332 0.48129846117969743
1.333 0.4812878867330887
1.334 0.48130721974212287
1.335 0.48136343188162284
1.336 0.4814482303124223
1.337 0.4815596729272093
1.338 0.48169762273631933
1.339 0.4818540197605473
1.34 0.4820323767476086
1.341 0.4822294321926001
1.342 0.48244042821233885
1.343 0.4826633037424055
1.344 0.482889981293248
1.345 0.4831158817380279
1.346 0.4833391630921041
1.347 0.483551122718308
1.348 0.4837490516523016
1.349 0.4839292225402454
1.35 0.48407934260246643
1.351 0.48419458911004887
1.352 0.48426926311187285
1.353 0.48429417329005714
1.354 0.4842689727632749
1.355 0.48418665265302074
1.356 0.48404160368413035
1.357 0.48383390099871754
1.358 0.4835518126201249
1.359 0.483191641194392
1.36 0.4827493928331591
1.361 0.48221569697853334
1.362 0.4815887152840054
1.363 0.48086427935690346
1.364 0.48003485028090226
1.365 0.47910558788780466
1.366 0.478066852790713
1.367 0.4769124102812716
1.368 0.47564496214998175
1.369 0.4742540427799124
1.37 0.47274448529411767
1.371 0.47112144944998546
1.372 0.46937584810917526
1.373 0.46752310927173146
1.374 0.465558052492353
1.375 0.46348629535547403
1.376 0.46132402655932575
1.377 0.45908837299565775
1.378 0.45679207741702094
1.379 0.45447566855266325
1.38 0.45215199904563896
1.381 0.4498500702422544
1.382 0.4476039647821031
1.383 0.4454318508669579
1.384 0.44336168079419097
1.385 0.4414240124344792
1.386 0.4396303985807614
1.387 0.43801456559342544
1.388 0.4365860460399554
1.389 0.4353497002346667
1.39 0.4343382388214036
1.391 0.43354522959985786
1.392 0.4329767025542171
1.393 0.4326489114437375
1.394 0.4325598173840021
1.395 0.4327086830737285
1.396 0.43311184801037195
1.397 0.4337426099864356
1.398 0.434613881930377
1.399 0.43570249604203853
1.4 0.4369805089371463
1.401 0.43845440122390006
1.402 0.4400999996371566
1.403 0.4418961494449316
1.404 0.4438361580632162
1.405 0.4458823803822171
1.406 0.4480126150387468
1.407 0.45020984975973727
1.408 0.452444179716907
1.409 0.45471063370544
1.41 0.45698733166482797
1.411 0.45925016815311104
1.412 0.4614868914689102
1.413 0.4636782583600881
1.414 0.46581497716727827
1.415 0.4678892698247747
1.416 0.46988048070912586
1.417 0.4717871619692846
1.418 0.4736087316406476
1.419 0.4753434119386722
1.42 0.47699201131975355
1.421 0.47856466305981066
1.422 0.4800588255891313
1.423 0.48146822115093685
1.424 0.4828001402203898
1.425 0.4840726208685243
1.426 0.4852912406429225
1.427 0.4864549941221252
1.428 0.48756586757753106
1.429 0.48862096212918044
1.43 0.48962276053494824
1.431 0.4905693245704331
1.432 0.49147423193904266
1.433 0.49234090292805605
1.434 0.4931571873533302
1.435 0.49391913573644247
1.436 0.49463605024581425
1.437 0.49530947775628625
1.438 0.49595202721615744
1.439 0.49656012767425806
1.44 0.4971357611424561
1.441 0.497678416025686
1.442 0.49818484794381956
1.443 0.49866542503370276
1.444 0.49913330805481826
1.445 0.49958006187991394
1.446 0.5000081289798131
1.447 0.5004145734770522
1.448 0.5007937754996993
1.449 0.5011645163736419
1.45 0.5015293499856539
1.451 0.5018907938087999
1.452 0.5022567933534057
1.453 0.5026244451404563
1.454 0.5030015695538907
1.455 0.5033933726892748
1.456 0.5038075979864906
1.457 0.5042573523885197
1.458 0.5047395015619726
1.459 0.5052507753181479
1.46 0.5057933595083646
1.461 0.506363936275501
1.462 0.5069644534296949
1.463 0.5075864185121308
1.464 0.5082210995918454
1.465 0.5088705778487798
1.466 0.5095210919543238
1.467 0.5101642764015645
1.468 0.5107997361737929
1.469 0.5114192791143789
1.47 0.5120125993329765
1.471 0.5125745251900264
1.472 0.5130998914500339
1.473 0.5135991483105625
1.474 0.5140624212171633
1.475 0.5144924266353805
1.476 0.5148873169929264
1.477 0.5152428146679882
1.478 0.5155618162922538
1.479 0.5158473369131591
1.48 0.5161051822594924
1.481 0.5163405958203646
1.482 0.5165515850531552
1.483 0.5167337671010704
1.484 0.5168949814963112
1.485 0.5170354263445491
1.486 0.5171627174263637
1.487 0.5172798009248083
1.488 0.5173844685530385
1.489 0.5174769461818115
1.49 0.5175599730825892
1.491 0.517629210895841
1.492 0.5176915765499184
1.493 0.5177430628208153
1.494 0.5177817562937913
1.495 0.5178035291019225
1.496 0.5178066310141781
1.497 0.5178001090597492
1.498 0.5177800219161599
1.499 0.5177487145569755
1.5 0.5177086202148168
1.501 0.5176580473069058
1.502 0.5175969251336898
1.503 0.5175339249192067
1.504 0.5174672489082969
1.505 0.5173990950670517
1.506 0.5173296389438488
1.507 0.5172527880440922
1.508 0.5171747772007438
1.509 0.5170916529691996
1.51 0.5170054313023267
1.511 0.5169183412251565
1.512 0.5168169479891424
1.513 0.5167051494630487
1.514 0.5165889909598563
1.515 0.5164630136567313
1.516 0.516336716399769
1.517 0.5162102291810542
1.518 0.5160779902512185
1.519 0.5159420289855073
1.52 0.5157987094481281
1.521 0.515657189946436
1.522 0.5155233178806978
1.523 0.515387801669949
1.524 0.5152540536636453
1.525 0.5151223644443168
1.526 0.5149836052705755
1.527 0.5148448832944966
1.528 0.5147064008631328
1.529 0.5145698451702007
1.53 0.5144352747651044
1.531 0.514295515737022
1.532 0.5141592158078797
1.533 0.5140248394004283
1.534 0.5138904031181007
1.535 0.5137611259626689
1.536 0.5136337291585232
1.537 0.5135046367204126
1.538 0.5133789130862338
1.539 0.5132531798347415
1.54 0.5131323326175941
1.541 0.5130130918397481
1.542 0.512891990612137
1.543 0.5127724662908212
1.544 0.512651172709267
1.545 0.5125328309699321
1.546 0.5124223105785563
1.547 0.512314753513954
1.548 0.5122115765302083
1.549 0.5121097123549326
1.55 0.512004391468005
1.551 0.5119019002456865
1.552 0.5117990846582383
1.553 0.51169601494319
1.554 0.5115941895149002
1.555 0.5114858881531575
1.556 0.5113726829893213
1.557 0.511257739221265
1.558 0.5111424149355518
1.559 0.5110313258958531
1.56 0.510923010082548
1.561 0.5108172933497214
1.562 0.5107185609177238
1.563 0.5106224397746262
1.564 0.5105317099892209
1.565 0.5104478574926902
1.566 0.5103664395463825
1.567 0.5102874195068321
1.568 0.5102049092478549
1.569 0.5101203595785684
1.57 0.5100324982256715
1.571 0.5099370349170006
1.572 0.5098353365110498
1.573 0.5097332617714961
1.574 0.5096264823028878
1.575 0.5095178648420922
1.576 0.5094089077918614
1.577 0.5093023515986844
1.578 0.5091995820271682
1.579 0.5091059510721702
1.58 0.5090242222572587
1.581 0.5089529573559769
1.582 0.5088878453600038
1.583 0.5088234408819885
1.584 0.5087624101195135
1.585 0.5087060012716631
1.586 0.5086555411439448
1.587 0.5086055686583516
1.588 0.5085534330718402
1.589 0.5084936558903463
1.59 0.5084263585149095
1.591 0.5083543211914359
1.592 0.5082841115940413
1.593 0.5082184861059318
1.594 0.5081534203242388
1.595 0.5080862356635181
1.596 0.5080182391040735
1.597 0.5079482353064032
1.598 0.5078788825129147
1.599 0.5078126824105038
1.6 0.5077470962936524
1.601 0.5076846520957791
1.602 0.5076187930227896
1.603 0.5075483641153512
1.604 0.507475957362004
1.605 0.5073990762936602
1.606 0.5073164660491083
1.607 0.5072345210628022
1.608 0.5071482507557371
1.609 0.5070550934425281
1.61 0.5069576813253874
1.611 0.5068510304721212
1.612 0.5067389012943286
1.613 0.506625114902585
1.614 0.5065108663514551
1.615 0.5063998830302113
1.616 0.5062860278631954
1.617 0.5061692474603018
1.618 0.5060545313672197
1.619 0.5059393963188257
1.62 0.5058286984450276
1.621 0.505724864571783
1.622 0.5056229332826476
1.623 0.5055264872645225
1.624 0.5054318292091218
1.625 0.5053413087840504
1.626 0.505260996642431
1.627 0.5051883847672398
1.628 0.5051222287167128
1.629 0.5050625072012905
1.63 0.5050031741468731
1.631 0.5049465892681247
1.632 0.5048868484599747
1.633 0.5048215353178356
1.634 0.5047471664384603
1.635 0.5046578397873955
1.636 0.5045512791664397
1.637 0.5044263899857656
1.638 0.5042844395764188
1.639 0.5041266803672769
1.64 0.5039543688657867
1.641 0.5037686730229738
1.642 0.5035732217180556
1.643 0.5033703284576617
1.644 0.5031635351100919
1.645 0.5029540026268188
1.646 0.502748682849853
1.647 0.5025486885796366
1.648 0.5023527986656604
1.649 0.5021597970535527
1.65 0.5019673229060568
1.651 0.5017741414526349
1.652 0.501584861495877
1.653 0.5014017238418373
1.654 0.5012316299265197
1.655 0.5010733792668565
1.656 0.5009234391329637
1.657 0.5007840893560739
1.658 0.5006576144341737
1.659 0.5005509233753547
1.66 0.5004686165744476
1.661 0.500408348352378
1.662 0.5003677831236122
1.663 0.5003399629972247
1.664 0.5003179389233547
1.665 0.5003017096882333
1.666 0.50028664952934
1.667 0.5002681336970091
1.668 0.5002426948839919
1.669 0.5002022405946567
1.67 0.5001433022382885
1.671 0.5000624081213768
1.672 0.49995954720609886
1.673 0.4998347015727625
1.674 0.49968784539329164
1.675 0.4995224141559682
1.676 0.49933951941072635
1.677 0.4991379449997339
1.678 0.4989222566163719
1.679 0.49869469841394853
1.68 0.4984621589110185
1.681 0.4982245528911608
1.682 0.49798412834731015
1.683 0.49774197145405885
1.684 0.49749800026043106
1.685 0.497253322781127
1.686 0.49701370456764543
1.687 0.49678257785741614
1.688 0.4965575888403736
1.689 0.49633281006178664
1.69 0.49610352486902404
1.691 0.49587314103602115
1.692 0.4956392341978071
1.693 0.4954064702709959
1.694 0.4951783434831543
1.695 0.49495248002269604
1.696 0.49472412404349575
1.697 0.4944944065639779
1.698 0.49426567303391106
1.699 0.49404859854094674
1.7 0.49384442532032896
1.701 0.4936592683476236
1.702 0.49349320251671447
1.703 0.49334402720675546
1.704 0.4932070204586287
1.705 0.49308471227463574
1.706 0.492979632071051
1.707 0.4928931760856228
1.708 0.492824321618837
1.709 0.49277086898929284
1.71 0.49273298285332634
1.711 0.49270472930544096
1.712 0.49268866118902793
1.713 0.49268998244010687
1.714 0.4927112906070157
1.715 0.4927553559552544
1.716 0.49282367164238755
1.717 0.492915235812312
1.718 0.4930315382857257
1.719 0.4931690032662867
1.72 0.49332781210310894
1.721 0.49350810442724746
1.722 0.49370619077347866
1.723 0.4939184943408034
1.724 0.49413990778897554
1.725 0.4943653943968326
1.726 0.4945872142469234
1.727 0.49480272430178857
1.728 0.4949988937882351
1.729 0.4951703337071266
1.73 0.49530646194540306
1.731 0.49539790757507524
1.732 0.49544173066399005
1.733 0.4954337780873326
1.734 0.49536706685069914
1.735 0.4952385923248561
1.736 0.4950452064431931
1.737 0.49479039703072286
1.738 0.49449074171378127
1.739 0.49415637426592574
1.74 0.49380545457905334
1.741 0.49344692698987397
1.742 0.49308856036662874
1.743 0.49274105137675217
1.744 0.4924257181358488
1.745 0.4921508282709343
1.746 0.4919341417980556
1.747 0.4917693811285399
1.748 0.491655840911362
1.749 0.49158861285943817
1.75 0.4915601606967148
1.751 0.49157501765714867
1.752 0.49163091772636747
1.753 0.491717468935362
1.754 0.49182828802978434
1.755 0.49195816366559664
1.756 0.49210334516653786
1.757 0.49226804840148897
1.758 0.4924540032955359
1.759 0.4926598885980806
1.76 0.4928759110168897
1.761 0.49310222652141883
1.762 0.493336002503757
1.763 0.4935743766608243
1.764 0.49381883314533814
1.765 0.4940621626228763
1.766 0.4942885865711299
1.767 0.4944964917989734
1.768 0.49468152064451154
1.769 0.49485210001634256
1.77 0.49501516997264805
1.771 0.4951678234909704
1.772 0.4953128154835732
1.773 0.4954514717696491
1.774 0.4955881842077838
1.775 0.49573740068433575
1.776 0.49590775754407374
1.777 0.49609636339308055
1.778 0.4962974399608478
1.779 0.49650227250185247
1.78 0.4967122847503177
1.781 0.496931887313398
1.782 0.4971566451340857
1.783 0.49738945874875784
1.784 0.4976185934588353
1.785 0.49783371763427275
1.786 0.49804504912365277
1.787 0.4982613351533908
1.788 0.4984824979467358
1.789 0.4987128963660676
1.79 0.4989450979467716
1.791 0.49917316393756717
1.792 0.4993911123036594
1.793 0.49960037161016324
1.794 0.4998038400160467
1.795 0.4999970498690143
1.796 0.5001696430415374
1.797 0.5003245278120334
1.798 0.5004557777574554
1.799 0.5005589525318043
1.8 0.5006384829762449
1.801 0.5006958449798913
1.802 0.5007443217828349
1.803 0.500779493285159
1.804 0.5008013670378881
1.805 0.5008143874127811
1.806 0.5008112174740073
1.807 0.5007889081863943
1.808 0.5007621951219513
1.809 0.5007384351059698
1.81 0.5007279133444899
1.811 0.5007159343163341
1.812 0.5006966203624778
1.813 0.5006699813110477
1.814 0.5006228186657579
1.815 0.5005654164843139
1.816 0.5005095283265446
1.817 0.5004448699012477
1.818 0.5003640912107207
1.819 0.5002495742556815
1.82 0.5000939595738932
1.821 0.4997973354010997
1.822 0.4992709999059355
1.823 0.4986154556931109
1.824 0.4979509223059268
1.825 0.497272805043172
1.826 0.49656904012879016
1.827 0.49582879727363083
1.828 0.49506206128199737
1.829 0.49427412939458343
1.83 0.49357897459836997
1.831 0.4931823867900925
1.832 0.4930788102358398
1.833 0.49305133782316146
1.834 0.4929742669778549
1.835 0.492845710434793
1.836 0.4926893746208887
1.837 0.49250594982165674
1.838 0.4922891324628283
1.839 0.49203971752360326
1.84 0.49163177994260915
1.841 0.49096817033206885
1.842 0.4901335078049292
1.843 0.48924696190644434
1.844 0.4883236497468567
1.845 0.48734607019355647
1.846 0.48629208109273175
1.847 0.4851811057515794
1.848 0.4839995031198342
1.849 0.482749000278992
1.85 0.48143745457482034
1.851 0.48006654252340714
1.852 0.47863710823755734
1.853 0.4771371505983591
1.854 0.4755640417726979
1.855 0.4739311677431559
1.856 0.4722244040037018
1.857 0.47043541945914574
1.858 0.4685719681470523
1.859 0.46662580295423384
1.86 0.46458811568900044
1.861 0.46245343131894173
1.862 0.46022819825556427
1.863 0.4579192365441278
1.864 0.4555283307810107
1.865 0.45306865538978525
1.866 0.45056381566922815
1.867 0.44801644082155473
1.868 0.4454391933841607
1.869 0.442855692432652
1.87 0.4402949870380549
1.871 0.43778861068025704
1.872 0.43535786633721824
1.873 0.43302240196809305
1.874 0.43081161032326604
1.875 0.4295405640989268
1.876 0.42928115073084055
1.877 0.43009410682731497
1.878 0.43202540732109446
1.879 0.43510560987280106
1.88 0.43934241058354917
1.881 0.44473009021611726
1.882 0.45126902697668947
1.883 0.4589248869839605
1.884 0.46674960257211834
1.885 0.4739008501507409
1.886 0.48029520775317597
1.887 0.4858681798934306
1.888 0.49056246111210805
1.889 0.4943387438688503
1.89 0.49717757159162596
1.891 0.4990677582639334
1.892 0.5
1.893 0.5
1.894 0.5
1.895 0.5
1.896 0.5
1.897 0.5
1.898 0.5
1.899 0.5
1.9 0.5
1.901 0.5
1.902 0.5
1.903 0.5
1.904 0.5
1.905 0.5
1.906 0.5
1.907 0.5
1.908 0.5
1.909 0.5
1.91 0.5
1.911 0.5
1.912 0.5
1.913 0.5
1.914 0.5
1.915 0.5
1.916 0.5
1.917 0.5
1.918 0.5
1.919 0.5
1.92 0.5
1.921 0.5
1.922 0.5
1.923 0.5
1.924 0.5
1.925 0.5
1.926 0.5
1.927 0.5
1.928 0.5
1.929 0.5
1.93 0.5
1.931 0.5
1.932 0.5
1.933 0.5
1.934 0.5
1.935 0.5
1.936 0.5
1.937 0.5
1.938 0.5
1.939 0.5
1.94 0.5
1.941 0.5
1.942 0.5
1.943 0.5
1.944 0.5
1.945 0.5
1.946 0.5
1.947 0.5
1.948 0.5
1.949 0.5
1.95 0.5
1.951 0.5
1.952 0.5
1.953 0.5
1.954 0.5
1.955 0.5
1.956 0.5
1.957 0.5
1.958 0.5
1.959 0.5
1.96 0.5
1.961 0.5
1.962 0.5
1.963 0.5
1.964 0.5
1.965 0.5
1.966 0.5
1.967 0.5
1.968 0.5
1.969 0.5
1.97 0.5
1.971 0.5
1.972 0.5
1.973 0.5
1.974 0.5
1.975 0.5
1.976 0.5
1.977 0.5
1.978 0.5
1.979 0.5
1.98 0.5
1.981 0.5
1.982 0.5
1.983 0.5
1.984 0.5
1.985 0.5
1.986 0.5
1.987 0.5
1.988 0.5
1.989 0.5
1.99 0.5
1.991 0.5
1.992 0.5
1.993 0.5
1.994 0.5
1.995 0.5
1.996 0.5
1.997 0.5
1.998 0.5
1.999 0.5
2.0 0.5
2.001 0.5
2.002 0.5
2.003 0.5
2.004 0.5
2.005 0.5
2.006 0.5
2.007 0.5
2.008 0.5
2.009 0.5
2.01 0.5
2.011 0.5
2.012 0.5
2.013 0.5
2.014 0.5
2.015 0.5
2.016 0.5
2.017 0.5
2.018 0.5
2.019 0.5
2.02 0.5
2.021 0.5
2.022 0.5
2.023 0.5
2.024 0.5
2.025 0.5
2.026 0.5
2.027 0.5
2.028 0.5
2.029 0.5
2.03 0.5
2.031 0.5
2.032 0.5
2.033 0.5
2.034 0.5
2.035 0.5
2.036 0.5
2.037 0.5
2.038 0.5
2.039 0.5
2.04 0.5
2.041 0.5
2.042 0.5
2.043 0.5
2.044 0.5
2.045 0.5
2.046 0.5
2.047 0.5
2.048 0.5
2.049 0.5
2.05 0.5
2.051 0.5
2.052 0.5
2.053 0.5
2.054 0.5
2.055 0.5
2.056 0.5
2.057 0.5
2.058 0.5
2.059 0.5
2.06 0.5
2.061 0.5
2.062 0.5
2.063 0.5
2.064 0.5
2.065 0.5
2.066 0.5
2.067 0.5
2.068 0.5
2.069 0.5
2.07 0.5
2.071 0.5
2.072 0.5
2.073 0.5
2.074 0.5
2.075 0.5
2.076 0.5
2.077 0.5
2.078 0.5
2.079 0.5
2.08 0.5
2.081 0.5
2.082 0.5
2.083 0.5000269272668078
2.084 0.5001362797718887
2.085 0.500327949385204
2.086 0.5006017467509545
2.087 0.5009574017547981
2.088 0.501397718021095
2.089 0.5019253934916401
2.09 0.5025367320245221
2.091 0.503227983236332
2.092 0.5039688527390868
2.093 0.5046712543961275
2.094 0.5052859970821476
2.095 0.5058194207547628
2.096 0.5062717043422877
2.097 0.5066431073537364
2.098 0.5069338823759244
2.099 0.5071382344658467
2.1 0.5072628935398477
2.101 0.5073176450263459
2.102 0.5073387384505604
2.103 0.5073811261507136
2.104 0.5074323869855266
2.105 0.5074832503215817
2.106 0.5075277313478195
2.107 0.5075629029912251
2.108 0.5075857818702533
2.109 0.5076054675028163
2.11 0.5076248535992072
2.111 0.5076260681585456
2.112 0.5076090915061165
2.113 0.5075684073309087
2.114 0.5075160974451797
2.115 0.5074523540445071
2.116 0.5073861692211484
2.117 0.5073321372900798
2.118 0.5072785923753664
2.119 0.5072051839895199
2.12 0.5071176556349322
2.121 0.5070107181697111
2.122 0.5069015113729948
2.123 0.5068046293457955
2.124 0.50671696458957
2.125 0.5066498694186542
2.126 0.5065804571323664
2.127 0.5064915001115772
2.128 0.5064087931152556
2.129 0.5063466945959176
2.13 0.5063103571611057
2.131 0.5063139893086889
2.132 0.506328827938344
2.133 0.5063463716106206
2.134 0.5063498842410482
2.135 0.5063420266460403
2.136 0.5063454614576112
2.137 0.5063629975797187
2.138 0.5063831917627623
2.139 0.5064005460023638
2.14 0.5063928002125399
2.141 0.5063629387115117
2.142 0.506324861635047
2.143 0.5062841950297731
2.144 0.5062548287935825
2.145 0.5062337051875577
2.146 0.5062045427284723
2.147 0.5061701537507682
2.148 0.5061197916666667
2.149 0.5060643946159217
2.15 0.5060174611659134
2.151 0.5059682840644661
2.152 0.5059087171715543
2.153 0.5058547255999485
2.154 0.5057983418026211
2.155 0.5057420353273921
2.156 0.5056861137435711
2.157 0.5056331968192755
2.158 0.5055860592313074
2.159 0.505521005203706
2.16 0.5054510147435965
2.161 0.5053971797761092
2.162 0.5053360026482967
2.163 0.5052568102566791
2.164 0.5051650513888598
2.165 0.5050554110655009
2.166 0.5049463150213698
2.167 0.5048377028714107
2.168 0.5047373803973688
2.169 0.504640497473766
2.17 0.5045261273936748
2.171 0.5043992812441911
2.172 0.5042834168367663
2.173 0.5041834760414953
2.174 0.504112150492893
2.175 0.5040463198490195
2.176 0.5039630118890357
2.177 0.5038825471963356
2.178 0.5038150017607701
2.179 0.5037682488725828
2.18 0.5037497583262951
2.181 0.5037314380642244
2.182 0.5036906265694675
2.183 0.5036222339304531
2.184 0.5035362682504831
2.185 0.5034631531618007
2.186 0.5034080875860851
2.187 0.5033431587433552
2.188 0.5032532394011826
2.189 0.5031436110064078
2.19 0.5030217242902463
2.191 0.5029077054193614
2.192 0.5028117316561425
2.193 0.5027311744049942
2.194 0.502653328403106
2.195 0.5025557064132258
2.196 0.5024533758851102
2.197 0.5023637423346502
2.198 0.5022793554102342
2.199 0.5021978021978022
2.2 0.5021214018143699
2.201 0.502052547193694
2.202 0.5019814404253525
2.203 0.5018957134573353
2.204 0.5017903927968262
2.205 0.5016581695787754
2.206 0.5015089000366093
2.207 0.5013449766112523
2.208 0.5011837156314715
2.209 0.5010300823571842
2.21 0.5008470014174309
2.211 0.5006270428265313
2.212 0.5003998380902548
2.213 0.5001653479958341
2.214 0.4999506450689488
2.215 0.4997655536635324
2.216 0.49957545958967675
2.217 0.4993654978989833
2.218 0.49911830517013994
2.219 0.4988386918234022
2.22 0.4985586360692053
2.221 0.4982730808435679
2.222 0.49798196395762867
2.223 0.4976751333452303
2.224 0.49732028543922513
2.225 0.49694455484896655
2.226 0.4965750187789456
2.227 0.49620906437118284
2.228 0.4958740770305328
2.229 0.49556752650988933
2.23 0.49525683191413744
2.231 0.49496965745523847
2.232 0.49471637246182376
2.233 0.49450433258983645
2.234 0.4943336629866591
2.235 0.49417690281015636
2.236 0.4940290942267727
2.237 0.49389534440622507
2.238 0.49376585276411084
2.239 0.49366119158365546
2.24 0.49358360761469916
2.241 0.4935001616619879
2.242 0.4934112695333604
2.243 0.49331132148476803
2.244 0.4932080117527779
2.245 0.4931037165754597
2.246 0.49296675857046235
2.247 0.4928074633329333
2.248 0.4926205055738735
2.249 0.49238741245524315
2.25 0.49213120970800145
2.251 0.491845987993574
2.252 0.49152659207805294
2.253 0.491199037960135
2.254 0.4908606428254845
2.255 0.4905465224707661
2.256 0.49026389680806437
2.257 0.48999427627244946
2.258 0.4897627295051309
2.259 0.4895751130655317
2.26 0.4894265761778302
2.261 0.48935061229864374
2.262 0.48931211917538037
2.263 0.4893062624474441
2.264 0.48933640732201883
2.265 0.4893843716529811
2.266 0.4894836190913623
2.267 0.48961731422529187
2.268 0.4897495849005456
2.269 0.4898747313443839
2.27 0.4899810382821708
2.271 0.4900661494394163
2.272 0.49016107367140044
2.273 0.4902630896464283
2.274 0.4903577441807988
2.275 0.4904276204969738
2.276 0.49045492180849204
2.277 0.4904591323078364
2.278 0.49044264115687225
2.279 0.49039607348065656
2.28 0.4903306817979898
2.281 0.4902226662860405
2.282 0.4900505237509406
2.283 0.4898226001847164
2.284 0.48954085781228357
2.285 0.4892073709300778
2.286 0.48889398110098337
2.287 0.48871782466303537
2.288 0.4886930112674066
2.289 0.48883338962525885
2.29 0.4891470468283687
2.291 0.4896448426855095
2.292 0.49034047607652
2.293 0.4912357348940757
2.294 0.4923474006288125
2.295 0.49361764371517297
2.296 0.4948773411911066
2.297 0.4960123622902164
2.298 0.4970146780884118
2.299 0.49788264702287327
2.3 0.49860853161974744
2.301 0.49918791408788177
2.302 0.4996197654923337
2.303 0.49989380586878573
2.304 0.5
2.305 0.5
2.306 0.5
2.307 0.5
2.308 0.5
2.309 0.5
2.31 0.5
2.311 0.5
2.312 0.5
2.313 0.5
2.314 0.5
2.315 0.5
2.316 0.5
2.317 0.5
2.318 0.5
2.319 0.5
2.32 0.5
2.321 0.5
2.322 0.5
2.323 0.5
2.324 0.5
2.325 0.5
2.326 0.5
2.327 0.5
2.328 0.5
2.329 0.5
2.33 0.5
2.331 0.5
2.332 0.5
2.333 0.5
2.334 0.5
2.335 0.5
2.336 0.5
2.337 0.5
2.338 0.5
2.339 0.5
2.34 0.5
2.341 0.5
2.342 0.5
2.343 0.5
2.344 0.5
2.345 0.5
2.346 0.5
2.347 0.5
2.348 0.5
2.349 0.5
2.35 0.5
2.351 0.5
2.352 0.5
2.353 0.5
2.354 0.5
2.355 0.5
2.356 0.5
2.357 0.5
2.358 0.5
2.359 0.5
2.36 0.5
2.361 0.5
2.362 0.5
2.363 0.5
2.364 0.5
2.365 0.5
2.366 0.5
2.367 0.5
2.368 0.5
2.369 0.5
2.37 0.5
2.371 0.5
2.372 0.5
2.373 0.5
2.374 0.5
2.375 0.5
2.376 0.5
2.377 0.5
2.378 0.5
2.379 0.5
2.38 0.5
2.381 0.5
2.382 0.5
2.383 0.5
2.384 0.5
2.385 0.5
2.386 0.5
2.387 0.5
2.388 0.5
2.389 0.5
2.39 0.5
2.391 0.5
2.392 0.5
2.393 0.5
2.394 0.5
2.395 0.5
2.396 0.5
2.397 0.5
2.398 0.5
2.399 0.5
2.4 0.5
2.401 0.5
2.402 0.5
2.403 0.5
2.404 0.5
2.405 0.5
2.406 0.5
2.407 0.5
2.408 0.5
2.409 0.5
2.41 0.5
2.411 0.5
2.412 0.5
2.413 0.5
2.414 0.5
2.415 0.5
2.416 0.5
2.417 0.5
2.418 0.5
2.419 0.5
2.42 0.5
2.421 0.5
2.422 0.5
2.423 0.5
2.424 0.5
2.425 0.5
2.426 0.5
2.427 0.5
2.428 0.5
2.429 0.5
2.43 0.5
2.431 0.5
2.432 0.5
2.433 0.5
2.434 0.5
2.435 0.5
2.436 0.5
2.437 0.5
2.438 0.5
2.439 0.5
2.44 0.5
2.441 0.5
2.442 0.5
2.443 0.5
2.444 0.5
2.445 0.5
2.446 0.5
2.447 0.5
2.448 0.5
2.449 0.5
2.45 0.5
2.451 0.5
2.452 0.5
2.453 0.5
2.454 0.5
2.455 0.5
2.456 0.5
2.457 0.5
2.458 0.5
2.459 0.5
2.46 0.5
2.461 0.5
2.462 0.5
2.463 0.5
2.464 0.5
2.465 0.5
2.466 0.5
2.467 0.5
2.468 0.5
2.469 0.5
2.47 0.5
2.471 0.5
2.472 0.5
2.473 0.5
2.474 0.5
2.475 0.5
2.476 0.5
2.477 0.5
2.478 0.5
2.479 0.5
2.48 0.5
2.481 0.5
2.482 0.5
2.483 0.5
2.484 0.5
2.485 0.5
2.486 0.5
2.487 0.5
2.488 0.5
2.489 0.5
2.49 0.5
2.491 0.5
2.492 0.4705882352941176
2.493 0.4375
2.494 0.4
2.495 0.35714285714285715
2.496 0.3076923076923077
2.497 0.25
2.498 0.18181818181818182
2.499 0.1
2.5 0.0
