2.5	 1.0
2.499	 1.0
2.498	 0.9021780706944235
2.497	 0.8121541864170533
2.496	 0.7441856235007901
2.495	 0.6905768859247563
2.494	 0.6402947872507457
2.493	 0.5970111812578052
2.492	 0.559416380242924
2.491	 0.5270079032992934
2.49	 0.4982234648592682
2.489	 0.49825274525268454
2.488	 0.5005879969411972
2.487	 0.5025231852005718
2.486	 0.5001611132236542
2.485	 0.5004230728915855
2.484	 0.5007567236696124
2.483	 0.5012323930293481
2.482	 0.5016947136825831
2.481	 0.500956643834259
2.48	 0.4993468785377412
2.479	 0.5012123963541564
2.478	 0.5000813880078194
2.477	 0.5000820494119792
2.476	 0.4997326938351561
2.475	 0.4999559791006985
2.474	 0.4997255792265768
2.473	 0.4975130589146981
2.472	 0.4982356672746015
2.471	 0.4994455158378347
2.47	 0.4991065517495035
2.469	 0.49695832787274963
2.468	 0.4976082112476731
2.467	 0.49858086336525054
2.466	 0.4983524512366967
2.465	 0.49846811672767805
2.464	 0.5007407792080841
2.463	 0.5025293543638403
2.462	 0.5015264112629471
2.461	 0.502189419727856
2.46	 0.503698477330635
2.459	 0.5033723949410268
2.458	 0.50244425733239
2.457	 0.5025778445207124
2.456	 0.5032979393228069
2.455	 0.5018891352279973
2.454	 0.500444938820912
2.453	 0.49995834311638926
2.452	 0.49969942090965125
2.451	 0.49997581159652527
2.45	 0.5005394509386748
2.449	 0.5014675052410902
2.448	 0.5014752795905001
2.447	 0.49990622854221695
2.446	 0.49988686666211096
2.445	 0.49969966599217924
2.444	 0.4996595100296005
2.443	 0.4993826654896357
2.442	 0.49919617581023035
2.441	 0.49730122467095617
2.44	 0.4969497980959207
2.439	 0.49741062655883916
2.438	 0.4989076419610933
2.437	 0.5008690609762174
2.436	 0.5010458570419526
2.435	 0.5019163749896055
2.434	 0.502252142874487
2.433	 0.5020214930159043
2.432	 0.5038964503723645
2.431	 0.5049382099575255
2.43	 0.5037360230879706
2.429	 0.5027073916401066
2.428	 0.5016812445143912
2.427	 0.5010545127429065
2.426	 0.5013395645208494
2.425	 0.5004972908557165
2.424	 0.5008370964968644
2.423	 0.5003695569381116
2.422	 0.498645648580495
2.421	 0.4988097187031115
2.42	 0.49987126344017213
2.419	 0.5003056946328434
2.418	 0.5004806533269045
2.417	 0.4997897531702218
2.416	 0.5003916121341132
2.415	 0.5006852553758397
2.414	 0.5005850556630079
2.413	 0.5005724485472428
2.412	 0.5012204504654004
2.411	 0.5002234692357351
2.41	 0.49891856075756597
2.409	 0.49818137986107974
2.408	 0.4993564081849204
2.407	 0.49912482823907617
2.406	 0.4984139900394054
2.405	 0.4978796304520295
2.404	 0.4981030104530458
2.403	 0.498048160932182
2.402	 0.49885439590689773
2.401	 0.500103766264234
2.4	 0.5014787255060167
2.399	 0.5008476764004776
2.398	 0.4996617142028688
2.397	 0.5001529810198032
2.396	 0.50126434927102
2.395	 0.5019539220750276
2.394	 0.5027704979972033
2.393	 0.5035785724154088
2.392	 0.5030107129386271
2.391	 0.5018753800940087
2.39	 0.5017882319802103
2.389	 0.5028747645570076
2.388	 0.5036782685136014
2.387	 0.5033784845532544
2.386	 0.5026034497205033
2.385	 0.5013262678836714
2.384	 0.499692926218409
2.383	 0.49870991467199244
2.382	 0.49915986001158086
2.381	 0.49952125665274005
2.38	 0.4994918744750615
2.379	 0.49859258462421113
2.378	 0.49825984431994963
2.377	 0.4983265470490851
2.376	 0.4990276203543519
2.375	 0.5003801997912629
2.374	 0.5015569295317556
2.373	 0.5015404521847228
2.372	 0.5013392923872587
2.371	 0.5011158916093305
2.37	 0.5017033654326399
2.369	 0.5020843839802335
2.368	 0.5018853041883035
2.367	 0.501753710977694
2.366	 0.5014764644709907
2.365	 0.5007193045879285
2.364	 0.5006641943463895
2.363	 0.5003676470588235
2.362	 0.500111781468719
2.361	 0.4998064185647575
2.36	 0.4994272929850085
2.359	 0.4994302714763854
2.358	 0.49936070718600883
2.357	 0.49868586906964896
2.356	 0.4989065237877599
2.355	 0.4984950620153653
2.354	 0.4985921703816484
2.353	 0.4990813603317533
2.352	 0.49946149944807416
2.351	 0.49959672069068856
2.35	 0.4995878811726532
2.349	 0.49937149682169746
2.348	 0.49972082135253837
2.347	 0.49997759093598176
2.346	 0.5004740057059556
2.345	 0.5010484556531596
2.344	 0.5006967133628728
2.343	 0.5001589360092287
2.342	 0.5002380678739718
2.341	 0.500514234610225
2.34	 0.5011489565628935
2.339	 0.5012673119880864
2.338	 0.5011765547436988
2.337	 0.5004977545077752
2.336	 0.49944615971769796
2.335	 0.4994330668772489
2.334	 0.5001027761475925
2.333	 0.49993061782957643
2.332	 0.4996685835079988
2.331	 0.4987012017615885
2.33	 0.4983418549771167
2.329	 0.4983838350721947
2.328	 0.49871587147088237
2.327	 0.4992107452148162
2.326	 0.4993469365796214
2.325	 0.4986021465165851
2.324	 0.4987234804938862
2.323	 0.4991733955952299
2.322	 0.49933734417117165
2.321	 0.49919494599991604
2.32	 0.49907453165011906
2.319	 0.4993255614457688
2.318	 0.49960965425237575
2.317	 0.499843645498711
2.316	 0.5003110531541987
2.315	 0.5003267915070185
2.314	 0.5000082324114529
2.313	 0.5
2.312	 0.5009194666794247
2.311	 0.5012118397795021
2.31	 0.5011876591216261
2.309	 0.5004575593142152
2.308	 0.5002416076859669
2.307	 0.5004336617199322
2.306	 0.5007431637885237
2.305	 0.500661268798286
2.304	 0.5011908370501884
2.303	 0.5008736071981049
2.302	 0.5003921732361898
2.301	 0.50061565050752
2.3	 0.5013484354128476
2.299	 0.5021165952691377
2.298	 0.5017033058737974
2.297	 0.5006885726776152
2.296	 0.5012692995963212
2.295	 0.501785780748703
2.294	 0.501716881555214
2.293	 0.5026129676217617
2.292	 0.5026477610745774
2.291	 0.5024962400662104
2.29	 0.5019461181932093
2.289	 0.5020480599582113
2.288	 0.503351635545039
2.287	 0.5037891390336772
2.286	 0.5029724973988806
2.285	 0.5024960293796386
2.284	 0.5020414357680765
2.283	 0.5015895536886477
2.282	 0.5014069225883847
2.281	 0.5014619603365084
2.28	 0.5010719800014706
2.279	 0.49990947721990553
2.278	 0.499014800023492
2.277	 0.4986513471077907
2.276	 0.4985844642193397
2.275	 0.49864214876276486
2.274	 0.4978779215420436
2.273	 0.4975266903652242
2.272	 0.4977868287597407
2.271	 0.49764505225109407
2.27	 0.49872236385488633
2.269	 0.4984338610899027
2.268	 0.4995258388382168
2.267	 0.4998597877038244
2.266	 0.4997331847422947
2.265	 0.5003357314148681
2.264	 0.5011141316786989
2.263	 0.5009081308773372
2.262	 0.5012246042167697
2.261	 0.5007793344749769
2.26	 0.5009898745766355
2.259	 0.5003767406677118
2.258	 0.4998319134442704
2.257	 0.5000612603090767
2.256	 0.5012131083381518
2.255	 0.5012848857135712
2.254	 0.5017069406777545
2.253	 0.502050340302089
2.252	 0.5022512721555803
2.251	 0.5029940471298242
2.25	 0.5033995541185672
2.249	 0.5047405829356596
2.248	 0.5045417409008067
2.247	 0.5040683494417915
2.246	 0.5038595530491926
2.245	 0.5027613265456499
2.244	 0.5028930158799438
2.243	 0.5022746453929139
2.242	 0.501473960992026
2.241	 0.5011128724920337
2.24	 0.49994854871132643
2.239	 0.49950675792492555
2.238	 0.49986164092415164
2.237	 0.49940172692287
2.236	 0.4994139760207669
2.235	 0.49982290608215996
2.234	 0.5000853291681129
2.233	 0.49995791636676024
2.232	 0.5003028774809869
2.231	 0.5002112427607615
2.23	 0.5009057315735712
2.229	 0.5008029271267406
2.228	 0.5004213580761746
2.227	 0.5011248455062095
2.226	 0.5002953542513637
2.225	 0.49954871481828683
2.224	 0.5000195203771048
2.223	 0.5002168725384242
2.222	 0.5010910783032937
2.221	 0.501348894832517
2.22	 0.500442988658336
2.219	 0.500467789167567
2.218	 0.5006739975640732
2.217	 0.5005218519156526
2.216	 0.5016433918916384
2.215	 0.5018926823047247
2.214	 0.5009258257023069
2.213	 0.501130630910856
2.212	 0.49975907160334243
2.211	 0.4994132846234327
2.21	 0.5004832170299797
2.209	 0.5002581400898067
2.208	 0.5004288801398942
2.207	 0.5004327228016744
2.206	 0.5002779976697043
2.205	 0.500985582257214
2.204	 0.5012379634459498
2.203	 0.50144219559166
2.202	 0.5034082454452795
2.201	 0.5031021249735799
2.2	 0.5028385678967128
2.199	 0.5026254719666884
2.198	 0.5017453860661927
2.197	 0.501329590037073
2.196	 0.5007892054471662
2.195	 0.5002852950180448
2.194	 0.5001655071612298
2.193	 0.4996165137509263
2.192	 0.49840163407561877
2.191	 0.49882262282965845
2.19	 0.49907641786960394
2.189	 0.5001437054852598
2.188	 0.5011117707839768
2.187	 0.5009888191779329
2.186	 0.500579028033535
2.185	 0.500492928945046
2.184	 0.5000100272167312
2.183	 0.5007040423946915
2.182	 0.500681878349468
2.181	 0.5005292173893089
2.18	 0.4996148795123046
2.179	 0.49957221546605624
2.178	 0.5002604581786715
2.177	 0.5006698851625435
2.176	 0.5019622569582243
2.175	 0.502581429113386
2.174	 0.5028138420231745
2.173	 0.5026235043173757
2.172	 0.5030036066006901
2.171	 0.5035477437544631
2.17	 0.5039964476021314
2.169	 0.5034266202673319
2.168	 0.502596077510143
2.167	 0.5020689772732115
2.166	 0.5009206905037351
2.165	 0.5010781461266733
2.164	 0.5014919597982854
2.163	 0.5014658360498088
2.162	 0.5010785533436563
2.161	 0.5000557870994804
2.16	 0.4995774112211407
2.159	 0.5002597556602734
2.158	 0.5002666419020362
2.157	 0.5014613036634149
2.156	 0.5016160646819863
2.155	 0.5008722754613469
2.154	 0.5005267295929203
2.153	 0.5010644569862289
2.152	 0.5011823878905527
2.151	 0.5026869713492725
2.15	 0.5026176541947681
2.149	 0.5025946663709623
2.148	 0.5014282569095522
2.147	 0.5007947652212986
2.146	 0.5006800243716254
2.145	 0.5009078210327799
2.144	 0.5001011400733827
2.143	 0.49967122640979245
2.142	 0.49892303334389737
2.141	 0.49815114219728723
2.14	 0.4981270156462461
2.139	 0.49879899888578444
2.138	 0.4998510345753646
2.137	 0.5007300496265757
2.136	 0.5006370245366205
2.135	 0.5016344529825622
2.134	 0.5026264759956859
2.133	 0.502501245026887
2.132	 0.5028470501765521
2.131	 0.5029751286797368
2.13	 0.5030185247021643
2.129	 0.5021730960786478
2.128	 0.5013152331207097
2.127	 0.5006143037843906
2.126	 0.5002524048182825
2.125	 0.49899598393574296
2.124	 0.49787860009937085
2.123	 0.49785700506322744
2.122	 0.4975636590072015
2.121	 0.49707975384598174
2.12	 0.49681837557563435
2.119	 0.49706033792821686
2.118	 0.4976978306615679
2.117	 0.49750412009372524
2.116	 0.4974841428155187
2.115	 0.49881837472878726
2.114	 0.49981211441390916
2.113	 0.49995366613218906
2.112	 0.49949932236477135
2.111	 0.49971982248853947
2.11	 0.49962135288222237
2.109	 0.49968876044976224
2.108	 0.49939736584885625
2.107	 0.49948610220151274
2.106	 0.4988053689949153
2.105	 0.4974537665038886
2.104	 0.4971902029485942
2.103	 0.49784798844739275
2.102	 0.49844524951453706
2.101	 0.4989673956773193
2.1	 0.4988973972362929
2.099	 0.49898189725775927
2.098	 0.49906257803032755
2.097	 0.4998489430246971
2.096	 0.5014113514695405
2.095	 0.502555371083401
2.094	 0.502208049530357
2.093	 0.5017536134316203
2.092	 0.501391622054353
2.091	 0.5013345898605029
2.09	 0.5015332836814608
2.089	 0.5017996844736504
2.088	 0.5020998882499148
2.087	 0.5015499838103417
2.086	 0.5002952274375946
2.085	 0.5003638355856489
2.084	 0.5005512617222118
2.083	 0.5003998083168562
2.082	 0.5005045139240222
2.081	 0.5006891900436276
2.08	 0.5007014375608227
2.079	 0.5004344085236707
2.078	 0.5000007007718301
2.077	 0.5003211826252822
2.076	 0.5005228209594361
2.075	 0.5003892371372907
2.074	 0.5008284650216885
2.073	 0.5015230927742688
2.072	 0.5015500154651656
2.071	 0.5017059930697528
2.07	 0.5015747294023576
2.069	 0.5015524889452442
2.068	 0.5017472018234587
2.067	 0.5022513691701259
2.066	 0.503023419481162
2.065	 0.5032015663861988
2.064	 0.5022584942350977
2.063	 0.5018708208947961
2.062	 0.5021401629608019
2.061	 0.5020540549542973
2.06	 0.502029039412217
2.059	 0.5020113211423305
2.058	 0.5011275773195876
2.057	 0.5005016478751084
2.056	 0.49966593755111427
2.055	 0.4996510565233045
2.054	 0.5001226065742062
2.053	 0.49983440840844995
2.052	 0.4989429703019708
2.051	 0.4986681708067476
2.05	 0.4986083658833411
2.049	 0.4990220360489148
2.048	 0.4994396236046073
2.047	 0.4996920533108431
2.046	 0.4996481282784103
2.045	 0.49978859699100747
2.044	 0.49965488565488564
2.043	 0.5003407636430127
2.042	 0.5010777789021488
2.041	 0.501605352097069
2.04	 0.5017776688231375
2.039	 0.5014793104116331
2.038	 0.5011775527959259
2.037	 0.5013807088330762
2.036	 0.5014259299015907
2.035	 0.501504337414033
2.034	 0.5016822497083363
2.033	 0.5016817550956214
2.032	 0.5013078712326272
2.031	 0.5009728672022489
2.03	 0.500575532626152
2.029	 0.5007872822575646
2.028	 0.5010344313937515
2.027	 0.5008784319129147
2.026	 0.5009573592599178
2.025	 0.5006518761228858
2.024	 0.5003496801940588
2.023	 0.5004938220729538
2.022	 0.5004055941748426
2.021	 0.5007024892703863
2.02	 0.5008673396452566
2.019	 0.5012142782659283
2.018	 0.5013082716262929
2.017	 0.501485942177855
2.016	 0.5016777074028924
2.015	 0.5016260441149263
2.014	 0.5011912898594882
2.013	 0.5008972307759745
2.012	 0.5011075563304795
2.011	 0.5010940859148242
2.01	 0.500593443341922
2.009	 0.5001703502921953
2.008	 0.49917437433483647
2.007	 0.499053362412871
2.006	 0.49881023974662275
2.005	 0.4991153106675881
2.004	 0.4993721228007162
2.003	 0.49918852179486645
2.002	 0.49883267735695663
2.001	 0.49906426732405085
2.0	 0.49892789971232315
1.999	 0.4996742492677452
1.998	 0.5003528019614142
1.997	 0.5009664635106941
1.996	 0.5002278423331055
1.995	 0.5003630127040748
1.994	 0.5003881540326872
1.993	 0.5007854969997713
1.992	 0.5003988603988604
1.991	 0.5002719152008133
1.99	 0.5006549193089983
1.989	 0.5001690875161385
1.988	 0.4997811017375994
1.987	 0.4995388097734009
1.986	 0.4999025747704333
1.985	 0.49919106275159325
1.984	 0.49843824324361485
1.983	 0.4988857396605412
1.982	 0.4990130177189437
1.981	 0.4988878719728644
1.98	 0.49881178021301364
1.979	 0.4985326012354153
1.978	 0.4989267581215516
1.977	 0.4986202586414115
1.976	 0.49925915133655147
1.975	 0.5004575770506243
1.974	 0.5000482636130968
1.973	 0.5004597379356532
1.972	 0.5000516451386776
1.971	 0.5003037366479569
1.97	 0.4997767075668568
1.969	 0.5001108017227259
1.968	 0.4993883952485352
1.967	 0.4998870308681263
1.966	 0.49926661354669544
1.965	 0.500236349611085
1.964	 0.5002094939343237
1.963	 0.49956841956479675
1.962	 0.49979128810369744
1.961	 0.4998454290271921
1.96	 0.5001144278332607
1.959	 0.5007090678231617
1.958	 0.5009416351753512
1.957	 0.5010265528588775
1.956	 0.49977417470176555
1.955	 0.49923327819519986
1.954	 0.5002746946345734
1.953	 0.4996522728709616
1.952	 0.5001488025527905
1.951	 0.5008602593126159
1.95	 0.50102338095356
1.949	 0.5005523922835048
1.948	 0.5000172130549317
1.947	 0.5004141025219118
1.946	 0.5016595647395518
1.945	 0.5007715149811064
1.944	 0.5010354753298689
1.943	 0.5015917235857515
1.942	 0.5006080666507084
1.941	 0.4997622496255602
1.94	 0.49943655778031243
1.939	 0.5002606942815581
1.938	 0.5007081490770687
1.937	 0.4993105927256214
1.936	 0.49951635064578176
1.935	 0.4980291279355132
1.934	 0.4979827834835926
1.933	 0.49785477234234704
1.932	 0.4980093586354933
1.931	 0.49809672962275886
1.93	 0.49794924856433587
1.929	 0.49668597895107863
1.928	 0.49675225062121836
1.927	 0.4971099863340975
1.926	 0.4976558063183377
1.925	 0.4990845631347214
1.924	 0.49819052082495613
1.923	 0.49949291670173707
1.922	 0.49942871563627494
1.921	 0.49921964718090633
1.92	 0.4997446373850869
1.919	 0.5007307452771436
1.918	 0.5013332408435072
1.917	 0.5024486312973943
1.916	 0.5014092969297261
1.915	 0.5024668910005005
1.914	 0.5021077166541488
1.913	 0.5014591312419349
1.912	 0.502407977409497
1.911	 0.5033681295387852
1.91	 0.5035186410765498
1.909	 0.5032239373227041
1.908	 0.5030276774969915
1.907	 0.5030034651684225
1.906	 0.5034200701700505
1.905	 0.5038339601888872
1.904	 0.5053784284068386
1.903	 0.505449161980822
1.902	 0.5052829762602757
1.901	 0.5047600346676778
1.9	 0.5051739720143464
1.899	 0.5055122380995427
1.898	 0.5057623939777612
1.897	 0.5059649933692438
1.896	 0.5054634983359665
1.895	 0.5046566498619532
1.894	 0.5043690249717857
1.893	 0.5039026100496041
1.892	 0.5046358039839107
1.891	 0.504597361999394
1.89	 0.5042319184386648
1.889	 0.5038166927999321
1.888	 0.5040473303784972
1.887	 0.5041399688712264
1.886	 0.5046859719118845
1.885	 0.504331846664064
1.884	 0.5045944787357426
1.883	 0.5043741296976658
1.882	 0.5037105240377426
1.881	 0.5038104287206082
1.88	 0.5038429229766755
1.879	 0.5027032538391956
1.878	 0.5019527695548628
1.877	 0.5008461406079695
1.876	 0.5007031265301326
1.875	 0.5005441376329752
1.874	 0.500103566194431
1.873	 0.5002507392260083
1.872	 0.5006566167464575
1.871	 0.5005959413800967
1.87	 0.5006030612165496
1.869	 0.501397647595735
1.868	 0.5021989023017385
1.867	 0.5024440345869103
1.866	 0.5026122936041609
1.865	 0.5024301871166439
1.864	 0.5024753630100415
1.863	 0.5019588974298282
1.862	 0.5015650039739968
1.861	 0.5020214061563641
1.86	 0.5024067652404831
1.859	 0.5021075643148292
1.858	 0.5020400070553731
1.857	 0.5017691715910215
1.856	 0.5018159658431289
1.855	 0.501502164657789
1.854	 0.5008972500637215
1.853	 0.500600950711747
1.852	 0.500827723920255
1.851	 0.4999030722875325
1.85	 0.4998588375399747
1.849	 0.4997261321261767
1.848	 0.49975497113534323
1.847	 0.4999974403735007
1.846	 0.5003353934856857
1.845	 0.5009377986518186
1.844	 0.5018480371886278
1.843	 0.5022430016557011
1.842	 0.5025909719023491
1.841	 0.5025384731345991
1.84	 0.5023063143180593
1.839	 0.5023676220184377
1.838	 0.5019675375481337
1.837	 0.5018806339330112
1.836	 0.5018207820249238
1.835	 0.501377305365005
1.834	 0.5010272403258655
1.833	 0.5009281533054972
1.832	 0.5011822642582847
1.831	 0.5015699323117158
1.83	 0.5017881900880281
1.829	 0.5020826739254288
1.828	 0.5019869179243716
1.827	 0.5018993700823271
1.826	 0.5020760269788653
1.825	 0.502190155223858
1.824	 0.5020091347309555
1.823	 0.501653212443491
1.822	 0.5014155323247955
1.821	 0.5008983632766745
1.82	 0.5002921684960328
1.819	 0.5003376692756238
1.818	 0.5011457626947733
1.817	 0.5008689414770117
1.816	 0.5004957446487259
1.815	 0.5009273434558916
1.814	 0.5016572365157215
1.813	 0.5014675732309614
1.812	 0.5011982813114614
1.811	 0.5013937785140978
1.81	 0.5015541578752801
1.809	 0.5008503390672038
1.808	 0.5006330195030294
1.807	 0.5007450947926152
1.806	 0.5005919685622634
1.805	 0.4993635270259594
1.804	 0.4992860769332021
1.803	 0.49986084017431337
1.802	 0.4999291551151888
1.801	 0.49972762826204287
1.8	 0.5001848248173993
1.799	 0.5003912019680468
1.798	 0.4998889606845542
1.797	 0.49922663826616437
1.796	 0.49992098450794664
1.795	 0.500741037954685
1.794	 0.5008096678857641
1.793	 0.501067413480694
1.792	 0.5013700685972273
1.791	 0.5012012079577215
1.79	 0.5012251517851231
1.789	 0.5012883828108989
1.788	 0.5021442763067465
1.787	 0.5029444789302705
1.786	 0.5022310083308461
1.785	 0.5014070509859345
1.784	 0.5014324109172671
1.783	 0.5010610102711776
1.782	 0.5009193750988157
1.781	 0.5008278557912558
1.78	 0.501286769276674
1.779	 0.5013883986058836
1.778	 0.500614521598974
1.777	 0.5004472221981001
1.776	 0.5014182638665047
1.775	 0.5016305804568604
1.774	 0.5012986529500456
1.773	 0.5010750980491903
1.772	 0.5011610276551456
1.771	 0.5008653792470271
1.77	 0.5002757620638156
1.769	 0.4999132179048818
1.768	 0.49996400296913446
1.767	 0.4991998947262572
1.766	 0.49862524637717087
1.765	 0.49906563829048983
1.764	 0.49960547064193706
1.763	 0.4997789060245321
1.762	 0.5000018553128119
1.761	 0.5006265361888046
1.76	 0.501477720568166
1.759	 0.5020296011805895
1.758	 0.5025509605468725
1.757	 0.502974501973319
1.756	 0.5031847920467276
1.755	 0.5026968689647678
1.754	 0.5021582396368084
1.753	 0.5019883635681437
1.752	 0.5016697464623441
1.751	 0.5010300864138322
1.75	 0.5004674932274994
1.749	 0.5000774738126216
1.748	 0.5003401360544218
1.747	 0.5001283681278522
1.746	 0.49998036217066744
1.745	 0.500186003911607
1.744	 0.5006296997326538
1.743	 0.5005384907277668
1.742	 0.5008952990666814
1.741	 0.5009719396181744
1.74	 0.5014772976543381
1.739	 0.5011959462940384
1.738	 0.5009553040193804
1.737	 0.5016438993341167
1.736	 0.5022653128551007
1.735	 0.5018975285668524
1.734	 0.5015624675377052
1.733	 0.5014256514511555
1.732	 0.5016813366748578
1.731	 0.5017056967707184
1.73	 0.5012839184190802
1.729	 0.5019362954529664
1.728	 0.5016594012022739
1.727	 0.500489975013712
1.726	 0.5001416635557431
1.725	 0.5003432435787891
1.724	 0.5003232502785065
1.723	 0.4998236865256241
1.722	 0.4994339016230588
1.721	 0.49908294472302966
1.72	 0.49866903607497276
1.719	 0.49807349368659315
1.718	 0.4987094920512014
1.717	 0.49918161949087214
1.716	 0.4994407832685275
1.715	 0.4995276138900997
1.714	 0.5004066646809597
1.713	 0.5004609587454119
1.712	 0.5006335793398359
1.711	 0.5012540063614318
1.71	 0.5017815392109108
1.709	 0.5017200023900777
1.708	 0.5013597144721338
1.707	 0.5011451046926743
1.706	 0.5008295525038619
1.705	 0.5004146032897949
1.704	 0.5004357155687605
1.703	 0.5007870280264695
1.702	 0.5006016598769967
1.701	 0.5001992816140838
1.7	 0.5004848919781895
1.699	 0.5005317121373614
1.698	 0.5011530532899565
1.697	 0.5015777077113117
1.696	 0.5013702578361431
1.695	 0.5017687721399597
1.694	 0.5022279471860019
1.693	 0.5019790817351079
1.692	 0.5022312319346278
1.691	 0.5022803776286008
1.69	 0.5020137142443596
1.689	 0.5016540422811159
1.688	 0.5016410462708804
1.687	 0.5017892706374186
1.686	 0.5016838826313343
1.685	 0.501280260847876
1.684	 0.5009818045291357
1.683	 0.5013764571159408
1.682	 0.5011165747181578
1.681	 0.5007763303369707
1.68	 0.5013233678363505
1.679	 0.5008754629852324
1.678	 0.5001818092359092
1.677	 0.4995069998811034
1.676	 0.5007031708573414
1.675	 0.5001039404859609
1.674	 0.49933108764190415
1.673	 0.4995106059370216
1.672	 0.5006566988662235
1.671	 0.5003069824108672
1.67	 0.5000585480093677
1.669	 0.5012340179408605
1.668	 0.502282614276997
1.667	 0.5017991471419673
1.666	 0.5018039526049743
1.665	 0.5033650748192168
1.664	 0.5036528619348073
1.663	 0.5028704381283
1.662	 0.5023130273215215
1.661	 0.5029811505513788
1.66	 0.5026950142236861
1.659	 0.5021889372147871
1.658	 0.5010829519871517
1.657	 0.501638712394376
1.656	 0.5004348852745354
1.655	 0.4989636721046662
1.654	 0.4995921373070645
1.653	 0.4997405139130859
1.652	 0.4994749994377108
1.651	 0.4995240877954301
1.65	 0.4987784765434322
1.649	 0.4996895646321696
1.648	 0.4995670257213968
1.647	 0.49934817917592755
1.646	 0.5002227857701514
1.645	 0.500258147712835
1.644	 0.5000959579206747
1.643	 0.5005667205100603
1.642	 0.500502531599116
1.641	 0.5009054098385896
1.64	 0.501261113974138
1.639	 0.5009980606740431
1.638	 0.5019863154438978
1.637	 0.5028599392196426
1.636	 0.5027119362895245
1.635	 0.5030947350509763
1.634	 0.5025201547564754
1.633	 0.5022382466969191
1.632	 0.502545011283707
1.631	 0.5018069039278369
1.63	 0.5024418581405659
1.629	 0.501822515895539
1.628	 0.5009404057480982
1.627	 0.5004209955222987
1.626	 0.5003670655015802
1.625	 0.5003585154760158
1.624	 0.50109452713035
1.623	 0.5006735065520218
1.622	 0.49989051996576256
1.621	 0.5001120596086714
1.62	 0.49953791606587944
1.619	 0.49970792611117104
1.618	 0.5001194986679413
1.617	 0.4996542132559021
1.616	 0.4994805641998053
1.615	 0.49933595974659606
1.614	 0.49932723657307987
1.613	 0.5004466339720454
1.612	 0.5005387407855437
1.611	 0.5006075319906309
1.61	 0.5012215788482657
1.609	 0.5006470291749205
1.608	 0.5007006110170205
1.607	 0.5016984916738193
1.606	 0.5010646462566569
1.605	 0.5009910075889238
1.604	 0.5004146271572016
1.603	 0.5001841577559646
1.602	 0.5010018544220385
1.601	 0.500499214351185
1.6	 0.5007891809408435
1.599	 0.501491614047783
1.598	 0.5009268370025974
1.597	 0.5002676843727145
1.596	 0.5012274768479699
1.595	 0.5019458975160641
1.594	 0.5018466210095638
1.593	 0.5013039215571983
1.592	 0.500668388590665
1.591	 0.5010477904325894
1.59	 0.5003742080038677
1.589	 0.5003238737392474
1.588	 0.5009784781268036
1.587	 0.5009117048473374
1.586	 0.5000185871014808
1.585	 0.4995213452118818
1.584	 0.49958494084100846
1.583	 0.5004681473909205
1.582	 0.5004812944617505
1.581	 0.5005048433591314
1.58	 0.5005301365826723
1.579	 0.5003669758864326
1.578	 0.5001170447249912
1.577	 0.5004021405716315
1.576	 0.5009565283932409
1.575	 0.5012293915760254
1.574	 0.5003616915786822
1.573	 0.4998008830806347
1.572	 0.500439313906282
1.571	 0.5009858277129956
1.57	 0.5015312953800051
1.569	 0.5017404195972404
1.568	 0.5020021001857858
1.567	 0.5019262603287408
1.566	 0.5015734733616959
1.565	 0.5021486161758208
1.564	 0.5031963375563033
1.563	 0.5027077980888306
1.562	 0.5014921689956342
1.561	 0.500770544090706
1.56	 0.5001111173802552
1.559	 0.5000541575731876
1.558	 0.49980050890351185
1.557	 0.4998923821527022
1.556	 0.4997060139985663
1.555	 0.4988642499502066
1.554	 0.4988489434966169
1.553	 0.49973329409384365
1.552	 0.4999379077677382
1.551	 0.5004974265086876
1.55	 0.4998422331494639
1.549	 0.4996471890421067
1.548	 0.4993129249585048
1.547	 0.4992499945234035
1.546	 0.49967857883458905
1.545	 0.49974369986561556
1.544	 0.4990730129155589
1.543	 0.4988130498795756
1.542	 0.49852191976267685
1.541	 0.4986834684464928
1.54	 0.4993431046753183
1.539	 0.5000542223022097
1.538	 0.5005052675728835
1.537	 0.5006498276544047
1.536	 0.5003519289276364
1.535	 0.5003791616890875
1.534	 0.50089763915713
1.533	 0.5012594022882504
1.532	 0.5016798216183933
1.531	 0.5013682895861227
1.53	 0.5010574503862719
1.529	 0.5007130235654864
1.528	 0.5004111799542009
1.527	 0.5005315207937376
1.526	 0.5009180932157622
1.525	 0.5013589753912159
1.524	 0.5011202561372926
1.523	 0.5010396203205612
1.522	 0.5009479069778111
1.521	 0.5010947623539456
1.52	 0.5012607750956193
1.519	 0.5009952864519358
1.518	 0.5007424339440341
1.517	 0.5005854343923192
1.516	 0.5001095094321449
1.515	 0.5000045883346181
1.514	 0.499605525396596
1.513	 0.4996378854342854
1.512	 0.4995434114327027
1.511	 0.4991449109296556
1.51	 0.499243034600367
1.509	 0.49998281412907725
1.508	 0.5001941378390111
1.507	 0.5001931221024521
1.506	 0.4998451820658905
1.505	 0.49988297115583186
1.504	 0.4998949694378282
1.503	 0.49986866118140705
1.502	 0.5002258205769544
1.501	 0.50054516365239
1.5	 0.4998116920844079
1.499	 0.4993133184102948
1.498	 0.4991587945818801
1.497	 0.4996136065528659
1.496	 0.5003542196849852
1.495	 0.5005055843569219
1.494	 0.500340758112223
1.493	 0.500539825605384
1.492	 0.5002284786300902
1.491	 0.5005742907823754
1.49	 0.5011814614827512
1.489	 0.5014468812434701
1.488	 0.5013067484592284
1.487	 0.5008785514324856
1.486	 0.5003205429081026
1.485	 0.5002426839933879
1.484	 0.5001570283361644
1.483	 0.49940452105496635
1.482	 0.49824182514747195
1.481	 0.4972234554752217
1.48	 0.49561588131568535
1.479	 0.49425296652763173
1.478	 0.49342597331023896
1.477	 0.4932548866002797
1.476	 0.49330280281730965
1.475	 0.4930099380697916
1.474	 0.4932540558116849
1.473	 0.4943649271113679
1.472	 0.49547732380407317
1.471	 0.4971741423850727
1.47	 0.4993400289618359
1.469	 0.5013208083860258
1.468	 0.5024941076487913
1.467	 0.5026227872241223
1.466	 0.502508585078508
1.465	 0.5032857593716028
1.464	 0.5037202346178112
1.463	 0.5040314552476449
1.462	 0.5044961622666707
1.461	 0.504567887783653
1.46	 0.5037397331011534
1.459	 0.5033268463390831
1.458	 0.5037010902650949
1.457	 0.5042386409608892
1.456	 0.5040223882750066
1.455	 0.503743539858096
1.454	 0.5032207213955
1.453	 0.5022347223068635
1.452	 0.5008620590435634
1.451	 0.500262311718159
1.45	 0.5003491179030876
1.449	 0.5000149147222075
1.448	 0.49937431243124314
1.447	 0.49976445190473795
1.446	 0.4998161880493601
1.445	 0.4994468355097245
1.444	 0.49970213818955006
1.443	 0.5005060294697841
1.442	 0.5010845638815005
1.441	 0.500700061871262
1.44	 0.5005817358999253
1.439	 0.5008212287047493
1.438	 0.5007069348359613
1.437	 0.500660345024563
1.436	 0.5009987411402457
1.435	 0.5010839882071235
1.434	 0.5006811224898633
1.433	 0.50001942027065
1.432	 0.4999616733309308
1.431	 0.5000743594788888
1.43	 0.49928855042004766
1.429	 0.4992292451641719
1.428	 0.49873539104232456
1.427	 0.49834356347918063
1.426	 0.4981094946778353
1.425	 0.4983800090018588
1.424	 0.4982821969066926
1.423	 0.4985657071109767
1.422	 0.4984828209889436
1.421	 0.4994664101771381
1.42	 0.500239860444832
1.419	 0.5006489437624075
1.418	 0.5005949632569988
1.417	 0.501097316816853
1.416	 0.5008499507017115
1.415	 0.5010891697545584
1.414	 0.5012343439261092
1.413	 0.5012548848829347
1.412	 0.5014542424395462
1.411	 0.5005598963104093
1.41	 0.5002052479257346
1.409	 0.5001812657034996
1.408	 0.4999397640817235
1.407	 0.4993381745066652
1.406	 0.49955041953197765
1.405	 0.49996052879967506
1.404	 0.49941114478728393
1.403	 0.49875890141574625
1.402	 0.49812697511938303
1.401	 0.4984397120809881
1.4	 0.4994434907929281
1.399	 0.500095440460583
1.398	 0.501278467944448
1.397	 0.5020632564512447
1.396	 0.50168974961503
1.395	 0.5021565964737996
1.394	 0.5031550365929484
1.393	 0.5047068463219228
1.392	 0.5050710957812774
1.391	 0.5040643353290679
1.39	 0.5023370095881422
1.389	 0.5011822621908675
1.388	 0.5008576075200498
1.387	 0.5004050551795366
1.386	 0.5004932145973295
1.385	 0.5000584124737286
1.384	 0.4992000290692063
1.383	 0.49859979762920925
1.382	 0.4996398651727573
1.381	 0.5011731374677627
1.38	 0.502460772589734
1.379	 0.5022408069169486
1.378	 0.50190918209483
1.377	 0.5018380481625174
1.376	 0.5015156809446232
1.375	 0.5014214986689706
1.374	 0.5017007670170214
1.373	 0.5011362518056167
1.372	 0.5007366748845838
1.371	 0.4995335499947545
1.37	 0.4988281166167981
1.369	 0.4991356054883124
1.368	 0.4995145932811573
1.367	 0.49985401558594983
1.366	 0.499785005612485
1.365	 0.5003166718130532
1.364	 0.49866745498059234
1.363	 0.4990473455144956
1.362	 0.49869238165262136
1.361	 0.499784247588882
1.36	 0.5001991842499581
1.359	 0.5000067867775476
1.358	 0.4991092414499645
1.357	 0.4990883498567568
1.356	 0.4982653837852574
1.355	 0.49879541467313626
1.354	 0.5001606444852394
1.353	 0.5005448996151187
1.352	 0.5006857700727901
1.351	 0.5001751012763189
1.35	 0.49987269881898455
1.349	 0.5006518021142338
1.348	 0.5007968461667505
1.347	 0.5008975545169756
1.346	 0.5021175113821202
1.345	 0.5003630030872225
1.344	 0.5006126791137067
1.343	 0.49929701031277945
1.342	 0.4986140662072594
1.341	 0.4995410873742511
1.34	 0.49933585240963174
1.339	 0.49927636194782354
1.338	 0.4994919211497876
1.337	 0.4993269947379119
1.336	 0.49966237652990936
1.335	 0.49982817636339794
1.334	 0.4997400355454665
1.333	 0.501096072012723
1.332	 0.5008724933555402
1.331	 0.5006310698809612
1.33	 0.5005175296885185
1.329	 0.5004696714334643
1.328	 0.5005810621317391
1.327	 0.5002695326405724
1.326	 0.5002273946009055
1.325	 0.5012216719872756
1.324	 0.5014611160078649
1.323	 0.5003958471015195
1.322	 0.5007553630778527
1.321	 0.5004143847316986
1.32	 0.5008620562953852
1.319	 0.5005324693491691
1.318	 0.5004758492383021
1.317	 0.5001010704432758
1.316	 0.4997669461804063
1.315	 0.49866578809894274
1.314	 0.4990455333103795
1.313	 0.4989848804778627
1.312	 0.4995538475979584
1.311	 0.499003190242779
1.31	 0.4990932053720232
1.309	 0.499421224476902
1.308	 0.49994635683882543
1.307	 0.5001123152865056
1.306	 0.5001827280678233
1.305	 0.5002109015163423
1.304	 0.5003509406452561
1.303	 0.5001232989830662
1.302	 0.499881117899342
1.301	 0.5002826263905219
1.3	 0.4996389678902462
1.299	 0.4995076074925067
1.298	 0.4991509076406999
1.297	 0.49967476810288164
1.296	 0.5005259405636321
1.295	 0.5005442416523268
1.294	 0.500613103839598
1.293	 0.5019084399461041
1.292	 0.5020942065922962
1.291	 0.5024135523239929
1.29	 0.5031651134165641
1.289	 0.5028789145530058
1.288	 0.503114040323725
1.287	 0.5024826785943182
1.286	 0.5021201750984788
1.285	 0.5019638331146303
1.284	 0.5008823241621857
1.283	 0.499909076826714
1.282	 0.4997207705160633
1.281	 0.4992199530626929
1.28	 0.49932030471883493
1.279	 0.4988966779241399
1.278	 0.4985035553190581
1.277	 0.4988926926686723
1.276	 0.49906715372006083
1.275	 0.49963379316369105
1.274	 0.5005248790422976
1.273	 0.5006771998905717
1.272	 0.5002427282657065
1.271	 0.5001845844493492
1.27	 0.5004438060718954
1.269	 0.5009438438165613
1.268	 0.5007650597601052
1.267	 0.5001645843654964
1.266	 0.499658281832059
1.265	 0.49929744386284675
1.264	 0.49887993711927686
1.263	 0.4988108826404578
1.262	 0.4993595200955491
1.261	 0.49934126806739393
1.26	 0.49915378818762424
1.259	 0.4989443192934905
1.258	 0.49943809744289386
1.257	 0.4995441786954405
1.256	 0.49942116204534764
1.255	 0.49941828148874934
1.254	 0.49983226047583984
1.253	 0.4999921247794938
1.252	 0.4996427782610851
1.251	 0.4992634023602661
1.25	 0.4993838966117693
1.249	 0.499734537363866
1.248	 0.5000033751856352
1.247	 0.5002603302764674
1.246	 0.5007233380955437
1.245	 0.5006710503372126
1.244	 0.5002870025008609
1.243	 0.5002204124411578
1.242	 0.5009909614858682
1.241	 0.5013510169186464
1.24	 0.5009600990489054
1.239	 0.5002767048279367
1.238	 0.5001411544522139
1.237	 0.4999409855746263
1.236	 0.5001713804725157
1.235	 0.5003643009743508
1.234	 0.5008063429315844
1.233	 0.5004222887601557
1.232	 0.4996931708599982
1.231	 0.49960141559217286
1.23	 0.5000494246521178
1.229	 0.5002949269199182
1.228	 0.5007253211173988
1.227	 0.5005872748873174
1.226	 0.5001173699692367
1.225	 0.49959075614118403
1.224	 0.4994106593206754
1.223	 0.49996857752709634
1.222	 0.5005005106219477
1.221	 0.5006273427154176
1.22	 0.5005250945843449
1.219	 0.49963480109582137
1.218	 0.4989770938680682
1.217	 0.4991500830817662
1.216	 0.4997224912421831
1.215	 0.5001763545602819
1.214	 0.5003352527536212
1.213	 0.499773192218472
1.212	 0.4992266239211516
1.211	 0.4987696463323101
1.21	 0.49930581042844463
1.209	 0.5002849009252818
1.208	 0.5009662812777385
1.207	 0.5007382951562444
1.206	 0.5002112492471437
1.205	 0.49988319305268214
1.204	 0.5001991417272039
1.203	 0.5006758856345417
1.202	 0.5014324492412285
1.201	 0.5011849552818441
1.2	 0.5004519754978749
1.199	 0.5000011232269862
1.198	 0.4999411187438666
1.197	 0.499834999797959
1.196	 0.5000258320735518
1.195	 0.499920787317881
1.194	 0.4994897678527926
1.193	 0.4991139656741661
1.192	 0.4995204363580951
1.191	 0.5000482007662802
1.19	 0.5003917990132718
1.189	 0.5000067392559412
1.188	 0.49984403787074666
1.187	 0.5000696052037749
1.186	 0.5005564255937823
1.185	 0.5007450661807279
1.184	 0.5006010552982099
1.183	 0.5002713626449936
1.182	 0.4997800792163639
1.181	 0.4991557050536442
1.18	 0.49932981359283846
1.179	 0.4999505745706166
1.178	 0.4996742978310482
1.177	 0.49898262533279797
1.176	 0.4986629453852515
1.175	 0.4986501835143761
1.174	 0.4988735942399935
1.173	 0.49932132217910113
1.172	 0.4994639750798981
1.171	 0.4995829764339476
1.17	 0.4993696772590127
1.169	 0.4995997436560494
1.168	 0.5004401586367658
1.167	 0.5009971687830491
1.166	 0.500950718914415
1.165	 0.5008310878591447
1.164	 0.5007067745777064
1.163	 0.5005809539342335
1.162	 0.5008972205253512
1.161	 0.500709256557389
1.16	 0.5003308225328402
1.159	 0.49930816121871796
1.158	 0.49873076036283276
1.157	 0.49855272179496274
1.156	 0.49855422202062244
1.155	 0.4981671607951582
1.154	 0.4982397699304924
1.153	 0.49774685558546206
1.152	 0.4979668277222731
1.151	 0.4989232326211546
1.15	 0.4993277693201575
1.149	 0.49918457899299185
1.148	 0.49938754060013113
1.147	 0.4991619220825049
1.146	 0.49939874504981824
1.145	 0.4996293206777943
1.144	 0.5002272054185666
1.143	 0.4997697619134033
1.142	 0.49874416976423014
1.141	 0.4978779762714014
1.14	 0.49836141977857396
1.139	 0.4989796693879264
1.138	 0.49919730093855785
1.137	 0.49917331175735646
1.136	 0.4992060982534161
1.135	 0.4988880677580517
1.134	 0.4993222954610767
1.133	 0.4994553185108784
1.132	 0.49998523465539957
1.131	 0.5001490051912953
1.13	 0.499444395208846
1.129	 0.49951417870032
1.128	 0.49940565732483355
1.127	 0.4990245507979551
1.126	 0.49913466480485047
1.125	 0.49860237994728973
1.124	 0.49837179459492637
1.123	 0.4988430965347607
1.122	 0.4988142283489937
1.121	 0.49871461778832177
1.12	 0.49877879411905557
1.119	 0.49884480951913485
1.118	 0.49888471177944865
1.117	 0.4990591038278354
1.116	 0.4991225147426652
1.115	 0.49978481429931876
1.114	 0.4999110383196735
1.113	 0.49982057101844807
1.112	 0.5001135265452447
1.111	 0.4996975023645137
1.11	 0.49965513573239906
1.109	 0.4990181231650711
1.108	 0.49827917666279425
1.107	 0.498144452211022
1.106	 0.4976121892055791
1.105	 0.49624006368471457
1.104	 0.49533983242970026
1.103	 0.49553255250087086
1.102	 0.49548631853250974
1.101	 0.49586530839711035
1.1	 0.49640077933157334
1.099	 0.4974955469335313
1.098	 0.4986102512845521
1.097	 0.4989297422939711
1.096	 0.50048307953403
1.095	 0.5013974170678469
1.094	 0.5017932146194761
1.093	 0.5009705377046058
1.092	 0.5001068346292838
1.091	 0.5000546754488622
1.09	 0.4998437676051839
1.089	 0.4990532251371342
1.088	 0.4981935217392313
1.087	 0.4978398057687428
1.086	 0.49716609695157055
1.085	 0.49638651851800114
1.084	 0.4969998641842173
1.083	 0.49805514948928764
1.082	 0.49885729446427823
1.081	 0.49874995335646843
1.08	 0.4992208674846297
1.079	 0.4982246833297882
1.078	 0.4987082215017786
1.077	 0.49878368022273406
1.076	 0.49893471588726773
1.075	 0.49956157494955467
1.074	 0.49907688419752105
1.073	 0.4984911077905716
1.072	 0.49786237188872623
1.071	 0.4970939973967673
1.07	 0.49861263055532173
1.069	 0.49902988836958956
1.068	 0.49941759905503397
1.067	 0.49945672241337546
1.066	 0.49930116301002503
1.065	 0.4993052818579152
1.064	 0.49937681468980394
1.063	 0.4999759010367257
1.062	 0.5007757619321112
1.061	 0.5002860445709449
1.06	 0.49862020981272936
1.059	 0.4992027643791351
1.058	 0.4985746170055309
1.057	 0.4991574699808146
1.056	 0.49937978085590234
1.055	 0.4997654424886198
1.054	 0.49914661908136193
1.053	 0.4992287839040724
1.052	 0.500036936931655
1.051	 0.501481704832148
1.05	 0.5011657999104046
1.049	 0.5015825430430514
1.048	 0.501599540837689
1.047	 0.501121370865571
1.046	 0.5002310000952214
1.045	 0.5005653923351645
1.044	 0.5002998983056041
1.043	 0.4993020915995919
1.042	 0.4986408890184773
1.041	 0.4989544118875778
1.04	 0.4989337665665873
1.039	 0.49855857234507156
1.038	 0.49900972420290446
1.037	 0.4993789463397865
1.036	 0.4997572384670638
1.035	 0.4996355861058814
1.034	 0.5006903413367454
1.033	 0.5008859272725126
1.032	 0.5003822625466342
1.031	 0.4999144884818934
1.03	 0.5000641967223156
1.029	 0.4997377783447435
1.028	 0.500058844852017
1.027	 0.5000288793514994
1.026	 0.5004512423265303
1.025	 0.5004432316235463
1.024	 0.499546259224691
1.023	 0.49996170031735704
1.022	 0.5003135017498456
1.021	 0.5002081252572086
1.02	 0.5005129810079371
1.019	 0.5002197179105535
1.018	 0.5000217690853102
1.017	 0.4996597191178881
1.016	 0.4989122288072874
1.015	 0.499337511232865
1.014	 0.5002663493209561
1.013	 0.5008171597667948
1.012	 0.5009434227942212
1.011	 0.5012093497966387
1.01	 0.5010585132023866
1.009	 0.5013383420573844
1.008	 0.5014477892469383
1.007	 0.5020616860219098
1.006	 0.5025411022705676
1.005	 0.5014041541323762
1.004	 0.5004215802094515
1.003	 0.500492886011895
1.002	 0.5003774273847267
1.001	 0.5002473808116905
1.0	 0.5000994633658871
0.999	 0.5007218341036415
0.998	 0.5004202117773848
0.997	 0.5003497624189054
0.996	 0.500380815306326
0.995	 0.5016463305588641
0.994	 0.5017654706674648
0.993	 0.5013556916248774
0.992	 0.5016469683194629
0.991	 0.5023072059945364
0.99	 0.502247803441818
0.989	 0.502507503868454
0.988	 0.5022381378692927
0.987	 0.5023884035040777
0.986	 0.5019243294452009
0.985	 0.5016367172758149
0.984	 0.5021438216637356
0.983	 0.5023489816050601
0.982	 0.5016552323056883
0.981	 0.5013853783246475
0.98	 0.5012063912131229
0.979	 0.5009286764884572
0.978	 0.5004931816053091
0.977	 0.5003945124589579
0.976	 0.5006427826424431
0.975	 0.5006242240548209
0.974	 0.5004956339209778
0.973	 0.5005475124243204
0.972	 0.5000825037761343
0.971	 0.5000611894772571
0.97	 0.5007120767291482
0.969	 0.5016319871789706
0.968	 0.5022242310072063
0.967	 0.5020498479739259
0.966	 0.5020048944701678
0.965	 0.502398518261485
0.964	 0.5020796763442699
0.963	 0.5022797939350827
0.962	 0.503089459605416
0.961	 0.5034222310883039
0.96	 0.5028901601856841
0.959	 0.5023159174059898
0.958	 0.5021665946558472
0.957	 0.5023281239657538
0.956	 0.5023230543352101
0.955	 0.5026264841512327
0.954	 0.5027837497683525
0.953	 0.5025312528764238
0.952	 0.5019953147557952
0.951	 0.502064412388062
0.95	 0.502512824401047
0.949	 0.5027994165997716
0.948	 0.5025274998305965
0.947	 0.5025265796632659
0.946	 0.5024386776646911
0.945	 0.502539819780873
0.944	 0.5025567708872322
0.943	 0.5025948521372943
0.942	 0.5024948932302681
0.941	 0.5018082511162322
0.94	 0.5014886164623468
0.939	 0.5023382919222338
0.938	 0.5028107181605578
0.937	 0.5027516677197673
0.936	 0.5024951655120871
0.935	 0.5025663884462374
0.934	 0.5024710577775402
0.933	 0.5027895973721928
0.932	 0.5033883683805646
0.931	 0.50347267067191
0.93	 0.5027212482230344
0.929	 0.5016231747610758
0.928	 0.5014690079211211
0.927	 0.5018273411908635
0.926	 0.501288912689886
0.925	 0.5013671307060985
0.924	 0.5014749686223904
0.923	 0.5014426392298569
0.922	 0.5019670685124958
0.921	 0.5028573250424365
0.92	 0.503521889364191
0.919	 0.5040787653941563
0.918	 0.50413919345704
0.917	 0.5047544994132745
0.916	 0.5057587364886137
0.915	 0.5059643457522898
0.914	 0.506194773065031
0.913	 0.5058336142311916
0.912	 0.504557129117211
0.911	 0.5043164173410956
0.91	 0.5040552510357403
0.909	 0.5038482480855992
0.908	 0.5036519023110739
0.907	 0.5030208796568978
0.906	 0.5022485207100591
0.905	 0.5018919974086928
0.904	 0.5019332835204172
0.903	 0.5024391391726499
0.902	 0.5024977067338002
0.901	 0.5024255313234088
0.9	 0.5023940016868652
0.899	 0.5023810209741113
0.898	 0.5019480318638927
0.897	 0.5021500529120828
0.896	 0.5020506119836804
0.895	 0.501840135500403
0.894	 0.5021273523250097
0.893	 0.5028726357239688
0.892	 0.5032836717872972
0.891	 0.5034260472587394
0.89	 0.5035094539745991
0.889	 0.5039821918067984
0.888	 0.5046458560942391
0.887	 0.5054151245615103
0.886	 0.5058606770354895
0.885	 0.5059788304338713
0.884	 0.5054413644093143
0.883	 0.5050166039591172
0.882	 0.5051212932396848
0.881	 0.5056221519532502
0.88	 0.5051821352078927
0.879	 0.5047117264113438
0.878	 0.5036733231955065
0.877	 0.5032333011447578
0.876	 0.5029727767096045
0.875	 0.5028481931581581
0.874	 0.5023236224826565
0.873	 0.5020914701088715
0.872	 0.5013910326915789
0.871	 0.5012825762073413
0.87	 0.5013480873146573
0.869	 0.5023138813483706
0.868	 0.504121972472623
0.867	 0.5049376526206604
0.866	 0.506069618278546
0.865	 0.507519763772619
0.864	 0.5090340164536655
0.863	 0.5100398265829914
0.862	 0.5116358627643389
0.861	 0.5125208664517227
0.86	 0.5133826751822966
0.859	 0.512164458642427
0.858	 0.5111541338930907
0.857	 0.5100615490669161
0.856	 0.5093649216119921
0.855	 0.5080010323912763
0.854	 0.5071784648004802
0.853	 0.5060130919425538
0.852	 0.505103887081699
0.851	 0.5038310280993455
0.85	 0.5036184808439307
0.849	 0.5037618976256624
0.848	 0.50379335883985
0.847	 0.5036925385519806
0.846	 0.5036170960064082
0.845	 0.5034506879396975
0.844	 0.5033420705856758
0.843	 0.5032767360317097
0.842	 0.5032651752385249
0.841	 0.5031422394336081
0.84	 0.5030453316934663
0.839	 0.5030057651172025
0.838	 0.5029733876364242
0.837	 0.5030000642938455
0.836	 0.5030272866615227
0.835	 0.5030041064139488
0.834	 0.5029310356200217
0.833	 0.5028425188105095
0.832	 0.5027817470762983
0.831	 0.5027653677718433
0.83	 0.5026962876790724
0.829	 0.5026682546569126
0.828	 0.5025927541413865
0.827	 0.5025508534325249
0.826	 0.5024962054874489
0.825	 0.502477771899426
0.824	 0.5024772433850843
0.823	 0.502464214869106
0.822	 0.5024129509455028
0.821	 0.5023685536391879
0.82	 0.5022975000116106
0.819	 0.5022570441582687
0.818	 0.5021875153552545
0.817	 0.502129689671144
0.816	 0.502055697271041
0.815	 0.5019399113051279
0.814	 0.5018386243264
0.813	 0.5018056775191995
0.812	 0.5017397394127792
0.811	 0.5017204657981357
0.81	 0.5016550798787995
0.809	 0.5015621618884065
0.808	 0.5015138547619704
0.807	 0.5014472359035912
0.806	 0.5013871117190257
0.805	 0.501352934420581
0.804	 0.501300888718682
0.803	 0.501167585191495
0.802	 0.5010135231238351
0.801	 0.5009144138029709
0.8	 0.500840844695893
0.799	 0.5007593637292688
0.798	 0.5006597273127108
0.797	 0.5006297131164433
0.796	 0.5005539785733907
0.795	 0.5004874654998008
0.794	 0.500475866259618
0.793	 0.5005173345970142
0.792	 0.5005406374582173
0.791	 0.5005432108700703
0.79	 0.5005239815280509
0.789	 0.5005320578571781
0.788	 0.500493198973561
0.787	 0.5004359763677044
0.786	 0.5003308855117848
0.785	 0.5002828889219967
0.784	 0.5001800438319908
0.783	 0.5000571110577059
0.782	 0.4999899480405076
0.781	 0.49985836677704926
0.78	 0.499810377773168
0.779	 0.4997181137285468
0.778	 0.4996924932718625
0.777	 0.49968291853839153
0.776	 0.4997143857282433
0.775	 0.49969881968393887
0.774	 0.4996695156278426
0.773	 0.49959399997805404
0.772	 0.49962092910322525
0.771	 0.49961352736546405
0.77	 0.49957728772432575
0.769	 0.4995383363821129
0.768	 0.49949474054194576
0.767	 0.4993751699400437
0.766	 0.49932098624115745
0.765	 0.49927687625195666
0.764	 0.499301943382295
0.763	 0.4992915809018276
0.762	 0.4992116702141508
0.761	 0.4992055145450895
0.76	 0.4991717207295462
0.759	 0.4991343171014349
0.758	 0.49915746424270907
0.757	 0.4991823906877927
0.756	 0.4991761178895392
0.755	 0.4991243271653376
0.754	 0.49906805753412065
0.753	 0.4990321936973511
0.752	 0.4990124622026463
0.751	 0.49899606893353265
0.75	 0.499003905207127
0.749	 0.49897492857655984
0.748	 0.4989091217324326
0.747	 0.498884279353223
0.746	 0.4988903201059982
0.745	 0.49889946070807206
0.744	 0.49891896031943045
0.743	 0.4989428648455013
0.742	 0.49894607331487184
0.741	 0.4988961860432451
0.74	 0.4988720810474484
0.739	 0.4988719958043239
0.738	 0.49885982090303665
0.737	 0.498831949852084
0.736	 0.498785569115105
0.735	 0.49875526209935295
0.734	 0.49870380328963226
0.733	 0.49869295960697885
0.732	 0.4986965523833741
0.731	 0.49871169079093364
0.73	 0.4986933114080928
0.729	 0.49869640262894455
0.728	 0.4986952017275789
0.727	 0.4986986884528955
0.726	 0.4987035790528167
0.725	 0.4987149475033465
0.724	 0.49868256351609674
0.723	 0.49865803982423024
0.722	 0.4986312540586536
0.721	 0.49862593510157066
0.72	 0.49863774978868075
0.719	 0.4986253903760506
0.718	 0.49862132739664156
0.717	 0.4986210638576533
0.716	 0.4986090752690588
0.715	 0.4986012656508868
0.714	 0.49860511492222476
0.713	 0.4985925028506271
0.712	 0.4985832637475019
0.711	 0.4985642151152148
0.71	 0.498555881062834
0.709	 0.498545227632405
0.708	 0.49854296216403265
0.707	 0.49852614504840254
0.706	 0.4985276591097797
0.705	 0.498533414967268
0.704	 0.49854294449617553
0.703	 0.49855190553388057
0.702	 0.4985397017122528
0.701	 0.49854361186146706
0.7	 0.49855886001150646
0.699	 0.4985637303877597
0.698	 0.4985567119514843
0.697	 0.49854682938139694
0.696	 0.4985308085145873
0.695	 0.4985219098440804
0.694	 0.49849399160958496
0.693	 0.49850017929545426
0.692	 0.49849065917375457
0.691	 0.49846934753267175
0.69	 0.49845185644175977
0.689	 0.4984610235310786
0.688	 0.49848153870744316
0.687	 0.49850348425421726
0.686	 0.4985283331587019
0.685	 0.4985637798037134
0.684	 0.4985876891504774
0.683	 0.4985920976171097
0.682	 0.4986002474869382
0.681	 0.4986012756671648
0.68	 0.49858030592734226
0.679	 0.4985455258538638
0.678	 0.49851210274483304
0.677	 0.4984819839751142
0.676	 0.4984614706443232
0.675	 0.49842951815546044
0.674	 0.49842284911731355
0.673	 0.4984180708527634
0.672	 0.4984315119149385
0.671	 0.49845607081796056
0.67	 0.4984921540080047
0.669	 0.49853460186970566
0.668	 0.4985785129695649
0.667	 0.49860170916128566
0.666	 0.498612448539143
0.665	 0.4986097086030248
0.664	 0.4986069439525348
0.663	 0.49860077329244124
0.662	 0.4985941404159025
0.661	 0.49859775544197527
0.66	 0.4985906964687129
0.659	 0.4985754627326728
0.658	 0.4985849490475153
0.657	 0.49860938757835827
0.656	 0.4986469826550155
0.655	 0.49869868685673735
0.654	 0.4987416685261902
0.653	 0.49878953192645936
0.652	 0.49881994611572883
0.651	 0.498834433147769
0.65	 0.4988634949523232
0.649	 0.4988692173232988
0.648	 0.49885309159209573
0.647	 0.4988569314353592
0.646	 0.49885010446954314
0.645	 0.49884087261487253
0.644	 0.49883694857421396
0.643	 0.4988330165133284
0.642	 0.4988466267246931
0.641	 0.49885050065455566
0.64	 0.49886222024290866
0.639	 0.4988929687393132
0.638	 0.49891786106000735
0.637	 0.49892960842934586
0.636	 0.49894628705606103
0.635	 0.49897036370042674
0.634	 0.49900031527765004
0.633	 0.49903175851655807
0.632	 0.49905833612598893
0.631	 0.4990986752143036
0.63	 0.49914251675499716
0.629	 0.4991731289467644
0.628	 0.4992052122377691
0.627	 0.4992220851259731
0.626	 0.499238999367633
0.625	 0.4992466225706771
0.624	 0.4992488339485788
0.623	 0.4992618758378839
0.622	 0.499259171865245
0.621	 0.4992397568795609
0.62	 0.4992331808876607
0.619	 0.4992472621003847
0.618	 0.49927808883985375
0.617	 0.4993108635470444
0.616	 0.49932987685687136
0.615	 0.49935335168704775
0.614	 0.4993748478993608
0.613	 0.4993939166975457
0.612	 0.49942825485638354
0.611	 0.4994611202978678
0.61	 0.4994693767247722
0.609	 0.4994697563838865
0.608	 0.49946176350154664
0.607	 0.49947300690025426
0.606	 0.49949511450487166
0.605	 0.49951873098987404
0.604	 0.499552221268848
0.603	 0.49957585399502086
0.602	 0.4995989988799624
0.601	 0.4996335100256246
0.6	 0.4996566649969224
0.599	 0.4996709304072162
0.598	 0.4996827317096314
0.597	 0.4996806981539806
0.596	 0.4996544322158163
0.595	 0.4996182753164557
0.594	 0.49957567269231223
0.593	 0.4995300816965337
0.592	 0.4994720889938224
0.591	 0.4994165590344274
0.59	 0.49936643449130624
0.589	 0.49931130908705634
0.588	 0.4992412746585736
0.587	 0.49919201826999765
0.586	 0.4991555795182442
0.585	 0.49912110682046884
0.584	 0.4990875858115627
0.583	 0.49905303312151833
0.582	 0.49901890043402614
0.581	 0.4989802929448583
0.58	 0.49894711330252806
0.579	 0.4989238122683413
0.578	 0.49889195656907204
0.577	 0.4988342136412919
0.576	 0.49876591374135143
0.575	 0.49868307979092585
0.574	 0.49860662344559054
0.573	 0.4985280527328971
0.572	 0.4984613174713535
0.571	 0.4983835050640858
0.57	 0.4982735355016436
0.569	 0.49815286445943296
0.568	 0.4980448919614
0.567	 0.49794268758084087
0.566	 0.49785175506801443
0.565	 0.4977514973302792
0.564	 0.4976389714267358
0.563	 0.49751303771139177
0.562	 0.49737673258363674
0.561	 0.49726284078563565
0.56	 0.4971873957431454
0.559	 0.49711214794843445
0.558	 0.49704321333109747
0.557	 0.496969985052196
0.556	 0.49688940372137486
0.555	 0.49682366848547893
0.554	 0.49675916949467414
0.553	 0.49670804858487255
0.552	 0.49665407831920116
0.551	 0.4965647508781802
0.55	 0.4964722022604038
0.549	 0.4963750930249676
0.548	 0.4962735157536098
0.547	 0.49617717171199344
0.546	 0.4960870873368679
0.545	 0.49598782256322704
0.544	 0.4958834255338876
0.543	 0.49577805455147694
0.542	 0.495684081594683
0.541	 0.4955847238070781
0.54	 0.49546887966804976
0.539	 0.4953617386568892
0.538	 0.49525246435573766
0.537	 0.49513953367064834
0.536	 0.4950176288031542
0.535	 0.4948997066244637
0.534	 0.4947836746860234
0.533	 0.4946728509975915
0.532	 0.4945604516058314
0.531	 0.4944763723513363
0.53	 0.49439007478841707
0.529	 0.4943236008983786
0.528	 0.4942458458760744
0.527	 0.4941837353474359
0.526	 0.49412967380192685
0.525	 0.4941087039148613
0.524	 0.494092800288465
0.523	 0.494084402809196
0.522	 0.49405625131409414
0.521	 0.49402749556871733
0.52	 0.49401747737323704
0.519	 0.4940066112974128
0.518	 0.49402878332174033
0.517	 0.4940496129275118
0.516	 0.4940820442375669
0.515	 0.49411352026834454
0.514	 0.49417389756694585
0.513	 0.4942931536560259
0.512	 0.4944285744234107
0.511	 0.49457526515520095
0.51	 0.49473559407674
0.509	 0.494923756420249
0.508	 0.49512077907341523
0.507	 0.49533108190947495
0.506	 0.49553892469660216
0.505	 0.495739470613702
0.504	 0.49590835430894786
0.503	 0.49607434004577233
0.502	 0.4962446924874738
0.501	 0.496446387338714
0.5	 0.4966336039828546
0.499	 0.4967866258611989
0.498	 0.49693404783676587
0.497	 0.4970854867310715
0.496	 0.49727263149428075
0.495	 0.4974785646813081
0.494	 0.4976671426982134
0.493	 0.49783497154387946
0.492	 0.4980059202618288
0.491	 0.49814379816906346
0.49	 0.49830534340712535
0.489	 0.49848143129516537
0.488	 0.49867498015891115
0.487	 0.49885856600295025
0.486	 0.4990133249636202
0.485	 0.4991723196284685
0.484	 0.49937249124970734
0.483	 0.4995282641720636
0.482	 0.49968181937622885
0.481	 0.4998480257053664
0.48	 0.49997371524698525
0.479	 0.5000714342045258
0.478	 0.5001223055627313
0.477	 0.5001377506518864
0.476	 0.5001514786026471
0.475	 0.5001171834360927
0.474	 0.5000805965747027
0.473	 0.5000382974880277
0.472	 0.4999777064638679
0.471	 0.4998925338461221
0.47	 0.4998124981421309
0.469	 0.49974502921302066
0.468	 0.4996723838449215
0.467	 0.4996048353061068
0.466	 0.4995086470117845
0.465	 0.4994261350567972
0.464	 0.4993155326026244
0.463	 0.49921917397307636
0.462	 0.4991169517770916
0.461	 0.4990066134110628
0.46	 0.49887949562974643
0.459	 0.4987683712225463
0.458	 0.49866222117178405
0.457	 0.4985742885217599
0.456	 0.49847577084414957
0.455	 0.49838521709348266
0.454	 0.4982834784948896
0.453	 0.4981874050545505
0.452	 0.4980979353125249
0.451	 0.4980227222694146
0.45	 0.49796514444705914
0.449	 0.4978879231224797
0.448	 0.49781102356745965
0.447	 0.49773342276291144
0.446	 0.49767923698404976
0.445	 0.49765531238560384
0.444	 0.497637492158793
0.443	 0.4976179837872027
0.442	 0.4976064160363737
0.441	 0.49758669806110284
0.44	 0.4975943577389057
0.439	 0.4976277757004555
0.438	 0.4977003494069875
0.437	 0.4977882895444612
0.436	 0.4978716198461961
0.435	 0.49795777651822803
0.434	 0.4980626705323592
0.433	 0.49820067057935485
0.432	 0.49837107993535845
0.431	 0.4985716562226107
0.43	 0.4987584673930629
0.429	 0.49894734866744306
0.428	 0.4991335383431282
0.427	 0.49931637312765453
0.426	 0.49954335326613936
0.425	 0.4997634385122102
0.424	 0.49998767184566567
0.423	 0.5001784636626849
0.422	 0.5003569055350882
0.421	 0.5005335089393561
0.42	 0.5007006598173356
0.419	 0.5008571177143528
0.418	 0.5010122383487027
0.417	 0.5011519886313671
0.416	 0.5012628349149535
0.415	 0.5013412614182932
0.414	 0.5014458683288104
0.413	 0.501527563422257
0.412	 0.501606205437593
0.411	 0.5016566333703811
0.41	 0.5017011987231373
0.409	 0.5017072097364068
0.408	 0.4722057471605231
0.407	 0.4390267270751414
0.406	 0.40141634535314163
0.405	 0.3584055407309687
0.404	 0.30876960815957655
0.403	 0.2508529321289745
0.402	 0.18241288212353757
0.401	 0.10029491105507732
0.4	 0.0
