15.3871 1.0
15.3416 1.0
15.2964 0.8999999999999999
15.2514 0.8181818181818182
15.2066 0.7500000000000001
15.1622 0.6923076923076923
15.118 0.6428571428571428
15.074 0.6
15.0303 0.5625
14.9869 0.5294117647058824
14.9437 0.5
14.9008 0.5
14.8581 0.5
14.8156 0.5
14.7734 0.5
14.7314 0.5
14.6897 0.5
14.6482 0.5
14.6069 0.5
14.5659 0.5
14.5251 0.5
14.4845 0.5
14.4442 0.5
14.4041 0.5
14.3642 0.5
14.3245 0.5
14.285 0.5
14.2458 0.5
14.2068 0.5
14.1679 0.5
14.1293 0.5
14.0909 0.5
14.0528 0.5
14.0148 0.5
13.977 0.5
13.9394 0.5
13.9021 0.5
13.8649 0.5
13.8279 0.5
13.7911 0.5
13.7546 0.5
13.7182 0.5
13.682 0.5
13.646 0.5
13.6101 0.5
13.5745 0.5
13.5391 0.5
13.5038 0.5
13.4687 0.5
13.4339 0.5
13.3991 0.5
13.3646 0.5
13.3302 0.5
13.2961 0.5
13.2621 0.5
13.2282 0.5
13.1946 0.5
13.1611 0.5
13.1278 0.5
13.0946 0.5
13.0616 0.5
13.0288 0.5
12.9962 0.5
12.9637 0.5
12.9313 0.5
12.8992 0.5
12.8672 0.5
12.8353 0.5
12.8036 0.5
12.7721 0.5
12.7407 0.5
12.7095 0.5
12.6784 0.5
12.6475 0.5
12.6167 0.5
12.5861 0.5
12.5556 0.5
12.5253 0.5
12.4951 0.5
12.4651 0.5
12.4352 0.5
12.4054 0.5
12.3758 0.5
12.3463 0.5
12.317 0.5
12.2878 0.5
12.2588 0.5
12.2299 0.5
12.2011 0.5
12.1725 0.5
12.1439 0.5
12.1156 0.5
12.0873 0.5
12.0592 0.5
12.0312 0.5
12.0034 0.5
11.9757 0.5
11.9481 0.5
11.9206 0.5
11.8933 0.5
11.8661 0.5
11.839 0.5
11.812 0.5
11.7852 0.5
11.7584 0.5
11.7318 0.5
11.7053 0.5
11.679 0.5
11.6527 0.5
11.6266 0.5
11.6006 0.5
11.5747 0.5
11.5489 0.5
11.5233 0.5
11.4977 0.5
11.4723 0.5
11.4469 0.5
11.4217 0.5
11.3966 0.5
11.3716 0.5
11.3468 0.5
11.322 0.5
11.2973 0.5
11.2728 0.5
11.2483 0.5
11.224 0.5
11.1997 0.5
11.1756 0.5
11.1515 0.5
11.1276 0.5
11.1038 0.5
11.0801 0.5
11.0564 0.5
11.0329 0.5
11.0095 0.5
10.9862 0.5
10.9629 0.5
10.9398 0.5
10.9168 0.5
10.8938 0.5
10.871 0.5
10.8483 0.5
10.8256 0.5
10.8031 0.5
10.7806 0.5
10.7582 0.5
10.736 0.5
10.7138 0.5
10.6917 0.5
10.6697 0.5
10.6478 0.5
10.626 0.5
10.6042 0.5
10.5826 0.5
10.561 0.5
10.5396 0.5
10.5182 0.5
10.4969 0.5
10.4757 0.5
10.4546 0.5
10.4335 0.5
10.4126 0.5
10.3917 0.5
10.3709 0.5
10.3502 0.500081023965414
10.3296 0.5005642259032161
10.3091 0.5012365053876894
10.2886 0.5019558783178697
10.2683 0.5028957289161465
10.248 0.5042877869802127
10.2277 0.5060054968312105
10.2076 0.508291572790097
10.1876 0.5110927551538157
10.1676 0.5137734679709528
10.1477 0.516118949928226
10.1279 0.5182241586223164
10.1081 0.5199314569057215
10.0885 0.5210052764572982
10.0689 0.5218104208010796
10.0494 0.5225118955425628
10.0299 0.5227671303150365
10.0106 0.5221095649836561
9.9913 0.5209350112498133
9.972 0.5198874798324737
9.9529 0.5188759803616559
9.9338 0.517736241707401
9.9148 0.5170622652269391
9.8959 0.516688248671041
9.8771 0.5155281724054206
9.8583 0.5132957269357259
9.8396 0.5112611735936842
9.821 0.5094251304082758
9.8024 0.50721237657493
9.7839 0.5052342483844352
9.7655 0.5039809616281185
9.7471 0.5023967591206233
9.7288 0.4999388132246896
9.7106 0.4979937561006364
9.6925 0.49724488389816446
9.6744 0.4973349920356407
9.6564 0.4976713135411388
9.6384 0.49829375328178427
9.6205 0.49879697944450513
9.6027 0.4988060489012606
9.585 0.4992302700049589
9.5673 0.5007181632987672
9.5497 0.5028677653972758
9.5321 0.5054151119976654
9.5146 0.5076984416015432
9.4972 0.5102766498404082
9.4798 0.5137011972816332
9.4625 0.5178686533357775
9.4453 0.5231754293629705
9.4281 0.5292476233695829
9.411 0.5350242571605021
9.394 0.5410438063083348
9.377 0.5477545046828327
9.36 0.5543038090758768
9.3432 0.5608185993636755
9.3264 0.5666475478601444
9.3096 0.5708314394200263
9.293 0.5733104281896406
9.2763 0.574363213350344
9.2598 0.5744583648453034
9.2432 0.5730666625390676
9.2268 0.5694991604897826
9.2104 0.5643350057199151
9.1941 0.5580310497917775
9.1778 0.5506269409773069
9.1616 0.5429662224600431
9.1454 0.5357173931958583
9.1293 0.529068996898718
9.1133 0.5226989351727711
9.0973 0.5162449775905258
9.0814 0.5105495815325513
9.0655 0.5061175074251422
9.0497 0.5023435883377696
9.0339 0.49904596685886127
9.0182 0.4966022185617882
9.0025 0.4945815536494545
8.987 0.4928943827040265
8.9714 0.49159388727392755
8.9559 0.49085548670797513
8.9405 0.490459126006237
8.9251 0.48993846784286205
8.9097 0.48933034384920326
8.8945 0.4891635978035117
8.8792 0.4891543703292702
8.8641 0.48929898431345087
8.8489 0.4893389328647118
8.8338 0.48883663776480546
8.8188 0.4883575791717754
8.8039 0.4879483039784627
8.7889 0.4878072416919708
8.7741 0.48800401078644917
8.7592 0.4884633033966717
8.7445 0.4888826581945929
8.7297 0.48914825598722766
8.7151 0.4889587872801774
8.7005 0.48898592502079713
8.6859 0.48905694587653065
8.6714 0.48864812682237385
8.6569 0.4880188244859516
8.6425 0.48709741268954493
8.6281 0.48554243636756883
8.6137 0.483484324477202
8.5994 0.48101990055706234
8.5852 0.4784444700990056
8.571 0.4756293455878946
8.5569 0.47188644658507123
8.5428 0.4676393033186544
8.5287 0.4626837325085295
8.5147 0.45706065031555976
8.5008 0.45162282779820545
8.4869 0.44754140537783316
8.473 0.4450671106459553
8.4592 0.4438621918917847
8.4454 0.4441231672869959
8.4316 0.4469312663208518
8.418 0.4522409362857527
8.4043 0.4594916290316982
8.3907 0.4689169810531172
8.3772 0.4792481868469576
8.3637 0.4883938844900116
8.3502 0.4951474001189175
8.3368 0.50003728297986
8.3234 0.5033585452188086
8.31 0.5046449585701597
8.2967 0.5035154307748124
8.2835 0.5001422421050354
8.2703 0.4942297997888046
8.2571 0.48644887953316107
8.244 0.4779866298045458
8.2309 0.4704495598260021
8.2179 0.4644843461891625
8.2049 0.4592247392680762
8.1919 0.45483625121204296
8.179 0.4514161854308646
8.1661 0.4490790146241314
8.1532 0.4486527360370009
8.1404 0.45061599113155276
8.1277 0.45463667236265953
8.115 0.4602267907017138
8.1023 0.4661532346848274
8.0897 0.4721042175678377
8.077 0.4778691532590346
8.0645 0.48326506809313635
8.052 0.48853977516095815
8.0395 0.4932665219835952
8.027 0.4966863437251634
8.0146 0.4990183964442675
8.0023 0.5
7.9899 0.5
7.9776 0.5
7.9654 0.5
7.9532 0.5
7.941 0.5
7.9288 0.5
7.9167 0.5
7.9047 0.5
7.8926 0.5
7.8807 0.5
7.8687 0.5
7.8568 0.5
7.8449 0.5
7.833 0.5
7.8212 0.5
7.8094 0.5
7.7977 0.5
7.786 0.5
7.7743 0.5
7.7627 0.5
7.7511 0.5
7.7395 0.5
7.728 0.5
7.7165 0.5
7.705 0.5
7.6936 0.5
7.6822 0.5
7.6708 0.5
7.6595 0.5
7.6482 0.5
7.6369 0.5
7.6257 0.5
7.6145 0.5
7.6033 0.5
7.5922 0.5
7.5811 0.5
7.57 0.5
7.559 0.5
7.548 0.5
7.537 0.5
7.5261 0.5
7.5152 0.5
7.5043 0.5
7.4935 0.5
7.4826 0.5
7.4718 0.5
7.4611 0.5
7.4504 0.5
7.4397 0.5
7.429 0.5
7.4184 0.5
7.4078 0.5
7.3972 0.5
7.3867 0.5
7.3762 0.5
7.3657 0.5
7.3553 0.5
7.3449 0.5
7.3345 0.5
7.3241 0.5
7.3138 0.5
7.3035 0.5
7.2932 0.5
7.283 0.5
7.2727 0.5
7.2626 0.5
7.2524 0.5
7.2423 0.5
7.2322 0.5
7.2221 0.5
7.212 0.5
7.202 0.5
7.1921 0.5
7.1821 0.5
7.1722 0.5
7.1623 0.5
7.1524 0.5
7.1425 0.5
7.1327 0.5
7.1229 0.5
7.1131 0.5
7.1034 0.5
7.0937 0.5
7.084 0.5
7.0743 0.5
7.0647 0.5
7.0551 0.5
7.0455 0.5
7.0359 0.5
7.0264 0.5
7.0169 0.5
7.0074 0.5
6.9979 0.5
6.9885 0.5
6.9791 0.5
6.9697 0.5
6.9604 0.5
6.951 0.5
6.9417 0.5
6.9324 0.5
6.9232 0.5
6.914 0.5
6.9047 0.5
6.8956 0.5
6.8864 0.5
6.8773 0.5
6.8682 0.5
6.8591 0.5
6.85 0.5
6.841 0.5
6.832 0.5
6.823 0.5
6.814 0.5
6.8051 0.5
6.7962 0.5
6.7873 0.5
6.7784 0.5
6.7695 0.5
6.7607 0.5
6.7519 0.5
6.7431 0.5
6.7344 0.5
6.7256 0.5
6.7169 0.5
6.7082 0.5
6.6996 0.5
6.6909 0.5
6.6823 0.5
6.6737 0.5
6.6651 0.5
6.6566 0.5
6.648 0.5
6.6395 0.5
6.631 0.5
6.6226 0.5
6.6141 0.5
6.6057 0.5
6.5973 0.5
6.5889 0.5
6.5805 0.5
6.5722 0.5
6.5639 0.5
6.5556 0.5
6.5473 0.5
6.539 0.5
6.5308 0.5
6.5226 0.5
6.5144 0.5
6.5062 0.5
6.4981 0.5
6.49 0.5
6.4818 0.5
6.4737 0.5
6.4657 0.5
6.4576 0.5
6.4496 0.5
6.4416 0.5
6.4336 0.5
6.4256 0.5
6.4177 0.5
6.4097 0.5
6.4018 0.5
6.3939 0.5
6.386 0.5
6.3782 0.5
6.3704 0.5
6.3625 0.5
6.3547 0.5
6.347 0.5
6.3392 0.5
6.3315 0.5
6.3237 0.5
6.316 0.5
6.3083 0.5
6.3007 0.5
6.293 0.5
6.2854 0.5
6.2778 0.5
6.2702 0.5
6.2626 0.5
6.2551 0.5
6.2476 0.5
6.24 0.5
6.2325 0.5
6.2251 0.5
6.2176 0.5
6.2101 0.5
6.2027 0.5
6.1953 0.5
6.1879 0.5
6.1805 0.5
6.1732 0.5
6.1658 0.5
6.1585 0.5
6.1512 0.5
6.1439 0.5
6.1367 0.5
6.1294 0.5
6.1222 0.5
6.1149 0.5
6.1077 0.5
6.1006 0.5
6.0934 0.5
6.0862 0.5
6.0791 0.5
6.072 0.5
6.0649 0.5
6.0578 0.5
6.0507 0.5
6.0437 0.5
6.0366 0.5
6.0296 0.5
6.0226 0.5
6.0156 0.5
6.0087 0.5
6.0017 0.5
5.9948 0.5
5.9878 0.5
5.9809 0.5
5.974 0.5
5.9672 0.5
5.9603 0.5
5.9535 0.5
5.9466 0.5
5.9398 0.5
5.933 0.5
5.9262 0.5
5.9195 0.5
5.9127 0.5
5.906 0.5
5.8993 0.5
5.8926 0.5
5.8859 0.5
5.8792 0.5
5.8726 0.5
5.8659 0.5
5.8593 0.5
5.8527 0.5
5.8461 0.5
5.8395 0.5
5.8329 0.5
5.8264 0.5
5.8198 0.5
5.8133 0.5
5.8068 0.5
5.8003 0.5
5.7938 0.5
5.7874 0.5
5.7809 0.5
5.7745 0.5
5.768 0.5
5.7616 0.5
5.7552 0.5
5.7489 0.5
5.7425 0.5
5.7361 0.5
5.7298 0.5
5.7235 0.5
5.7172 0.5
5.7109 0.5
5.7046 0.5
5.6983 0.5
5.6921 0.5
5.6858 0.5
5.6796 0.5
5.6734 0.5
5.6672 0.5
5.661 0.5
5.6548 0.5
5.6487 0.5
5.6425 0.5
5.6364 0.5
5.6303 0.5
5.6242 0.5
5.6181 0.5
5.612 0.5
5.6059 0.5
5.5999 0.5
5.5938 0.5
5.5878 0.5
5.5818 0.5
5.5758 0.5
5.5698 0.5
5.5638 0.5
5.5578 0.5
5.5519 0.5
5.546 0.5
5.54 0.5
5.5341 0.5
5.5282 0.5
5.5223 0.5
5.5164 0.5
5.5106 0.5
5.5047 0.5
5.4989 0.5
5.4931 0.5
5.4873 0.5
5.4815 0.5
5.4757 0.5
5.4699 0.5
5.4641 0.5
5.4584 0.5
5.4527 0.5
5.4469 0.5
5.4412 0.5
5.4355 0.5
5.4298 0.5
5.4241 0.5
5.4185 0.5
5.4128 0.5
5.4072 0.5
5.4015 0.5
5.3959 0.5
5.3903 0.5
5.3847 0.5
5.3791 0.5
5.3735 0.5
5.368 0.5
5.3624 0.5
5.3569 0.5
5.3514 0.5
5.3458 0.5
5.3403 0.5
5.3348 0.5
5.3294 0.5
5.3239 0.5
5.3184 0.5
5.313 0.5
5.3075 0.5
5.3021 0.5
5.2967 0.5
5.2913 0.5
5.2859 0.5
5.2805 0.500420720918459
5.2751 0.5016508023861465
5.2698 0.5035844283455565
5.2644 0.5062715374762049
5.2591 0.5095190888113112
5.2538 0.5131942850423392
5.2485 0.5173664478908248
5.2431 0.5218730175535399
5.2378 0.5265134407261327
5.2326 0.5309687916490581
5.2273 0.5346350804032842
5.222 0.5370815092994741
5.2168 0.5382987912042458
5.2115 0.5384580830261945
5.2063 0.5378465528993446
5.2011 0.5364415408695515
5.1959 0.5344979094791469
5.1907 0.5322817136906614
5.1855 0.5299034044286072
5.1803 0.5273314084857903
5.1751 0.5248813809455343
5.17 0.5226684957082157
5.1648 0.5207313222132226
5.1597 0.5191508445282094
5.1545 0.518011664777026
5.1494 0.5168809946344282
5.1443 0.5153311564991954
5.1392 0.5134789438791687
5.1341 0.511461622579563
5.1291 0.5097626430780547
5.124 0.508371998475416
5.1189 0.5071111243928864
5.1139 0.5057049212148661
5.1088 0.5037190057605455
5.1038 0.5013202074200953
5.0988 0.49952784314515924
5.0938 0.4985349248831137
5.0888 0.49785746895934846
5.0838 0.4972571345715833
5.0788 0.49660534561097724
5.0738 0.49621791650005687
5.0689 0.4961790343569878
5.0639 0.496484462683968
5.059 0.49741084833889215
5.0541 0.49862946948312287
5.0491 0.4996631001548983
5.0442 0.5005523953273914
5.0393 0.5014994158578222
5.0344 0.5025793328031806
5.0296 0.5035794511256502
5.0247 0.5044020557680914
5.0198 0.5053212865005938
5.015 0.506622220110483
5.0101 0.5079682773998153
5.0053 0.5088088488495452
5.0004 0.5096632666100707
4.9956 0.5109488223633172
4.9908 0.5127661470631153
4.986 0.5148555043686083
4.9812 0.5172808930082409
4.9765 0.519754406615946
4.9717 0.522293918029638
4.9669 0.5250087805637473
4.9622 0.5283637092225263
4.9574 0.5326515438847759
4.9527 0.5369919412534928
4.948 0.5407029498551212
4.9432 0.5437259209619327
4.9385 0.5463962256473516
4.9338 0.5489932349258788
4.9291 0.5511444774882414
4.9245 0.5526316751632799
4.9198 0.5533522081501071
4.9151 0.5529569244164924
4.9105 0.5516437642531795
4.9058 0.5499664009665662
4.9012 0.5482735812007035
4.8966 0.5465215876083432
4.8919 0.5446381178896222
4.8873 0.5425529639285972
4.8827 0.5403716361281058
4.8781 0.538116858379346
4.8736 0.5360695231969753
4.869 0.5341875845755892
4.8644 0.5323909435751542
4.8599 0.5307900387288396
4.8553 0.5292015776407032
4.8508 0.5275029061547646
4.8462 0.5258438866097824
4.8417 0.5242224492318743
4.8372 0.5229001996670489
4.8327 0.5217074296178553
4.8282 0.5205929595032349
4.8237 0.5197852962183422
4.8192 0.5189635153593058
4.8147 0.5178935495323853
4.8103 0.5169535092742972
4.8058 0.5162075843242163
4.8014 0.5156337530253176
4.7969 0.5151005828494742
4.7925 0.5145577245894262
4.7881 0.5140490087715648
4.7836 0.513484910574869
4.7792 0.5130329690048079
4.7748 0.5129498151170465
4.7704 0.512974525797089
4.766 0.5128243966336761
4.7617 0.5126289068567961
4.7573 0.512343469804995
4.753 0.5120956454383188
4.7486 0.511921486079734
4.7443 0.511654382006509
4.7399 0.5112897634565025
4.7356 0.5107265895180485
4.7313 0.5101578676995683
4.727 0.5097131964210156
4.7226 0.5093678769162517
4.7184 0.509218522265203
4.7141 0.5091498033251357
4.7098 0.5089843114258183
4.7055 0.5088970315102984
4.7012 0.5090231550279075
4.697 0.5092247558400725
4.6927 0.509396152475953
4.6885 0.50955543679534
4.6842 0.5097768933400424
4.68 0.5099132674042789
4.6758 0.5099027609512687
4.6716 0.5100114143027478
4.6674 0.510355104214584
4.6632 0.5106017793078402
4.659 0.5110105860652296
4.6548 0.5117634715738241
4.6506 0.5124791409530917
4.6465 0.5129465714782134
4.6423 0.5134045888253984
4.6382 0.5141228061340236
4.634 0.5149774301916819
4.6299 0.5156335338471342
4.6258 0.5161588402879678
4.6216 0.5165243162283247
4.6175 0.5163806003443839
4.6134 0.5160373481213062
4.6093 0.5160109387649959
4.6052 0.5162049930188426
4.6011 0.5161426958045217
4.5971 0.5157540990382855
4.593 0.5153282692786292
4.5889 0.515011859388984
4.5849 0.5146282865235254
4.5808 0.51443249706576
4.5768 0.5145063563192359
4.5727 0.5142592986921448
4.5687 0.5137664804406314
4.5647 0.5133542378107311
4.5607 0.5132024981713353
4.5567 0.5130957039267386
4.5526 0.512794041236689
4.5487 0.512447402776268
4.5447 0.5121783311663506
4.5407 0.5118410841131338
4.5367 0.5116291109398368
4.5328 0.5115842064146898
4.5288 0.5114358212757222
4.5248 0.511157353586279
4.5209 0.5109036151345654
4.517 0.5106813798948995
4.513 0.5105531252746469
4.5091 0.510403575398445
4.5052 0.5101014169282926
4.5013 0.50981174976521
4.4974 0.5095068660200723
4.4935 0.5092914851663648
4.4896 0.5090085214968505
4.4857 0.5085654634013936
4.4818 0.5080107502348468
4.4779 0.5074097859783115
4.4741 0.5067934468971825
4.4702 0.5063064029578972
4.4664 0.5058965685315929
4.4625 0.5054182806253513
4.4587 0.5047711008821495
4.4549 0.504071284159297
4.451 0.5035777536700872
4.4472 0.5033166027800089
4.4434 0.5032098480477014
4.4396 0.5032112664154654
4.4358 0.5032961217867293
4.432 0.5033454235967552
4.4282 0.5034322683261853
4.4245 0.5037578090718856
4.4207 0.504429449778171
4.4169 0.5051397245463723
4.4132 0.5058756613716541
4.4094 0.5067334584357366
4.4057 0.5076544260963547
4.4019 0.5087011949412299
4.3982 0.5098381400719606
4.3945 0.5109316001122924
4.3907 0.5120466716895069
4.387 0.5130500490029796
4.3833 0.5139555423271963
4.3796 0.5149097029542714
4.3759 0.5157423485016005
4.3722 0.5163474355580489
4.3685 0.516695598860581
4.3649 0.516783316923454
4.3612 0.516802349019537
4.3575 0.5168065180564334
4.3539 0.5167254816110554
4.3502 0.5165295311834768
4.3466 0.5161562708284411
4.3429 0.5156919051994898
4.3393 0.5152795759004621
4.3357 0.5149978164682305
4.332 0.5148032727283127
4.3284 0.5145515802393577
4.3248 0.514239500395722
4.3212 0.5139667261659194
4.3176 0.513715464294511
4.314 0.5135635144510863
4.3105 0.5134455204287109
4.3069 0.5132449548808377
4.3033 0.5128742592115434
4.2997 0.512422623522321
4.2962 0.5119780553833945
4.2926 0.5114956441020254
4.289 0.5108485007284653
4.2855 0.5102457489197898
4.282 0.5097372691647075
4.2784 0.5092380126002801
4.2749 0.5087967897381159
4.2714 0.508428271503794
4.2679 0.508117410151234
4.2644 0.5078900493376248
4.2609 0.5077784282631357
4.2574 0.5078239559474139
4.2539 0.5078577956954827
4.2504 0.5076130392645503
4.2469 0.5071620305196638
4.2434 0.5065684982798628
4.24 0.5058605729904841
4.2365 0.5051973161051789
4.233 0.504587357668129
4.2296 0.5038422425369746
4.2261 0.5030317464462294
4.2227 0.502245141967608
4.2193 0.501645062568619
4.2158 0.5012815625293165
4.2124 0.5011844103397269
4.209 0.5013106161848653
4.2056 0.5015763223195746
4.2022 0.5018385032343735
4.1988 0.5021460655860465
4.1954 0.502558739078082
4.192 0.5029884938169094
4.1886 0.5034261478580319
4.1852 0.5039222754448679
4.1818 0.5043184436763272
4.1785 0.5045684283346842
4.1751 0.504678448093931
4.1717 0.5047382362981627
4.1684 0.5047794350217142
4.165 0.5047779644076635
4.1617 0.5047039819488808
4.1584 0.5046078810494047
4.155 0.5044086179078732
4.1517 0.5041130067022949
4.1484 0.5039531078419095
4.1451 0.5038644917971015
4.1418 0.5037848302705333
4.1384 0.5036563149266792
4.1351 0.5034989193505334
4.1319 0.5033734948443576
4.1286 0.5032689901844626
4.1253 0.5031905350646856
4.122 0.5032461079732625
4.1187 0.5032507749707539
4.1155 0.5031396215149916
4.1122 0.5030760996001142
4.1089 0.5031544700678792
4.1057 0.503193386938159
4.1024 0.5032188489687803
4.0992 0.503284137187768
4.0959 0.5033410047069753
4.0927 0.50330673084606
4.0895 0.5032416111254514
4.0863 0.5032214975868324
4.083 0.5031252139637027
4.0798 0.5029458594450241
4.0766 0.5026881124720544
4.0734 0.5025342444799065
4.0702 0.5024259989341097
4.067 0.502243300102749
4.0639 0.5020451986152897
4.0607 0.5018890159250967
4.0575 0.5017914829482145
4.0543 0.5017678717521262
4.0511 0.5016878389706486
4.048 0.5016617850767303
4.0448 0.501708356535828
4.0417 0.5016300330424762
4.0385 0.5015346707311757
4.0354 0.5015294486946973
4.0323 0.501528962784027
4.0291 0.5013910719109803
4.026 0.501127011613884
4.0229 0.5009283357692038
4.0197 0.5009269471430362
4.0166 0.5008211368111745
4.0135 0.5006424711667825
4.0104 0.5005783042302024
4.0073 0.5005680620422543
4.0042 0.500555671281779
4.0011 0.5006512400658619
3.9981 0.5007595223033345
3.995 0.5008380530709041
3.9919 0.5008251856841469
3.9888 0.5007522824420154
3.9857 0.5007213694267161
3.9827 0.5006700933630547
3.9796 0.5005728080007855
3.9766 0.5004359714873675
3.9735 0.5003140001593599
3.9705 0.5001945633519777
3.9675 0.5002118210718631
3.9644 0.5002747554066774
3.9614 0.5002816399973992
3.9584 0.5003789989797727
3.9554 0.5005792127666502
3.9523 0.5007452058148906
3.9493 0.5008983320725527
3.9463 0.5009511609952673
3.9433 0.5009711493595592
3.9403 0.5010253149982452
3.9373 0.5011159030253509
3.9343 0.5012062297584969
3.9314 0.5012551595745048
3.9284 0.5011717461677662
3.9254 0.5010232388042428
3.9224 0.5009099821675521
3.9195 0.5008876093161311
3.9165 0.5010046928889648
3.9136 0.5009542449313711
3.9106 0.5006891573496417
3.9077 0.5005013181227087
3.9047 0.5004864426417232
3.9018 0.5005230616763809
3.8988 0.5006015264922236
3.8959 0.5007507092172229
3.893 0.5009563085212061
3.8901 0.5011106853926593
3.8872 0.501246053043904
3.8842 0.501559395498544
3.8813 0.5018719392154184
3.8784 0.5019089779240687
3.8755 0.5017653565998386
3.8726 0.5016396063738001
3.8697 0.5015127514500286
3.8669 0.5012942250671508
3.864 0.5009973072703701
3.8611 0.5008028633382713
3.8582 0.5006257618520581
3.8554 0.5004277737598286
3.8525 0.500425312339603
3.8496 0.500647734961404
3.8468 0.5008807181529996
3.8439 0.5010291738143701
3.8411 0.5011156612213999
3.8382 0.501224039614373
3.8354 0.5013222002972888
3.8326 0.5013183058777725
3.8297 0.5012593500608822
3.8269 0.501168520684969
3.8241 0.5009846962137273
3.8213 0.5007586834134166
3.8185 0.5006506637967725
3.8157 0.5005941859910235
3.8128 0.5005029102728955
3.81 0.5004066857395754
3.8072 0.5002986110846827
3.8045 0.5002103835994296
3.8017 0.5001569739659697
3.7989 0.5001026793535128
3.7961 0.49997179331062386
3.7933 0.4996403409478053
3.7906 0.4992420560783266
3.7878 0.4989877953068753
3.785 0.49888999602709627
3.7822 0.49883240387581473
3.7795 0.4987681272797611
3.7767 0.4986165625881634
3.774 0.49852532658252136
3.7713 0.49853561186702905
3.7685 0.49866282753228564
3.7658 0.4989568630799086
3.763 0.4992858057091333
3.7603 0.49938529121879704
3.7576 0.4994241058345167
3.7549 0.49952333656754255
3.7521 0.4996000545920359
3.7494 0.4996455362723156
3.7467 0.4996032076035326
3.744 0.49943172488533233
3.7413 0.4992895929924209
3.7386 0.49922483994443706
3.7359 0.4991865794784254
3.7332 0.4992310250029465
3.7306 0.499329641352305
3.7279 0.4994859204610225
3.7252 0.49967759725747657
3.7225 0.4999239291731348
3.7199 0.5003313192442858
3.7172 0.5006608581921859
3.7145 0.5007513370103684
3.7119 0.5008677363433655
3.7092 0.5010229500911995
3.7066 0.5011161022682907
3.7039 0.5010540476798913
3.7013 0.5007572364916861
3.6986 0.500536765496249
3.696 0.5003736327536659
3.6934 0.5001698667577724
3.6907 0.5001254621507942
3.6881 0.5001344959502989
3.6855 0.4999827170941328
3.6829 0.4997392214729602
3.6803 0.49952812093219473
3.6776 0.4994816705704219
3.675 0.499541021094438
3.6724 0.49963368831640037
3.6698 0.49978600715040944
3.6672 0.49982418649869836
3.6646 0.49970847863285706
3.662 0.4996234477642092
3.6595 0.4995895729795033
3.6569 0.49960784238628797
3.6543 0.4996761097039831
3.6517 0.49978103050874545
3.6492 0.49982493548345586
3.6466 0.4996546604411995
3.644 0.4993932503257608
3.6415 0.49916736036186166
3.6389 0.4990951268062024
3.6364 0.4991483111459435
3.6338 0.49925269389972077
3.6313 0.49937431229176865
3.6287 0.4993880210046984
3.6262 0.499206341479001
3.6237 0.4989809239668435
3.6211 0.49886507015337034
3.6186 0.498931621289764
3.6161 0.49899428014441677
3.6136 0.498933762651771
3.6111 0.4987500411057537
3.6085 0.4984388566890268
3.606 0.49804697671278736
3.6035 0.4976984464272073
3.601 0.4975678920622451
3.5985 0.4976734555980023
3.596 0.49767721533513504
3.5935 0.49748907111196894
3.591 0.4973804594066731
3.5886 0.49743384110785155
3.5861 0.4976555731033799
3.5836 0.49785860183171904
3.5811 0.49805899020282607
3.5787 0.498275474765717
3.5762 0.498354895370789
3.5737 0.49832522924455913
3.5713 0.49841458246909337
3.5688 0.4984399636031031
3.5663 0.49829314265908903
3.5639 0.4980221220971474
3.5614 0.4977023841995202
3.559 0.4974333970777456
3.5566 0.49724678525317406
3.5541 0.497050798553223
3.5517 0.49679509155837515
3.5493 0.49645349659278204
3.5468 0.4961595625111547
3.5444 0.49602852444126
3.542 0.495922624584666
3.5396 0.49581009400915393
3.5372 0.4957246811740138
3.5347 0.49559946709429364
3.5323 0.4952453510945318
3.5299 0.4948910030265293
3.5275 0.49455731162014116
3.5251 0.4940442051120872
3.5227 0.49341241560390103
3.5203 0.4927996416442081
3.518 0.4923993071219535
3.5156 0.4921222794773118
3.5132 0.49181669977005604
3.5108 0.4917216052567468
3.5084 0.4918194354540377
3.5061 0.4920044130944439
3.5037 0.4924549969837592
3.5013 0.49319314540019193
3.499 0.49396608131445524
3.4966 0.4945964122609015
3.4943 0.49504216590743216
3.4919 0.49551508138025474
3.4895 0.4960058362210469
3.4872 0.49642603782549555
3.4849 0.4969355412408773
3.4825 0.49752286699296505
3.4802 0.4979964939766207
3.4778 0.4984211490779627
3.4755 0.49881852555521217
3.4732 0.49927938021157847
3.4709 0.4995862362124328
3.4685 0.4997124828356079
3.4662 0.499830199505822
3.4639 0.4997797052317754
3.4616 0.49948314455663917
3.4593 0.49897836518559974
3.457 0.4983690175089217
3.4547 0.49763988258440356
3.4524 0.4968501222151373
3.4501 0.496082326087998
3.4478 0.4954172328515615
3.4455 0.4946825222364976
3.4432 0.4938304827880216
3.4409 0.4930201929511403
3.4386 0.4922523624985265
3.4364 0.49165073306821294
3.4341 0.4912932072131805
3.4318 0.49106943231885447
3.4295 0.4910418474943755
3.4273 0.4912761715241728
3.425 0.49176410659402614
3.4228 0.49248736714431857
3.4205 0.49344222360225587
3.4182 0.494682577142042
3.416 0.49606677444513886
3.4137 0.4974320290709077
3.4115 0.4986978277988465
3.4093 0.4998677731842132
3.407 0.5007119512527228
3.4048 0.5011842908212898
3.4025 0.5013422845214839
3.4003 0.5013162548012096
3.3981 0.5009927336220245
3.3958 0.5001873756485533
3.3936 0.4992259408871011
3.3914 0.49836437203442147
3.3892 0.4975965653432167
3.387 0.4969954817658786
3.3848 0.49691571636312515
3.3826 0.49729466525033805
3.3804 0.4977167444055387
3.3782 0.49815677341399456
3.376 0.4990820812675825
3.3738 0.5003953639847771
3.3716 0.5016150723683027
3.3694 0.5025601731418665
3.3672 0.5033409255451554
3.365 0.5038412584826675
3.3628 0.5038954504841614
3.3606 0.5036567149366061
3.3585 0.5035699746023583
3.3563 0.503440711243347
3.3541 0.5028727128562578
3.352 0.502184115749978
3.3498 0.5017375367637208
3.3476 0.5012810286561461
3.3455 0.5006024828114739
3.3433 0.49997862924368036
3.3411 0.49954228591998184
3.339 0.49917233624562574
3.3369 0.49870546455783316
3.3347 0.49826859848081756
3.3326 0.4980077213732642
3.3304 0.49756975717345747
3.3283 0.4971664782362917
3.3262 0.49706232508509507
3.324 0.497108492275711
3.3219 0.4972565004425304
3.3198 0.4972413144009269
3.3176 0.4969376098390532
3.3155 0.4967680764039701
3.3134 0.49670648748354435
3.3113 0.4966810732192314
3.3092 0.49672032209767314
3.3071 0.49644370839124496
3.3049 0.49610522812007773
3.3028 0.49595332996276903
3.3007 0.4958293655189454
3.2986 0.49583589022882024
3.2965 0.4960456760518687
3.2944 0.4961015412802081
3.2924 0.49610962365888406
3.2903 0.4960382907077951
3.2882 0.4960870625955649
3.2861 0.4963638687042942
3.284 0.4965824278579885
3.2819 0.496684983732756
3.2799 0.4967805709681322
3.2778 0.4965885057262339
3.2757 0.4962150332026041
3.2736 0.49591908655316425
3.2716 0.4957188221157653
3.2695 0.4957232921120788
3.2675 0.4957690412784046
3.2654 0.4955486918604651
3.2634 0.49513772529076217
3.2613 0.49482285330594833
3.2593 0.49475223736102536
3.2572 0.4949352180978327
3.2552 0.4952203780129945
3.2531 0.4955173015602306
3.2511 0.495712406148947
3.249 0.49559852595610604
3.247 0.4953137884707316
3.245 0.4952821160650553
3.2429 0.49543079333362466
3.2409 0.4954944040807424
3.2389 0.4954498515879734
3.2369 0.4954634893424558
3.2348 0.4954353074569678
3.2328 0.49522827703192673
3.2308 0.4950344765055328
3.2288 0.49516408202101825
3.2268 0.4955485741912503
3.2248 0.49592311905104286
3.2228 0.4961843719899753
3.2208 0.4962845630815737
3.2188 0.49616410587272824
3.2168 0.4958691552175884
3.2148 0.4955360743330966
3.2128 0.4954281034322898
3.2108 0.4953493902395913
3.2088 0.4949713184922631
3.2068 0.49442202574407035
3.2049 0.49393559165750545
3.2029 0.4936372160135451
3.2009 0.4933845990701193
3.1989 0.4931847951389405
3.197 0.493549193139866
3.195 0.4941424492441361
3.193 0.49453872281142175
3.1911 0.4949297629036444
3.1891 0.4952752109450741
3.1871 0.4954515073921286
3.1852 0.4954858742118063
3.1832 0.49542213364503096
3.1813 0.49573184546050414
3.1793 0.49582440632096714
3.1774 0.49527896427791657
3.1754 0.4946073023217982
3.1735 0.4939983091400534
3.1715 0.49350511008114156
3.1696 0.49333485952020656
3.1677 0.4932797097866767
3.1657 0.49333340821477145
3.1638 0.4934365608675849
3.1619 0.49328119195809567
3.1599 0.49350337375472
3.158 0.4938342808793081
3.1561 0.4941246533310001
3.1542 0.49455764239589406
3.1523 0.4947443894374543
3.1503 0.49478871214060893
3.1484 0.4948544069647357
3.1465 0.49465392278251374
3.1446 0.49433367632955705
3.1427 0.49379853412430336
3.1408 0.493322554809542
3.1389 0.49320291736769245
3.137 0.4931023463376305
3.1351 0.49294169461870385
3.1332 0.4930230450849265
3.1313 0.49316249158772507
3.1294 0.49321766537602063
3.1275 0.4937406649375434
3.1257 0.4945059629589735
3.1238 0.49528317277300904
3.1219 0.49570044909374966
3.12 0.49563323676723153
3.1181 0.4954754860373705
3.1163 0.49520870929814215
3.1144 0.4947421653862978
3.1125 0.49424636941449884
3.1107 0.4939418232258724
3.1088 0.4934567726105724
3.1069 0.49299066423519744
3.1051 0.492750445549198
3.1032 0.4928597806884413
3.1014 0.49318206644898904
3.0995 0.49356494599972556
3.0976 0.4942021823879222
3.0958 0.49498599673211
3.094 0.4954605940126797
3.0921 0.4960739117066542
3.0903 0.4966092517454661
3.0884 0.4965435777019514
3.0866 0.4964332531048273
3.0848 0.49644726118388904
3.0829 0.4966204828007536
3.0811 0.49669209655445606
3.0793 0.4967719814530628
3.0774 0.49683994191370806
3.0756 0.4967658655557141
3.0738 0.4963394334384312
3.072 0.4963344722502897
3.0701 0.4967105063844896
3.0683 0.49684799045602485
3.0665 0.49694979320511706
3.0647 0.4973181755002486
3.0629 0.4976480864141712
3.0611 0.4976108824456773
3.0593 0.49745737331282575
3.0575 0.4977105267384414
3.0557 0.4983712135090355
3.0539 0.49871550980425294
3.0521 0.49925254036505995
3.0503 0.4997779781646263
3.0485 0.49952283115691154
3.0467 0.4985030609966122
3.0449 0.4976614277928353
3.0431 0.497433812527126
3.0413 0.49754802435076784
3.0396 0.49742301056744276
3.0378 0.4969331229095195
3.036 0.49616840031793213
3.0342 0.49529147566696385
3.0324 0.49488198147301804
3.0307 0.49539152601450837
3.0289 0.4964262406197846
3.0271 0.4970096197305317
3.0254 0.497105247347737
3.0236 0.4970301685122813
3.0218 0.4970306002816415
3.0201 0.49682720747864045
3.0183 0.4966807502293239
3.0166 0.4968036703471493
3.0148 0.49672044996075854
3.013 0.49607209415064296
3.0113 0.4953815064301405
3.0096 0.4950646775328031
3.0078 0.49473974126892645
3.0061 0.4945678377795482
3.0043 0.4949547808563679
3.0026 0.4957365934599401
3.0008 0.49644504695017433
2.9991 0.4964939234718391
2.9974 0.49643713331393957
2.9956 0.4965587081579385
2.9939 0.4966059156842939
2.9922 0.4967947054271167
2.9905 0.49692823703094685
2.9887 0.4967204916655887
2.987 0.4960344740569406
2.9853 0.49527847373578454
2.9836 0.4951750697704036
2.9819 0.4953973328979279
2.9802 0.49608440012854776
2.9784 0.4969583958041189
2.9767 0.49765989529373905
2.975 0.4980374577296928
2.9733 0.4981922279423052
2.9716 0.4980774596149456
2.9699 0.49816532020637755
2.9682 0.49835730383564325
2.9665 0.49856767979812017
2.9648 0.4985403243970676
2.9631 0.4976754103770414
2.9614 0.49661598634472165
2.9597 0.49605020378472
2.9581 0.495865963041087
2.9564 0.4963739820232392
2.9547 0.4971973207024928
2.953 0.49743134376548764
2.9513 0.49717144229968585
2.9496 0.49643036073522223
2.948 0.4960354248357369
2.9463 0.49591555806190124
2.9446 0.4959979009450844
2.9429 0.4963248728983435
2.9413 0.4963705037360047
2.9396 0.49590940741955825
2.9379 0.4962739985158517
2.9363 0.49762508799659966
2.9346 0.499092783952425
2.933 0.5004165031801269
2.9313 0.5018253668885618
2.9296 0.5031977243107436
2.928 0.5039289939674305
2.9263 0.504409319074664
2.9247 0.5049597282107889
2.923 0.504820760789195
2.9214 0.5036626158183759
2.9197 0.5026161594951201
2.9181 0.5026972197176488
2.9165 0.5026725140909679
2.9148 0.5018175001719599
2.9132 0.5012861725042657
2.9116 0.5010942954883078
2.9099 0.5007143632042133
2.9083 0.5010957348441931
2.9067 0.5022533478967223
2.905 0.5031097818285312
2.9034 0.5027472780057082
2.9018 0.5019365793217383
2.9002 0.5017281594779813
2.8985 0.5024461403537442
2.8969 0.5032811749681604
2.8953 0.503864802940457
2.8937 0.5035126515434022
2.8921 0.5024968144017261
2.8905 0.5018860465499348
2.8888 0.5019598280721874
2.8872 0.5026297529595819
2.8856 0.5031610009039466
2.884 0.5027968610133982
2.8824 0.5017091470212179
2.8808 0.5006101802011577
2.8792 0.500292279028759
2.8776 0.5008907318649363
2.876 0.5013373286601509
2.8744 0.5014337061098401
2.8728 0.5013933682340437
2.8712 0.501160097794256
2.8697 0.5010039368051813
2.8681 0.5015037540808605
2.8665 0.5025770076117972
2.8649 0.5036215742689127
2.8633 0.50355892315715
2.8617 0.5029143066643721
2.8602 0.5027460306268308
2.8586 0.5026369852774729
2.857 0.5026286701946057
2.8554 0.5026807815963885
2.8539 0.5024025468082763
2.8523 0.5017670154281164
2.8507 0.5008313661002652
2.8492 0.5003744618702716
2.8476 0.5006344891106402
2.846 0.5008504018403307
2.8445 0.5008574462695996
2.8429 0.5007253685973413
2.8413 0.5004529924861779
2.8398 0.5006617664662475
2.8382 0.5013407223913751
2.8367 0.5023022078048245
2.8351 0.5032506618670053
2.8336 0.5037682467710592
2.832 0.5037723731148117
2.8305 0.5037248894516723
2.8289 0.5039599527625127
2.8274 0.5046381083510293
2.8259 0.5046429145697842
2.8243 0.5035622128344702
2.8228 0.5022280443202665
2.8213 0.5010886889206709
2.8197 0.5005855054773195
2.8182 0.5004701078617816
2.8167 0.5011117905155236
2.8151 0.5025574120103277
2.8136 0.5031610404227507
2.8121 0.5029096334074824
2.8106 0.5037226575724797
2.809 0.504805866781034
2.8075 0.5059317071357089
2.806 0.5073268088813505
2.8045 0.5079200598554591
2.803 0.5078666105310867
2.8014 0.5073878332146015
2.7999 0.5065789822360346
2.7984 0.5065525582876755
2.7969 0.5071976240325654
2.7954 0.5080783956064204
2.7939 0.5089787221045119
2.7924 0.5085454951483466
2.7909 0.5082762850310826
2.7894 0.5088641892725889
2.7879 0.5092439801808589
2.7864 0.5096417942969202
2.7849 0.5106458600680168
2.7834 0.5111512139584046
2.7819 0.5113938382066779
2.7804 0.5110481137925067
2.7789 0.5114390175921827
2.7774 0.5127759595930471
2.7759 0.5128472621374105
2.7745 0.5118895097974999
2.773 0.5113349747177938
2.7715 0.51121985871282
2.77 0.5112355156395566
2.7685 0.5113929914018057
2.7671 0.5111091502625413
2.7656 0.5105451581908443
2.7641 0.5095614456939922
2.7626 0.5091057015898908
2.7612 0.5099387907507081
2.7597 0.5114451226091293
2.7582 0.5125620071341205
2.7568 0.5132803533459558
2.7553 0.513645362054334
2.7538 0.5146239621196573
2.7524 0.5158834733105594
2.7509 0.5168936733231646
2.7494 0.5181076129359984
2.748 0.5188342693868834
2.7465 0.5189074733975071
2.7451 0.5191267281007279
2.7436 0.5194667915036248
2.7422 0.5194754905233517
2.7407 0.5191496675771528
2.7393 0.5189921730002169
2.7378 0.5197500166960397
2.7364 0.5208112093698078
2.735 0.5222985634583187
2.7335 0.5246190501764212
2.7321 0.5261177302695815
2.7306 0.526849325809055
2.7292 0.5277204991374052
2.7278 0.5291212692175342
2.7263 0.5304203658226455
2.7249 0.5311030618111345
2.7235 0.5313146958389816
2.722 0.5310101260520051
2.7206 0.5293828371150189
2.7192 0.5273845223547355
2.7178 0.5263529276107826
2.7163 0.5258407463780053
2.7149 0.5252290220785075
2.7135 0.5241735538613412
2.7121 0.5229746240190853
2.7106 0.5213992405029371
2.7092 0.5198646588543373
2.7078 0.5196807677294465
2.7064 0.5203694445757429
2.705 0.5201471000666321
2.7036 0.5192552327738046
2.7022 0.5181089326167928
2.7008 0.5172124176193807
2.6994 0.516542521719859
2.698 0.5160763174815114
2.6965 0.5157086267340055
2.6951 0.5144668734662483
2.6938 0.512534046032353
2.6923 0.5110504745867849
2.691 0.5104417945701414
2.6896 0.5105270892548694
2.6882 0.5104473498942022
2.6868 0.5097665988175561
2.6854 0.5091331112885741
2.684 0.5090914641240148
2.6826 0.5092222891087744
2.6812 0.5095512666815531
2.6798 0.5101246058639188
2.6784 0.5099842600086666
2.6771 0.5089423515108851
2.6757 0.5074898618771433
2.6743 0.5067184641520962
2.6729 0.5063246736231737
2.6715 0.505219439921372
2.6702 0.5035022140622343
2.6688 0.502157035153252
2.6674 0.5007920446631812
2.666 0.4993719868276107
2.6647 0.49859622552433214
2.6633 0.49866039014360314
2.6619 0.49863247480810247
2.6606 0.4982931918087648
2.6592 0.4982898683102048
2.6578 0.4991518231352587
2.6565 0.499927474786138
2.6551 0.5003926088075631
2.6538 0.5009564796515333
2.6524 0.501129836230638
2.6511 0.5010435689298782
2.6497 0.5009951416381928
2.6484 0.5010917920254238
2.647 0.5011490173482381
2.6456 0.5008124387087451
2.6443 0.5004314578221014
2.6429 0.5006531316365477
2.6416 0.5007813438696634
2.6403 0.5012481365534123
2.6389 0.5019897091567443
2.6376 0.502117229769067
2.6362 0.5019608652169272
2.6349 0.5018321013268578
2.6336 0.501907405321545
2.6322 0.5020797036472993
2.6309 0.501702761089744
2.6296 0.5015516641593768
2.6282 0.5013924656362552
2.6269 0.5007717210980658
2.6256 0.50050780482339
2.6242 0.5006312538595528
2.6229 0.5006958161223898
2.6216 0.5009042256294247
2.6203 0.5009652963406765
2.6189 0.5010676731863084
2.6176 0.5013727330258387
2.6163 0.5011097706220715
2.615 0.5010221516810519
2.6136 0.5012436849159707
2.6123 0.5010571257430336
2.611 0.5006944615398066
2.6097 0.5002833396406368
2.6084 0.5003522624424763
2.6071 0.5008732466476948
2.6058 0.5006926452025056
2.6044 0.5002566442962887
2.6031 0.4998790424112359
2.6018 0.4996656664036492
2.6005 0.49981914782454934
2.5992 0.5002788501484199
2.5979 0.5007094915864737
2.5966 0.5007395975789978
2.5953 0.4997710599813652
2.594 0.4985296750941695
2.5927 0.4986180299611242
2.5914 0.49927947653726135
2.5901 0.4996602589210071
2.5888 0.4997510703285837
2.5876 0.49950741929564185
2.5863 0.4990823127075308
2.585 0.4989771647525762
2.5837 0.4990345051955441
2.5824 0.4997737855933871
2.5811 0.5002677462539719
2.5798 0.4999317289108877
2.5785 0.49949551971956085
2.5773 0.4992103788659616
2.576 0.4991568955684633
2.5747 0.4994105380426222
2.5734 0.49944016480515807
2.5722 0.4994394611088721
2.5709 0.49962068627103157
2.5696 0.49930258063608796
2.5683 0.499153039128139
2.5671 0.4991809088033835
2.5658 0.49921599515466414
2.5645 0.49912724037222944
2.5633 0.4985468133813356
2.562 0.4977291830772481
2.5607 0.4971632273529147
2.5595 0.4968617237481695
2.5582 0.49701486583363075
2.5569 0.4975048502138642
2.5557 0.497846721672328
2.5544 0.4982443039660723
2.5532 0.4985212168988661
2.5519 0.498994901533093
2.5507 0.4996134708320394
2.5494 0.5003651150353755
2.5481 0.5009023790947096
2.5469 0.5009418929858568
2.5456 0.5007922643689059
2.5444 0.5006637666103214
2.5431 0.5003151524751
2.5419 0.49980279911111675
2.5406 0.49943460211733726
2.5394 0.499129871716099
2.5382 0.49930872122335906
2.5369 0.49946240869996
2.5357 0.4995967829186728
2.5344 0.4996711365409429
2.5332 0.4995422672142155
2.532 0.49949486842425367
2.5307 0.49979046668233945
2.5295 0.49999900952614457
2.5283 0.5001369946260082
2.527 0.49994214436679374
2.5258 0.4993500137447686
2.5246 0.49885738793194745
2.5233 0.49865840916652565
2.5221 0.4986922630212705
2.5209 0.4986669694502784
2.5197 0.4986227266518722
2.5184 0.4988398256510094
2.5172 0.4993878949384343
2.516 0.49971963179475787
2.5148 0.5002186251338832
2.5136 0.5007513721254077
2.5123 0.5010073783308892
2.5111 0.5010395683096078
2.5099 0.5012479345588372
2.5087 0.5016843895568898
2.5075 0.5018229714481299
2.5063 0.5013035879952245
2.5051 0.5007868334934835
2.5038 0.5005424838811621
2.5026 0.5002529952149561
2.5014 0.49980757048051866
2.5002 0.49968636644622505
2.499 0.4996537817808028
2.4978 0.49926413542940906
2.4966 0.49897737446840257
2.4954 0.4991345290069104
2.4942 0.4992750399206065
2.493 0.4990586934966728
2.4918 0.49916765913217426
2.4906 0.49963263858343476
2.4894 0.4999834908123162
2.4882 0.49999959151828566
2.487 0.5000581837179198
2.4858 0.5002254163371439
2.4846 0.5001277070895711
2.4835 0.500013480415757
2.4823 0.5004234792777473
2.4811 0.5006860455819073
2.4799 0.5004607059455997
2.4787 0.5000400341375644
2.4775 0.4999194218538434
2.4764 0.49980747249565377
2.4752 0.49953216311422133
2.474 0.4994204316989273
2.4728 0.4995539384998404
2.4716 0.4995007985120922
2.4705 0.4993636939549992
2.4693 0.49950107451001813
2.4681 0.4998801031567935
2.4669 0.5002152340439829
2.4657 0.5005305442751178
2.4646 0.5009775038313884
2.4634 0.5014403590842186
2.4622 0.501539376946234
2.4611 0.5012958344187856
2.4599 0.5010782877390498
2.4587 0.5008695542618657
2.4576 0.5006692839268513
2.4564 0.5004491857982656
2.4552 0.5000919866457308
2.4541 0.499472840409094
2.4529 0.49870898779183953
2.4518 0.4981212110038388
2.4506 0.49824065718845373
2.4494 0.4985900984008046
2.4483 0.49878046360591977
2.4471 0.4987772829110987
2.446 0.4986896749139463
2.4448 0.4986007563498136
2.4437 0.4986943946094268
2.4425 0.4991337197835159
2.4414 0.4999775454301559
2.4402 0.5007267160516237
2.4391 0.5007456089740105
2.4379 0.5007740542167436
2.4368 0.5010900800902094
2.4356 0.5011262754959068
2.4345 0.5012276077948744
2.4333 0.5014164276162729
2.4322 0.5013998879435302
2.4311 0.5011121301060175
2.4299 0.5003786509135421
2.4288 0.49982873035451886
2.4276 0.4995418495490472
2.4265 0.4991583580450629
2.4254 0.49902859765546764
2.4242 0.49923652828578985
2.4231 0.499439945238053
2.422 0.499419105701535
2.4209 0.49925770973638367
2.4197 0.4991809596774759
2.4186 0.49948622834794415
2.4175 0.4996486236561127
2.4163 0.49963659864760857
2.4152 0.4996957745871816
2.4141 0.4995793127698356
2.413 0.4994320255687933
2.4118 0.49950077347671035
2.4107 0.4998208699843157
2.4096 0.5002981846824877
2.4085 0.5006367901244665
2.4074 0.500812663721481
2.4063 0.5006870872246655
2.4051 0.5004415133481432
2.404 0.500279526403913
2.4029 0.4999797320174375
2.4018 0.4997893871018202
2.4007 0.499619108938591
2.3996 0.4994149924547422
2.3985 0.499161480214546
2.3973 0.4988677764246996
2.3962 0.4987038152316913
2.3951 0.4989452208393064
2.394 0.49935150417199564
2.3929 0.4995104916491809
2.3918 0.49957217336283466
2.3907 0.4995763038467481
2.3896 0.49919162183796073
2.3885 0.49855058231609406
2.3874 0.49831731023468817
2.3863 0.49886238988231285
2.3852 0.4993486135512095
2.3841 0.4995003270927601
2.383 0.49988421883355666
2.3819 0.5005078279796578
2.3808 0.5008413539835492
2.3798 0.5011501007062972
2.3786 0.5020128197006083
2.3776 0.5028666412957755
2.3765 0.5028261862068044
2.3754 0.5018433397049952
2.3743 0.5008942600030744
2.3732 0.5003260914851804
2.3721 0.4995930217341065
2.371 0.4987822533312024
2.37 0.498284779228998
2.3689 0.497635272800294
2.3678 0.4968987346377284
2.3667 0.4968207482408367
2.3656 0.4975455958914051
2.3645 0.4983190376970178
2.3635 0.4983847600219086
2.3624 0.4981629107141175
2.3613 0.4981828736355932
2.3603 0.49860241606210076
2.3592 0.4992533878851628
2.3581 0.49979443597255985
2.357 0.499611894557282
2.356 0.49882856079447885
2.3549 0.4980758807395898
2.3538 0.4980754712924812
2.3527 0.498713984503989
2.3517 0.4994379746506045
2.3506 0.49984998201559555
2.3495 0.4994956562737956
2.3485 0.4988180931444903
2.3474 0.498579996939965
2.3464 0.4989165282250264
2.3453 0.4994927401097371
2.3442 0.4998832253444674
2.3432 0.49977269739854785
2.3421 0.4995373064331367
2.3411 0.4991820613335389
2.34 0.49909823530235037
2.339 0.49933710652308305
2.3379 0.4997710123888413
2.3369 0.500222931244348
2.3358 0.5005605762265608
2.3347 0.5005345155149474
2.3337 0.5004610844925472
2.3326 0.500529321092494
2.3316 0.5006771442734034
2.3306 0.5008879130450045
2.3295 0.5009732635363323
2.3285 0.5010702235006139
2.3274 0.5010297120410159
2.3264 0.5006857080293838
2.3253 0.5005120746613144
2.3243 0.5004598167078733
2.3232 0.5003876699067401
2.3222 0.5002588281223829
2.3212 0.5002802086323664
2.3201 0.500402417342981
2.3191 0.5002568255136215
2.318 0.4997765503469656
2.317 0.4990593665801101
2.316 0.49855137509594605
2.3149 0.49844937649380766
2.3139 0.49864292332994176
2.3129 0.4987070896934139
2.3118 0.4984833567989762
2.3108 0.4982784212979709
2.3098 0.4982018638270373
2.3088 0.4987565445724335
2.3077 0.4999663024448554
2.3067 0.5012285384834261
2.3057 0.5019480591843901
2.3047 0.5018542316392769
2.3036 0.5015508585946303
2.3026 0.5014369557170063
2.3016 0.5015191277659908
2.3006 0.5016422702913523
2.2995 0.5013417936640364
2.2985 0.5004156084511286
2.2975 0.4992654626517652
2.2965 0.4984222118432501
2.2955 0.49796706900795806
2.2944 0.49783978084943026
2.2934 0.4980956367160102
2.2924 0.4981589557673533
2.2914 0.4977837988793621
2.2904 0.4973904187554971
2.2894 0.4974810036951309
2.2884 0.49784892610718645
2.2874 0.49795206437350675
2.2864 0.4980171976584594
2.2854 0.49809440288661216
2.2843 0.4978712506955622
2.2833 0.49760672512573056
2.2823 0.49762826901333884
2.2813 0.4979078575089624
2.2803 0.4980481473000731
2.2793 0.4981091032818965
2.2783 0.49836250288262157
2.2773 0.49860988880912155
2.2763 0.49876445568820815
2.2753 0.4989760812335735
2.2743 0.49940471012360976
2.2733 0.49978594796183845
2.2723 0.4999973547079345
2.2713 0.5003759928448297
2.2703 0.5007713320466572
2.2694 0.5007305266013129
2.2684 0.5005013750212967
2.2674 0.5005417224982738
2.2664 0.5007004418449227
2.2654 0.5007055022923713
2.2644 0.5004486295405612
2.2634 0.5001765956402531
2.2624 0.4998450813695673
2.2614 0.4995806703212263
2.2605 0.4995187979000472
2.2595 0.499670050016762
2.2585 0.4997550329484892
2.2575 0.4994749587570719
2.2565 0.49898140898370186
2.2555 0.49892585989592053
2.2546 0.4993665696634909
2.2536 0.49963385841506486
2.2526 0.49953695764432954
2.2516 0.4992584393889796
2.2506 0.498809827245517
2.2497 0.49838947205778683
2.2487 0.498088754868696
2.2477 0.49810806749421915
2.2467 0.4984197213356858
2.2458 0.4981175010644003
2.2448 0.4975839347956757
2.2438 0.4970869529141071
2.2428 0.49682022305626394
2.2419 0.49734295696351394
2.2409 0.4977611241468108
2.2399 0.49763361638437614
2.239 0.49753777407173383
2.238 0.49754130417524023
2.237 0.49786520936696904
2.2361 0.49851647168715046
2.2351 0.4990120217336924
2.2342 0.4995229601714733
2.2332 0.4997524178044211
2.2322 0.4995457878464628
2.2313 0.5001221563579427
2.2303 0.5014380699801398
2.2294 0.5021726621511574
2.2284 0.5021251836273364
2.2274 0.5015736557662942
2.2265 0.5009446678834277
2.2255 0.5008095278067616
2.2246 0.5007177443518469
2.2236 0.5009700534197142
2.2227 0.5011581123056065
2.2217 0.5000782755386747
2.2208 0.4986826247472528
2.2198 0.4982955351656629
2.2189 0.49853168432187894
2.2179 0.49901532706170354
2.217 0.49938421332245764
2.216 0.49951118030265124
2.2151 0.4994699358585833
2.2141 0.4996884830066415
2.2132 0.500055608568246
2.2122 0.5005741241106556
2.2113 0.5008616903964948
2.2103 0.5005056899273451
2.2094 0.5002119199828264
2.2085 0.4999570681097645
2.2075 0.4996978944249456
2.2066 0.49926387229452446
2.2056 0.4985817770925715
2.2047 0.4979792414880458
2.2038 0.49770789601892834
2.2028 0.49778239562355275
2.2019 0.4984700589977888
2.201 0.49936729976582395
2.2 0.4996877081665506
2.1991 0.4996160947082925
2.1982 0.4997136250614403
2.1972 0.49991693114638813
2.1963 0.5005084697157202
2.1954 0.500727438606341
2.1944 0.5002076724921337
2.1935 0.4996546412228832
2.1926 0.4987671631462905
2.1917 0.49787147877336074
2.1907 0.49752940930701806
2.1898 0.49771369124539216
2.1889 0.4980027431329203
2.188 0.4974329378553603
2.187 0.4970048419607367
2.1861 0.4974205345717821
2.1852 0.49796514840059325
2.1843 0.49839905938112744
2.1833 0.4991061674262568
2.1824 0.4998497516461323
2.1815 0.5003267383002079
2.1806 0.5001322537281913
2.1797 0.5002593378905112
2.1788 0.5012750186548216
2.1778 0.5019073760514144
2.1769 0.5017511450933461
2.176 0.501603178986926
2.1751 0.5017186297991304
2.1742 0.5015324707641782
2.1733 0.5009692259074702
2.1724 0.5004799836764889
2.1715 0.5004456787286358
2.1706 0.4998361415717093
2.1696 0.4991700164369294
2.1687 0.49898010819786015
2.1678 0.49879130161026297
2.1669 0.49831504969888174
2.166 0.4976649372876451
2.1651 0.49736499796785205
2.1642 0.4976379985106275
2.1633 0.49801652159222537
2.1624 0.497865894766791
2.1615 0.4972622251808318
2.1606 0.4967020863996181
2.1597 0.4965582356326912
2.1588 0.4966337324591056
2.1579 0.49725984842858206
2.157 0.49783319572782525
2.1561 0.49787423868952896
2.1552 0.49734010173053683
2.1543 0.4972647865517996
2.1534 0.497985129109025
2.1525 0.49910666449646246
2.1517 0.4998200548410255
2.1507 0.49987811155165685
2.1499 0.49962778323177864
2.149 0.4994294227501523
2.1481 0.4994596252492026
2.1472 0.4999245088568762
2.1463 0.5004868073394335
2.1454 0.5005030812079212
2.1445 0.5002299553884043
2.1436 0.5003932538889622
2.1428 0.500597231846028
2.1419 0.5005890460206432
2.141 0.5009163879958616
2.1401 0.5008959210903592
2.1392 0.5003278194950089
2.1383 0.49990695053224793
2.1375 0.4999745899404704
2.1366 0.4993523049769853
2.1357 0.4977790798026904
2.1348 0.4967175872430097
2.1339 0.49660258295259335
2.1331 0.4964386991172625
2.1322 0.4962114804477149
2.1313 0.4967122008096449
2.1304 0.49744369570109886
2.1296 0.49745982707134184
2.1287 0.4978002314434133
2.1278 0.49904709878520337
2.1269 0.5005408525925112
2.1261 0.5014050949002395
2.1252 0.5019255101075405
2.1243 0.5023374176542772
2.1235 0.5023837421602708
2.1226 0.5017936427312913
2.1217 0.5014179132800178
2.1208 0.5011217618516633
2.12 0.5009026341336005
2.1191 0.5007430157027173
2.1183 0.5005731802956832
2.1174 0.5000312803401992
2.1165 0.49963650640210255
2.1157 0.49967202264595373
2.1148 0.4998945810381569
2.1139 0.5003775713690262
2.1131 0.5014898558180593
2.1122 0.5023891550888488
2.1113 0.5018098478138083
2.1105 0.5009670976176186
2.1096 0.5012137932244976
2.1088 0.5017266003320994
2.1079 0.5011403899436755
2.1071 0.500356288479093
2.1062 0.4998223583568765
2.1054 0.4987063708405268
2.1045 0.4968922087401473
2.1036 0.49615194275026264
2.1028 0.4969897767401516
2.1019 0.4973386736820176
2.1011 0.49700496565860874
2.1002 0.49718202742674117
2.0994 0.4980147091375952
2.0985 0.49874161744289275
2.0977 0.4990630020700516
2.0968 0.4999950173691987
2.096 0.501412690669074
2.0951 0.5015588298153454
2.0943 0.5000592282027887
2.0934 0.4992879479297675
2.0926 0.49915754744049484
2.0918 0.4985464509986817
2.0909 0.4974543391600004
2.0901 0.496473448833369
2.0892 0.4966313068475706
2.0884 0.4968845716963571
2.0875 0.49669153341874883
2.0867 0.4978387798980162
2.0859 0.4999378637546196
2.085 0.5010945961953764
2.0842 0.5011897879312768
2.0833 0.5018689294314137
2.0825 0.5032409969736331
2.0817 0.5037258802772402
2.0808 0.5032432512826628
2.08 0.5023397263011576
2.0792 0.5014715239862415
2.0783 0.49990897804255663
2.0775 0.4990226288964359
2.0767 0.49966620581207516
2.0759 0.5001331274228464
2.075 0.49949888805324605
2.0742 0.4987181796800644
2.0734 0.4990296189795513
2.0725 0.49944353604080893
2.0717 0.499809680966565
2.0709 0.500229333852312
2.0701 0.5006614877828421
2.0692 0.49984953955294076
2.0684 0.4984700954522439
2.0676 0.4986736563915043
2.0667 0.4997340971024492
2.0659 0.4996539751191392
2.0651 0.49942600494117256
2.0643 0.4996301727832251
2.0635 0.4999371825406978
2.0626 0.5002233665034806
2.0618 0.5004036709236137
2.061 0.5007086573128552
2.0602 0.5010938446751987
2.0594 0.5007049629978448
2.0585 0.5002000703599748
2.0577 0.5004440962925367
2.0569 0.5002639100502247
2.0561 0.4995519789436448
2.0553 0.497811077935345
2.0545 0.49650911973754347
2.0537 0.49638981256844766
2.0528 0.4957781869608425
2.052 0.4939361394294977
2.0512 0.4928513613172831
2.0504 0.49275915802987297
2.0496 0.4927009838479695
2.0488 0.4924271085804319
2.048 0.4933193624403042
2.0472 0.49540517670701056
2.0464 0.49685686934735523
2.0456 0.49803746566257556
2.0447 0.5001020583330661
2.0439 0.5024359336471382
2.0431 0.5030974612370521
2.0423 0.502611011039122
2.0415 0.5029568105968114
2.0407 0.5037686084033317
2.0399 0.5036782208952364
2.0391 0.5026545845129581
2.0383 0.5007565709710017
2.0375 0.4992798511325258
2.0367 0.4985143489395244
2.0359 0.4990091897840693
2.0351 0.49989224082437705
2.0343 0.49946530079507
2.0335 0.4976822284957209
2.0327 0.49545861927536555
2.0319 0.49455094189784904
2.0311 0.49555464699286317
2.0303 0.49656952308010155
2.0295 0.49621769095215934
2.0287 0.4951501752747801
2.028 0.49373919864460136
2.0272 0.49390013019989837
2.0264 0.496504473163813
2.0256 0.5003888527661908
2.0248 0.5036747319841368
2.024 0.5043757517374682
2.0232 0.5039934326173588
2.0224 0.5044002974797663
2.0216 0.5043934626915053
2.0208 0.5045053498452936
2.02 0.5045215427183325
2.0193 0.5024673599845588
2.0185 0.49935500130337207
2.0177 0.49724166053992225
2.0169 0.4969176819596512
2.0161 0.49799474414957134
2.0153 0.4986713235878092
2.0146 0.49959751984925166
2.0138 0.5014734561101585
2.013 0.5030902735751543
2.0122 0.5048024186719746
2.0114 0.5063987560679417
2.0107 0.5064827908307614
2.0099 0.5049874908527063
2.0091 0.503328144792996
2.0083 0.5019216615392114
2.0075 0.5006396096334692
2.0068 0.4989244726859325
2.006 0.4677840058628944
2.0052 0.43317951871233723
2.0044 0.3949883486014544
2.0037 0.35282963723918226
2.0029 0.30566394053497553
2.0021 0.24950915709346888
2.0013 0.1811264906465179
2.0006 0.09883617014146184
1.9998 0.0
