14.051 1.0
14.013 1.0
13.975 0.9053267681289167
13.938 0.8274111675126903
13.9 0.7597838240775251
13.863 0.7013232514177694
13.826 0.6509253350350989
13.79 0.6077151335311574
13.753 0.5705564034966005
13.717 0.5384415246520099
13.68 0.5103719160427151
13.644 0.510009765625
13.609 0.5082066869300912
13.573 0.5073147140611777
13.538 0.5078464509898599
13.502 0.5083724852427418
13.467 0.5080781287677839
13.432 0.5070405584306175
13.398 0.5059473747446834
13.363 0.5043113772455089
13.329 0.5025720779997607
13.295 0.5014319809069213
13.261 0.5012528337907172
13.227 0.5010108217386134
13.193 0.5011265267401873
13.16 0.5014177693761814
13.126 0.5018912529550827
13.093 0.5027148253068933
13.06 0.5038878416588124
13.027 0.5050540667606959
12.995 0.5057065537122014
12.962 0.5064599483204135
12.93 0.5072718742669482
12.898 0.5078271028037382
12.866 0.5082043523798441
12.834 0.5085118702953099
12.802 0.5091896890532887
12.771 0.5097836095764272
12.739 0.5102484827665178
12.708 0.5117045454545455
12.677 0.5135808057944772
12.646 0.5145237559108309
12.616 0.5151345291479821
12.585 0.5157625041773422
12.554 0.5167644129689056
12.524 0.518530701754386
12.494 0.5202047707221436
12.464 0.5211374202616498
12.434 0.5218884120171674
12.404 0.5225826972010178
12.375 0.5237195633921075
12.345 0.5250961238698951
12.316 0.5265814959818669
12.287 0.5281769081830225
12.258 0.5285209490156487
12.229 0.5279968060684699
12.2 0.5283428797155837
12.171 0.5285141347940918
12.143 0.5279044938367465
12.115 0.5268765598003455
12.086 0.5259357780733422
12.058 0.5251832362337906
12.03 0.5239824904535718
12.002 0.5227000644626577
11.975 0.5226153565566296
11.947 0.5228215767634855
11.92 0.5232153996969967
11.892 0.5244675233233587
11.865 0.5258064516129032
11.838 0.5266471196964471
11.811 0.5278062094848175
11.784 0.5290300834246229
11.757 0.530736508466094
11.731 0.5317990596387032
11.704 0.5320486649791786
11.678 0.5322033898305085
11.652 0.5319301602487443
11.626 0.5313777917584146
11.6 0.5312087057909055
11.574 0.5312763834522987
11.548 0.5311410819821185
11.522 0.5306519138755981
11.497 0.5301631839326589
11.471 0.5296906915669681
11.446 0.5293607800650055
11.421 0.5286296375723782
11.396 0.5275791262479643
11.371 0.5265554932735426
11.346 0.5253507431587721
11.321 0.5236063317274604
11.297 0.5215343662548632
11.272 0.5198538862206589
11.248 0.5181854784592672
11.223 0.5164491209376665
11.199 0.5150532654006484
11.175 0.5140303607807059
11.151 0.5130065359477124
11.127 0.5116324408630101
11.103 0.5108323093836901
11.079 0.5104562125989319
11.056 0.5097208854667951
11.032 0.5087573510611098
11.009 0.5080902025735762
10.985 0.5075252429034102
10.962 0.5067798758078824
10.939 0.505812484205206
10.916 0.5045761535062804
10.893 0.5031553704404899
10.87 0.5016718188126932
10.848 0.5004093456766798
10.825 0.4997166068392216
10.802 0.4988035264483626
10.78 0.4974798387096774
10.758 0.49621785173978816
10.735 0.4949801098692934
10.713 0.49409162717219585
10.691 0.4938263787754068
10.669 0.4934883425449463
10.647 0.4927924480163286
10.625 0.4922683706070288
10.604 0.4920299596696755
10.582 0.4917875016040036
10.56 0.49166291122127087
10.539 0.4920634920634921
10.518 0.49281832298136646
10.496 0.4930298904233937
10.475 0.4932423651721898
10.454 0.49394136807817585
10.433 0.4944379007983247
10.412 0.49435547387765816
10.391 0.4945416283046165
10.37 0.4949261992619927
10.35 0.4950076043113139
10.329 0.49469917837264776
10.309 0.4943909724527049
10.288 0.4942803937217345
10.268 0.4941356790617087
10.247 0.49449963330888735
10.227 0.49566146041916975
10.207 0.496423079494551
10.187 0.4967206531923437
10.167 0.4973902569593147
10.147 0.4984926642995913
10.127 0.49986602357985005
10.108 0.5014725568942436
10.088 0.5031089122150164
10.068 0.5041128870460778
10.049 0.5039791346218151
10.029 0.5037423148890671
10.01 0.5041736227045074
9.991 0.5046716497597438
9.972 0.5046648007463681
9.952 0.5042638241172551
9.933 0.5034932463903121
9.914 0.5024241216709835
9.895 0.5013253810470509
9.877 0.5006955024176989
9.858 0.500662602703419
9.839 0.5006293474660484
9.821 0.5000993180162882
9.802 0.4993379237288136
9.783 0.49930578512396695
9.765 0.4996694870438922
9.747 0.49970247933884293
9.728 0.4996693121693122
9.71 0.5000000000000001
9.692 0.5003635402207682
9.674 0.5005288207297727
9.656 0.5003966679888934
9.638 0.5006280991735537
9.62 0.5004636375678898
9.602 0.499768165860767
9.585 0.4994039735099337
9.567 0.499271233602756
9.549 0.4986395912137502
9.532 0.4980759023354565
9.514 0.4975107865914371
9.497 0.49701076125946597
9.479 0.4964071856287425
9.462 0.49590573197523463
9.445 0.4956951211372889
9.428 0.4952502006957452
9.411 0.49457104557640763
9.394 0.49426213005838543
9.377 0.49380220964699545
9.36 0.4929415737926376
9.343 0.4926211751963174
9.326 0.4927457627118644
9.309 0.4925870511425463
9.293 0.4920212765957447
9.276 0.4920320087545311
9.259 0.4927019804015623
9.243 0.4930612805715856
9.226 0.4936056105610561
9.21 0.495144293684138
9.194 0.4964813026079757
9.178 0.497305885603758
9.161 0.49820491576912457
9.145 0.4996546007184306
9.129 0.5010373443983402
9.113 0.5015934598863794
9.097 0.5018705833448801
9.081 0.5024954942464993
9.065 0.502080732417811
9.049 0.5006945409084596
9.034 0.49944351697273226
9.018 0.49825759687761356
9.002 0.4965464313123561
8.987 0.4944786133631534
8.971 0.49278913469616353
8.956 0.4914301770160157
8.94 0.4892476908975534
8.925 0.48694175100856385
8.909 0.48528156996587024
8.894 0.4836699613235925
8.879 0.48218664358863406
8.864 0.4809032820214929
8.849 0.479903536977492
8.834 0.47901325478645074
8.819 0.4781673956557195
8.804 0.47748151467622685
8.789 0.4774849397590362
8.774 0.47787812096835397
8.759 0.47880870561282945
8.744 0.48005851555281803
8.73 0.4813435730354511
8.715 0.4822950050809036
8.7 0.4831575633558949
8.686 0.48418047736103403
8.671 0.48527651424467316
8.657 0.4864235218508997
8.642 0.4876787589884463
8.628 0.4882152145643693
8.614 0.48833034111310597
8.599 0.4884732135532037
8.585 0.4885848512321767
8.571 0.48894226787045464
8.557 0.48931037351301887
8.543 0.4896355733868272
8.529 0.49002012747400203
8.515 0.4903627640770979
8.501 0.49050392504431506
8.487 0.49084590608577733
8.473 0.4908967160115706
8.459 0.49071935677016515
8.445 0.49006451612903223
8.431 0.48918310834198686
8.418 0.48834377174669447
8.404 0.486545709527566
8.391 0.483697092869135
8.377 0.480378166250446
8.363 0.47667507204610954
8.35 0.4727305836292452
8.337 0.46859458463805487
8.323 0.4643824106059191
8.31 0.4602558029369967
8.297 0.4560762051380737
8.283 0.4522926829268292
8.27 0.4491416096060335
8.257 0.44695898161244696
8.244 0.4450283359093251
8.231 0.4437204414083027
8.218 0.44333654980165116
8.205 0.4439344262295082
8.192 0.44542312409410195
8.179 0.44738937549766805
8.166 0.44915746658919237
8.153 0.45129601136229147
8.14 0.4545673656302724
8.128 0.4585067319461444
8.115 0.46321153368133233
8.102 0.46819498677415283
8.09 0.4724419494769074
8.077 0.4758709677419355
8.064 0.4783233220161922
8.052 0.48120300751879697
8.039 0.4848040522527326
8.027 0.48750000000000004
8.015 0.4895114359182569
8.002 0.49061735110144133
7.99 0.49105557831489827
7.978 0.4917270613975113
7.965 0.49287866337989605
7.953 0.4946560701562071
7.941 0.49690976514215085
7.929 0.49834983498349833
7.917 0.49951837071693966
7.905 0.5008257638315442
7.893 0.5019278435692647
7.881 0.5035773252614199
7.869 0.5050922102945223
7.857 0.5055005500550055
7.845 0.5052920962199313
7.833 0.5047331595554946
7.821 0.5050615595075238
7.809 0.5061997547349775
7.798 0.5070613796849539
7.786 0.5077776274854592
7.774 0.5076320410644333
7.763 0.5070043103448276
7.751 0.5070517125587644
7.739 0.5078982597054886
7.728 0.5089500400748063
7.716 0.5094012535004668
7.705 0.5086505190311419
7.694 0.5074903884396129
7.682 0.5061499801613543
7.671 0.5053366714982211
7.659 0.5059163818038391
7.648 0.5066194783064621
7.637 0.5066004443863548
7.626 0.506375227686703
7.614 0.5065406035487632
7.603 0.506842241156726
7.592 0.5073472544470224
7.581 0.5083483174929361
7.57 0.5097988984244908
7.559 0.5104671942813378
7.548 0.5103702761165543
7.537 0.5104496516782774
7.526 0.5107913669064749
7.515 0.5105633802816902
7.504 0.5101452905811623
7.493 0.5100461749656807
7.483 0.5100821508588498
7.472 0.5096630327056492
7.461 0.508641975308642
7.45 0.5076335877862596
7.44 0.5070058997050148
7.429 0.5061274509803921
7.418 0.5050146771037182
7.408 0.5042735042735043
7.397 0.5034138015118265
7.387 0.5021924482338611
7.376 0.5003048408730643
7.366 0.4987816764132553
7.355 0.49841733625517415
7.345 0.4981132075471698
7.334 0.4975639464068209
7.324 0.49732229795520927
7.314 0.49732164597029455
7.303 0.49762802578761706
7.293 0.4979939209726444
7.283 0.4988452655889146
7.273 0.4997561570348696
7.263 0.49944981049028003
7.252 0.498530132288094
7.242 0.49840647217455253
7.232 0.4985884374616423
7.222 0.4985272459499264
7.212 0.49797222563598376
7.202 0.49754360108081547
7.192 0.497361639464965
7.182 0.4974283614988979
7.172 0.4986545988258317
7.162 0.5008553274682307
7.152 0.5025058061361692
7.143 0.5031769305962854
7.133 0.5034229828850856
7.123 0.5036050348283025
7.113 0.5043425076452599
7.103 0.5048887802493278
7.094 0.5049468669842433
7.084 0.504573728503476
7.074 0.5032894736842105
7.065 0.501338199513382
7.055 0.5001215953307393
7.046 0.49987855234393985
7.036 0.5003033612425677
7.026 0.5004848484848485
7.017 0.5003635482307319
7.007 0.5001210067763794
6.998 0.49963689179375453
6.989 0.4993949661181026
6.979 0.5000605107103957
6.97 0.5012103606874849
6.96 0.5016357688113413
6.951 0.5009699321047527
6.942 0.49993935718617344
6.932 0.49945447933082804
6.923 0.4992116434202547
6.914 0.49945500787210845
6.905 0.5005444646098004
6.896 0.5013291445142581
6.886 0.5012071463061324
6.877 0.5010242197855164
6.868 0.5018050541516246
6.859 0.5031265031265032
6.85 0.5036127167630058
6.841 0.5036144578313253
6.832 0.5036179450072359
6.823 0.503132530120482
6.814 0.5025850667307924
6.805 0.5025179856115108
6.796 0.5028735632183907
6.787 0.5029882859191966
6.778 0.5026240458015266
6.77 0.502851711026616
6.761 0.5039734313841775
6.752 0.5052083333333334
6.743 0.5059742103395244
6.734 0.5064996454738833
6.726 0.5067264573991032
6.717 0.5064185608291132
6.708 0.5057078969047899
6.7 0.5052903832588761
6.691 0.5054571059734774
6.682 0.5053185271770894
6.674 0.5048362661694441
6.665 0.5043548949018697
6.657 0.5045180722891567
6.648 0.5048521256931608
6.64 0.5053565257458819
6.631 0.5064845632962242
6.623 0.508014655369819
6.614 0.5090244459675577
6.606 0.5093974256749061
6.597 0.509641560798548
6.589 0.5101209996607486
6.581 0.510206383218676
6.572 0.5097377012270629
6.564 0.5091542176794339
6.556 0.5086245519713262
6.547 0.5079170383586084
6.539 0.507
6.531 0.5064244572441294
6.523 0.5059109490664015
6.514 0.5051217094393655
6.506 0.5044490827199825
6.498 0.5044364114360828
6.49 0.5046493819056996
6.482 0.5044818539571491
6.474 0.5036073458679493
6.466 0.5025663426886535
6.458 0.5017471063550993
6.45 0.5009278463049885
6.442 0.5001637375832332
6.434 0.499180954461068
6.426 0.49808722264728383
6.418 0.49699617695248505
6.41 0.49623239052091295
6.402 0.49590387766247945
6.394 0.49589670642302225
6.386 0.4958922116332567
6.378 0.4954984628897673
6.37 0.4952150478495216
6.363 0.49554112077507434
6.355 0.496141975308642
6.347 0.4962971150657676
6.339 0.49606822460959127
6.332 0.4960070984915705
6.324 0.4960035523978686
6.316 0.49571603427172584
6.308 0.49554267885001113
6.301 0.49552872792309405
6.293 0.4947817304455167
6.286 0.49370078740157475
6.278 0.49330181245074867
6.27 0.4930563396183809
6.263 0.4921768707482993
6.255 0.49100842249032545
6.248 0.4902452937820878
6.24 0.49027459954233416
6.233 0.4904319926664375
6.225 0.49075244112578986
6.218 0.4912300946226633
6.21 0.4911894273127754
6.203 0.49082035788984435
6.195 0.4911442554183174
6.188 0.4923400771839551
6.181 0.49330514446793516
6.173 0.49309897369352373
6.166 0.4925390810042634
6.159 0.4925302347640503
6.151 0.49299786375504395
6.144 0.49375668926150557
6.137 0.4946326335877863
6.13 0.4952802007408292
6.122 0.49551166965888693
6.115 0.4956875898418783
6.108 0.4967046135410426
6.101 0.49868073878627966
6.094 0.5004204204204205
6.086 0.5011408670589649
6.079 0.501798992564164
6.072 0.5033492822966508
6.065 0.5051903114186852
6.058 0.5066650797429183
6.051 0.5082551371896901
6.044 0.5097156398104266
6.037 0.5103945192534844
6.03 0.5105932203389831
6.023 0.5113196480938417
6.016 0.5126707929463972
6.009 0.513375203535706
6.002 0.5131320143468703
5.995 0.5128293637095845
5.988 0.5132632060370456
5.981 0.5140813081989553
5.974 0.514720812182741
5.967 0.5154743215967705
5.96 0.5160642570281124
5.954 0.5159355913381455
5.947 0.5153990506678441
5.94 0.5154243056317928
5.933 0.5163049405605846
5.926 0.5168563685636857
5.92 0.516427878918453
5.913 0.5156734781213222
5.906 0.5155536681176346
5.899 0.5156974294142436
5.893 0.5161593975525574
5.886 0.5167464114832536
5.879 0.5169666873577488
5.873 0.5166272006589108
5.866 0.5154554759467758
5.859 0.5145097240606863
5.853 0.5141380358771663
5.846 0.51386787695411
5.84 0.5130365022061772
5.833 0.5117206982543642
5.827 0.5106108687028957
5.82 0.5099141757916543
5.813 0.5093765341188022
5.807 0.5092900449833757
5.8 0.5091617933723197
5.794 0.5087975114221834
5.788 0.5082396277626987
5.781 0.507919644581804
5.775 0.5079823042892864
5.768 0.5080080560084397
5.762 0.5077437858508604
5.755 0.5075266768292683
5.749 0.5074060007595897
5.743 0.5072847682119206
5.736 0.50744861399208
5.73 0.507573619343306
5.724 0.507375739922954
5.717 0.5067992122292038
5.711 0.5063090008412001
5.705 0.5063373718546131
5.698 0.5061831706183171
5.692 0.5056607275426874
5.686 0.5052309971298954
5.68 0.5048938134810712
5.674 0.5046023564064802
5.667 0.5046823356591994
5.661 0.5051319648093843
5.655 0.5053546910755149
5.649 0.5050255847953217
5.643 0.5043335462092875
5.637 0.5036922235390646
5.63 0.503145801039482
5.624 0.5024617067833698
5.618 0.5016859564385309
5.612 0.500501138952164
5.606 0.49913439635535306
5.6 0.4980877800036423
5.594 0.49767991993449184
5.588 0.49813856351584496
5.582 0.4995020371208692
5.576 0.5013087823810813
5.57 0.5032409074540871
5.564 0.5051629702792494
5.558 0.5074266284896206
5.552 0.509772423025435
5.546 0.5117647058823529
5.54 0.5133451957295374
5.534 0.514209591474245
5.528 0.5141262952794261
5.523 0.5136207352552236
5.517 0.5128924750043853
5.511 0.5120034919249236
5.505 0.5109101973398243
5.499 0.5095987547561397
5.493 0.508687424737657
5.487 0.5080534612748459
5.482 0.5073428961748634
5.476 0.5068563154756837
5.47 0.506419522149477
5.464 0.5058105013147849
5.459 0.5052453468697123
5.453 0.5049797434166103
5.447 0.5050113703360566
5.441 0.5047899159663866
5.436 0.5044826141600335
5.43 0.5046775810223856
5.424 0.5049570940598184
5.419 0.505032021957914
5.413 0.5053977744560704
5.407 0.5056375393798707
5.402 0.5055472760390792
5.396 0.5052918802712087
5.39 0.5051988777025912
5.385 0.5053524374176548
5.379 0.5052181773358534
5.374 0.5046728971962617
5.368 0.5044558907693566
5.363 0.5043265306122449
5.357 0.5040339010675576
5.352 0.5040657017401203
5.346 0.5044635611102094
5.341 0.5047410649161196
5.335 0.5048127477149559
5.33 0.5047611362169141
5.324 0.5049919484702093
5.319 0.5054229934924078
5.313 0.5056485858504927
5.308 0.5060761112887752
5.302 0.5065815715995213
5.297 0.5066454436927975
5.291 0.5066275101198507
5.286 0.5067712045616536
5.281 0.5068742098609356
5.275 0.5070921985815602
5.27 0.5073442777472311
5.265 0.5073995771670191
5.259 0.5072995550003904
5.254 0.5071628776082217
5.249 0.5072936064556176
5.243 0.5077327559542221
5.238 0.507864302235929
5.233 0.5079584775086504
5.227 0.5081275877932832
5.222 0.5078770266136433
5.217 0.507548032936871
5.212 0.507561364845353
5.206 0.5077645632906598
5.201 0.5078201737816396
5.196 0.5074581889407865
5.191 0.5070200465500413
5.186 0.5069610778443113
5.18 0.5069413345275415
5.175 0.50688295260064
5.17 0.5069418665082782
5.165 0.5067427385892116
5.16 0.5061372375036971
5.155 0.5056055465407878
5.15 0.5054087865185076
5.145 0.5054694956317451
5.139 0.5053834322127005
5.134 0.5048976608187136
5.129 0.5045229063320689
5.124 0.5044376545904263
5.119 0.5047149281880169
5.114 0.5052090869628129
5.109 0.5057761732851985
5.104 0.506195072756087
5.099 0.5063964352450768
5.094 0.5065930915866418
5.089 0.5070372222619133
5.084 0.5076626986955592
5.079 0.5079681274900398
5.074 0.5078779276082328
5.069 0.5076422303990943
5.064 0.5073721340388008
5.059 0.5071760236386661
5.054 0.5070847362514029
5.049 0.506789864202716
5.044 0.5063547486033521
5.04 0.5058143583315925
5.035 0.5053823182165429
5.03 0.5053003533568904
5.025 0.5055279159756771
5.02 0.5057186165081989
5.015 0.505704467353952
5.01 0.5054198682766191
5.005 0.505235781260694
5.001 0.5055320311432864
4.996 0.505860706010631
4.991 0.5061526956285267
4.986 0.5064098216102557
4.981 0.5063625287667524
4.977 0.5061094984135557
4.972 0.5059235325794291
4.967 0.5060087277609937
4.962 0.5065309129881439
4.958 0.5068804275217101
4.953 0.5067635103618311
4.948 0.5064822817631808
4.943 0.5062997347480106
4.939 0.5062822377992329
4.934 0.5064652328803272
4.929 0.5066789497927222
4.925 0.5070182342909616
4.92 0.5072567991631799
4.915 0.5069439916541697
4.911 0.5067282064616785
4.906 0.5068732978861368
4.901 0.5068617296737442
4.897 0.506782945736434
4.892 0.506796366681698
4.888 0.5068413952592021
4.883 0.5066000256311675
4.878 0.5059755863743849
4.874 0.505796178343949
4.869 0.5060355781448539
4.865 0.5061454637607705
4.86 0.5063467003473319
4.856 0.5066162570888468
4.851 0.506572740423926
4.846 0.5062139091137333
4.842 0.5058558276445168
4.837 0.505751437859465
4.833 0.5056509522322822
4.828 0.5052336448598131
4.824 0.5049720323182101
4.819 0.5046195820673405
4.815 0.504051462856436
4.81 0.5035811311434922
4.806 0.5035443506133267
4.802 0.5036312161496799
4.797 0.5036258603736479
4.793 0.5037418721629248
4.788 0.5040421362077413
4.784 0.5040366972477065
4.779 0.5041196216051267
4.775 0.504415078253456
4.771 0.5047404886349823
4.766 0.5051871625310925
4.762 0.5055084745762712
4.758 0.5056485229263579
4.753 0.5057596043664435
4.749 0.5058667789879053
4.744 0.5060616972752369
4.74 0.5061720997123681
4.736 0.5059217609761933
4.731 0.505699110819359
4.727 0.5053014057660233
4.723 0.504699024506305
4.719 0.5043328584995252
4.714 0.5042350293194336
4.71 0.5041683911783835
4.706 0.504041059524512
4.701 0.5038540747278611
4.697 0.5039346957951609
4.693 0.5040168885240135
4.689 0.504067419675777
4.684 0.5045266047543953
4.68 0.5052766602530464
4.676 0.5057009889470623
4.672 0.5058338654437802
4.668 0.5058530366249421
4.663 0.5057843590930124
4.659 0.505857233539154
4.655 0.5062431670406813
4.651 0.5068846815834768
4.647 0.5072936330873519
4.643 0.5073009354323522
4.638 0.5070254280675806
4.634 0.5067241672813936
4.63 0.5067919402309259
4.626 0.5071981030881273
4.622 0.5076576576576576
4.618 0.5076663858466722
4.614 0.5071976698594074
4.61 0.5067552478785171
4.605 0.5066206743073328
4.601 0.5068204502606188
4.597 0.5072968490878937
4.593 0.507826278659612
4.589 0.5078597339782346
4.585 0.5075371375322042
4.581 0.5072416243099962
4.577 0.5071697290224089
4.573 0.5073449401523396
4.569 0.5073006567877111
4.565 0.5070109902008554
4.561 0.5065860505290435
4.557 0.5058956549830399
4.553 0.5054479093983146
4.549 0.5053003533568905
4.545 0.5054481358829186
4.541 0.5055934370338803
4.537 0.5056072282753122
4.533 0.5053837585530154
4.529 0.505267058387592
4.525 0.5053087528392584
4.521 0.5055066659640617
4.517 0.505811812970073
4.513 0.5058767971455558
4.509 0.5057603686635944
4.505 0.5056162164986155
4.502 0.5053937151493043
4.498 0.5053556572379367
4.494 0.5055526725480021
4.49 0.5055941158189164
4.486 0.5053518796214903
4.482 0.5050817726874065
4.478 0.5049418305363945
4.474 0.5048025065488726
4.47 0.5046163315551908
4.467 0.5043277848911651
4.463 0.5041415277635749
4.459 0.5040820491886926
4.455 0.5041229766873665
4.451 0.5043919776593044
4.447 0.5046127331711273
4.444 0.5047050490741678
4.44 0.5048710312452679
4.436 0.505185781895076
4.432 0.505578450095487
4.428 0.505920722528851
4.425 0.5060862595802235
4.421 0.5059264816204051
4.417 0.50539352776668
4.413 0.5049830576041459
4.41 0.5049726504226754
4.406 0.5048885800784159
4.402 0.5046307760883563
4.398 0.504297994269341
4.395 0.5041159363138956
4.391 0.5038870301121827
4.387 0.5037087979564768
4.384 0.5039474329426764
4.38 0.5041889177404341
4.376 0.5038919077691291
4.372 0.5033501247126718
4.369 0.5031016460704342
4.365 0.5030725712056184
4.361 0.5030185004868549
4.358 0.502843809246026
4.354 0.502791668689615
4.35 0.5027881491538574
4.347 0.5026616337591947
4.343 0.5028502415458936
4.34 0.5034492739640118
4.336 0.5038326182326567
4.332 0.5039969180391024
4.329 0.5040388498894124
4.325 0.504008448946282
4.321 0.5040989500934849
4.318 0.5041892085986499
4.314 0.5041602907421575
4.311 0.5041531411113233
4.307 0.5041208136820542
4.304 0.5040159688227746
4.3 0.504057324538509
4.296 0.5038399544894283
4.293 0.503598825646368
4.289 0.5035464346510308
4.286 0.5035645153675464
4.282 0.5036995145859842
4.279 0.5036953349338605
4.275 0.5034557336969299
4.272 0.5032391324758239
4.268 0.5028595537221077
4.265 0.5027386358316558
4.261 0.5028999064546305
4.258 0.5030373831775701
4.254 0.5028942208944077
4.251 0.502704214845207
4.247 0.5025134984174269
4.244 0.5026494375755323
4.24 0.5029245195432179
4.237 0.5033358042994811
4.233 0.5039078758729131
4.23 0.5045215465534743
4.226 0.5051774126743063
4.223 0.5057845927830319
4.219 0.5062107530824586
4.216 0.5064316777294575
4.213 0.506423444429205
4.209 0.5061874971459884
4.206 0.5058158098800346
4.202 0.5052372711540213
4.199 0.5045696357932069
4.196 0.5034510943601852
4.192 0.5022897302199049
4.189 0.5015608740894901
4.185 0.5013545241105292
4.182 0.5013746788660026
4.179 0.50161972464681
4.175 0.501932063263839
4.172 0.5021996767821871
4.169 0.5023773212523549
4.165 0.5027334647786342
4.162 0.5033151151330526
4.159 0.5035626260362984
4.155 0.503359913986202
4.152 0.5029765901257777
4.149 0.5025712113759335
4.145 0.5022101174264411
4.142 0.5020060627674751
4.139 0.5019588638589618
4.135 0.5018458390784148
4.132 0.5016878386781558
4.129 0.5017517406536876
4.126 0.5022810825176064
4.122 0.5027218411152911
4.119 0.502941566771354
4.116 0.5031168486670499
4.112 0.5030924191553278
4.109 0.5028036557905426
4.106 0.5027124773960217
4.103 0.5028639407825167
4.099 0.5031014913554177
4.096 0.502965338487897
4.093 0.5024351717783335
4.09 0.5020166593599299
4.086 0.5017746812146707
4.083 0.5015767344078487
4.08 0.5014665324169331
4.077 0.5012700359113602
4.074 0.5007227649042884
4.07 0.49989045177687214
4.067 0.49890456576987113
4.064 0.4986205386468141
4.061 0.4989060038508665
4.058 0.49910327632212065
4.055 0.49916899930020997
4.051 0.49899378773296
4.048 0.4989063867016622
4.045 0.49921246062303115
4.042 0.49949647532729097
4.039 0.49989040375257554
4.036 0.5000219558248803
4.032 0.49923032941900863
4.029 0.4980628687153298
4.026 0.49720178028466927
4.023 0.49680349190952783
4.02 0.4966016418042193
4.017 0.4960675150229763
4.014 0.4952890697571548
4.011 0.49463985115619735
4.008 0.4940095846645367
4.004 0.49388861727187877
4.001 0.49463514536307374
3.998 0.49549589725294324
3.995 0.49602465606574947
3.992 0.49624463519313305
3.989 0.49655480984340045
3.986 0.49724598092338007
3.983 0.4980499394808804
3.98 0.49903539862712554
3.977 0.5002244568145089
3.974 0.5011671754354463
3.971 0.5016819914779098
3.968 0.5021284222789801
3.965 0.502820558739255
3.962 0.5036666070470399
3.959 0.5045978037675207
3.956 0.5054558410902775
3.953 0.5060685546614503
3.95 0.5064341498047569
3.947 0.5064446117730433
3.944 0.5063235164057663
3.941 0.506159212327255
3.938 0.5061042796068579
3.935 0.5059822292601389
3.932 0.5053791770956835
3.929 0.504362695663612
3.926 0.5035215888709043
3.923 0.5027086063783311
3.92 0.5018332605848974
3.917 0.5014171717612175
3.914 0.5013283393580419
3.911 0.5012833340583808
3.908 0.5010862009037191
3.905 0.500846170535908
3.902 0.5009972251127299
3.899 0.5012357455664919
3.896 0.5012998266897747
3.893 0.5015593866412544
3.89 0.5017119576994755
3.887 0.5014956431265444
3.884 0.5009754194303551
3.882 0.500520156046814
3.879 0.5002816413189479
3.876 0.5001082766685434
3.873 0.4998485045232221
3.87 0.4998052875254208
3.867 0.4999567810528136
3.864 0.5001079307516297
3.861 0.5005824237456318
3.858 0.5010136738127076
3.856 0.5013807386952019
3.853 0.5015970303867403
3.85 0.5017692241304911
3.847 0.5020269104709333
3.844 0.5023700767043007
3.841 0.5026265931794694
3.838 0.5025371979014363
3.836 0.5024268716979511
3.833 0.5023588951792759
3.83 0.5021645021645021
3.827 0.5023767718727249
3.824 0.5027172750224655
3.822 0.5026518391787853
3.819 0.5021596886627037
3.816 0.5014753046824888
3.813 0.5010898833183742
3.81 0.5009182148195601
3.807 0.5005977286312014
3.805 0.5002559945387832
3.802 0.5000640068273949
3.799 0.4995520668913443
3.796 0.49929676511955
3.794 0.49957417816385624
3.791 0.49987222080245336
3.788 0.4998933856454433
3.785 0.49955179920604426
3.782 0.49946656424700214
3.78 0.4999146976030027
3.777 0.5000852733009294
3.774 0.5002558635394456
3.771 0.5004479331086558
3.769 0.5000853460783476
3.766 0.4995947963318405
3.763 0.4995095739690392
3.761 0.49959445037353256
3.758 0.4995295928840232
3.755 0.49901549524869443
3.752 0.4982663413381277
3.75 0.4978809024358919
3.747 0.4975156343699134
3.744 0.49723567479535424
3.742 0.4972543972543972
3.739 0.49725298308867716
3.736 0.49725298308867716
3.733 0.4974880845034136
3.731 0.4979584819701723
3.728 0.49868845409589335
3.725 0.4991609655350458
3.723 0.4993542832544124
3.72 0.49965538037391233
3.717 0.49993534761432695
3.715 0.5000646970023723
3.712 0.5000863036161215
3.709 0.4997409102685897
3.707 0.49920034579641237
3.704 0.4985500973815192
3.702 0.49792189799982683
3.699 0.4976617303195635
3.696 0.4977267806884607
3.694 0.49774833290032044
3.691 0.49759604972495347
3.688 0.49739899427778744
3.686 0.4972888561141718
3.683 0.4974160767794328
3.68 0.49776038269188955
3.678 0.4981265249215755
3.675 0.49823306138475637
3.673 0.4979688114270738
3.67 0.4973984521883608
3.667 0.49715660542432194
3.665 0.49730888723581146
3.662 0.4974817150615337
3.66 0.4975676031029495
3.657 0.4976095442782579
3.655 0.4976740103572369
3.652 0.4978258005007247
3.649 0.49780123131046616
3.647 0.4980184940554822
3.644 0.4984126984126985
3.642 0.4983004458570609
3.639 0.4980788764739655
3.637 0.49821089366965593
3.634 0.498254297962611
3.632 0.49800884955752206
3.629 0.49805240793201133
3.626 0.49845119037082924
3.624 0.4988267587550361
3.621 0.4987368700970616
3.619 0.49869173799281563
3.616 0.4988011721871948
3.614 0.498421169668668
3.611 0.49786286731967944
3.609 0.49761597076779107
3.606 0.4973202322465386
3.604 0.4966448957680952
3.601 0.49588256355173643
3.599 0.4957031599677737
3.596 0.4958785055102589
3.594 0.4958303443328551
3.591 0.49582622744816446
3.589 0.49615609405206135
3.586 0.4963289941894509
3.584 0.4963467436406278
3.581 0.4966549136606093
3.579 0.4969414110290452
3.576 0.4966839284091942
3.574 0.4961786916568101
3.571 0.4958553470577519
3.569 0.4955986316989738
3.567 0.49536381491801035
3.564 0.4954048740341091
3.562 0.4954208260829746
3.559 0.49518348623853214
3.557 0.4949666743277407
3.554 0.4950969108236269
3.552 0.4955944088204087
3.549 0.4960029573494756
3.547 0.4961588300629397
3.545 0.4961046188091263
3.542 0.4954875325641981
3.54 0.4947304607349376
3.537 0.4944864965891038
3.535 0.49442675159235666
3.533 0.49377086173663676
3.53 0.4925683008540556
3.528 0.491311141626024
3.525 0.49024077503917934
3.523 0.4893789293198704
3.521 0.4889897301170289
3.518 0.4892341629501751
3.516 0.4894118779478294
3.513 0.4891881455738971
3.511 0.4891856582958339
3.509 0.4898980087421078
3.506 0.49107839313572543
3.504 0.4922436995351114
3.502 0.4934491388193728
3.499 0.4945644153672094
3.497 0.49506757423300773
3.494 0.49517541689346334
3.492 0.49561033678884975
3.49 0.4963724905585371
3.487 0.49693984176742806
3.485 0.4972838275604286
3.483 0.49750573680534776
3.48 0.49765281662005595
3.478 0.4976521130982116
3.476 0.4977771117438433
3.473 0.4983255860448842
3.471 0.4988983475212819
3.469 0.49912276304576664
3.466 0.4987454837414693
3.464 0.4983423749246535
3.462 0.4982904263877716
3.46 0.49786012788882733
3.457 0.4971996568948988
3.455 0.4963854203528639
3.453 0.49541748949313885
3.45 0.49449880849769307
3.448 0.4935698673308595
3.446 0.4930502520238277
3.443 0.4928822899127507
3.441 0.49250601053762344
3.439 0.4921334494952082
3.437 0.4922199969188106
3.434 0.49253270161705626
3.432 0.49284644388203086
3.43 0.4931357820027974
3.428 0.49358741367672254
3.425 0.494086385661439
3.423 0.4942816857277142
3.421 0.49450549450549447
3.418 0.4948318379768088
3.416 0.4951634949006413
3.414 0.4954997631454287
3.412 0.4961011591148578
3.409 0.4971807978078727
3.407 0.4980754020564197
3.405 0.4984699799514615
3.403 0.4988638165195794
3.401 0.49899428329451617
3.398 0.49909890808862506
3.396 0.49954895197665167
3.394 0.4996281342966426
3.392 0.49909545599659466
3.389 0.4980007463880151
3.387 0.4967194751160186
3.385 0.49599829260484485
3.383 0.4955686065136146
3.381 0.4954030361342742
3.378 0.49574752607649114
3.376 0.4955804360636417
3.374 0.4952278820375335
3.372 0.49535869506894886
3.37 0.4959699086512627
3.367 0.4970114694954499
3.365 0.4980053908355796
3.363 0.4983541093303113
3.361 0.4983516186564341
3.359 0.4982676483326115
3.357 0.4981861497644702
3.354 0.4985907859078591
3.352 0.4989149305555555
3.35 0.4988600586255564
3.348 0.498696502281121
3.346 0.4980694980694981
3.344 0.4974431509084974
3.341 0.4974423160644319
3.339 0.4976300735494416
3.337 0.4975982532751092
3.335 0.4972405879460139
3.333 0.4969650571444194
3.331 0.4970741044572053
3.329 0.4972922706635305
3.326 0.4973999671574799
3.324 0.4978618421052632
3.322 0.4980237154150198
3.32 0.49760923330585327
3.318 0.49749683666171535
3.316 0.49793468083934567
3.314 0.49826321883442687
3.312 0.49748410284766376
3.309 0.4960634286981592
3.307 0.4950286063433872
3.305 0.49474562135112593
3.303 0.49448897795591185
3.301 0.4943989299448252
3.299 0.49444413423418393
3.297 0.493899708976942
3.295 0.4931322531815889
3.293 0.4930438685066757
3.291 0.49418114353179293
3.288 0.49537507050197405
3.286 0.49552813313709954
3.284 0.49540660088465466
3.282 0.49554205235958887
3.28 0.495650690772642
3.278 0.49578635690695827
3.276 0.496117391800845
3.274 0.49639299209893506
3.272 0.4958701388092233
3.27 0.4950307347618773
3.268 0.49476530142659914
3.266 0.49483524727335687
3.264 0.4945906855655193
3.262 0.4939102192321077
3.259 0.4933162850168546
3.257 0.4928059649327197
3.255 0.4927316247299901
3.253 0.492774820101796
3.251 0.4932590855803048
3.249 0.4937727646575021
3.247 0.4938504089919379
3.245 0.4938315329673574
3.243 0.49414201183431955
3.241 0.4949291263863354
3.239 0.4958122958122958
3.237 0.4961586564230839
3.235 0.4961194029850746
3.233 0.4962019259525091
3.231 0.496228448275862
3.229 0.49628431020016783
3.227 0.4963389749129756
3.225 0.49653968827104766
3.223 0.4962904879667049
3.221 0.4952213888216791
3.219 0.4941825233305054
3.217 0.4943861139770589
3.215 0.4944947989537076
3.213 0.4936214368552769
3.211 0.4926241047928016
3.209 0.4923369298675822
3.207 0.49257577616885506
3.205 0.49268322675848497
3.203 0.49319371727748684
3.201 0.49434871224754495
3.199 0.4949213427474297
3.197 0.4949469898939799
3.195 0.49537525606803656
3.193 0.4965135101481758
3.191 0.4972513743128435
3.189 0.49664681917894077
3.187 0.4958553127354936
3.185 0.49584748961872405
3.183 0.495590273403049
3.182 0.49466506723909337
3.18 0.4937598986379474
3.178 0.4932715500825188
3.176 0.49304364398704015
3.174 0.4926522043386983
3.172 0.4931550461636421
3.17 0.49428808475333463
3.168 0.4945265988092952
3.166 0.4941591784338896
3.164 0.4944412312833365
3.162 0.495330112721417
3.16 0.4960232783705141
3.158 0.49558613527197193
3.156 0.4950553025374106
3.154 0.49438495690780887
3.152 0.4931946080355974
3.151 0.4927963326784544
3.149 0.4933429527120089
3.147 0.4935534798052888
3.145 0.4931488801054019
3.143 0.49314526759820726
3.141 0.494497528830313
3.139 0.495906509969629
3.137 0.49662609155861337
3.135 0.4980776879225772
3.133 0.4996348668923853
3.132 0.4997008177647763
3.13 0.4992010652463382
3.128 0.4990652957671251
3.126 0.49876129896216936
3.124 0.4976500604270175
3.122 0.4958683238159221
3.12 0.49485506759028847
3.118 0.4942056326640614
3.117 0.49298245614035097
3.115 0.4921727395411605
3.113 0.4925735889819066
3.111 0.4933783783783785
3.109 0.49390656736628297
3.107 0.4944003257992262
3.105 0.4955077593248026
3.103 0.496658483360611
3.102 0.49688888888888894
3.1 0.49694808312187094
3.098 0.4972820477533888
3.096 0.496826710816777
3.094 0.49592372530053885
3.092 0.49561373212682175
3.091 0.49567922571724843
3.089 0.49626556016597506
3.087 0.49643771183509716
3.085 0.4968914064658746
3.083 0.4979273179494266
3.081 0.4988588422435853
3.079 0.4996538355026309
3.078 0.500277546489037
3.076 0.5008344923504868
3.074 0.50090428491931
3.072 0.5001742767514814
3.07 0.499092558983666
3.069 0.49807678858661436
3.067 0.49695782921882653
3.065 0.49629577858540685
3.063 0.49661525577500176
3.061 0.4972833658400668
3.06 0.49766599317215915
3.058 0.4976283482142858
3.056 0.4974527182636611
3.054 0.49853228962818
3.052 0.4998251136761106
3.051 0.500701065619742
3.049 0.5008779939594016
3.047 0.49964768883878247
3.045 0.49841404102347214
3.043 0.49771336100752833
3.042 0.49774996484320067
3.04 0.4984885764499122
3.038 0.4989103690685414
3.036 0.4985941234359623
3.034 0.498455706865085
3.033 0.49880701754385975
3.031 0.4995087029758563
3.029 0.5001409840688004
3.027 0.4997877758913412
3.026 0.49904397705544923
3.024 0.49797886674703923
3.022 0.49609152927799893
3.02 0.49519880503592006
3.019 0.49476458437210635
3.017 0.49376203037000077
3.015 0.493335234157816
3.013 0.4934159014876504
3.012 0.4940815744438106
3.01 0.49542922439651477
3.008 0.49678663239074555
3.006 0.4981417953116067
3.005 0.4992468259091887
3.003 0.49942479148691393
3.001 0.49981997551667023
2.999 0.5001443418013857
2.998 0.49992774566473985
2.996 0.4993499927776975
2.994 0.4979713085060137
2.992 0.4962968341562591
2.991 0.4950279451259345
2.989 0.4945246210747697
2.987 0.49477351916376305
2.986 0.49465260094579855
2.984 0.4947958366693354
2.982 0.4954863133372161
2.98 0.49533187454412836
2.979 0.49617430590978645
2.977 0.4986505215551827
2.975 0.5002924404152654
2.974 0.5006955121165533
2.972 0.5005127453852916
2.97 0.5006227562458788
2.968 0.5015030427450693
2.967 0.5015032631810515
2.965 0.5022670762030131
2.963 0.5029278290147856
2.962 0.5019019751280176
2.96 0.500876168224299
2.958 0.500255605053677
2.957 0.499890310786106
2.955 0.4997071313515888
2.953 0.4986058115644262
2.952 0.49746528543090146
2.95 0.4968363743378457
2.948 0.49607454692200453
2.947 0.4962240633477529
2.945 0.49680968096809686
2.943 0.4972885827348673
2.942 0.49809495896834693
2.94 0.4994508310756388
2.938 0.501023541453429
2.937 0.5027806234450461
2.935 0.5036287662194854
2.933 0.5037477954144621
2.932 0.5030138194648633
2.93 0.5023529411764706
2.928 0.5019117647058824
2.927 0.5011761246692149
2.925 0.4998160547421087
2.923 0.4982345152273061
2.922 0.4970275229357799
2.92 0.4969248791916826
2.918 0.49754991589263514
2.917 0.4981698389458273
2.915 0.4995246105463321
2.913 0.5008402133411267
2.912 0.5017518248175183
2.91 0.5029525406429977
2.909 0.5043053123175715
2.907 0.5050785531603946
2.905 0.5053684902490687
2.904 0.5044538551401869
2.902 0.5037204552086372
2.9 0.5035021158616664
2.899 0.5026940439784476
2.897 0.5018530630041421
2.896 0.5013782097780357
2.894 0.5003982909696575
2.892 0.5000361715980612
2.891 0.49985528219971054
2.889 0.4999277247759467
2.887 0.5003615851894706
2.886 0.5000362030265729
2.884 0.4998550514567329
2.883 0.5002895193977996
2.881 0.5010476121667511
2.879 0.5019814107644642
2.878 0.5028061591595913
2.876 0.5031984474951484
2.875 0.5032002876663072
2.873 0.5029819645038442
2.871 0.5031595576619274
2.87 0.5038436669300956
2.868 0.5039913700107875
2.867 0.5039827771797631
2.865 0.5038277169635831
2.864 0.5025703270027131
2.862 0.501782404106659
2.86 0.5026285876669508
2.859 0.5038644260086507
2.857 0.5046702519105577
2.856 0.5044203974821416
2.854 0.503609852774632
2.853 0.5013164448872127
2.851 0.49882252194390925
2.849 0.49846877003062456
2.848 0.49893223234624146
2.846 0.498753650024927
2.845 0.4980845629965947
2.843 0.49752510253146653
2.842 0.4974633596392333
2.84 0.4975695667488552
2.838 0.49908476485497033
2.837 0.5021201413427562
2.835 0.5041146424517594
2.834 0.5032294697991342
2.832 0.5013162575595873
2.831 0.5003567351598174
2.829 0.4997506234413965
2.828 0.4984674602608881
2.826 0.49775912356832885
2.825 0.49843772191450075
2.823 0.4981594223417812
2.821 0.49745367095770265
2.82 0.4973829395954166
2.818 0.49823071479122427
2.817 0.49925378437921963
2.815 0.49785192610625795
2.814 0.49604828279925284
2.812 0.4967978700438944
2.811 0.4969444244733626
2.809 0.4958701429289664
2.808 0.49512125125556034
2.806 0.4953358208955224
2.805 0.49584169773444214
2.803 0.4956658786446021
2.802 0.49731663685152067
2.8 0.5014698501469851
2.799 0.503523658852294
2.797 0.5029159766721867
2.796 0.5027695849219481
2.794 0.5027369634111207
2.793 0.5025230680507498
2.791 0.5025223407321995
2.79 0.5029466724162713
2.788 0.5041209775675483
2.787 0.503216583273767
2.785 0.5011768062192425
2.784 0.5006418485237484
2.782 0.5003933910306846
2.781 0.5000715307582261
2.779 0.500858123569794
2.778 0.5011092821870751
2.776 0.4999282845668388
2.775 0.4977031294860752
2.773 0.49540889526542337
2.772 0.49494224836788864
2.77 0.4954767375071798
2.769 0.49648543967866876
2.767 0.49863838325928056
2.766 0.49996423717902866
2.764 0.5003210387386745
2.763 0.5010688328345446
2.761 0.5034900284900284
2.76 0.5074234567024224
2.758 0.510282229470997
2.757 0.5121623532739359
2.756 0.5138086515429056
2.754 0.5146202931070752
2.753 0.5147499825650325
2.751 0.515894452524413
2.75 0.5178080308030802
2.748 0.5191137249538399
2.747 0.5198668749575494
2.745 0.5203787014033439
2.744 0.5214470971603379
2.742 0.5226703571899302
2.741 0.5234579194981704
2.74 0.524059662775616
2.738 0.5242361737785226
2.737 0.5247543702947556
2.735 0.5252175009456562
2.734 0.5255624999999999
2.732 0.5258919722497521
2.731 0.5252679938744257
2.729 0.5242400339785207
2.728 0.5233487589398402
2.727 0.5228991721755702
2.725 0.523076015108593
2.724 0.5225431489961254
2.722 0.5209109972041007
2.721 0.5186618904552808
2.719 0.5156663978804285
2.718 0.5125732001377885
2.717 0.5104196403083072
2.715 0.5086721637759455
2.714 0.5081059707394227
2.712 0.5089210805973489
2.711 0.509681345430405
2.709 0.5114172796135691
2.708 0.514758545849159
2.707 0.5205874499332444
2.705 0.5282680857790188
2.704 0.5350968548219122
2.702 0.5413502975579725
2.701 0.5473178137651822
2.7 0.5516846092503987
2.698 0.5551481372836609
2.697 0.5583413231064237
2.695 0.5607053609316799
2.694 0.5605021773371629
2.693 0.5578536762371298
2.691 0.5549538352272727
2.69 0.5518730103353539
2.688 0.5480361502548508
2.687 0.5440364264935285
2.686 0.5399609326295666
2.684 0.5351835932702935
2.683 0.5304954246785181
2.681 0.5265923566878982
2.68 0.5234550395840718
2.679 0.5206936866718629
2.677 0.5181530871810685
2.676 0.5161351992047105
2.675 0.5144581056466302
2.673 0.5136072370900866
2.672 0.5135904155746911
2.67 0.5135617814488224
2.669 0.5133316075588921
2.668 0.5131753275430591
2.666 0.5126333932304081
2.665 0.5120873502775343
2.664 0.511961375104367
2.662 0.5118608519563175
2.661 0.5117058060798155
2.659 0.5107185177205644
2.658 0.5089666034291441
2.657 0.5072644843465534
2.655 0.5057152013673752
2.654 0.5047943746004688
2.653 0.5048877240206843
2.651 0.5045226485760723
2.65 0.5036776350519092
2.649 0.5024079867824375
2.647 0.5012287600056172
2.646 0.5014721345951629
2.645 0.5025190679448605
2.643 0.5031294800517501
2.642 0.5037562458506586
2.64 0.5036664571548292
2.639 0.5030503747603278
2.638 0.5028376449287978
2.636 0.5026583730062202
2.635 0.5031807279174053
2.634 0.5035295754077269
2.632 0.5030048285684512
2.631 0.5025456308662073
2.63 0.5024378436322142
2.628 0.501900221116639
2.627 0.5013137878578343
2.626 0.5005883574444522
2.624 0.5003286856035706
2.623 0.5003626817726503
2.622 0.5000863408737696
2.62 0.5
2.619 0.4995334047627277
2.618 0.4987390748609528
2.617 0.49851591081659424
2.615 0.4990516914376357
2.614 0.5001034268771979
2.613 0.5012241801441429
2.611 0.5016369714305408
2.61 0.5017198679141442
2.609 0.5017034309508241
2.607 0.5019433838957108
2.606 0.5026839171426605
2.605 0.5037637919774515
2.603 0.5044769974956259
2.602 0.5048244713611167
2.601 0.5042886922051737
2.599 0.5032467532467533
2.598 0.5023079290183609
2.597 0.5015037593984962
2.596 0.5016919027924941
2.594 0.5020133770133771
2.593 0.5016374428600668
2.592 0.500817438692098
2.59 0.49967677180089143
2.589 0.4988791522315059
2.588 0.49932143584175886
2.586 0.5002545392838961
2.585 0.5012222448563861
2.584 0.502002307744519
2.583 0.5019341703427214
2.581 0.5012544073772714
2.58 0.5008824927024642
2.579 0.5007639289715818
2.577 0.500917555902943
2.576 0.5008835123012098
2.575 0.5008479175145841
2.574 0.5013531799729364
2.572 0.501384760875439
2.571 0.5009783415424061
2.57 0.500944669365722
2.569 0.5006923102900949
2.567 0.5005922366239128
2.566 0.5011330965668865
2.565 0.5017745479127936
2.563 0.5016903313049358
2.562 0.5007269161848734
2.561 0.4995272186951237
2.56 0.49890295358649783
2.558 0.4992075000843085
2.557 0.499781019438736
2.556 0.5004548670777317
2.555 0.500944669365722
2.553 0.5005562110230912
2.552 0.5001683501683502
2.551 0.5004376220292197
2.55 0.5009939687994878
2.548 0.5015836646674304
2.547 0.5016185594820609
2.546 0.5010953456236729
2.545 0.5006227488470731
2.543 0.5002355316285328
2.542 0.49983157043724313
2.541 0.4996967654986523
2.54 0.49914022724973867
2.538 0.49841419798906816
2.537 0.49824525882432347
2.536 0.49836562763268744
2.535 0.49892212341686876
2.533 0.4995792804011982
2.532 0.49991593530380984
2.531 0.5001681011296396
2.53 0.5003535710677846
2.528 0.5006901659765007
2.527 0.5015320381157614
2.526 0.5020058658935375
2.525 0.5014519178822259
2.524 0.5010627171822813
2.522 0.5008424883736604
2.521 0.5004711583765228
2.52 0.5004368279569892
2.519 0.5007047925896093
2.517 0.5009571788413097
2.516 0.5005876624466906
2.515 0.4999160651334564
2.514 0.500033575073865
2.513 0.5007731612209223
2.511 0.5008905467621064
2.51 0.5018586102483084
2.509 0.5017171532828907
2.508 0.5016331970115776
2.506 0.5028362775640464
2.505 0.5054932215451832
2.504 0.5068241955408574
2.503 0.508643834299811
2.502 0.5095173795974982
2.5 0.5103760113471919
2.496 0.5106441507374692
2.492 0.5100927235121401
2.488 0.5119083637044922
2.484 0.5122179833551103
2.48 0.5096420540646619
2.476 0.5077261752102259
2.472 0.5071894036756703
2.468 0.505959123215375
2.464 0.5054233934042797
2.46 0.5047158739370007
2.456 0.5062420885515119
2.452 0.5052474668516986
2.448 0.5038604709369663
2.444 0.503688550433351
2.44 0.505823581474308
2.436 0.5055969818968754
2.432 0.5056149674012845
2.428 0.5066139637294065
2.424 0.5071602071766104
2.42 0.5070291242872578
2.416 0.5060796338056207
2.412 0.5066909618842451
2.408 0.5073256420415164
2.404 0.507045384348297
2.4 0.5053443674193887
2.396 0.5058904103868336
2.392 0.5054950126407174
2.388 0.5043918408446393
2.384 0.5042123911399551
2.38 0.504816510035196
2.376 0.5041461084859102
2.372 0.5045240975338829
2.368 0.5039067494882307
2.364 0.5047748849071035
2.36 0.5054789050153323
2.356 0.5048029222229683
2.352 0.5047098845874792
2.348 0.5043754459308646
2.344 0.5038443466124626
2.34 0.5042691828956533
2.336 0.5041928538933851
2.332 0.5036011639962327
2.328 0.5037094891577778
2.324 0.5028649678577234
2.32 0.5027696275791202
2.316 0.5026655390050112
2.312 0.5023768864297863
2.308 0.5024119528573505
2.304 0.5017988831897547
2.3 0.5009473459385845
2.296 0.5013604925570525
2.292 0.5016513390439217
2.288 0.5011789204504011
2.284 0.501100127623953
2.28 0.5011994498188254
2.276 0.5014439891419779
2.272 0.5017603886034309
2.268 0.5023036508918415
2.264 0.5028437692334458
2.26 0.502492231644257
2.256 0.5021640463825852
2.252 0.502287838565155
2.248 0.5023164007421572
2.244 0.5026310890756455
2.24 0.5029512646759219
2.236 0.5031609740487182
2.232 0.5033627105205869
2.228 0.5033342447142257
2.224 0.503883721349043
2.22 0.504435779328976
2.216 0.5047151873066444
2.212 0.5051203607448622
2.208 0.5057694683224218
2.204 0.506114319667791
2.2 0.5062799865708005
2.196 0.5062270190372672
2.192 0.5067131011865595
2.188 0.506938285485818
2.184 0.5069206281722586
2.18 0.5071965705658917
2.176 0.5072512254801225
2.172 0.5070647309353085
2.168 0.5066106786690799
2.164 0.5060668911829118
2.16 0.5056241391589092
2.156 0.5049526358668448
2.152 0.5041067408717052
2.148 0.503334324347209
2.144 0.5025014464421845
2.14 0.5014810252998702
2.136 0.5004904006931177
2.132 0.49983236679223886
2.128 0.499460459463347
2.124 0.4990696411573082
2.12 0.49877275703712637
2.116 0.4989265195569966
2.112 0.49913634037552235
2.108 0.4995881003910828
2.104 0.5000705740588042
2.1 0.5006254911644836
2.096 0.5012127541943547
2.092 0.5015810249061813
2.088 0.5021053448450401
2.084 0.5027378925782084
2.08 0.5031665438741932
2.076 0.5033976984612285
2.072 0.5034344365500495
2.068 0.5034349833924788
2.064 0.5034336293581118
2.06 0.5033915943293674
2.056 0.5033392914051351
2.052 0.5031872243770292
2.048 0.5028295229693346
2.044 0.5024497395674242
2.04 0.5021572901919522
2.036 0.5018809562066516
2.032 0.501645440222826
2.028 0.5013366626330242
2.024 0.5010572938991285
2.02 0.5009082813043713
2.016 0.500737273475731
2.012 0.5006121050443056
2.008 0.5005282143028812
2.004 0.5004457693112124
2.0 0.5003560545512009
1.996 0.5003620245606542
1.992 0.5003310904342707
1.988 0.5001766101619745
1.984 0.5000426371682584
1.98 0.4999173730871738
1.976 0.49974743880771055
1.972 0.4995086116436723
1.968 0.4991876737820524
1.964 0.49879409220228993
1.96 0.4981992285320793
1.956 0.4974595671521304
1.952 0.49687108952540193
1.948 0.49622421622673685
1.944 0.49550978030472126
1.94 0.4949611942081736
1.936 0.4947028598309593
1.932 0.4948564026202099
1.928 0.49553881753495344
1.924 0.4967648645720651
1.92 0.4985971300863362
1.916 0.5007270584134561
1.912 0.5030517553499285
1.908 0.5058113054862368
1.904 0.5085145185506521
1.9 0.5108378659679069
1.896 0.5127318187125337
1.892 0.5140599558524835
1.888 0.5147219580878976
1.884 0.5146723678660493
1.88 0.5141026303630732
1.876 0.5131679395730971
1.872 0.5117162319048191
1.868 0.510004676365015
1.864 0.5083689836635539
1.86 0.5068718021783987
1.856 0.5055500892639779
1.852 0.5044489663409755
1.848 0.5036145696513348
1.844 0.5029876263054108
1.84 0.5024659403147436
1.836 0.5021538299372824
1.832 0.5021037780263494
1.828 0.5021528599420312
1.824 0.5022627138862311
1.82 0.5024008080622392
1.816 0.5025834364645295
1.812 0.5027455574109612
1.808 0.5028833237239139
1.804 0.5030928983710802
1.8 0.5032159914157395
1.796 0.5032198828542138
1.792 0.5031787743697766
1.788 0.5030586761282508
1.784 0.5028126839619582
1.78 0.5025715481939316
1.776 0.5023758690561894
1.772 0.5021587797699112
1.768 0.5019463273242265
1.764 0.5018041561472456
1.76 0.5017667018588199
1.756 0.5017596371971276
1.752 0.5017200667245876
1.748 0.5017092458331687
1.744 0.5017177401193145
1.74 0.5017184068503835
1.736 0.5016949900143353
1.732 0.5017118507089854
1.728 0.501739297501496
1.724 0.5017247058829283
1.72 0.5017047559196104
1.716 0.5017008720906103
1.712 0.501713297068586
1.708 0.501687069973909
1.704 0.5016926629020532
1.7 0.5017296083726389
1.696 0.5016571331207555
1.692 0.5014339031954723
1.688 0.501218590901626
1.684 0.5009997740444988
1.68 0.5007412371231781
1.676 0.5005417391942596
1.672 0.5004287425091517
1.668 0.5003017160052267
1.664 0.5001495396073614
1.66 0.5000598096427702
1.656 0.5001373983185744
1.652 0.5002757619105135
1.648 0.5003521710911192
1.644 0.5004589620061914
1.64 0.5005760789142022
1.636 0.5006368450697669
1.632 0.500641253895578
1.628 0.5006442212049118
1.624 0.5006091282460985
1.62 0.5005466006432222
1.616 0.5004698331734923
1.612 0.5004498547023801
1.608 0.5004277827004336
1.604 0.5003466032038582
1.6 0.5002598980986402
1.596 0.5001736899120657
1.592 0.5001367399076267
1.588 0.5001911533272293
1.584 0.5002786181218647
1.58 0.5002459498126887
1.576 0.5001803586415257
1.572 0.5001425977956002
1.568 0.5001600033282627
1.564 0.5001525080867987
1.56 0.5001701733833347
1.556 0.5001680072979757
1.552 0.5000711235832738
1.548 0.4999821007004915
1.544 0.4998905496584061
1.54 0.4998358586744397
1.536 0.49989066327239023
1.532 0.4998015020044548
1.528 0.4997055534506377
1.524 0.4996651099765287
1.52 0.4996790290683762
1.516 0.4996799752594863
1.512 0.4996415151154268
1.508 0.49955646242955937
1.504 0.49957008009271064
1.5 0.4995394180850886
1.496 0.4994744202516292
1.492 0.4995202208558698
1.488 0.4994845498232154
1.484 0.4993974488486073
1.48 0.4993282950817526
1.476 0.49922662223806646
1.472 0.49928731493354184
1.468 0.49928996299848183
1.464 0.49918085494517705
1.46 0.4990962365941356
1.456 0.49893017541915835
1.452 0.49879912952994077
1.448 0.4986931744939183
1.444 0.49868038241532
1.44 0.4987435238236402
1.436 0.49883701623697707
1.432 0.49896081425035493
1.428 0.49914167645243146
1.424 0.4994692618516713
1.42 0.49999866172722357
1.416 0.5005817678055728
1.412 0.5011146529332998
1.408 0.5016751613611181
1.404 0.5022084391477966
1.4 0.5026342839182106
1.396 0.502985012356292
1.392 0.5030324880512819
1.388 0.502912978171088
1.384 0.5026025671293615
1.38 0.502237154619347
1.376 0.5020076288687232
1.372 0.5018047164804186
1.368 0.5015104485267783
1.364 0.5010888850704975
1.36 0.5005404839610601
1.356 0.5002549812933383
1.352 0.500297809074157
1.348 0.5005099613411742
1.344 0.5007217654853309
1.34 0.500761371817685
1.336 0.5005014750540837
1.332 0.5002005251689178
1.328 0.500132148092518
1.324 0.5002331123519702
1.32 0.5004808939717846
1.316 0.5005531710730268
1.312 0.5004571619310366
1.308 0.5002978386863367
1.304 0.5002378042699025
1.3 0.5002548375275593
1.296 0.5004351760672867
1.292 0.5006668576322637
1.288 0.5007262878723983
1.284 0.5006703240572337
1.28 0.5005844666606623
1.276 0.5005427166370919
1.272 0.500572976026683
1.268 0.5005814324595289
1.264 0.5006107165092591
1.26 0.5006404511846668
1.256 0.5006627210308908
1.252 0.5006589800441333
1.248 0.5006995399736957
1.244 0.5007777465545217
1.24 0.500791477858859
1.236 0.500775115465146
1.232 0.5007244470540868
1.228 0.5007629502914432
1.224 0.5008000317715967
1.22 0.5006575715953953
1.216 0.5006115284959843
1.212 0.500573081658757
1.208 0.5005117628976918
1.204 0.5004830606185519
1.2 0.500506575447252
1.196 0.5004656606612883
1.192 0.500438339558766
1.188 0.5004067283639492
1.184 0.5004169435152515
1.18 0.5004280404960209
1.176 0.5003821328886812
1.172 0.500388598470757
1.168 0.5003673401116074
1.164 0.5002207285330167
1.16 0.5000727784323861
1.156 0.500028754386237
1.152 0.4999347335901513
1.148 0.49979725570864203
1.144 0.49963619754485245
1.14 0.49958545885634387
1.136 0.49944522666913704
1.132 0.4992662039270148
1.128 0.49913465552936725
1.124 0.49914703044742914
1.12 0.49909030068358906
1.116 0.49902216879613914
1.112 0.4989445472339628
1.108 0.49897133987079006
1.104 0.49889737154629826
1.1 0.4988726269611694
1.096 0.49892912126620714
1.092 0.49906801479484586
1.088 0.4992201086168592
1.084 0.49926787978032316
1.08 0.4993658439981031
1.076 0.4995181664091853
1.072 0.4997333393443889
1.068 0.4999772232505058
1.064 0.500234719159365
1.06 0.5004498352202754
1.056 0.5006391752577319
1.052 0.5007451482674884
1.048 0.5009393079162026
1.044 0.5012157060505621
1.04 0.5014901652920255
1.036 0.501685999992824
1.032 0.5018199438884501
1.028 0.5019772936618419
1.024 0.5021631903550248
1.02 0.50239660184175
1.016 0.5026266039790996
1.012 0.50287753504925
1.008 0.5029967374220096
1.004 0.5031537650659249
1.0 0.5033782742808871
0.996 0.5036575758357427
0.992 0.5038909314956411
0.988 0.5040786405884078
0.984 0.5042725822187655
0.98 0.5044342941323389
0.976 0.5044991927235226
0.972 0.5045736717223739
0.968 0.5046686732888319
0.964 0.504702753236363
0.96 0.5048546699838594
0.956 0.5050914886680368
0.952 0.5053253059513266
0.948 0.5055418019494607
0.944 0.5058578485568767
0.94 0.5061683541777037
0.936 0.5065527155823102
0.932 0.5069052236689525
0.928 0.5071941377273866
0.924 0.507382455436151
0.92 0.507355517354662
0.916 0.5071256309412404
0.912 0.50676099685327
0.908 0.5063280010884162
0.904 0.5059311000923159
0.9 0.5053796752823815
0.896 0.5046926738236315
0.892 0.5042197311838437
0.888 0.5037517802927048
0.884 0.5029624797251104
0.88 0.5021279464797405
0.876 0.5017861060035633
0.872 0.5017372491877101
0.868 0.5016687860601812
0.864 0.5015988681004327
0.86 0.5019120352898342
0.856 0.5020562290746206
0.852 0.5019332338276745
0.848 0.5022906794445102
0.844 0.503254852932545
0.84 0.5039487683477456
0.836 0.5040680267222657
0.832 0.5041364762072846
0.828 0.5042253285829345
0.824 0.50409576643823
0.82 0.5037927721291807
0.816 0.5038372277105451
0.812 0.5038507900879675
0.808 0.5034196726410463
0.804 0.5028361692119021
0.8 0.502617259699599
0.796 0.5024506589713996
0.792 0.5023171179970507
0.788 0.5021737488573494
0.784 0.5021620475333881
0.78 0.5020850155983475
0.776 0.5018840011222178
0.772 0.5017557803812094
0.768 0.5016520682259527
0.764 0.5014770217173735
0.76 0.5012556160359426
0.756 0.5010594968145988
0.752 0.5007921323061737
0.748 0.5004970484711306
0.744 0.5001149403206111
0.74 0.4997896543618605
0.736 0.49951828082705874
0.732 0.4992747129238407
0.728 0.4989715077965648
0.724 0.4986511537464351
0.72 0.4982987740969169
0.716 0.49798319655016476
0.712 0.4976774101336382
0.708 0.4973904560604829
0.704 0.49714296627988336
0.7 0.4968788663792373
0.696 0.49655643112459746
0.692 0.49622432919623355
0.688 0.49599625332464
0.684 0.4958464443733296
0.68 0.4957360585336697
0.676 0.49566248268849816
0.672 0.4955862811900381
0.668 0.49552249832456474
0.664 0.49545093407560403
0.66 0.49542128159101667
0.656 0.49545470924663415
0.652 0.4954735687600277
0.648 0.49546121429547757
0.644 0.49538024860091406
0.64 0.4952592060949469
0.636 0.4951035495694177
0.632 0.49489447690786836
0.628 0.4946171358247058
0.624 0.49425638576581976
0.62 0.49373294336209717
0.616 0.49306771956745177
0.612 0.4922756981580511
0.608 0.4913658196343777
0.604 0.4903728769214795
0.6 0.4892884846989674
0.596 0.4881559918559248
0.592 0.4870051374687387
0.588 0.4858505783780054
0.584 0.48476403455705924
0.58 0.4838144128423865
0.576 0.48302264366892
0.572 0.4824006538560204
0.568 0.48195606110493505
0.564 0.48170263147271625
0.56 0.4816200001654869
0.556 0.4816719571793134
0.552 0.48187531424065894
0.548 0.48224272784768935
0.544 0.48267600884859246
0.54 0.483112069729769
0.536 0.48355191924703866
0.532 0.4839756434886358
0.528 0.4843618598190563
0.524 0.4846825865984399
0.52 0.4849673780940063
0.516 0.4852366395502726
0.512 0.48553203381210014
0.508 0.4858619164528064
0.504 0.48624056919491315
0.5 0.48671244540561603
0.496 0.48722454427727563
0.492 0.48774978777394185
0.488 0.4882653450413397
0.484 0.48876189198116543
0.48 0.48923552743270604
0.476 0.48955822905978197
0.472 0.48964765911264857
0.468 0.48955405693800663
0.464 0.48919610350999027
0.46 0.4886131909353122
0.456 0.4879275506080312
0.452 0.48719157795226026
0.448 0.4864852518887301
0.444 0.4857543974844377
0.44 0.4849846024405845
0.436 0.4843226310577324
0.432 0.4552907877432728
0.428 0.4228365477664299
0.424 0.3863523377322778
0.42 0.34480694199758494
0.416 0.29694948714262964
0.412 0.24110260762446525
0.408 0.17512755719500034
0.404 0.09624092909167309
0.4 0.0
