0.4 1.0
0.401 1.0
0.402 0.8987975951903808
0.403 0.8164383561643835
0.404 0.74685666387259
0.405 0.6886134779240898
0.406 0.6391085549964054
0.407 0.5978552278820375
0.408 0.5605296343001261
0.409 0.5261593341260404
0.41 0.49550561797752807
0.411 0.4946478873239436
0.412 0.494077834179357
0.413 0.4946297343131713
0.414 0.4951841359773371
0.415 0.49545970488081725
0.416 0.49459920409323477
0.417 0.49346961953435553
0.418 0.49315849486887114
0.419 0.49341728677733254
0.42 0.49426605504587157
0.421 0.49482163406214036
0.422 0.49480968858131485
0.423 0.49421965317919075
0.424 0.49274521183981423
0.425 0.49125874125874125
0.426 0.49122807017543857
0.427 0.4909197422378441
0.428 0.49117647058823527
0.429 0.4905437352245863
0.43 0.48933649289099523
0.431 0.4887039239001189
0.432 0.4877611940298507
0.433 0.48802395209580834
0.434 0.48855421686746986
0.435 0.4890909090909091
0.436 0.4893617021276596
0.437 0.48871262965222695
0.438 0.4883578431372549
0.439 0.48891625615763545
0.44 0.4891774891774892
0.441 0.48975791433891985
0.442 0.49033063006862126
0.443 0.490625
0.444 0.4905778894472362
0.445 0.48956356736242884
0.446 0.4888888888888888
0.447 0.4894837476099427
0.448 0.49008317338451696
0.449 0.48971722365038567
0.45 0.4893479664299548
0.451 0.48898963730569955
0.452 0.4889466840052015
0.453 0.4875979112271541
0.454 0.4888743455497383
0.455 0.4907894736842106
0.456 0.490066225165563
0.457 0.4897009966777409
0.458 0.490352628077179
0.459 0.4903010033444816
0.46 0.49127516778523495
0.461 0.49089683074848284
0.462 0.4912043301759135
0.463 0.4914908100748809
0.464 0.4907975460122699
0.465 0.4907849829351536
0.466 0.49175824175824173
0.467 0.4910220994475138
0.468 0.4906703524533517
0.469 0.49061848505906874
0.47 0.4906054279749478
0.471 0.49197487787857647
0.472 0.4926624737945492
0.473 0.49333333333333335
0.474 0.4933145672061929
0.475 0.4922316384180791
0.476 0.4925584691708008
0.477 0.49322879543834636
0.478 0.492494639027877
0.479 0.492816091954023
0.48 0.49207492795389046
0.481 0.4909747292418773
0.482 0.4898697539797395
0.483 0.49021029731689625
0.484 0.4909222948438635
0.485 0.49198250728862974
0.486 0.4927007299270073
0.487 0.4937820043891733
0.488 0.49486803519061584
0.489 0.49558823529411766
0.49 0.4963126843657817
0.491 0.49741315594974134
0.492 0.49814677538917723
0.493 0.49702380952380953
0.494 0.49664929262844376
0.495 0.4966442953020135
0.496 0.4962686567164179
0.497 0.49589245705750556
0.498 0.49589245705750556
0.499 0.49663928304705
0.5 0.4970104633781764
0.501 0.4970104633781764
0.502 0.49850746268656715
0.503 0.5
0.504 0.500374531835206
0.505 0.5007496251874063
0.506 0.5003756574004508
0.507 0.5007518796992482
0.508 0.49962321024868117
0.509 0.4988696307460437
0.51 0.4988696307460437
0.511 0.49811320754716987
0.512 0.4962292609351433
0.513 0.4962292609351433
0.514 0.4962292609351433
0.515 0.4962292609351433
0.516 0.4962178517397882
0.517 0.4962178517397882
0.518 0.4965831435079727
0.519 0.4961948249619482
0.52 0.4969604863221884
0.521 0.4977168949771689
0.522 0.49847560975609756
0.523 0.49847560975609756
0.524 0.49847560975609756
0.525 0.4992389649923896
0.526 0.5
0.527 0.49961861174675815
0.528 0.4992343032159265
0.529 0.498847040737894
0.53 0.4976958525345622
0.531 0.4969230769230769
0.532 0.4957594448727834
0.533 0.4957594448727834
0.534 0.4938080495356037
0.535 0.4918667699457785
0.536 0.4910783553141971
0.537 0.4914596273291926
0.538 0.49181605611847234
0.539 0.49296875000000007
0.54 0.49295774647887325
0.541 0.49412685982772125
0.542 0.4948939512961509
0.543 0.49568627450980396
0.544 0.49882168106834246
0.545 0.5019607843137255
0.546 0.5046948356807511
0.547 0.5070093457943925
0.548 0.5093312597200621
0.549 0.5108527131782945
0.55 0.5112490302560124
0.551 0.5112316034082106
0.552 0.5116279069767442
0.553 0.5104570100697133
0.554 0.5081332300542215
0.555 0.5042602633617351
0.556 0.5
0.557 0.4961300309597524
0.558 0.49303405572755415
0.559 0.49111969111969106
0.56 0.490726429675425
0.561 0.4915254237288135
0.562 0.4919168591224019
0.563 0.4926866820631255
0.564 0.4946070878274268
0.565 0.49729729729729727
0.566 0.49883449883449876
0.567 0.5007788161993769
0.568 0.50234375
0.569 0.503125
0.57 0.5023510971786834
0.571 0.5007824726134585
0.572 0.4992163009404389
0.573 0.4988253719655443
0.574 0.49804534792806887
0.575 0.4980514419329696
0.576 0.4984375
0.577 0.498048399687744
0.578 0.49765625
0.579 0.4972677595628416
0.58 0.4984350547730829
0.581 0.4988253719655443
0.582 0.5
0.583 0.4999999999999999
0.584 0.49881982690794646
0.585 0.4980361351139042
0.586 0.49763779527559054
0.587 0.4968454258675079
0.588 0.49723756906077354
0.589 0.49723756906077354
0.59 0.49723756906077343
0.591 0.4964426877470356
0.592 0.4956452889944577
0.593 0.4968404423380727
0.594 0.49841772151898733
0.595 0.49960536700868197
0.596 0.501577287066246
0.597 0.5023696682464455
0.598 0.5027624309392266
0.599 0.5027624309392265
0.6 0.5035460992907801
0.601 0.5051221434200157
0.602 0.5059194948697711
0.603 0.5035516969218626
0.604 0.5027624309392265
0.605 0.5011820330969267
0.606 0.5000000000000001
0.607 0.4996066089693155
0.608 0.4999999999999999
0.609 0.4999999999999999
0.61 0.4992163009404389
0.611 0.4984350547730829
0.612 0.4984350547730829
0.613 0.49882168106834246
0.614 0.4984251968503937
0.615 0.49881796690307334
0.616 0.49881796690307323
0.617 0.499211356466877
0.618 0.497634069400631
0.619 0.49802994483845553
0.62 0.4992138364779874
0.621 0.5003921568627452
0.622 0.5011746280344557
0.623 0.5027407987470633
0.624 0.5039184952978056
0.625 0.5039184952978056
0.626 0.504306969459671
0.627 0.5050820953870211
0.628 0.505485893416928
0.629 0.5039246467817896
0.63 0.5023510971786834
0.631 0.5011727912431587
0.632 0.5003903200624512
0.633 0.49921996879875197
0.634 0.4988308651597817
0.635 0.4988308651597817
0.636 0.4984423676012461
0.637 0.4968847352024922
0.638 0.49766355140186913
0.639 0.49921996879875197
0.64 0.5
0.641 0.5003897116134061
0.642 0.5007788161993769
0.643 0.5011691348402182
0.644 0.5011691348402182
0.645 0.501557632398754
0.646 0.5027195027195027
0.647 0.5035019455252918
0.648 0.5031104199066874
0.649 0.5027195027195027
0.65 0.5023291925465838
0.651 0.5019394879751746
0.652 0.5027068832173242
0.653 0.5023219814241486
0.654 0.5023219814241486
0.655 0.5019334880123744
0.656 0.5015408320493067
0.657 0.5023076923076923
0.658 0.5030721966205837
0.659 0.5030721966205837
0.66 0.5030721966205837
0.661 0.5023076923076923
0.662 0.5011511895625479
0.663 0.5015360983102919
0.664 0.5015360983102919
0.665 0.5007692307692307
0.666 0.5
0.667 0.49923312883435583
0.668 0.498468606431853
0.669 0.49923547400611623
0.67 0.5
0.671 0.5019069412662089
0.672 0.5019069412662089
0.673 0.5019069412662089
0.674 0.5026656511805027
0.675 0.5034324942791761
0.676 0.5026737967914439
0.677 0.5034324942791761
0.678 0.5034324942791761
0.679 0.5026656511805027
0.68 0.5011424219345012
0.681 0.5007587253414264
0.682 0.5007587253414264
0.683 0.5
0.684 0.49848024316109424
0.685 0.49848024316109424
0.686 0.4992389649923896
0.687 0.4973343488194974
0.688 0.49656750572082375
0.689 0.4954128440366972
0.69 0.49617151607963245
0.691 0.4954128440366972
0.692 0.4961832061068702
0.693 0.4965570007651109
0.694 0.49693251533742333
0.695 0.49615975422427033
0.696 0.4973180076628353
0.697 0.4996168582375479
0.698 0.501531393568147
0.699 0.5019215987701768
0.7 0.5019215987701768
0.701 0.5019215987701768
0.702 0.5026778882938026
0.703 0.5045801526717557
0.704 0.5060975609756098
0.705 0.5072463768115941
0.706 0.5049580472921433
0.707 0.5049354593773728
0.708 0.5045385779122542
0.709 0.5060514372163389
0.71 0.5060514372163389
0.711 0.5056775170325511
0.712 0.5037764350453172
0.713 0.5022590361445783
0.714 0.5011269722013523
0.715 0.50187265917603
0.716 0.503003003003003
0.717 0.5022455089820359
0.718 0.501867064973861
0.719 0.5014903129657228
0.72 0.5018615040953089
0.721 0.5022354694485842
0.722 0.5026099925428785
0.723 0.5022388059701492
0.724 0.5022388059701492
0.725 0.5011169024571853
0.726 0.5011169024571853
0.727 0.5007440476190477
0.728 0.5003717472118959
0.729 0.5
0.73 0.5
0.731 0.5
0.732 0.5003706449221647
0.733 0.5007418397626113
0.734 0.5007418397626113
0.735 0.5007418397626113
0.736 0.5003711952487008
0.737 0.5003711952487008
0.738 0.5003711952487008
0.739 0.5003711952487008
0.74 0.5
0.741 0.5
0.742 0.49962935507783546
0.743 0.49962935507783546
0.744 0.49962935507783546
0.745 0.5003700962250185
0.746 0.5011102886750555
0.747 0.5011102886750555
0.748 0.5011102886750555
0.749 0.5011102886750555
0.75 0.5011102886750555
0.751 0.5011102886750555
0.752 0.5011102886750555
0.753 0.5011102886750555
0.754 0.5007407407407407
0.755 0.49962990377498145
0.756 0.4992603550295858
0.757 0.4992603550295858
0.758 0.4992603550295858
0.759 0.4992603550295858
0.76 0.4996304508499631
0.761 0.5
0.762 0.5
0.763 0.5003690036900369
0.764 0.5018422991893884
0.765 0.5022123893805309
0.766 0.5025792188651438
0.767 0.5025792188651438
0.768 0.5025792188651438
0.769 0.5025792188651438
0.77 0.5022091310751104
0.771 0.5018395879323031
0.772 0.5018395879323031
0.773 0.5003684598378777
0.774 0.49963262307127115
0.775 0.49926470588235294
0.776 0.4988978692138134
0.777 0.49926578560939794
0.778 0.49926578560939794
0.779 0.49926578560939794
0.78 0.49963316214233305
0.781 0.5003663003663004
0.782 0.5007320644216691
0.783 0.5018341892883346
0.784 0.5018315018315018
0.785 0.5032918800292611
0.786 0.5040175310445582
0.787 0.504734158776402
0.788 0.504734158776402
0.789 0.5029239766081871
0.79 0.49852724594992637
0.791 0.4988994864269992
0.792 0.4996342355523043
0.793 0.5014577259475219
0.794 0.5014556040756915
0.795 0.5007256894049347
0.796 0.5
0.797 0.5
0.798 0.5028694404591105
0.799 0.5089221984296931
0.8 0.5129496402877698
0.804 0.5118449389806174
0.808 0.5100430416068866
0.812 0.5082201572551822
0.816 0.5085592011412269
0.82 0.5088967971530249
0.824 0.509594882729211
0.828 0.5092067988668555
0.832 0.5070323488045007
0.836 0.5038274182324287
0.84 0.5048611111111111
0.844 0.5062326869806094
0.848 0.5079584775086505
0.852 0.508298755186722
0.856 0.507936507936508
0.86 0.5079146593255335
0.864 0.5078929306794784
0.868 0.5078713210130048
0.872 0.5075136612021858
0.876 0.5068119891008175
0.88 0.5057783820530252
0.884 0.5047425474254743
0.888 0.504054054054054
0.892 0.5040485829959515
0.896 0.5037086985839514
0.9 0.503030303030303
0.904 0.5023537323470073
0.908 0.5016789791806582
0.912 0.5010073875083949
0.916 0.5006711409395973
0.92 0.5006711409395973
0.924 0.5
0.928 0.4993288590604027
0.932 0.4989939637826961
0.936 0.4989939637826961
0.94 0.4989939637826961
0.944 0.4986577181208054
0.948 0.4986577181208054
0.952 0.49899261249160515
0.956 0.49899261249160515
0.96 0.4986559139784946
0.964 0.4989912575655682
0.968 0.49898989898989904
0.972 0.4983142279163857
0.976 0.4979757085020243
0.98 0.4979757085020243
0.984 0.4983119513841999
0.988 0.497972972972973
0.992 0.49763353617308986
0.996 0.497972972972973
1.0 0.49864864864864866
1.004 0.49898717083051997
1.008 0.49966239027684
1.012 0.5
1.016 0.5003385240352065
1.02 0.5003385240352065
1.024 0.5
1.028 0.5
1.032 0.5003394433129668
1.036 0.499320652173913
1.04 0.4986413043478261
1.044 0.4983027834351664
1.048 0.4983050847457627
1.052 0.49864314789687925
1.056 0.49864314789687925
1.06 0.4993224932249323
1.064 0.5
1.068 0.5003389830508475
1.072 0.5006775067750677
1.076 0.5013568521031208
1.08 0.501358695652174
1.084 0.5010197144799455
1.088 0.5003399048266485
1.092 0.4993188010899183
1.096 0.4979508196721312
1.1 0.49624060150375937
1.104 0.4948665297741273
1.108 0.4945205479452055
1.112 0.49314128943758573
1.116 0.4924450549450549
1.12 0.49208534067446663
1.124 0.49242424242424243
1.128 0.4927636113025499
1.132 0.4937845303867403
1.136 0.4951523545706371
1.14 0.49583333333333335
1.144 0.49581589958158995
1.148 0.49616189811584094
1.152 0.4972027972027972
1.156 0.49789915966386555
1.16 0.4978932584269663
1.164 0.4975404075895994
1.168 0.4971870604781997
1.172 0.4968332160450387
1.176 0.4968332160450387
1.18 0.4971830985915493
1.184 0.4978813559322034
1.188 0.4975265017667844
1.192 0.4971711456859972
1.196 0.4968152866242039
1.2 0.4975194897236002
1.204 0.4975159687721789
1.208 0.4978693181818182
1.212 0.49822316986496085
1.216 0.49822316986496085
1.22 0.49822316986496085
1.224 0.4982206405693951
1.228 0.4982181040627227
1.232 0.49821556031406145
1.236 0.4982130092923516
1.24 0.4982130092923516
1.244 0.4982104509663565
1.248 0.4978510028653295
1.252 0.49749103942652323
1.256 0.4971305595408895
1.26 0.4971305595408895
1.264 0.4974874371859297
1.268 0.4978448275862069
1.272 0.4982027318475916
1.276 0.49820014398848095
1.28 0.4978386167146974
1.284 0.49783549783549785
1.288 0.49783236994219654
1.292 0.49782923299565845
1.296 0.49782608695652175
1.3 0.4974619289340101
1.304 0.49709724238026126
1.308 0.49673202614379086
1.312 0.49673202614379086
1.316 0.49709302325581395
1.32 0.4974545454545454
1.324 0.4967177242888402
1.328 0.4963450292397661
1.332 0.49560117302052786
1.336 0.4948529411764706
1.34 0.4941002949852507
1.344 0.4937176644493718
1.348 0.49333333333333335
1.352 0.4925816023738872
1.356 0.4914498141263941
1.36 0.49107142857142855
1.364 0.49141150112023896
1.368 0.49214659685863876
1.372 0.49325337331334335
1.376 0.49436513899323814
1.38 0.4954819277108434
1.384 0.4962292609351433
1.388 0.49659863945578225
1.392 0.49696969696969695
1.396 0.4984825493171472
1.4 0.4992412746585736
1.404 0.5
1.408 0.5003796507213364
1.412 0.5003796507213364
1.416 0.5
1.42 0.49961977186311785
1.424 0.49961977186311785
1.428 0.5003802281368821
1.432 0.5003808073115005
1.436 0.5
1.44 0.49961977186311785
1.444 0.4988575780654989
1.448 0.4980959634424981
1.452 0.4977134146341463
1.456 0.49770992366412214
1.46 0.49770642201834864
1.464 0.49693721286370596
1.468 0.4965570007651109
1.472 0.4965517241379311
1.476 0.4965517241379311
1.48 0.4965517241379311
1.484 0.4973138910207214
1.488 0.4976958525345622
1.492 0.49846390168970817
1.496 0.49923195084485406
1.5 0.5003837298541827
1.504 0.5015360983102919
1.508 0.5019186492709132
1.512 0.5026861089792786
1.516 0.5030674846625767
1.52 0.503448275862069
1.524 0.5038284839203675
1.528 0.5038284839203675
1.532 0.503822629969419
1.536 0.5034377387318564
1.54 0.5026697177726925
1.544 0.5019069412662089
1.548 0.500763358778626
1.552 0.5
1.556 0.49923664122137407
1.56 0.4984732824427481
1.564 0.49770992366412214
1.568 0.4969418960244648
1.572 0.49617737003058104
1.576 0.49617737003058104
1.58 0.4965622612681437
1.584 0.4973262032085562
1.588 0.49808722264728383
1.592 0.498468606431853
1.596 0.4988505747126437
1.6 0.498848810437452
1.604 0.49923195084485406
1.608 0.5
1.612 0.5
1.616 0.4996144949884349
1.62 0.4988434849653046
1.624 0.49807247494217427
1.628 0.4976851851851852
1.632 0.4976851851851852
1.636 0.4976851851851852
1.64 0.49768160741885625
1.644 0.497293116782676
1.648 0.4969040247678019
1.652 0.4968992248062015
1.656 0.4968944099378882
1.66 0.4972804972804972
1.664 0.4976671850699844
1.668 0.49766355140186913
1.672 0.49766355140186913
1.676 0.49766355140186913
1.68 0.4980514419329696
1.684 0.4984399375975039
1.688 0.49921996879875197
1.692 0.5
1.696 0.5
1.7 0.4996090695856138
1.704 0.49921752738654157
1.708 0.4996084573218481
1.712 0.49921630094043895
1.716 0.49921630094043895
1.72 0.49882352941176483
1.724 0.4980361351139042
1.728 0.4968553459119498
1.732 0.49646504320502755
1.736 0.4968553459119497
1.74 0.49724626278520856
1.744 0.4972419227738376
1.748 0.4972419227738376
1.752 0.49723756906077354
1.756 0.49723756906077354
1.76 0.4976303317535546
1.764 0.49841772151898733
1.768 0.49920760697305866
1.772 0.49920760697305866
1.776 0.49920760697305866
1.78 0.4992076069730587
1.784 0.499603489294211
1.788 0.499603489294211
1.792 0.5
1.796 0.5
1.8 0.49920508744038156
1.804 0.4984076433121019
1.808 0.49760765550239233
1.812 0.4968051118210863
1.816 0.496
1.82 0.4951923076923077
1.824 0.4943820224719101
1.828 0.49356913183279744
1.832 0.49275362318840576
1.836 0.4923448831587429
1.84 0.493139628732849
1.844 0.4935275080906149
1.848 0.4939172749391727
1.852 0.4938974776240846
1.856 0.4938775510204081
1.86 0.49344262295081964
1.864 0.4930041152263374
1.868 0.4917218543046358
1.872 0.49169435215946844
1.876 0.49083333333333334
1.88 0.4891304347826087
1.884 0.48782535684298906
1.888 0.48694187026116265
1.892 0.4873310810810811
1.896 0.48815566835871405
1.9 0.4885301614273576
1.904 0.4906462585034014
1.908 0.49274124679760883
1.912 0.4927163667523564
1.916 0.49485420240137223
1.92 0.4965576592082616
1.924 0.49827288428324695
1.928 0.4995670995670995
1.932 0.5
1.936 0.5008650519031141
1.94 0.5017331022530329
1.944 0.5008650519031141
1.948 0.501727115716753
1.952 0.5025951557093425
1.956 0.5030146425495263
1.96 0.5042955326460481
1.964 0.5047210300429185
1.968 0.5051457975986278
1.972 0.5055698371893745
1.976 0.5051282051282051
1.98 0.5055508112724167
1.984 0.5063938618925832
1.988 0.5059523809523809
1.992 0.5059523809523809
1.996 0.5046649703138252
2.0 0.5033840947546532
2.004 0.5033783783783784
2.008 0.5033726812816189
2.012 0.5033670033670034
2.016 0.5033613445378151
2.02 0.5029387069689336
2.024 0.5025125628140703
2.028 0.5025083612040134
2.032 0.5029239766081872
2.036 0.503338898163606
2.04 0.503338898163606
2.044 0.5029190992493744
2.048 0.5025000000000001
2.052 0.5020815986677768
2.056 0.5016638935108153
2.06 0.5016638935108153
2.064 0.5012468827930174
2.068 0.4980791715383331
2.072 0.4945424013434088
2.076 0.4907524702305549
2.08 0.48863636363636365
2.084 0.4872012926269241
2.088 0.4847475006408613
2.092 0.4810224632068164
2.096 0.47724317295188556
2.1 0.47473867595818814
2.1004 0.4764716096544539
2.1013 0.48003487358326064
2.1021 0.48428333771123366
2.103 0.48770166622586614
2.1038 0.48795876655114184
2.1047 0.48807077115539277
2.1055 0.4910281715413602
2.1064 0.49525873746952037
2.1073 0.49826831935836674
2.1081 0.4982969713707079
2.109 0.49563459240878605
2.1098 0.4942127503215139
2.1107 0.49280146721687307
2.1115 0.49373112473689024
2.1124 0.49679252199413493
2.1133 0.4980702076824112
2.1141 0.4977055800293686
2.115 0.4967884015415672
2.1159 0.4977030503491364
2.1167 0.5006457564575645
2.1176 0.5011562297659791
2.1184 0.5001858045336306
2.1193 0.4997207223980637
2.1202 0.49827954989305306
2.121 0.49684425468721
2.1219 0.49693707072582144
2.1228 0.4982420429311621
2.1237 0.4995840650707089
2.1245 0.4989826119126896
2.1254 0.498567864732514
2.1263 0.5011049723756907
2.1271 0.5040530582166545
2.128 0.5049340588398045
2.1289 0.5053088357492383
2.1298 0.505724838411819
2.1306 0.5059518316877365
2.1315 0.5053279441484476
2.1324 0.5058963342170216
2.1333 0.5065398335315101
2.1341 0.5044085231447465
2.135 0.5006881365262867
2.1359 0.49848776464118777
2.1368 0.4981208176734806
2.1376 0.4979359691771396
2.1385 0.4970615243342516
2.1394 0.4959551388122816
2.1403 0.4942074292019124
2.1412 0.4920605782469022
2.1421 0.4919266055045872
2.1429 0.4942444055622064
2.1438 0.4971897171289045
2.1447 0.4992634873872215
2.1456 0.49963167587476986
2.1465 0.4989846778659774
2.1474 0.49865703436139663
2.1483 0.4986991265564021
2.1492 0.49990695943431335
2.1501 0.50041934582052
2.1509 0.5002330133283623
2.1519 0.4996270743986575
2.1527 0.4981865525899749
2.1536 0.496565168956554
2.1545 0.49633342615798753
2.1554 0.49735006973500706
2.1563 0.4988364516429303
2.1572 0.5003723701359151
2.1581 0.5012531328320803
2.159 0.5015316067947646
2.1599 0.5011618180128266
2.1608 0.5008847909099376
2.1617 0.5014425314099581
2.1626 0.5029272372456092
2.1635 0.5040348761710416
2.1644 0.5038953811908737
2.1653 0.5029679094787609
2.1662 0.5018535681186282
2.1671 0.5004625346901017
2.168 0.5000462663088738
2.1689 0.500602019079374
2.1698 0.5008816705336427
2.1708 0.4995820562830873
2.1717 0.49767959903471326
2.1726 0.49591836734693884
2.1735 0.4940869727162677
2.1744 0.4923235349185546
2.1753 0.49111925570904996
2.1762 0.4908714473931865
2.1771 0.4916274694261524
2.178 0.4924406047516199
2.179 0.4925723956374577
2.1799 0.4933119819140919
2.1808 0.49477056440214834
2.1817 0.49689440993788825
2.1826 0.5
2.1836 0.5029300567107751
2.1845 0.5045036503271073
2.1854 0.5039467427484546
2.1863 0.5020011435105776
2.1872 0.5014735240992491
2.1882 0.5015697840357721
2.1891 0.5008102182823372
2.19 0.4998571292504048
2.1909 0.49867071781238137
2.1919 0.4974902926413487
2.1928 0.4967369715312588
2.1937 0.4958787304594979
2.1946 0.4958614784511465
2.1956 0.4961744452945677
2.1965 0.49608330149025603
2.1974 0.4969465648854961
2.1984 0.4982811306340718
2.1993 0.498710478555736
2.2002 0.4988071380856952
2.2012 0.49871170913255075
2.2021 0.4989027764526286
2.203 0.5003341288782817
2.204 0.5018160963486905
2.2049 0.5030651340996168
2.2058 0.503916698509744
2.2068 0.5038109756097561
2.2077 0.503567690990391
2.2087 0.5032822757111598
2.2096 0.5034201026030781
2.2106 0.5047384382107657
2.2115 0.5055786686838124
2.2124 0.5053793884484711
2.2134 0.5044364734755521
2.2143 0.5022272770353522
2.2153 0.5004261767212804
2.2162 0.5002835002835002
2.2172 0.5001888574126534
2.2181 0.5004721435316336
2.2191 0.4994332136784433
2.22 0.49716767371601206
2.221 0.49623139250047105
2.2219 0.49576271186440685
2.2229 0.4961342636243636
2.2238 0.4977727229646479
2.2248 0.49829092290163307
2.2257 0.49838923630850857
2.2267 0.4990069043790787
2.2276 0.5
2.2286 0.5019781461944236
2.2296 0.5026445032111825
2.2305 0.5025500566679258
2.2315 0.5032081524816002
2.2324 0.5034912247593886
2.2334 0.5033100056742955
2.2344 0.5033125118303994
2.2353 0.5024593265228907
2.2363 0.5007570022710068
2.2372 0.49848599545798633
2.2382 0.49721671855835453
2.2392 0.4977349943374858
2.2401 0.49849198868991523
2.2411 0.4992488262910798
2.2421 0.5000936855911561
2.2431 0.500750469043152
2.244 0.499764838679334
2.245 0.498442073458597
2.246 0.4992429977289933
2.2469 0.5009473285335354
2.2479 0.5008524341731388
2.2489 0.5007572889057176
2.2499 0.4994795116873284
2.2508 0.4975429975429975
2.2518 0.4963200603887526
2.2528 0.4972687888491241
2.2538 0.4999529411764706
2.2548 0.5011811395634508
2.2557 0.5004733951903049
2.2567 0.4995267840242286
2.2577 0.4986252014790935
2.2587 0.4980072119946859
2.2597 0.49890819329725616
2.2607 0.4997624703087886
2.2616 0.5002375296912114
2.2626 0.4997631454287068
2.2636 0.4995760715967969
2.2646 0.5005179395423297
2.2656 0.5012737050665157
2.2666 0.5020284932540806
2.2676 0.5035869360015103
2.2686 0.5041572184429327
2.2696 0.504104935359064
2.2706 0.5036799396112474
2.2715 0.5031612720581298
2.2725 0.5021236432279378
2.2735 0.5000942684766214
2.2745 0.49882131070249885
2.2755 0.49787354692373126
2.2765 0.4959742351046699
2.2775 0.49445655263905997
2.2785 0.49412210845657945
2.2795 0.4942245786782806
2.2805 0.49465114077440125
2.2815 0.4947887057039985
2.2825 0.49539979133074075
2.2835 0.49758499857941096
2.2845 0.4993848774486609
2.2856 0.5009946007388464
2.2866 0.5029428517182457
2.2876 0.5042280285035629
2.2886 0.5035244808534959
2.2896 0.5021934007247758
2.2906 0.5020015249714068
2.2916 0.5024297284421152
2.2926 0.501859799713877
2.2936 0.49995241267726276
2.2947 0.49843170801254627
2.2957 0.4972911320216709
2.2967 0.4958127141225732
2.2977 0.49538841875059425
2.2987 0.4970025692263774
2.2997 0.4983806439321775
2.3008 0.49861970490242746
2.3018 0.4981918538256566
2.3028 0.4987616688893123
2.3038 0.5002378460660261
2.3049 0.5005238594151823
2.3059 0.5000477783086479
2.3069 0.5008622341444722
2.3079 0.5011012161256344
2.309 0.5001913875598087
2.31 0.4983700862895493
2.311 0.4974575458121463
2.3121 0.49760076775431866
2.3131 0.4965384615384615
2.3141 0.4957322336242447
2.3152 0.49679210954706493
2.3162 0.4973102785782901
2.3172 0.4964361394721633
2.3182 0.49629415728174037
2.3193 0.4983203762357232
2.3203 0.5005284904391275
2.3214 0.5009624639076034
2.3224 0.5012984514763874
2.3234 0.5021690928371733
2.3245 0.5019271535941414
2.3255 0.5016809144174431
2.3266 0.5027852477910104
2.3276 0.5038505968425105
2.3287 0.5035624879645676
2.3297 0.5011529592621061
2.3308 0.49951960030745574
2.3318 0.4991339491916859
2.3329 0.4987979613424368
2.3339 0.4982178980830363
2.335 0.49749180011576316
2.336 0.4970146379044684
2.3371 0.49687650168188374
2.3381 0.496052378201425
2.3392 0.4961464354527939
2.3402 0.4973014649190439
2.3413 0.4984564923789312
2.3423 0.49879215383128805
2.3434 0.4993243243243243
2.3445 0.5001932740626208
2.3455 0.5002422715379397
2.3466 0.49956365751963544
2.3476 0.500048351223286
2.3487 0.5015479876160991
2.3498 0.5022711897168262
2.3508 0.5029859371989983
2.3519 0.5037456780637726
2.353 0.5037969816399116
2.354 0.5028829521429944
2.3551 0.5018286814244465
2.3562 0.5014005602240897
2.3572 0.5004847779716889
2.3583 0.4990311955047471
2.3594 0.4981121115306419
2.3605 0.49651230381708966
2.3615 0.4941393005909135
2.3626 0.4930407887106128
2.3637 0.4939654340059863
2.3648 0.49532259620021213
2.3658 0.4968152866242039
2.3669 0.4983571704677233
2.368 0.499369605275919
2.3691 0.49917355371900823
2.3702 0.4989287105570705
2.3712 0.5003412303792532
2.3723 0.502147179387078
2.3734 0.5018068170719797
2.3745 0.5001953888237592
2.3756 0.4984375000000001
2.3767 0.4968725566849101
2.3778 0.49668163185633424
2.3789 0.49741337237676914
2.38 0.4986328125
2.3811 0.4987279843444227
2.3821 0.49720779856960906
2.3832 0.4959835423197492
2.3843 0.49652131308182257
2.3854 0.49720121771580084
2.3865 0.49832907411047767
2.3876 0.5
2.3887 0.5010295126973232
2.3898 0.5005390571400569
2.3909 0.49946083717282624
2.392 0.49921399096089614
2.3931 0.499358784650291
2.3942 0.4991096161456272
2.3954 0.4989121835443037
2.3965 0.49886172424032466
2.3976 0.49737285615148197
2.3987 0.49483306836248003
2.3998 0.4929046343157686
2.4009 0.49320234196685525
2.402 0.4943429932512903
2.4031 0.49613248710829044
2.4042 0.4985636453689945
2.4053 0.500396118043177
2.4065 0.5011864741941863
2.4076 0.5020254915522182
2.4087 0.5038077341509247
2.4098 0.5052160953800299
2.4109 0.5053281545662782
2.4121 0.5050786695877316
2.4132 0.504624564893088
2.4143 0.5025850069596342
2.4154 0.5003474635163309
2.4165 0.4986108354832308
2.4177 0.4966736173170491
2.4188 0.4953317441398491
2.4199 0.49484331614438715
2.4211 0.49528535980148886
2.4222 0.49597695440548334
2.4233 0.4960755091902634
2.4245 0.49612711022840117
2.4256 0.4973650193894799
2.4267 0.4993045897079276
2.4279 0.5003976933784052
2.429 0.5009478200139679
2.4301 0.5016488458079343
2.4313 0.50229403550768
2.4324 0.5023436720853696
2.4336 0.5013980427401639
2.4347 0.5007499250074993
2.4358 0.5
2.437 0.4987473694758994
2.4381 0.497851933260066
2.4393 0.4977045908183633
2.4404 0.4975985591354813
2.4416 0.4962873770820791
2.4427 0.4944790202770528
2.4439 0.4950375939849624
2.445 0.4971960745043061
2.4462 0.4980455046607197
2.4473 0.49768751256786653
2.4485 0.4973742678246819
2.4497 0.4963614311704063
2.4508 0.49590619630041444
2.452 0.4966599190283401
2.4531 0.49852985906924874
2.4543 0.4997461155681933
2.4554 0.4982217254344071
2.4566 0.4961948249619483
2.4578 0.4960957306561201
2.459 0.49797160243407707
2.4601 0.5006590286930954
2.4613 0.5031363820315662
2.4625 0.5043943832710375
2.4636 0.5039425798625151
2.4648 0.5024790043509056
2.466 0.5026278552658177
2.4671 0.5040962880550217
2.4683 0.5046094620605815
2.4695 0.5035518571138623
2.4707 0.5015734443203735
2.4718 0.49898538961038963
2.473 0.497219694671924
2.4742 0.4965211253403247
2.4754 0.49722642460917804
2.4766 0.49807964422882556
2.4777 0.49787964458804523
2.4789 0.498086606243706
2.4801 0.4986916264090177
2.4813 0.4985852869846402
2.4825 0.49878271454656115
2.4837 0.4988280851931111
2.4849 0.4981120522502296
2.4861 0.4974484588691569
2.4872 0.49678473001939366
2.4884 0.49606299212598426
2.4896 0.49477459016393444
2.4908 0.49297796002050226
2.492 0.49330197361693423
2.4932 0.49539783186745756
2.4944 0.4975475168608216
2.4956 0.5001021241830065
2.4968 0.5010732904017172
2.498 0.5003075661267172
2.4992 0.4999486283776841
2.5004 0.5005148270181219
2.5017 0.5020622808826561
2.5029 0.5028429649539956
2.5041 0.5012406947890818
2.5053 0.4988101396792551
2.5065 0.4962234868080704
2.5077 0.4943205287071458
2.5089 0.4942742185082018
2.5101 0.4950331125827815
2.5113 0.4954375777685608
2.5126 0.49548521017125063
2.5138 0.49491701244813274
2.515 0.49501661129568114
2.5162 0.4962593516209477
2.5174 0.49781250000000005
2.5187 0.49885057471264377
2.5199 0.49932015479552355
2.5211 0.5002086375964949
2.5223 0.5008868022952531
2.5236 0.5006792768314349
2.5248 0.4997904442581727
2.526 0.49921276372415246
2.5272 0.49842204923206396
2.5285 0.49710434874170795
2.5297 0.4969473684210527
2.5309 0.4978436941201221
2.5322 0.49779086892488955
2.5334 0.4971158888306241
2.5347 0.4968032700974741
2.5359 0.49774609497850936
2.5371 0.4986335926003784
2.5384 0.4989992626145581
2.5396 0.5001582445405633
2.5409 0.5004232804232804
2.5421 0.49920441285668826
2.5434 0.49739832218328556
2.5446 0.49670282918527975
2.5459 0.4970288624787775
2.5471 0.49676186431680647
2.5484 0.4952694801743382
2.5496 0.49364926886540716
2.5509 0.4915199656504938
2.5521 0.4903246613631476
2.5534 0.4910128080938542
2.5546 0.49354283254412395
2.5559 0.49542173866207034
2.5572 0.49524427150886285
2.5584 0.4951498167708558
2.5597 0.4969358133534029
2.5609 0.49881669535283996
2.5622 0.5009172331930506
2.5635 0.5033622559652928
2.5647 0.5033754355400697
2.566 0.5019106889398406
2.5673 0.5001634877384196
2.5686 0.49972805395409553
2.5698 0.4996724175584189
2.5711 0.4972641715911578
2.5724 0.4956901254773596
2.5737 0.4967986977753663
2.5749 0.4968021680216802
2.5762 0.4974553329723877
2.5775 0.4983723958333333
2.5788 0.49863671065546955
2.58 0.4977563751778483
2.5813 0.49627192982456136
2.5826 0.49514563106796117
2.5839 0.49533540648600616
2.5852 0.49426694868084153
2.5865 0.4926861702127659
2.5878 0.4930870478929322
2.5891 0.4927120141342756
2.5904 0.4922056384742952
2.5917 0.49262013095105983
2.593 0.49399198931909216
2.5943 0.4982261640798226
2.5955 0.5026595744680851
2.5968 0.5043342965103357
2.5981 0.5051270619705751
2.5995 0.504789485408777
2.6008 0.5037292663920739
2.6021 0.5031180400890869
2.6034 0.5037895675434685
2.6047 0.5044652824291136
2.606 0.503244573730141
2.6073 0.4987731429846085
2.6086 0.4958319439813271
2.6099 0.4958898022661631
2.6112 0.4954914839140599
2.6126 0.4953791337267565
2.6139 0.49621465152527283
2.6152 0.49877967605946305
2.6165 0.5008833922261484
2.6178 0.500442184390891
2.6191 0.5012197826569084
2.6205 0.502724341154231
2.6218 0.5021205357142857
2.6231 0.5015631978561859
2.6244 0.5030147387226441
2.6258 0.5049515967508623
2.6271 0.5045025013896609
2.6284 0.5018282548476455
2.6298 0.5005505395287382
2.6311 0.5014866204162537
2.6324 0.5012138600750387
2.6338 0.501488587495865
2.6351 0.5025981205085682
2.6364 0.5024368630926007
2.6378 0.5001109631602308
2.6391 0.4955535793686083
2.6405 0.49250726906732273
2.6418 0.49175176747839755
2.6432 0.490929451287794
2.6445 0.4913436836814476
2.6459 0.491263440860215
2.6472 0.4894476874719353
2.6486 0.4879477359765713
2.6499 0.48693586698337293
2.6513 0.4869664200341491
2.6526 0.48788052843193574
2.654 0.488264001859168
2.6553 0.48670493147475696
2.6567 0.48253068932955623
2.6581 0.47835882841219024
2.6594 0.4774216609078995
2.6608 0.47659063625450176
2.6622 0.4755447941888619
2.6635 0.4757033248081841
2.6649 0.47592796765894885
2.6663 0.47632552404438966
2.6676 0.4776230730979612
2.669 0.4807548112971757
2.6704 0.4846192637418054
2.6718 0.4851965288412455
2.6731 0.48396651641983257
2.6745 0.48515108286862924
2.6759 0.48626732932252165
2.6773 0.48584967750427804
2.6787 0.48440610484406105
2.6801 0.48098884858256075
2.6814 0.4759241576865366
2.6828 0.469452489311819
2.6842 0.4646239554317549
2.6856 0.46367611792918606
2.687 0.4614502722843221
2.6884 0.4572754968808937
2.6898 0.4558758963851896
2.6912 0.45640648011782037
2.6926 0.4581353919239905
2.694 0.46197775773970545
2.6954 0.465614948690458
2.6968 0.4670424299358071
2.6982 0.4650416933932008
2.6996 0.46360966057441255
2.701 0.4675045477096081
2.7024 0.47158424140821453
2.7038 0.47122729587506373
2.7052 0.46953098254022596
2.7066 0.46590515749394246
2.708 0.4634316634665736
2.7094 0.465917076598735
2.7109 0.47175491411368864
2.7123 0.4779477947794779
2.7137 0.4797656106940121
2.7151 0.4775457401589355
2.7165 0.4782044147653497
2.718 0.48179951465372406
2.7194 0.48536585365853663
2.7208 0.4907302307983353
2.7222 0.49447829398324455
2.7237 0.49524172059383326
2.7251 0.49247475709658983
2.7266 0.4892266256252405
2.728 0.488481062085123
2.7294 0.4865885157957481
2.7309 0.48212133386902367
2.7323 0.4798468359532446
2.7337 0.47926731078904994
2.7352 0.47869774919614144
2.7366 0.4786187512547681
2.7381 0.47876602564102566
2.7395 0.4818600922028462
2.741 0.4852226720647773
2.7424 0.4882389036612805
2.7439 0.49348500517063076
2.7453 0.49780288763339614
2.7468 0.49714889123548045
2.7482 0.49329644605235157
2.7497 0.48917006219172204
2.7511 0.48698084785883367
2.7526 0.48679407343783554
2.7541 0.4878568385172561
2.7555 0.49010848755583913
2.757 0.49093623373853706
2.7584 0.4909323661190526
2.7599 0.4927505330490405
2.7614 0.4956074566102421
2.7629 0.49924389717001516
2.7643 0.5061701667027495
2.7658 0.5110198789974071
2.7673 0.5106842218864666
2.7688 0.5085836909871245
2.7702 0.507587091258816
2.7717 0.5071719117961893
2.7732 0.5062231759656652
2.7747 0.5070392491467577
2.7762 0.5095419847328244
2.7777 0.5103813559322035
2.7792 0.5062302006335797
2.7806 0.5018955349620893
2.7821 0.5015799452285654
2.7836 0.5027276542173731
2.7851 0.5048988951427975
2.7866 0.5088119427742069
2.7881 0.5099709181553801
2.7896 0.5069487658162207
2.7911 0.5034097954122753
2.7926 0.5030940594059405
2.7941 0.5076006573541495
2.7956 0.5112797374897456
2.7971 0.5099814776703026
2.7986 0.5066913732756846
2.8002 0.5029755797250154
2.8017 0.5011181134376906
2.8032 0.5030364372469637
2.8047 0.5034538805363673
2.8062 0.5021459227467812
2.8077 0.4991786447638604
2.8093 0.4947863422612962
2.8108 0.49339565129038815
2.8123 0.4946982055464927
2.8138 0.4951794871794872
2.8154 0.49411764705882355
2.8169 0.4910179640718563
2.8184 0.4893136046033703
2.8199 0.4905427631578947
2.8215 0.49235537190082646
2.823 0.49480465502909393
2.8246 0.4970906068162926
2.8261 0.4987613542526837
2.8276 0.5009257354453817
2.8292 0.5028830313014827
2.8307 0.5046554934823091
2.8323 0.5054076539101497
2.8338 0.5057089474776832
2.8354 0.5071266267300144
2.8369 0.5094689172498971
2.8385 0.5094767202307375
2.84 0.5057851239669421
2.8416 0.5021636101380589
2.8431 0.49989730950913935
2.8447 0.4993849938499385
2.8463 0.5008186655751125
2.8478 0.5036764705882353
2.8494 0.5052802599512591
2.851 0.5029358169669974
2.8525 0.49989896948878565
2.8541 0.5016122531237405
2.8557 0.5045537340619308
2.8572 0.5053785264867059
2.8588 0.5050833672224482
2.8604 0.5047773937792234
2.862 0.5033488938502131
2.8636 0.4995941558441559
2.8651 0.4949248883475437
2.8667 0.4950193128684692
2.8683 0.49633550488599354
2.8699 0.4959497772377481
2.8715 0.4974803467042935
2.8731 0.5
2.8747 0.5017051153460381
2.8763 0.5014056224899599
2.8779 0.501206757843926
2.8794 0.504228755537656
2.881 0.5076736672051697
2.8826 0.5071847804088242
2.8843 0.5050751116524563
2.8859 0.5030438311688311
2.8875 0.500607041683529
2.8891 0.497375857892612
2.8907 0.4955627269060105
2.8923 0.4969782433521354
2.8939 0.4982887054560096
2.8955 0.4977938227035701
2.8971 0.4989037273270878
2.8988 0.502086230876217
2.9004 0.5050726079172468
2.902 0.5069610182975338
2.9036 0.5078575691267158
2.9053 0.5085759872357398
2.9069 0.5084033613445378
2.9085 0.5082718756228822
2.9101 0.5084409136047666
2.9118 0.5066587159610416
2.9134 0.5026822968408503
2.915 0.4995048524460289
2.9167 0.49702852614896986
2.9183 0.49674234945705825
2.92 0.49892051030421974
2.9216 0.502050380785003
2.9233 0.5030314883629963
2.9249 0.5008807985907223
2.9266 0.5
2.9282 0.5026341463414634
2.9299 0.5047954589939323
2.9315 0.5053932143557561
2.9332 0.5058105180224542
2.9348 0.5042364532019704
2.9365 0.4999016328939603
2.9382 0.49686888454011746
2.9398 0.49775434485452064
2.9415 0.5002929115407146
2.9432 0.5004878048780488
2.9449 0.49931972789115653
2.9465 0.4997090203685741
2.9482 0.500678163146677
2.9499 0.5017462165308498
2.9516 0.5033960799534252
2.9532 0.5056420233463035
2.9549 0.506511175898931
2.9566 0.5049524179452322
2.9583 0.5028138948185523
2.96 0.5011668611435239
2.9617 0.49951295538671336
2.9634 0.49775784753363234
2.9651 0.49668874172185434
2.9668 0.4955130706203668
2.9684 0.49493769470404986
2.9701 0.49494753206373887
2.9718 0.49545014520813174
2.9735 0.4982632188344268
2.9753 0.5021137586471944
2.977 0.5056589295990792
2.9787 0.5083413231064237
2.9804 0.5095100864553315
2.9821 0.5098981356909476
2.9838 0.5100308641975309
2.9855 0.5086023583993814
2.9872 0.5074453684006962
2.989 0.5055072463768117
2.9907 0.5011591962905718
2.9924 0.4971131639722863
2.9941 0.4947287713245159
2.9959 0.49350401222774165
2.9976 0.4927314460596787
2.9994 0.4921516079632466
3.0011 0.49329244921425836
3.0028 0.4953970080552359
3.0046 0.4967395473724588
3.0063 0.49904251244733816
3.008 0.5023978515250335
3.0098 0.5041274716836245
3.0115 0.5048916171110684
3.0133 0.5062129611928885
3.015 0.508115333206034
3.0168 0.5086009174311926
3.0185 0.5074626865671643
3.0203 0.5054566341183229
3.0221 0.5031651640130442
3.0238 0.5010530346544132
3.0256 0.5005720823798627
3.0274 0.5004755564009891
3.0291 0.499809958190802
3.0309 0.4989593188268685
3.0327 0.4989644134814536
3.0344 0.4992472713586752
3.0362 0.4998113919275745
3.038 0.5019807583474816
3.0398 0.5031255919681757
3.0416 0.5028495440729484
3.0434 0.5018029986714747
3.0451 0.5012322274881517
3.0469 0.5000950389659761
3.0487 0.49771428571428566
3.0505 0.49629348032693393
3.0523 0.49687085150768057
3.0541 0.49724909884272434
3.0559 0.4971655328798186
3.0577 0.49801549801549805
3.0595 0.49905374716124146
3.0613 0.4992424242424242
3.0631 0.4994320333207118
3.0649 0.5017045454545453
3.0667 0.5045506257110353
3.0686 0.5052112942960014
3.0704 0.5048195048195048
3.0722 0.5044431839667234
3.074 0.5027405027405027
3.0758 0.5024546827794563
3.0777 0.5035768072289157
3.0795 0.505162380326638
3.0813 0.5059925093632959
3.0831 0.5038396703502529
3.085 0.5019651880965751
3.0868 0.5023333955572148
3.0887 0.5029772981019724
3.0905 0.5039047973224247
3.0923 0.5049320677461381
3.0942 0.5050223214285714
3.096 0.5032497678737233
3.0979 0.5002785515320335
3.0997 0.49925871015567086
3.1016 0.5008350343291891
3.1035 0.5013015991074748
3.1053 0.5003713330857779
3.1072 0.5
3.109 0.4993534084611121
3.1109 0.4984285450175633
3.1128 0.49852234946435175
3.1146 0.5007369196757554
3.1165 0.5033185840707964
3.1184 0.5035016586804276
3.1202 0.5034038638454462
3.1221 0.5040470934510669
3.124 0.503225806451613
3.1259 0.5018429782528566
3.1278 0.50147547030616
3.1297 0.5020317694865164
3.1316 0.5015697137580795
3.1334 0.5007347538574578
3.1353 0.5009140767824497
3.1372 0.5010045662100456
3.1391 0.5008210180623974
3.141 0.5019992729916393
3.1429 0.5035460992907801
3.1448 0.5047289923608584
3.1468 0.5056363636363637
3.1487 0.5056384139687158
3.1506 0.5053724276088144
3.1525 0.5041833393961441
3.1544 0.5031731640979148
3.1563 0.5037090645920029
3.1582 0.5046020573903628
3.1602 0.5048404446038006
3.1621 0.5050938337801609
3.164 0.5049946485907956
3.166 0.5050720768820075
3.1679 0.506128974951146
3.1698 0.5078914701188154
3.1718 0.5091198866654861
3.1737 0.5090233545647558
3.1757 0.5079533404029692
3.1776 0.5063559322033898
3.1795 0.5052705551651441
3.1815 0.5049921177088808
3.1835 0.5049833887043189
3.1854 0.5047984644913628
3.1874 0.503485535029627
3.1893 0.5015663069961712
3.1913 0.5008680555555555
3.1933 0.5010405827263268
3.1952 0.5017337031900139
3.1972 0.5019968744573711
3.1992 0.5009543640465035
3.2011 0.5006927606511952
3.2031 0.5006915629322268
3.2051 0.5005179558011049
3.2071 0.5014667817083693
3.2091 0.5017289073305671
3.2111 0.5006922810661129
3.213 0.5
3.215 0.49982716902868995
3.217 0.5006908462867012
3.219 0.501123207188526
3.221 0.5007770678639268
3.223 0.5017205781142465
3.225 0.5025737817433081
3.227 0.5033327636301487
3.229 0.5057901907356949
3.2311 0.5084947332653754
3.2331 0.509674134419552
3.2351 0.5097474148160704
3.2371 0.5096414073071719
3.2391 0.5100523737117756
3.2412 0.5096381467703754
3.2432 0.5085945399393328
3.2452 0.5086394900184532
3.2472 0.5080187103240895
3.2493 0.5060701812739065
3.2513 0.5049619583195502
3.2534 0.5047823218997362
3.2554 0.5050205761316874
3.2574 0.504929346040092
3.2595 0.5043506813331144
3.2615 0.50419476887646
3.2636 0.5037816507727721
3.2656 0.502461437479488
3.2677 0.5021283562540929
3.2698 0.5025339218571195
3.2718 0.5026067122841317
3.2739 0.502842293324671
3.276 0.502996922080026
3.278 0.5035541195476576
3.2801 0.5046759109964527
3.2822 0.5049265062187046
3.2843 0.5043675186023941
3.2863 0.5042098445595855
3.2884 0.5048433968356474
3.2905 0.5056288195561274
3.2926 0.5055297323288989
3.2947 0.5050359712230216
3.2968 0.5047846889952153
3.2989 0.5042938931297709
3.301 0.5040405640944383
3.3031 0.5050664977834072
3.3052 0.505863708399366
3.3073 0.5051644684570158
3.3094 0.503335451080051
3.3115 0.5014272121788773
3.3136 0.5002376802408492
3.3157 0.49992084850403673
3.3179 0.4989710305524775
3.32 0.4976235741444867
3.3221 0.49627870150435466
3.3243 0.49549264589593545
3.3264 0.4958142473542884
3.3285 0.49715279974691556
3.3307 0.49841722063944294
3.3328 0.49865229110512127
3.3349 0.49849086576648144
3.3371 0.4992865070556524
3.3392 0.5010289694475226
3.3414 0.5026915769474352
3.3435 0.5039569484013928
3.3457 0.5046640316205534
3.3479 0.5048895899053628
3.35 0.5051173043615178
3.3522 0.5057290849160258
3.3544 0.5071305438019119
3.3565 0.5081504702194357
3.3587 0.5077380021885259
3.3609 0.5076228998133167
3.3631 0.5072936064556176
3.3652 0.5068917453925972
3.3674 0.5062645011600927
3.3696 0.5049489638107021
3.3718 0.5039430957167156
3.374 0.5030845157310302
3.3762 0.5025365103766334
3.3784 0.5028369881919951
3.3806 0.5029839326702372
3.3828 0.5026672763298278
3.385 0.5028136882129277
3.3872 0.503940588056987
3.3894 0.5055891238670696
3.3916 0.5077642092567466
3.3939 0.5097036256958025
3.3961 0.5106510651065106
3.3983 0.5102621722846442
3.4005 0.5094988780852655
3.4028 0.509109916367981
3.405 0.5083482409063803
3.4072 0.5079624944188124
3.4095 0.5078448786264061
3.4117 0.5072869129986751
3.414 0.5057960381511372
3.4162 0.5040257648953301
3.4185 0.5035005834305717
3.4207 0.5039324206233615
3.423 0.5044376545904263
3.4253 0.5045058139534885
3.4275 0.5031327407839138
3.4298 0.5006583760058523
3.432 0.49809830310122877
3.4343 0.496934306569343
3.4366 0.4971553610503283
3.4389 0.49715203738863734
3.4412 0.4961319515399212
3.4434 0.49547973170020415
3.4457 0.4951951077460687
3.448 0.4951272727272727
3.4503 0.4973067404280099
3.4526 0.5001460706982179
3.4549 0.5005134223265367
3.4572 0.4991908194791821
3.4595 0.49838092434501025
3.4618 0.4988221436984688
3.4642 0.499263406010607
3.4665 0.49955817378497797
3.4688 0.5
3.4711 0.5000734322220591
3.4734 0.4993404660706435
3.4758 0.499853929301782
3.4781 0.5024063001312528
3.4804 0.5049606069448498
3.4828 0.5064859349948987
3.4851 0.5073433183074015
3.4874 0.507913460142297
3.4898 0.5085482468849608
3.4921 0.5092352092352092
3.4945 0.5100719424460431
3.4968 0.5106291295604711
3.4992 0.5096718727611406
3.5016 0.5084890854615495
3.5039 0.5079613306795564
3.5063 0.5077903682719547
3.5087 0.5077595936794582
3.5111 0.5081552305961754
3.5134 0.5079899074852817
3.5158 0.5073981016192071
3.5182 0.5073652028904947
3.5206 0.5081627006087438
3.523 0.5094469728313337
3.5254 0.5100357437448446
3.5278 0.5095401509951957
3.5302 0.5089713737844132
3.5326 0.5084676317945916
3.535 0.5076294277929155
3.5374 0.5068045726728362
3.5398 0.5060470172577796
3.5422 0.5052175091475809
3.5446 0.5041846652267817
3.5471 0.5032275416890801
3.5495 0.503213711837172
3.5519 0.5037433155080214
3.5544 0.5037393162393162
3.5568 0.5037984806077569
3.5592 0.5043894652833201
3.5617 0.504853078048132
3.5641 0.5051820356098857
3.5666 0.505045140732873
3.569 0.5046419098143237
3.5715 0.504108136761198
3.574 0.5033698955993128
3.5764 0.5035573122529645
3.5789 0.5041409228342316
3.5814 0.5043273013375296
3.5838 0.5046374918354016
3.5863 0.5049543676662321
3.5888 0.5046254071661238
3.5913 0.5043002345582486
3.5938 0.5041699244201198
3.5963 0.5044939429464634
3.5988 0.5044880967867829
3.6013 0.5040228393459641
3.6038 0.5034313090767836
3.6063 0.5023291925465839
3.6088 0.5009043927648579
3.6113 0.5005802707930367
3.6138 0.5012876641771826
3.6163 0.5019305019305019
3.6189 0.5018668726664092
3.6214 0.5015444015444015
3.6239 0.5014783391181387
3.6264 0.5017318794098782
3.629 0.5022404301625912
3.6315 0.5030085776469082
3.6341 0.5035851472471191
3.6366 0.5035170737946029
3.6392 0.5033805332312795
3.6417 0.5036905064902011
3.6443 0.5042604603840775
3.6468 0.5040091638029783
3.6494 0.5029306829765545
3.652 0.5017199643266659
3.6545 0.5008905852417304
3.6571 0.5001908154178858
3.6597 0.49968197430352373
3.6623 0.4993641912512716
3.6649 0.4988569977139954
3.6675 0.4979068882405176
3.6701 0.4975288303130148
3.6727 0.49873417721518987
3.6753 0.5008220564057164
3.6779 0.5020232675771371
3.6805 0.5025900189513581
3.6831 0.5034726606894809
3.6857 0.5042281963902562
3.6883 0.5044169611307421
3.691 0.5044783650813676
3.6936 0.5047943477163765
3.6962 0.5046681806712088
3.6989 0.5035907773718029
3.7015 0.5023875345564213
3.7041 0.5016319357268391
3.7068 0.5010035122930256
3.7094 0.5000626959247649
3.7121 0.49956156833270704
3.7148 0.49937374749499003
3.7174 0.49906050357008647
3.7201 0.4987471811576047
3.7228 0.4984954864593781
3.7254 0.4987459242538249
3.7281 0.49931120851596744
3.7308 0.4996243425995492
3.7335 0.5001251564455569
3.7362 0.5007511266900351
3.7389 0.5007511266900351
3.7416 0.5009387908374014
3.7443 0.5016262196647486
3.747 0.502063789868668
3.7497 0.5023156840655902
3.7524 0.5023773773773773
3.7551 0.5016872890888638
3.7578 0.5010628985869701
3.7605 0.5006872422841434
3.7633 0.5006865559855199
3.766 0.5008734714250063
3.7687 0.5003121488325634
3.7715 0.4993757802746567
3.7742 0.49843808571785586
3.777 0.4976214321482223
3.7797 0.49730812570426947
3.7825 0.49743332915988475
3.7853 0.49711345381526106
3.788 0.49597484276729553
3.7908 0.4946453319894167
3.7936 0.4936293679828435
3.7963 0.4933619926665824
3.7991 0.4935426690301342
3.8019 0.49378172588832486
3.8047 0.49363057324840764
3.8075 0.49239616613418524
3.8103 0.491618682021753
3.8131 0.4924397744746283
3.8159 0.49351316634553627
3.8187 0.49420252512239116
3.8215 0.4947055785123967
3.8243 0.49495210975925447
3.8272 0.4943572447788299
3.83 0.49408399427902744
3.8328 0.49524553862185744
3.8356 0.49686602246017236
3.8385 0.4973835688121403
3.8413 0.49692368111009294
3.8442 0.49679109364767515
3.847 0.497115888830624
3.8499 0.497639653815893
3.8527 0.49882044560943645
3.8556 0.5001311647429171
3.8585 0.500591404915232
3.8613 0.4998684556695607
3.8642 0.49940797263517966
3.8671 0.4997368421052632
3.87 0.5000000000000001
3.8729 0.4999340804218853
3.8758 0.4996041171813143
3.8787 0.499142140688927
3.8816 0.49835244497166203
3.8845 0.4978269458711972
3.8874 0.4976922062508242
3.8903 0.4978194793180918
3.8932 0.49761778718898886
3.8962 0.4972200158856234
3.8991 0.49688535453943006
3.902 0.49654806160382375
3.905 0.4962746141564662
3.9079 0.496404793608522
3.9108 0.4960010663822981
3.9138 0.4955291605498464
3.9168 0.495858936681806
3.9197 0.495986085094996
3.9227 0.4953020134228189
3.9257 0.49454985870004037
3.9286 0.49440323668240055
3.9316 0.4941844738977549
3.9346 0.49341301100095075
3.9376 0.4925820062610589
3.9406 0.49256784399290876
3.9436 0.49199616910658095
3.9466 0.4908093278463649
3.9496 0.49079670329670333
3.9526 0.4918755163866704
3.9556 0.4922630560928433
3.9586 0.4925249169435216
3.9616 0.4933444259567387
3.9647 0.4954166666666666
3.9677 0.4972214504028896
3.9707 0.49840299958339124
3.9738 0.5007635707344162
3.9768 0.5034004163775156
3.9799 0.5049189413883886
3.9829 0.5062888735314445
3.986 0.5082125603864734
3.9891 0.5096471885336273
3.9921 0.5105914718019257
3.9952 0.5106995884773662
3.9983 0.5104636848584324
4.0014 0.5102347161572053
4.0045 0.5094519243846048
4.0076 0.5090687601515972
4.0107 0.5094898371247812
4.0138 0.5094415427882684
4.0169 0.5091975473207145
4.02 0.5089629531270748
4.0231 0.5090596481946833
4.0262 0.5095507838229483
4.0293 0.5100433241433635
4.0325 0.510409846798481
4.0356 0.5104547830632514
4.0388 0.5097119019684526
4.0419 0.5086330001298196
4.0451 0.5080186239006725
4.0482 0.5075415753512955
4.0514 0.5070096463022508
4.0545 0.5064751891268111
4.0577 0.5058763413387839
4.0609 0.5056622980022903
4.0641 0.5053299492385787
4.0673 0.505068423720223
4.0705 0.5051259334261485
4.0737 0.5051155740810912
4.0769 0.5046033547736158
4.0801 0.5041561712846347
4.0833 0.5042133065023268
4.0865 0.5040180813661477
4.0897 0.5033237175467201
4.093 0.5022545090180361
4.0962 0.5011900288112239
4.0994 0.500563839117905
4.1027 0.5003755633450175
4.1059 0.5003748125937031
4.1092 0.5005617276245163
4.1124 0.500561447286338
4.1157 0.5000623519142038
4.119 0.49943883277216605
4.1222 0.49937624750499005
4.1255 0.5000623363670365
4.1288 0.5009355120369215
4.1321 0.5011861655637408
4.1354 0.5008741258741258
4.1387 0.5002495632642875
4.142 0.4993757802746567
4.1453 0.49881324172392255
4.1486 0.49893789828814195
4.1519 0.4991245622811406
4.1553 0.4990614441246402
4.1586 0.49843691384269095
4.1619 0.49768605378361475
4.1653 0.49718151071025934
4.1686 0.49673776662484326
4.172 0.49610356963298147
4.1753 0.49533181932879133
4.1787 0.49404460212873796
4.1821 0.49230769230769234
4.1854 0.49003322259136206
4.1888 0.48707395498392275
4.1922 0.48407973077918715
4.1956 0.4810902451747522
4.199 0.47817512490139363
4.2024 0.47583741559645176
4.2058 0.47450406071095724
4.2092 0.4740790354989953
4.2126 0.4743157610893892
4.2161 0.47583592798158925
4.2195 0.4796472184531886
4.2229 0.48434095860566445
4.2264 0.489419795221843
4.2298 0.49458829976709134
4.2333 0.4988977679801598
4.2367 0.5022850020772747
4.2402 0.5049312404500625
4.2437 0.5067595818815331
4.2471 0.5075587905935052
4.2506 0.5061121258957426
4.2541 0.5035112359550563
4.2576 0.5009120246948225
4.2611 0.4981802911534155
4.2646 0.4966536530953708
4.2681 0.4964539007092198
4.2716 0.49687890137328333
4.2751 0.49799751415550336
4.2787 0.49958711808422795
4.2822 0.5020598736610821
4.2857 0.505423589180283
4.2893 0.5080954994511526
4.2928 0.5104895104895105
4.2964 0.5124657534246575
4.3 0.5135208959300738
4.3035 0.5142196217172403
4.3071 0.5143050847457628
4.3107 0.5137540453074434
4.3143 0.5128170715340223
4.3179 0.5108375702435108
4.3215 0.5091345512735032
4.3251 0.508364312267658
4.3287 0.5078651685393258
4.3323 0.5075039494470774
4.3359 0.5068205666316895
4.3395 0.5058838912133892
4.3432 0.5047656352004178
4.3468 0.5033889468196038
4.3505 0.5030563142151125
4.3541 0.5036401456058242
4.3578 0.5035756078533351
4.3614 0.5027918452149072
4.3651 0.5014921499935123
4.3688 0.4998702646600935
4.3725 0.4986376021798365
4.3761 0.49805396990140116
4.3799 0.4983130028549182
4.3835 0.4987019730010384
4.3873 0.4983138780804151
4.391 0.49792638672887507
4.3947 0.4977956431535269
4.3984 0.49746917585983136
4.4022 0.4977910602910603
4.4059 0.4988293444328824
4.4096 0.4997396511325176
4.4134 0.49993487039208023
4.4172 0.4995438550762413
4.4209 0.49928320083409355
4.4247 0.4990220367714175
4.4285 0.4988259848682494
4.4322 0.49908663883089766
4.436 0.4991506598719457
4.4398 0.49869144203088195
4.4436 0.4980366492146597
4.4475 0.4975130890052356
4.4513 0.4973808276584599
4.4551 0.49737739312877
4.4589 0.49711210291415064
4.4628 0.4966460607654873
4.4666 0.4965108624094799
4.4705 0.49671052631578955
4.4743 0.49716993550085564
4.4782 0.4975609756097561
4.4821 0.49768976897689765
4.4859 0.49768732654949116
4.4898 0.49741961095672893
4.4937 0.4972163308589608
4.4976 0.49707835325365207
4.5015 0.49700279738910347
4.5054 0.4966631073144688
4.5093 0.4957253539941224
4.5133 0.4952559134037151
4.5172 0.4951845906902087
4.5211 0.4949765572672472
4.5251 0.49483568075117373
4.529 0.49502955400322407
4.533 0.49569776821726275
4.5369 0.4962992867716323
4.5409 0.4966949952785647
4.5449 0.4970262233035956
4.5489 0.49735879723689563
4.5529 0.497218830552164
4.5569 0.49694251936404404
4.5609 0.49714207947740885
4.5649 0.49741144414168936
4.5689 0.49727148703956353
4.5729 0.4969300040933278
4.577 0.4969994544462629
4.581 0.4972692517749863
4.5851 0.4969904240766073
4.5891 0.49677949842400987
4.5932 0.49691146190803026
4.5973 0.49697386519944975
4.6014 0.4966933039404795
4.6054 0.49634432335494555
4.6095 0.49612938899640585
4.6136 0.4952182952182952
4.6177 0.4941699056079957
4.6219 0.49360400444938823
4.626 0.49365853658536585
4.6301 0.4938564646746719
4.6342 0.4938478747203579
4.6384 0.49390670962319655
4.6425 0.4943189788189086
4.6467 0.4948048301039034
4.6509 0.49535995500562435
4.655 0.496121844591736
4.6592 0.49653514354405315
4.6634 0.4968107725017718
4.6676 0.49701789264413515
4.6718 0.497085169913266
4.676 0.49743881616391583
4.6803 0.4980068337129841
4.6845 0.4980771969804871
4.6887 0.4982915717539863
4.6929 0.49886201991465146
4.6972 0.4995732574679943
4.7015 0.5003557705991176
4.7057 0.5011386279533162
4.71 0.501566505269154
4.7143 0.5013550135501355
4.7186 0.5003572959839931
4.7229 0.4992125984251969
4.7272 0.4983503084205996
4.7315 0.4974874371859296
4.7358 0.4966269556480551
4.7401 0.49612625538020083
4.7445 0.49547998278088673
4.7488 0.49483500717360107
4.7532 0.49483648881239234
4.7575 0.4957681824702338
4.7619 0.4972716829408387
4.7663 0.49827338129496407
4.7707 0.49870129870129876
4.7751 0.4989878542510123
4.7794 0.49891383055756694
4.7839 0.49847715736040604
4.7883 0.4986205895164803
4.7927 0.49861898531763343
4.7971 0.498035792230467
4.8016 0.49701644593217875
4.806 0.4962909090909091
4.8105 0.4965106135504507
4.8149 0.4972359615944137
4.8194 0.4976710334788937
4.8239 0.49810606060606066
4.8284 0.49810163551401876
4.8329 0.49765944997074313
4.8374 0.497214892993257
4.8419 0.4972830077838155
4.8464 0.4974985285462037
4.851 0.49712601326455413
4.8555 0.4963869635746941
4.8601 0.49587020648967556
4.8646 0.4955739156093243
4.8692 0.49549948354729234
4.8738 0.4959361607802571
4.8784 0.49667110519307595
4.883 0.49733254297569657
4.8876 0.49770063788755375
4.8922 0.49799554565701565
4.8968 0.49836406900654373
4.9014 0.4987341772151899
4.906 0.4988073941562313
4.9107 0.49873153260707365
4.9154 0.49850657108721635
4.92 0.4984307278433717
4.9247 0.49820627802690576
4.9294 0.49783031572647013
4.9341 0.4976040730757712
4.9387 0.4974528019178904
4.9435 0.4966957044157405
4.9482 0.49593618302227577
4.9529 0.49570459683496604
4.9576 0.4959276018099547
4.9624 0.4959987920881775
4.9671 0.49584278155706724
4.9719 0.49561138014527845
4.9767 0.4955269143290371
4.9814 0.49529161603888205
4.9862 0.49559404436341536
4.991 0.4968811805872509
4.9958 0.4977899710409998
5.0007 0.497939245916654
5.0055 0.49755501222493886
5.0103 0.49716822286851375
5.0152 0.4973180076628352
5.02 0.4976223347139132
5.0249 0.4981572481572482
5.0298 0.4986162361623616
5.0346 0.4983082128575823
5.0395 0.4979246733282091
5.0444 0.4977702598800554
5.0493 0.4979993844259773
5.0543 0.49861410532799505
5.0592 0.4994606256742179
5.0641 0.499845869297164
5.0691 0.49969154842689695
5.074 0.4992281568385304
5.079 0.4989184177997527
5.084 0.49868482129042235
5.089 0.4986844141773719
5.094 0.49876122638587805
5.099 0.49860551595909514
5.104 0.49814011159330446
5.109 0.49775298310863164
5.1141 0.49814298978644367
5.1191 0.499149791312413
5.1242 0.5003090234857848
5.1292 0.5012357120790856
5.1343 0.5020855862814769
5.1394 0.5027777777777778
5.1445 0.5032387415175817
5.1496 0.5031650455457773
5.1547 0.5028615622583139
5.1599 0.5019382850054273
5.165 0.5006979990693345
5.1702 0.49937984496124027
5.1753 0.4982178831551216
5.1805 0.4973667905824039
5.1857 0.4963582829691616
5.1909 0.49535315985130113
5.1961 0.49528228924980666
5.2013 0.496134817563389
5.2065 0.49737167594310455
5.2117 0.49876122638587794
5.217 0.49961246318400243
5.2222 0.4999223723024375
5.2275 0.49992222740706177
5.2328 0.5000778452436557
5.238 0.5003120124804992
5.2433 0.5003125
5.2486 0.49976566161537245
5.254 0.49914156391446846
5.2593 0.49844091050826317
5.2646 0.4978955572876072
5.27 0.49797507788162
5.2753 0.49859856742447833
5.2807 0.49929895622371084
5.2861 0.49968847352024914
5.2915 0.4997660271408516
5.2969 0.49882610737204564
5.3023 0.4978021978021978
5.3077 0.4971698113207548
5.3132 0.4968523764557759
5.3186 0.49677012761934763
5.3241 0.4958208484466173
5.3296 0.494474265866751
5.335 0.49384080859128243
5.3405 0.49360694554064727
5.346 0.49463722397476345
5.3515 0.4959671042226791
5.3571 0.4960267005721552
5.3626 0.4947267497603068
5.3682 0.49293286219081267
5.3737 0.4922705314009662
5.3793 0.4925758553905746
5.3849 0.4926291916410173
5.3905 0.4922052614485222
5.3961 0.4914620263457472
5.4017 0.489998373719304
5.4074 0.48933398469304673
5.413 0.4908646003262643
5.4187 0.49320674414797844
5.4243 0.4944819634327129
5.43 0.4946272111092743
5.4357 0.4946183142904455
5.4414 0.49493439627968777
5.4471 0.4949175137477087
5.4528 0.4954082484555017
5.4586 0.4961538461538461
5.4643 0.49605903068925034
5.4701 0.4947951645399597
5.4759 0.4936134453781513
5.4817 0.4930766632894293
5.4874 0.491588785046729
5.4933 0.4888774811772759
5.4991 0.4864725142167844
5.5049 0.4850008670019074
5.5108 0.4832810867293626
5.5166 0.48065814808331886
5.5225 0.47895014972696853
5.5284 0.47886825817860296
5.5343 0.47953216374269
5.5402 0.4814420174036584
5.5461 0.4849563824105393
5.5521 0.4892742223811226
5.558 0.49244875943905064
5.564 0.4955816050495942
5.57 0.49963937973314104
5.5759 0.5035255830772012
5.5819 0.504735883424408
5.588 0.5044830741079598
5.594 0.5043048177321853
5.6 0.504115602707152
5.6061 0.5034633612832665
5.6121 0.5021826118588577
5.6182 0.5009110787172012
5.6243 0.4991798797156916
5.6304 0.4970049010709748
5.6365 0.4972016609496299
5.6427 0.49873371924746746
5.6488 0.49845370201928324
5.655 0.4968932748538012
5.6612 0.4949606010628551
5.6673 0.49367552703941336
5.6735 0.4931154764090325
5.6798 0.49271083225687395
5.686 0.4916481069042316
5.6922 0.49041503815373166
5.6985 0.4877232142857142
5.7047 0.48544232922732367
5.711 0.4858322386939388
5.7173 0.48736802413273006
5.7236 0.48912426707017215
5.73 0.490155244225672
5.7363 0.4909986734887246
5.7427 0.49268478054341625
5.749 0.49282021826536465
5.7554 0.49091962905718695
5.7618 0.49077490774907756
5.7682 0.4914956011730205
5.7746 0.49115566037735847
5.7811 0.48973549151204104
5.7875 0.4875148632580262
5.794 0.48487863111818547
5.8005 0.48190361927614483
5.8069 0.47942180285083313
5.8135 0.4789473684210526
5.82 0.47930327868852457
5.8265 0.4774607113316791
5.8331 0.4740585774058578
5.8396 0.4718934911242604
5.8462 0.47100213219616205
5.8528 0.47062621045836023
5.8594 0.47113715277777773
5.8661 0.47149122807017546
5.8727 0.4717982747179828
5.8794 0.4745725072174106
5.886 0.4774352100089366
5.8927 0.48018910400720394
5.8994 0.48122710622710624
5.9062 0.480093131548312
5.9129 0.4790094339622641
5.9196 0.47716949557733684
5.9264 0.4762364294330519
5.9332 0.4790404652289799
5.94 0.47899364924279436
5.9468 0.47493857493857494
5.9536 0.4720849802371541
5.9604 0.4718989848972518
5.9673 0.4745
5.9742 0.474917239623122
5.9811 0.47342494166450605
5.988 0.475013150973172
5.9949 0.47472059606173495
6.0018 0.47039914278060546
6.0088 0.4705723542116631
6.0158 0.47401360544217686
6.0228 0.475576289791438
6.0297 0.47579757975797576
6.0368 0.47957225116534125
6.0438 0.48763736263736257
6.0509 0.49418282548476455
6.0579 0.49847264648708695
6.065 0.504857063558146
6.0721 0.5112719176175897
6.0792 0.5144846796657382
6.0864 0.5157075340561579
6.0935 0.518075639599555
6.1007 0.5210409745293466
6.1079 0.522000546597431
6.1151 0.5214343488811001
6.1223 0.5233769703446434
6.1295 0.5255088554057626
6.1368 0.5260552371026577
6.1441 0.5270339855818744
6.1513 0.5306226175349429
6.1586 0.5352042094713104
6.166 0.5387472146570933
6.1733 0.5413112356812089
6.1807 0.542952859535774
6.188 0.5442978322337417
6.1954 0.5450534138411519
6.2028 0.5459113750571037
6.2103 0.5465977992364698
6.2177 0.5470236778048241
6.2252 0.5462842242503259
6.2326 0.5450479233226837
6.2401 0.5443886097152428
6.2477 0.5437551355792933
6.2552 0.5431850211395208
6.2628 0.5423930269413629
6.2703 0.5419594067135051
6.2779 0.5434574976122254
6.2855 0.5453016999813188
6.2932 0.5460888725670217
6.3008 0.5476790212306585
6.3085 0.5506584723441617
6.3162 0.5545657015590201
6.3239 0.5580968280467444
6.3316 0.5595821090434214
6.3393 0.5612882550873257
6.3471 0.5652786474639949
6.3548 0.5691352415568681
6.3627 0.5757267441860465
6.3705 0.5837648705388384
6.3783 0.5896468050687517
6.3861 0.5930971843778384
6.394 0.5939538384345209
6.4019 0.5948860882210374
6.4098 0.5958023817945997
6.4178 0.5942784340977532
6.4257 0.5910069090497225
6.4337 0.5836011080332411
6.4417 0.5709023941068139
6.4497 0.5588577472236912
6.4577 0.5476264349984487
6.4658 0.5372545049605184
6.4738 0.5292772641415647
6.4819 0.52195929496543
6.49 0.5149740833173354
6.4982 0.5096052757335372
6.5063 0.5038980794827914
6.5145 0.5009002179475031
6.5227 0.4994300911854104
6.5309 0.4966660316250715
6.5391 0.49393099493453124
6.5474 0.4896624675449563
6.5557 0.4845081332300543
6.564 0.4823756639304683
6.5723 0.4826921222640054
6.5806 0.48413312693498456
6.589 0.4842351109381082
6.5974 0.48191708321082033
6.6058 0.4814084229213926
6.6142 0.48330195223466454
6.6227 0.4861801551004176
6.6311 0.49120703437250196
6.6396 0.4954119189270949
6.6481 0.49443319838056676
6.6566 0.4924979724249797
6.6652 0.4924949290060851
6.6738 0.4947710427454564
6.6824 0.497239263803681
6.691 0.49685599422739923
6.6996 0.49518683366111166
6.7083 0.49336924989639447
6.717 0.49167614517630026
6.7257 0.4913552127549436
6.7344 0.4910397999583247
6.7432 0.4904017622993811
6.752 0.48927219183845183
6.7608 0.4870526315789474
6.7696 0.48561455468584724
6.7785 0.4864692094608992
6.7873 0.4887250187025756
6.7962 0.4891106104495226
6.8051 0.4882694791218253
6.8141 0.4883570504527813
6.823 0.49004544470893746
6.832 0.4912948857453754
6.841 0.4926382375395354
6.8501 0.49585966441490525
6.8591 0.49972757981911303
6.8682 0.499945241485051
6.8773 0.4984645755648168
6.8865 0.4985150148498515
6.8956 0.4992826398852224
6.9048 0.49911543564794336
6.914 0.49878264718902177
6.9232 0.4987232152770068
6.9325 0.4977762953079832
6.9418 0.4952866807142065
6.9511 0.49292348518354706
6.9604 0.492946795512607
6.9698 0.4934239857333928
6.9791 0.49419642857142865
6.9885 0.4945251396648045
6.998 0.49383269791433054
7.0074 0.4931399010346379
7.0169 0.4920275924460024
7.0264 0.4898005698005698
7.0359 0.48790276344455913
7.0455 0.4849220103986135
7.0551 0.48069272174116545
7.0647 0.47522522522522526
7.0743 0.4684273709483794
7.084 0.46227675859555334
7.0937 0.45696670776818743
7.1034 0.45160080040020006
7.1132 0.447632347340358
7.1229 0.44549090439943234
7.1327 0.4438635472487256
7.1425 0.4437375745526838
7.1524 0.44486486486486476
7.1623 0.4468818984547461
7.1722 0.4491034872229282
7.1821 0.4514129181084199
7.1921 0.45491984115311074
7.202 0.4590262172284644
7.2121 0.46225407960957754
7.2221 0.4641527001862198
7.2322 0.4642688121154756
7.2423 0.4650902700111839
7.2524 0.4680025856496445
7.2626 0.47144255874673635
7.2728 0.474475466710722
7.283 0.47650894499247615
7.2932 0.4779746835443038
7.3035 0.47917729049804514
7.3138 0.48081534772182255
7.3241 0.48439924151008446
7.3345 0.4881739130434783
7.3449 0.48974583698510077
7.3553 0.48915152584230026
7.3657 0.4886725663716814
7.3762 0.4897850417480903
7.3867 0.491253123884327
7.3972 0.49210903873744616
7.4078 0.49289440546860946
7.4184 0.493138317081979
7.429 0.4922298518250813
7.4397 0.4922214182344429
7.4504 0.49402390438247007
7.4611 0.49600145401672113
7.4718 0.4968106433388009
7.4826 0.4970813571689165
7.4934 0.4975351469782727
7.5043 0.498262936551472
7.5151 0.4988110481068228
7.526 0.49917476618375217
7.537 0.4994487320837927
7.548 0.4993560257589696
7.559 0.498989898989899
7.57 0.4992660550458715
7.5811 0.49917325004593055
7.5922 0.4985277880014723
7.6033 0.4985277880014722
7.6144 0.4985277880014723
7.6256 0.4987132352941177
7.6369 0.49898766795508925
7.6481 0.49889380530973443
7.6594 0.49852180339985225
7.6708 0.49768903679053433
7.6821 0.49722838137472286
7.6935 0.49778188539741225
7.705 0.4980544747081711
7.7164 0.4975890207715133
7.7279 0.4971227028030444
7.7394 0.49675384900760533
7.751 0.49693820745964
7.7626 0.49730633475757013
7.7743 0.49720462169213575
7.7859 0.49710442742387445
7.7976 0.4966329966329967
7.8094 0.4957873057479873
7.8212 0.4948317985341102
7.833 0.4938690813054141
7.8448 0.4933787362845253
7.8567 0.49280303030303035
7.8686 0.4919370138493645
7.8806 0.49125807677689093
7.8926 0.4904507257448434
7.9046 0.48954536735085363
7.9167 0.48873483535528595
7.9288 0.48909897742620106
7.9409 0.49061714064615974
7.9531 0.4917491749174918
7.9653 0.49181605611847234
7.9775 0.49189611404022654
7.9898 0.4923649177760376
8.0022 0.4935344827586208
8.0145 0.49528301886792453
8.0269 0.49664694280078886
8.0394 0.49742574257425737
8.0519 0.497323022010708
8.0644 0.4962256654747716
8.0769 0.49561927518916765
8.0895 0.49530093981203754
8.1022 0.49498797113071363
8.1149 0.4948784896565575
8.1276 0.4944812362030905
8.1403 0.49407749447902033
8.1531 0.49397106109324757
8.166 0.49416028997180833
8.1788 0.49506744513791023
8.1918 0.4957610012111425
8.2047 0.4964596398948008
8.2177 0.4969536961819659
8.2308 0.49663608562691136
8.2439 0.4960114542851299
8.257 0.495702005730659
8.2701 0.49590331831216716
8.2834 0.49672399672399675
8.2966 0.4968218166905885
8.3099 0.4966223132036848
8.3232 0.49836601307189543
8.3366 0.5014221861032101
8.35 0.5046558704453441
8.3635 0.5080775444264943
8.377 0.5118760064412238
8.3906 0.5153091855113068
8.4042 0.5181130573248408
8.4178 0.5215933740879511
8.4315 0.526295210166178
8.4452 0.530481904393265
8.459 0.5337282629466845
8.4728 0.5365258215962442
8.4867 0.5392718536314913
8.5006 0.5426286129794582
8.5145 0.5465406562054208
8.5285 0.5502183406113537
8.5426 0.5540517389069728
8.5567 0.5568771988607807
8.5708 0.5587608588755941
8.585 0.5608779237423902
8.5992 0.562773951158422
8.6135 0.564548087181832
8.6279 0.5668052256532067
8.6422 0.5690775227371156
8.6567 0.5703070236926959
8.6711 0.571136827773996
8.6857 0.5721656303743882
8.7002 0.5730250481695568
8.7149 0.5741943542343242
8.7295 0.575379017586416
8.7442 0.5762112460214547
8.759 0.576249856995767
8.7738 0.5756834852189375
8.7887 0.5747114036034092
8.8036 0.5733613004719454
8.8186 0.5722443152850006
8.8336 0.5711877850485823
8.8487 0.5697752917349793
8.8638 0.5685188661535574
8.879 0.5671532846715329
8.8942 0.5653952165021784
8.9095 0.5630638445523941
8.9248 0.560868090878264
8.9402 0.5591691492883152
8.9556 0.5576502953313375
8.9711 0.5551680405833862
8.9867 0.55205660524065
9.0023 0.5488009775469681
9.0179 0.5448602344454463
9.0336 0.5403726708074534
9.0494 0.5366173577206149
9.0652 0.5335249730506647
9.0811 0.5303471285582452
9.097 0.5268207282913165
9.113 0.5244928936111494
9.129 0.5236022309889811
9.1451 0.5233299765021819
9.1613 0.5239798622151564
9.1775 0.5255512661126742
9.1938 0.5274490785645005
9.2101 0.5293365716477054
9.2265 0.531253946205329
9.2429 0.533295852073963
9.2594 0.534957037769673
9.276 0.5353584744208789
9.2926 0.5348921515316296
9.3093 0.5341262251972269
9.326 0.5329475673122344
9.3428 0.5312518237525533
9.3597 0.5290687604641765
9.3766 0.5263097689315946
9.3936 0.5230969789718303
9.4107 0.5195835678109172
9.4278 0.5159684546115554
9.4449 0.5123322754857748
9.4622 0.5083851621501555
9.4795 0.5039684742187934
9.4968 0.49894526479404905
9.5142 0.49394040471425393
9.5317 0.48932850376149345
9.5493 0.484741586874965
9.5669 0.48031983782870663
9.5846 0.47632011797402307
9.6023 0.47267634617583176
9.6201 0.4695947893250331
9.638 0.46729896427324563
9.656 0.4656308851224105
9.674 0.4646813579511614
9.6921 0.46421033588614846
9.7102 0.46434453730250724
9.7284 0.46495673671199006
9.7467 0.4656727637183663
9.765 0.4663870885754226
9.7835 0.4669975505994585
9.802 0.46751633986928115
9.8205 0.46828654661016955
9.8392 0.4689932885906041
9.8578 0.4693599945589335
9.8766 0.4693230387425892
9.8955 0.46888082612336035
9.9144 0.4686021049657413
9.9334 0.468696397941681
9.9524 0.4690009404615496
9.9716 0.46923076923076923
9.9908 0.46948008603426544
10.0101 0.4697503560986582
10.0294 0.47012435547467396
10.0489 0.47094449555351126
10.0684 0.47232987133777704
10.0879 0.47405494247475927
10.1076 0.4755316625820223
10.1273 0.4765743475137681
10.1472 0.47780910189287157
10.1671 0.4793106251524267
10.187 0.48016752894801673
10.2071 0.480344999170675
10.2272 0.4802581943163719
10.2474 0.4795831921382583
10.2677 0.4781640691899298
10.2881 0.476581403387487
10.3085 0.4756342080027896
10.3291 0.4749384453042561
10.3497 0.473506700985178
10.3704 0.47225205871822423
10.3911 0.4720541760722347
10.412 0.47230320699708445
10.4329 0.47295308187672497
10.454 0.4742268041237113
10.4751 0.4754344762799436
10.4963 0.4763080429209002
10.5176 0.4769437254338031
10.539 0.4783154641166812
10.5604 0.4805763800993088
10.582 0.48269438180213753
10.6036 0.48441814595660754
10.6253 0.486681849688088
10.6471 0.48886458540465305
10.669 0.4913329348475792
10.691 0.49445609829187886
10.7131 0.49759615384615385
10.7353 0.5001004823151125
10.7576 0.501610305958132
10.7799 0.5027201289542615
10.8024 0.5043793415886438
10.8249 0.5053373615307151
10.8476 0.5051349174385824
10.8703 0.504734085414988
10.8931 0.5037730153939027
10.9161 0.5025125628140704
10.9391 0.5014050582095545
10.9622 0.5008524721692909
10.9854 0.5015999999999999
11.0087 0.5040747366328762
11.0322 0.5080518460329929
11.0557 0.5137596899224806
11.0793 0.5203632887189292
11.103 0.5262809604840235
11.1268 0.5313552976413329
11.1508 0.53544550775806
11.1748 0.5380917159763314
11.1989 0.5384899732002587
11.2232 0.5349958283118568
11.2475 0.5262469643190735
11.272 0.5133101307496943
11.2965 0.49791666666666656
11.3212 0.48176711415785967
11.3459 0.4661488300728807
11.3708 0.4517094842572918
11.3958 0.43901489340990946
11.4209 0.4286275279795798
11.4461 0.42083291919292315
11.4714 0.41748258806904215
11.4968 0.4179752066115703
11.5224 0.4205776173285199
11.548 0.42478941034897716
11.5738 0.4298591549295775
11.5997 0.43483315893500757
11.6257 0.43981315127560183
11.6518 0.4439649858217236
11.6781 0.446991766941102
11.7044 0.4495579823192928
11.7309 0.45131334571504383
11.7575 0.45287356321839084
11.7842 0.45463307173344353
11.811 0.45578135949544496
11.838 0.45748009101251425
11.8651 0.459927797833935
11.8923 0.46189917936694025
11.9196 0.46429634037488837
11.9471 0.4669989427578915
11.9747 0.46865396435156736
12.0024 0.4693495554515677
12.0302 0.4698432800379928
12.0582 0.4706636742545689
12.0863 0.47087536609176694
12.1145 0.4699291481298402
12.1429 0.4697852505410355
12.1714 0.4703411191396404
12.2 0.46912740261949304
12.2288 0.4690934065934065
12.2577 0.47030218825981246
12.2867 0.47145617424907776
12.3159 0.47235555555555553
12.3452 0.4729851014180579
12.3747 0.47391383384839125
12.4043 0.4743826022852931
12.434 0.4736056705838463
12.4639 0.47397105807179096
12.4939 0.4746666666666667
12.5241 0.47421093148575827
12.5544 0.4732542306944174
12.5849 0.4722768383798663
12.6155 0.47176938369781307
12.6463 0.47141424272818455
12.6772 0.47151834583417795
12.7082 0.47383483237939494
12.7395 0.47606273215022693
12.7708 0.4773056994818652
12.8024 0.47974947807933194
12.834 0.48224416894305516
12.8659 0.485079365079365
12.8979 0.48850085178875635
12.93 0.49164524421593825
12.9624 0.49484092863284607
12.9948 0.4955541097375841
13.0275 0.49465881839982556
13.0603 0.49452234881682733
13.0932 0.494179661761476
13.1264 0.49316277018085575
13.1597 0.49146908929758476
13.1932 0.48930481283422467
13.2268 0.48760330578512395
13.2606 0.48450134770889497
13.2946 0.48199819981998204
13.3288 0.48209428830462375
13.3631 0.4831435079726652
13.3977 0.483878344386005
13.4324 0.4847721547973437
13.4672 0.4857405703771849
13.5023 0.48716763005780345
13.5376 0.48775367389783064
13.573 0.4879193056532958
13.6086 0.48691722169362517
13.6444 0.48841652734654883
13.6804 0.4906609195402299
13.7166 0.4598930481283423
13.753 0.42500000000000004
13.7895 0.38673232908458866
13.8263 0.34409937888198755
13.8633 0.29555332664660644
13.9004 0.241016333938294
13.9378 0.18303220738413198
13.9753 0.10533216783216783
14.0131 0.0
