14.9831 1.0
14.9399 1.0
14.897 0.9
14.8543 0.8181818181818181
14.8119 0.7499999999999999
14.7697 0.6923076923076923
14.7277 0.6428571428571428
14.686 0.6
14.6445 0.5625
14.6033 0.5294117647058822
14.5622 0.5
14.5214 0.5
14.4809 0.5
14.4405 0.5
14.4004 0.5
14.3605 0.5
14.3209 0.5
14.2814 0.5
14.2422 0.5
14.2032 0.5
14.1643 0.5
14.1258 0.5
14.0874 0.5
14.0492 0.5
14.0112 0.5
13.9734 0.5
13.9359 0.5
13.8985 0.5
13.8614 0.5
13.8244 0.5
13.7876 0.5
13.7511 0.5
13.7147 0.5
13.6785 0.5
13.6425 0.5
13.6067 0.5
13.5711 0.5
13.5356 0.5
13.5004 0.5
13.4653 0.5
13.4304 0.5
13.3957 0.5
13.3612 0.5
13.3269 0.5
13.2927 0.5
13.2587 0.5
13.2249 0.5
13.1912 0.5
13.1577 0.5
13.1244 0.5
13.0913 0.5
13.0583 0.5
13.0255 0.5
12.9929 0.5
12.9604 0.5
12.9281 0.5
12.8959 0.5
12.8639 0.5
12.8321 0.5
12.8004 0.5
12.7688 0.5
12.7375 0.5
12.7063 0.5
12.6752 0.5
12.6443 0.5
12.6135 0.5
12.5829 0.5
12.5524 0.5
12.5221 0.5
12.4919 0.5
12.4619 0.5
12.432 0.5
12.4023 0.5
12.3727 0.5
12.3432 0.5
12.3139 0.5
12.2847 0.5
12.2557 0.5
12.2268 0.5
12.198 0.5
12.1694 0.5
12.1409 0.5
12.1125 0.5
12.0843 0.5
12.0562 0.5
12.0282 0.5
12.0003 0.5
11.9726 0.5
11.945 0.5
11.9176 0.5
11.8903 0.5
11.8631 0.5
11.836 0.5
11.809 0.5
11.7822 0.5
11.7555 0.5
11.7289 0.5
11.7024 0.5
11.676 0.5
11.6498 0.5
11.6237 0.5
11.5977 0.5
11.5718 0.5
11.546 0.5
11.5203 0.5
11.4948 0.5
11.4694 0.5
11.444 0.5
11.4188 0.5
11.3937 0.5
11.3688 0.5
11.3439 0.5
11.3191 0.5
11.2944 0.5
11.2699 0.5
11.2455 0.5
11.2211 0.5
11.1969 0.5
11.1727 0.5
11.1487 0.5
11.1248 0.5
11.101 0.5
11.0773 0.5
11.0536 0.5
11.0301 0.5
11.0067 0.5
10.9834 0.5
10.9602 0.5
10.937 0.5
10.914 0.5
10.8911 0.5
10.8682 0.5
10.8455 0.5
10.8229 0.5
10.8003 0.5
10.7779 0.5
10.7555 0.5
10.7332 0.5
10.7111 0.5
10.689 0.5
10.667 0.5
10.6451 0.5
10.6233 0.5
10.6015 0.5
10.5799 0.5
10.5584 0.5
10.5369 0.5
10.5155 0.5
10.4942 0.5
10.473 0.5
10.4519 0.5
10.4309 0.5
10.4099 0.5
10.3891 0.5
10.3683 0.5
10.3476 0.5
10.327 0.5
10.3065 0.5
10.286 0.5
10.2656 0.5
10.2454 0.5001984649080913
10.2251 0.5009812710785436
10.205 0.5023545628780944
10.185 0.5043086007766984
10.165 0.5068167617374412
10.1451 0.5098365715552884
10.1253 0.5133111624076615
10.1056 0.5171777025796049
10.0859 0.5213711067619277
10.0663 0.5256538563395949
10.0468 0.5294458397584155
10.0274 0.5323428218386731
10.008 0.534342495852528
9.9887 0.5354839257689052
9.9695 0.5358476262575171
9.9504 0.5355516494269476
9.9313 0.5347423042974369
9.9123 0.5335755200546226
9.8934 0.5321995669512474
9.8746 0.5309132053308458
9.8558 0.5301371612474777
9.8371 0.5299021405855113
9.8185 0.5301925890616828
9.7999 0.5309487029461472
9.7814 0.5320735888232548
9.763 0.5334433440724768
9.7447 0.5349198222656433
9.7264 0.5363678824678357
9.7082 0.5376733861820862
9.69 0.5387587999501755
9.6719 0.5395931876041192
9.6539 0.540192305451325
9.636 0.5406186968546027
9.6181 0.5409726308244334
9.6003 0.5413782985303023
9.5825 0.541963074784126
9.5649 0.5428316999673505
9.5472 0.5440468369873596
9.5297 0.545607244201673
9.5122 0.5474379217210157
9.4948 0.5493907013649401
9.4774 0.5512609455079629
9.4601 0.5528039278952688
9.4429 0.5537563259168213
9.4257 0.5538659765821725
9.4086 0.5529246211718724
9.3916 0.5507981924542382
9.3746 0.5474442393641674
9.3577 0.5429275877028705
9.3408 0.5374204478938698
9.324 0.53117845337841
9.3073 0.5245107990295563
9.2906 0.5177399533792296
9.274 0.5111707376966226
9.2574 0.505060215853504
9.2409 0.4995949917370174
9.2245 0.4948890040856489
9.2081 0.49099272179639
9.1918 0.4879022399117557
9.1755 0.4855782662514709
9.1593 0.4839651414337592
9.1431 0.483013978503473
9.127 0.48269073282101765
9.111 0.48297442058159046
9.095 0.48385153445268747
9.0791 0.48530398463512614
9.0632 0.4872895709677894
9.0474 0.4897288383791494
9.0316 0.4925041452705847
9.0159 0.4954637216922938
9.0003 0.4984293804793294
8.9847 0.5012086795461462
8.9691 0.5036148319228099
8.9536 0.5054873026986421
8.9382 0.5067120827068671
8.9228 0.5072337263776866
8.9075 0.5070591985083974
8.8922 0.5062394393838583
8.877 0.504833497506569
8.8618 0.5028722344644749
8.8467 0.5003374509978071
8.8316 0.49717036029679773
8.8166 0.49331601647312684
8.8016 0.4887856426094466
8.7867 0.48371412783481
8.7718 0.47839922236872134
8.757 0.4732972185420214
8.7422 0.468978856561696
8.7275 0.46605764457106164
8.7129 0.4651011329079251
8.6982 0.46654671914418033
8.6837 0.47061844175578377
8.6692 0.4772625632776326
8.6547 0.4861173885767912
8.6403 0.49652794044188825
8.6259 0.5076049739909889
8.6116 0.5183515471681982
8.5973 0.5278117922493439
8.583 0.5352209890539966
8.5688 0.5401025813033695
8.5547 0.5423165476350071
8.5406 0.5420407951419525
8.5266 0.539712197809887
8.5126 0.5359304105144581
8.4986 0.5313620878403755
8.4847 0.5266520454396217
8.4708 0.5223380611079207
8.457 0.5187911513334607
8.4432 0.516187368505349
8.4295 0.5145204342311813
8.4158 0.5136408330518879
8.4022 0.5133207444089758
8.3886 0.513319241818673
8.375 0.5134344325268049
8.3615 0.5135159257911684
8.3481 0.5134499768020173
8.3347 0.513128958012457
8.3213 0.5124277396833372
8.3079 0.5111832985835129
8.2946 0.5092064855454702
8.2814 0.50629922694575
8.2682 0.5022839807936995
8.255 0.4970234630805575
8.2419 0.49043716644673074
8.2288 0.48251444759986517
8.2158 0.47332803994434475
8.2028 0.4630380862919886
8.1898 0.45189745564469636
8.1769 0.44024697768728566
8.164 0.42849042667480064
8.1512 0.41705543108959664
8.1384 0.4063438478958186
8.1256 0.3966907067865604
8.1129 0.38832962943633204
8.1002 0.38177913312590767
8.0876 0.3778765441129556
8.075 0.37665671144860385
8.0624 0.37807783918153165
8.0499 0.3820402074508276
8.0374 0.38839799397349883
8.025 0.3969790903107563
8.0126 0.40759683225314447
8.0002 0.4200688044039348
7.9879 0.4337152372987777
7.9756 0.44702249408908423
7.9634 0.4590525407824405
7.9512 0.4696553310174915
7.939 0.47873309654914004
7.9268 0.4862265860492397
7.9147 0.4921039048976139
7.9027 0.49635077275956363
7.8906 0.49897463906935163
7.8786 0.5
7.8667 0.5
7.8548 0.5
7.8429 0.5
7.831 0.5
7.8192 0.5
7.8075 0.5
7.7957 0.5
7.784 0.5
7.7723 0.5
7.7607 0.5
7.7491 0.5
7.7375 0.5
7.726 0.5
7.7145 0.5
7.7031 0.5
7.6916 0.5
7.6802 0.5
7.6689 0.5
7.6575 0.5
7.6462 0.5
7.635 0.5
7.6238 0.5
7.6126 0.5
7.6014 0.5
7.5903 0.5
7.5792 0.5
7.5681 0.5
7.5571 0.5
7.5461 0.5
7.5351 0.5
7.5242 0.5
7.5133 0.5
7.5024 0.5
7.4916 0.5
7.4807 0.5
7.47 0.5
7.4592 0.5
7.4485 0.5
7.4378 0.5
7.4272 0.5
7.4165 0.5
7.4059 0.5
7.3954 0.5
7.3848 0.5
7.3743 0.5
7.3639 0.5
7.3534 0.5
7.343 0.5
7.3326 0.5
7.3223 0.5
7.3119 0.5
7.3016 0.5
7.2914 0.5
7.2811 0.5
7.2709 0.5
7.2607 0.5
7.2506 0.5
7.2404 0.5
7.2303 0.5
7.2203 0.5
7.2102 0.5
7.2002 0.5
7.1902 0.5
7.1803 0.5
7.1703 0.5
7.1604 0.5
7.1506 0.5
7.1407 0.5
7.1309 0.5
7.1211 0.5
7.1113 0.5
7.1016 0.5
7.0919 0.5
7.0822 0.5
7.0725 0.5
7.0629 0.5
7.0533 0.5
7.0437 0.5
7.0341 0.5
7.0246 0.5
7.0151 0.5
7.0056 0.5
6.9962 0.5
6.9867 0.5
6.9773 0.5
6.9679 0.5
6.9586 0.5
6.9493 0.5
6.94 0.5
6.9307 0.5
6.9214 0.5
6.9122 0.5
6.903 0.5
6.8938 0.5
6.8847 0.5
6.8755 0.5
6.8664 0.5
6.8573 0.5
6.8483 0.5
6.8393 0.5
6.8302 0.5
6.8213 0.5
6.8123 0.5
6.8034 0.5
6.7944 0.5
6.7855 0.5
6.7767 0.5
6.7678 0.5
6.759 0.5
6.7502 0.5
6.7414 0.5
6.7327 0.5
6.7239 0.5
6.7152 0.5
6.7065 0.5
6.6979 0.5
6.6892 0.5
6.6806 0.5
6.672 0.5
6.6634 0.5
6.6549 0.5
6.6464 0.5
6.6378 0.5
6.6294 0.5
6.6209 0.5
6.6124 0.5
6.604 0.5
6.5956 0.5
6.5872 0.5
6.5789 0.5
6.5705 0.5
6.5622 0.5
6.5539 0.5
6.5456 0.5
6.5374 0.5
6.5292 0.5
6.5209 0.5
6.5128 0.5
6.5046 0.5
6.4964 0.5
6.4883 0.5
6.4802 0.5
6.4721 0.5
6.464 0.5
6.456 0.5
6.448 0.5
6.4399 0.5
6.432 0.5
6.424 0.5
6.416 0.5
6.4081 0.5
6.4002 0.5
6.3923 0.5
6.3844 0.5
6.3766 0.5
6.3687 0.5
6.3609 0.5
6.3531 0.5
6.3454 0.5
6.3376 0.5
6.3299 0.5
6.3221 0.5
6.3144 0.5
6.3068 0.5
6.2991 0.5
6.2914 0.5
6.2838 0.5
6.2762 0.5
6.2686 0.5
6.2611 0.5
6.2535 0.5
6.246 0.5
6.2385 0.5
6.231 0.5
6.2235 0.5
6.216 0.5
6.2086 0.5
6.2011 0.5
6.1937 0.5
6.1863 0.5
6.179 0.5
6.1716 0.5
6.1643 0.5
6.157 0.5
6.1496 0.5
6.1424 0.5
6.1351 0.5
6.1278 0.5
6.1206 0.5
6.1134 0.5
6.1062 0.5
6.099 0.5
6.0918 0.5
6.0847 0.5
6.0776 0.5
6.0704 0.5
6.0633 0.5
6.0563 0.5
6.0492 0.5
6.0421 0.5
6.0351 0.5
6.0281 0.5
6.0211 0.5
6.0141 0.5
6.0071 0.5
6.0002 0.5
5.9932 0.5
5.9863 0.5
5.9794 0.5
5.9725 0.5
5.9657 0.5
5.9588 0.5
5.952 0.5
5.9451 0.5
5.9383 0.5
5.9315 0.5
5.9247 0.5
5.918 0.5
5.9112 0.5
5.9045 0.5
5.8978 0.5
5.8911 0.5
5.8844 0.5
5.8777 0.5
5.8711 0.5
5.8644 0.5
5.8578 0.5
5.8512 0.5
5.8446 0.5
5.838 0.5
5.8314 0.5
5.8249 0.5
5.8184 0.5
5.8118 0.5
5.8053 0.5
5.7988 0.5
5.7923 0.5
5.7859 0.5
5.7794 0.5
5.773 0.5
5.7666 0.5
5.7602 0.5
5.7538 0.5
5.7474 0.5
5.741 0.5
5.7347 0.5
5.7283 0.5
5.722 0.5
5.7157 0.5
5.7094 0.5
5.7031 0.5
5.6969 0.5
5.6906 0.5
5.6844 0.5
5.6782 0.5
5.6719 0.5
5.6657 0.5
5.6596 0.5
5.6534 0.5
5.6472 0.5
5.6411 0.5
5.6349 0.5
5.6288 0.5
5.6227 0.5
5.6166 0.5
5.6106 0.5
5.6045 0.5
5.5984 0.5
5.5924 0.5
5.5864 0.5
5.5804 0.5
5.5744 0.5
5.5684 0.5
5.5624 0.5
5.5564 0.5
5.5505 0.5
5.5445 0.5
5.5386 0.5
5.5327 0.5
5.5268 0.5
5.5209 0.5
5.5151 0.5
5.5092 0.5
5.5033 0.5
5.4975 0.5
5.4917 0.5
5.4859 0.5
5.4801 0.5
5.4743 0.5
5.4685 0.5
5.4628 0.5
5.457 0.5
5.4513 0.5
5.4455 0.5
5.4398 0.5
5.4341 0.5
5.4284 0.5
5.4228 0.5
5.4171 0.5
5.4114 0.5
5.4058 0.5
5.4002 0.5
5.3945 0.5
5.3889 0.5
5.3833 0.5
5.3778 0.5
5.3722 0.5
5.3666 0.5
5.3611 0.5
5.3555 0.5
5.35 0.5
5.3445 0.5
5.339 0.5
5.3335 0.5
5.328 0.5
5.3225 0.5
5.3171 0.5
5.3116 0.5
5.3062 0.5
5.3008 0.5
5.2954 0.5
5.29 0.5
5.2846 0.5
5.2792 0.5
5.2738 0.5
5.2684 0.5
5.2631 0.5
5.2578 0.5
5.2524 0.5
5.2471 0.5
5.2418 0.5
5.2365 0.5
5.2312 0.5
5.226 0.5
5.2207 0.5
5.2154 0.5
5.2102 0.5
5.205 0.5
5.1998 0.5
5.1945 0.5
5.1893 0.5
5.1842 0.5
5.179 0.5
5.1738 0.5
5.1686 0.5
5.1635 0.5
5.1584 0.5
5.1532 0.5
5.1481 0.5
5.143 0.5
5.1379 0.5
5.1328 0.5
5.1277 0.5
5.1227 0.5
5.1176 0.5
5.1126 0.5
5.1075 0.5
5.1025 0.5
5.0975 0.5
5.0925 0.5
5.0875 0.5
5.0825 0.5
5.0775 0.5
5.0726 0.5
5.0676 0.5
5.0627 0.5
5.0577 0.5
5.0528 0.5
5.0479 0.5
5.043 0.5
5.038 0.5
5.0332 0.5
5.0283 0.5
5.0234 0.5
5.0185 0.5
5.0137 0.5
5.0088 0.5
5.004 0.5
4.9992 0.5
4.9944 0.5
4.9896 0.5
4.9848 0.5
4.98 0.5
4.9752 0.5
4.9704 0.5
4.9657 0.5
4.9609 0.5
4.9562 0.5
4.9514 0.5
4.9467 0.5
4.942 0.5
4.9373 0.5
4.9326 0.5
4.9279 0.5
4.9232 0.5
4.9186 0.5
4.9139 0.5
4.9092 0.5
4.9046 0.5
4.9 0.5002468819422451
4.8953 0.5011306098287465
4.8907 0.5026298068161428
4.8861 0.5047228737900809
4.8815 0.5073828776911945
4.8769 0.5105757084013222
4.8723 0.5142590136201831
4.8678 0.5183857015630269
4.8632 0.5229082156885411
4.8586 0.5275610847479533
4.8541 0.5317298553945624
4.8495 0.5350455328958956
4.845 0.537550241786381
4.8405 0.5392900918803615
4.836 0.5403173211952967
4.8315 0.5406895277944901
4.827 0.5404684151045053
4.8225 0.5397122271489309
4.818 0.5384756821591267
4.8135 0.5370272458334355
4.809 0.5357338116065714
4.8046 0.5345736378065572
4.8001 0.5335205602546848
4.7957 0.5325448944035015
4.7913 0.5316117043195715
4.7868 0.5306886145832521
4.7824 0.5297451123479917
4.778 0.5287517104136381
4.7736 0.5276739418786929
4.7692 0.526465292043927
4.7648 0.5250735501640934
4.7605 0.5234332830179282
4.7561 0.5214674167804653
4.7517 0.5190945245755809
4.7474 0.5162331504826052
4.7431 0.5128178880621695
4.7387 0.5088217810180594
4.7344 0.5042817459552161
4.7301 0.49932137795315007
4.7258 0.4941634408571324
4.7215 0.48912491059330104
4.7172 0.48459494250552587
4.7129 0.4809997757701572
4.7086 0.4787477550700795
4.7043 0.4781859505932585
4.7 0.47954643036952077
4.6958 0.482906445253646
4.6915 0.48817400899101543
4.6873 0.49508215213873236
4.6831 0.5032142270436029
4.6788 0.5120476916479377
4.6746 0.5210120273407622
4.6704 0.5295547944963203
4.6662 0.5371938710068569
4.662 0.5435627156025366
4.6578 0.5484334840434084
4.6536 0.5517202796448629
4.6495 0.5534615259640143
4.6453 0.5537979571394217
4.6411 0.5529405514190028
4.637 0.5511309594531816
4.6328 0.5486146963719768
4.6287 0.545615683646438
4.6246 0.542322791152068
4.6205 0.5388835316806999
4.6163 0.5354059332494944
4.6122 0.5319671582785027
4.6081 0.5286160390790952
4.604 0.5253735261426409
4.6 0.5222372660872566
4.5959 0.5191790889247205
4.5918 0.5161471640544025
4.5877 0.5130707252051688
4.5837 0.5098732125057274
4.5796 0.5064820374194625
4.5756 0.5028402700570529
4.5716 0.49891174672594923
4.5675 0.4946877174758681
4.5635 0.4901834847965017
4.5595 0.48543631121155256
4.5555 0.48050750724383173
4.5515 0.47548264257881684
4.5475 0.47047305838854087
4.5435 0.46561558232350203
4.5395 0.4610674653356535
4.5356 0.45700001975781573
4.5316 0.45358651282414286
4.5276 0.4509897558160924
4.5237 0.4493548844722327
4.5197 0.4487918071841837
4.5158 0.44936878016570503
4.5119 0.45110397194768814
4.508 0.4539587159237652
4.504 0.4578406648809528
4.5001 0.4626133646769692
4.4962 0.4681030080654706
4.4923 0.474117879587221
4.4884 0.4804527309989031
4.4846 0.48690833400537814
4.4807 0.493296892236775
4.4768 0.4994487158652149
4.473 0.5052220611145489
4.4691 0.5105055011489299
4.4652 0.515216581750423
4.4614 0.5193059543751882
4.4576 0.5227504828680951
4.4537 0.5255608928843954
4.4499 0.5277806045951838
4.4461 0.5294819892751236
4.4423 0.5307649315600144
4.4385 0.5317493831644109
4.4347 0.5325596640257388
4.4309 0.5333170862445366
4.4271 0.5341260998121499
4.4233 0.5350679365552717
4.4196 0.5361961065745527
4.4158 0.5375278224757427
4.412 0.5390445480196864
4.4083 0.5406962039332515
4.4045 0.5424050052711189
4.4008 0.5440765253663705
4.3971 0.5456119124556661
4.3934 0.5469165885049577
4.3896 0.5479100450735347
4.3859 0.5485252527370564
4.3822 0.5487118329700524
4.3785 0.5484366431183358
4.3748 0.54768381396926
4.3711 0.5464520516003005
4.3674 0.5447578424984433
4.3638 0.5426304227328174
4.3601 0.5401104304605653
4.3564 0.5372450262795988
4.3528 0.534083863969537
4.3491 0.5306779945334162
4.3455 0.5270822081162968
4.3418 0.5233538431504627
4.3382 0.5195585745352532
4.3346 0.5157730858848588
4.331 0.5120831081124734
4.3273 0.5085814252663463
4.3237 0.5053617877551125
4.3201 0.5025126762098548
4.3165 0.5001142704701317
4.3129 0.4982341071766325
4.3094 0.4969286017449913
4.3058 0.49624157841433164
4.3022 0.49620105943179776
4.2986 0.4968107805885507
4.2951 0.4980446593637448
4.2915 0.4998391683125742
4.288 0.5020963597601588
4.2844 0.5046868639390976
4.2809 0.5074616999815502
4.2774 0.5102635384373609
4.2738 0.5129376128231912
4.2703 0.5153392364524079
4.2668 0.5173482383954269
4.2633 0.5188790788644927
4.2598 0.5198930625793098
4.2563 0.5204028056436476
4.2528 0.5204698571799408
4.2493 0.5201931862160318
4.2458 0.5196860028201775
4.2424 0.5190558755730946
4.2389 0.5183886516418126
4.2354 0.5177433654334129
4.232 0.5171527146402595
4.2285 0.5166284902101027
4.2251 0.5161700346742869
4.2216 0.5157702620711252
4.2182 0.5154185054989128
4.2148 0.5151077092551153
4.2113 0.5148376607533393
4.2079 0.5146201408721347
4.2045 0.5144761731598507
4.2011 0.5144275592864943
4.1977 0.5144877229407269
4.1943 0.5146519300289081
4.1909 0.51489380484353
4.1875 0.5151699024832418
4.1841 0.5154275109935216
4.1808 0.5156176831727004
4.1774 0.5157045031561319
4.174 0.5156668833593826
4.1707 0.5155025539604955
4.1673 0.5152277296569039
4.164 0.5148737895492099
4.1606 0.514483547198577
4.1573 0.514104382304709
4.154 0.5137807896413502
4.1506 0.5135477505840892
4.1473 0.5134225961914499
4.144 0.5134080470594102
4.1407 0.5134937808717642
4.1374 0.5136594136730052
4.1341 0.5138791272982027
4.1308 0.5141260043954126
4.1275 0.5143708543159128
4.1242 0.5145871432187054
4.1209 0.5147507408327856
4.1177 0.5148438156622137
4.1144 0.5148548815133361
4.1111 0.5147775429970249
4.1079 0.5146087976582998
4.1046 0.5143481041095135
4.1014 0.5139927049227586
4.0981 0.5135406462170072
4.0949 0.5129917034526369
4.0917 0.5123472782848882
4.0884 0.5116103149736123
4.0852 0.5107848881042902
4.082 0.5098770907661625
4.0788 0.5088957622392725
4.0756 0.5078526388246214
4.0724 0.5067652340553935
4.0692 0.5056563229998374
4.066 0.504549791812512
4.0628 0.5034688791732213
4.0596 0.5024342004062498
4.0565 0.5014652068055576
4.0533 0.5005799695053462
4.0501 0.49979526088655823
4.047 0.499127054101681
4.0438 0.49858880812594947
4.0406 0.4981882739006018
4.0375 0.4979270107354975
4.0344 0.4978016408935884
4.0312 0.4978060994226178
4.0281 0.4979323150371361
4.025 0.49816985774378947
4.0218 0.4985075158384883
4.0187 0.49893135940427086
4.0156 0.4994247187546359
4.0125 0.4999696299822161
4.0094 0.5005483122027786
4.0063 0.5011467013002173
4.0032 0.5017537534699524
4.0001 0.5023611844189516
3.997 0.5029630401718022
3.994 0.5035545630074209
3.9909 0.5041303045014366
3.9878 0.5046847517446802
3.9847 0.5052116302618255
3.9817 0.5057056691191161
3.9786 0.5061612960743359
3.9756 0.5065723626568305
3.9725 0.5069307157731505
3.9695 0.5072270939046205
3.9665 0.5074512391265112
3.9634 0.5075923919688581
3.9604 0.5076395493856883
3.9574 0.5075845419918572
3.9544 0.5074207161742137
3.9513 0.5071439544812768
3.9483 0.5067521801532024
3.9453 0.5062472288766527
3.9423 0.5056353398422999
3.9393 0.5049253015006668
3.9363 0.5041289432808376
3.9333 0.5032625503629865
3.9304 0.5023446443752165
3.9274 0.5013950335527585
3.9244 0.5004343375491476
3.9214 0.49948238124620603
3.9185 0.49855674524387006
3.9155 0.4976697702120233
3.9126 0.49682915960351
3.9096 0.49604050344677003
3.9067 0.49530564098501767
3.9037 0.4946260416296998
3.9008 0.4940060612831966
3.8979 0.4934517487824649
3.8949 0.4929724053695195
3.892 0.4925782020282891
3.8891 0.4922812638162903
3.8862 0.4920935981829032
3.8833 0.49202489373066377
3.8804 0.49208173862109067
3.8775 0.4922666860334289
3.8746 0.49257463136889656
3.8717 0.49299290496422593
3.8688 0.4935032010811336
3.8659 0.4940833835769282
3.863 0.49470986516602267
3.8601 0.49535933812864535
3.8573 0.49601239825471616
3.8544 0.4966530180446364
3.8515 0.4972673233403712
3.8487 0.4978444095671406
3.8458 0.49837451444165676
3.843 0.49884822144063906
3.8401 0.4992559143192135
3.8373 0.49958719922791783
3.8344 0.4998320593444931
3.8316 0.4999803893102423
3.8288 0.5000226931930084
3.8259 0.49995283637914634
3.8231 0.4997686115314399
3.8203 0.49947289724120725
3.8175 0.4990749698429898
3.8147 0.49858829934337934
3.8119 0.498028933660899
3.8091 0.4974129987325371
3.8063 0.49675612174500156
3.8035 0.49607315942070035
3.8007 0.4953777977673121
3.7979 0.4946821598238885
3.7951 0.4939983341152368
3.7924 0.4933363634984485
3.7896 0.4927043928738348
3.7868 0.4921101648500389
3.7841 0.49156254810117195
3.7813 0.4910724364579931
3.7785 0.4906532825417998
3.7758 0.4903179187685402
3.773 0.49007778621384457
3.7703 0.4899410365046132
3.7676 0.4899109133109148
3.7648 0.4899881174819394
3.7621 0.49017162429374606
3.7594 0.490461008415646
3.7566 0.49085329185462356
3.7539 0.4913412489554621
3.7512 0.491913524063318
3.7485 0.4925566870928936
3.7458 0.4932556947978973
3.7431 0.4939967360405195
3.7404 0.49476935191279586
3.7377 0.4955635159456674
3.735 0.4963669561390101
3.7323 0.49716332257215373
3.7296 0.49793474467061133
3.7269 0.49866602359226203
3.7242 0.49934359598619454
3.7216 0.49995876031270825
3.7189 0.5005067450279426
3.7162 0.5009836911429576
3.7136 0.5013853741051432
3.7109 0.5017076797361174
3.7083 0.501950269480502
3.7056 0.502117508189882
3.703 0.5022155784528323
3.7003 0.5022524367790249
3.6977 0.5022339887424738
3.695 0.5021605829879815
3.6924 0.5020290692773623
3.6898 0.501834855702463
3.6872 0.5015756753086377
3.6845 0.5012528306567883
3.6819 0.5008703878303898
3.6793 0.5004342259246639
3.6767 0.49995174733194386
3.6741 0.4994292022472373
3.6715 0.4988751821001815
3.6689 0.498300620381277
3.6663 0.4977180097303622
3.6637 0.4971407825423822
3.6611 0.4965795436023598
3.6585 0.49604210135147614
3.656 0.49553300281760515
3.6534 0.49505339258642556
3.6508 0.4946035358890532
3.6482 0.4941845761207493
3.6457 0.493796111501643
3.6431 0.49343826188336765
3.6406 0.4931102123846658
3.638 0.4928114982356157
3.6355 0.49254151010109704
3.6329 0.49229950630220976
3.6304 0.4920845878426533
3.6278 0.4918957173608904
3.6253 0.49173070728452445
3.6227 0.4915855539037674
3.6202 0.49145785839308337
3.6177 0.4913450260168793
3.6152 0.4912443999072537
3.6127 0.4911531213550315
3.6101 0.491066740698121
3.6076 0.4909802379366701
3.6051 0.4908893622097347
3.6026 0.49078981152259726
3.6001 0.4906806542249846
3.5976 0.49056178846034887
3.5951 0.49043330414998226
3.5926 0.4902952795972706
3.5901 0.4901482823027288
3.5876 0.48999429653900933
3.5852 0.48983987636791004
3.5827 0.4896927401769839
3.5802 0.4895605702673994
3.5777 0.48945029323950784
3.5753 0.48936164935976445
3.5728 0.4892902047818727
3.5704 0.4892274667530837
3.5679 0.48916221476490807
3.5654 0.489084662880934
3.563 0.4889823089906067
3.5605 0.4888415913316477
3.5581 0.48864926572773654
3.5557 0.4883914355211131
3.5532 0.4880531048567754
3.5508 0.4876190518586446
3.5484 0.48706708778044
3.5459 0.48636196708176155
3.5435 0.48545374662840807
3.5411 0.4842815528999537
3.5387 0.4827923448010189
3.5363 0.48095943501585614
3.5338 0.4788034600455015
3.5314 0.47640701656036105
3.529 0.4739132026023148
3.5266 0.47151400236890795
3.5242 0.46943182473780315
3.5218 0.46789480293813707
3.5195 0.46711295829865024
3.5171 0.4672475920082979
3.5147 0.46838134158878
3.5123 0.47049190085455556
3.5099 0.47344107983685857
3.5075 0.47698412218200936
3.5052 0.48080607427758565
3.5028 0.4845740514968871
3.5004 0.4879851069034341
3.4981 0.4908062373772788
3.4957 0.49289052839627906
3.4934 0.4941804391972776
3.491 0.49470006777872294
3.4887 0.49454254630625594
3.4863 0.49385576443675394
3.484 0.49281927910166884
3.4816 0.4916128467382012
3.4793 0.49038534869779393
3.477 0.48923430717232014
3.4746 0.48819864668314417
3.4723 0.48726941102484816
3.47 0.4864105932603993
3.4677 0.4855803524970909
3.4653 0.48474135395737816
3.463 0.48385860824737326
3.4607 0.4828930047303781
3.4584 0.4818009910084514
3.4561 0.4805365026564167
3.4538 0.4790642681038025
3.4515 0.4773761239645317
3.4492 0.4755048467504158
3.4469 0.473524620209343
3.4446 0.4715471931224422
3.4423 0.46971369967488946
3.44 0.46818752957686727
3.4378 0.4671393802790522
3.4355 0.4667309313468272
3.4332 0.46709344627246563
3.4309 0.46830444527640386
3.4287 0.4703635584196479
3.4264 0.473187670680983
3.4241 0.4766222826438646
3.4219 0.480462409123857
3.4196 0.48447981807845364
3.4174 0.48844602036620055
3.4151 0.49215431978073976
3.4129 0.4954319441336562
3.4106 0.4981468830707429
3.4084 0.5002149840677793
3.4061 0.5016082918463589
3.4039 0.5023483132813651
3.4017 0.5024997621232001
3.3994 0.5021583072054255
3.3972 0.501443448566194
3.395 0.5004834918700432
3.3928 0.49940985767155605
3.3906 0.4983486385389865
3.3883 0.49741524882534044
3.3861 0.4967029849419733
3.3839 0.49627513774368165
3.3817 0.49615729854291063
3.3795 0.4963370480916975
3.3773 0.4967651692507031
3.3751 0.4973617131625553
3.3729 0.49802990625315247
3.3707 0.49866603034611157
3.3685 0.49917317050667254
3.3663 0.4994743684277545
3.3641 0.4995213931906172
3.362 0.4993013570834316
3.3598 0.4988334996081938
3.3576 0.4981610195671804
3.3554 0.4973394095747882
3.3533 0.496422307899327
3.3511 0.4954569496448453
3.3489 0.4944824324000671
3.3468 0.49352868883938855
3.3446 0.49261760067961036
3.3425 0.49176397752396767
3.3403 0.4909713591060414
3.3382 0.49023566609635655
3.336 0.4895452765582668
3.3339 0.4888886983501317
3.3317 0.4882593787792854
3.3296 0.48765403486523057
3.3274 0.4870703174736266
3.3253 0.48650344555019237
3.3232 0.4859450004834211
3.321 0.4853836730570079
3.3189 0.4848118514377554
3.3168 0.48422878788750456
3.3147 0.48364268932561
3.3126 0.483068474699201
3.3104 0.482521736182464
3.3083 0.48201722685793325
3.3062 0.48156786369943755
3.3041 0.4811873580537576
3.302 0.4808875654322975
3.2999 0.4806803886622608
3.2978 0.48057275441704655
3.2957 0.48056350776383144
3.2936 0.48064060174892964
3.2915 0.4807824554467574
3.2894 0.48096452663255124
3.2874 0.4811599999152067
3.2853 0.4813433792243152
3.2832 0.4814932798389429
3.2811 0.4815932246524554
3.279 0.481631487338429
3.277 0.48160460716286374
3.2749 0.4815178414880717
3.2728 0.4813880558854025
3.2708 0.4812392088181464
3.2687 0.48109768553896914
3.2666 0.48098930028856757
3.2646 0.4809351200571858
3.2625 0.4809452027141475
3.2605 0.4810209622943603
3.2584 0.48115241556908506
3.2564 0.4813224332430089
3.2543 0.4815095103164848
3.2523 0.4816922049612673
3.2503 0.481854312132839
3.2482 0.4819878387361671
3.2462 0.4820923548635424
3.2442 0.4821718063968374
3.2421 0.48223456765452327
3.2401 0.4822872380569042
3.2381 0.48233920182936973
3.2361 0.4823943961375661
3.234 0.48245418755148073
3.232 0.4825096138922899
3.23 0.4825438368737729
3.228 0.4825359535889741
3.226 0.4824688534382579
3.224 0.4823359314951531
3.222 0.4821497069434944
3.22 0.48193199761837635
3.218 0.4817111457119732
3.216 0.4815126227061568
3.214 0.4813581069637637
3.212 0.48126700976647957
3.21 0.48125429412116144
3.208 0.48133067969543963
3.206 0.48149803343817876
3.204 0.48174430004081614
3.2021 0.4821184804125031
3.2001 0.48267504612829404
3.1981 0.48338778803122373
3.1961 0.4842468386330832
3.1942 0.485250179788478
3.1922 0.4864033366831046
3.1902 0.48770855437179417
3.1883 0.4891641026880498
3.1863 0.4907648693042833
3.1844 0.49243107490192783
3.1824 0.49400315556056124
3.1805 0.49540245776881603
3.1785 0.4966284732575858
3.1766 0.4976730090380539
3.1746 0.4985271429747382
3.1727 0.4991827898394039
3.1707 0.49964142794339184
3.1688 0.4999101252840317
3.1669 0.5
3.1649 0.5
3.163 0.5
3.1611 0.5
3.1591 0.5
3.1572 0.5
3.1553 0.5
3.1534 0.5
3.1515 0.5
3.1495 0.5
3.1476 0.5
3.1457 0.5
3.1438 0.5
3.1419 0.5
3.14 0.5
3.1381 0.5
3.1362 0.5
3.1343 0.5
3.1324 0.5
3.1305 0.5
3.1286 0.5
3.1268 0.5
3.1249 0.5
3.123 0.5
3.1211 0.5
3.1192 0.5
3.1174 0.5
3.1155 0.5
3.1136 0.5
3.1117 0.5
3.1099 0.5
3.108 0.5
3.1061 0.5
3.1043 0.5
3.1024 0.5
3.1006 0.5
3.0987 0.5
3.0969 0.5
3.095 0.5
3.0932 0.5
3.0913 0.5
3.0895 0.5
3.0876 0.5
3.0858 0.5
3.084 0.5
3.0821 0.5
3.0803 0.5
3.0785 0.5
3.0766 0.5
3.0748 0.5
3.073 0.5
3.0712 0.5
3.0694 0.5
3.0675 0.5
3.0657 0.5
3.0639 0.5
3.0621 0.5
3.0603 0.5
3.0585 0.5
3.0567 0.5
3.0549 0.5
3.0531 0.5
3.0513 0.5
3.0495 0.5
3.0477 0.5
3.0459 0.5
3.0441 0.5
3.0423 0.5
3.0406 0.5
3.0388 0.5
3.037 0.5
3.0352 0.5
3.0334 0.5
3.0317 0.5
3.0299 0.5
3.0281 0.5
3.0264 0.5
3.0246 0.5
3.0228 0.5
3.0211 0.5
3.0193 0.5
3.0176 0.5
3.0158 0.5
3.014 0.5
3.0123 0.5
3.0105 0.5
3.0088 0.5
3.007 0.5
3.0053 0.5
3.0036 0.5
3.0018 0.5
3.0001 0.5
2.9984 0.5
2.9966 0.5
2.9949 0.5
2.9932 0.5
2.9914 0.5
2.9897 0.5
2.988 0.5
2.9863 0.5
2.9845 0.5
2.9828 0.5
2.9811 0.5
2.9794 0.5
2.9777 0.5
2.976 0.5
2.9743 0.5
2.9726 0.5
2.9709 0.5
2.9692 0.5
2.9675 0.5
2.9658 0.5
2.9641 0.5
2.9624 0.5
2.9607 0.5
2.959 0.5
2.9573 0.5
2.9556 0.5
2.9539 0.5
2.9523 0.5
2.9506 0.5
2.9489 0.5
2.9472 0.5
2.9455 0.5
2.9439 0.5
2.9422 0.5
2.9405 0.5
2.9389 0.5
2.9372 0.5
2.9355 0.5
2.9339 0.5
2.9322 0.5
2.9306 0.5
2.9289 0.5
2.9272 0.5
2.9256 0.5
2.9239 0.5
2.9223 0.5
2.9207 0.5
2.919 0.5
2.9174 0.5
2.9157 0.5
2.9141 0.5
2.9124 0.5
2.9108 0.5
2.9092 0.5
2.9075 0.5
2.9059 0.5
2.9043 0.5
2.9027 0.5
2.901 0.5
2.8994 0.5
2.8978 0.5
2.8962 0.5
2.8946 0.5
2.8929 0.5
2.8913 0.5
2.8897 0.5
2.8881 0.5
2.8865 0.5
2.8849 0.5
2.8833 0.5
2.8817 0.5
2.8801 0.5
2.8785 0.5
2.8769 0.5
2.8753 0.5
2.8737 0.5
2.8721 0.5
2.8705 0.5
2.8689 0.5
2.8673 0.5
2.8658 0.5
2.8642 0.5
2.8626 0.5
2.861 0.5
2.8594 0.5
2.8579 0.5
2.8563 0.5
2.8547 0.5
2.8531 0.5
2.8516 0.5
2.85 0.5
2.8484 0.5
2.8469 0.5
2.8453 0.5
2.8437 0.5
2.8422 0.5
2.8406 0.5
2.8391 0.5
2.8375 0.5
2.836 0.5
2.8344 0.5
2.8329 0.5
2.8313 0.5
2.8298 0.5
2.8282 0.5
2.8267 0.5
2.8252 0.5
2.8236 0.5
2.8221 0.5
2.8205 0.5
2.819 0.5
2.8175 0.5
2.8159 0.5
2.8144 0.5
2.8129 0.5
2.8114 0.5
2.8098 0.5
2.8083 0.5
2.8068 0.5
2.8053 0.5
2.8038 0.5
2.8022 0.5
2.8007 0.5
2.7992 0.5
2.7977 0.5
2.7962 0.5
2.7947 0.5
2.7932 0.5
2.7917 0.5
2.7902 0.5
2.7887 0.5
2.7872 0.5
2.7857 0.5
2.7842 0.5
2.7827 0.5
2.7812 0.5
2.7797 0.5
2.7782 0.5
2.7767 0.5
2.7752 0.5
2.7738 0.5
2.7723 0.5
2.7708 0.5
2.7693 0.5
2.7678 0.5
2.7664 0.5
2.7649 0.5
2.7634 0.5
2.7619 0.5
2.7605 0.5
2.759 0.5
2.7575 0.5
2.7561 0.5
2.7546 0.5
2.7531 0.5
2.7517 0.5
2.7502 0.5
2.7488 0.5
2.7473 0.5
2.7458 0.5
2.7444 0.5
2.7429 0.5
2.7415 0.5
2.74 0.5
2.7386 0.5
2.7371 0.5
2.7357 0.5
2.7343 0.5011467475065788
2.7328 0.5038713161069827
2.7314 0.5082466725271122
2.7299 0.5140607488783046
2.7285 0.5208620558176222
2.7271 0.528086665796267
2.7256 0.5352125979722664
2.7242 0.5418834234766832
2.7228 0.5479618209753281
2.7213 0.5526095138818139
2.7199 0.5546353788258263
2.7185 0.5539157461727421
2.7171 0.5509211760295667
2.7156 0.546593474103009
2.7142 0.542204800565225
2.7128 0.5391164834857856
2.7114 0.5384961405636856
2.71 0.5411035697278096
2.7085 0.5471959842351045
2.7071 0.5574570089502092
2.7057 0.5715476633868296
2.7043 0.5885650836170272
2.7029 0.6072383203708912
2.7015 0.6261021566646267
2.7001 0.6437019022553886
2.6987 0.6587796203048051
2.6973 0.6704053920130857
2.6959 0.6780223382848357
2.6945 0.6814274544884953
2.6931 0.6807097070536497
2.6917 0.6761779541942664
2.6903 0.6683136949192474
2.6889 0.6577208777036343
2.6875 0.6450662899148578
2.6861 0.6310364882897572
2.6847 0.616318267711657
2.6833 0.6015986441299069
2.6819 0.587541036405456
2.6805 0.5747246122194993
2.6791 0.5635933105534154
2.6778 0.5544354454750721
2.6764 0.5473687259467153
2.675 0.5423537977229949
2.6736 0.5392445476357444
2.6722 0.537835150956599
2.6709 0.5378501686774864
2.6695 0.5389130108683411
2.6681 0.5405635345399726
2.6667 0.5423194560929205
2.6654 0.543725052435117
2.664 0.5444081750426547
2.6626 0.5441507246131482
2.6613 0.5429122384043422
2.6599 0.5407930211498435
2.6585 0.5379853879642111
2.6572 0.534748523875689
2.6558 0.5313742958550604
2.6545 0.5281238661624237
2.6531 0.5251856444365752
2.6517 0.5226644509652039
2.6504 0.520558954510846
2.649 0.5187631004303481
2.6477 0.5171013937965323
2.6463 0.5153829104816001
2.645 0.5134534045004405
2.6436 0.511232974227108
2.6423 0.5087530981580025
2.6409 0.5061537502018754
2.6396 0.5036310664906261
2.6382 0.501395083191732
2.6369 0.4996275347372628
2.6356 0.49843750961177646
2.6342 0.4978560498336233
2.6329 0.49785550571486925
2.6315 0.49837007024737257
2.6302 0.4992900233804816
2.6289 0.5004577945459827
2.6275 0.5017066917405195
2.6262 0.5028829526622955
2.6249 0.5038482735269327
2.6236 0.5045167323174734
2.6222 0.5048786037326486
2.6209 0.5049842673380897
2.6196 0.5049056798423306
2.6183 0.5047146061244107
2.6169 0.5044858695599782
2.6156 0.5042627496571298
2.6143 0.5040182760894237
2.613 0.5036864344934999
2.6117 0.5032089763613133
2.6103 0.502560803104193
2.609 0.501769405329765
2.6077 0.500921022579771
2.6064 0.5001372425107081
2.6051 0.49950718163747604
2.6038 0.49904106245210406
2.6025 0.49872000354397855
2.6012 0.498565465374154
2.5999 0.4986600691402554
2.5986 0.49912381205565315
2.5973 0.5000500426907398
2.596 0.5014285837644578
2.5947 0.5031021747588936
2.5934 0.5047996998530692
2.5921 0.5062620149525641
2.5908 0.5073538354655329
2.5895 0.5080725548516168
2.5882 0.5084907150944202
2.5869 0.5086834103921282
2.5856 0.5086764521651982
2.5843 0.508447795726641
2.583 0.5079678457125427
2.5817 0.5072590853993427
2.5805 0.5064214816263142
2.5792 0.5055743184262649
2.5779 0.5047973527747407
2.5766 0.5041120773731427
2.5753 0.5034987112523354
2.5741 0.5029326619787006
2.5728 0.5024140570335974
2.5715 0.5019841698107403
2.5702 0.5017271978921825
2.569 0.5017314166106676
2.5677 0.5020563587107881
2.5664 0.5027221458377911
2.5651 0.5036937757389188
2.5639 0.504868137708614
2.5626 0.5060754675395064
2.5613 0.5071096694075099
2.5601 0.5077886788526448
2.5588 0.5080048726687956
2.5575 0.5077529661706601
2.5563 0.5071263949740704
2.555 0.5062714126364434
2.5538 0.5053328734800491
2.5525 0.5044173960974243
2.5513 0.5035887094781272
2.55 0.5028905712545444
2.5487 0.5023664823265844
2.5475 0.5020558454817837
2.5462 0.501972548603343
2.545 0.5020813994628899
2.5437 0.5022980914714149
2.5425 0.5025133496725256
2.5413 0.5026315042911128
2.54 0.5026115492748466
2.5388 0.5024801787525603
2.5375 0.5023090956323889
2.5363 0.502173241375996
2.535 0.5021186928511547
2.5338 0.5021511041546444
2.5326 0.5022414487129871
2.5313 0.5023448187127735
2.5301 0.5024243737828468
2.5289 0.5024623283293803
2.5276 0.5024553880316284
2.5264 0.502405533508794
2.5252 0.5023152998888778
2.5239 0.5021877650611039
2.5227 0.5020293867487373
2.5215 0.5018525379770286
2.5202 0.5016778404979199
2.519 0.5015291834410637
2.5178 0.5014252721768215
2.5166 0.5013738344909012
2.5154 0.5013699204585033
2.5141 0.5014010804267193
2.5129 0.5014526635041755
2.5117 0.5015135023388312
2.5105 0.5015781392469796
2.5093 0.5016462468029976
2.5081 0.5017191746367332
2.5068 0.5017969116954447
2.5056 0.501876333613868
2.5044 0.5019528145778336
2.5032 0.5020211107389362
2.502 0.5020778255719401
2.5008 0.5021217983351945
2.4996 0.5021549625514199
2.4984 0.5021809046372786
2.4972 0.5022048492751356
2.496 0.5022309744708564
2.4948 0.5022627366351561
2.4936 0.5023027955954318
2.4924 0.502353887001121
2.4912 0.5024181147544471
2.49 0.502495924074295
2.4888 0.5025863410875872
2.4876 0.5026858764567509
2.4864 0.5027872175520182
2.4852 0.5028807220282691
2.484 0.5029572626237072
2.4828 0.5030097849090246
2.4816 0.503033376119425
2.4805 0.5030267235487424
2.4793 0.502992566203065
2.4781 0.5029368960873616
2.4769 0.5028673099295148
2.4757 0.5027923066932712
2.4745 0.5027222270153914
2.4734 0.502665669123481
2.4722 0.5026289564970902
2.471 0.5026156005768393
2.4698 0.5026266275097452
2.4686 0.5026603466719902
2.4675 0.5027117548106409
2.4663 0.5027746255910222
2.4651 0.5028420592478671
2.464 0.5029071039929962
2.4628 0.5029643671470428
2.4616 0.5030107082309344
2.4604 0.50304637484837
2.4593 0.5030733063639647
2.4581 0.5030941360369314
2.4569 0.5031116381687978
2.4558 0.5031273727555683
2.4546 0.5031422775636681
2.4535 0.5031560725625499
2.4523 0.503168928011794
2.4511 0.503181225917656
2.45 0.5031942428708275
2.4488 0.5032099101346091
2.4477 0.5032320983088077
2.4465 0.503264741768869
2.4454 0.5033107029072668
2.4442 0.5033722528092085
2.4431 0.5034494810240261
2.4419 0.5035417403389331
2.4408 0.5036468905298196
2.4396 0.5037627864796148
2.4385 0.5038866830295535
2.4373 0.5040139741905378
2.4362 0.5041375398607031
2.435 0.5042503881777145
2.4339 0.5043460301108481
2.4327 0.504420414190323
2.4316 0.5044714596000843
2.4305 0.5045005668855634
2.4293 0.5045106759954404
2.4282 0.5045043945850832
2.427 0.5044831365652575
2.4259 0.504448598240366
2.4248 0.5044022572828666
2.4236 0.5043450854309386
2.4225 0.5042777653985929
2.4214 0.5042016232105875
2.4202 0.5041175395740174
2.4191 0.5040244826136521
2.418 0.5039204761331098
2.4169 0.5038043975646419
2.4157 0.5036771404292278
2.4146 0.5035414490609886
2.4135 0.5034017807086726
2.4124 0.5032644432689666
2.4112 0.5031338694248355
2.4101 0.5030109709133556
2.409 0.5028944512502279
2.4079 0.5027822333058849
2.4068 0.5026721759739234
2.4056 0.50256184048239
2.4045 0.5024490638222681
2.4034 0.5023313167012842
2.4023 0.5022052929879086
2.4012 0.5020682607120939
2.4001 0.5019206366196454
2.399 0.5017670359165676
2.3979 0.501615192203472
2.3967 0.5014741659596675
2.3956 0.5013533497355106
2.3945 0.5012595636025077
2.3934 0.5011970633932493
2.3923 0.5011678323766121
2.3912 0.5011725114058782
2.3901 0.5012099727817955
2.389 0.5012772570005491
2.3879 0.5013692918119581
2.3868 0.50147939386467
2.3857 0.5015992029573025
2.3846 0.5017201661176515
2.3835 0.5018350912702367
2.3824 0.5019379321445173
2.3813 0.5020242749909668
2.3802 0.5020912689888503
2.3791 0.5021367773337916
2.3781 0.5021596617932599
2.377 0.5021604034565895
2.3759 0.5021408881271987
2.3748 0.5021046078029529
2.3737 0.5020555307206794
2.3726 0.5019973305587314
2.3715 0.5019329690910627
2.3704 0.501863651937506
2.3694 0.5017891876994444
2.3683 0.5017092427550995
2.3672 0.5016233452090468
2.3661 0.501530114844528
2.365 0.5014283771483018
2.364 0.5013179234391069
2.3629 0.5011997187134726
2.3618 0.5010770811870513
2.3607 0.5009558902424517
2.3597 0.5008445866256995
2.3586 0.5007527853056308
2.3575 0.5006889139615922
2.3564 0.5006605587330466
2.3554 0.5006734231073818
2.3543 0.500731119754799
2.3532 0.5008351708938169
2.3522 0.5009842516962297
2.3511 0.501173847644902
2.35 0.5013962600153491
2.349 0.5016402708762973
2.3479 0.5018930935713736
2.3468 0.5021419763255611
2.3458 0.5023755879395919
2.3447 0.5025846460929885
2.3436 0.5027622547081934
2.3426 0.5029034071148721
2.3415 0.5030060078993894
2.3405 0.5030695583342185
2.3394 0.5030958281419006
2.3384 0.5030895982113673
2.3373 0.5030573490989693
2.3363 0.5030071760434517
2.3352 0.5029461885168153
2.3342 0.5028814622931093
2.3331 0.5028177985833846
2.3321 0.5027571906696081
2.331 0.5026995114575435
2.33 0.5026430075214053
2.3289 0.5025845033224107
2.3279 0.5025200810612889
2.3268 0.502445497824993
2.3258 0.5023575933945807
2.3247 0.5022543655952613
2.3237 0.5021348898944502
2.3226 0.5020010708287502
2.3216 0.501857966704214
2.3206 0.5017131698732209
2.3195 0.5015762688793153
2.3185 0.501456897546109
2.3175 0.5013628581696208
2.3164 0.501298993191433
2.3154 0.5012655801988664
2.3144 0.5012616268557768
2.3133 0.5012847387068878
2.3123 0.5013307888915479
2.3113 0.5013941210018955
2.3102 0.5014668829968907
2.3092 0.5015397685746729
2.3082 0.5016032243594544
2.3071 0.5016499184944665
2.3061 0.5016771392890774
2.3051 0.5016857871760804
2.3041 0.5016776975340557
2.303 0.5016558985689774
2.302 0.5016241431974751
2.301 0.5015872340849665
2.3 0.5015517502877326
2.299 0.5015261751176784
2.2979 0.5015190372383629
2.2969 0.5015357952622886
2.2959 0.5015766641259742
2.2949 0.5016376953816448
2.2939 0.5017117230181286
2.2929 0.5017896905472676
2.2918 0.5018628989808792
2.2908 0.5019233911014888
2.2898 0.5019647944598297
2.2888 0.5019821158181923
2.2878 0.5019724067207895
2.2868 0.501935561485255
2.2858 0.5018749129427195
2.2848 0.5017959754062828
2.2838 0.5017059077102353
2.2828 0.5016111321553627
2.2818 0.5015165378969205
2.2808 0.5014244338280258
2.2798 0.5013338336246604
2.2787 0.501241645215266
2.2777 0.5011443810146103
2.2767 0.5010390783205856
2.2757 0.500923824925563
2.2747 0.5007990666963751
2.2738 0.5006664954184568
2.2728 0.500528588820108
2.2718 0.5003872340175316
2.2708 0.5002447046846902
2.2698 0.500103921192856
2.2688 0.4999684524990651
2.2678 0.4998427175070568
2.2668 0.4997319262509781
2.2658 0.49963986155737367
2.2648 0.4995678322977641
2.2638 0.49951486359924563
2.2628 0.4994784759762419
2.2618 0.49945533598201863
2.2609 0.4994421083662828
2.2599 0.49943643997431947
2.2589 0.499436242572769
2.2579 0.4994394978884854
2.2569 0.4994434702957341
2.2559 0.4994472543475546
2.255 0.49945138194015587
2.254 0.49945795238649565
2.253 0.4994705683823308
2.252 0.49949250147848484
2.251 0.4995253193368802
2.2501 0.4995668567029383
2.2491 0.4996129196264425
2.2481 0.49965820272824474
2.2471 0.499697727661799
2.2462 0.4997274314127496
2.2452 0.49974475508749067
2.2442 0.4997478575763192
2.2433 0.49973574897293643
2.2423 0.4997086843039156
2.2413 0.4996688867285575
2.2403 0.49961969352389773
2.2394 0.4995641782762197
2.2384 0.49950239299020655
2.2374 0.499431825344135
2.2365 0.4993473299899046
2.2355 0.4992432920514262
2.2345 0.4991168440843671
2.2336 0.49896826734935057
2.2326 0.4988005357620088
2.2317 0.49861649389956497
2.2307 0.4984182572583495
2.2297 0.4982076065090165
2.2288 0.4979867688002071
2.2278 0.4977588855592315
2.2269 0.497528949200715
2.2259 0.49730130578563786
2.225 0.49707641068399877
2.224 0.49684948407342694
2.2231 0.49661192621625594
2.2221 0.4963538722178934
2.2211 0.4960687723082153
2.2202 0.4957555742364197
2.2192 0.4954231523667221
2.2183 0.49508937546939347
2.2173 0.49477950498374274
2.2164 0.4945243822800688
2.2155 0.494359071921715
2.2145 0.49431975089184116
2.2136 0.49444012143130617
2.2126 0.49474712630140694
2.2117 0.49525560607767083
2.2107 0.4959625079363356
2.2098 0.49684300449032626
2.2088 0.497851933314359
2.2079 0.4989300405258025
2.207 0.5000121689220416
2.206 0.5010361841009282
2.2051 0.5019510819277619
2.2041 0.5027207815445326
2.2032 0.5033255891860083
2.2023 0.5037611690260886
2.2013 0.5040393087300593
2.2004 0.5041862007799283
2.1995 0.5042377857072509
2.1985 0.5042337234116835
2.1976 0.5042108822333504
2.1967 0.5041981252998398
2.1957 0.5042112875724302
2.1948 0.5042545557614693
2.1939 0.5043238577049707
2.193 0.5044096430322056
2.192 0.5044993405092683
2.1911 0.5045785963302534
2.1902 0.5046350903806409
2.1893 0.5046596370656116
2.1883 0.5046472949796235
2.1874 0.5045977168033873
2.1865 0.5045152558015764
2.1856 0.5044060935378217
2.1846 0.504275846391312
2.1837 0.5041294494369495
2.1828 0.5039719957352661
2.1819 0.5038088707031557
2.181 0.503645150372829
2.18 0.5034841017867852
2.1791 0.5033271357849692
2.1782 0.5031724550937181
2.1773 0.503016700588647
2.1764 0.5028577551358354
2.1755 0.5026959704773686
2.1746 0.5025357750871438
2.1736 0.5023827443398897
2.1727 0.5022427638238665
2.1718 0.5021197085468593
2.1709 0.5020157755448842
2.17 0.5019324532701299
2.1691 0.5018718120328767
2.1682 0.5018362376566313
2.1673 0.5018270757703762
2.1664 0.5018430956807844
2.1655 0.5018785737509928
2.1646 0.5019244718757545
2.1637 0.501970118838184
2.1628 0.502006869379891
2.1619 0.502029181433499
2.161 0.5020349148959968
2.1601 0.5020246119770787
2.1592 0.5020004638719765
2.1583 0.5019643988385357
2.1574 0.5019194268196593
2.1565 0.5018695169601686
2.1556 0.5018209916652014
2.1547 0.5017803552155561
2.1538 0.5017521873243377
2.1529 0.5017377509309675
2.152 0.5017331626779983
2.1511 0.5017298556663975
2.1502 0.5017178830951601
2.1493 0.5016889009682626
2.1484 0.5016384927007415
2.1475 0.5015664807437659
2.1466 0.5014758394806078
2.1458 0.5013722607127102
2.1449 0.5012620705290253
2.144 0.5011514083679371
2.1431 0.5010471702152735
2.1422 0.5009557395565839
2.1413 0.5008818413366991
2.1404 0.5008269720663429
2.1396 0.5007886475104965
2.1387 0.500761612271102
2.1378 0.5007385989691747
2.1369 0.5007125358693026
2.136 0.5006795068052701
2.1352 0.5006383732393737
2.1343 0.5005900788693851
2.1334 0.5005368945555708
2.1325 0.5004807140541662
2.1316 0.5004237453401224
2.1308 0.500367437467703
2.1299 0.5003127324819816
2.129 0.5002595003081685
2.1281 0.5002059746739175
2.1273 0.5001484395364462
2.1264 0.5000832417297079
2.1255 0.5000075447972335
2.1247 0.4999224729287163
2.1238 0.4998326728911597
2.1229 0.4997448700132527
2.122 0.49966604546511123
2.1212 0.49960167431387403
2.1203 0.49955559793747123
2.1194 0.4995307143081811
2.1186 0.4995290406874621
2.1177 0.4995524070108892
2.1168 0.49960012660035874
2.116 0.499667171729948
2.1151 0.49974391929474016
2.1143 0.4998192328220828
2.1134 0.49988335672283885
2.1125 0.4999312524395312
2.1117 0.49996304099452593
2.1108 0.4999823059201872
2.11 0.4999928841390482
2.1091 0.4999957177600863
2.1082 0.49999005006705494
2.1074 0.49997556632596385
2.1065 0.4999543448984108
2.1057 0.499931485800936
2.1048 0.49991278099162156
2.104 0.49990112650290863
2.1031 0.4998946966937282
2.1023 0.49988738341538136
2.1014 0.49987288794310014
2.1005 0.4998479329463665
2.0997 0.4998137750518544
2.0988 0.49977437951847375
2.098 0.49973497284700413
2.0971 0.49969738104150835
2.0963 0.49966135238449394
2.0955 0.4996265101753758
2.0946 0.49959418035590825
2.0938 0.49956934720602814
2.0929 0.4995585746248515
2.0921 0.49956483207437363
2.0912 0.4995926695145741
2.0904 0.4996352123356894
2.0895 0.4996788943366802
2.0887 0.4997311043045267
2.0879 0.49974437127765514
2.087 0.4997301098672489
2.0862 0.499696702696164
2.0853 0.49981793177567774
2.0845 0.4999837785357332
2.0837 0.49995599956921244
2.0828 0.4998730229688884
2.082 0.499828303187145
2.0812 0.4996521857340814
2.0803 0.4993652902106539
2.0795 0.499300308289213
2.076 0.49921423577329055
2.072 0.49875702817069273
2.068 0.498363152752557
2.064 0.4981029996429027
2.06 0.49799767776512727
2.056 0.4977186923082682
2.052 0.4973549771541962
2.048 0.49704258953401376
2.044 0.49654768894548046
2.04 0.495869308018288
2.036 0.4955420464504596
2.032 0.4953375735184429
2.028 0.4944137471686921
2.024 0.4933180729774658
2.02 0.4921328939167278
2.016 0.49106215715692403
2.012 0.49006785245363055
2.008 0.4891613552201007
2.004 0.488495607287181
2.0 0.48766403098498995
1.996 0.48633826055570245
1.992 0.4855676253111532
1.988 0.48528165312842414
1.984 0.48525535554157034
1.98 0.48536301879262195
1.976 0.48568221428741293
1.972 0.485837161650576
1.968 0.48594348493884965
1.964 0.4860381696249436
1.96 0.4861306673197707
1.956 0.486254072828429
1.952 0.48590839048153867
1.948 0.48543412521235507
1.944 0.484815390551348
1.94 0.4843944136287902
1.936 0.4843315337964341
1.932 0.4850523364797247
1.928 0.48706450840260357
1.924 0.4901995527503248
1.92 0.4948918712744051
1.916 0.5005963039505568
1.912 0.5073967791692161
1.908 0.5147626120126024
1.904 0.5221944119391726
1.9 0.5293224167988251
1.896 0.5355790687709667
1.892 0.5404102631086456
1.888 0.5430868712125725
1.884 0.5442402859793037
1.88 0.543378643736781
1.876 0.5408234174993558
1.872 0.5369862845833262
1.868 0.5321022937900239
1.864 0.5268333165645428
1.86 0.5217455610669857
1.856 0.5168861341605506
1.852 0.5130361891762577
1.848 0.5095948774917543
1.844 0.5065361301170557
1.84 0.5043063133897232
1.836 0.5029393970830478
1.832 0.5021899727984616
1.828 0.5021362412047595
1.824 0.5021348525968968
1.82 0.501620272649039
1.816 0.5011589168668054
1.812 0.5005449992706061
1.808 0.500376417798228
1.804 0.5001075157615454
1.8 0.49977880201001385
1.796 0.49939075430299
1.792 0.498491692814882
1.788 0.4974301795511481
1.784 0.4968338006154165
1.78 0.49671036253926854
1.776 0.4969289772256708
1.772 0.4970200338725699
1.768 0.49728258042349743
1.764 0.497559863893433
1.76 0.4978437669989012
1.756 0.4982714495088129
1.752 0.4988658213792427
1.748 0.49965214915708106
1.744 0.5001598753264019
1.74 0.5001428922013936
1.736 0.5001115292817271
1.732 0.5002565368870127
1.728 0.5004063715065693
1.724 0.5003274950121767
1.72 0.5003986542773816
1.716 0.5003502515442909
1.712 0.5001283811909883
1.708 0.49993648683587877
1.704 0.49972489275799625
1.7 0.5000396305171514
1.696 0.499832018185339
1.692 0.49960063946343847
1.688 0.49939783390429177
1.684 0.49957763012367506
1.68 0.49950776019458076
1.676 0.49950893848656774
1.672 0.4993606632210915
1.668 0.49939913991744855
1.664 0.4992667673694677
1.66 0.4992807510427193
1.656 0.4994983025843203
1.652 0.49955536752669566
1.648 0.4995064259671243
1.644 0.4994350568922268
1.64 0.4992379650656172
1.636 0.49920920180265665
1.632 0.49930318805649326
1.628 0.4988965262867347
1.624 0.49865127573103274
1.62 0.4982754944550984
1.616 0.49823922551861544
1.612 0.49792452102329476
1.608 0.497459396750318
1.604 0.49697120196066324
1.6 0.49652601008185504
1.596 0.4960191039698714
1.592 0.49613526135794545
1.588 0.4961796481174025
1.584 0.496134952779203
1.58 0.4961142602806679
1.576 0.49608273218153914
1.572 0.4961695155570718
1.568 0.4965172068765963
1.564 0.4969994955882609
1.56 0.4974875322223712
1.556 0.4977981898927143
1.552 0.49800415639818696
1.548 0.4980036976142202
1.544 0.49769235830249425
1.54 0.4969546214895173
1.536 0.49632836331330926
1.532 0.49610521929684914
1.528 0.49568237156381856
1.524 0.49528204403543324
1.52 0.49471655599596365
1.516 0.49415845171247524
1.512 0.4936567606136057
1.508 0.4937061343750206
1.504 0.4942045947563789
1.5 0.49503378889489197
1.496 0.4953021922847155
1.492 0.4955071873229148
1.488 0.4955263355354167
1.484 0.4956944776853968
1.48 0.49581135979572544
1.476 0.49595164126839014
1.472 0.4958632032987775
1.468 0.4957023688610222
1.464 0.49541174380212594
1.46 0.49499762385995666
1.456 0.49475936037949775
1.452 0.4944181673099098
1.448 0.4939033104960472
1.444 0.49304922354266767
1.44 0.49239476369555013
1.436 0.4920506558518046
1.432 0.4917838182860344
1.428 0.49183869259673235
1.424 0.492232646920828
1.42 0.49282497118118573
1.416 0.4938353279605525
1.412 0.4952931863135244
1.408 0.4976840342117562
1.404 0.5003877515509064
1.4 0.5029685354014168
1.396 0.5051384925829346
1.392 0.5064706389551386
1.388 0.5077325913321692
1.384 0.508769901225852
1.38 0.5096666788167579
1.376 0.509974839648734
1.372 0.5095302421281555
1.368 0.5083076143841134
1.364 0.5066012484165063
1.36 0.5049988001412585
1.356 0.5039022895434837
1.352 0.5031725443569487
1.348 0.5019595962309709
1.344 0.5005578419044375
1.34 0.49910944957822445
1.336 0.49789630635396104
1.332 0.49717199587493455
1.328 0.4969085939381891
1.324 0.4969402095635447
1.32 0.49718994441969344
1.316 0.4970355423318036
1.312 0.49710197129093225
1.308 0.4973025167454766
1.304 0.497655778145899
1.3 0.4976447838126956
1.296 0.49742193151604575
1.292 0.4971334116729137
1.288 0.49661291704065197
1.284 0.49594992509655467
1.28 0.49514939312951983
1.276 0.4944293188162667
1.272 0.49380096726378275
1.268 0.4932748418157834
1.264 0.4929260582994182
1.26 0.49285864123383777
1.256 0.49328311041029155
1.252 0.4939468910046081
1.248 0.4945705134791897
1.244 0.4951372572666562
1.24 0.49585756897736877
1.236 0.49635158175124877
1.232 0.49695233269700423
1.228 0.4975757026151831
1.224 0.49835752584343773
1.22 0.4986677383654247
1.216 0.49825236940997986
1.212 0.49748921434594323
1.208 0.4969131564367366
1.204 0.4963644135020658
1.2 0.49579337313163524
1.196 0.49538592960200184
1.192 0.49516676393216574
1.188 0.4946787019086024
1.184 0.4939118561938731
1.18 0.49339804715297947
1.176 0.49354159892717253
1.172 0.49363746478489867
1.168 0.4934196185001452
1.164 0.4932623679794931
1.16 0.4927220169893018
1.156 0.4922850306143994
1.152 0.4920369246043919
1.148 0.49183218106800347
1.144 0.49192278480636065
1.14 0.4921322655988185
1.136 0.49211077660420094
1.132 0.49254628396329664
1.128 0.493265217578511
1.124 0.49408136639275796
1.12 0.49477145223565044
1.116 0.4948489582874453
1.112 0.4947079935446486
1.108 0.4946306026369863
1.104 0.4944062786668026
1.1 0.49454017783049603
1.096 0.49433002446870977
1.092 0.4933816221956474
1.088 0.4925268534814713
1.084 0.492048206692243
1.08 0.4925980675833935
1.076 0.49311886225622487
1.072 0.4933970719338813
1.068 0.49334657028695855
1.064 0.49298830483231626
1.06 0.4926725155166031
1.056 0.4931758742970042
1.052 0.49396796327644477
1.048 0.4942272706527182
1.044 0.49353225468555234
1.04 0.49257393922209164
1.036 0.4920461574778982
1.032 0.49187837580040544
1.028 0.4919219947257442
1.024 0.49193049238816
1.02 0.49159574915226584
1.016 0.4907274940575965
1.012 0.4899963567703041
1.008 0.48946940263988126
1.004 0.4896394441866528
1.0 0.4896393402152491
0.996 0.48949818762525543
0.992 0.48932197718727644
0.988 0.48925726899519606
0.984 0.4893383379564754
0.98 0.4893670331398909
0.976 0.4894922511369961
0.972 0.4896601414859817
0.968 0.48998374000667577
0.964 0.4900066075796977
0.96 0.4898041444225306
0.956 0.4897074247273996
0.952 0.48922291144767915
0.948 0.4886972864639208
0.944 0.4886218262006093
0.94 0.4886866687909839
0.936 0.48853152721978055
0.932 0.4879274057416315
0.928 0.4876178501091877
0.924 0.4877273272333525
0.92 0.48779900337497917
0.916 0.48798118185246186
0.912 0.48834370952256145
0.908 0.48834764946965753
0.904 0.487968321390584
0.9 0.48778279779397427
0.896 0.48792721868081657
0.892 0.4881675606234525
0.888 0.48813893800221625
0.884 0.4877593974387127
0.88 0.4878782873971111
0.876 0.4877307900154378
0.872 0.4878264800884594
0.868 0.48811298021418886
0.864 0.48834849837808253
0.86 0.48849114759670714
0.856 0.4885740793988679
0.852 0.48865536014530303
0.848 0.48880576501699186
0.844 0.48851849977547
0.84 0.4881228273464658
0.836 0.48795438167699984
0.832 0.4873271385984318
0.828 0.4871232638159696
0.824 0.48710552313842975
0.82 0.4873050976753436
0.816 0.4870535494732798
0.812 0.48682919393341845
0.808 0.4871204056174612
0.804 0.48799358164435463
0.8 0.48869696065165436
0.799 0.48963803291585095
0.798 0.490849591113344
0.797 0.49187103609729715
0.796 0.49255318657865643
0.795 0.4934068917801855
0.794 0.4948184204100947
0.793 0.4957376397422989
0.792 0.49565773810732955
0.791 0.49567321201984493
0.79 0.49616897253447373
0.789 0.4959756175119891
0.788 0.49547447056325983
0.787 0.49513148421864933
0.786 0.49485124927882085
0.785 0.494369005197445
0.784 0.49394096107442775
0.783 0.4947098953574839
0.782 0.49574954436892904
0.781 0.4962142942648391
0.78 0.4959946617601515
0.779 0.49645201005703277
0.778 0.4968488035400108
0.777 0.4970273947771177
0.776 0.49714738811940545
0.775 0.49723536179670147
0.774 0.49696077259901034
0.773 0.4961505089330426
0.772 0.49531645191463325
0.771 0.49537930787554313
0.77 0.4951356853348514
0.769 0.494494924286579
0.768 0.494210375356463
0.767 0.49399733696333126
0.766 0.49422577852830546
0.765 0.49419029858543245
0.764 0.49409832904458406
0.763 0.49376528767414657
0.762 0.49357089035268953
0.761 0.4933499455450322
0.76 0.4939603509884218
0.759 0.49470345871048116
0.758 0.4948513207632144
0.757 0.4945700022336192
0.756 0.4942527384087963
0.755 0.4940596966379574
0.754 0.4943800806405214
0.753 0.4948600167541628
0.752 0.49513757775926154
0.751 0.4949754699561262
0.75 0.49452327464835355
0.749 0.4944466704416636
0.748 0.4948511576772455
0.747 0.49561405841303946
0.746 0.4957726141816243
0.745 0.4959919368864508
0.744 0.4957320265142302
0.743 0.4955074240432647
0.742 0.49540922146907607
0.741 0.4951765198527769
0.74 0.4947731232482388
0.739 0.49441548166315463
0.738 0.49366912263744084
0.737 0.4933721760962525
0.736 0.493347916973141
0.735 0.4932187234995288
0.734 0.49307714352993576
0.733 0.4925259477374013
0.732 0.4921344466345242
0.731 0.49201832832582726
0.73 0.4918679995600757
0.729 0.4918474698840463
0.728 0.4922580693182384
0.727 0.49226308224443815
0.726 0.4920591513057267
0.725 0.49202159694605685
0.724 0.4923406575567864
0.723 0.4930873685989538
0.722 0.4937010415693656
0.721 0.4939880758046269
0.72 0.49363329393968713
0.719 0.49295430035581866
0.718 0.4924228306342853
0.717 0.49192494220243543
0.716 0.4919176204995923
0.715 0.4919622371781253
0.714 0.4916218992076002
0.713 0.4913369923823308
0.712 0.4912447308281098
0.711 0.4916302293821374
0.71 0.4924258021252753
0.709 0.49294215387991486
0.708 0.4945812933998716
0.707 0.49524847322609583
0.706 0.495609997525365
0.705 0.49581055806818475
0.704 0.49626273778566965
0.703 0.4963631328875326
0.702 0.4961235659743651
0.701 0.4955556502044416
0.7 0.49531681312694004
0.699 0.49410916079526834
0.698 0.49225275405684765
0.697 0.49123502884292036
0.696 0.4905001100275132
0.695 0.4896446645568683
0.694 0.4887516749514831
0.693 0.4886278839857743
0.692 0.4891218374284362
0.691 0.4893134753486998
0.69 0.48939839565961135
0.689 0.4911335918274801
0.688 0.49214261484537497
0.687 0.492798555416716
0.686 0.4931067300083341
0.685 0.4931926031862702
0.684 0.4937751588765317
0.683 0.4930855246753744
0.682 0.4924109558744576
0.681 0.4921440419756196
0.68 0.4912428001396565
0.679 0.49002215319317827
0.678 0.48954490309969556
0.677 0.48951055590079884
0.676 0.48998770130847963
0.675 0.4900412185479095
0.674 0.48988481434395686
0.673 0.48974500978759494
0.672 0.48968616270774873
0.671 0.48994826521271584
0.67 0.4911445102823283
0.669 0.49168626255994996
0.668 0.4917732468525692
0.667 0.4926629281996744
0.666 0.49296435681173906
0.665 0.4932380034629966
0.664 0.4940779261055114
0.663 0.49494942316078666
0.662 0.49527136104797564
0.661 0.49511685351648077
0.66 0.49476874781822006
0.659 0.49503361928518175
0.658 0.4941509228537525
0.657 0.4924356478314288
0.656 0.492250072743418
0.655 0.4920659995723382
0.654 0.4913883426510139
0.653 0.4914815775423249
0.652 0.4911929266708408
0.651 0.4910351032084755
0.65 0.4908819362455726
0.649 0.49035159959737995
0.648 0.4909609306576293
0.647 0.49057741215612116
0.646 0.489322379151978
0.645 0.4890857513799321
0.644 0.48837809510060926
0.643 0.4877847951763806
0.642 0.48754098621346403
0.641 0.48722905972245223
0.64 0.48669775498091516
0.639 0.4868069327873685
0.638 0.48654383443160537
0.637 0.4874417102014034
0.636 0.4880695494185132
0.635 0.4883274753709605
0.634 0.4891764276707614
0.633 0.49005572789309615
0.632 0.49099862617583606
0.631 0.49215773737570395
0.63 0.4929624789874355
0.629 0.4941744083594824
0.628 0.4953560311572843
0.627 0.4960230814693787
0.626 0.4961102932795026
0.625 0.4959075380897451
0.624 0.4946667916270431
0.623 0.4930080900390098
0.622 0.4917456376739461
0.621 0.4905427658838176
0.62 0.489273012670777
0.619 0.48725095847531424
0.618 0.485710303597627
0.617 0.4849551651115638
0.616 0.48466037260392647
0.615 0.48517624188894465
0.614 0.48607224748192623
0.613 0.4870222784020938
0.612 0.4875166832853716
0.611 0.4882841283436439
0.61 0.4896291441724443
0.609 0.49078548683184514
0.608 0.49193305046938196
0.607 0.4921510597644279
0.606 0.49229188804482005
0.605 0.4926612346889196
0.604 0.49363480439445695
0.603 0.4945412231158616
0.602 0.49562198713179223
0.601 0.495820179531983
0.6 0.49531759278494525
0.599 0.4947570679555459
0.598 0.4944001048877248
0.597 0.4947517510121275
0.596 0.4947241552156003
0.595 0.49374773468648064
0.594 0.4923957596709212
0.593 0.4913950643194627
0.592 0.49044685393900583
0.591 0.49030853189058404
0.59 0.4906028940920269
0.589 0.4909377398444652
0.588 0.4906014270243951
0.587 0.49044650219849906
0.586 0.4904325417609652
0.585 0.49032546947082617
0.584 0.48988692809938933
0.583 0.4900391709257096
0.582 0.4896719087965466
0.581 0.4888671139665933
0.58 0.4887351879554359
0.579 0.48832401246106877
0.578 0.48756666322965175
0.577 0.4866168827298872
0.576 0.48588070442568815
0.575 0.48538910861735074
0.574 0.4842477370615929
0.573 0.48328091865722395
0.572 0.48284461149855096
0.571 0.4818464770254898
0.57 0.48142587681551086
0.569 0.48103120871016974
0.568 0.48048113786577473
0.567 0.4797086299025018
0.566 0.47916972767840277
0.565 0.47924349853798265
0.564 0.47971945545878886
0.563 0.4795809465540976
0.562 0.47930170189431753
0.561 0.47918658326133773
0.56 0.4784303740717925
0.559 0.47867733543618385
0.558 0.48009339002761114
0.557 0.48148228179236224
0.556 0.4822287522521951
0.555 0.4825510129519008
0.554 0.483797224562475
0.553 0.4844063971569838
0.552 0.4838208168026914
0.551 0.483737566403422
0.55 0.48431322747698896
0.549 0.4836945407733461
0.548 0.4824879704159914
0.547 0.48209639719864433
0.546 0.48277424013015774
0.545 0.48192369378075833
0.544 0.48045032093465895
0.543 0.48045585613872627
0.542 0.48231257563939833
0.541 0.4829307345715344
0.54 0.4835301057483718
0.539 0.484197409176917
0.538 0.4843493689186921
0.537 0.4834523878701344
0.536 0.48261767754610846
0.535 0.4839051151614949
0.534 0.4863407597642184
0.533 0.48603418165661666
0.532 0.48543537484681176
0.531 0.48592194482909074
0.53 0.4855993369478882
0.529 0.48578030042115367
0.528 0.48651122677066927
0.527 0.4879967910853714
0.526 0.4886308953905363
0.525 0.4868101883304191
0.524 0.4852149380821391
0.523 0.4853196748436013
0.522 0.484416897869682
0.521 0.48448805036609355
0.52 0.484168285442595
0.519 0.4827339263778525
0.518 0.4813220514551412
0.517 0.47999571405736485
0.516 0.4796484314557242
0.515 0.4799713753569901
0.514 0.4790744279675636
0.513 0.47873690191586404
0.512 0.4792169601745506
0.511 0.47909482837876427
0.51 0.48045753467122304
0.509 0.4819109979446569
0.508 0.4825129716029354
0.507 0.4836283812937178
0.506 0.48543189897194555
0.505 0.4872734204966082
0.504 0.4882248652695379
0.503 0.4881848954328027
0.502 0.48783306171208674
0.501 0.4864131291787562
0.5 0.4840846362499777
0.499 0.4837525206683182
0.498 0.4833761955131704
0.497 0.48108278347777256
0.496 0.4782981188492231
0.495 0.47701644089367096
0.494 0.4765093983024638
0.493 0.4775614138339065
0.492 0.4778422456574816
0.491 0.47997229564703076
0.49 0.4800926103258811
0.489 0.4790588157902263
0.488 0.4805795645059931
0.487 0.4819741636592677
0.486 0.4841301254357695
0.485 0.4837335301716184
0.484 0.48283771123734964
0.483 0.48167305437584346
0.482 0.48014235609655453
0.481 0.4799175832749155
0.48 0.4815015696891418
0.479 0.4812039507052342
0.478 0.47936080131452014
0.477 0.47770355047644886
0.476 0.4764101042470279
0.475 0.4767910862442277
0.474 0.47790483472380835
0.473 0.47953019535451097
0.472 0.48100114866288596
0.471 0.4791519008463809
0.47 0.47811639317174676
0.469 0.4795839579268242
0.468 0.4798293293255174
0.467 0.48173223361111583
0.466 0.48227914495520124
0.465 0.48097631012203873
0.464 0.4807089961000833
0.463 0.479621636465415
0.462 0.4795558721588868
0.461 0.4802124153282428
0.46 0.48000552667796087
0.459 0.4792562154061872
0.458 0.4798493332648373
0.457 0.4783314061654547
0.456 0.47968485032895347
0.455 0.48145427424024645
0.454 0.4821621601209173
0.453 0.48219295886140856
0.452 0.4824094513882447
0.451 0.48350084025809054
0.45 0.48523313752242914
0.449 0.48614224753746743
0.448 0.4879052457683132
0.447 0.4898549364183115
0.446 0.48805703206369044
0.445 0.4881759453229375
0.444 0.48969293309754214
0.443 0.4913022148066164
0.442 0.49308824667844753
0.441 0.4941757232711027
0.44 0.49447698485077923
0.439 0.4956858843936803
0.438 0.4958133682602141
0.437 0.49714024190130945
0.436 0.49854319781223144
0.435 0.5
0.434 0.5
0.433 0.5
0.432 0.5
0.431 0.5
0.43 0.5
0.429 0.5
0.428 0.5
0.427 0.5
0.426 0.5
0.425 0.5
0.424 0.5
0.423 0.5
0.422 0.5
0.421 0.5
0.42 0.5
0.419 0.5
0.418 0.5
0.417 0.5
0.416 0.5
0.415 0.5
0.414 0.5
0.413 0.5
0.412 0.5
0.411 0.5
0.41 0.5
0.409 0.5
0.408 0.47058823529411764
0.407 0.4375
0.406 0.4000000000000001
0.405 0.3571428571428572
0.404 0.30769230769230776
0.403 0.25
0.402 0.18181818181818185
0.401 0.10000000000000002
0.4 0.0
