0.35 1.0
0.351 1.0
0.352 0.9025201576454424
0.353 0.8276831036983321
0.354 0.7589810083136298
0.355 0.6928345074117342
0.356 0.6403928156092519
0.357 0.599109706719852
0.358 0.5640655214282503
0.359 0.5324471580911192
0.36 0.5037325413388988
0.361 0.5035390550146227
0.362 0.501816222257704
0.363 0.5019141698156249
0.364 0.5048342232152188
0.365 0.5065615751766195
0.366 0.5066644103564638
0.367 0.5060573341786195
0.368 0.5071705711900201
0.369 0.510099384576372
0.37 0.5132441341865426
0.371 0.5154050400695183
0.372 0.5155187945295225
0.373 0.5147428275544645
0.374 0.5140860585857424
0.375 0.5132676850606297
0.376 0.5128699605215935
0.377 0.5119370617345281
0.378 0.5097652912022179
0.379 0.5058391126060583
0.38 0.5013353052832872
0.381 0.4985133097529698
0.382 0.49829585144137684
0.383 0.4988025936801221
0.384 0.5001141026178401
0.385 0.5021637584391223
0.386 0.5040283208773918
0.387 0.5049197139636726
0.388 0.5057353279631761
0.389 0.5075834919934145
0.39 0.5100057544021176
0.391 0.5120304934962228
0.392 0.5134402695378305
0.393 0.513807679882058
0.394 0.513859776994083
0.395 0.5132479690348133
0.396 0.5124770042656808
0.397 0.5126102505105635
0.398 0.5128233551785604
0.399 0.5131427462362651
0.4 0.5134199742624613
0.401 0.5135396053660434
0.402 0.5134499676819032
0.403 0.5130639896160796
0.404 0.5126990941484566
0.405 0.5129185335787905
0.406 0.5139230295697212
0.407 0.5147812360186053
0.408 0.5153456758047888
0.409 0.5162127431287662
0.41 0.5170922340324453
0.411 0.5172807417353421
0.412 0.517309582359682
0.413 0.5181652877166125
0.414 0.5196081980731713
0.415 0.5207737218703733
0.416 0.5215052275826629
0.417 0.5218937184432527
0.418 0.5220069806671279
0.419 0.5220128692397444
0.42 0.5225722785872302
0.421 0.5234768333415291
0.422 0.5239256896228185
0.423 0.5235685534169655
0.424 0.5229139581609739
0.425 0.5225383444561527
0.426 0.5220009347453544
0.427 0.5215586637150332
0.428 0.5210135882164129
0.429 0.52029427584645
0.43 0.5192364376447469
0.431 0.5182547307740507
0.432 0.5176043318854552
0.433 0.5170002129749857
0.434 0.5160981611866841
0.435 0.5149160199038773
0.436 0.5138658793757908
0.437 0.5132706857694784
0.438 0.5127916089979823
0.439 0.5122363065164096
0.44 0.5116967458989615
0.441 0.5111589772551903
0.442 0.5106693672209336
0.443 0.5104047051322506
0.444 0.510569748672704
0.445 0.5105399270970888
0.446 0.5101352220678299
0.447 0.5095418929962025
0.448 0.5089658960626703
0.449 0.508405073608069
0.45 0.5078709669228962
0.451 0.5074012429278419
0.452 0.5069702455671131
0.453 0.5064593143407158
0.454 0.5056985778659202
0.455 0.5049248282728348
0.456 0.504390515237119
0.457 0.5040610847026238
0.458 0.5037737024005978
0.459 0.50339748912337
0.46 0.5029523859813694
0.461 0.502499092508307
0.462 0.5017667734996373
0.463 0.5013796371136319
0.464 0.5014323988194311
0.465 0.5013989667741527
0.466 0.5012529779469702
0.467 0.5010327994886948
0.468 0.5009500015422103
0.469 0.5010449288585308
0.47 0.5011660469314636
0.471 0.5014605527630457
0.472 0.5017589757005894
0.473 0.5017418921996467
0.474 0.5016128089936011
0.475 0.5016286745047908
0.476 0.5017384787389579
0.477 0.5017730986395498
0.478 0.5017119610237404
0.479 0.5016356551358345
0.48 0.5015274777466255
0.481 0.5013864574023971
0.482 0.5014632803779759
0.483 0.5016658719387693
0.484 0.5017227370748902
0.485 0.501773287754853
0.486 0.5019376476865615
0.487 0.502099112218722
0.488 0.5022266460895956
0.489 0.5025024172803619
0.49 0.5028898574053544
0.491 0.5031105071749438
0.492 0.5033693028495974
0.493 0.5037808355026653
0.494 0.5042121308160155
0.495 0.5045446600244714
0.496 0.504908123063968
0.497 0.5054761719007868
0.498 0.5060814795522786
0.499 0.5066216070980761
0.5 0.5072200232135948
0.501 0.5078800897190937
0.502 0.508555613706723
0.503 0.5092264508280978
0.504 0.5100153992813669
0.505 0.5109913541301554
0.506 0.511845709201505
0.507 0.5126794299897592
0.508 0.5136577437033414
0.509 0.5145450540522758
0.51 0.515373569346698
0.511 0.5162464463547937
0.512 0.5171204608879729
0.513 0.5179558242113657
0.514 0.5186942404521938
0.515 0.5193411454398088
0.516 0.5198971256828515
0.517 0.5201527089594672
0.518 0.520243545925496
0.519 0.5203813079128059
0.52 0.520424633393839
0.521 0.5203247549502286
0.522 0.5200386702036179
0.523 0.5195372511289398
0.524 0.5189015435490332
0.525 0.51815625724912
0.526 0.5173854263189076
0.527 0.516674172455349
0.528 0.5158388013123151
0.529 0.5148764172307417
0.53 0.5138408603851563
0.531 0.5128007179121541
0.532 0.51186766525944
0.533 0.5110947231612842
0.534 0.5103866121112136
0.535 0.5097049792441043
0.536 0.5090674539780766
0.537 0.5084904779798047
0.538 0.5078503553594987
0.539 0.5071749615138443
0.54 0.5065291753607604
0.541 0.5058506895497847
0.542 0.5050377714601969
0.543 0.5041241519690376
0.544 0.5032010394240722
0.545 0.5023198413558236
0.546 0.501423435632476
0.547 0.5005982253041077
0.548 0.4999729863686867
0.549 0.49940818397024017
0.55 0.49883270310261413
0.551 0.4982940687166039
0.552 0.4978069195509888
0.553 0.49734175307735046
0.554 0.4968440461285629
0.555 0.49626718500166506
0.556 0.4956897265703569
0.557 0.4950217553677072
0.558 0.49430377791980384
0.559 0.4936326662793245
0.56 0.4929900239434905
0.561 0.49238679532076945
0.562 0.4918325602834836
0.563 0.49131599100292356
0.564 0.490884183466378
0.565 0.49050839320396583
0.566 0.490142435718945
0.567 0.4898279860512058
0.568 0.48954550807702124
0.569 0.4893084487889478
0.57 0.4891403834260977
0.571 0.48900884608409867
0.572 0.4889311320331093
0.573 0.48895073294389946
0.574 0.4890864284456962
0.575 0.48937448412167545
0.576 0.4897830432722639
0.577 0.49026264660705754
0.578 0.4907804169676057
0.579 0.49135067722084647
0.58 0.49199200485052774
0.581 0.49263244713068804
0.582 0.49326211061928604
0.583 0.4938414064931024
0.584 0.4943019757830721
0.585 0.4946552708334963
0.586 0.4949313114317217
0.587 0.49516335145439877
0.588 0.4954067535548133
0.589 0.495621794551625
0.59 0.49583772114574554
0.591 0.4960848725803986
0.592 0.4962717700115122
0.593 0.4964024021006481
0.594 0.49652675707956284
0.595 0.4966607431769355
0.596 0.49680975402433186
0.597 0.496872264395433
0.598 0.4967762398616141
0.599 0.4965688133167426
0.6 0.49620560612666886
0.601 0.4958227271509338
0.602 0.4955907058627778
0.603 0.49535202559208585
0.604 0.4950444117662902
0.605 0.4946525290852222
0.606 0.49419496166484117
0.607 0.49381842626701256
0.608 0.49355056967477046
0.609 0.4933732166256664
0.61 0.49325669891030877
0.611 0.49302743546610706
0.612 0.4927107455724682
0.613 0.492476636672368
0.614 0.49240719211088063
0.615 0.4925105765610118
0.616 0.4927255011367706
0.617 0.49300082375990745
0.618 0.49332184042713434
0.619 0.4936603750373947
0.62 0.49404703528627186
0.621 0.4946262830503952
0.622 0.49528094820017554
0.623 0.49589647443578283
0.624 0.496426039780959
0.625 0.4968518413757991
0.626 0.49718842509312905
0.627 0.4974467940243633
0.628 0.4976123040910422
0.629 0.49771427108432026
0.63 0.497705265496936
0.631 0.4975236932346614
0.632 0.49724208259184255
0.633 0.4969124061494459
0.634 0.49652422729577156
0.635 0.49612896748562174
0.636 0.49571308715190376
0.637 0.4952794616283555
0.638 0.4948654875984439
0.639 0.4944609463489055
0.64 0.4941394826298202
0.641 0.4938763546026015
0.642 0.4936221335963021
0.643 0.4934484447710017
0.644 0.49336131236464703
0.645 0.4933652815288266
0.646 0.49346150006752826
0.647 0.49359000771082634
0.648 0.49373978511119104
0.649 0.493915224212528
0.65 0.4940603070793076
0.651 0.4941981084406821
0.652 0.49430353529483634
0.653 0.49431534662192644
0.654 0.4942385820260538
0.655 0.49406739439962033
0.656 0.4938444117859639
0.657 0.49365686061396524
0.658 0.49345484371831466
0.659 0.4932534733916505
0.66 0.49315076825752135
0.661 0.4931441287647848
0.662 0.49323108415697897
0.663 0.4934349929573152
0.664 0.4937859799432913
0.665 0.49424530999683286
0.666 0.49478561723811787
0.667 0.4954314156902559
0.668 0.4961290860934521
0.669 0.4968274111675128
0.67 0.49752552720060744
0.671 0.49827092644226445
0.672 0.49907377814737014
0.673 0.49989293129292445
0.674 0.500696610038011
0.675 0.5014933334987424
0.676 0.502288680560936
0.677 0.5031488387206586
0.678 0.504189637865802
0.679 0.5054107018506079
0.68 0.5067118939861798
0.681 0.5080819740899167
0.682 0.5096281661971488
0.683 0.5114140985197768
0.684 0.5134804291063901
0.685 0.5158901952330911
0.686 0.5186323689705048
0.687 0.5215330013772645
0.688 0.5245883497294496
0.689 0.5278901892157936
0.69 0.5313977541371159
0.691 0.5349980944267587
0.692 0.5385872415601624
0.693 0.5421084363525758
0.694 0.545408682143229
0.695 0.5483832922287425
0.696 0.5510399794318036
0.697 0.5533739084413867
0.698 0.5553103298450388
0.699 0.5568027219103635
0.7 0.557887520389589
0.701 0.5586224594776424
0.702 0.5589677285190199
0.703 0.5589861761333383
0.704 0.5588242914700027
0.705 0.5584821174221403
0.706 0.5579501204501204
0.707 0.5572671769269855
0.708 0.5565126526749539
0.709 0.5556986726107378
0.71 0.5548488226672628
0.711 0.5539791448618056
0.712 0.5530927071172204
0.713 0.5521399958579012
0.714 0.5511211781172116
0.715 0.5500841478963026
0.716 0.5490467371354939
0.717 0.5479762130618814
0.718 0.5468212658422947
0.719 0.5455624884692347
0.72 0.544213238791932
0.721 0.5428029524005393
0.722 0.541350329849507
0.723 0.5398472259922344
0.724 0.5382737611756826
0.725 0.5366313636988499
0.726 0.5349330426482465
0.727 0.5332143548762359
0.728 0.5315025832613468
0.729 0.5298129884743497
0.73 0.5281557024113883
0.731 0.5265157505166009
0.732 0.5249105990880384
0.733 0.5233590446940036
0.734 0.5218601205265583
0.735 0.5204188843486574
0.736 0.5190490820132487
0.737 0.517745786738069
0.738 0.5164997422306311
0.739 0.5152979966953491
0.74 0.5141439071021706
0.741 0.5130473149520558
0.742 0.5120099282888986
0.743 0.511033688832208
0.744 0.5101122942040294
0.745 0.5092298483254004
0.746 0.5083891850815111
0.747 0.5076076497113802
0.748 0.5068842055716369
0.749 0.5062207147477938
0.75 0.5056156541931128
0.751 0.5050685529192493
0.752 0.5045574256933747
0.753 0.5040841655772803
0.754 0.5036623019274095
0.755 0.5033006874470289
0.756 0.5029723385021577
0.757 0.5026657602729513
0.758 0.5023901616349737
0.759 0.5021605053989202
0.76 0.5019338782218622
0.761 0.5017107043891118
0.762 0.5015177992203527
0.763 0.501363807868383
0.764 0.5012188601089502
0.765 0.5010782098915256
0.766 0.5009622292928256
0.767 0.5008539953575297
0.768 0.5007493962872833
0.769 0.500659424646171
0.77 0.5005911053495326
0.771 0.5005426378253498
0.772 0.5004965277979895
0.773 0.5004486914620591
0.774 0.5004067145724842
0.775 0.500365349082904
0.776 0.5003332918415043
0.777 0.5003157927794533
0.778 0.5003140082572541
0.779 0.5003203462297399
0.78 0.5003232062055591
0.781 0.5002981819619093
0.782 0.5002876859933536
0.783 0.5002940349262356
0.784 0.5003120057729783
0.785 0.5003427562248016
0.786 0.5003409749676742
0.787 0.5003061066831163
0.788 0.5002532451389712
0.789 0.500206176466147
0.79 0.500203823520189
0.791 0.5002096187725515
0.792 0.500172452836762
0.793 0.5001132216135996
0.794 0.5000447063604959
0.795 0.49998316363437917
0.796 0.49995587951857595
0.797 0.4999628457378256
0.798 0.49995587480521053
0.799 0.49989954650764434
0.8 0.4998234787233796
0.801 0.4997909621316289
0.802 0.49978223679396816
0.803 0.4997549122097859
0.804 0.499720599323165
0.805 0.4996659412265709
0.806 0.49959733134691214
0.807 0.4995444117216355
0.808 0.49953039746507616
0.809 0.499526221737528
0.81 0.49949355223970854
0.811 0.4994306477820853
0.812 0.4993921640935916
0.813 0.4993786550558164
0.814 0.4993709330325916
0.815 0.4993585191221841
0.816 0.499322193391502
0.817 0.49925731068412466
0.818 0.49917840211447834
0.819 0.4990958809244283
0.82 0.4990243384688238
0.821 0.49895154223061866
0.822 0.4988617950717477
0.823 0.49877783162922695
0.824 0.498706060078536
0.825 0.4986464562400938
0.826 0.49859780841782736
0.827 0.49855609016362756
0.828 0.4985424686016128
0.829 0.4985668989379708
0.83 0.4986107253642524
0.831 0.4986674920829215
0.832 0.49872961280756745
0.833 0.4987930032918092
0.834 0.49886176723697667
0.835 0.498958826368882
0.836 0.49908298487541874
0.837 0.4992066346499672
0.838 0.4993063018363013
0.839 0.4993960734779229
0.84 0.4994812191937134
0.841 0.4995475730737144
0.842 0.49961455850766473
0.843 0.49968865100543947
0.844 0.49975217771624403
0.845 0.4997857073893273
0.846 0.4998174881661682
0.847 0.49986693828527023
0.848 0.49991285772492716
0.849 0.49992757198932064
0.85 0.4999458247359545
0.851 0.49997526647429485
0.852 0.4999882214369847
0.853 0.4999829205002292
0.854 0.4999793861307532
0.855 0.4999811523011862
0.856 0.49997172818535
0.857 0.4999605388856888
0.858 0.49995936247377704
0.859 0.4999652506605319
0.86 0.49995877182442927
0.861 0.49996348413208846
0.862 0.49998174213056384
0.863 0.5000076564717799
0.864 0.5000388704483294
0.865 0.5000541833044747
0.866 0.50004652899581
0.867 0.5000382832607915
0.868 0.5000418153270253
0.869 0.5000512388614372
0.87 0.5000424060235401
0.871 0.5000206144520266
0.872 0.500028269683356
0.873 0.49999705523091115
0.874 0.4999399249415152
0.875 0.4999234332078424
0.876 0.49992460689564183
0.877 0.49991576908713714
0.878 0.49989868884517064
0.879 0.49989574436754536
0.88 0.4998945606241069
0.881 0.4998621453482892
0.882 0.4998291552966571
0.883 0.4998432882600519
0.884 0.49983619269395846
0.885 0.4998031746630397
0.886 0.49977840118814676
0.887 0.49973593188928944
0.888 0.4996916909835824
0.889 0.49964449737352534
0.89 0.49959137078884897
0.891 0.49958125731325254
0.892 0.49953400248217406
0.893 0.4994808541365306
0.894 0.49947367675728244
0.895 0.4994399098189887
0.896 0.49941263906286704
0.897 0.4993935929881163
0.898 0.4993603592855396
0.899 0.499335986237665
0.9 0.49931095452299856
0.901 0.4992859321540968
0.902 0.4992650284823637
0.903 0.4992222165703949
0.904 0.49916813593818415
0.905 0.49913230820223264
0.906 0.4991131014687703
0.907 0.4990950397756078
0.908 0.49906803189428295
0.909 0.49901847821448386
0.91 0.49897296015180265
0.911 0.498888198050253
0.912 0.49878252486890323
0.913 0.4986861861861861
0.914 0.4985509589347229
0.915 0.498361190126929
0.916 0.498130083333631
0.917 0.49788358779535635
0.918 0.49761972639079904
0.919 0.49733002173238117
0.92 0.49704491443162424
0.921 0.4967653983198025
0.922 0.49645050057350515
0.923 0.49614069451895804
0.924 0.49584624058026416
0.925 0.49556554503756484
0.926 0.49528908491228407
0.927 0.4950435217705541
0.928 0.49481468744020907
0.929 0.49455961127251463
0.93 0.4942914863055268
0.931 0.4940450213452766
0.932 0.4938183044666829
0.933 0.4935743513096318
0.934 0.4933489404978899
0.935 0.49310728784833074
0.936 0.4927813399552772
0.937 0.49239333567969223
0.938 0.4920390044031615
0.939 0.49166639640561116
0.94 0.49126940115690293
0.941 0.49088551971569305
0.942 0.4904037620733272
0.943 0.489814913307095
0.944 0.48920387564268697
0.945 0.48870029438622703
0.946 0.4881879761283046
0.947 0.4876656475615621
0.948 0.4871876927222881
0.949 0.48681447302809483
0.95 0.486439094351869
0.951 0.4861289737176402
0.952 0.48605624551475124
0.953 0.48619579338322616
0.954 0.4863840036743697
0.955 0.48671050442938474
0.956 0.4872590005040336
0.957 0.48793330823952497
0.958 0.488630383076059
0.959 0.4894025817252742
0.96 0.49033603479219423
0.961 0.4912716248333111
0.962 0.49216512611191965
0.963 0.49307437789894865
0.964 0.49402125375190803
0.965 0.49475089921921456
0.966 0.4954217809069912
0.967 0.49608326248433865
0.968 0.496701246382577
0.969 0.49729352901653895
0.97 0.4978270546093824
0.971 0.4982846750720633
0.972 0.49866234942639964
0.973 0.49896912729764986
0.974 0.49932714153394836
0.975 0.4997106338877991
0.976 0.500028872222809
0.977 0.5003323915572544
0.978 0.5006688765408803
0.979 0.5009649045019022
0.98 0.5011958827866038
0.981 0.5014322416797093
0.982 0.5016951106038585
0.983 0.5019448857722019
0.984 0.5021417603979239
0.985 0.5024172403639882
0.986 0.5026789804045715
0.987 0.5028034217701167
0.988 0.5028628715965385
0.989 0.5030238711974697
0.99 0.5032635992598511
0.991 0.5035011675199703
0.992 0.5044193847572185
0.993 0.5053052748165582
0.994 0.5061166849803702
0.995 0.5068943878856936
0.996 0.507752198502371
0.997 0.5087355353592263
0.998 0.5096597478240004
0.999 0.5104252739845178
1.0 0.511128780141575
1.001 0.5111740452855694
1.002 0.5105376257165761
1.003 0.5099136599841553
1.004 0.5093122231293244
1.005 0.508671468587435
1.006 0.5079569955363196
1.007 0.5072086535633956
1.008 0.5065285663556064
1.009 0.5058977840224387
1.01 0.5052769722110055
1.011 0.5053171657655371
1.012 0.5053492828462676
1.013 0.5053748034839511
1.014 0.5054001996319286
1.015 0.5054396951851338
1.016 0.5054952449599422
1.017 0.5055526142482665
1.018 0.5055800450733118
1.019 0.5055693061350442
1.02 0.5055335735106952
1.021 0.505470588385914
1.022 0.5054129394420214
1.023 0.5053789896244587
1.024 0.5053445426895586
1.025 0.5052742482133563
1.026 0.5051759257382598
1.027 0.5050780993219087
1.028 0.5049990222732462
1.029 0.5049323695644783
1.03 0.5049215714852918
1.031 0.5049248451698899
1.032 0.5048635794743429
1.033 0.5047539572587325
1.034 0.5046521545048966
1.035 0.5045653916428937
1.036 0.5044633315937276
1.037 0.5043524646598726
1.038 0.5042559752703872
1.039 0.5041285628792862
1.04 0.5039610633276389
1.041 0.5038260025235599
1.042 0.5037368656093951
1.043 0.5036576062855549
1.044 0.5035577738062966
1.045 0.5034808979295884
1.046 0.5034175196195471
1.047 0.5033029166091441
1.048 0.5031452834171872
1.049 0.5030011287754858
1.05 0.5028342358644389
1.051 0.5026553042835179
1.052 0.5024865889443083
1.053 0.5023136009633125
1.054 0.5021332175566594
1.055 0.5019277324486685
1.056 0.5017457119889979
1.057 0.5016138515401757
1.058 0.5014780898122433
1.059 0.5013450021026986
1.06 0.5012031077868615
1.061 0.5010317518772571
1.062 0.5008683876714297
1.063 0.5007239067801109
1.064 0.5005958397359972
1.065 0.5004654662621372
1.066 0.5003080469581719
1.067 0.5001428573150781
1.068 0.4999674491724856
1.069 0.49978960313967574
1.07 0.4996400366113517
1.071 0.4994982390119168
1.072 0.4993527668163005
1.073 0.49920298293140586
1.074 0.49905008593885786
1.075 0.49891578891448496
1.076 0.49880548630838506
1.077 0.49872466394804416
1.078 0.4986738779339091
1.079 0.49861808452605444
1.08 0.49855130346380083
1.081 0.4984789327339489
1.082 0.49839491705556654
1.083 0.49832227176650773
1.084 0.4982452095190709
1.085 0.4981461082847645
1.086 0.4980407171072622
1.087 0.4979040663302792
1.088 0.4977671233877388
1.089 0.49765726200036314
1.09 0.49754648146047475
1.091 0.49745253958544705
1.092 0.497367501228255
1.093 0.4972878278890077
1.094 0.4972244842977939
1.095 0.4971879052959074
1.096 0.4971795088897315
1.097 0.4971893480221019
1.098 0.4971818115853801
1.099 0.4971563379986874
1.1 0.497113311314858
1.101 0.49705098136032594
1.102 0.49698534573968417
1.103 0.496912758987281
1.104 0.4968294390641362
1.105 0.49672913083724823
1.106 0.49660878175811585
1.107 0.49648615798791024
1.108 0.4963797906108761
1.109 0.4962773057873922
1.11 0.49617344866923485
1.111 0.4960337128152754
1.112 0.49585737535138336
1.113 0.4956366737975572
1.114 0.4953820012586533
1.115 0.4950860074819825
1.116 0.4947306014458769
1.117 0.49431704430551365
1.118 0.49382416496333115
1.119 0.4932316402030125
1.12 0.4925778220185104
1.121 0.4918701375960941
1.122 0.49108412463308954
1.123 0.490217409561266
1.124 0.4892472001972514
1.125 0.4881765941549932
1.126 0.487016485151305
1.127 0.4857868943645821
1.128 0.48452906948989827
1.129 0.4832650893133602
1.13 0.4819731744387152
1.131 0.48068056604641973
1.132 0.47940014105661505
1.133 0.4781475480635658
1.134 0.47697278519909936
1.135 0.475896631855979
1.136 0.47492549082784674
1.137 0.47408751937121674
1.138 0.47337358270843033
1.139 0.4728073496010716
1.14 0.4724064278106961
1.141 0.47217957045667036
1.142 0.4721623501173827
1.143 0.47236303698487087
1.144 0.4727586122288743
1.145 0.4733672078324451
1.146 0.4741685898689615
1.147 0.4751212144670592
1.148 0.4762328491876686
1.149 0.47747923146358856
1.15 0.4788397311271304
1.151 0.4802889901052302
1.152 0.4817778525116346
1.153 0.48327406034886383
1.154 0.4847506351116459
1.155 0.48617089969866556
1.156 0.487538195401502
1.157 0.48883287384376906
1.158 0.4900255125564811
1.159 0.4911179285970288
1.16 0.49210693464015165
1.161 0.4929907308741163
1.162 0.4937815038714035
1.163 0.49449646759706284
1.164 0.49513914152974736
1.165 0.4957039248997932
1.166 0.4961976389015091
1.167 0.4966422044361056
1.168 0.49703256293315284
1.169 0.4973594747381853
1.17 0.4976312894711871
1.171 0.49784944155846445
1.172 0.49800657197296544
1.173 0.49810779321273263
1.174 0.4981722915159748
1.175 0.49819898719515215
1.176 0.4981975104438366
1.177 0.49816871194395956
1.178 0.49811863068879714
1.179 0.4980658188387828
1.18 0.4980067039977594
1.181 0.4979652947040896
1.182 0.4979557925719733
1.183 0.49796853043118317
1.184 0.4980241229434612
1.185 0.49810201112111196
1.186 0.4981835269658582
1.187 0.49828659159966804
1.188 0.4984147465109276
1.189 0.498574350433401
1.19 0.4987734537935513
1.191 0.49898355301319863
1.192 0.4991938838728568
1.193 0.4993793656491835
1.194 0.4995274954759255
1.195 0.4996846451677456
1.196 0.49986329740944124
1.197 0.5000473566923942
1.198 0.5002421368081901
1.199 0.5004109652680745
1.2 0.5005457764406801
1.201 0.5006599569554462
1.202 0.500772245583023
1.203 0.5009147848872182
1.204 0.5010776823406404
1.205 0.5012519215747818
1.206 0.5014241053445837
1.207 0.5015781748746011
1.208 0.5017185739485194
1.209 0.5018676029582831
1.21 0.5020208375545201
1.211 0.5021676005434541
1.212 0.5023060446941452
1.213 0.5024343453685384
1.214 0.502546298346456
1.215 0.5026453996588407
1.216 0.5027476266480015
1.217 0.5028521691845674
1.218 0.5029475714938183
1.219 0.5030373374993615
1.22 0.5031312008331105
1.221 0.5032257044369247
1.222 0.5033041812017884
1.223 0.5033553165424379
1.224 0.5033783783783785
1.225 0.5033672859255841
1.226 0.5033351376835635
1.227 0.5032934032531187
1.228 0.5032543363574771
1.229 0.503210084413653
1.23 0.5031641116949668
1.231 0.5031156647156176
1.232 0.5030726077924869
1.233 0.5030478995188074
1.234 0.5030337802924387
1.235 0.5030147466249165
1.236 0.5029940532739753
1.237 0.5029708290421359
1.238 0.5029347710156097
1.239 0.5028893688752338
1.24 0.5028397242146347
1.241 0.5027919168991122
1.242 0.5027391372103098
1.243 0.5026762300480164
1.244 0.5026135425762234
1.245 0.5025546043478633
1.246 0.5024745974302389
1.247 0.5023837353934442
1.248 0.5022981931095064
1.249 0.5022052432571263
1.25 0.5020971985234635
1.251 0.5019842583866119
1.252 0.5018656431505698
1.253 0.5017354311109302
1.254 0.501590254796605
1.255 0.5014462173119325
1.256 0.5013092261940024
1.257 0.501161462783281
1.258 0.5010003365460232
1.259 0.500840231004355
1.26 0.5006701427327964
1.261 0.5004858084782451
1.262 0.5003049496452954
1.263 0.5001359854723595
1.264 0.4999755069636237
1.265 0.4998091177523869
1.266 0.4996401589382492
1.267 0.4994719615824593
1.268 0.49928503578201544
1.269 0.49908101134405686
1.27 0.4988716411446667
1.271 0.49864838559519276
1.272 0.4983976150549656
1.273 0.4981217792243016
1.274 0.4978317668216212
1.275 0.4975265305706557
1.276 0.4972033892542145
1.277 0.4968732659987677
1.278 0.4965435903029642
1.279 0.4962160132448071
1.28 0.4958827159544116
1.281 0.4955555517502958
1.282 0.4952395493096918
1.283 0.49492956390812026
1.284 0.4946186371347623
1.285 0.49431429814204936
1.286 0.4940138615437317
1.287 0.49370601232782163
1.288 0.4933878189801329
1.289 0.49306452822226987
1.29 0.4927393801193316
1.291 0.4923981982993293
1.292 0.49204341109277294
1.293 0.4916765818025188
1.294 0.49129103170230964
1.295 0.49088995592975077
1.296 0.4904811273114649
1.297 0.4900741972119618
1.298 0.4896779090346624
1.299 0.4892724327077468
1.3 0.4888527694836174
1.301 0.48842193117850835
1.302 0.4879797129046433
1.303 0.4875381326150234
1.304 0.48711168150069994
1.305 0.48669669429629936
1.306 0.48628969559236884
1.307 0.48587751113449723
1.308 0.48546195729207814
1.309 0.4850609234512518
1.31 0.48468003327309755
1.311 0.4843093416657687
1.312 0.4839501057213449
1.313 0.48359234010375857
1.314 0.48322817838673476
1.315 0.4828664374159321
1.316 0.4825113909147138
1.317 0.4821688223771966
1.318 0.4818444234210064
1.319 0.48152874006948815
1.32 0.48123352381576145
1.321 0.4809730891125448
1.322 0.4807356298914049
1.323 0.48052312375305917
1.324 0.48034245375967055
1.325 0.48019272517738415
1.326 0.4800741486831109
1.327 0.4799862622230575
1.328 0.4799204000897023
1.329 0.4798839475393718
1.33 0.47987505834518673
1.331 0.47989903809706436
1.332 0.4799712333692916
1.333 0.480078011742534
1.334 0.48021213594781986
1.335 0.4803830437343543
1.336 0.48058364982865204
1.337 0.4808313688474991
1.338 0.4811161748366321
1.339 0.48142087388771887
1.34 0.48173897254693965
1.341 0.4820572550680553
1.342 0.482376094601702
1.343 0.4827098903137311
1.344 0.48304320364130576
1.345 0.48335642878352963
1.346 0.4836450693558674
1.347 0.48389653053803616
1.348 0.48412353855784185
1.349 0.4843418178123254
1.35 0.4845432770348859
1.351 0.4847163593989952
1.352 0.48483695455227854
1.353 0.4848910257745921
1.354 0.48489629470439927
1.355 0.4848447286872816
1.356 0.48474312664385943
1.357 0.48457416687145405
1.358 0.4843214380775445
1.359 0.48397241588360107
1.36 0.48352465783658444
1.361 0.48300299608204655
1.362 0.4824145458564758
1.363 0.48175995234343905
1.364 0.48104017480232364
1.365 0.48025229565296057
1.366 0.4793884077965464
1.367 0.47844774300015236
1.368 0.47744447055206013
1.369 0.4763845698858612
1.37 0.47527396166606545
1.371 0.4741186170308104
1.372 0.47292483078019243
1.373 0.47170583099812574
1.374 0.4704663628391814
1.375 0.46924103195408257
1.376 0.4680507847342152
1.377 0.46693359812934426
1.378 0.4659025639195095
1.379 0.46498206105489553
1.38 0.46418892115062155
1.381 0.46354876107361226
1.382 0.4630793118695309
1.383 0.4627934545682094
1.384 0.46270998772867683
1.385 0.46283572320205457
1.386 0.4631670596771268
1.387 0.46371666439800024
1.388 0.46447567680475055
1.389 0.4654293729347982
1.39 0.466557868162263
1.391 0.46783024395543843
1.392 0.4692370247855962
1.393 0.47073650730543687
1.394 0.472306114652243
1.395 0.47390696275094935
1.396 0.47550950821827204
1.397 0.47708755102718126
1.398 0.47862367536290135
1.399 0.4800983153778259
1.4 0.4815059220217467
1.401 0.4828266623198912
1.402 0.4840672987624457
1.403 0.48524002886780804
1.404 0.4863435776546379
1.405 0.4873875300139845
1.406 0.4883637665592553
1.407 0.48926352440632953
1.408 0.4900998710909099
1.409 0.49087277417505637
1.41 0.49158934800589776
1.411 0.4922592519081215
1.412 0.49285882374237466
1.413 0.4934026879450973
1.414 0.49388986742036345
1.415 0.4943125042775991
1.416 0.4947016020964917
1.417 0.49505209168870573
1.418 0.49536586262010185
1.419 0.4956655378046086
1.42 0.4959484872508711
1.421 0.49622373231894235
1.422 0.49649095229729356
1.423 0.4967431007902668
1.424 0.49698467072418895
1.425 0.49721308203888226
1.426 0.49742596154739677
1.427 0.49762784077695194
1.428 0.49781866773444083
1.429 0.4979891043475424
1.43 0.498146014747928
1.431 0.49827999047810195
1.432 0.4983978999878558
1.433 0.49850436538353676
1.434 0.49859936117775255
1.435 0.4987015417729219
1.436 0.4988085707999195
1.437 0.49890166506639194
1.438 0.4989855065672635
1.439 0.49905538757236945
1.44 0.49911833120732346
1.441 0.49919310196001165
1.442 0.4992655857716042
1.443 0.4993357836579309
1.444 0.49939194170153023
1.445 0.4994340570827404
1.446 0.499490330369264
1.447 0.4995630725863284
1.448 0.4996405429915281
1.449 0.4997227365433236
1.45 0.4997837980109417
1.451 0.4998237309805728
1.452 0.4998777793447093
1.453 0.4999388879487035
1.454 0.500014103046258
1.455 0.5001010713563776
1.456 0.5001762706765503
1.457 0.5002584902290693
1.458 0.5003430225455092
1.459 0.5004322089636382
1.46 0.5005471924097602
1.461 0.5006597823892106
1.462 0.5007769624757639
1.463 0.5009057460907436
1.464 0.5010226963530086
1.465 0.5011301501552198
1.466 0.5012140587060665
1.467 0.501274434469704
1.468 0.5013417129904979
1.469 0.5014042051262848
1.47 0.5014665637499123
1.471 0.5015405186802501
1.472 0.5015979516315927
1.473 0.501655157601819
1.474 0.5017192712342827
1.475 0.5017832749786706
1.476 0.5018704432694323
1.477 0.5019551980336294
1.478 0.5020512772805924
1.479 0.5021702962198739
1.48 0.5022774442478862
1.481 0.5023796932839768
1.482 0.5024724829104391
1.483 0.5025441346006935
1.484 0.5026247993820737
1.485 0.5027144659086183
1.486 0.5028129427673449
1.487 0.5029227364927161
1.488 0.5029999125121447
1.489 0.5030560013980804
1.49 0.5031142345321759
1.491 0.5031608694455404
1.492 0.5032074486120911
1.493 0.5032584321083703
1.494 0.503297758072994
1.495 0.5033277642354359
1.496 0.5033437726508118
1.497 0.5033619374957321
1.498 0.5033891447353467
1.499 0.5034094210793928
1.5 0.5034341126388946
1.501 0.5034790599973743
1.502 0.5035239442859661
1.503 0.5035730891985717
1.504 0.5036354866773951
1.505 0.5036909670333627
1.506 0.5037416571158903
1.507 0.5037898676575521
1.508 0.5038356409911727
1.509 0.5038923736320767
1.51 0.5039532577524054
1.511 0.5040225835511117
1.512 0.504107210436099
1.513 0.5041803530075873
1.514 0.5042485878714463
1.515 0.5043210560120485
1.516 0.5043887771120299
1.517 0.5044736853721303
1.518 0.5045626186919758
1.519 0.5046532084267933
1.52 0.5047432582518646
1.521 0.5048021732462866
1.522 0.5048454951763708
1.523 0.5048843299869052
1.524 0.5049098624192945
1.525 0.50493960291854
1.526 0.504971335077966
1.527 0.5049960802318076
1.528 0.5050184572026316
1.529 0.505029807866516
1.53 0.5050408953938872
1.531 0.5050627419140044
1.532 0.5050973162994085
1.533 0.5051508902826145
1.534 0.5052127359819668
1.535 0.5052700192566588
1.536 0.5053185609700103
1.537 0.5053455970947104
1.538 0.5053682410120065
1.539 0.5054053711519206
1.54 0.5054504527290201
1.541 0.5054952912525393
1.542 0.505533522190746
1.543 0.5055712580868036
1.544 0.5056024866517936
1.545 0.5056479983993865
1.546 0.5057098418876995
1.547 0.5057694940852832
1.548 0.5058206928528847
1.549 0.5058508638956468
1.55 0.5058702810069933
1.551 0.5058956543189574
1.552 0.5059147812105202
1.553 0.5059193269195357
1.554 0.5059117483750858
1.555 0.50588374262241
1.556 0.5058475492307568
1.557 0.5058197282910553
1.558 0.5058042178664747
1.559 0.505804827065788
1.56 0.5058132045088566
1.561 0.5058213552773728
1.562 0.5058473791962308
1.563 0.5058673530563793
1.564 0.5058875132085252
1.565 0.5059096858378387
1.566 0.5059257789243897
1.567 0.5059437541083577
1.568 0.5059459374036995
1.569 0.5059283551967709
1.57 0.5058949371966998
1.571 0.5058459800059637
1.572 0.5057988656690712
1.573 0.5057771981272429
1.574 0.5057770817751185
1.575 0.5057828178800998
1.576 0.5057866556038477
1.577 0.5057846956023936
1.578 0.5057868271052742
1.579 0.5057891271451729
1.58 0.5057838222017327
1.581 0.5057768237052938
1.582 0.5057430377858609
1.583 0.5056938741241661
1.584 0.5056428337534363
1.585 0.5055976173562228
1.586 0.5055714318200769
1.587 0.5055417112562346
1.588 0.5055160236336333
1.589 0.5055036477665429
1.59 0.5054896348632192
1.591 0.5054999831346343
1.592 0.5055401195902967
1.593 0.5055652362100425
1.594 0.5055808723882709
1.595 0.5055742333339525
1.596 0.5055343030410865
1.597 0.505500196039267
1.598 0.5054626656331893
1.599 0.5054251745779192
1.6 0.5053862240566297
1.601 0.5053035804669792
1.602 0.5052064079993851
1.603 0.5051098676328785
1.604 0.5050083472454091
1.605 0.50493634048745
1.606 0.5048757642206764
1.607 0.5048136674094607
1.608 0.5047591150071242
1.609 0.5046993091798947
1.61 0.5046524278000123
1.611 0.5046205071411106
1.612 0.5045672999271386
1.613 0.5045109279828018
1.614 0.5044513357584083
1.615 0.504388157330972
1.616 0.5043376912219673
1.617 0.504296281537197
1.618 0.5042655812698007
1.619 0.5042156542950745
1.62 0.5041606053848958
1.621 0.5041042257801209
1.622 0.5040675646118352
1.623 0.5040591991490649
1.624 0.5040527757557854
1.625 0.5040409785417369
1.626 0.5040134881242815
1.627 0.503954754805202
1.628 0.5038943068692847
1.629 0.5038464624756216
1.63 0.5038230161245938
1.631 0.503825767588097
1.632 0.5038129766220777
1.633 0.5037845297162731
1.634 0.5037442745316628
1.635 0.5036800420378685
1.636 0.5036110056270929
1.637 0.5035562220958094
1.638 0.5034929160426243
1.639 0.5034196292564842
1.64 0.5033104395604396
1.641 0.5031809561045206
1.642 0.5030315486589251
1.643 0.5028638099278744
1.644 0.5027017789702138
1.645 0.5025402895383775
1.646 0.5023843634875154
1.647 0.5022305377487415
1.648 0.502076991698843
1.649 0.5019340221196338
1.65 0.5017897144954977
1.651 0.5016575523929214
1.652 0.5015579496161131
1.653 0.5014805895222427
1.654 0.5014338399793907
1.655 0.501409214092141
1.656 0.5013863638671935
1.657 0.501365283562798
1.658 0.5013172445746096
1.659 0.5012574874589288
1.66 0.5012062929974185
1.661 0.5011399677769108
1.662 0.5010703312286864
1.663 0.5009973707215157
1.664 0.5008940982765834
1.665 0.5007673186345438
1.666 0.5006271748806346
1.667 0.500492175753939
1.668 0.500375806804968
1.669 0.5002696035479828
1.67 0.5001802748939411
1.671 0.5000842357793157
1.672 0.4999679902960055
1.673 0.4998416313987654
1.674 0.49970176012077877
1.675 0.49957700098755947
1.676 0.4994724013660254
1.677 0.49937450052771243
1.678 0.4993052417151761
1.679 0.49923255194189653
1.68 0.49916154653332384
1.681 0.499107344747171
1.682 0.4990682412039944
1.683 0.49905951878429716
1.684 0.49905406683693465
1.685 0.49904012545965826
1.686 0.4990176950154362
1.687 0.49895288135249155
1.688 0.4988609475968194
1.689 0.49876376789996346
1.69 0.49864784264819517
1.691 0.4985266641574181
1.692 0.498405276837155
1.693 0.49826853348180944
1.694 0.4981297329985765
1.695 0.49798892292627867
1.696 0.49784439491637894
1.697 0.4977129603454911
1.698 0.4975795014454808
1.699 0.4974387501237112
1.7 0.49727356588882426
1.701 0.49710102789512395
1.702 0.49692623301722344
1.703 0.4967752111285217
1.704 0.49667185027274
1.705 0.4965697630455555
1.706 0.49646376173153495
1.707 0.4963553711317822
1.708 0.4962326343946846
1.709 0.4961579276660318
1.71 0.4961278418040761
1.711 0.49611838660800034
1.712 0.49609471318976334
1.713 0.49600829301042537
1.714 0.4959043667011598
1.715 0.49581043117136925
1.716 0.49573351697329643
1.717 0.49569471144586963
1.718 0.49565891527255
1.719 0.49558088129351036
1.72 0.4954956857857995
1.721 0.49540850871748576
1.722 0.4953597558175273
1.723 0.49535303486108656
1.724 0.49536603698661225
1.725 0.4954166563078245
1.726 0.49549437374819016
1.727 0.49558871737860066
1.728 0.4957172224760164
1.729 0.49584945052587925
1.73 0.49598401483927096
1.731 0.4961208890929372
1.732 0.4962403043682886
1.733 0.49633846607818227
1.734 0.49637738623911415
1.735 0.4963405607409146
1.736 0.49623478179095626
1.737 0.4960633344806971
1.738 0.49586773859862443
1.739 0.49566754055203865
1.74 0.4954391793437082
1.741 0.49520639682348516
1.742 0.4949800371469938
1.743 0.4947765950432599
1.744 0.4946272469044281
1.745 0.49454145661662235
1.746 0.49449537228084656
1.747 0.4944575732959161
1.748 0.4944044350033677
1.749 0.494346887449645
1.75 0.49429612552985797
1.751 0.4942508171853045
1.752 0.4941845476725113
1.753 0.49410491307181215
1.754 0.49398544793770693
1.755 0.493867858849739
1.756 0.49382031582957125
1.757 0.4938464329722334
1.758 0.49392957933215903
1.759 0.4940624881363654
1.76 0.4942149137658799
1.761 0.49439710227814315
1.762 0.4946375831489823
1.763 0.4949254028475936
1.764 0.4952507729961561
1.765 0.49555464158456936
1.766 0.4958200966518416
1.767 0.4960755348650639
1.768 0.4963245093229603
1.769 0.4965726664345673
1.77 0.49684304307406263
1.771 0.49707947096924326
1.772 0.49728373776322893
1.773 0.49745962020641804
1.774 0.4976086609668871
1.775 0.4977443433273079
1.776 0.49784336513037303
1.777 0.4979134705094724
1.778 0.4979780338283732
1.779 0.4980232826412542
1.78 0.49807471061961445
1.781 0.49813801772309524
1.782 0.4982211146636574
1.783 0.49833784154612093
1.784 0.4984978860589707
1.785 0.49870128851013074
1.786 0.4989244948265845
1.787 0.49913609625458455
1.788 0.49933415826999
1.789 0.49951467565793867
1.79 0.4996717702785039
1.791 0.49981716595433473
1.792 0.49991937608891446
1.793 0.4999468953444919
1.794 0.4999370514918797
1.795 0.4998976998197943
1.796 0.4998622838840666
1.797 0.49987409208590067
1.798 0.4998937727208347
1.799 0.49992131622223446
1.8 0.4999449252557042
1.801 0.49997246501089604
1.802 0.5000432648437746
1.803 0.5001966274460454
1.804 0.5003794178589823
1.805 0.5005444631828885
1.806 0.5006544579790809
1.807 0.5006897473284573
1.808 0.5006896714334554
1.809 0.5006876444053251
1.81 0.5006875633540518
1.811 0.5006796200413273
1.812 0.5006166923294473
1.813 0.5004693139376422
1.814 0.5002709409898378
1.815 0.5000745993231093
1.816 0.49992933028668346
1.817 0.4998370689689018
1.818 0.499782104283712
1.819 0.4997251690210521
1.82 0.4996348444751577
1.821 0.499515026329947
1.822 0.5007325519445924
1.823 0.5019599873372703
1.824 0.5031665561751746
1.825 0.5043950955480931
1.826 0.505619940597519
1.827 0.5068121157652928
1.828 0.5079794532460856
1.829 0.5091209910062786
1.83 0.5102567063079706
1.831 0.5101397147170276
1.832 0.5087188632616273
1.833 0.507317204156709
1.834 0.5059257358825805
1.835 0.5044840135170262
1.836 0.502950314114944
1.837 0.5013568521031209
1.838 0.49975640205840266
1.839 0.49812382382572656
1.84 0.4965042401042083
1.841 0.49614125039462326
1.842 0.4957733494348593
1.843 0.49534268738957715
1.844 0.49489048862450347
1.845 0.49441241260415675
1.846 0.4939672055604625
1.847 0.493519894654972
1.848 0.49304432097669076
1.849 0.4925739602576168
1.85 0.4920705838474568
1.851 0.4915254237288136
1.852 0.4909845426953283
1.853 0.49047961094167664
1.854 0.4900169404719694
1.855 0.48959647533884126
1.856 0.4891726068740941
1.857 0.48876834716017875
1.858 0.4883175791283163
1.859 0.4878494662623871
1.86 0.48741784569560004
1.861 0.48703470159879575
1.862 0.4867025409105406
1.863 0.48651558422880153
1.864 0.48642365784975183
1.865 0.48645969019903923
1.866 0.4866688336583821
1.867 0.48703179679520453
1.868 0.4875704314187201
1.869 0.4881948639526189
1.87 0.48877494280293227
1.871 0.48928600376258996
1.872 0.4895991904049261
1.873 0.48973179845449016
1.874 0.48980740830565217
1.875 0.48981500817931856
1.876 0.4897208349172642
1.877 0.48955399369993075
1.878 0.4893154111760975
1.879 0.4891115983802231
1.88 0.489030689220611
1.881 0.48912506068853084
1.882 0.4894264006832929
1.883 0.48981479402851047
1.884 0.4901683240621365
1.885 0.4904755223867087
1.886 0.4907767519627799
1.887 0.49106051484136976
1.888 0.49132847410446123
1.889 0.49153469305219805
1.89 0.4917330406268592
1.891 0.4918839882285439
1.892 0.49203807614300366
1.893 0.49218215417843963
1.894 0.4923836066645193
1.895 0.49258595099751384
1.896 0.492816091954023
1.897 0.49310986087898123
1.898 0.4935271491611016
1.899 0.4940801392574513
1.9 0.49462013916538683
1.901 0.495096013640919
1.902 0.49552944759294415
1.903 0.49591189721341566
1.904 0.49631090586959953
1.905 0.49679539301873976
1.906 0.4972938798578449
1.907 0.49770285823901783
1.908 0.4979234384977698
1.909 0.49798862866288257
1.91 0.49798908912472456
1.911 0.4980110954866796
1.912 0.4980672090691756
1.913 0.49818851941009895
1.914 0.49828138879233763
1.915 0.4983239953632148
1.916 0.498350026331937
1.917 0.49843170801254627
1.918 0.49861486470153105
1.919 0.4988440256926172
1.92 0.4991460104414134
1.921 0.4994772760272978
1.922 0.49972646775466334
1.923 0.499903146761712
1.924 0.5000169541607933
1.925 0.5000145382647128
1.926 0.4999490955984661
1.927 0.49991756776414686
1.928 0.4999030190179706
1.929 0.499903022779949
1.93 0.49988607551981074
1.931 0.4998594525434243
1.932 0.4998643331976665
1.933 0.49994913702485505
1.934 0.5001694783939259
1.935 0.5004962166506102
1.936 0.5007890634833038
1.937 0.500989811476005
1.938 0.501091285684558
1.939 0.5011612491169668
1.94 0.5012286081900763
1.941 0.5013416621138793
1.942 0.5014425237641896
1.943 0.5014660206836921
1.944 0.5013444818313918
1.945 0.5011917283438354
1.946 0.5011043702196202
1.947 0.5010700961158403
1.948 0.5010961583864549
1.949 0.5011486724044097
1.95 0.501152966662655
1.951 0.5011737766745561
1.952 0.5012353393578158
1.953 0.5013592960479548
1.954 0.5015120241923872
1.955 0.5016431508196565
1.956 0.5017669369416887
1.957 0.5019094485359297
1.958 0.5020802711773521
1.959 0.5022459064229575
1.96 0.5024090396344378
1.961 0.5024784863563863
1.962 0.5024619965074003
1.963 0.5024334669634813
1.964 0.5024311723441645
1.965 0.5024008375568088
1.966 0.50230430088605
1.967 0.5021104266484143
1.968 0.5018596896242145
1.969 0.501595002326045
1.97 0.5013638843426077
1.971 0.5012064527445022
1.972 0.5011250965214384
1.973 0.5010438116878505
1.974 0.5010027148978838
1.975 0.5010303431326212
1.976 0.5011265676294845
1.977 0.501291196729283
1.978 0.5014392766808864
1.979 0.5015966453937841
1.98 0.5017514249480229
1.981 0.5018328653008916
1.982 0.5019116677653263
1.983 0.5019973180887854
1.984 0.5020660088657399
1.985 0.5021298779370946
1.986 0.5021819512744473
1.987 0.5021917384353566
1.988 0.5021714789012832
1.989 0.5021115616192073
1.99 0.501995704439214
1.991 0.5018870924745465
1.992 0.5017691131998748
1.993 0.5016348722931186
1.994 0.5015238424164921
1.995 0.5014199842379418
1.996 0.5013558595497242
1.997 0.501352313829911
1.998 0.5014465250839543
1.999 0.5016311166875784
2.0 0.5018735286879727
2.001 0.5021086866756056
2.002 0.5022995113538373
2.003 0.5024070650486742
2.004 0.5024563028128255
2.005 0.5024916136495083
2.006 0.5025173952241153
2.007 0.5025151625732723
2.008 0.5024643727386843
2.009 0.5023420067494052
2.01 0.5021784987242196
2.011 0.5020200253998638
2.012 0.5018895509213284
2.013 0.5018102458074891
2.014 0.5017241616809084
2.015 0.5016496803887647
2.016 0.5015751750576647
2.017 0.5015395330083208
2.018 0.5015702108568865
2.019 0.5016624666706303
2.02 0.5017775056432376
2.021 0.501846939194835
2.022 0.501898104633018
2.023 0.5019380905475904
2.024 0.501950828190379
2.025 0.5019544597217287
2.026 0.5019239263580189
2.027 0.5017955568501974
2.028 0.5015898865926388
2.029 0.5013547055561112
2.03 0.5012172965116278
2.031 0.5012184772891263
2.032 0.5012898575036157
2.033 0.5014245788546295
2.034 0.5015592539117132
2.035 0.501675735084601
2.036 0.501765139290057
2.037 0.5018615411030083
2.038 0.5019355596409841
2.039 0.5019554182698387
2.04 0.5018081509004637
2.041 0.5015547221582882
2.042 0.5012562417397031
2.043 0.5009557298710666
2.044 0.5007276380822794
2.045 0.5005718350953658
2.046 0.5004522728397784
2.047 0.5004699691934069
2.048 0.500561823003281
2.049 0.5006200073682036
2.05 0.5007590865807866
2.051 0.5009452474931857
2.052 0.5010976973049174
2.053 0.5011873072589588
2.054 0.501222965725544
2.055 0.5012001920307249
2.056 0.5011192807891939
2.057 0.5009462477464953
2.058 0.5008403737982655
2.059 0.5008578327069437
2.06 0.5008461979297253
2.061 0.5007942936156693
2.062 0.500793888623017
2.063 0.5008583460744079
2.064 0.5009941512629073
2.065 0.5011655011655012
2.066 0.5014460541466942
2.067 0.5017040486769089
2.068 0.5017589698545116
2.069 0.5017401883235815
2.07 0.5017482128142886
2.071 0.501776317546812
2.072 0.5018419155922159
2.073 0.5019161346540287
2.074 0.5019765128095797
2.075 0.501961445612042
2.076 0.501884232740428
2.077 0.501855838139024
2.078 0.501898851836442
2.079 0.5018868759262947
2.08 0.5018528509140436
2.081 0.501776999787821
2.082 0.5016369540725031
2.083 0.5014990749449161
2.084 0.5013457228075748
2.085 0.501298403558816
2.086 0.5012995823714955
2.087 0.5012962090835867
2.088 0.5014114481193882
2.089 0.5015619576535925
2.09 0.501670786916487
2.091 0.5017338401706626
2.092 0.5017072335793973
2.093 0.5016651236666945
2.094 0.5015769411289933
2.095 0.5014622511213515
2.096 0.501351866539879
2.097 0.501258949488757
2.098 0.5011199580015749
2.099 0.5010751654268756
2.1 0.5012311077350237
2.101 0.5014763285866934
2.102 0.5017086864037382
2.103 0.5018842442329057
2.104 0.5019665062392474
2.105 0.5019921186127017
2.106 0.5019892571408673
2.107 0.501979551881662
2.108 0.5019674169663083
2.109 0.5018509989311133
2.11 0.5016342635396456
2.111 0.5014849531968766
2.112 0.5014769449329094
2.113 0.5015942925624197
2.114 0.5018241391532882
2.115 0.5020150926769847
2.116 0.5021562981605633
2.117 0.5021874757306686
2.118 0.5021303204105394
2.119 0.5020500196163811
2.12 0.5019114813873001
2.121 0.5017016913519614
2.122 0.5014854426619132
2.123 0.5012947573082812
2.124 0.5011794530259738
2.125 0.5011953148807046
2.126 0.5012755047354454
2.127 0.5013836887514245
2.128 0.5015517780165495
2.129 0.5017265208145242
2.13 0.5019012382642913
2.131 0.5020673083089974
2.132 0.5021755669724143
2.133 0.5021615617924731
2.134 0.5020810299711004
2.135 0.501942753805537
2.136 0.5018045618983906
2.137 0.5017433024406235
2.138 0.5017520582431789
2.139 0.501848044047174
2.14 0.5019883626671647
2.141 0.5020714688558792
2.142 0.5021314823760731
2.143 0.5021219462609697
2.144 0.5020174692087203
2.145 0.5019277730518065
2.146 0.5018063828347097
2.147 0.5016532769556025
2.148 0.5014956651062176
2.149 0.5012834477459448
2.15 0.5010251261369197
2.151 0.5008600047215945
2.152 0.5007015695775834
2.153 0.5006423459738597
2.154 0.5006632835695184
2.155 0.500661030365293
2.156 0.5006398868410639
2.157 0.5005535793218128
2.158 0.5003599045305877
2.159 0.5001683856030309
2.16 0.4999663177749522
2.161 0.49978316976333925
2.162 0.4996842211630766
2.163 0.49958740316604916
2.164 0.49949690777203815
2.165 0.4994338105601697
2.166 0.4993769732687855
2.167 0.49939795050563734
2.168 0.49949261662449
2.169 0.49963993784190114
2.17 0.49980623910094946
2.171 0.49987149724667057
2.172 0.49986093083626926
2.173 0.4997829028627314
2.174 0.499637314439946
2.175 0.499453644130366
2.176 0.49931202728255
2.177 0.4991914816362892
2.178 0.4991048355768744
2.179 0.49902460033948975
2.18 0.49900567042302285
2.181 0.4990605591045545
2.182 0.499096276150981
2.183 0.4992270392647158
2.184 0.49950784698899525
2.185 0.4998098666531461
2.186 0.5001267630629336
2.187 0.5003570839971434
2.188 0.5005007585329676
2.189 0.5006190393692136
2.19 0.5006844222124582
2.191 0.5008066559675648
2.192 0.5009395519709479
2.193 0.5009205225865839
2.194 0.5007663239671515
2.195 0.5005130283875707
2.196 0.5001668067280122
2.197 0.4998944069471782
2.198 0.4996683859902586
2.199 0.49950996544411497
2.2 0.4993578803291708
2.201 0.49915950059975334
2.202 0.499009675198804
2.203 0.4988594023268192
2.204 0.4987871565370995
2.205 0.49893688522164786
2.206 0.49916696971490904
2.207 0.4994120881444824
2.208 0.4995959775439665
2.209 0.499703824054564
2.21 0.4998074652696967
2.211 0.49988151157378025
2.212 0.5000634646628758
2.213 0.5003279271197845
2.214 0.5004613209862958
2.215 0.5004486240784161
2.216 0.5003639995936748
2.217 0.5002243310279441
2.218 0.5001417995420085
2.219 0.5000952376921156
2.22 0.5000677214279063
2.221 0.5000253951055167
2.222 0.4998603564718428
2.223 0.49973134315728907
2.224 0.4996974863868875
2.225 0.49966995861788815
2.226 0.4997270499815917
2.227 0.49977778624306374
2.228 0.4997014925373134
2.229 0.49957220429151095
2.23 0.49942802426871846
2.231 0.49930918152844644
2.232 0.4992114567700252
2.233 0.4990691066392418
2.234 0.4988819728194227
2.235 0.4986222503385995
2.236 0.4982856851523765
2.237 0.4980359648004082
2.238 0.49794954694346366
2.239 0.49786708672144414
2.24 0.49774602038381566
2.241 0.49753700884117863
2.242 0.4972010504067124
2.243 0.4968854078042232
2.244 0.496680293658098
2.245 0.49657496077708535
2.246 0.4964514342388294
2.247 0.49621580246488867
2.248 0.4959413661985781
2.249 0.49574628635491447
2.25 0.49575910874378976
2.251 0.4960429230529972
2.252 0.4965279879625386
2.253 0.49703773266456924
2.254 0.4974858484232957
2.255 0.4979304725457138
2.256 0.4984079748746335
2.257 0.4989100415139567
2.258 0.4993457517334318
2.259 0.4996126460193938
2.26 0.49963405071011585
2.261 0.4993940028076417
2.262 0.4990031193421024
2.263 0.4986139547472595
2.264 0.49830316000960884
2.265 0.4980360458765702
2.266 0.4978431226863284
2.267 0.4977574358705345
2.268 0.4977174340810705
2.269 0.49775771019552767
2.27 0.4979293075219109
2.271 0.4982434930396769
2.272 0.4986873189310963
2.273 0.49917784432975676
2.274 0.49959648060913886
2.275 0.49992541962429043
2.276 0.5001755186576333
2.277 0.5003203496638522
2.278 0.5005265790790131
2.279 0.5008643004431185
2.28 0.5011097172633407
2.281 0.5012015435888441
2.282 0.501133389162432
2.283 0.5008790582458295
2.284 0.5005765697824819
2.285 0.5002718916643278
2.286 0.49995613188510063
2.287 0.4995456839979808
2.288 0.49890390858729405
2.289 0.4980742851113221
2.29 0.4973358969733501
2.291 0.49679924625991706
2.292 0.4965022950935218
2.293 0.49639631299839987
2.294 0.49635171738382405
2.295 0.49625985816604995
2.296 0.49621168586609615
2.297 0.4963800824880959
2.298 0.4967651594377581
2.299 0.497295354399542
2.3 0.49776954315622973
2.301 0.49797347498987843
2.302 0.49804489177874767
2.303 0.49803865630126243
2.304 0.49809746849559494
2.305 0.49835065995920175
2.306 0.4986444901987932
2.307 0.49888758834514246
2.308 0.49899668840136036
2.309 0.4989896370740605
2.31 0.49918192547028106
2.311 0.4995372254092313
2.312 0.499930689394583
2.313 0.5003823330814258
2.314 0.5005970776737675
2.315 0.5005904613650394
2.316 0.500583748965579
2.317 0.5005702274201123
2.318 0.5006618784826883
2.319 0.5007335903881767
2.32 0.5005546162860388
2.321 0.5003130814369543
2.322 0.5000134164557302
2.323 0.49982343922509925
2.324 0.4998279552594301
2.325 0.499872631959993
2.326 0.49984357262252727
2.327 0.49974747136146463
2.328 0.4996849316905091
2.329 0.4997698663437348
2.33 0.5000089353527231
2.331 0.500339473637192
2.332 0.5005829197804113
2.333 0.5006497537187794
2.334 0.5007387304548884
2.335 0.5008991240791228
2.336 0.5010439717324576
2.337 0.50115329190108
2.338 0.5011399583279421
2.339 0.5009326276896714
2.34 0.5006068556843636
2.341 0.5003033493335237
2.342 0.5000156151708077
2.343 0.49965858731015894
2.344 0.49920314990156567
2.345 0.4987944814037594
2.346 0.4984615247205513
2.347 0.49835433032185456
2.348 0.49845277272950533
2.349 0.4986669286661695
2.35 0.4989773133261879
2.351 0.4992208116954155
2.352 0.49944618133095137
2.353 0.49978330704721224
2.354 0.5000089423842184
2.355 0.5001141036598189
2.356 0.500167928744475
2.357 0.4999820769258343
2.358 0.4997019581127898
2.359 0.4994732996543949
2.36 0.4992695038003729
2.361 0.49920043002082914
2.362 0.4993172059620232
2.363 0.49957724362845757
2.364 0.5001676105000156
2.365 0.500890899428842
2.366 0.5017064541889547
2.367 0.5025056622616946
2.368 0.5029534360163164
2.369 0.5032278198840837
2.37 0.5034077891048815
2.371 0.5033822625063501
2.372 0.5031299148574051
2.373 0.5025435884643141
2.374 0.5015078958505023
2.375 0.5001515165019297
2.376 0.49884132374305906
2.377 0.4978122744325726
2.378 0.49707571056667027
2.379 0.4965567072844374
2.38 0.4962104483670802
2.381 0.49609902977584486
2.382 0.4962461357279553
2.383 0.4966536978869217
2.384 0.49741971197200074
2.385 0.49833946442699234
2.386 0.4990848678764012
2.387 0.49977837772494665
2.388 0.5003942793648518
2.389 0.5007309875956338
2.39 0.5009735132613142
2.391 0.5011013067644011
2.392 0.5010942979899001
2.393 0.5009056996305463
2.394 0.5004617674485331
2.395 0.5001524335569025
2.396 0.49989462308696053
2.397 0.49956065238637487
2.398 0.499480137673885
2.399 0.49934983992610604
2.4 0.49874539341679425
2.401 0.49801144151391086
2.402 0.49725298212301067
2.403 0.4966115747165798
2.404 0.496443151318312
2.405 0.4964067098824506
2.406 0.4964087599154364
2.407 0.496366167391324
2.408 0.49620294362275347
2.409 0.49664174719542953
2.41 0.49783060652625866
2.411 0.4995122435891646
2.412 0.5013401680399253
2.413 0.5027027514822269
2.414 0.5035232552893941
2.415 0.5038687642963812
2.416 0.5039923087686357
2.417 0.5042388183673101
2.418 0.5042295758681582
2.419 0.5034816833181955
2.42 0.502122139405801
2.421 0.5003117319647246
2.422 0.49850821721801697
2.423 0.4974038335746799
2.424 0.49683538597471916
2.425 0.4966195202423127
2.426 0.4964622481973024
2.427 0.49605464397053045
2.428 0.49583645674340465
2.429 0.4958690773518658
2.43 0.49622699692536526
2.431 0.49660664851424385
2.432 0.49656989438465493
2.433 0.4962836062952557
2.434 0.4958095447225882
2.435 0.4956768113222229
2.436 0.4962916531311625
2.437 0.49747714808043875
2.438 0.49877662439630066
2.439 0.499703277640829
2.44 0.5001461761239573
2.441 0.5002835971091392
2.442 0.5005226864248249
2.443 0.5010792787662237
2.444 0.5016805293092588
2.445 0.5018263117702804
2.446 0.5011795652393851
2.447 0.4998230853004563
2.448 0.4985405747748905
2.449 0.4981754334491642
2.45 0.49855505227917024
2.451 0.49957906295754034
2.452 0.5007979659869856
2.453 0.5011476384253121
2.454 0.5008531759646836
2.455 0.50039845016625
2.456 0.5000871543641401
2.457 0.5003399329321513
2.458 0.5007766686887627
2.459 0.5009506227267718
2.46 0.5008276893024023
2.461 0.4998602936124407
2.462 0.498690823865457
2.463 0.4981157475880196
2.464 0.49768764910992846
2.465 0.4977406142403361
2.466 0.49792299898682874
2.467 0.49747860388936305
2.468 0.4968555491938016
2.469 0.4958170792582595
2.47 0.4949714005632031
2.471 0.4947987796691774
2.472 0.4941941175105045
2.473 0.4943359565655955
2.474 0.49478606325653307
2.475 0.4949224963498882
2.476 0.495795928836244
2.477 0.49667408870030394
2.478 0.4974194904369352
2.479 0.49884373350276334
2.48 0.5001330873940554
2.481 0.5020221033602326
2.482 0.5039426590112593
2.483 0.5049437658274989
2.484 0.5062510457139671
2.485 0.5077913703440821
2.486 0.5096826560777749
2.487 0.5123224508316565
2.488 0.5144812243279099
2.489 0.5155417023960219
2.49 0.5157525885065787
2.491 0.5153646864092692
2.492 0.4867942079609688
2.493 0.45469170248598656
2.494 0.41698825166590847
2.495 0.3721485152490263
2.496 0.3184186993123439
2.497 0.25529987075110927
2.498 0.18317759715114973
2.499 0.1000609838194879
2.5 0.0
