2.501 1.0
2.503 1.0
2.504 0.900849597316673
2.505 0.8173331102559812
2.506 0.7477260156105956
2.507 0.6885967403032541
2.509 0.6390845534889856
2.51 0.5975288262540652
2.511 0.5605939516082328
2.512 0.5273995748623752
2.514 0.4978072433033417
2.515 0.49741481214986893
2.516 0.4978117037889373
2.517 0.49885618735958803
2.518 0.5003439530991713
2.52 0.5018436161580888
2.521 0.5028424249887125
2.522 0.503373639537622
2.523 0.5033656214086357
2.525 0.5025448039729788
2.526 0.5014793966948113
2.527 0.5005624877439597
2.528 0.4998348438241912
2.529 0.49894903867949797
2.531 0.49807395200329585
2.532 0.49746991669237894
2.533 0.4964238002260817
2.534 0.4957538461538462
2.536 0.4964328607943172
2.537 0.4973311530036098
2.538 0.49781650372175135
2.539 0.4980179471521575
2.541 0.49848269862148253
2.542 0.4991881521930232
2.543 0.4992233291220512
2.544 0.49910941739328535
2.546 0.49987058567745807
2.547 0.5004495705825814
2.548 0.5006659714406666
2.549 0.5012582767796365
2.551 0.5021834962782485
2.552 0.5029338236813288
2.553 0.5024603043334436
2.554 0.5018319554963826
2.556 0.5022816907225011
2.557 0.5021073944753208
2.558 0.5008167738466945
2.559 0.5001857930265683
2.561 0.5002112944620236
2.562 0.49976841606883704
2.563 0.49952157048347107
2.564 0.49967114052576406
2.566 0.4997426977624997
2.567 0.49996914849856017
2.568 0.5003594536304815
2.57 0.5012928115573249
2.571 0.5019637679669346
2.572 0.501906690376096
2.573 0.5015406421396439
2.575 0.5010071114399638
2.576 0.5002419014483206
2.577 0.5001901746522888
2.579 0.5005297536388417
2.58 0.49998457282142517
2.581 0.4992188142422498
2.582 0.49831597970960917
2.584 0.49786586306554625
2.585 0.4983665837973331
2.586 0.4988608374384237
2.588 0.49976400090295303
2.589 0.500811488207741
2.59 0.5008923992204329
2.591 0.500825818894326
2.593 0.5007855741879833
2.594 0.5007298669791731
2.595 0.501156419929484
2.597 0.5011233407535659
2.598 0.50007213668872
2.599 0.4992634560906517
2.6 0.4984863773965692
2.602 0.49740222254293553
2.603 0.49740116715898686
2.604 0.4980774371311661
2.606 0.49868933685584765
2.607 0.4983573804595215
2.608 0.497790459316639
2.61 0.49810596286242165
2.611 0.4981539893479497
2.612 0.49751692534187636
2.614 0.49731065561854915
2.615 0.49698719819857395
2.616 0.4956533536489914
2.618 0.4939625637168881
2.619 0.49285467869575666
2.62 0.4924216201474768
2.622 0.49205364838445204
2.623 0.49206382620410916
2.624 0.49254124439013086
2.626 0.4927753760292579
2.627 0.49292225598458467
2.628 0.4937075859432249
2.63 0.49488976570559523
2.631 0.4958798383915913
2.632 0.49672811896196506
2.634 0.49743611702867907
2.635 0.49740181658113414
2.636 0.4964292254165904
2.638 0.49561999697930836
2.639 0.4947655894401457
2.64 0.49338396918322486
2.642 0.49272721320777363
2.643 0.4922638791899442
2.644 0.49158414759437774
2.646 0.49187005187005184
2.647 0.49253552043858595
2.648 0.4932844799300011
2.65 0.4938386855862584
2.651 0.4946318174817943
2.652 0.49677590026784824
2.654 0.49841807159608825
2.655 0.49841710635934455
2.656 0.498354348744635
2.658 0.4983884458818937
2.659 0.4978427853153323
2.661 0.49693812673589804
2.662 0.4968933013553461
2.663 0.49735065283491325
2.665 0.49692324904900426
2.666 0.4957991654267399
2.667 0.49616434066917153
2.669 0.4971253096035953
2.67 0.496992211173711
2.672 0.4965469846670347
2.673 0.4965842220368408
2.674 0.4968944800795013
2.676 0.49630232715923744
2.677 0.49521778100500347
2.678 0.4945373847729601
2.68 0.4936474566975915
2.681 0.49243845520270896
2.683 0.49147043312773714
2.684 0.49141505208393155
2.685 0.49197182936247225
2.687 0.4919027406108702
2.688 0.49237425011536684
2.69 0.49396423506623777
2.691 0.49616188200528677
2.692 0.498221750075056
2.694 0.49948449428309943
2.695 0.5003018132008451
2.697 0.5011404100821562
2.698 0.5016074174160182
2.699 0.50184988503869
2.701 0.5018572596659269
2.702 0.5005324813631522
2.704 0.49794928283491147
2.705 0.49564084812785275
2.706 0.4939480659613896
2.708 0.49350984975742695
2.709 0.49336421022934324
2.711 0.4926187306337405
2.712 0.49155824222531813
2.713 0.4897896223168836
2.715 0.4884872729004453
2.716 0.4889595182335229
2.718 0.4904977158547259
2.719 0.49094327343721755
2.721 0.4900590884874315
2.722 0.48845704266510814
2.723 0.4876333715848329
2.725 0.48800587767097287
2.726 0.4894540638642272
2.728 0.49096693837787175
2.729 0.4904941077127495
2.731 0.4883470867716929
2.732 0.48698912729963256
2.733 0.4867326882370729
2.735 0.487514878314382
2.736 0.48734201479853295
2.738 0.486514976218023
2.739 0.4857810121029134
2.741 0.4850935923732858
2.742 0.485945590001162
2.744 0.48808304928783425
2.745 0.49029075533747457
2.747 0.4917013534385717
2.748 0.4914966434118731
2.749 0.4914808748943365
2.751 0.49258199720577467
2.752 0.49257213343344425
2.754 0.49116096769833756
2.755 0.4892909043990819
2.757 0.4872339845772365
2.758 0.48668320475424587
2.76 0.48576512455516013
2.761 0.4847121438663392
2.763 0.48499351742020896
2.764 0.48410486766765104
2.766 0.48325679429377044
2.767 0.484978901770569
2.768 0.4878014404307198
2.77 0.49015001415227855
2.771 0.4905480291180535
2.773 0.4898997114203263
2.774 0.4903205422794118
2.776 0.4906595940959409
2.777 0.4914379103873189
2.779 0.49397869719585535
2.78 0.49519560240876015
2.782 0.49326947019964557
2.783 0.4911117319257179
2.785 0.49041418377105866
2.786 0.49135893648449047
2.788 0.49162392148723566
2.789 0.49169247260600285
2.791 0.49204643805771925
2.792 0.49085215098071533
2.794 0.4897232077364112
2.795 0.4915944372090239
2.797 0.4942480401285555
2.798 0.49542268415009977
2.8 0.49575649385032
2.801 0.49682347602480725
2.803 0.4984194207063451
2.804 0.49895318141821154
2.806 0.4998255593477437
2.807 0.5009369429759746
2.809 0.5005038629492778
2.811 0.4981662031235674
2.812 0.4964733242552671
2.814 0.4952130279522226
2.815 0.49400901735532077
2.817 0.49160281711941806
2.818 0.48927497597718606
2.82 0.4877019175350873
2.821 0.4862163594973025
2.823 0.48489833004355043
2.824 0.484566882085633
2.826 0.48480442512840777
2.827 0.4858749900974412
2.829 0.4877400248383912
2.83 0.48937053115423895
2.832 0.4910337975352959
2.834 0.49299778370218095
2.835 0.49508127983486
2.837 0.49675618100832736
2.838 0.4988585768639197
2.84 0.5004295880817676
2.841 0.5020210710865084
2.843 0.5024660912453761
2.844 0.5029208450978483
2.846 0.5035780202700515
2.848 0.5033551607883817
2.849 0.5025764843142339
2.851 0.5025198917499878
2.852 0.5018772049066252
2.854 0.5004053572007654
2.855 0.4984809838675613
2.857 0.49631089466912065
2.859 0.4944251269242698
2.86 0.4931809262166404
2.862 0.493213849287169
2.863 0.4942017655298218
2.865 0.49501774724022274
2.866 0.4952635176926332
2.868 0.49652586122926073
2.87 0.4983909241621428
2.871 0.5013326832439461
2.873 0.5049549988627872
2.874 0.507808564231738
2.876 0.5077367544804623
2.878 0.5059570440005222
2.879 0.5037046729583408
2.881 0.502194059665324
2.882 0.5011476162371303
2.884 0.49995095154012165
2.886 0.4980849183225849
2.887 0.4946759714304437
2.889 0.49088467019377247
2.89 0.4902031160779835
2.892 0.49208085690026787
2.894 0.49358010977522215
2.895 0.4949488323274731
2.897 0.4962801162771601
2.898 0.4968975789594957
2.9 0.4973783264024721
2.902 0.4990534200345707
2.903 0.5013293699942202
2.905 0.5022008869989868
2.907 0.5005485372340426
2.908 0.4988359330827818
2.91 0.4985145474763904
2.912 0.4987959810678403
2.913 0.49878918560291924
2.915 0.49892119763659293
2.916 0.49859154929577465
2.918 0.49853605280134977
2.92 0.49973633906795856
2.921 0.5017386575256678
2.923 0.5048669801703443
2.925 0.5076405416495691
2.926 0.5089348483609908
2.928 0.5090876401556013
2.93 0.5091167300566429
2.931 0.509936257967754
2.933 0.5104531033921744
2.935 0.5092170401250651
2.936 0.507134731025516
2.938 0.5049834967399964
2.94 0.5020030166891026
2.941 0.49890636898300417
2.943 0.4971651024924483
2.945 0.49674427622756134
2.946 0.49673244800154903
2.948 0.4963044073364358
2.95 0.4958462552022239
2.951 0.4972426322812997
2.953 0.4988919222739683
2.955 0.4994843034873977
2.956 0.5005163955589982
2.958 0.5028495778104264
2.96 0.5040046411938183
2.961 0.5028138948185523
2.963 0.5009240945494635
2.965 0.5004943033564008
2.966 0.5008250024264778
2.968 0.5005974680273867
2.97 0.50130829119512
2.972 0.5019043792687826
2.973 0.5010376280947861
2.975 0.49965461292550883
2.977 0.49943180908785356
2.978 0.5013391926352424
2.98 0.5031357540282378
2.982 0.5024729744969471
2.984 0.5013448870133844
2.985 0.4990223170278437
2.987 0.49680153397463783
2.989 0.4966070824132428
2.99 0.4968903965753978
2.992 0.4976662305990277
2.994 0.49774658768993046
2.996 0.4969989540590554
2.997 0.49747032652864553
2.999 0.49911672126935186
3.001 0.5017607324647053
3.003 0.505136135638852
3.004 0.5064905962384953
3.006 0.5067322008933574
3.008 0.5071776467572418
3.01 0.5070864126435679
3.011 0.5076658547069781
3.013 0.5083256391480149
3.015 0.5069171376263631
3.017 0.5047092383942373
3.018 0.5023416787058058
3.02 0.5009262337909087
3.022 0.5011351095696044
3.024 0.5014177247093664
3.025 0.5010874704491725
3.027 0.4999763395744278
3.029 0.4983639052323568
3.031 0.49771129252984747
3.032 0.4990008968327643
3.034 0.5004337881536399
3.036 0.5006155108740254
3.038 0.4998023746660131
3.04 0.4991333669481911
3.041 0.5001491810744177
3.043 0.5022543678376855
3.045 0.5035475433458111
3.047 0.5048918479619905
3.048 0.505841012025613
3.05 0.5061507318592339
3.052 0.5068090663184405
3.054 0.5081865542049119
3.056 0.508931900086989
3.057 0.5072181948290345
3.059 0.5046579262507971
3.061 0.5028821123094087
3.063 0.5015658429195994
3.065 0.49963601443551264
3.066 0.4979928393186503
3.068 0.496608437093477
3.07 0.4954811352873812
3.072 0.49531904409953187
3.074 0.4964728664299874
3.076 0.4979907311890869
3.077 0.49864808491571777
3.079 0.49928257347836147
3.081 0.5014255112576861
3.083 0.5034709929656596
3.085 0.5051975051975052
3.087 0.5072225466392108
3.088 0.5078169436288451
3.09 0.5066030645581853
3.092 0.5050181573019935
3.094 0.5049286720137146
3.096 0.505318659759051
3.098 0.5050548307664071
3.099 0.5037670815031723
3.101 0.5028951807778232
3.103 0.5007761139517896
3.105 0.49867861482381526
3.107 0.4990142254845461
3.109 0.4999621516055289
3.111 0.5010521216525122
3.112 0.5019777167185
3.114 0.5015044983745369
3.116 0.5007634741855015
3.118 0.5007255358384474
3.12 0.5013562386980108
3.122 0.5031555743447277
3.124 0.5043626592597066
3.126 0.5048083434918055
3.127 0.504248356201399
3.129 0.5024278777492145
3.131 0.5007357578305655
3.133 0.5009779730380357
3.135 0.5012272432953365
3.137 0.5009114877589453
3.139 0.5000976665214191
3.141 0.4995119020800481
3.143 0.4986194063447281
3.145 0.49747561761224884
3.146 0.4990231025071217
3.148 0.5026932920659484
3.15 0.5051124137419307
3.152 0.506491774121832
3.154 0.5078656336862026
3.156 0.5088413868494527
3.158 0.5094475887277443
3.16 0.5099021572556878
3.162 0.5105254629288629
3.164 0.5098817729627607
3.166 0.5072602497643732
3.168 0.5041173103174952
3.17 0.5023684903067342
3.171 0.5016842381556498
3.173 0.5010530902752561
3.175 0.500348138907424
3.177 0.49942795904476395
3.179 0.4988921873868655
3.181 0.4987488971492211
3.183 0.49977555423623277
3.185 0.5018223366405369
3.187 0.5026573021504597
3.189 0.5019784042321908
3.191 0.5012033519877055
3.193 0.5011641191016759
3.195 0.5016110621450967
3.197 0.502273153694055
3.199 0.5029217827925029
3.201 0.5032771063511041
3.203 0.5026371156007724
3.205 0.5010928018865212
3.207 0.501049333026679
3.209 0.5018840788149
3.211 0.5017655112776537
3.213 0.5015963413581845
3.215 0.5021296734500711
3.217 0.5021814696668431
3.219 0.5011235311797793
3.221 0.5003289379594404
3.223 0.5009942917638306
3.225 0.50160891266107
3.227 0.501651297447995
3.229 0.5017633033024458
3.231 0.5022090679020289
3.233 0.5018211423919099
3.235 0.5013316622277927
3.237 0.5019295159185063
3.239 0.5026562499999999
3.241 0.5027220650737019
3.243 0.5024508759217423
3.245 0.5021504307958723
3.247 0.5013784283075174
3.249 0.5007883858687161
3.251 0.5004835314864328
3.253 0.500078261735703
3.255 0.4985040604074655
3.257 0.4971215760969994
3.259 0.4974080018179494
3.261 0.4978346987746524
3.263 0.49721337579617836
3.265 0.4972787085589235
3.267 0.4986358210651963
3.269 0.5000779931649626
3.272 0.5009076469253461
3.274 0.5019697871496187
3.276 0.5034766567333617
3.278 0.503823508547918
3.28 0.502909699946064
3.282 0.502624336822992
3.284 0.5032456925327765
3.286 0.5031237575964105
3.288 0.5019657379678385
3.29 0.500545271715269
3.292 0.49958913037318303
3.294 0.4988327508878167
3.296 0.4983315423335785
3.299 0.4984959963847424
3.301 0.49903857029747767
3.303 0.49884016973125883
3.305 0.4977673192237359
3.307 0.49671902962815667
3.309 0.49651932521887676
3.311 0.4967032654049358
3.313 0.4964873200822481
3.315 0.49533365778248556
3.318 0.4942601308690162
3.32 0.49332548659355807
3.322 0.4923191991254819
3.324 0.4915298222343969
3.326 0.4909022371072739
3.328 0.490263526119403
3.33 0.4895429332474718
3.333 0.4882625663898589
3.335 0.48696383515559294
3.337 0.4859854730181363
3.339 0.48540353183733237
3.341 0.484877098321343
3.343 0.4842151263543346
3.345 0.48381480135658916
3.348 0.4836205581820955
3.35 0.4834052617837233
3.352 0.4835566946640316
3.354 0.4848770973933503
3.356 0.487268320723352
3.358 0.4895389655979405
3.361 0.4918912156139061
3.363 0.4947208946365539
3.365 0.4975686029239309
3.367 0.49978867617362993
3.369 0.501650113150616
3.372 0.5028745617083109
3.374 0.5028019875855281
3.376 0.5016307374115027
3.378 0.5001514016606371
3.38 0.49872993050563147
3.383 0.49597782193449136
3.385 0.4936455918791464
3.387 0.49343351533771634
3.389 0.4952573668900974
3.391 0.49978845099114627
3.394 0.5074031097702484
3.396 0.5172024816694868
3.398 0.5293608382840255
3.4 0.5442955261591182
3.402 0.5629812134277794
3.405 0.5843215729461851
3.407 0.6054984925136696
3.409 0.6246245882580895
3.411 0.6383492063492063
3.414 0.6446430163116142
3.416 0.6442448501415601
3.418 0.638776509666979
3.42 0.6274789915966386
3.423 0.6096148638796891
3.425 0.5843737081438611
3.427 0.5527365434433982
3.429 0.5160117637447921
3.432 0.47928928373126045
3.434 0.45041544088415364
3.436 0.43138218413397283
3.439 0.41968673968908476
3.441 0.41345364251358846
3.443 0.4119662158171401
3.445 0.4147770445910818
3.448 0.42119540182821347
3.45 0.43057453005030444
3.452 0.44313673631314465
3.455 0.455924822369929
3.457 0.46476993575207864
3.459 0.4693793670365804
3.462 0.4710409970320562
3.464 0.4710267282028191
3.466 0.4700519184500443
3.468 0.46892481790135315
3.471 0.46874193048597834
3.473 0.4698733913134185
3.475 0.47126346100745536
3.478 0.47352680402821334
3.48 0.4782845021874585
3.482 0.4866194203511741
3.485 0.500078421121422
3.487 0.5201264032416315
3.489 0.5445510539618659
3.492 0.5664611269572627
3.494 0.5814454858829362
3.497 0.5913173652694611
3.499 0.5983751680860601
3.501 0.6023271579555685
3.504 0.6018694270327536
3.506 0.5950531434984487
3.508 0.5783586612741479
3.511 0.5495287703886818
3.513 0.5146909273818768
3.516 0.4855650379414863
3.518 0.46653268457795644
3.52 0.45407142931931693
3.523 0.4452628298358613
3.525 0.4393039663983779
3.527 0.436254444720086
3.53 0.43722033757206186
3.532 0.4440171619259495
3.535 0.4566533908014621
3.537 0.4705577989494168
3.54 0.4803892250005751
3.542 0.4863152500524097
3.544 0.49003998118532455
3.547 0.49227652870240934
3.549 0.4936080900591489
3.552 0.4945932676302584
3.554 0.4954002834290106
3.557 0.496122912684387
3.559 0.49630503333895
3.561 0.4960487640341155
3.564 0.49556752578564706
3.566 0.49529208417439236
3.569 0.49549647708287936
3.571 0.4963520457630405
3.574 0.49716951335066445
3.576 0.49735913350371186
3.579 0.4974966195227131
3.581 0.49731408733784027
3.584 0.49714034852383443
3.586 0.49755966616233105
3.589 0.4984292297725134
3.591 0.4994869915720044
3.593 0.5001709693964781
3.596 0.4999633717522954
3.598 0.4999816735696221
3.601 0.5003240044504763
3.603 0.5004709192098342
3.606 0.5005871559633027
3.608 0.5006063724229173
3.611 0.5004226646248086
3.614 0.5001409780196879
3.616 0.4994307957842165
3.619 0.49919297644958543
3.621 0.4996211936067256
3.624 0.49960259718027406
3.626 0.4995352591541717
3.629 0.4996943092612066
3.631 0.4999694529636735
3.634 0.5001712328767124
3.636 0.5005624434499792
3.639 0.5012103577279506
3.641 0.5012773655710252
3.644 0.5009046675957847
3.647 0.5007936120336004
3.649 0.5011050465829029
3.652 0.5015315898024189
3.654 0.5017313694888803
3.657 0.5016502856029328
3.659 0.501389972688256
3.662 0.5006464676034349
3.665 0.49980478282088825
3.667 0.49978043960869456
3.67 0.4998840431115506
3.672 0.4994874923733984
3.675 0.4988949534170971
3.678 0.4985724395422046
3.68 0.49867205964766936
3.683 0.49876483115302706
3.685 0.4987017103290219
3.688 0.4990052119569861
3.691 0.49924209085130306
3.693 0.49888091190391737
3.696 0.49933373268621867
3.699 0.5004332596995252
3.701 0.5010989547719059
3.704 0.5006781939268039
3.706 0.4996516190546041
3.709 0.49970704555441625
3.712 0.5006408456721556
3.714 0.501153099947531
3.717 0.501768939856045
3.72 0.5021785029962045
3.722 0.5015559216547685
3.725 0.5005785415880053
3.728 0.5001400747877564
3.73 0.500371919470289
3.733 0.5006413780465457
3.736 0.5007621858270022
3.739 0.5008701366662205
3.741 0.5009235181179672
3.744 0.5007768121571102
3.747 0.501048904410249
3.749 0.5016248726778871
3.752 0.5025478400852104
3.755 0.503524575297745
3.758 0.5043664166394898
3.76 0.5047913670803476
3.763 0.5045068960940234
3.766 0.5040727798529944
3.768 0.5036064784153169
3.771 0.5031610891005648
3.774 0.5026001540832049
3.777 0.5020643002443457
3.779 0.5014229619222595
3.782 0.5005636708162433
3.785 0.4992565055762082
3.788 0.4983849081979418
3.79 0.4977777777777778
3.793 0.4975497850056451
3.796 0.4976275991303199
3.799 0.4981503278964184
3.802 0.49894994539716064
3.804 0.4993157920007682
3.807 0.4989981643010546
3.81 0.49944833541206946
3.813 0.5004259812568247
3.816 0.5014055404723577
3.818 0.5022282014630455
3.821 0.5026891401954429
3.824 0.5029932935827145
3.827 0.5028289899546882
3.83 0.5029528500382555
3.833 0.5040241328738866
3.835 0.5050577174818517
3.838 0.5051627238269507
3.841 0.5050029079773534
3.844 0.5045111353815471
3.847 0.503579697239537
3.85 0.5025896272362262
3.852 0.5016877436531331
3.855 0.5007676469538103
3.858 0.4994169720622532
3.861 0.4979155036642001
3.864 0.49714448209673207
3.867 0.4970960148570483
3.87 0.497424933260885
3.873 0.49801559177888016
3.875 0.49867025991986097
3.878 0.499503158492441
3.881 0.5005206607658447
3.884 0.5013392116428453
3.887 0.5017686719528988
3.89 0.5017649365930187
3.893 0.5012006942628212
3.896 0.5001784057660744
3.899 0.4996851572431655
3.902 0.49970928507861173
3.905 0.49978065235176244
3.908 0.4995496242918435
3.911 0.4988507381341674
3.914 0.4981671510765764
3.916 0.49792141771189663
3.919 0.4979725310660562
3.922 0.49844155226153364
3.925 0.4989276522733772
3.928 0.498814304610508
3.931 0.49817085522944743
3.934 0.497837767003014
3.937 0.4985545178752007
3.94 0.5000237495843823
3.943 0.501495762007645
3.946 0.5025512625783178
3.949 0.5033444816053511
3.952 0.5036134871928535
3.955 0.5036979092589959
3.958 0.5042458696038372
3.961 0.5046565084480674
3.964 0.5043646369523448
3.967 0.503177313036468
3.97 0.5016273922666319
3.973 0.500632410132747
3.977 0.5001357332546473
3.98 0.4995755217545101
3.983 0.4991929688144299
3.986 0.49874385195145254
3.989 0.49793044893338523
3.992 0.49772400292459723
3.995 0.4980761059440065
3.998 0.4984637927774627
4.001 0.4989596879063719
4.004 0.4994918338887707
4.007 0.4999173885335284
4.01 0.5004421491988257
4.013 0.5008364356062391
4.017 0.5014090485679586
4.02 0.5018286927796131
4.023 0.5020763531687981
4.026 0.5023057236198092
4.029 0.5024240636980242
4.032 0.5018941405558506
4.035 0.5011095372993389
4.038 0.5005188189793416
4.042 0.4999057404090867
4.045 0.4994937603013892
4.048 0.49947621794041835
4.051 0.49925243987144324
4.054 0.4987987563595252
4.057 0.4983923586983405
4.061 0.4984338200659444
4.064 0.4990163625440281
4.067 0.4990560249209421
4.07 0.49941625293347647
4.073 0.5003179837474974
4.077 0.5005885538055889
4.08 0.500905626646594
4.083 0.5015749142024353
4.086 0.5019520225776106
4.089 0.5022232155460405
4.093 0.5021875661562346
4.096 0.5024723112880682
4.099 0.503300058719906
4.102 0.5033249281651323
4.106 0.5030938205467115
4.109 0.5031660357960652
4.112 0.5032715567011511
4.115 0.5033689820902817
4.119 0.5032872918533344
4.122 0.5032230289490831
4.125 0.5030781942811923
4.128 0.5023207659109151
4.132 0.5014193308204198
4.135 0.5008374430073509
4.138 0.5003543092132011
4.142 0.499959364224263
4.145 0.49940833894057857
4.148 0.49915474040109303
4.152 0.4998554528949894
4.155 0.5007157535037288
4.158 0.501320874430409
4.162 0.5017768547363564
4.165 0.5022864797450228
4.168 0.5029550281651122
4.172 0.5037101903488962
4.175 0.504670102144106
4.178 0.5055988790756968
4.182 0.50633839106785
4.185 0.5067270714701417
4.189 0.5073265482302693
4.192 0.5090603041189362
4.195 0.5112661969140173
4.199 0.5128954588722773
4.202 0.5136402196722777
4.206 0.5137696311785381
4.209 0.5133924115213558
4.212 0.5123780197383724
4.216 0.511257999977893
4.219 0.5100732600732601
4.223 0.5077860677327279
4.226 0.5042467049530223
4.23 0.5007955405835427
4.233 0.49834054438906844
4.236 0.4964600317338732
4.24 0.49478841968260223
4.243 0.4937551948904152
4.247 0.4936789220783485
4.25 0.4935396272693428
4.254 0.49360308454005736
4.257 0.49471421678290994
4.261 0.496008357158566
4.264 0.49738444765040796
4.268 0.49879369416015773
4.271 0.5002973830293417
4.275 0.5013557603280279
4.278 0.5012483429076446
4.282 0.5006255605132918
4.285 0.50008318452546
4.289 0.49920540546547687
4.293 0.4979466918924935
4.296 0.4961237712243075
4.3 0.4938587053971669
4.303 0.4918520347466948
4.307 0.49020774177618665
4.31 0.4892367466564855
4.314 0.4889391993872631
4.318 0.48901545972335236
4.321 0.48932507277072407
4.325 0.4902174406464207
4.328 0.49153948430060124
4.332 0.49364967165268153
4.336 0.4957086947565972
4.339 0.4971140716261031
4.343 0.49785012991193583
4.347 0.4982899388523589
4.35 0.499128849504425
4.354 0.4997630139995145
4.357 0.5001099218975991
4.361 0.5000057875059323
4.365 0.4990735164682447
4.368 0.49844200674165107
4.372 0.4982800356733342
4.376 0.498976488139984
4.38 0.5000519528499023
4.383 0.5001212989383454
4.387 0.4994735319641307
4.391 0.4988523601966057
4.394 0.4982994973941103
4.398 0.4984091964700418
4.402 0.49880790388797785
4.406 0.49855498065538617
4.409 0.49723027299925204
4.413 0.49527385882407987
4.417 0.4942492497752245
4.421 0.49513113855555163
4.424 0.49642444675167113
4.428 0.4972545446048881
4.432 0.4974420809871109
4.436 0.49679953106682295
4.44 0.4965548003897125
4.443 0.497627994363551
4.447 0.4996236622368576
4.451 0.5009194860308854
4.455 0.5005368921613745
4.459 0.49935734921290015
4.462 0.49872779531640204
4.466 0.4991881206758601
4.47 0.5002940000470399
4.474 0.501435327890068
4.478 0.5017490960059363
4.482 0.5009127203778074
4.486 0.4999941152239158
4.49 0.4996997704126686
4.493 0.4995871083427708
4.497 0.5001180414561593
4.501 0.5004365781710916
4.505 0.49992927697494055
4.509 0.4994587725903615
4.513 0.4992480672979768
4.517 0.49940067688257966
4.521 0.49977654419720563
4.525 0.5002646778576385
4.529 0.5011928966822194
4.533 0.5016768059494252
4.537 0.5009599641927467
4.541 0.5000294710535312
4.545 0.49919115823778765
4.549 0.4983633291185611
4.553 0.4979085924945647
4.557 0.49768920723851406
4.561 0.4975821993119022
4.565 0.49678144598272395
4.569 0.495307525710972
4.573 0.49512102695277344
4.577 0.4959109657232256
4.581 0.49649229016060686
4.585 0.4970136823319452
4.589 0.4973899985698622
4.593 0.497345913900254
4.597 0.496821223709369
4.601 0.4964886044146677
4.605 0.49712526651175043
4.609 0.4977800177598579
4.613 0.4976631303240379
4.617 0.49729671280276816
4.622 0.49695715969499443
4.626 0.4966684740044581
4.63 0.4965317570420411
4.634 0.49686248008881595
4.638 0.4976619422191612
4.642 0.49806478144125405
4.646 0.49796175107960666
4.651 0.49814899949188224
4.655 0.49850475210363826
4.659 0.49881942678629815
4.663 0.4995700565587569
4.667 0.5004605055866599
4.672 0.5008488964346349
4.676 0.5011570287985074
4.68 0.5017540888415755
4.684 0.5022422608758719
4.688 0.5023272120603987
4.693 0.5021100107616595
4.697 0.502061942942834
4.701 0.5018139602379915
4.705 0.5013900976694711
4.71 0.5016532316455086
4.714 0.502037666690781
4.718 0.5015123944035382
4.723 0.5004757144749677
4.727 0.4999578785216564
4.731 0.5003367084345463
4.736 0.5009974043453181
4.74 0.5014949747235198
4.744 0.5021236772010654
4.749 0.5023037604089176
4.753 0.5014869888475837
4.757 0.5010664557720421
4.762 0.5013061713600959
4.766 0.5014097687979171
4.77 0.5012725395567721
4.775 0.5004922205147906
4.779 0.4995017947394327
4.784 0.49858329731546847
4.788 0.4975688816855753
4.792 0.4972498438776001
4.797 0.4979048853990323
4.801 0.49836852207293664
4.806 0.4984955105074505
4.81 0.4984217285373085
4.815 0.49868533214873156
4.819 0.49923123123123125
4.824 0.4996993963879469
4.828 0.5003549299163809
4.833 0.501047385148801
4.837 0.5006211329948259
4.842 0.4996802876204954
4.846 0.4993975032534825
4.851 0.49996993783143545
4.855 0.5007573753937149
4.86 0.5011110176922061
4.864 0.5010983734469721
4.869 0.5008527709048981
4.873 0.500282380649115
4.878 0.4999579483605867
4.883 0.5003430717561662
4.887 0.5008797300554351
4.892 0.5005423124201595
4.896 0.49960886257236037
4.901 0.4988268983191559
4.906 0.49825017137496846
4.91 0.4977561210371172
4.915 0.4976145727916727
4.92 0.4978834255942689
4.924 0.49845119143755956
4.929 0.4986430251492673
4.934 0.49857037725150505
4.938 0.498569376199732
4.943 0.49885315563281657
4.948 0.49958357976559764
4.953 0.500735099178135
4.957 0.5019262719414412
4.962 0.5028705542516699
4.967 0.5030694785497618
4.972 0.502926788225537
4.976 0.5031429155198731
4.981 0.5034842368319877
4.986 0.5039161040770728
4.991 0.5040505994887243
4.996 0.5035027110023511
5.0 0.5025678474375397
5.005 0.5015244449227018
5.01 0.5010091841731258
5.015 0.5008479839480221
5.02 0.5003999952239376
5.025 0.5002148945822689
5.029 0.5001312116802252
5.034 0.49989270386266094
5.039 0.4997558215710797
5.044 0.4997914506691454
5.049 0.49971995471608177
5.054 0.5000476758045291
5.059 0.5002084946684935
5.064 0.5003098114916232
5.069 0.500292129204574
5.074 0.4995222054994148
5.079 0.49895436240006696
5.084 0.4989484501589274
5.089 0.4991345247048431
5.094 0.49939720925791087
5.099 0.49929552238805974
5.104 0.49907466001217865
5.109 0.4990932735212007
5.114 0.49918293832078925
5.119 0.4998986877078392
5.124 0.5008891594161385
5.129 0.5012482828644806
5.134 0.5007652024199527
5.139 0.5003346080305928
5.144 0.50012545252518
5.149 0.5004420232719279
5.154 0.500603352489277
5.16 0.5007637778361219
5.165 0.5007336888443505
5.17 0.5002680901259428
5.175 0.5000595620994449
5.18 0.5003869554346402
5.185 0.501125603001608
5.191 0.5015298893955449
5.196 0.5012688994531223
5.201 0.5007270386879931
5.206 0.4999343589253959
5.211 0.4988115571587257
5.217 0.49829669738587873
5.222 0.4982132826598783
5.227 0.49808694820412275
5.232 0.4974169476931908
5.238 0.49642716075981186
5.243 0.4957927872933798
5.248 0.4959263874245184
5.254 0.49663319834176034
5.259 0.49754704986265874
5.264 0.4978476781377005
5.27 0.4973897737000108
5.275 0.49711686933024507
5.28 0.4971755504055619
5.286 0.49777230412576523
5.291 0.49840966536456766
5.297 0.49859584563985854
5.302 0.49796844109692057
5.307 0.4971307945212127
5.313 0.49699262708575864
5.318 0.4979081527472927
5.324 0.4987972592088638
5.329 0.49900308799572063
5.335 0.49891120545978757
5.34 0.4990095881588062
5.346 0.499185806294811
5.351 0.4996173329931849
5.357 0.5007964009970212
5.362 0.5015569882009489
5.368 0.5012352289737256
5.373 0.5004076169617327
5.379 0.49984163336906734
5.385 0.49952445983514604
5.39 0.49886970441242967
5.396 0.49817910739600135
5.401 0.4977011494252873
5.407 0.49699126733690463
5.413 0.49633144198786927
5.418 0.4962493280555148
5.424 0.49659606194311684
5.43 0.4968004013263345
5.435 0.49684848187570513
5.441 0.4970103257332989
5.447 0.4970433154289656
5.453 0.4966662550932213
5.458 0.4961376578360981
5.464 0.49537410742005583
5.47 0.49419901551498535
5.476 0.4931241888789059
5.481 0.4924675843805431
5.487 0.4921450906816761
5.493 0.4916247380770148
5.499 0.4914317302377004
5.505 0.49212623204642436
5.511 0.4927874309636093
5.516 0.4930813791707773
5.522 0.49315782117581286
5.528 0.49299394001380764
5.534 0.49289719866028464
5.54 0.4922466642625315
5.546 0.49171306403482706
5.552 0.49108337338130437
5.558 0.4896404154271698
5.564 0.48764825371862913
5.57 0.48578984763558847
5.576 0.48457724598400215
5.582 0.4840960748607659
5.588 0.48316579546977617
5.594 0.4811352614586569
5.6 0.47855983191672247
5.606 0.47620751341681566
5.612 0.4739983305509182
5.618 0.4718903477294155
5.624 0.4695652173913043
5.63 0.4670063951725831
5.636 0.46315419431383753
5.642 0.4591704904887067
5.649 0.4565040405258714
5.655 0.4554475124606305
5.661 0.454699499424805
5.667 0.45382806458231406
5.673 0.4533684159861381
5.68 0.4540022144066693
5.686 0.4550237413761727
5.692 0.4573149250977169
5.698 0.46117274167987327
5.704 0.46647456691283046
5.711 0.47183798775488844
5.717 0.47742263700792925
5.723 0.48385332109832707
5.73 0.49123303667793133
5.736 0.49867830468181734
5.742 0.5058220938269854
5.749 0.5130574883589172
5.755 0.5198499365929266
5.762 0.5260337308884568
5.768 0.5309762148470706
5.774 0.5346796944884057
5.781 0.5378829042993954
5.787 0.5404970588728192
5.794 0.5419615606698012
5.8 0.5435590991020249
5.807 0.5449182000829161
5.813 0.5453147555388188
5.82 0.5444442729475683
5.826 0.5426222019186844
5.833 0.540733182275176
5.839 0.5386921547092522
5.846 0.5357661024400967
5.853 0.5331075016647847
5.859 0.5306865910454583
5.866 0.5280965404460485
5.872 0.5261311479956182
5.879 0.5253223339160839
5.886 0.5260145122278957
5.892 0.5273378432152805
5.899 0.5283809075084743
5.906 0.529814107131291
5.913 0.5308987322280964
5.919 0.5309327593014812
5.926 0.5302901940949611
5.933 0.528805031446541
5.94 0.5256354157550602
5.947 0.5208063390810326
5.953 0.5154058503856105
5.96 0.5099716504375694
5.967 0.5045590094125443
5.974 0.4994002447980416
5.981 0.49493395834859244
5.988 0.49109355732721255
5.995 0.48816149189611396
6.002 0.4862770975389203
6.009 0.48617170791322945
6.016 0.48704796731007566
6.023 0.4879725508522517
6.03 0.4894556941719419
6.037 0.491547432076475
6.044 0.493796679983127
6.051 0.49579664726657713
6.058 0.49720000000000003
6.065 0.4988849632914881
6.072 0.5
6.079 0.5003516792685071
6.086 0.5015446827749033
6.093 0.5027008735539986
6.1 0.5034923893450831
6.108 0.5038384241864414
6.115 0.5045683130850429
6.122 0.5066330066330067
6.129 0.5093138585280402
6.137 0.5115848348440432
6.144 0.5136456410945845
6.151 0.5147392014032695
6.158 0.5146444023139372
6.166 0.5142832923624651
6.173 0.5138920780711825
6.18 0.5132530992233852
6.188 0.5108190627903889
6.195 0.5067767001987832
6.203 0.5022784810126583
6.21 0.49748798207250505
6.217 0.4936689035336072
6.225 0.49156559822889595
6.232 0.4896230053512028
6.24 0.4881464608116089
6.247 0.4874026568941823
6.255 0.48776613029402205
6.263 0.4888478305498194
6.27 0.4906028239967061
6.278 0.49311402014696587
6.285 0.4958241758241758
6.293 0.4973873365552094
6.301 0.4986009179941582
6.308 0.5001168957413036
6.316 0.5007703780399118
6.324 0.5003892396851485
6.331 0.5000061684987107
6.339 0.5005243870840377
6.347 0.5010714285714286
6.355 0.5003698042502835
6.362 0.49927248514143374
6.37 0.4986399604352127
6.378 0.4976133946678537
6.386 0.49631318701746124
6.394 0.4953481150239116
6.402 0.4945580269103073
6.41 0.4929565130360806
6.418 0.4908629951302776
6.426 0.4893827966165508
6.433 0.48905532129145957
6.441 0.48916252428654344
6.449 0.4891897711296594
6.458 0.4897094814796028
6.466 0.49084644918507964
6.474 0.49192233207624086
6.482 0.492559295118078
6.49 0.4930786054290493
6.498 0.4929405816079137
6.506 0.49241122565864825
6.514 0.49193833117570906
6.523 0.49145472908277693
6.531 0.49072377009190526
6.539 0.4899557551343855
6.547 0.48931920690977865
6.555 0.48934650636828947
6.564 0.4901167954819636
6.572 0.4921154457754691
6.58 0.4943209022716391
6.589 0.4957612433686119
6.597 0.49683683978225696
6.606 0.49784228583681794
6.614 0.4984569357034082
6.622 0.498275605566751
6.631 0.4976303317535545
6.639 0.4966190936177739
6.648 0.49437203386353384
6.656 0.4911345574129899
6.665 0.488572096927332
6.674 0.4866178033596975
6.682 0.4845133357386695
6.691 0.48272596883572616
6.699 0.48175704077343423
6.708 0.4823889739663094
6.717 0.4820860716557134
6.726 0.48138044698293614
6.734 0.4824238605936511
6.743 0.48419916534753205
6.752 0.48635824436536174
6.761 0.48929450963349264
6.769 0.49142049758200784
6.778 0.4926530851188385
6.787 0.49249435416020904
6.796 0.49296336222809645
6.805 0.49556344276841174
6.814 0.49758289341004797
6.823 0.4980857181164062
6.832 0.4979033918791876
6.841 0.49635222387008815
6.85 0.49439396434291877
6.859 0.4943874110153616
6.868 0.4956172552780233
6.877 0.4965218572226162
6.886 0.4957249463730022
6.895 0.4944099941157834
6.905 0.4949654580755859
6.914 0.4950921171851405
6.923 0.4952957192557858
6.932 0.4969635320195548
6.942 0.49745126980021004
6.951 0.4965969784831374
6.96 0.496690454815198
6.97 0.4978482480771579
6.979 0.49911472006838026
6.988 0.49924357034795774
6.998 0.4988952717631463
7.007 0.49904499961799986
7.017 0.4994267194594346
7.026 0.49959488175133376
7.036 0.5002598673148062
7.045 0.4998847377399376
7.055 0.4983941605839416
7.065 0.49676832184120817
7.074 0.49482465626448324
7.084 0.4931897862306476
7.094 0.4921907716169057
7.103 0.4909600997506235
7.113 0.4895867510350754
7.123 0.4879267929613439
7.133 0.48816040539272426
7.142 0.4906913019650826
7.152 0.4927271021021021
7.162 0.4939103924064558
7.172 0.4956461492433905
7.182 0.4975900377692442
7.192 0.4992741731885888
7.202 0.5012982078399089
7.212 0.5032182377374044
7.222 0.5040059890731272
7.232 0.5027560936753226
7.242 0.5003507653061224
7.252 0.4994359259553508
7.262 0.5003576935917206
7.273 0.5009512635951423
7.283 0.5008955886315722
7.293 0.5005366839247379
7.303 0.5009928452107039
7.314 0.5023438847341768
7.324 0.5032263128974016
7.334 0.5044906418791608
7.345 0.5054058313632782
7.355 0.504555341887078
7.366 0.5028353894514035
7.376 0.5016874842291194
7.387 0.5009790916556124
7.397 0.49956600647044896
7.408 0.49698571179923734
7.418 0.49419862029772516
7.429 0.49299272382157544
7.44 0.49258539820912495
7.45 0.4925949367088608
7.461 0.4936328403068892
7.472 0.4946982443887108
7.483 0.49531983754283543
7.493 0.4959804264243272
7.504 0.4977708673785083
7.515 0.5006994563316695
7.526 0.5035679172877486
7.537 0.5050736029727025
7.548 0.505665879518836
7.559 0.5061313197011279
7.57 0.5059216567972387
7.581 0.5054666053095098
7.592 0.5046408681993432
7.603 0.5027872455642979
7.614 0.5008193982593754
7.626 0.497895743663319
7.637 0.4948219086556052
7.648 0.4929294539657234
7.659 0.49153784860557764
7.671 0.4897730725560122
7.682 0.48820335399548315
7.693 0.4873090727656082
7.705 0.4882957671702302
7.716 0.48983483629076574
7.728 0.4909187947793178
7.739 0.49274020658740986
7.751 0.4944002860811756
7.763 0.4952741637963402
7.774 0.49673671844406736
7.786 0.49870691066225814
7.798 0.5006716686871334
7.809 0.5012437196277078
7.821 0.5002140692925833
7.833 0.49887573573176375
7.845 0.49843850691518365
7.857 0.4979646544876886
7.869 0.4975717731011926
7.881 0.49820551411607095
7.893 0.49903736979809443
7.905 0.4995400788436268
7.917 0.5005964344657418
7.929 0.5013274771378938
7.941 0.5038302598696568
7.953 0.5070977016188314
7.965 0.5092648326798874
7.978 0.5111677847988175
7.99 0.512707271697808
8.002 0.512754152985135
8.015 0.5122316043425815
8.027 0.5117675389308075
8.039 0.5133825748550552
8.052 0.5158048023806132
8.064 0.515966544792631
8.077 0.5152560899437852
8.09 0.5145236581318529
8.102 0.5129697269856993
8.115 0.5118370993330561
8.128 0.5120900093888042
8.14 0.5124609638111566
8.153 0.510878571209378
8.166 0.5072795182559647
8.179 0.5041841640800926
8.192 0.5032181060010879
8.205 0.5028700564971751
8.218 0.5029141632830408
8.231 0.5039140261334211
8.244 0.5050861593911502
8.257 0.5043352601156069
8.27 0.5042355310704342
8.283 0.5059647456822363
8.297 0.5077517086304328
8.31 0.5071612356291922
8.323 0.5054493080715091
8.337 0.504689262183178
8.35 0.5044658015560182
8.364 0.5024017499519651
8.377 0.5008977453346677
8.391 0.500132892327683
8.404 0.499433981681589
8.418 0.49880948881507386
8.432 0.5004729955902257
8.445 0.5045620968210612
8.459 0.50806381687332
8.473 0.5096243962223345
8.487 0.5116475161493168
8.501 0.5150858072155095
8.515 0.5192185447302623
8.529 0.5230309943249828
8.543 0.5252861195343832
8.557 0.5263297464026016
8.571 0.5246599579785469
8.585 0.5222714391834264
8.599 0.5207867618995693
8.614 0.5195078847199566
8.628 0.5175132410614413
8.642 0.5148799527066062
8.657 0.5109632783395422
8.671 0.507230610024677
8.686 0.5041485839412206
8.7 0.5014739903496596
8.715 0.49924800126652413
8.73 0.4973388057725408
8.744 0.4953506802271826
8.759 0.49312270369928246
8.774 0.4912424812528153
8.789 0.4898766023721097
8.804 0.48932888315625706
8.819 0.4895934850811027
8.834 0.49059671851466813
8.849 0.49158993741037077
8.864 0.49295887878016426
8.879 0.4944620146692685
8.894 0.49648237157971065
8.91 0.49842828811569967
8.925 0.5002291413937189
8.94 0.502198114356054
8.956 0.5040499198102399
8.971 0.5052546374367622
8.987 0.5060787418480449
9.002 0.5071815335832427
9.018 0.508785281315923
9.034 0.5089939594804084
9.05 0.5082645177590724
9.065 0.5083570649136347
9.081 0.5087431332318485
9.097 0.5084992586316459
9.113 0.5083152566883586
9.129 0.5084265238620256
9.145 0.508041898749038
9.161 0.5073027475037525
9.178 0.5073241366827413
9.194 0.508123256534766
9.21 0.5087777920575761
9.227 0.5088014812719394
9.243 0.5085608337062848
9.26 0.508226105883106
9.276 0.5085915457156656
9.293 0.5094970369244795
9.309 0.5109495466988121
9.326 0.5117579076953999
9.343 0.5116061982699608
9.36 0.5116123186157073
9.377 0.5115306311308533
9.394 0.5115900170332519
9.411 0.512131694511911
9.428 0.5118907087698589
9.445 0.509799838302668
9.462 0.5069480185280493
9.48 0.5058833529647483
9.497 0.5064750990344894
9.514 0.5061928616907535
9.532 0.5063597384243179
9.55 0.5069104143869831
9.567 0.5064891767675566
9.585 0.5055426595291108
9.603 0.5062798723863515
9.62 0.5083928887838876
9.638 0.5095086787441905
9.656 0.5071747128340411
9.674 0.5037449404726577
9.692 0.5008529188779378
9.71 0.49759361148411774
9.729 0.4954181663193787
9.747 0.49406503484859304
9.765 0.49240136038242915
9.784 0.48947569843092226
9.802 0.4857265764097173
9.821 0.48399414039048066
9.839 0.4856207033077782
9.858 0.4877795613918627
9.877 0.48969246367015884
9.896 0.49132631988143544
9.915 0.4929906825148729
9.934 0.49462875774055015
9.953 0.49616723042854016
9.972 0.4984559580412725
9.991 0.5009085774623677
10.01 0.5021675497424877
10.03 0.5022932677528434
10.049 0.5019287413268262
10.069 0.5009348553434363
10.088 0.4993563241155646
10.108 0.49793934009525925
10.128 0.49814227346228385
10.148 0.499017150719937
10.167 0.49994467870621934
10.187 0.5006670501695164
10.207 0.500650913735508
10.228 0.5012027596312352
10.248 0.5033716633945883
10.268 0.507080781427776
10.289 0.5115214627353635
10.309 0.5141759869015086
10.33 0.5148527944411719
10.35 0.5148351648351649
10.371 0.5148872718597161
10.392 0.5157505948646313
10.412 0.5169336872541119
10.433 0.5168102839384093
10.454 0.5156919106001056
10.476 0.5133471179982809
10.497 0.5107137065950104
10.518 0.5091483737501438
10.539 0.508396753790879
10.561 0.5079174801064036
10.582 0.5067029337478143
10.604 0.5048247956991692
10.626 0.5026564210142285
10.648 0.5010739490641302
10.67 0.4996869842353878
10.692 0.49867840410205216
10.714 0.497607328411266
10.736 0.4969853867902033
10.758 0.4961950154133157
10.78 0.49521756396437283
10.803 0.49430269296134494
10.825 0.4943360998212597
10.848 0.494131145660031
10.871 0.4925711523633057
10.894 0.4906128890023439
10.917 0.48977436278378755
10.94 0.48827127223302785
10.963 0.48585121753532795
10.986 0.48419633671912876
11.009 0.484126421293998
11.033 0.48462938077513107
11.056 0.4852953378931022
11.08 0.4873095238095238
11.104 0.4909367714924592
11.127 0.49429494079655545
11.151 0.49736754335810945
11.175 0.5013103885691036
11.2 0.5056060243844132
11.224 0.5084981755329365
11.248 0.5105221017913266
11.273 0.511407915402784
11.297 0.5121021081860542
11.322 0.5120107769154656
11.347 0.5104954816062236
11.372 0.5083511777301927
11.397 0.5057995028997514
11.422 0.5037375759657873
11.447 0.5023471416638234
11.472 0.5007247999434302
11.498 0.49984194813557337
11.523 0.4994837013916595
11.549 0.4981137364370059
11.575 0.49689579233436426
11.6 0.4972671213678408
11.626 0.4979144391309967
11.653 0.49771394318355444
11.679 0.49670363487873875
11.705 0.49535515896466137
11.732 0.4940277000392993
11.758 0.4925355393904816
11.785 0.49115403925693935
11.812 0.49069109234866315
11.839 0.490682707778018
11.866 0.4916120404532483
11.893 0.49226603405101665
11.92 0.4935839940683338
11.948 0.4948114797515289
11.976 0.49666138252389874
12.003 0.4979304335197153
12.031 0.4989237950131805
12.059 0.49973213198587607
12.087 0.5002736460601048
12.115 0.49984701807634413
12.144 0.4992215816487874
12.172 0.49882898267870224
12.201 0.4993449622746791
12.23 0.4992202539048222
12.259 0.4990369823022785
12.288 0.5004067953030321
12.317 0.5026578753872302
12.346 0.5036161772531565
12.376 0.5041049319461356
12.405 0.5037484356204663
12.435 0.5023823090818714
12.465 0.5009762288280373
12.495 0.49981166235312696
12.525 0.4985191168551428
12.555 0.4964676835826733
12.586 0.49284975878704346
12.617 0.4905503634475597
12.647 0.4890862913021606
12.678 0.4889453807702178
12.709 0.4898672343148233
12.741 0.4914896489096688
12.772 0.49182417963286174
12.803 0.4919156610135995
12.835 0.4927776255821482
12.867 0.49514647575723675
12.899 0.49583926076064105
12.931 0.4928577743536633
12.964 0.49039912045204676
12.996 0.4906873416593464
13.029 0.4894981150462903
13.061 0.48870193535209105
13.094 0.4887278997349254
13.128 0.48937070468766025
13.161 0.4903013910355487
13.194 0.4924125629101102
13.228 0.49701164691458927
13.262 0.5027016694278068
13.296 0.5039248904005069
13.33 0.5037019868402415
13.364 0.5044011113130631
13.399 0.5049657312815208
13.434 0.5033020780205841
13.469 0.5005496087309272
13.504 0.49745207794265206
13.539 0.49562800167049487
13.574 0.49402602805621637
13.61 0.49516240497581193
13.646 0.49730378244491463
13.682 0.4980817840050297
13.718 0.4978610109469712
13.754 0.5000832149121123
13.791 0.5042699813228569
13.828 0.5094830792116029
13.865 0.5121948062035575
13.902 0.5112921283249044
13.939 0.5076893178726437
13.977 0.5052491592394154
14.015 0.506010046645138
14.053 0.5085580453221927
14.091 0.5090051621948888
14.129 0.5063940558026688
14.168 0.5010005735772098
14.207 0.4957545912604231
14.246 0.49298391747292875
14.285 0.4959339279144412
14.324 0.49779566309529905
14.364 0.49714285714285716
14.404 0.49334068979675627
14.444 0.49186009740054387
14.484 0.49246333341806264
14.525 0.49638063640476554
14.566 0.49906966074478115
14.607 0.5032555891853396
14.648 0.5019677903785408
14.69 0.5003323363243602
14.731 0.4991489581184238
14.773 0.5015121932544696
14.815 0.5034161209913854
14.858 0.5050848320541703
14.901 0.5044379076608262
14.944 0.5067682317682318
14.987 0.5063284756189804
15.03 0.47758415841584156
15.074 0.44834748957844267
15.118 0.4115781245302306
15.162 0.3697082193565195
15.206 0.31915041058868365
15.251 0.2563721001221001
15.296 0.18421593618945808
15.341 0.09199318568994887
15.387 0.0
