0.35 1.0
0.351 1.0
0.352 0.9
0.353 0.8181818181818181
0.354 0.7500000000000001
0.355 0.6923076923076924
0.356 0.6428571428571429
0.357 0.6
0.358 0.5625
0.359 0.5294117647058824
0.36 0.5
0.361 0.5
0.362 0.5
0.363 0.5
0.364 0.5
0.365 0.5
0.366 0.5
0.367 0.5
0.368 0.5
0.369 0.5
0.37 0.5
0.371 0.5
0.372 0.5
0.373 0.5
0.374 0.5
0.375 0.5
0.376 0.5
0.377 0.5
0.378 0.5
0.379 0.5
0.38 0.5
0.381 0.5
0.382 0.5
0.383 0.5
0.384 0.5
0.385 0.5
0.386 0.5
0.387 0.5
0.388 0.5
0.389 0.5
0.39 0.5
0.391 0.5
0.392 0.5
0.393 0.5
0.394 0.5
0.395 0.5
0.396 0.5
0.397 0.5
0.398 0.5
0.399 0.5
0.4 0.5
0.401 0.5
0.402 0.5
0.403 0.5
0.404 0.5
0.405 0.5
0.406 0.5
0.407 0.5
0.408 0.5
0.409 0.5
0.41 0.5
0.411 0.5
0.412 0.5
0.413 0.5
0.414 0.5
0.415 0.5
0.416 0.5
0.417 0.5
0.418 0.5
0.419 0.5
0.42 0.5
0.421 0.5
0.422 0.5
0.423 0.5
0.424 0.5
0.425 0.5
0.426 0.5
0.427 0.5
0.428 0.5
0.429 0.5
0.43 0.5
0.431 0.5
0.432 0.5
0.433 0.5
0.434 0.5
0.435 0.5
0.436 0.5
0.437 0.5
0.438 0.5
0.439 0.5
0.44 0.5
0.441 0.5
0.442 0.5
0.443 0.5
0.444 0.5
0.445 0.5
0.446 0.5
0.447 0.5
0.448 0.5
0.449 0.5
0.45 0.5
0.451 0.5
0.452 0.5
0.453 0.5
0.454 0.5
0.455 0.5
0.456 0.5
0.457 0.5
0.458 0.5
0.459 0.5
0.46 0.5
0.461 0.5
0.462 0.5
0.463 0.5
0.464 0.5
0.465 0.5
0.466 0.5
0.467 0.5
0.468 0.5
0.469 0.5
0.47 0.5
0.471 0.5
0.472 0.5
0.473 0.5
0.474 0.5
0.475 0.5
0.476 0.5
0.477 0.5
0.478 0.5
0.479 0.5
0.48 0.5
0.481 0.5
0.482 0.5
0.483 0.5
0.484 0.5
0.485 0.5
0.486 0.5
0.487 0.5
0.488 0.5
0.489 0.5
0.49 0.5
0.491 0.5
0.492 0.5
0.493 0.5
0.494 0.5
0.495 0.5
0.496 0.5
0.497 0.5
0.498 0.5
0.499 0.5
0.5 0.5
0.501 0.5002981660334547
0.502 0.5013120147850689
0.503 0.5030637306072586
0.504 0.5055836208783442
0.505 0.5089175879940435
0.506 0.5130471966178614
0.507 0.5179459727574451
0.508 0.523588464589277
0.509 0.5299305092257515
0.51 0.5366796323118099
0.511 0.5431659442027122
0.512 0.5489238544534873
0.513 0.5538685887508312
0.514 0.5578984662224444
0.515 0.5609511829536733
0.516 0.5630202744812253
0.517 0.564095088935733
0.518 0.5641697097718382
0.519 0.5632376515257915
0.52 0.5615578246098815
0.521 0.559490602608048
0.522 0.5570853134193257
0.523 0.5544150756085021
0.524 0.5515463245739407
0.525 0.5485080988917307
0.526 0.5453483552507631
0.527 0.5421277086214846
0.528 0.5388972396552912
0.529 0.5357102935070743
0.53 0.5326134470659122
0.531 0.5296430390872006
0.532 0.526819385766293
0.533 0.5241598356758402
0.534 0.5216942499029908
0.535 0.5194490917782026
0.536 0.5174272567630648
0.537 0.5156256321420558
0.538 0.5140637958183087
0.539 0.5127504983642034
0.54 0.5116609075251579
0.541 0.5107569950103638
0.542 0.5100148739291487
0.543 0.5093990985410035
0.544 0.508863147889372
0.545 0.5083418165365908
0.546 0.5077850768992204
0.547 0.5071348466684714
0.548 0.5063310235944216
0.549 0.5053385270709562
0.55 0.5041482813762986
0.551 0.5027610204759656
0.552 0.5011697644734311
0.553 0.49937193622091053
0.554 0.49740604124411936
0.555 0.4953293329122364
0.556 0.4931705378091549
0.557 0.4909736336946703
0.558 0.4887850599712365
0.559 0.4866393130518023
0.56 0.4845555563505749
0.561 0.48255407983299137
0.562 0.48066706769968914
0.563 0.4789320150858528
0.564 0.47735428897436366
0.565 0.47593801281622894
0.566 0.47469585189570346
0.567 0.4736300527739421
0.568 0.47275006018180643
0.569 0.47209354395392295
0.57 0.4716788304084443
0.571 0.4715053275990523
0.572 0.47155423817947123
0.573 0.4718084999295364
0.574 0.47226212324056854
0.575 0.47290557348738715
0.576 0.4737307778580864
0.577 0.4747081875319923
0.578 0.4757786713331158
0.579 0.4768862900431604
0.58 0.4779990416535361
0.581 0.4790892739712306
0.582 0.48016390634675943
0.583 0.48122371275512466
0.584 0.4822443498666095
0.585 0.4831944856344307
0.586 0.4840853366145828
0.587 0.4849431184474682
0.588 0.4857808836459555
0.589 0.4866016126878284
0.59 0.48740834012295386
0.591 0.4881730035546126
0.592 0.4888732012454534
0.593 0.4894814216402312
0.594 0.4899906110374567
0.595 0.49037459005516487
0.596 0.49059585751212703
0.597 0.49063767118047585
0.598 0.490492269415319
0.599 0.49017668458279856
0.6 0.4896735574243269
0.601 0.4889757988710361
0.602 0.4881169749807865
0.603 0.4871687621484634
0.604 0.4861866972749401
0.605 0.48520866086887293
0.606 0.48425614540795897
0.607 0.4833775557983456
0.608 0.4825935177256813
0.609 0.48192777228177175
0.61 0.48144479119615646
0.611 0.48120875770588206
0.612 0.4811966701352758
0.613 0.48136584139224464
0.614 0.48169284486123276
0.615 0.48221121428836894
0.616 0.48292187666987285
0.617 0.4838055809452121
0.618 0.48485930156463797
0.619 0.486037013470815
0.62 0.48729119293335665
0.621 0.4885881861915955
0.622 0.4898900201868665
0.623 0.4911505404926458
0.624 0.4923260791016983
0.625 0.49334211010760837
0.626 0.4941281835992163
0.627 0.49461665047262277
0.628 0.4947587917042381
0.629 0.4945165577896553
0.63 0.49384531528564773
0.631 0.4927303205501009
0.632 0.4912331952869474
0.633 0.4893805666384557
0.634 0.4871953726166833
0.635 0.48510855287210813
0.636 0.48327070922421994
0.637 0.48178973753769294
0.638 0.4807511051701463
0.639 0.48024508284219675
0.64 0.48037246160103225
0.641 0.48117158068571847
0.642 0.48264796363686757
0.643 0.48483556714059073
0.644 0.48736695526290447
0.645 0.4898213206288055
0.646 0.49211579394404115
0.647 0.4941936184968224
0.648 0.4960182674361511
0.649 0.4975436996706655
0.65 0.49871762498465416
0.651 0.4995350002051694
0.652 0.4999704185424911
0.653 0.5
0.654 0.5
0.655 0.5
0.656 0.5
0.657 0.5
0.658 0.5
0.659 0.5
0.66 0.5
0.661 0.5
0.662 0.5
0.663 0.5
0.664 0.5
0.665 0.5
0.666 0.5
0.667 0.5
0.668 0.5
0.669 0.5
0.67 0.5
0.671 0.5
0.672 0.5
0.673 0.5
0.674 0.5
0.675 0.5
0.676 0.5
0.677 0.5
0.678 0.5
0.679 0.5
0.68 0.5
0.681 0.500896756683362
0.682 0.503333795550386
0.683 0.5075331925136234
0.684 0.5136690743360812
0.685 0.5218474570739681
0.686 0.532074086067466
0.687 0.5442709049307731
0.688 0.5582613839630785
0.689 0.5737954596707222
0.69 0.5899719415725015
0.691 0.6053435935504798
0.692 0.6190906724815453
0.693 0.6308565554826904
0.694 0.6403846342371675
0.695 0.6475303393159035
0.696 0.6522566836680564
0.697 0.6546111564223824
0.698 0.6547093176991184
0.699 0.6527194224189913
0.7 0.6494173402939797
0.701 0.6452980620780238
0.702 0.6405900516076942
0.703 0.6355082886649145
0.704 0.6302100101994421
0.705 0.6248374390688883
0.706 0.6195056354172706
0.707 0.6142979470291778
0.708 0.6092725760688779
0.709 0.6044629859408127
0.71 0.5998949156040946
0.711 0.5955823684657071
0.712 0.5914869930507841
0.713 0.5875996347007433
0.714 0.5839207248606162
0.715 0.5804077837342007
0.716 0.5770458756663017
0.717 0.5738139536945769
0.718 0.5706911706411898
0.719 0.5676662674226681
0.72 0.5647016853006975
0.721 0.5617953203092522
0.722 0.558955408758452
0.723 0.556164915092617
0.724 0.5534264798771944
0.725 0.5507422928832039
0.726 0.5481126350140514
0.727 0.5455344539821579
0.728 0.5430165092034064
0.729 0.5405752988642648
0.73 0.5382239433828229
0.731 0.5359642184412817
0.732 0.5337920290795795
0.733 0.5317036035776326
0.734 0.5297012109535244
0.735 0.5277922267451254
0.736 0.5259750772070386
0.737 0.5242510043767965
0.738 0.5226120796601996
0.739 0.5210458959976669
0.74 0.5195473977057787
0.741 0.5181154988814671
0.742 0.5167586466938608
0.743 0.5154753623047397
0.744 0.5142614001750341
0.745 0.5131140778122786
0.746 0.5120227377306851
0.747 0.510991422605894
0.748 0.5100317930965188
0.749 0.5091366211637285
0.75 0.5083064697433042
0.751 0.5075446137692131
0.752 0.5068416458083703
0.753 0.5061912160694795
0.754 0.5055930949078292
0.755 0.5050501958579953
0.756 0.504556183987633
0.757 0.5040996708806023
0.758 0.5036827885327604
0.759 0.5033115510548057
0.76 0.5029773128211166
0.761 0.5026663788233025
0.762 0.5023771747179829
0.763 0.5021213710254088
0.764 0.5018813796539874
0.765 0.5016639178767749
0.766 0.501488947219199
0.767 0.501339473003518
0.768 0.5012016848251551
0.769 0.5010714125938229
0.77 0.5009536533593237
0.771 0.5008597530661485
0.772 0.5007837583744513
0.773 0.500723778964832
0.774 0.5006848235269459
0.775 0.5006500161706896
0.776 0.5006165755919855
0.777 0.500594996927139
0.778 0.500582546895025
0.779 0.5005823952825983
0.78 0.5005858998293249
0.781 0.500583038933539
0.782 0.5005965425991433
0.783 0.5006145678024655
0.784 0.5006239553406123
0.785 0.5006197430883198
0.786 0.5006077994570688
0.787 0.5006003883904323
0.788 0.500598879609307
0.789 0.5006050713421326
0.79 0.5006194313574759
0.791 0.5006292640922038
0.792 0.5006277406959213
0.793 0.5006166838370795
0.794 0.500627382148258
0.795 0.5006603056168125
0.796 0.5006927586110032
0.797 0.5007088883272138
0.798 0.5007159528422105
0.799 0.5007238864417293
0.8 0.5007322592324402
0.801 0.5007442677807609
0.802 0.5007562722652525
0.803 0.5007637550521334
0.804 0.5007590011021112
0.805 0.5007537947328367
0.806 0.5007571623218681
0.807 0.5007650618733628
0.808 0.5007752245984138
0.809 0.5007812887879869
0.81 0.5007882400184088
0.811 0.5007997069996238
0.812 0.5008156709829444
0.813 0.5008329892594869
0.814 0.5008471383845612
0.815 0.5008608255456625
0.816 0.5008681806392116
0.817 0.5008746444928007
0.818 0.5008797643401588
0.819 0.5008704837190303
0.82 0.5008643376619172
0.821 0.5008640330292583
0.822 0.5008542952491118
0.823 0.5008342595396253
0.824 0.5008115475992653
0.825 0.5007910895125417
0.826 0.5007643633432346
0.827 0.5007394591179617
0.828 0.5007244342011891
0.829 0.5007174977981786
0.83 0.5007042777588994
0.831 0.5006946324184501
0.832 0.500702904712284
0.833 0.500727756405376
0.834 0.5007566247195117
0.835 0.500785913001758
0.836 0.5008196618626368
0.837 0.5008569700829776
0.838 0.5008795031500253
0.839 0.5008980015108239
0.84 0.5009169310514322
0.841 0.5009300206373456
0.842 0.5009314678969544
0.843 0.5009284470829799
0.844 0.5009223075268683
0.845 0.5009045850149337
0.846 0.5008855381717784
0.847 0.5008758456479162
0.848 0.5008741959803025
0.849 0.5008645533141209
0.85 0.5008442440898461
0.851 0.5008190504000883
0.852 0.5007916497196964
0.853 0.5007700445122206
0.854 0.5007515680644944
0.855 0.5007278007435394
0.856 0.5006898452293113
0.857 0.5006394549479771
0.858 0.5006001846311864
0.859 0.500576930763867
0.86 0.5005514921370187
0.861 0.5005238521422889
0.862 0.5004940101820249
0.863 0.5004623984010423
0.864 0.5004307984989934
0.865 0.5004293726368979
0.866 0.500441709433246
0.867 0.5004332236897534
0.868 0.5003999148739959
0.869 0.5003697077269802
0.87 0.5003514849685881
0.871 0.5003301728332906
0.872 0.5003110847196249
0.873 0.500286240431328
0.874 0.5002432438898818
0.875 0.5001816403273424
0.876 0.5001271350493169
0.877 0.5000970066150537
0.878 0.5000730860102746
0.879 0.500031005774161
0.88 0.49999379899898133
0.881 0.49997165326988385
0.882 0.49996058189973985
0.883 0.499943309653303
0.884 0.49993090557981734
0.885 0.49991274050621143
0.886 0.49988571428571427
0.887 0.49986799089225753
0.888 0.4998586811003914
0.889 0.49984448947800747
0.89 0.49981123882276834
0.891 0.4997722236993707
0.892 0.49973055043936226
0.893 0.4997048254392604
0.894 0.4997043615317175
0.895 0.4997074364339162
0.896 0.4996994185211392
0.897 0.49967943289328887
0.898 0.49966077463995545
0.899 0.4996607313125041
0.9 0.49965978156823393
0.901 0.4996521745303025
0.902 0.4996379133157378
0.903 0.499612997599875
0.904 0.4995800982552328
0.905 0.4995494035701444
0.906 0.49952845017290165
0.907 0.4995097090051889
0.908 0.4994807375392556
0.909 0.49945042886097046
0.91 0.4994414291592642
0.911 0.4994297448297012
0.912 0.49941939040438177
0.913 0.49941792575240535
0.914 0.49939910528511583
0.915 0.49937537037333635
0.916 0.49935161162559916
0.917 0.4993314079782347
0.918 0.4993254380645282
0.919 0.49930163243418507
0.92 0.49926177002331856
0.921 0.4992178426361779
0.922 0.49916495839058544
0.923 0.4991120542097372
0.924 0.4990738179579381
0.925 0.49903821006206334
0.926 0.49898242483829974
0.927 0.4989091513358206
0.928 0.49883942193648956
0.929 0.4987856937194077
0.93 0.49872155481836955
0.931 0.49866222442225905
0.932 0.49861491131043817
0.933 0.49855364420722853
0.934 0.4984738847791975
0.935 0.49839670260852087
0.936 0.49832781925185055
0.937 0.4982479312110838
0.938 0.49814227009918083
0.939 0.49803148366288924
0.94 0.49791900277856593
0.941 0.4977881591010919
0.942 0.49763173021305857
0.943 0.4974617455241812
0.944 0.49728032583640713
0.945 0.4970748056660589
0.946 0.4968567427061474
0.947 0.49664694530726655
0.948 0.49644367647045456
0.949 0.4962324434047279
0.95 0.496042319784937
0.951 0.4958843603868775
0.952 0.4957596859744585
0.953 0.4956758083362942
0.954 0.4956536413479123
0.955 0.49569905806386416
0.956 0.4958016432831811
0.957 0.49594654599656923
0.958 0.4961372899587991
0.959 0.4963642360184066
0.96 0.49661790254452876
0.961 0.49689938061712285
0.962 0.49720549682992893
0.963 0.49751764753937044
0.964 0.4978186430519484
0.965 0.4980958005310367
0.966 0.4983624103606977
0.967 0.49860855764985945
0.968 0.49882905727228594
0.969 0.4990475764246494
0.97 0.4992607889830043
0.971 0.49944903041482747
0.972 0.4996038230839082
0.973 0.49974750656902955
0.974 0.4998898466628207
0.975 0.5000238048339684
0.976 0.5001535582097633
0.977 0.5003019512491075
0.978 0.500459619295238
0.979 0.5006004081095682
0.98 0.5007247742193054
0.981 0.500855091383812
0.982 0.5009983370370923
0.983 0.5011339833471238
0.984 0.5012578013018546
0.985 0.5013916660150505
0.986 0.5015262381787481
0.987 0.5016285221498539
0.988 0.5017134170590923
0.989 0.5018199071847336
0.99 0.5019100348974557
0.991 0.5020105306002108
0.992 0.5021324094744934
0.993 0.502283502240007
0.994 0.5024231677394185
0.995 0.5025315777612763
0.996 0.5026313604281035
0.997 0.5027493492991603
0.998 0.5028537914131217
0.999 0.502949475403564
1.0 0.5030304756427301
1.001 0.503051696192401
1.002 0.5030031585654886
1.003 0.5029206238723681
1.004 0.5028419252820198
1.005 0.5027762496321789
1.006 0.502704296476701
1.007 0.5026228614310347
1.008 0.5025503279903961
1.009 0.5024555919077375
1.01 0.502386186926913
1.011 0.5023538373677697
1.012 0.5023507396008233
1.013 0.502347188086797
1.014 0.5023400173294377
1.015 0.5023283455720728
1.016 0.5023117521599249
1.017 0.5022893347069644
1.018 0.5022669784325825
1.019 0.5022469418877556
1.02 0.5022273971196474
1.021 0.5022083029311184
1.022 0.5021910565342025
1.023 0.5021707072176689
1.024 0.5021450446820749
1.025 0.5021176677323741
1.026 0.5020935044924797
1.027 0.5020712013504877
1.028 0.5020498437575461
1.029 0.5020285353260043
1.03 0.502005930733109
1.031 0.5019762211083612
1.032 0.5019443458849583
1.033 0.5019134289216384
1.034 0.5018874877497996
1.035 0.5018647241160016
1.036 0.5018415682482349
1.037 0.5018162537390847
1.038 0.5017856794190685
1.039 0.5017472066865688
1.04 0.5017043822921504
1.041 0.5016594287171956
1.042 0.5016127890096661
1.043 0.5015653376998249
1.044 0.5015148715563967
1.045 0.5014600726457931
1.046 0.5014031524570621
1.047 0.5013480847488592
1.048 0.5012948729031086
1.049 0.501247482993677
1.05 0.5012019294315861
1.051 0.5011568844533577
1.052 0.501110585824118
1.053 0.50106258376372
1.054 0.5010146430541151
1.055 0.5009672047255864
1.056 0.5009180666193789
1.057 0.5008650283407711
1.058 0.5008116041830993
1.059 0.5007577886270239
1.06 0.5007048954683034
1.061 0.5006529225303906
1.062 0.5006040602323065
1.063 0.5005561091307155
1.064 0.500509505209932
1.065 0.5004655607771621
1.066 0.5004264629696024
1.067 0.5003908940957462
1.068 0.5003566583826112
1.069 0.5003220009445362
1.07 0.5002882324081861
1.071 0.5002527250062853
1.072 0.5002137253734061
1.073 0.500172983559117
1.074 0.5001313733595847
1.075 0.5000875793249736
1.076 0.5000394100059378
1.077 0.4999886148672318
1.078 0.49993519084544424
1.079 0.49987738185741964
1.08 0.499815622106778
1.081 0.4997551628232924
1.082 0.4996964379423661
1.083 0.49963725385395874
1.084 0.49957760796410544
1.085 0.49951924973157746
1.086 0.49946261350426835
1.087 0.4994072577604514
1.088 0.4993558130744073
1.089 0.49931046824995784
1.09 0.49926903535482065
1.091 0.4992315220778309
1.092 0.4991966101337754
1.093 0.499164737335802
1.094 0.49913414778792553
1.095 0.4991039639159809
1.096 0.4990759448485904
1.097 0.4990496495445266
1.098 0.49902332407690925
1.099 0.49899564279741204
1.1 0.49896395733952353
1.101 0.4989282703172725
1.102 0.4988916593732125
1.103 0.49885456200002826
1.104 0.498818740648731
1.105 0.4987819839539625
1.106 0.49874252491107607
1.107 0.4986990245113501
1.108 0.4986510330293591
1.109 0.49859853051347114
1.11 0.49854237984147615
1.111 0.49847769679687565
1.112 0.4984031334739379
1.113 0.498313769273267
1.114 0.4982068960620935
1.115 0.4980824433881156
1.116 0.49793632887886163
1.117 0.49776666150596416
1.118 0.49757109901757324
1.119 0.49734860002336195
1.12 0.4970967551864701
1.121 0.49681534925673604
1.122 0.49650101742195213
1.123 0.4961570464310564
1.124 0.49578132213382287
1.125 0.4953752986327009
1.126 0.4949426369338079
1.127 0.4944856246718709
1.128 0.4940051936571081
1.129 0.4935045358372002
1.13 0.49298728213589454
1.131 0.49245895231719977
1.132 0.49192696572086586
1.133 0.4913984295941449
1.134 0.4908818906933674
1.135 0.49038568349958894
1.136 0.48991499342100375
1.137 0.4894822278197592
1.138 0.48909385049605764
1.139 0.4887589661578984
1.14 0.4884854233726775
1.141 0.48828090526317786
1.142 0.48814651782812135
1.143 0.4880878973573344
1.144 0.48810829111026477
1.145 0.4882066858729487
1.146 0.48837938235568124
1.147 0.48862387037917837
1.148 0.4889352638544122
1.149 0.4893102346725642
1.15 0.48973918158204316
1.151 0.4902138924583317
1.152 0.49072623831643264
1.153 0.4912605139300842
1.154 0.49180825273099965
1.155 0.4923607797439362
1.156 0.49291268924852744
1.157 0.49345309966101014
1.158 0.493976953273395
1.159 0.49447520825230545
1.16 0.49494475565470863
1.161 0.4953825944974601
1.162 0.4957856457531018
1.163 0.4961560074474477
1.164 0.4964897100525108
1.165 0.4967869181005496
1.166 0.4970478077286471
1.167 0.4972721077651254
1.168 0.49746111282305494
1.169 0.49761617595623786
1.17 0.4977371032442772
1.171 0.497824796901783
1.172 0.4978837676180226
1.173 0.4979170248776213
1.174 0.49792913977658554
1.175 0.4979231627279566
1.176 0.4979031785694257
1.177 0.49787330025133725
1.178 0.49783765057640106
1.179 0.49779933839584417
1.18 0.49776720812955094
1.181 0.49774127567075926
1.182 0.4977236402130101
1.183 0.49771537775938796
1.184 0.49771756351866475
1.185 0.4977323372992572
1.186 0.4977597266206495
1.187 0.49780293173099205
1.188 0.4978614675914753
1.189 0.4979348541795969
1.19 0.4980226229173958
1.191 0.4981274353594472
1.192 0.4982503738674789
1.193 0.498392523364486
1.194 0.4985544291153991
1.195 0.49873399574555105
1.196 0.4989312081934729
1.197 0.4991444768650088
1.198 0.4993742930461061
1.199 0.4996200848477174
1.2 0.49987810270823063
1.201 0.5001456387525725
1.202 0.5004205028095075
1.203 0.5006994423450625
1.204 0.5009802567123065
1.205 0.5012617983947647
1.206 0.501543978903696
1.207 0.5018230172910269
1.208 0.5020967293967142
1.209 0.502364512239859
1.21 0.5026252562250075
1.211 0.5028752512304523
1.212 0.5031134255014852
1.213 0.5033392423237192
1.214 0.5035490640336429
1.215 0.5037413510608322
1.216 0.5039109719802253
1.217 0.5040559466754347
1.218 0.5041769041769042
1.219 0.5042687967604651
1.22 0.5043343457680195
1.221 0.5043742478692212
1.222 0.504388142365107
1.223 0.504377197357195
1.224 0.5043416091883078
1.225 0.5042845816679059
1.226 0.5042124160925882
1.227 0.5041262503633884
1.228 0.5040281906918799
1.229 0.5039244417415297
1.23 0.5038144995812609
1.231 0.5037014581008371
1.232 0.5035883745805945
1.233 0.5034757408201999
1.234 0.5033671193301418
1.235 0.5032609520341118
1.236 0.5031572098549402
1.237 0.5030584032935098
1.238 0.5029619850036282
1.239 0.5028674221185604
1.24 0.5027751913977111
1.241 0.5026832769023243
1.242 0.5025911570557232
1.243 0.5024993159081181
1.244 0.5024077480521223
1.245 0.5023169406779152
1.246 0.5022268776536626
1.247 0.5021365494252438
1.248 0.5020474505648449
1.249 0.5019575783255652
1.25 0.5018669169172161
1.251 0.5017779529847909
1.252 0.5016906696325094
1.253 0.501603065956844
1.254 0.501515631721859
1.255 0.501428354398706
1.256 0.5013402324789785
1.257 0.5012507662307004
1.258 0.5011629151993909
1.259 0.5010766753375449
1.26 0.5009920310634989
1.261 0.5009094644704857
1.262 0.5008279759872116
1.263 0.5007475601635034
1.264 0.5006677139058592
1.265 0.5005869455787224
1.266 0.5005062359969389
1.267 0.5004240965951666
1.268 0.5003390319698251
1.269 0.5002515301831277
1.27 0.5001586173704303
1.271 0.500060777056908
1.272 0.4999594816016824
1.273 0.4998547198266916
1.274 0.49974647862266236
1.275 0.49963573170478554
1.276 0.49952197009618937
1.277 0.4994056672250692
1.278 0.4992858174422768
1.279 0.4991638845626374
1.28 0.49904083337622684
1.281 0.4989126796603757
1.282 0.49878039356333137
1.283 0.4986454350715843
1.284 0.4985067817203501
1.285 0.49836241291014116
1.286 0.4982142857142857
1.287 0.4980628514746779
1.288 0.4979060810192461
1.289 0.49774543586414666
1.29 0.49758086777835464
1.291 0.4974098019518512
1.292 0.49723119635286894
1.293 0.49704398774202263
1.294 0.49685161233487235
1.295 0.4966544874975567
1.296 0.49645004923655733
1.297 0.49623921072684474
1.298 0.4960208542678151
1.299 0.49579542933215
1.3 0.49556639695623583
1.301 0.4953371672405382
1.302 0.49510718559230943
1.303 0.49487483793351517
1.304 0.4946380314875644
1.305 0.49439818929722
1.306 0.49415676600062186
1.307 0.4939157483132336
1.308 0.4936776121796025
1.309 0.4934397698432407
1.31 0.4932001359662853
1.311 0.49295754218999455
1.312 0.49271085833266665
1.313 0.4924646785061493
1.314 0.4922194708173972
1.315 0.4919762433047979
1.316 0.49173605449333296
1.317 0.49149570827228933
1.318 0.49125514348809257
1.319 0.4910164620251012
1.32 0.4907801902632493
1.321 0.49055219952589685
1.322 0.4903325100651521
1.323 0.4901185216354583
1.324 0.48991138133971135
1.325 0.4897100632775096
1.326 0.48951524742181346
1.327 0.4893325115481293
1.328 0.48916310466395657
1.329 0.48900953038307365
1.33 0.4888725947651424
1.331 0.4887492314439035
1.332 0.48864531762960006
1.333 0.48856168493772223
1.334 0.48849752488404785
1.335 0.48845426297581784
1.336 0.488430565129858
1.337 0.4884233674391301
1.338 0.48843412988466955
1.339 0.48845976277340597
1.34 0.48850114436425307
1.341 0.488557292937738
1.342 0.48862264772845904
1.343 0.48869735299489214
1.344 0.48878215749955023
1.345 0.4888729847554125
1.346 0.4889681253634602
1.347 0.4890627473745316
1.348 0.4891513985546442
1.349 0.4892321876463265
1.35 0.4892976580500277
1.351 0.48934567987121325
1.352 0.48937223886597986
1.353 0.48936827707115765
1.354 0.48932902512585186
1.355 0.4892507107609645
1.356 0.48912768189876626
1.357 0.4889610503545548
1.358 0.4887449037921578
1.359 0.4884752401097066
1.36 0.48815099002349205
1.361 0.4877645561793016
1.362 0.48731528343005526
1.363 0.486803541779101
1.364 0.48622453616546135
1.365 0.4855817889525461
1.366 0.48487002543780344
1.367 0.48408182372380193
1.368 0.4832158652476416
1.369 0.4822625520417809
1.37 0.4812214437602505
1.371 0.48009570511711896
1.372 0.4788780749735298
1.373 0.47757277141020243
1.374 0.47617728803080595
1.375 0.47469070657494883
1.376 0.47311918536582587
1.377 0.47147658758576083
1.378 0.4697726465934971
1.379 0.4680326159461981
1.38 0.46626419549969506
1.381 0.4644843189644304
1.382 0.46271857854035986
1.383 0.46097979788501775
1.384 0.4592867194622601
1.385 0.45766347718292405
1.386 0.45611918642821503
1.387 0.45467297679125485
1.388 0.45333399065693825
1.389 0.45210920348221145
1.39 0.4510237709632232
1.391 0.450076340819949
1.392 0.44927049865762947
1.393 0.448624685515474
1.394 0.4481417442450752
1.395 0.44782949918110837
1.396 0.44770533897227166
1.397 0.44775843919298536
1.398 0.44800384183083114
1.399 0.44842896824139505
1.4 0.44901992478367225
1.401 0.44979015567393116
1.402 0.450724403728964
1.403 0.4518099138985205
1.404 0.4530420199385074
1.405 0.45439490173841035
1.406 0.4558592636608259
1.407 0.45741820362578156
1.408 0.4590484759869531
1.409 0.4607500469922425
1.41 0.4624987745540667
1.411 0.4642743985943854
1.412 0.46607191707147355
1.413 0.46786802631720636
1.414 0.4696515242406064
1.415 0.47141039476480545
1.416 0.47312629468946993
1.417 0.47480217634243527
1.418 0.4764258652686673
1.419 0.4779917290917829
1.42 0.4795018901231628
1.421 0.480952701575248
1.422 0.4823404474992256
1.423 0.4836691404091479
1.424 0.48493747121762165
1.425 0.48615043036405703
1.426 0.48730910719039666
1.427 0.4884151569883058
1.428 0.4894747935739881
1.429 0.49048575854717247
1.43 0.49144875411087985
1.431 0.49236345209661325
1.432 0.4932311392389372
1.433 0.49405498132275893
1.434 0.49483829567189375
1.435 0.495583038869258
1.436 0.4962897410480036
1.437 0.496952823570677
1.438 0.4975746192606901
1.439 0.498154460367978
1.44 0.49869960988296486
1.441 0.4992080303211248
1.442 0.49968090089693573
1.443 0.5001179130336351
1.444 0.5005203829767164
1.445 0.5008881106350069
1.446 0.5012303621318733
1.447 0.501551731720035
1.448 0.5018552584491169
1.449 0.5021455592569589
1.45 0.5024272377125987
1.451 0.5027111470092854
1.452 0.5030018761726079
1.453 0.5033039578792213
1.454 0.5036234369640463
1.455 0.5039632380869359
1.456 0.5043230442187442
1.457 0.5047102944050326
1.458 0.5051261732002674
1.459 0.5055733148019459
1.46 0.5060466291390524
1.461 0.5065409589718848
1.462 0.507057359818096
1.463 0.5075907328593645
1.464 0.5081359617733139
1.465 0.5086925906591073
1.466 0.5092481143887111
1.467 0.5097975415762834
1.468 0.5103331762926598
1.469 0.510848809932914
1.47 0.5113458866512155
1.471 0.5118155943929608
1.472 0.5122536448476916
1.473 0.5126603071796496
1.474 0.5130315500685871
1.475 0.5133719495376218
1.476 0.5136821919232468
1.477 0.5139597407969115
1.478 0.5142094874644013
1.479 0.5144263542992182
1.48 0.5146135576083979
1.481 0.5147773984141603
1.482 0.5149197487787858
1.483 0.5150423717055791
1.484 0.515147168749638
1.485 0.5152288647922465
1.486 0.5152935533802787
1.487 0.5153402981112757
1.488 0.5153734119794429
1.489 0.5153974382644202
1.49 0.5154085089860808
1.491 0.5154069398629789
1.492 0.5153955882005248
1.493 0.515369572085421
1.494 0.5153343506062116
1.495 0.5152901728140314
1.496 0.5152372821826218
1.497 0.5151796999225343
1.498 0.5151149036622773
1.499 0.5150443992940423
1.5 0.5149683664684566
1.501 0.5148845656284208
1.502 0.5147930603816048
1.503 0.5146966623640051
1.504 0.5145929377025779
1.505 0.5144856213105471
1.506 0.5143736694962148
1.507 0.5142535877235345
1.508 0.5141278301650138
1.509 0.5139954005948818
1.51 0.5138587662721195
1.511 0.5137227536201238
1.512 0.513583870409923
1.513 0.5134468019830285
1.514 0.5133092593791324
1.515 0.5131699980683083
1.516 0.5130324977467069
1.517 0.5128957304015166
1.518 0.5127595552325384
1.519 0.5126240668237542
1.52 0.5124869997130971
1.521 0.5123504838713274
1.522 0.5122146095919141
1.523 0.512074936610448
1.524 0.5119337565504871
1.525 0.5117878192534381
1.526 0.5116403141828698
1.527 0.5114945767620105
1.528 0.5113462521873658
1.529 0.5111986063765576
1.53 0.5110516613846227
1.531 0.5109021267716888
1.532 0.5107584095784823
1.533 0.5106215462033038
1.534 0.5104904070891696
1.535 0.5103680679832134
1.536 0.5102481099412816
1.537 0.5101335431383986
1.538 0.5100274151597978
1.539 0.5099265470525125
1.54 0.509833923703766
1.541 0.5097444321179097
1.542 0.5096528003907522
1.543 0.5095610745058287
1.544 0.5094653247778834
1.545 0.5093685108574924
1.546 0.509274647026159
1.547 0.5091777018794815
1.548 0.5090796200589455
1.549 0.5089795068558343
1.55 0.5088753655259622
1.551 0.5087732078517848
1.552 0.5086729698815156
1.553 0.5085765121076146
1.554 0.508485871170641
1.555 0.5083941655451789
1.556 0.5083003814865783
1.557 0.5082074738265598
1.558 0.5081124942795282
1.559 0.5080212058833676
1.56 0.5079298057909267
1.561 0.5078391936829354
1.562 0.5077483908940742
1.563 0.507655441713971
1.564 0.5075660222480115
1.565 0.5074829599221885
1.566 0.5074033920177666
1.567 0.5073300456129131
1.568 0.507261023927442
1.569 0.5071971204081405
1.57 0.5071402219836896
1.571 0.5070874787874755
1.572 0.5070397611015871
1.573 0.506995185812208
1.574 0.5069509365067145
1.575 0.5069097130823901
1.576 0.5068688430155824
1.577 0.5068264535528464
1.578 0.5067852875747197
1.579 0.5067416685200152
1.58 0.5066992220607277
1.581 0.5066588493004835
1.582 0.5066196240778176
1.583 0.5065815601821871
1.584 0.5065437669616046
1.585 0.5065070498230203
1.586 0.5064750193469603
1.587 0.5064449940427401
1.588 0.5064186779112722
1.589 0.5063934339609348
1.59 0.5063666069358068
1.591 0.5063382083390284
1.592 0.5063082494913549
1.593 0.506277624249187
1.594 0.5062472172751559
1.595 0.5062135130680686
1.596 0.506178266347312
1.597 0.5061398253952087
1.598 0.5060964478719264
1.599 0.5060499284454012
1.6 0.5060003084991516
1.601 0.5059476077058153
1.602 0.5058901595272861
1.603 0.5058279937712199
1.604 0.5057603001978114
1.605 0.5056879496783746
1.606 0.5056109504387173
1.607 0.5055319062814121
1.608 0.5054474773652855
1.609 0.505360201511335
1.61 0.5052709367035154
1.611 0.5051796879311181
1.612 0.5050873196659074
1.613 0.5049946539382655
1.614 0.5048975853649211
1.615 0.5047961113507416
1.616 0.5046926900671944
1.617 0.5045897943600236
1.618 0.5044890915570103
1.619 0.5043905298938105
1.62 0.5042940892157861
1.621 0.5041997498859387
1.622 0.5041099436551875
1.623 0.5040262495440516
1.624 0.5039535696439011
1.625 0.503891830905083
1.626 0.5038368875142439
1.627 0.503787872631259
1.628 0.5037407414620213
1.629 0.5036922403804863
1.63 0.503643174407974
1.631 0.503591135671409
1.632 0.5035329046624015
1.633 0.5034660676648598
1.634 0.5033842608536128
1.635 0.5032851278853355
1.636 0.5031663399999037
1.637 0.5030303321821279
1.638 0.5028827766905084
1.639 0.5027237080185005
1.64 0.502552333219328
1.641 0.5023710681781894
1.642 0.5021791288589404
1.643 0.5019780927424239
1.644 0.5017759245160407
1.645 0.5015749723444725
1.646 0.5013783789372882
1.647 0.5011829013517509
1.648 0.5009869048375818
1.649 0.5007911442678579
1.65 0.5005963659002584
1.651 0.5004041100131951
1.652 0.5002183014401544
1.653 0.5000381011649431
1.654 0.49986426438440323
1.655 0.49969596466521976
1.656 0.4995363504428488
1.657 0.4993869882701953
1.658 0.49925103925253245
1.659 0.4991316727335705
1.66 0.49902729610568775
1.661 0.49893632244216546
1.662 0.49885955871125365
1.663 0.498793827195855
1.664 0.4987367526184324
1.665 0.498685945832298
1.666 0.49863583483402124
1.667 0.4985840256406167
1.668 0.49852332288251194
1.669 0.49845291694606764
1.67 0.4983703727372945
1.671 0.49827084222694407
1.672 0.49815268472752694
1.673 0.49801662607035735
1.674 0.49785938113594647
1.675 0.49768245549014983
1.676 0.49748331309705063
1.677 0.4972602123013895
1.678 0.4970137672573666
1.679 0.49674383666310956
1.68 0.4964526413495299
1.681 0.4961431816528297
1.682 0.49581445966933513
1.683 0.4954703267464876
1.684 0.49511462070243484
1.685 0.4947528898603648
1.686 0.4943947688862337
1.687 0.4940458954387584
1.688 0.49371192430367083
1.689 0.49339538737470967
1.69 0.4931004700778628
1.691 0.49283055788770846
1.692 0.49258913670030535
1.693 0.492374767503129
1.694 0.49218511646052043
1.695 0.49201541896264833
1.696 0.4918574589769271
1.697 0.4917097128738035
1.698 0.4915688734799063
1.699 0.49143254143084697
1.7 0.49129912838249146
1.701 0.49116957487688595
1.702 0.49104315826065514
1.703 0.49093130684044456
1.704 0.49084289515938484
1.705 0.4907931606831009
1.706 0.490791237954967
1.707 0.49084479549368043
1.708 0.4909587881628327
1.709 0.4911356601932889
1.71 0.49137606280916085
1.711 0.4916806470411642
1.712 0.4920419258096687
1.713 0.49244807999474094
1.714 0.4928851177260886
1.715 0.4933345483198346
1.716 0.49378916480658097
1.717 0.4942390230762324
1.718 0.4946830148062018
1.719 0.49511911805024467
1.72 0.4955470737913486
1.721 0.49596480747298105
1.722 0.49637467658561435
1.723 0.49677733275718694
1.724 0.4971760963417404
1.725 0.49757620752904186
1.726 0.49796649127312403
1.727 0.49834401777560666
1.728 0.49869034025616793
1.729 0.4989943310202339
1.73 0.49924121369285135
1.731 0.49942262013520927
1.732 0.49952744044561365
1.733 0.4995473176513194
1.734 0.49947478607139983
1.735 0.49930877643357935
1.736 0.4990554923440829
1.737 0.4987220529293775
1.738 0.4983283667537653
1.739 0.4978851730705304
1.74 0.49741239366914297
1.741 0.4969272761071101
1.742 0.4964526199014474
1.743 0.4960002657262908
1.744 0.49558951537339885
1.745 0.49522415025045446
1.746 0.49491911377476466
1.747 0.49467563349929405
1.748 0.49450064681849065
1.749 0.49439266803811455
1.75 0.4943484663860834
1.751 0.49436013836061027
1.752 0.4944225500131367
1.753 0.4945342191916324
1.754 0.49468991196333817
1.755 0.49488520504493605
1.756 0.49511282960261366
1.757 0.49536440408144705
1.758 0.4956296560679815
1.759 0.49590379042011823
1.76 0.49618012369123277
1.761 0.4964538195358491
1.762 0.4967190786294059
1.763 0.49696909413310736
1.764 0.4971989573417962
1.765 0.4974027493082627
1.766 0.49757648237694774
1.767 0.49772384438743655
1.768 0.4978456898408889
1.769 0.4979486458752477
1.77 0.4980335860799861
1.771 0.49810623592212033
1.772 0.49816847696025074
1.773 0.4982318779561243
1.774 0.498304174147304
1.775 0.4983940612171101
1.776 0.4985063884782962
1.777 0.4986402023920823
1.778 0.49879357554773224
1.779 0.49896845706359916
1.78 0.4991667700130216
1.781 0.49938559461649085
1.782 0.49961714047552125
1.783 0.4998507161746117
1.784 0.5000775536477359
1.785 0.5002888828570321
1.786 0.5004846614349079
1.787 0.5006648549530726
1.788 0.5008284707108958
1.789 0.5009696737207766
1.79 0.5010874891299505
1.791 0.5011799872611712
1.792 0.5012539767317651
1.793 0.501314310804041
1.794 0.5013639096552431
1.795 0.5014085976627712
1.796 0.5014425917986629
1.797 0.5014630267282244
1.798 0.5014728208135526
1.799 0.5014758475760819
1.8 0.5014730846527508
1.801 0.5014664733194293
1.802 0.5014550661708664
1.803 0.5014369419106134
1.804 0.5014111531081896
1.805 0.5013815445629785
1.806 0.5013538894073997
1.807 0.5013253333486883
1.808 0.5012930009131579
1.809 0.5012549733953311
1.81 0.5012103010707762
1.811 0.5011599461309905
1.812 0.501106787787803
1.813 0.5010479612129936
1.814 0.5009815626937295
1.815 0.5009028067343261
1.816 0.5008136019717658
1.817 0.5007187451016374
1.818 0.5006191903131115
1.819 0.5005120660335901
1.82 0.5003945003028005
1.821 0.5003046585055115
1.822 0.5002959721060611
1.823 0.5003216416129802
1.824 0.5003415900156483
1.825 0.5003510606228274
1.826 0.5003452906927943
1.827 0.500322381272128
1.828 0.5002813773948077
1.829 0.5002289438438909
1.83 0.500122140201684
1.831 0.49986538479898424
1.832 0.49945265410222855
1.833 0.49897445994276857
1.834 0.49846971372169446
1.835 0.49794293043869475
1.836 0.49739286405525096
1.837 0.49682109092025284
1.838 0.4962175640267095
1.839 0.4955721907026587
1.84 0.49492823593580454
1.841 0.4943356209762627
1.842 0.4937393008466371
1.843 0.49309452883170146
1.844 0.49240128093249397
1.845 0.49165256208297015
1.846 0.49083711605535
1.847 0.48995436577886414
1.848 0.48901830381604794
1.849 0.48802394614502437
1.85 0.48696817862165964
1.851 0.48585055388361414
1.852 0.4846735009014399
1.853 0.4834279320516733
1.854 0.4821169558055872
1.855 0.48074648524017616
1.856 0.47931870441468716
1.857 0.4778233508675447
1.858 0.4762455614030627
1.859 0.4745839601303595
1.86 0.4728315173431032
1.861 0.47097928638772896
1.862 0.4690177895282254
1.863 0.46694736747654164
1.864 0.46475993358655354
1.865 0.46245262725438874
1.866 0.46003708539721466
1.867 0.4575251712838844
1.868 0.4549321047526673
1.869 0.4522742876335456
1.87 0.4495665769524179
1.871 0.44684606451745507
1.872 0.44413098474748847
1.873 0.44143762192389535
1.874 0.4387808910689861
1.875 0.43616967391181993
1.876 0.43360492266486567
1.877 0.4310965057841836
1.878 0.4286645268562449
1.879 0.4263240495067803
1.88 0.42409015261956057
1.881 0.42196483764831
1.882 0.41997628317613506
1.883 0.41814625657857507
1.884 0.41650901016062697
1.885 0.41510694178201085
1.886 0.41397778159179915
1.887 0.4131525658919106
1.888 0.41265125594592333
1.889 0.4124922295897223
1.89 0.41270266648800746
1.891 0.41361490563994446
1.892 0.41556273883508804
1.893 0.41853774342904093
1.894 0.4225279034790845
1.895 0.4274916488586761
1.896 0.4333627773682554
1.897 0.44008119353969033
1.898 0.44755550745869316
1.899 0.455692926165065
1.9 0.4640271862256589
1.901 0.47180907752679896
1.902 0.478656271740858
1.903 0.4845489415986676
1.904 0.48945988248836036
1.905 0.49338874302267244
1.906 0.4963689201707842
1.907 0.4984269872597424
1.908 0.49961757041199634
1.909 0.5
1.91 0.5
1.911 0.5
1.912 0.5
1.913 0.5
1.914 0.5
1.915 0.5
1.916 0.5
1.917 0.5
1.918 0.5
1.919 0.5
1.92 0.5
1.921 0.5
1.922 0.5
1.923 0.5
1.924 0.5
1.925 0.5
1.926 0.5
1.927 0.5
1.928 0.5
1.929 0.5
1.93 0.5
1.931 0.5
1.932 0.5
1.933 0.5
1.934 0.5
1.935 0.5
1.936 0.5
1.937 0.5
1.938 0.5
1.939 0.5
1.94 0.5
1.941 0.5
1.942 0.5
1.943 0.5
1.944 0.5
1.945 0.5
1.946 0.5
1.947 0.5
1.948 0.5
1.949 0.5
1.95 0.5
1.951 0.5
1.952 0.5
1.953 0.5
1.954 0.5
1.955 0.5
1.956 0.5
1.957 0.5
1.958 0.5
1.959 0.5
1.96 0.5
1.961 0.5
1.962 0.5
1.963 0.5
1.964 0.5
1.965 0.5
1.966 0.5
1.967 0.5
1.968 0.5
1.969 0.500213874050985
1.97 0.5006520885888478
1.971 0.5013134642280425
1.972 0.5022055198712603
1.973 0.5033288578871932
1.974 0.5046772640329655
1.975 0.5062531334024761
1.976 0.508046013636041
1.977 0.5100450781406946
1.978 0.5120474093670391
1.979 0.5138374456956375
1.98 0.5154075591646157
1.981 0.5167587784137267
1.982 0.517871928914019
1.983 0.5187465418784912
1.984 0.5193804262082359
1.985 0.5197770805566371
1.986 0.5199414404111206
1.987 0.5198872316996535
1.988 0.5198116931032314
1.989 0.5197114511442064
1.99 0.5195760401883265
1.991 0.5194116430738968
1.992 0.5192357818262484
1.993 0.5190434256150586
1.994 0.5188460740077132
1.995 0.5186564736499675
1.996 0.5184696853910815
1.997 0.5182828784649326
1.998 0.5181015511069866
1.999 0.5179335723423408
2.0 0.5177817269496133
2.001 0.5176352747013214
2.002 0.517496212160254
2.003 0.5173672062518871
2.004 0.517235595494653
2.005 0.5170855818790354
2.006 0.5169230614946448
2.007 0.5167482703830809
2.008 0.516554259672527
2.009 0.5163459742200636
2.01 0.5161334440482588
2.011 0.5159193935099351
2.012 0.515689357474269
2.013 0.5154553689972343
2.014 0.5152249926161644
2.015 0.5149956911654686
2.016 0.5147791134414624
2.017 0.514568194685545
2.018 0.5143632041459069
2.019 0.5141568563961422
2.02 0.5139444063680145
2.021 0.513730495285932
2.022 0.5135154810382874
2.023 0.513292239178841
2.024 0.5130587859223542
2.025 0.5128065004524157
2.026 0.5125396110870931
2.027 0.5122715983679261
2.028 0.5120027540792592
2.029 0.5117287367228064
2.03 0.5114559557852577
2.031 0.5111799809350529
2.032 0.5109074362974518
2.033 0.5106423372151724
2.034 0.5103910220881722
2.035 0.510157801054289
2.036 0.5099294286103914
2.037 0.5096972192390792
2.038 0.5094655565375134
2.039 0.5092448657187993
2.04 0.5090306197401834
2.041 0.5088248333319392
2.042 0.5086355641874151
2.043 0.5084542316845747
2.044 0.5082826961604052
2.045 0.5081230043152172
2.046 0.5079831742729205
2.047 0.5078711274503777
2.048 0.5077786039366927
2.049 0.5076951898445486
2.05 0.5076207257756739
2.051 0.5075511335807876
2.052 0.5074761791377271
2.053 0.507395961595725
2.054 0.5073143526617343
2.055 0.5072314173578022
2.056 0.5071410903926403
2.057 0.507041301009651
2.058 0.5069500091238703
2.059 0.5068692023180837
2.06 0.5067909538104687
2.061 0.506734748469733
2.062 0.5066965861925572
2.063 0.5066686489383762
2.064 0.5066448682731926
2.065 0.506632940947563
2.066 0.5066327718699061
2.067 0.5066365258590324
2.068 0.5066477759676336
2.069 0.5066570154701493
2.07 0.5066568359772511
2.071 0.506641235407666
2.072 0.5066142568463192
2.073 0.506595039433078
2.074 0.5065834723494161
2.075 0.5065699959446809
2.076 0.5065564909070978
2.077 0.5065337545902171
2.078 0.5064978528507074
2.079 0.5064639895586036
2.08 0.5064454104039324
2.081 0.5064399140349831
2.082 0.506443773747809
2.083 0.5064420218037661
2.084 0.5064383084908666
2.085 0.5064382119975629
2.086 0.5064398389764027
2.087 0.5064652639003173
2.088 0.5065032607899171
2.089 0.506544617408463
2.09 0.5065875072435245
2.091 0.5066155836980386
2.092 0.5066398390342052
2.093 0.5066657988653497
2.094 0.5066826309297982
2.095 0.5066903586895529
2.096 0.5066925927653271
2.097 0.5066767808327012
2.098 0.5066431607384383
2.099 0.5066095758766497
2.1 0.5065813294711508
2.101 0.5065656011357481
2.102 0.5065604101492157
2.103 0.5065621973765296
2.104 0.5065745111260958
2.105 0.5065868515164996
2.106 0.5066025739558151
2.107 0.5066303385897551
2.108 0.5066615700038224
2.109 0.506683949855646
2.11 0.5066838126250947
2.111 0.5066613798572562
2.112 0.5066218219209646
2.113 0.5065653620553632
2.114 0.5064989273947152
2.115 0.5064346045559253
2.116 0.5063604396651791
2.117 0.5062713487304508
2.118 0.5061811186300609
2.119 0.5060947593178194
2.12 0.5060158129941561
2.121 0.5059409336040991
2.122 0.5058649108271923
2.123 0.5057828615794441
2.124 0.5056897484356531
2.125 0.5055888536103494
2.126 0.5054901947747574
2.127 0.5053986724739022
2.128 0.5053109267062325
2.129 0.505218655040296
2.13 0.5051334363865881
2.131 0.5050618339692147
2.132 0.5050004430980101
2.133 0.5049607106475946
2.134 0.504948973921457
2.135 0.5049455532429911
2.136 0.5049374074134366
2.137 0.5049260763606823
2.138 0.5049148216492138
2.139 0.5049053086088086
2.14 0.5048942328814918
2.141 0.504886361071614
2.142 0.5048737083626978
2.143 0.5048451075173842
2.144 0.5048052880608307
2.145 0.5047688217282941
2.146 0.5047342587891155
2.147 0.5047014649446023
2.148 0.5046656719172046
2.149 0.5046316437969
2.15 0.5045946297194408
2.151 0.504559232049408
2.152 0.5045412342809502
2.153 0.5045422450858015
2.154 0.5045510462844397
2.155 0.504572232480436
2.156 0.5046090099013005
2.157 0.5046487764895793
2.158 0.5046962136777222
2.159 0.5047481323804864
2.16 0.5047999452501385
2.161 0.5048376078991492
2.162 0.5048533759785782
2.163 0.5048520863816769
2.164 0.5048353629918731
2.165 0.5047985946312449
2.166 0.5047557231713844
2.167 0.5047099424613287
2.168 0.5046566862291414
2.169 0.5045884188308709
2.17 0.5045114090557948
2.171 0.5044302813617286
2.172 0.5043525885807306
2.173 0.5042828503736102
2.174 0.5042194924479727
2.175 0.5041564496109951
2.176 0.5040831006177541
2.177 0.504007024361984
2.178 0.5039342563472268
2.179 0.5038708629588191
2.18 0.5038227769035807
2.181 0.5037824612533843
2.182 0.5037378784658082
2.183 0.5036845488109295
2.184 0.5036284340269797
2.185 0.5035710879000334
2.186 0.503506641185471
2.187 0.5034394805997835
2.188 0.5033695723166626
2.189 0.5032910536708591
2.19 0.5032009522907093
2.191 0.5031052594222444
2.192 0.503008444913114
2.193 0.5029105188778055
2.194 0.5028114059387268
2.195 0.502718455175662
2.196 0.5026346586999606
2.197 0.5025452729595958
2.198 0.5024502755459567
2.199 0.5023541207373704
2.2 0.5022567842654834
2.201 0.5021611703388517
2.202 0.5020614396743803
2.203 0.5019575989902295
2.204 0.5018394160583941
2.205 0.5016952416521749
2.206 0.5015367657350814
2.207 0.5013756441045489
2.208 0.5012045735926007
2.209 0.5010206429031103
2.21 0.5008223660271134
2.211 0.5006067978824646
2.212 0.5003782764560735
2.213 0.5001483860831312
2.214 0.4999228994463307
2.215 0.4997061253942575
2.216 0.4994805383775919
2.217 0.4992344191191454
2.218 0.49898078636699844
2.219 0.49872683094529163
2.22 0.4984666242996322
2.221 0.4981956725313387
2.222 0.4979094402205015
2.223 0.49758877685225783
2.224 0.49722904962546827
2.225 0.49684320314537084
2.226 0.49646037171231167
2.227 0.4960699793435176
2.228 0.49565562913907285
2.229 0.4952244747511979
2.23 0.49478060209957786
2.231 0.494331119474359
2.232 0.4939011722807537
2.233 0.49348748371127155
2.234 0.4930838322460168
2.235 0.49267671026337523
2.236 0.4922557609217475
2.237 0.49184309853898156
2.238 0.4914567856495742
2.239 0.4910833603534535
2.24 0.4907181003126407
2.241 0.4903485983105849
2.242 0.4899660426856925
2.243 0.48958692334203147
2.244 0.4892075882165713
2.245 0.48884357415321966
2.246 0.4884936879748828
2.247 0.48813584806367644
2.248 0.48777194440247773
2.249 0.48740965665575436
2.25 0.48705020647823477
2.251 0.4867061222141976
2.252 0.4863599708275904
2.253 0.48602348532570955
2.254 0.48570101260805865
2.255 0.48538166467355437
2.256 0.4850827204069962
2.257 0.4848222373562724
2.258 0.48459652985409696
2.259 0.4844184957173448
2.26 0.4843025780326975
2.261 0.4842623539251839
2.262 0.48430580348018043
2.263 0.48442667050474103
2.264 0.48462933215671944
2.265 0.484904593982642
2.266 0.4852228259732288
2.267 0.4855829942472288
2.268 0.4859771542266092
2.269 0.486384760012771
2.27 0.48679536018490777
2.271 0.48719309506477854
2.272 0.4875719980680369
2.273 0.4879245952828583
2.274 0.48824071141784875
2.275 0.48853607779886843
2.276 0.4888061758016453
2.277 0.48903546816576177
2.278 0.48921954312368143
2.279 0.4893575022625782
2.28 0.48943524975309016
2.281 0.4894423755500525
2.282 0.48937190226151417
2.283 0.48922284665498694
2.284 0.48900512789253525
2.285 0.48870830685845956
2.286 0.4883582296201714
2.287 0.48797313278248833
2.288 0.48756019885039614
2.289 0.4871366508842943
2.29 0.48672156681195977
2.291 0.48634078047049084
2.292 0.4860083577166148
2.293 0.4857292056987507
2.294 0.4855389622361702
2.295 0.4854493356385487
2.296 0.4854629370742717
2.297 0.48560475509547263
2.298 0.4858812592401476
2.299 0.4862845664325877
2.3 0.48681450962385675
2.301 0.48747989510126216
2.302 0.4882886041919742
2.303 0.4892292601954201
2.304 0.4902910374599755
2.305 0.4914421298837278
2.306 0.492648304366975
2.307 0.493866424352567
2.308 0.4950996037977539
2.309 0.4963119926325125
2.31 0.49746992736449697
2.311 0.4985249980760845
2.312 0.4994458304626353
2.313 0.5001862867273918
2.314 0.5007176920736802
2.315 0.5010458995593505
2.316 0.5011770355854949
2.317 0.5011087996225363
2.318 0.5008409490710946
2.319 0.5004077183224322
2.32 0.4998411499029726
2.321 0.4991602846871147
2.322 0.4983883029474715
2.323 0.49759549208534065
2.324 0.49677899976746787
2.325 0.49598130357543246
2.326 0.49523657344227745
2.327 0.49455075649085156
2.328 0.4939041838283113
2.329 0.4933142705667117
2.33 0.49279213735236843
2.331 0.4923511733151613
2.332 0.49198964370671183
2.333 0.49170423488263776
2.334 0.4914794766908808
2.335 0.4912785040776974
2.336 0.4911000758856656
2.337 0.4909757259720076
2.338 0.49089210857965165
2.339 0.4908480931471706
2.34 0.49086064337829866
2.341 0.4909191918735688
2.342 0.4910472720351311
2.343 0.4912345308564518
2.344 0.4914967460060473
2.345 0.49183882596204875
2.346 0.4922225587093577
2.347 0.49263951331974287
2.348 0.4931032732340549
2.349 0.493570076677819
2.35 0.49400301589142787
2.351 0.4943945666837232
2.352 0.49474243773694
2.353 0.4950226202048904
2.354 0.4952461243033114
2.355 0.49544789007358464
2.356 0.4956084258040249
2.357 0.49569203084590713
2.358 0.4957338367154318
2.359 0.49574031524503825
2.36 0.49569204389899635
2.361 0.49561247395722097
2.362 0.4954730044604221
2.363 0.4952921443615328
2.364 0.49507924304862494
2.365 0.494832239171627
2.366 0.4945986507415168
2.367 0.49436587909104457
2.368 0.4941052956020882
2.369 0.4938455151907166
2.37 0.49359070519179493
2.371 0.49337065623953924
2.372 0.49320019066704285
2.373 0.4930549459124649
2.374 0.4929427990140459
2.375 0.49284488254622133
2.376 0.4927467102027971
2.377 0.4927022415952505
2.378 0.49269686810850366
2.379 0.492703534930308
2.38 0.49274944302991724
2.381 0.4927831143828989
2.382 0.4928046578398468
2.383 0.49284123289320547
2.384 0.4928500986193294
2.385 0.4928440218817497
2.386 0.49283049809437524
2.387 0.4927842273311032
2.388 0.4927199788217566
2.389 0.49264484373165046
2.39 0.49253547888167903
2.391 0.4923965311742222
2.392 0.49223054285699563
2.393 0.49206094792953864
2.394 0.491915864823508
2.395 0.4917776852622814
2.396 0.49167319237796914
2.397 0.4916104570782185
2.398 0.4915685182655838
2.399 0.49157133146088133
2.4 0.4915971939544202
2.401 0.4916327645558072
2.402 0.4916649812116115
2.403 0.49165398071735705
2.404 0.49161301390057843
2.405 0.4915308955512989
2.406 0.4913753064817515
2.407 0.4911730111495954
2.408 0.490969819613987
2.409 0.4907718258192359
2.41 0.4905971481942033
2.411 0.4904734157174899
2.412 0.4903898138647071
2.413 0.4903095409491112
2.414 0.49021057546918084
2.415 0.49010655339670345
2.416 0.4900116586700147
2.417 0.48991274978891075
2.418 0.4897877271827921
2.419 0.4896457765667575
2.42 0.4894421197851939
2.421 0.489176423439155
2.422 0.4889442093643639
2.423 0.4887820142721877
2.424 0.48871121109513427
2.425 0.4887094144500862
2.426 0.4887273450338911
2.427 0.4887989568404482
2.428 0.4888949190936602
2.429 0.4889926301571127
2.43 0.4891103838143409
2.431 0.4891329694048992
2.432 0.48921778888098827
2.433 0.4893971994756961
2.434 0.48964195582021425
2.435 0.48997355860624375
2.436 0.49039126736643146
2.437 0.49085710592760934
2.438 0.49144201980841656
2.439 0.49219675479078495
2.44 0.49322346695926395
2.441 0.4944062000021614
2.442 0.49548554379149834
2.443 0.4964432646967877
2.444 0.4972933804422846
2.445 0.4980316652275631
2.446 0.498694412640006
2.447 0.49927166228030373
2.448 0.4997191076093846
2.449 0.499979792983516
2.45 0.5
2.451 0.5
2.452 0.5
2.453 0.5
2.454 0.5
2.455 0.5
2.456 0.5
2.457 0.5
2.458 0.5
2.459 0.5
2.46 0.5
2.461 0.5
2.462 0.5
2.463 0.5
2.464 0.5
2.465 0.5
2.466 0.5
2.467 0.5
2.468 0.5
2.469 0.5
2.47 0.5
2.471 0.5
2.472 0.5
2.473 0.5
2.474 0.5
2.475 0.5
2.476 0.5
2.477 0.5
2.478 0.5
2.479 0.5
2.48 0.5
2.481 0.5
2.482 0.5
2.483 0.5
2.484 0.5
2.485 0.5
2.486 0.5
2.487 0.5
2.488 0.5
2.489 0.5
2.49 0.5
2.491 0.5
2.492 0.47058823529411764
2.493 0.43750000000000006
2.494 0.4
2.495 0.35714285714285715
2.496 0.3076923076923077
2.497 0.25
2.498 0.1818181818181818
2.499 0.09999999999999999
2.5 0.0
