0.35 1.0
0.351 1.0
0.352 0.9
0.353 0.8181818181818182
0.354 0.75
0.355 0.6923076923076923
0.356 0.6428571428571429
0.357 0.6
0.358 0.5625
0.359 0.5294117647058824
0.36 0.5
0.361 0.5
0.362 0.5
0.363 0.5
0.364 0.5
0.365 0.5
0.366 0.5
0.367 0.5
0.368 0.5
0.369 0.5
0.37 0.5
0.371 0.5
0.372 0.5
0.373 0.5
0.374 0.5
0.375 0.5
0.376 0.5
0.377 0.5
0.378 0.5
0.379 0.5
0.38 0.5
0.381 0.5
0.382 0.5
0.383 0.5
0.384 0.5
0.385 0.5
0.386 0.5
0.387 0.5
0.388 0.5
0.389 0.5
0.39 0.5
0.391 0.5
0.392 0.5
0.393 0.5
0.394 0.5
0.395 0.5
0.396 0.5
0.397 0.5
0.398 0.5
0.399 0.5
0.4 0.5
0.401 0.5
0.402 0.5
0.403 0.5
0.404 0.5
0.405 0.5
0.406 0.5
0.407 0.5
0.408 0.5
0.409 0.5
0.41 0.5
0.411 0.5
0.412 0.5
0.413 0.5
0.414 0.5
0.415 0.5
0.416 0.5
0.417 0.5
0.418 0.5
0.419 0.5
0.42 0.5
0.421 0.5
0.422 0.5
0.423 0.5
0.424 0.5
0.425 0.5
0.426 0.5
0.427 0.5
0.428 0.5
0.429 0.5
0.43 0.5
0.431 0.5
0.432 0.5
0.433 0.5
0.434 0.5
0.435 0.5
0.436 0.5
0.437 0.5
0.438 0.5
0.439 0.5
0.44 0.5
0.441 0.5
0.442 0.5
0.443 0.5
0.444 0.5
0.445 0.5
0.446 0.5
0.447 0.5
0.448 0.5
0.449 0.5
0.45 0.5
0.451 0.5
0.452 0.5
0.453 0.5
0.454 0.5
0.455 0.5
0.456 0.5
0.457 0.5
0.458 0.5
0.459 0.5
0.46 0.5
0.461 0.5
0.462 0.5
0.463 0.5
0.464 0.5
0.465 0.5
0.466 0.5
0.467 0.5
0.468 0.5
0.469 0.5
0.47 0.5
0.471 0.5
0.472 0.5
0.473 0.5
0.474 0.5
0.475 0.5
0.476 0.5
0.477 0.5
0.478 0.5
0.479 0.5
0.48 0.5
0.481 0.5
0.482 0.5
0.483 0.5
0.484 0.5
0.485 0.5
0.486 0.5
0.487 0.5
0.488 0.5000176155132656
0.489 0.5001550288153798
0.49 0.5004006472245982
0.491 0.5007683755931762
0.492 0.5012889027327051
0.493 0.5019867506039888
0.494 0.502868890264901
0.495 0.5039445901986299
0.496 0.5052280864637754
0.497 0.5067295272318794
0.498 0.508369839008166
0.499 0.5100819804691002
0.5 0.5118813072512397
0.501 0.513746270997158
0.502 0.5156542967078057
0.503 0.5176092030678796
0.504 0.5196356565719653
0.505 0.5217305058160167
0.506 0.5238766810535223
0.507 0.5260577657249678
0.508 0.5283353809632885
0.509 0.5306591524961821
0.51 0.5330146551374174
0.511 0.53538689403947
0.512 0.5377231042303521
0.513 0.5399620357019754
0.514 0.5420390654482399
0.515 0.5439001132087881
0.516 0.5454952604775074
0.517 0.5467985882395637
0.518 0.5477780797868311
0.519 0.5483880849127198
0.52 0.5486100069188092
0.521 0.5484524422461743
0.522 0.5479336787564767
0.523 0.5470620095374228
0.524 0.5458653176553457
0.525 0.5443935530582051
0.526 0.5426922496313126
0.527 0.5407829317077816
0.528 0.5387265018198192
0.529 0.5365978123405295
0.53 0.5344339657046162
0.531 0.5322643920171318
0.532 0.5301316593917506
0.533 0.5280710198030585
0.534 0.5261042083611297
0.535 0.5242663695695531
0.536 0.5226074017576536
0.537 0.5211408252563111
0.538 0.5198544608161164
0.539 0.5187399882595243
0.54 0.5177680008160875
0.541 0.5169080705330485
0.542 0.5161465092135998
0.543 0.5154596971240322
0.544 0.5147855233895827
0.545 0.5140589641434263
0.546 0.5132267916665345
0.547 0.5122509551324556
0.548 0.5111020254120014
0.549 0.5097771272577971
0.55 0.5083015365576983
0.551 0.5066763103993316
0.552 0.504892045136274
0.553 0.5029714356758773
0.554 0.5009599015867887
0.555 0.4988877013322728
0.556 0.49677993140056664
0.557 0.49468789225656346
0.558 0.4926382436685149
0.559 0.4906315667502825
0.56 0.48868812418072594
0.561 0.4868412328036147
0.562 0.4851110285973614
0.563 0.48351318657819226
0.564 0.4820689876670092
0.565 0.4807995757669822
0.566 0.47971496406111075
0.567 0.47880418731335933
0.568 0.47809606969567686
0.569 0.47761821085729333
0.57 0.4773540249051935
0.571 0.47730739763921004
0.572 0.47747821657966966
0.573 0.47784395637727317
0.574 0.4783788761811428
0.575 0.47905995781862004
0.576 0.47988333250941034
0.577 0.48082992630863547
0.578 0.4818400808700702
0.579 0.4828920673198414
0.58 0.48397272819782233
0.581 0.48504498573623
0.582 0.48610983367119065
0.583 0.4871694330283985
0.584 0.4882104057761948
0.585 0.4892215054406091
0.586 0.4901826912255693
0.587 0.4910933522136691
0.588 0.49193588013622247
0.589 0.49268211280051877
0.59 0.4933322172803055
0.591 0.4938767254506112
0.592 0.49426440024037077
0.593 0.49446276328265054
0.594 0.49446970367775295
0.595 0.49428522886113874
0.596 0.4938919057099255
0.597 0.49331680667697636
0.598 0.49258467968311404
0.599 0.49170083891567024
0.6 0.4906607586881459
0.601 0.48949498615373693
0.602 0.488261961940541
0.603 0.48705205856937495
0.604 0.48591910087175094
0.605 0.4848981135719804
0.606 0.4840142922464968
0.607 0.4832892434170364
0.608 0.482754526808779
0.609 0.4824338127481508
0.61 0.4823903827745248
0.611 0.48263871516485723
0.612 0.48311868104207745
0.613 0.48375618877178467
0.614 0.4845342878129763
0.615 0.48544991054310377
0.616 0.4864830055510478
0.617 0.4875964944832556
0.618 0.4887936117083998
0.619 0.49004762858411627
0.62 0.4912905537687036
0.621 0.49249425670343544
0.622 0.4936820723857761
0.623 0.49484095326666167
0.624 0.4959251913724485
0.625 0.4968978732066521
0.626 0.4977483866392454
0.627 0.498442063400474
0.628 0.49890448826491385
0.629 0.49911892704893956
0.63 0.49906874365052495
0.631 0.4987416556598722
0.632 0.49812725712446815
0.633 0.49723700001791254
0.634 0.4960952577578701
0.635 0.49473295804815715
0.636 0.49319445447324717
0.637 0.49153754901339325
0.638 0.48983375900964365
0.639 0.48816759756142086
0.64 0.48659711590469473
0.641 0.48517761073034127
0.642 0.4839798497995167
0.643 0.48305112363996966
0.644 0.48239740011613313
0.645 0.48198527159906335
0.646 0.48181339706112464
0.647 0.4818707254096209
0.648 0.4821039885834547
0.649 0.4824381464745668
0.65 0.482847149148447
0.651 0.4832870583849226
0.652 0.4837003230299617
0.653 0.4840602483329273
0.654 0.48441198992998036
0.655 0.4847824006688391
0.656 0.48515709313107047
0.657 0.4855703090766425
0.658 0.4860940381069453
0.659 0.48675968768818223
0.66 0.4875632693789132
0.661 0.48852132199482917
0.662 0.48966606215996494
0.663 0.4909852438271928
0.664 0.4923979797873846
0.665 0.4939141407502826
0.666 0.49551381681199125
0.667 0.4971347460846806
0.668 0.4987111904585837
0.669 0.5002589222493473
0.67 0.5017883086351269
0.671 0.5032597621297464
0.672 0.5046705816613776
0.673 0.5060730235714324
0.674 0.5075038686495135
0.675 0.508964507866813
0.676 0.5105232479468738
0.677 0.5122818642549865
0.678 0.5143208403205728
0.679 0.5167108238765435
0.68 0.5195919255066791
0.681 0.523113247660162
0.682 0.5273909373195041
0.683 0.5325085523246773
0.684 0.5385679332662435
0.685 0.5456115134771896
0.686 0.5535880877942669
0.687 0.5623689866532225
0.688 0.5717913797238497
0.689 0.5816013558201059
0.69 0.5914461726912263
0.691 0.6010072683568934
0.692 0.6099512950265431
0.693 0.6179502644358992
0.694 0.6247399589251414
0.695 0.6301198682682848
0.696 0.6339668287516248
0.697 0.6362408927207559
0.698 0.6369685153915386
0.699 0.6362472983733364
0.7 0.6342330244180785
0.701 0.6311095915112654
0.702 0.6270779341088126
0.703 0.6223431001568146
0.704 0.6170964647318455
0.705 0.6115361736569573
0.706 0.6058251591647661
0.707 0.600087383511127
0.708 0.5944419629718117
0.709 0.5889569220079903
0.71 0.5836854162596927
0.711 0.5786679257495477
0.712 0.5739184114253125
0.713 0.5694504428679033
0.714 0.5652553232094659
0.715 0.5613159569928579
0.716 0.5576267342801405
0.717 0.5541648020625305
0.718 0.550908299010805
0.719 0.5478581200899091
0.72 0.5449906050640781
0.721 0.5422817463997972
0.722 0.5397343421196676
0.723 0.5373391185005192
0.724 0.5350851518334494
0.725 0.5329532940488968
0.726 0.5309350616517852
0.727 0.5290353196547392
0.728 0.5272369937784742
0.729 0.5255352627704075
0.73 0.5239473594527951
0.731 0.522458731821637
0.732 0.521047751556764
0.733 0.5197039114517544
0.734 0.518440981847922
0.735 0.5172587954693553
0.736 0.5161484568903224
0.737 0.5151021988118861
0.738 0.5141236743378284
0.739 0.5131975095428779
0.74 0.5123103260207783
0.741 0.5114685555373394
0.742 0.5106780685002048
0.743 0.5099380731514054
0.744 0.5092424183012451
0.745 0.5085863973994881
0.746 0.5079724309225698
0.747 0.5073966675689016
0.748 0.5068484316322633
0.749 0.5063296149195663
0.75 0.5058503629643155
0.751 0.505414280861204
0.752 0.5050011987156057
0.753 0.5046122557446046
0.754 0.5042494276510839
0.755 0.5039104485778944
0.756 0.5035896405286464
0.757 0.5033008460335784
0.758 0.503052600449816
0.759 0.5028267909243447
0.76 0.5026197572102764
0.761 0.502429803260095
0.762 0.5022593409658319
0.763 0.5021082717009756
0.764 0.5019749892695149
0.765 0.5018575008065591
0.766 0.5017441983926734
0.767 0.5016325573903003
0.768 0.5015307086371296
0.769 0.5014430570460295
0.77 0.5013647221021438
0.771 0.5012922606767864
0.772 0.5012343304466574
0.773 0.5011856324606655
0.774 0.501135571042362
0.775 0.5011042742133728
0.776 0.5010941549093003
0.777 0.5010864695447956
0.778 0.5010758998435055
0.779 0.501071593568905
0.78 0.5010730559483707
0.781 0.5010764242030726
0.782 0.5010783464397338
0.783 0.501082668406846
0.784 0.5010817666368248
0.785 0.5010717529518619
0.786 0.5010607798165138
0.787 0.5010426866256216
0.788 0.5010164998601059
0.789 0.5010027270740127
0.79 0.500988969153513
0.791 0.5009690236705016
0.792 0.5009547997875893
0.793 0.5009505784949125
0.794 0.500940225654157
0.795 0.5009179903249152
0.796 0.5009133406755961
0.797 0.5009348568883966
0.798 0.5009535313951996
0.799 0.5009545976618063
0.8 0.5009542438188002
0.801 0.5009543770706277
0.802 0.5009416875534835
0.803 0.5009280260056146
0.804 0.5009452280220249
0.805 0.500961033096348
0.806 0.5009488277875195
0.807 0.5009204925725445
0.808 0.5009144405803144
0.809 0.5009169306315454
0.81 0.5009132839494015
0.811 0.5009115399250701
0.812 0.5009230425678278
0.813 0.5009241217532774
0.814 0.5009091089597582
0.815 0.5009116007217193
0.816 0.5009131768634146
0.817 0.5009053308259244
0.818 0.500901683457177
0.819 0.5009131088454057
0.82 0.5009273812376529
0.821 0.5009289385580235
0.822 0.5009262340595826
0.823 0.5009225996388763
0.824 0.5009142782853961
0.825 0.5009073487242026
0.826 0.500902335906191
0.827 0.5008912605643082
0.828 0.5008608766829434
0.829 0.5008276417289436
0.83 0.5008080597259084
0.831 0.500797449664808
0.832 0.5007873068843317
0.833 0.5007814011499371
0.834 0.500791928804333
0.835 0.5008094510092094
0.836 0.5008363486602941
0.837 0.5008707754262203
0.838 0.5008944241933306
0.839 0.5009007033171375
0.84 0.5008985323659041
0.841 0.5009029243885124
0.842 0.5009157131888915
0.843 0.5009284894637037
0.844 0.5009244150361531
0.845 0.5008946150068978
0.846 0.5008652953457301
0.847 0.5008523587533132
0.848 0.5008534647304649
0.849 0.5008606446756309
0.85 0.5008743454079827
0.851 0.5008721915106694
0.852 0.5008355360820029
0.853 0.5007961063079416
0.854 0.5007790711010779
0.855 0.500780694337892
0.856 0.5007818426138705
0.857 0.5007727384939284
0.858 0.5007580569157327
0.859 0.5007312942744919
0.86 0.5006891955910097
0.861 0.500662490741878
0.862 0.5006600141212324
0.863 0.5006635808066576
0.864 0.5006564303207582
0.865 0.5006367307177488
0.866 0.5006142517558678
0.867 0.5005904021330657
0.868 0.5005582243820521
0.869 0.5005483459082994
0.87 0.5005621404227705
0.871 0.5005694353818466
0.872 0.5005614296876594
0.873 0.5005321019371851
0.874 0.5005018515632538
0.875 0.5004901528887488
0.876 0.5004738281793315
0.877 0.5004653922459348
0.878 0.5004634650501005
0.879 0.5004490164732049
0.88 0.5004229761771293
0.881 0.5004025089881322
0.882 0.5003973421606892
0.883 0.5003982189426269
0.884 0.5003782733142761
0.885 0.5003485965862533
0.886 0.5003351243663188
0.887 0.50033043990159
0.888 0.5003276145771829
0.889 0.5003136937016966
0.89 0.5002808164866572
0.891 0.500243321608254
0.892 0.5002104558149173
0.893 0.50019609801941
0.894 0.5002057957636596
0.895 0.5002062439190413
0.896 0.5001905057836077
0.897 0.5001692160028405
0.898 0.5001650328262773
0.899 0.5001811892299642
0.9 0.5002015122663659
0.901 0.5002107489351633
0.902 0.5002079690024512
0.903 0.5001982540702161
0.904 0.5001899216746378
0.905 0.5001866750947699
0.906 0.500184356411306
0.907 0.5001612496338386
0.908 0.5001219710522036
0.909 0.5000877740861333
0.91 0.5000812984095075
0.911 0.5000951485333269
0.912 0.5001076137911923
0.913 0.5001066871111809
0.914 0.5000859025587878
0.915 0.5000568065832826
0.916 0.5000314055846519
0.917 0.5000170891378669
0.918 0.5000087759247746
0.919 0.49998521915375965
0.92 0.4999339470560249
0.921 0.4998678908168412
0.922 0.4998161509963877
0.923 0.4997750263547155
0.924 0.4997385058055407
0.925 0.49971213940030734
0.926 0.4996931647834501
0.927 0.49966724467499046
0.928 0.4996334585336678
0.929 0.49960798889055313
0.93 0.4995829557433744
0.931 0.4995504911300616
0.932 0.49950876543780937
0.933 0.4994721116735956
0.934 0.49944376264491325
0.935 0.4994019659213149
0.936 0.4993499674983749
0.937 0.4993044067821728
0.938 0.49923236074319716
0.939 0.4991561107130842
0.94 0.499093701526939
0.941 0.4990390822679143
0.942 0.4989755771657636
0.943 0.4988897017048092
0.944 0.498785592811824
0.945 0.49867153630622973
0.946 0.4985438111975897
0.947 0.49842757347604894
0.948 0.4983380754820977
0.949 0.49823492089520116
0.95 0.4981171374522293
0.951 0.4980066076315251
0.952 0.49791973229158104
0.953 0.49786915957710215
0.954 0.49786296215605663
0.955 0.4978941606351672
0.956 0.49795582407539196
0.957 0.49802234131174855
0.958 0.49810209313621606
0.959 0.4982087160181512
0.96 0.49833518625631945
0.961 0.4984693589912239
0.962 0.49860519954531485
0.963 0.49873092148834963
0.964 0.4988380421881515
0.965 0.49894062210436707
0.966 0.4990513710373309
0.967 0.49917404591230463
0.968 0.49931098057549617
0.969 0.49945085143952334
0.97 0.4995851240573359
0.971 0.4997085961312129
0.972 0.4998170222157667
0.973 0.4999254801343245
0.974 0.5000231129676957
0.975 0.5001136862166076
0.976 0.500193409363655
0.977 0.5002429339248027
0.978 0.5002773443617023
0.979 0.5003112538057852
0.98 0.500359284825167
0.981 0.5004237907350578
0.982 0.5004981586510411
0.983 0.5005781251030684
0.984 0.5006542942713215
0.985 0.5007163060647246
0.986 0.5007702636787718
0.987 0.5008298524717176
0.988 0.5008865665404894
0.989 0.5009258074471048
0.99 0.5009541670624728
0.991 0.5010725236547394
0.992 0.5013682318537899
0.993 0.5017539647106052
0.994 0.5021490951129165
0.995 0.5025629365132835
0.996 0.5029697233087064
0.997 0.5033746254305798
0.998 0.5037794272724816
0.999 0.5041800110076262
1.0 0.5044721520848026
1.001 0.5044832836636691
1.002 0.5042108498682746
1.003 0.5038356766623352
1.004 0.5034590664781813
1.005 0.5030754370284838
1.006 0.5026927924830984
1.007 0.5023037476510265
1.008 0.5019045757755661
1.009 0.5015059173204893
1.01 0.5012114555680043
1.011 0.5011031236785498
1.012 0.5010957305559511
1.013 0.5010901790208044
1.014 0.5010841705590318
1.015 0.5010708347556074
1.016 0.501064388877526
1.017 0.5010712507826962
1.018 0.5010845311132595
1.019 0.5010964410092753
1.02 0.5011001145437615
1.021 0.5010891451583379
1.022 0.5010667574233875
1.023 0.501040731182245
1.024 0.5010183727609969
1.025 0.5009992461106162
1.026 0.5009732824601804
1.027 0.5009418534470558
1.028 0.5009081682201363
1.029 0.5008777115996612
1.03 0.500855497529272
1.031 0.5008415190741284
1.032 0.500834855395025
1.033 0.5008272941468028
1.034 0.5008151777907316
1.035 0.5008039858760713
1.036 0.5007914481726604
1.037 0.5007775582759226
1.038 0.5007618643890485
1.039 0.5007452743964824
1.04 0.500727783510544
1.041 0.5007080337747563
1.042 0.5006882965954078
1.043 0.500671300670029
1.044 0.5006543153482129
1.045 0.5006405164078425
1.046 0.5006303625060926
1.047 0.5006224853316685
1.048 0.5006150731011659
1.049 0.5006026866491983
1.05 0.5005853245400147
1.051 0.5005657113639083
1.052 0.5005424856447512
1.053 0.5005156489020031
1.054 0.5004861076504193
1.055 0.500454311154675
1.056 0.5004202654918556
1.057 0.5003817073866492
1.058 0.5003449755800751
1.059 0.5003136924727386
1.06 0.5002851380611335
1.061 0.5002584049490658
1.062 0.5002339432146965
1.063 0.5002122035597713
1.064 0.5001904703305134
1.065 0.500167384156592
1.066 0.5001501822090174
1.067 0.5001366028764404
1.068 0.5001216691377413
1.069 0.5001067376803912
1.07 0.5000936172907066
1.071 0.5000814033208937
1.072 0.5000691907575618
1.073 0.5000556227349562
1.074 0.5000425080086898
1.075 0.5000266806310376
1.076 0.5000058787937439
1.077 0.4999837201309626
1.078 0.4999611084982454
1.079 0.49993623423832484
1.08 0.49990864440967103
1.081 0.49987833746563837
1.082 0.49984621675115704
1.083 0.4998136377370917
1.084 0.49978195688717664
1.085 0.49975252967155664
1.086 0.49972354717479694
1.087 0.4996950088239287
1.088 0.49966736632878334
1.089 0.49964152384952687
1.09 0.499617481935641
1.091 0.4995979571878735
1.092 0.499581139788822
1.093 0.4995629517109195
1.094 0.499543393888001
1.095 0.4995242781260364
1.096 0.49950515149977165
1.097 0.49948737473314925
1.098 0.49947367132610343
1.099 0.499460866332032
1.1 0.4994462369053851
1.101 0.49942978457016096
1.102 0.49941286861324474
1.103 0.4993972972776717
1.104 0.49938171061877973
1.105 0.49936429287572104
1.106 0.49934276804117617
1.107 0.49931349573785794
1.108 0.4992782959786361
1.109 0.4992389746797693
1.11 0.4991968857722357
1.111 0.4991515731607789
1.112 0.49910303330381367
1.113 0.4990507980125486
1.114 0.49899349093777495
1.115 0.4989320133553005
1.116 0.49886497485623016
1.117 0.49879052118868233
1.118 0.49870453672243686
1.119 0.49860698543612636
1.12 0.4984982872159333
1.121 0.49837520138542196
1.122 0.4982367656774132
1.123 0.4980875050021566
1.124 0.497923219614485
1.125 0.49774292353092814
1.126 0.4975506557447797
1.127 0.49734906978454296
1.128 0.49713531649553405
1.129 0.49690928339047324
1.13 0.496672251355271
1.131 0.49642501115596077
1.132 0.4961651098557925
1.133 0.4958966521686344
1.134 0.4956269223020928
1.135 0.4953595845342426
1.136 0.4950960020722955
1.137 0.49484411921498034
1.138 0.49460815451727846
1.139 0.4943942835660962
1.14 0.4942064265306486
1.141 0.49405135747692813
1.142 0.4939301593173918
1.143 0.4938475160197288
1.144 0.4938042172473071
1.145 0.49380446868971034
1.146 0.493851034036027
1.147 0.49394294683656464
1.148 0.4940786162258164
1.149 0.49425551911310583
1.15 0.49447108684997076
1.151 0.4947256307190361
1.152 0.49501489308530494
1.153 0.4953294607927011
1.154 0.49566258199840796
1.155 0.4960041050194338
1.156 0.4963476632136483
1.157 0.49668734360954037
1.158 0.49702055365000447
1.159 0.49734471845237804
1.16 0.49765234838388434
1.161 0.49793498677726983
1.162 0.4981958498188025
1.163 0.4984338292873924
1.164 0.49864828331981614
1.165 0.49883909538627397
1.166 0.49900715534562273
1.167 0.4991523910616498
1.168 0.49927031225924484
1.169 0.49936332496541735
1.17 0.49943875010679956
1.171 0.499498030432519
1.172 0.4995416328090687
1.173 0.4995690515103835
1.174 0.49958469270700734
1.175 0.4995885437200563
1.176 0.4995810879911891
1.177 0.4995677322713677
1.178 0.49955633816672246
1.179 0.49954346345936634
1.18 0.49952664841491184
1.181 0.49951081425312066
1.182 0.4995013767514573
1.183 0.4994993250488121
1.184 0.49950860483162574
1.185 0.4995321727277383
1.186 0.49956855451973614
1.187 0.49961135417210556
1.188 0.49966205298378635
1.189 0.4997216351104345
1.19 0.49978862142738184
1.191 0.4998610423988222
1.192 0.4999339673779136
1.193 0.5000054207326268
1.194 0.5000749041522525
1.195 0.5001399475295318
1.196 0.5002044876918119
1.197 0.5002704905190363
1.198 0.5003345008842844
1.199 0.5003979911299206
1.2 0.5004584991760804
1.201 0.5005160202626583
1.202 0.5005739985546658
1.203 0.500631449222722
1.204 0.500689344340537
1.205 0.5007506325776506
1.206 0.5008094084139136
1.207 0.5008666499530544
1.208 0.5009233388009667
1.209 0.5009794675311917
1.21 0.5010404401764084
1.211 0.501101832919921
1.212 0.5011611877768676
1.213 0.5012185135605604
1.214 0.5012674358195203
1.215 0.5013099161732029
1.216 0.5013503774006165
1.217 0.5013839326786242
1.218 0.5014105917637875
1.219 0.5014293843088409
1.22 0.5014393424169227
1.221 0.5014424447925496
1.222 0.5014396817278524
1.223 0.5014335060954495
1.224 0.5014239375553903
1.225 0.5014085385401674
1.226 0.5013907149326556
1.227 0.501370975042122
1.228 0.5013468960102887
1.229 0.5013175140891359
1.23 0.501283805584603
1.231 0.5012486874454215
1.232 0.5012131291742274
1.233 0.501177612266188
1.234 0.5011445665099838
1.235 0.5011106015669613
1.236 0.5010723156494123
1.237 0.5010355255994714
1.238 0.5010031372245245
1.239 0.5009751475303844
1.24 0.5009515461294276
1.241 0.5009303890999404
1.242 0.5009087745079082
1.243 0.500883804583027
1.244 0.5008554819923697
1.245 0.5008291233312505
1.246 0.500803759955279
1.247 0.5007769715290606
1.248 0.5007497206639225
1.249 0.5007196021159775
1.25 0.5006827623716928
1.251 0.5006396863945888
1.252 0.5005947136988493
1.253 0.5005502543119316
1.254 0.5005067867025335
1.255 0.5004614172348489
1.256 0.5004151080051314
1.257 0.5003678566476126
1.258 0.5003172543012269
1.259 0.5002685961949835
1.26 0.5002257305922226
1.261 0.5001862473422456
1.262 0.5001472549936767
1.263 0.5001087510947289
1.264 0.5000707335404977
1.265 0.50003320075486
1.266 0.49999518831028855
1.267 0.4999591002832186
1.268 0.4999234914093844
1.269 0.49988499142969617
1.27 0.4998450427143126
1.271 0.4998046051580388
1.272 0.49976415775439686
1.273 0.49972369893003127
1.274 0.49968178225047827
1.275 0.499638885571986
1.276 0.4995940413162886
1.277 0.4995438760421734
1.278 0.4994922371050385
1.279 0.49943959963417384
1.28 0.49938355207033003
1.281 0.4993236031175002
1.282 0.49925877915090905
1.283 0.49919003848643806
1.284 0.4991159188652876
1.285 0.4990354386967705
1.286 0.49895390012692287
1.287 0.49887177683310896
1.288 0.498786160195916
1.289 0.4986984872271829
1.29 0.49860777612924023
1.291 0.49851449001686937
1.292 0.4984186077158765
1.293 0.4983210950552056
1.294 0.49822484288476865
1.295 0.4981259333919829
1.296 0.49802047357035817
1.297 0.49790941071544936
1.298 0.49779172624998425
1.299 0.49766836854002655
1.3 0.4975417454631282
1.301 0.4974108389389516
1.302 0.49727609650065874
1.303 0.49713505178041656
1.304 0.4969886540635537
1.305 0.4968407444896935
1.306 0.4966888197702454
1.307 0.49653680973450026
1.308 0.496388126464323
1.309 0.4962383100603015
1.31 0.49608834801849144
1.311 0.49593768612342864
1.312 0.4957827880671385
1.313 0.4956256036944862
1.314 0.4954646124409146
1.315 0.495303255838051
1.316 0.4951424618314896
1.317 0.49497421842569855
1.318 0.49479948160198217
1.319 0.4946196380949511
1.32 0.49443314743602645
1.321 0.49424905815715603
1.322 0.4940693075414703
1.323 0.4938924008288087
1.324 0.4937188406327295
1.325 0.49354609322151316
1.326 0.4933787517427698
1.327 0.4932198616423696
1.328 0.4930679567185009
1.329 0.4929277243913189
1.33 0.49279769840278154
1.331 0.49267288875632775
1.332 0.49255853615723616
1.333 0.4924547367543805
1.334 0.49236159072837865
1.335 0.4922807661068463
1.336 0.4922103315602464
1.337 0.49215198522875503
1.338 0.4921058532828988
1.339 0.4920683764311408
1.34 0.492042321734595
1.341 0.49202622083978015
1.342 0.4920175502491569
1.343 0.492016398110886
1.344 0.49202230585059653
1.345 0.4920337272942573
1.346 0.49204854515334995
1.347 0.49206463219137603
1.348 0.4920803537310989
1.349 0.49209457594595657
1.35 0.4921023312845688
1.351 0.4921018781117697
1.352 0.492089785113293
1.353 0.4920620129239815
1.354 0.4920167122610745
1.355 0.4919497207889151
1.356 0.49185793653727883
1.357 0.4917387980844893
1.358 0.49158738717194983
1.359 0.491399256519042
1.36 0.4911709873520687
1.361 0.4908962156035227
1.362 0.490573057374422
1.363 0.4901977686519389
1.364 0.4897647792063895
1.365 0.48927236643203587
1.366 0.4887145367667011
1.367 0.4880839117302523
1.368 0.4873780948986589
1.369 0.48659081770229673
1.37 0.4857215587987245
1.371 0.4847663730371506
1.372 0.48371680051273525
1.373 0.48257622446850323
1.374 0.48134150947316695
1.375 0.480013650716601
1.376 0.4785988785362574
1.377 0.477105270746174
1.378 0.4755351681957186
1.379 0.4739077786288141
1.38 0.4722286488309963
1.381 0.4705145668889894
1.382 0.4687857218458933
1.383 0.4670503920993291
1.384 0.46532372264408906
1.385 0.4636226469122478
1.386 0.46195363701886816
1.387 0.4603409376138905
1.388 0.4587969552214725
1.389 0.4573321170608571
1.39 0.45597436515948814
1.391 0.4547289036615314
1.392 0.4536063397190057
1.393 0.4526299095387118
1.394 0.45180654479613686
1.395 0.4511542629910609
1.396 0.45069327717134944
1.397 0.4504197782514403
1.398 0.4503542243737434
1.399 0.45048777698607484
1.4 0.450812233903278
1.401 0.45134314062397174
1.402 0.4520704107292539
1.403 0.4529873008402852
1.404 0.4540944510583033
1.405 0.4553649774336092
1.406 0.45678794855112365
1.407 0.45834503988370817
1.408 0.4600116295191132
1.409 0.4617832587488728
1.41 0.4636321737052337
1.411 0.4655317214658326
1.412 0.4674750187606146
1.413 0.469430484831377
1.414 0.4713838649949267
1.415 0.4733239581484465
1.416 0.4752259607644719
1.417 0.47708627545711313
1.418 0.4788921576671081
1.419 0.48063848095999084
1.42 0.48232435136873697
1.421 0.48394271975582953
1.422 0.4854832711061308
1.423 0.48694783994403096
1.424 0.4883281357985196
1.425 0.4896322268323024
1.426 0.4908636195638783
1.427 0.49202168439900473
1.428 0.4931046974403764
1.429 0.49411158747023454
1.43 0.49504387430846203
1.431 0.4959072629524192
1.432 0.49670774268818435
1.433 0.4974490755249138
1.434 0.4981339865426172
1.435 0.4987591743234487
1.436 0.49932897712993213
1.437 0.4998479032010719
1.438 0.5003230859358304
1.439 0.5007554825912173
1.44 0.5011511586990398
1.441 0.5015086992023113
1.442 0.5018292575750347
1.443 0.5021152948615648
1.444 0.5023730785334801
1.445 0.5026051190589508
1.446 0.5028176908948045
1.447 0.5030107908543947
1.448 0.5031882118550549
1.449 0.5033574116139263
1.45 0.5035208812661228
1.451 0.5036885276471743
1.452 0.5038677132827898
1.453 0.5040645167686101
1.454 0.5042861702048703
1.455 0.5045349374146535
1.456 0.5048154409553993
1.457 0.5051322532731333
1.458 0.5054874682565971
1.459 0.5058793293354547
1.46 0.5063073884457725
1.461 0.5067674005828803
1.462 0.5072575300363908
1.463 0.507768785455672
1.464 0.5082945562526987
1.465 0.5088319855380444
1.466 0.5093710105841524
1.467 0.5099064234280234
1.468 0.51043322663663
1.469 0.510942894394976
1.47 0.5114307253751738
1.471 0.5118863079394487
1.472 0.512303968592962
1.473 0.5126865116970474
1.474 0.5130286271582455
1.475 0.5133319384824789
1.476 0.5135959746126136
1.477 0.5138157116467835
1.478 0.5139941624997171
1.479 0.5141310315653042
1.48 0.5142326497275647
1.481 0.5143097455797996
1.482 0.5143617633262826
1.483 0.5143913777134396
1.484 0.5144035262334709
1.485 0.5143953350283947
1.486 0.5143747513018806
1.487 0.5143454299543501
1.488 0.5143106983347123
1.489 0.5142729591836734
1.49 0.5142280976921353
1.491 0.5141740740662893
1.492 0.5141162995815691
1.493 0.514050799443829
1.494 0.5139797702555793
1.495 0.5139044753295762
1.496 0.5138198453060356
1.497 0.5137281209977436
1.498 0.5136273387869646
1.499 0.5135216660365672
1.5 0.5134152342015466
1.501 0.5133041796651174
1.502 0.5131884660294089
1.503 0.5130712456220826
1.504 0.5129467616938019
1.505 0.5128218617565394
1.506 0.5126985327044647
1.507 0.5125748618491479
1.508 0.5124508443543697
1.509 0.5123207932364069
1.51 0.5121856660686595
1.511 0.5120494004614745
1.512 0.5119054789673009
1.513 0.5117613557594674
1.514 0.5116190604056882
1.515 0.5114719896352091
1.516 0.5113238052124427
1.517 0.5111745921963637
1.518 0.5110252442474796
1.519 0.5108767988972781
1.52 0.5107255932843408
1.521 0.5105769508879505
1.522 0.5104336555597558
1.523 0.5102874608965338
1.524 0.510143742445532
1.525 0.5100016537537543
1.526 0.5098566752628446
1.527 0.5097132170675982
1.528 0.5095712111466121
1.529 0.5094350193462541
1.53 0.5093046255387508
1.531 0.5091729328534711
1.532 0.5090451043199723
1.533 0.5089202995688651
1.534 0.508797535486688
1.535 0.508681076025155
1.536 0.5085675166749466
1.537 0.5084550535512246
1.538 0.508341967242581
1.539 0.50822653346471
1.54 0.508113790158334
1.541 0.5080029284740368
1.542 0.5078913406993658
1.543 0.5077807442015685
1.544 0.5076694285814094
1.545 0.5075573392593575
1.546 0.5074486694907128
1.547 0.5073425409082067
1.548 0.5072405642544602
1.549 0.5071418854577608
1.55 0.5070431512524698
1.551 0.5069476360436121
1.552 0.5068520757758969
1.553 0.5067556834942832
1.554 0.5066608472151499
1.555 0.506564320343347
1.556 0.50646848733077
1.557 0.5063741262442698
1.558 0.506278828293365
1.559 0.5061857644430258
1.56 0.5060941246143413
1.561 0.506007794410512
1.562 0.5059322664917641
1.563 0.5058674965190139
1.564 0.5058133484697981
1.565 0.505767449030474
1.566 0.5057250291116474
1.567 0.5056875918900341
1.568 0.5056543643819565
1.569 0.5056229513051638
1.57 0.5055941250023328
1.571 0.5055593229807593
1.572 0.5055169829551085
1.573 0.5054694790707447
1.574 0.505415268204166
1.575 0.5053605630552671
1.576 0.5053061738288116
1.577 0.505250531946672
1.578 0.5051959606336044
1.579 0.5051432058273903
1.58 0.5050937611321363
1.581 0.5050499372555931
1.582 0.5050094153963716
1.583 0.5049699111937623
1.584 0.5049291584488856
1.585 0.5048871177535387
1.586 0.504845313990186
1.587 0.5048029859889136
1.588 0.5047586507640366
1.589 0.504711562623398
1.59 0.504660967606126
1.591 0.5046076494133145
1.592 0.5045553190508277
1.593 0.5045084103046833
1.594 0.5044654501908895
1.595 0.5044241765232378
1.596 0.5043853107227825
1.597 0.5043466467356292
1.598 0.5043111250424932
1.599 0.5042794559669984
1.6 0.5042472435448058
1.601 0.5042159528316943
1.602 0.5041797306087248
1.603 0.5041342093051084
1.604 0.504085982653696
1.605 0.5040336188237484
1.606 0.5039756826192596
1.607 0.5039151088400258
1.608 0.503846855481588
1.609 0.5037738112964245
1.61 0.5036996298926631
1.611 0.503623585302715
1.612 0.5035528669772638
1.613 0.5034838998982426
1.614 0.5034144829189738
1.615 0.5033489037410543
1.616 0.5032821754825928
1.617 0.5032157075771763
1.618 0.503152376274942
1.619 0.5030878676958133
1.62 0.5030250118921137
1.621 0.5029630915158567
1.622 0.5028985177775758
1.623 0.5028348814600881
1.624 0.5027679291636956
1.625 0.5026990438644191
1.626 0.5026332131424425
1.627 0.5025689940226377
1.628 0.5025063841861345
1.629 0.502442574123381
1.63 0.5023726263169908
1.631 0.5022993602331032
1.632 0.5022185718725872
1.633 0.5021330830216146
1.634 0.5020422203969306
1.635 0.5019396621269921
1.636 0.5018261248718908
1.637 0.5017016119428079
1.638 0.5015661339804166
1.639 0.5014252948198196
1.64 0.5012783967729573
1.641 0.5011268093958567
1.642 0.5009726239885968
1.643 0.5008165106984553
1.644 0.5006619446089221
1.645 0.5005096000268063
1.646 0.5003566567789216
1.647 0.5002044784264792
1.648 0.5000537339513436
1.649 0.49990369692165115
1.65 0.4997578300455447
1.651 0.49961331859197716
1.652 0.49947363130176425
1.653 0.4993408520883258
1.654 0.49921986637854565
1.655 0.49911416635229344
1.656 0.49902794568795034
1.657 0.498958420714146
1.658 0.4989084053487439
1.659 0.4988793253006654
1.66 0.4988719068413391
1.661 0.4988847739794597
1.662 0.4989137484014382
1.663 0.4989504423836308
1.664 0.49898926745020633
1.665 0.49902672167886303
1.666 0.49905859178800216
1.667 0.49908275938539975
1.668 0.4990914886386934
1.669 0.49908054793442885
1.67 0.49904639562845826
1.671 0.4989875866878898
1.672 0.4989083030865761
1.673 0.49881201720604457
1.674 0.4986979845166487
1.675 0.4985696892491362
1.676 0.49842636931250955
1.677 0.4982714976308935
1.678 0.4981085344001039
1.679 0.49794025830503397
1.68 0.49777086910645235
1.681 0.49760244639659096
1.682 0.49743426954270337
1.683 0.4972705812924167
1.684 0.4971142102422813
1.685 0.49696589690874093
1.686 0.49683205101743055
1.687 0.4967155849023797
1.688 0.49661724896219966
1.689 0.49653783942890783
1.69 0.4964738504065552
1.691 0.49642533755129165
1.692 0.49638949028182494
1.693 0.4963613453467605
1.694 0.4963416792447672
1.695 0.49632548957447725
1.696 0.4963091989338167
1.697 0.4962884917228162
1.698 0.4962611492442687
1.699 0.4962264424470862
1.7 0.4961850459609401
1.701 0.496138392565006
1.702 0.4960893692014158
1.703 0.49603941041919525
1.704 0.49598707213334636
1.705 0.49593451912298014
1.706 0.49588395328111073
1.707 0.49584129226061924
1.708 0.49580949103588434
1.709 0.49579085521867666
1.71 0.4957884129347141
1.711 0.4957977977415841
1.712 0.49581759968263794
1.713 0.4958531016486775
1.714 0.4959036416529181
1.715 0.4959707885891067
1.716 0.49605313924024225
1.717 0.4961455773726668
1.718 0.4962443762765908
1.719 0.49634282841221283
1.72 0.49644321963924193
1.721 0.4965500372157795
1.722 0.4966572447401757
1.723 0.4967611171550194
1.724 0.49685935421271415
1.725 0.4969473882707901
1.726 0.4970236521849459
1.727 0.4970903767689874
1.728 0.49714823860014623
1.729 0.4971956440014067
1.73 0.4972234489938701
1.731 0.4972285447732846
1.732 0.49721537242207076
1.733 0.4971831178978246
1.734 0.49713245306784065
1.735 0.49706634503080227
1.736 0.49698163913275434
1.737 0.4968728953652115
1.738 0.4967476833757882
1.739 0.49661204500493417
1.74 0.49647437079660167
1.741 0.49633771514673003
1.742 0.49620282040966696
1.743 0.4960704676074081
1.744 0.4959437458544573
1.745 0.4958273519441644
1.746 0.4957337606035554
1.747 0.4956638059075401
1.748 0.49561297029456436
1.749 0.4955790149746058
1.75 0.49555579152508494
1.751 0.49554338202398346
1.752 0.4955457809104
1.753 0.4955630938570866
1.754 0.4955946339921595
1.755 0.495634996896768
1.756 0.49567879318642655
1.757 0.4957291841192667
1.758 0.4957861988711477
1.759 0.495853050505563
1.76 0.49593134350643053
1.761 0.4960179454953307
1.762 0.49610892461638967
1.763 0.4962011014491828
1.764 0.496292069824161
1.765 0.4963826109225943
1.766 0.496471135119539
1.767 0.4965592519764035
1.768 0.4966461400471614
1.769 0.4967326257778121
1.77 0.4968194952771882
1.771 0.49690915281258224
1.772 0.49700321165241784
1.773 0.49710653576800534
1.774 0.4972199374364488
1.775 0.49734424916891284
1.776 0.49747868073673146
1.777 0.4976167391795087
1.778 0.49775677599945384
1.779 0.49789635693925627
1.78 0.4980321916191065
1.781 0.4981675311617477
1.782 0.4982999049251387
1.783 0.49842603335928054
1.784 0.4985466967560313
1.785 0.49866023142051413
1.786 0.4987698841484247
1.787 0.4988813476163218
1.788 0.49899541556091476
1.789 0.49911207786872497
1.79 0.49923130952439426
1.791 0.4993465508036279
1.792 0.4994602404428158
1.793 0.4995723638937496
1.794 0.49968126719641315
1.795 0.4997893957049836
1.796 0.4998910002245559
1.797 0.49998360822342647
1.798 0.5000688463644202
1.799 0.5001442462151761
1.8 0.5002122606331104
1.801 0.5002712496660597
1.802 0.5003179358425136
1.803 0.5003539579379984
1.804 0.5003785011355035
1.805 0.5003899286987522
1.806 0.5003882483610023
1.807 0.5003742839873612
1.808 0.5003504944592394
1.809 0.5003226133977906
1.81 0.5002963714959393
1.811 0.5002717738317819
1.812 0.5002463679148762
1.813 0.5002193334228127
1.814 0.5001898539433973
1.815 0.5001620183227994
1.816 0.5001390984456977
1.817 0.5001161843108635
1.818 0.5000883649538047
1.819 0.5000441836337275
1.82 0.4999779070623757
1.821 0.5000212710255907
1.822 0.5003172194569987
1.823 0.5007261897176764
1.824 0.5011263320100292
1.825 0.5015111899825964
1.826 0.5018743439796071
1.827 0.502213506461354
1.828 0.5025320638558669
1.829 0.5028407242057036
1.83 0.5030118864999489
1.831 0.5027782252225427
1.832 0.5021348051339459
1.833 0.5013406308774625
1.834 0.500511700782764
1.835 0.4996485027192221
1.836 0.4987620599452735
1.837 0.4978568311065657
1.838 0.4969290962629326
1.839 0.4959759552111992
1.84 0.49511387886991404
1.841 0.4944786721329176
1.842 0.4939282873752654
1.843 0.49333916492102686
1.844 0.49271868275026176
1.845 0.49206519887045086
1.846 0.4913654148468716
1.847 0.49061225305926587
1.848 0.48979752316387204
1.849 0.4889214528063133
1.85 0.487993948429952
1.851 0.4870140339741316
1.852 0.48598728940829533
1.853 0.48491163978836127
1.854 0.4837706484311426
1.855 0.4825560459327014
1.856 0.4812714457455496
1.857 0.4799192424475261
1.858 0.47849872274931327
1.859 0.4770014524641557
1.86 0.47541534088537085
1.861 0.4737290948738311
1.862 0.4719287184527231
1.863 0.47001872539711725
1.864 0.46801396058433825
1.865 0.46591821449681636
1.866 0.4637415424269939
1.867 0.46148982641682945
1.868 0.45916740157290065
1.869 0.45679391438210337
1.87 0.45439395738422733
1.871 0.4520077731199403
1.872 0.4496588709764615
1.873 0.447359944935427
1.874 0.44511870973554984
1.875 0.442946886704066
1.876 0.440851075852359
1.877 0.4388548678239452
1.878 0.436986179620495
1.879 0.4352536830676328
1.88 0.43366418377387594
1.881 0.4322177304378646
1.882 0.4309429459672475
1.883 0.4298623450819857
1.884 0.4290164123901988
1.885 0.4284394595124443
1.886 0.42815608403397276
1.887 0.4281721719961439
1.888 0.4285045476706305
1.889 0.42917125824825086
1.89 0.43018646507788144
1.891 0.4315410578409278
1.892 0.4332451546725692
1.893 0.43525092160962175
1.894 0.43752817587046866
1.895 0.44005031231681235
1.896 0.4427750948945727
1.897 0.4456780687703778
1.898 0.4487164575891003
1.899 0.4518371863301636
1.9 0.4550059208422291
1.901 0.45818903493524726
1.902 0.4613370922271446
1.903 0.46446085672082715
1.904 0.46751163015864966
1.905 0.47047392147245
1.906 0.4733258949677566
1.907 0.47603047451535196
1.908 0.47858070308389605
1.909 0.4809782608695652
1.91 0.4832049715051467
1.911 0.4852785604824756
1.912 0.48718650205433794
1.913 0.4889276748117104
1.914 0.49051882668596064
1.915 0.491964204642904
1.916 0.49328622981187276
1.917 0.49451101603301006
1.918 0.4956456716144588
1.919 0.49669528881188374
1.92 0.49767050238563015
1.921 0.49856465684571855
1.922 0.4993943235079147
1.923 0.5001584931899056
1.924 0.5008691562027077
1.925 0.5015231436048414
1.926 0.5021250727939599
1.927 0.5026771541009712
1.928 0.5031816930278092
1.929 0.5036461781331161
1.93 0.5040832307864415
1.931 0.5044928419128846
1.932 0.5048749341225118
1.933 0.5052395739558784
1.934 0.5055867895390267
1.935 0.5059190815478738
1.936 0.5062388860423761
1.937 0.50654627991923
1.938 0.5068413056949247
1.939 0.5071214990531246
1.94 0.5073941562313655
1.941 0.50766677400976
1.942 0.5079368215178245
1.943 0.5082089074645676
1.944 0.5084830584148604
1.945 0.508754345392051
1.946 0.5090226149993666
1.947 0.5092927420020289
1.948 0.5095623328707308
1.949 0.5098243230875206
1.95 0.5100736511287576
1.951 0.5103103868485819
1.952 0.5105300481169656
1.953 0.5107300612333883
1.954 0.5109108069844266
1.955 0.5110795774912603
1.956 0.511229516249
1.957 0.511367658290334
1.958 0.5115101844040014
1.959 0.5116574154820075
1.96 0.5118045509862001
1.961 0.5119493233515693
1.962 0.5120987182636065
1.963 0.512250098444353
1.964 0.5124014214231346
1.965 0.5125590983441259
1.966 0.5127232192620667
1.967 0.5128781829473871
1.968 0.5130127766621797
1.969 0.513134151428007
1.97 0.5132509914222323
1.971 0.5133676829639156
1.972 0.5134799949874037
1.973 0.5135961010327621
1.974 0.5137120972498868
1.975 0.5138212902704749
1.976 0.5139198877278415
1.977 0.5140146451781046
1.978 0.5141096755046336
1.979 0.5141949804221501
1.98 0.514256189806969
1.981 0.5143035643824806
1.982 0.5143296221818955
1.983 0.5143261235338584
1.984 0.514301994762536
1.985 0.5142613741390535
1.986 0.5142127639170808
1.987 0.5141544855316325
1.988 0.5140826429302326
1.989 0.5140153137190966
1.99 0.5139527524602396
1.991 0.5138810110255554
1.992 0.5138121546961326
1.993 0.5137440539772072
1.994 0.5136768010271932
1.995 0.5136063729514427
1.996 0.5135328227653833
1.997 0.5134637220179415
1.998 0.513391721888977
1.999 0.5133093284331595
2.0 0.5132206023828906
2.001 0.5131293203083016
2.002 0.5130319519000506
2.003 0.5129284907653637
2.004 0.5128191188622624
2.005 0.5127020701940378
2.006 0.5125722076710559
2.007 0.5124260524032747
2.008 0.5122676500682128
2.009 0.5121041447901089
2.01 0.5119356768359196
2.011 0.5117605032010423
2.012 0.5115805619465942
2.013 0.5113941181573697
2.014 0.5111945583495412
2.015 0.5109870645328822
2.016 0.5107786297185399
2.017 0.5105675587200262
2.018 0.5103556474699213
2.019 0.5101409965469542
2.02 0.5099170658420411
2.021 0.5096839138312865
2.022 0.5094465763681825
2.023 0.5092083177918686
2.024 0.5089759160079903
2.025 0.508744201118279
2.026 0.5085098180068738
2.027 0.5082695655029723
2.028 0.5080251015618095
2.029 0.507777904681101
2.03 0.5075410070725407
2.031 0.5073142568001505
2.032 0.5070926343978214
2.033 0.5068727746529749
2.034 0.5066562456780236
2.035 0.5064413891330428
2.036 0.5062329218581019
2.037 0.5060371709717882
2.038 0.5058555689995542
2.039 0.5056815835369088
2.04 0.5055103185747023
2.041 0.5053479825676642
2.042 0.5052038955055258
2.043 0.5050701315714888
2.044 0.5049528287062935
2.045 0.5048565612974247
2.046 0.5047702815217323
2.047 0.504690794920258
2.048 0.5046211124345966
2.049 0.5045642843581835
2.05 0.5045202338716192
2.051 0.5044780192517615
2.052 0.504432887568103
2.053 0.5043926466816435
2.054 0.5043525739104684
2.055 0.5043095617149561
2.056 0.5042805192569572
2.057 0.504268442371425
2.058 0.5042625341171209
2.059 0.5042612202960685
2.06 0.504261450358377
2.061 0.5042708476177417
2.062 0.5042847886201368
2.063 0.504298733915811
2.064 0.5043156634176659
2.065 0.5043280609681539
2.066 0.5043178206034675
2.067 0.5042910104462349
2.068 0.5042522947936492
2.069 0.5042062031725415
2.07 0.5041587748498428
2.071 0.5041084806712617
2.072 0.5040642623146998
2.073 0.5040276454477302
2.074 0.5039999999999999
2.075 0.5039858308031196
2.076 0.5039866862806283
2.077 0.503995015502381
2.078 0.5040034598898642
2.079 0.5040090147376765
2.08 0.5040087172990547
2.081 0.5039996461794755
2.082 0.5039758826871727
2.083 0.5039389984361589
2.084 0.5038875045126752
2.085 0.5038316927143623
2.086 0.503777504681648
2.087 0.5037336324913672
2.088 0.5037016078220896
2.089 0.5036755711406504
2.09 0.503655493709759
2.091 0.5036399274047186
2.092 0.5036288299886627
2.093 0.5036279511486099
2.094 0.5036285729155222
2.095 0.5036248516712428
2.096 0.5036139645782459
2.097 0.5035943883206131
2.098 0.5035762541325284
2.099 0.5035596178577989
2.1 0.5035473190867266
2.101 0.5035379586322183
2.102 0.5035229887521616
2.103 0.5035023720221274
2.104 0.5034832677726468
2.105 0.5034628226915226
2.106 0.5034411004699
2.107 0.503413778321585
2.108 0.5033780239906328
2.109 0.5033395528198623
2.11 0.5032941243001753
2.111 0.5032502372023675
2.112 0.5032121786411272
2.113 0.5031742723396104
2.114 0.503136480503187
2.115 0.5031057994589082
2.116 0.5030780713371793
2.117 0.5030476782996897
2.118 0.5030188013805033
2.119 0.5029928066403684
2.12 0.5029655361141983
2.121 0.5029327844298851
2.122 0.5028973717495111
2.123 0.5028565544915945
2.124 0.5028034057836055
2.125 0.5027448040318213
2.126 0.5026877544906858
2.127 0.5026157409973067
2.128 0.5025370171985684
2.129 0.5024584497110146
2.13 0.5023869645215296
2.131 0.5023294068292468
2.132 0.5022939700570735
2.133 0.5022724017496116
2.134 0.5022592184920199
2.135 0.5022474412160101
2.136 0.5022466478805158
2.137 0.502267906583652
2.138 0.5022987654930214
2.139 0.5023254794760686
2.14 0.5023412378046278
2.141 0.5023351197637537
2.142 0.5023125445639495
2.143 0.5022899721600524
2.144 0.5022756339460774
2.145 0.5022721700040866
2.146 0.5022672836145889
2.147 0.502265113446018
2.148 0.5022710602808943
2.149 0.5022824358285433
2.15 0.5023019733524215
2.151 0.5023296889052629
2.152 0.5023492730244995
2.153 0.5023593643101868
2.154 0.5023626897649197
2.155 0.5023524743495267
2.156 0.5023314769616635
2.157 0.5023078104496796
2.158 0.5022720542708697
2.159 0.5022296574019784
2.16 0.5021900242380597
2.161 0.5021558551737839
2.162 0.5021338347599134
2.163 0.5021225732448571
2.164 0.5021166982185461
2.165 0.5021135201078698
2.166 0.5021130431296026
2.167 0.5021258639660716
2.168 0.5021559659955066
2.169 0.5022033125664793
2.17 0.5022611660052734
2.171 0.5023175865170214
2.172 0.5023672492855719
2.173 0.5024114816270595
2.174 0.5024569372658481
2.175 0.5025036248883374
2.176 0.5025476020232514
2.177 0.5025808312101994
2.178 0.5026020261180519
2.179 0.5026178010471204
2.18 0.5026412884951644
2.181 0.5026778399197044
2.182 0.502724806395335
2.183 0.5027808150048363
2.184 0.5028392757287212
2.185 0.5028988889559017
2.186 0.502963616791122
2.187 0.5030255622732136
2.188 0.5030834517936282
2.189 0.5031268596723845
2.19 0.5031504910177768
2.191 0.5031622745463588
2.192 0.5031597178879041
2.193 0.5031454382055158
2.194 0.5031285507494514
2.195 0.5031065234401314
2.196 0.5030768195674338
2.197 0.5030471887809693
2.198 0.50301894487941
2.199 0.5029934252932834
2.2 0.5029641265998815
2.201 0.5029400114205169
2.202 0.5029173057505992
2.203 0.5028819257320297
2.204 0.5028338524243473
2.205 0.5027808220581156
2.206 0.5027216174183514
2.207 0.5026510999189977
2.208 0.5025680429266499
2.209 0.5024763206618483
2.21 0.502368327850975
2.211 0.5022402118018432
2.212 0.5021035014269217
2.213 0.5019620800081329
2.214 0.5018120957070983
2.215 0.5016484646055994
2.216 0.501472479472799
2.217 0.5012866440014502
2.218 0.501088419169355
2.219 0.5008739797236704
2.22 0.500644566519518
2.221 0.5003937795492933
2.222 0.5001202827023344
2.223 0.4998277905527923
2.224 0.499513660565471
2.225 0.4991828347147017
2.226 0.4988377015643498
2.227 0.49847558655675334
2.228 0.49810393579271733
2.229 0.49772765955284815
2.23 0.497355492946286
2.231 0.4969898456611776
2.232 0.49662802789332033
2.233 0.4962737231121047
2.234 0.4959242151973477
2.235 0.4955794130976369
2.236 0.4952456438708949
2.237 0.4949189655970023
2.238 0.49460064333856146
2.239 0.494290640470377
2.24 0.49398244924146784
2.241 0.49368125954683484
2.242 0.49339223083382955
2.243 0.493120689025948
2.244 0.4928652647262557
2.245 0.4926274178792653
2.246 0.49241273062827634
2.247 0.4922226236087343
2.248 0.49205068728295115
2.249 0.49190788251837303
2.25 0.4917930250694007
2.251 0.4917052278559089
2.252 0.49164755802241605
2.253 0.49162326458874184
2.254 0.4916283810016824
2.255 0.49165370518143825
2.256 0.4916929005644811
2.257 0.49175297589875955
2.258 0.4918340421696127
2.259 0.49193113029943464
2.26 0.49204564510409243
2.261 0.4921681098670785
2.262 0.49228892399022944
2.263 0.49240835081410445
2.264 0.49254017950323525
2.265 0.4926899931896081
2.266 0.4928523643040887
2.267 0.4930246788826013
2.268 0.4931997680715601
2.269 0.4933663721209829
2.27 0.493524316707178
2.271 0.4936705269548738
2.272 0.49381630969650425
2.273 0.4939561144616964
2.274 0.4940784000960491
2.275 0.4941888120304199
2.276 0.4942726823607807
2.277 0.4943196867622502
2.278 0.4943453832413261
2.279 0.49434806000196696
2.28 0.49434801390455263
2.281 0.49435240854447027
2.282 0.49434082065382023
2.283 0.4943191438430146
2.284 0.49428566412696184
2.285 0.4942419185980018
2.286 0.4942082785904705
2.287 0.4941757011548433
2.288 0.49414880894377367
2.289 0.49411252797215216
2.29 0.49403718045726325
2.291 0.49394203510734186
2.292 0.4938371749717432
2.293 0.49371974609894725
2.294 0.49360915102427444
2.295 0.4935102012603943
2.296 0.49343684944671906
2.297 0.49340416407443866
2.298 0.4934111941586217
2.299 0.4934761104266927
2.3 0.4936082461684454
2.301 0.49379159388213634
2.302 0.49402486609038937
2.303 0.4942915242610218
2.304 0.4945795964469653
2.305 0.49488011565494217
2.306 0.495176333520321
2.307 0.49546653325674617
2.308 0.4957585432405844
2.309 0.49602875780535804
2.31 0.49625973864729805
2.311 0.4964559952746605
2.312 0.4966219582056839
2.313 0.4967683198692986
2.314 0.4968855279303358
2.315 0.49697034123525036
2.316 0.4970289342358193
2.317 0.49704065958180504
2.318 0.4969992215553826
2.319 0.4969467832011792
2.32 0.49689255314127484
2.321 0.4968207655369724
2.322 0.49672181836538953
2.323 0.49660038040353105
2.324 0.4964514097854392
2.325 0.4962811318542369
2.326 0.49610552843567296
2.327 0.4959418087483985
2.328 0.49577412759778094
2.329 0.4955866262173861
2.33 0.49539188178674826
2.331 0.49521068503851307
2.332 0.49505261706133474
2.333 0.4949211582522744
2.334 0.49482424987845436
2.335 0.4947426495497617
2.336 0.494663877636135
2.337 0.4946025451623772
2.338 0.4945750628201882
2.339 0.49458493150239274
2.34 0.49461264862080545
2.341 0.4946569573896027
2.342 0.4947328449184557
2.343 0.4948208112203731
2.344 0.494930705954654
2.345 0.4950889843762863
2.346 0.4952728112423303
2.347 0.49546077961564516
2.348 0.49566144362525194
2.349 0.49586817967781094
2.35 0.4960756504322929
2.351 0.49626559053572555
2.352 0.4964263698915416
2.353 0.49657280536070636
2.354 0.4966661430533785
2.355 0.496697896896726
2.356 0.49668956315643026
2.357 0.49663063952375675
2.358 0.49654824554029287
2.359 0.4964456372765264
2.36 0.49631390799946035
2.361 0.4961681229713344
2.362 0.4959946143801463
2.363 0.495810391854575
2.364 0.4956609683999036
2.365 0.4955380059901206
2.366 0.4954452424493188
2.367 0.495353121801433
2.368 0.4952245520240106
2.369 0.4950904339665938
2.37 0.4949483510072411
2.371 0.49481575734649313
2.372 0.49472033635455076
2.373 0.4946313800927636
2.374 0.4945368713595005
2.375 0.4944191628397408
2.376 0.4942889519201357
2.377 0.49418896321070244
2.378 0.4941107863575572
2.379 0.4940641602676728
2.38 0.4940431503245045
2.381 0.4940058587499692
2.382 0.4939383149961046
2.383 0.49384007520550754
2.384 0.4937305352517884
2.385 0.49362884232139626
2.386 0.4935248569983546
2.387 0.4934056162079347
2.388 0.49326194782172716
2.389 0.49308019362530336
2.39 0.4928990673724388
2.391 0.4927638800623953
2.392 0.49267695694521396
2.393 0.4926384355359328
2.394 0.4926307281161024
2.395 0.49264662927912134
2.396 0.49268490923868874
2.397 0.4927618173474071
2.398 0.49288307327525904
2.399 0.49300865840825586
2.4 0.4930935134574649
2.401 0.4931061123822541
2.402 0.4930270683134932
2.403 0.49286851606826493
2.404 0.4926771653543307
2.405 0.49249060620535834
2.406 0.49229207853553264
2.407 0.4920524387659331
2.408 0.49178859134290503
2.409 0.4915114817776762
2.41 0.4912795473387815
2.411 0.49114966231496315
2.412 0.4910988643312322
2.413 0.49108486743082086
2.414 0.49107028735431846
2.415 0.4910146121880964
2.416 0.4909867561294349
2.417 0.49102354313631846
2.418 0.49107623406470374
2.419 0.4911750211901994
2.42 0.49126846598776724
2.421 0.49131805225841796
2.422 0.4913767007615587
2.423 0.49143295643937124
2.424 0.49148504367775525
2.425 0.4915202383108911
2.426 0.49149132163289055
2.427 0.49144708300728585
2.428 0.491392393732377
2.429 0.49129490351715294
2.43 0.49121110555687586
2.431 0.49112917483851604
2.432 0.49103083511423923
2.433 0.49102153341777804
2.434 0.4910326380408868
2.435 0.4910104256551988
2.436 0.4910148323256836
2.437 0.4909774278215223
2.438 0.49093530153136705
2.439 0.4909830066797243
2.44 0.4910594508312249
2.441 0.49110003408316294
2.442 0.49113040801405794
2.443 0.4911633493479753
2.444 0.4912469446070162
2.445 0.49142062676488113
2.446 0.49162858194892683
2.447 0.4918660495034444
2.448 0.49203614699545545
2.449 0.49208558162332006
2.45 0.4921766616911054
2.451 0.49225863003078923
2.452 0.4922536300749221
2.453 0.49221694975386937
2.454 0.49209357786735725
2.455 0.4918972490825811
2.456 0.49172809759680414
2.457 0.4916062083061926
2.458 0.49155422153718586
2.459 0.49153040552762
2.46 0.4914837544962601
2.461 0.4915605863458931
2.462 0.49183671606921225
2.463 0.4921807084488612
2.464 0.4926279669336563
2.465 0.49311091993945894
2.466 0.49345574496551403
2.467 0.4937150417994827
2.468 0.4939286658840669
2.469 0.4941503322722957
2.47 0.49437693657371107
2.471 0.4944696062284773
2.472 0.49449173408371433
2.473 0.4944045722235539
2.474 0.4940731946328962
2.475 0.4937037107013302
2.476 0.49353416640228803
2.477 0.4935000830584494
2.478 0.49365715834986224
2.479 0.49385099385099385
2.48 0.4939769970004394
2.481 0.49416781938188936
2.482 0.49440400494864345
2.483 0.4949539082004994
2.484 0.49589970870146227
2.485 0.49680093588873325
2.486 0.49754141036271426
2.487 0.49800850669383145
2.488 0.49816741775138773
2.489 0.49834646317430653
2.49 0.4984602850533687
2.491 0.49848445105068345
2.492 0.4691736213722694
2.493 0.43579962455600735
2.494 0.397891886213216
2.495 0.35477941176470584
2.496 0.30523523907614225
2.497 0.24788188115202336
2.498 0.180184768164493
2.499 0.09898537149060221
2.5 0.0
