0.35 1.0
0.351 1.0
0.352 0.8999999999999999
0.353 0.8181818181818182
0.354 0.75
0.355 0.6923076923076923
0.356 0.6428571428571428
0.357 0.6
0.358 0.5625
0.359 0.5294117647058824
0.36 0.5
0.361 0.5
0.362 0.5
0.363 0.5
0.364 0.5
0.365 0.5
0.366 0.5
0.367 0.5
0.368 0.5
0.369 0.5
0.37 0.5
0.371 0.5
0.372 0.5
0.373 0.5
0.374 0.5
0.375 0.5
0.376 0.5
0.377 0.5
0.378 0.5
0.379 0.5
0.38 0.5
0.381 0.5
0.382 0.5
0.383 0.5
0.384 0.5
0.385 0.5
0.386 0.5
0.387 0.5
0.388 0.5
0.389 0.5
0.39 0.5
0.391 0.5
0.392 0.5
0.393 0.5
0.394 0.5
0.395 0.5
0.396 0.5
0.397 0.5
0.398 0.5
0.399 0.5
0.4 0.5
0.401 0.5
0.402 0.5
0.403 0.5
0.404 0.5
0.405 0.5
0.406 0.5
0.407 0.5
0.408 0.5
0.409 0.5
0.41 0.5
0.411 0.5
0.412 0.5
0.413 0.5
0.414 0.5
0.415 0.5
0.416 0.5
0.417 0.5
0.418 0.5
0.419 0.5
0.42 0.5
0.421 0.5
0.422 0.5
0.423 0.5
0.424 0.5
0.425 0.5
0.426 0.5
0.427 0.5
0.428 0.5
0.429 0.5
0.43 0.5
0.431 0.5
0.432 0.5
0.433 0.5
0.434 0.5
0.435 0.5
0.436 0.5
0.437 0.5
0.438 0.5
0.439 0.5
0.44 0.5
0.441 0.5
0.442 0.5
0.443 0.5
0.444 0.5
0.445 0.5
0.446 0.5
0.447 0.5
0.448 0.5
0.449 0.5
0.45 0.5
0.451 0.5
0.452 0.5
0.453 0.5
0.454 0.5
0.455 0.5
0.456 0.5
0.457 0.5
0.458 0.5
0.459 0.5
0.46 0.5
0.461 0.5
0.462 0.5
0.463 0.5
0.464 0.5
0.465 0.5
0.466 0.5
0.467 0.5
0.468 0.5
0.469 0.5
0.47 0.5
0.471 0.5
0.472 0.5
0.473 0.5
0.474 0.5
0.475 0.5
0.476 0.5
0.477 0.5
0.478 0.5
0.479 0.5
0.48 0.5
0.481 0.5
0.482 0.5
0.483 0.5
0.484 0.5
0.485 0.5
0.486 0.5
0.487 0.5
0.488 0.5
0.489 0.5
0.49 0.5
0.491 0.5
0.492 0.5
0.493 0.5
0.494 0.5
0.495 0.5
0.496 0.5
0.497 0.5
0.498 0.5
0.499 0.5
0.5 0.5
0.501 0.5
0.502 0.5
0.503 0.5
0.504 0.5
0.505 0.5
0.506 0.5
0.507 0.5
0.508 0.5
0.509 0.5
0.51 0.5
0.511 0.5004341445319083
0.512 0.5014907526122269
0.513 0.5032031580163092
0.514 0.5055850614421279
0.515 0.5086171204105753
0.516 0.5122552552805996
0.517 0.5164653675994467
0.518 0.5212038760564959
0.519 0.5264190813338978
0.52 0.5316351442883449
0.521 0.5362101372241862
0.522 0.5399215736440435
0.523 0.5427102555166502
0.524 0.5445605910015142
0.525 0.5454888830948891
0.526 0.5455291893387472
0.527 0.5446828380715621
0.528 0.5429975559653493
0.529 0.5405691412270814
0.53 0.5379290812280503
0.531 0.535312705874471
0.532 0.5328135152696556
0.533 0.5305146459431552
0.534 0.5284122622472199
0.535 0.5264676553582416
0.536 0.5246938839749441
0.537 0.523125499849396
0.538 0.5216599252786612
0.539 0.5202139823587063
0.54 0.5187647589415115
0.541 0.5173125522296392
0.542 0.5157351057014734
0.543 0.5139801648942526
0.544 0.512096254670512
0.545 0.510156543024656
0.546 0.5081343195499075
0.547 0.5061043176402522
0.548 0.5041479974172847
0.549 0.5022418458352463
0.55 0.5002636049440572
0.551 0.49819808381596037
0.552 0.49615693023801616
0.553 0.494154425095303
0.554 0.49215179422662986
0.555 0.49014540217412755
0.556 0.48819584105251695
0.557 0.4862430070278126
0.558 0.4842986950604435
0.559 0.48243406482786394
0.56 0.48074584515605995
0.561 0.47919261633961574
0.562 0.4777032034917237
0.563 0.4762943345277043
0.564 0.4750047180691564
0.565 0.4738168609884466
0.566 0.4727087903268952
0.567 0.47173586252392746
0.568 0.47094256291405207
0.569 0.4703366415419641
0.57 0.4699678226671433
0.571 0.4699006098938333
0.572 0.4701483164541063
0.573 0.47066495838960254
0.574 0.4713905677548829
0.575 0.472314278638063
0.576 0.47338745246695035
0.577 0.4745591211332756
0.578 0.47582892255277726
0.579 0.4771353449970514
0.58 0.47838595272934703
0.581 0.4795536708322388
0.582 0.4806785218817001
0.583 0.4818020078790189
0.584 0.48295985359423577
0.585 0.48416347875368704
0.586 0.48539587922767913
0.587 0.48654989052236475
0.588 0.4875981079416659
0.589 0.4886498301424697
0.59 0.4897157445007342
0.591 0.49070039324051445
0.592 0.49154193014754927
0.593 0.49221847208828884
0.594 0.49268017261080566
0.595 0.49289029194323025
0.596 0.4930060982181921
0.597 0.49315800599268905
0.598 0.4933052267285985
0.599 0.4933871942051901
0.6 0.4934720884383473
0.601 0.49366167396589555
0.602 0.493983410359196
0.603 0.4944310776223755
0.604 0.4950670159904695
0.605 0.49584581091420943
0.606 0.49660272556275914
0.607 0.49729312226723255
0.608 0.4979440359665941
0.609 0.49854823170696605
0.61 0.4990568399717955
0.611 0.49945538613311874
0.612 0.49975029066190996
0.613 0.49994118526400827
0.614 0.5
0.615 0.5
0.616 0.5
0.617 0.5
0.618 0.5
0.619 0.5
0.62 0.5
0.621 0.5
0.622 0.5
0.623 0.5
0.624 0.5
0.625 0.5
0.626 0.5
0.627 0.5
0.628 0.5
0.629 0.5
0.63 0.5
0.631 0.5
0.632 0.5
0.633 0.5
0.634 0.5
0.635 0.5
0.636 0.5
0.637 0.5
0.638 0.5
0.639 0.5
0.64 0.5
0.641 0.5
0.642 0.5
0.643 0.5
0.644 0.5
0.645 0.5
0.646 0.5
0.647 0.5
0.648 0.5
0.649 0.5
0.65 0.5
0.651 0.5
0.652 0.5
0.653 0.5
0.654 0.5
0.655 0.5
0.656 0.5
0.657 0.5
0.658 0.5
0.659 0.5
0.66 0.5
0.661 0.5
0.662 0.5
0.663 0.5
0.664 0.5
0.665 0.5
0.666 0.5
0.667 0.5
0.668 0.5
0.669 0.5
0.67 0.5
0.671 0.5
0.672 0.5
0.673 0.5
0.674 0.5
0.675 0.5
0.676 0.5
0.677 0.5
0.678 0.5
0.679 0.5
0.68 0.5
0.681 0.5
0.682 0.5
0.683 0.5
0.684 0.5
0.685 0.5
0.686 0.5005313602812926
0.687 0.5026705871197424
0.688 0.5065799818954111
0.689 0.5123683800967337
0.69 0.5201209217463835
0.691 0.5298250199622608
0.692 0.5413795897759145
0.693 0.5546213177692415
0.694 0.5693455223485081
0.695 0.5849261072929849
0.696 0.5999598037187893
0.697 0.6133120902958326
0.698 0.6247465117186493
0.699 0.6341064164235581
0.7 0.6413140851438014
0.701 0.646387926063175
0.702 0.6494226142646815
0.703 0.6505556043985948
0.704 0.6499598417248164
0.705 0.6481635886104974
0.706 0.6459477886897347
0.707 0.6434270716624677
0.708 0.640744726898375
0.709 0.6379872195634734
0.71 0.6352025313803147
0.711 0.6324401362638672
0.712 0.6297177702483
0.713 0.6270265187977668
0.714 0.6243446857259668
0.715 0.6216693028348947
0.716 0.6189966125813986
0.717 0.6162791126927465
0.718 0.6134863256096227
0.719 0.6106303160866173
0.72 0.6076915112531871
0.721 0.6046434380937007
0.722 0.6014863591358599
0.723 0.5982333939606057
0.724 0.594880566823995
0.725 0.5914317546964625
0.726 0.5879060763097803
0.727 0.5843388193113065
0.728 0.5807330600434049
0.729 0.5770972087106189
0.73 0.5734608134807985
0.731 0.5698431978798587
0.732 0.5662623655913979
0.733 0.5627437577058888
0.734 0.5592930608100362
0.735 0.5559195779563867
0.736 0.552630135483517
0.737 0.5494324901319326
0.738 0.5463441741308995
0.739 0.5433693294944008
0.74 0.5405079829532013
0.741 0.537767705991419
0.742 0.5351376162985717
0.743 0.5326225708309895
0.744 0.5302396439987551
0.745 0.527977446752108
0.746 0.5258345379365986
0.747 0.5238099992179531
0.748 0.5219040428849774
0.749 0.5201176614781224
0.75 0.5184468852591902
0.751 0.5168885426993344
0.752 0.5154391641302402
0.753 0.5140845294194283
0.754 0.5128312069107156
0.755 0.5116844866416983
0.756 0.510636966587411
0.757 0.5096747966213364
0.758 0.5087882882812997
0.759 0.5079776832022657
0.76 0.5072390743599937
0.761 0.5065753492002041
0.762 0.5059868266830913
0.763 0.5054518110038853
0.764 0.5049691269067891
0.765 0.5045335703350184
0.766 0.5041339889385604
0.767 0.5037835018091052
0.768 0.5034687839724314
0.769 0.5031841548231025
0.77 0.5029308907733565
0.771 0.5027033711830436
0.772 0.502507430399788
0.773 0.5023340366041951
0.774 0.5021724227098605
0.775 0.5020352496222396
0.776 0.5019194866161207
0.777 0.5018152426396821
0.778 0.5017277290776954
0.779 0.5016516476045869
0.78 0.5015795010542478
0.781 0.5015112155975994
0.782 0.5014474818896626
0.783 0.5013995728091533
0.784 0.5013577362602913
0.785 0.5013092500943703
0.786 0.5012668119138478
0.787 0.501225930402925
0.788 0.5011813921059767
0.789 0.5011361774998139
0.79 0.5010969971748973
0.791 0.5010586049030591
0.792 0.5010165125662369
0.793 0.5009752094619103
0.794 0.5009347016533372
0.795 0.5008927669536593
0.796 0.5008493905771104
0.797 0.500817171739663
0.798 0.5007931479142955
0.799 0.500769158879891
0.8 0.5007459432845824
0.801 0.5007146055288525
0.802 0.5006773601629222
0.803 0.5006431001576633
0.804 0.5006118282851328
0.805 0.5005894671986681
0.806 0.5005641686286705
0.807 0.5005233369801606
0.808 0.5004832605358938
0.809 0.5004454296842629
0.81 0.5004098397038502
0.811 0.5003816692259216
0.812 0.5003579479230145
0.813 0.5003364493721336
0.814 0.5003142203564516
0.815 0.5002875640735632
0.816 0.5002742204673426
0.817 0.5002631049936735
0.818 0.5002379565884414
0.819 0.5002128156395849
0.82 0.5001832487039587
0.821 0.5001477772819028
0.822 0.5001093529262252
0.823 0.5000635417898096
0.824 0.5000140382816552
0.825 0.49995788403479813
0.826 0.49989877301066793
0.827 0.49985148317326517
0.828 0.49982266254455593
0.829 0.4998115786751395
0.83 0.49980935941808813
0.831 0.4998189607906019
0.832 0.49983817024490235
0.833 0.49986994369153015
0.834 0.4999157584840074
0.835 0.49997413580329014
0.836 0.5000339931954491
0.837 0.500084244255133
0.838 0.50012341062632
0.839 0.5001537033643303
0.84 0.5001825154620892
0.841 0.5002135384879112
0.842 0.5002327358057019
0.843 0.5002474922021486
0.844 0.500258546055178
0.845 0.5002570451040294
0.846 0.5002525871721168
0.847 0.5002599435804275
0.848 0.5002835396379555
0.849 0.500306385667943
0.85 0.5003122577787621
0.851 0.5003085326247416
0.852 0.500307027384481
0.853 0.500298880195534
0.854 0.5003003162544144
0.855 0.5003142992896541
0.856 0.5003164813762883
0.857 0.5002957999359714
0.858 0.500258154739426
0.859 0.500232307395045
0.86 0.50024038674245
0.861 0.500241098880033
0.862 0.5002373923993145
0.863 0.5002417944688041
0.864 0.5002432351154851
0.865 0.5002373070222244
0.866 0.5002372825401317
0.867 0.5002527384915565
0.868 0.5002755624716333
0.869 0.500278484220701
0.87 0.5002777053435812
0.871 0.5002953424278178
0.872 0.5003144556823688
0.873 0.5003203122123633
0.874 0.5003224742462349
0.875 0.5003327346073437
0.876 0.5003452047454243
0.877 0.5003436972402657
0.878 0.5003326278483099
0.879 0.500323035919534
0.88 0.5002876925001287
0.881 0.500238376216528
0.882 0.5001890720754523
0.883 0.5001419842184174
0.884 0.5000941605732026
0.885 0.5000411929477673
0.886 0.49998749556828226
0.887 0.4999433629464213
0.888 0.4998940780821071
0.889 0.4998514111526964
0.89 0.49982933747631325
0.891 0.49982123914377224
0.892 0.4998123998546283
0.893 0.49979840252394164
0.894 0.4997799914351181
0.895 0.4997667289213457
0.896 0.4997541977721781
0.897 0.4997490244336858
0.898 0.4997578293263534
0.899 0.49974822728450613
0.9 0.4997268447550512
0.901 0.4997069383451295
0.902 0.4996848092801574
0.903 0.4996832963109176
0.904 0.4996847340569719
0.905 0.4996847015420157
0.906 0.49968908954810415
0.907 0.49968316096307275
0.908 0.4996742824634269
0.909 0.4996661207655194
0.91 0.49965647594447
0.911 0.4996497902427875
0.912 0.49963349650236205
0.913 0.4995987573278419
0.914 0.4995654900225001
0.915 0.4995233513564565
0.916 0.4994701200864338
0.917 0.49941537389496815
0.918 0.49935320385596826
0.919 0.4992924437721757
0.92 0.49922423117615417
0.921 0.49913157875287323
0.922 0.49903138318481205
0.923 0.4989169771233611
0.924 0.49878616704117845
0.925 0.49865221525455355
0.926 0.4985113776980815
0.927 0.4983651141306041
0.928 0.4982185969280628
0.929 0.4980732821026841
0.93 0.4979239237692151
0.931 0.4977839252781249
0.932 0.4976546718252474
0.933 0.49752570775486854
0.934 0.4973881420755246
0.935 0.49725092581531466
0.936 0.4971147348844997
0.937 0.49696527011715325
0.938 0.49679797012437943
0.939 0.49660516339339583
0.94 0.49638584640636346
0.941 0.4961347093316472
0.942 0.49586275849276834
0.943 0.4955780555530377
0.944 0.4952690603662145
0.945 0.4949242004838428
0.946 0.494542276268288
0.947 0.4941495877287602
0.948 0.4937806861479959
0.949 0.4934548421615018
0.95 0.4931495706491294
0.951 0.49288542354311593
0.952 0.4926783358662028
0.953 0.49252798524779856
0.954 0.4924440556077796
0.955 0.4924530414927175
0.956 0.49255791537406945
0.957 0.492737688791158
0.958 0.4929629368271666
0.959 0.49324860751056065
0.96 0.4936054327423907
0.961 0.4939961928232348
0.962 0.4943997593337346
0.963 0.49482008749283996
0.964 0.49525155697734136
0.965 0.4956671615447843
0.966 0.49607701403083815
0.967 0.4964751422009624
0.968 0.49684689010531713
0.969 0.49716167703057884
0.97 0.49744312210275315
0.971 0.4977199534192667
0.972 0.49799925082433427
0.973 0.49827043620403383
0.974 0.4985454703515824
0.975 0.4988048450486438
0.976 0.49904041844523617
0.977 0.49928352560207223
0.978 0.4995493977729449
0.979 0.4998419920609072
0.98 0.5001346337719546
0.981 0.5003797119348862
0.982 0.5006319400559718
0.983 0.5009008689598268
0.984 0.5011822996533639
0.985 0.501504285886756
0.986 0.5018578032562224
0.987 0.5022216865533727
0.988 0.5025821147817041
0.989 0.502952498681276
0.99 0.5033814073827395
0.991 0.5038418248908046
0.992 0.504257458933959
0.993 0.5046259771928566
0.994 0.5049418937667859
0.995 0.5052005660350389
0.996 0.5054118318432566
0.997 0.5055783018927623
0.998 0.5057089809090163
0.999 0.50579131114276
1.0 0.505798545726618
1.001 0.5057223563215687
1.002 0.505623288207215
1.003 0.5055006840714433
1.004 0.5053585456177757
1.005 0.5051946658038703
1.006 0.5050060780882977
1.007 0.5047944313934533
1.008 0.5045613579204291
1.009 0.5043069440691705
1.01 0.5040924172770745
1.011 0.503940726792173
1.012 0.5038112483662239
1.013 0.5037015683364103
1.014 0.5036092488628762
1.015 0.5035410580831357
1.016 0.5034961619300706
1.017 0.5034683746118942
1.018 0.5034568419898988
1.019 0.5034637608674832
1.02 0.5034286659855384
1.021 0.5033944403342592
1.022 0.5033573203209099
1.023 0.5033195993195992
1.024 0.5032775176333619
1.025 0.5032250378152084
1.026 0.5031704767613844
1.027 0.5031176336972202
1.028 0.5030664891778924
1.029 0.5030140234248971
1.03 0.5029587395230045
1.031 0.5028976416146548
1.032 0.5028337635071076
1.033 0.5027685955968352
1.034 0.502706622421696
1.035 0.5026485861289804
1.036 0.5025892386536555
1.037 0.5025271080305217
1.038 0.5024621904430754
1.039 0.5023922805715346
1.04 0.5023218218626485
1.041 0.5022530298472742
1.042 0.5021851645683559
1.043 0.5021196782467465
1.044 0.5020528691395685
1.045 0.5019840068520967
1.046 0.5019160367182578
1.047 0.501850437469958
1.048 0.50178792696241
1.049 0.5017329159808128
1.05 0.5016794939889858
1.051 0.5016247132858908
1.052 0.5015700467120122
1.053 0.5015125438344015
1.054 0.5014573408592589
1.055 0.50140663273538
1.056 0.5013560107190815
1.057 0.501303283336288
1.058 0.5012469813970585
1.059 0.5011892895147845
1.06 0.5011353262014561
1.061 0.5010836311734805
1.062 0.501036386067697
1.063 0.5009906661133743
1.064 0.5009391659972248
1.065 0.50088334321315
1.066 0.5008297634772708
1.067 0.5007769741344216
1.068 0.5007213281189601
1.069 0.500659170786484
1.07 0.5005897662076356
1.071 0.5005138491455526
1.072 0.5004299564505128
1.073 0.5003446431668117
1.074 0.500265918306982
1.075 0.5001864899674225
1.076 0.5001041643903469
1.077 0.5000247650957826
1.078 0.49995119911779656
1.079 0.49988054483210725
1.08 0.4998120673177781
1.081 0.4997501314905713
1.082 0.49969108908582777
1.083 0.4996269189627181
1.084 0.49955688877616766
1.085 0.4994853582227509
1.086 0.4994115940042377
1.087 0.4993348619838616
1.088 0.4992573441225134
1.089 0.4991812179273867
1.09 0.4991035580278275
1.091 0.4990207061139778
1.092 0.49893849402035345
1.093 0.4988634885274465
1.094 0.49879057496680296
1.095 0.4987204792094332
1.096 0.49865173868616985
1.097 0.49858215032721864
1.098 0.4985102450877658
1.099 0.4984360083236913
1.1 0.49836383593163036
1.101 0.498291505692289
1.102 0.49821165641467235
1.103 0.4981257545878204
1.104 0.49803450036866914
1.105 0.4979349129334547
1.106 0.4978291796584183
1.107 0.4977157764884343
1.108 0.4975931820363792
1.109 0.4974576283716549
1.11 0.4973046181172291
1.111 0.49713700582972
1.112 0.49695465288977847
1.113 0.49675227236935543
1.114 0.49652821688564613
1.115 0.4962822896923315
1.116 0.4960083340671411
1.117 0.4957060754845615
1.118 0.49537296396933483
1.119 0.4950093658817737
1.12 0.4946126249445318
1.121 0.4941800329898649
1.122 0.4937102449996372
1.123 0.49320574945926404
1.124 0.4926620371777955
1.125 0.4920791052469447
1.126 0.49145996235711775
1.127 0.4908060540440923
1.128 0.49012110606609566
1.129 0.48941121100323726
1.13 0.48868251963998033
1.131 0.48793969456704295
1.132 0.4871913633551782
1.133 0.4864434466268417
1.134 0.48571133857018167
1.135 0.48500533072861796
1.136 0.4843345096767357
1.137 0.4837123867928491
1.138 0.48314210320086237
1.139 0.48263813309809944
1.14 0.48220949870247565
1.141 0.4818680872030618
1.142 0.48162372744312554
1.143 0.48148166840788614
1.144 0.48144301601393336
1.145 0.48151415209427795
1.146 0.48169275442002707
1.147 0.481981093556446
1.148 0.48237618036479174
1.149 0.4828694578689318
1.15 0.48344879318713324
1.151 0.48410444407737563
1.152 0.48482525455045794
1.153 0.48559771375164
1.154 0.48640857416544675
1.155 0.4872397716495088
1.156 0.48808078225857987
1.157 0.48891371668427847
1.158 0.4897309747558503
1.159 0.4905224011767209
1.16 0.49128020355477964
1.161 0.49199580266564286
1.162 0.49265958461345716
1.163 0.4932685129959525
1.164 0.49382242359610373
1.165 0.49432127818854155
1.166 0.4947622900001512
1.167 0.4951475622254343
1.168 0.49547827407505834
1.169 0.4957529280641492
1.17 0.49597573244718146
1.171 0.4961520108415568
1.172 0.49628711924809393
1.173 0.49638653885188844
1.174 0.49645580496187314
1.175 0.4965005013003077
1.176 0.49653105699376215
1.177 0.49655125920932247
1.178 0.4965706791135456
1.179 0.496596064374458
1.18 0.4966332115023883
1.181 0.4966860617091518
1.182 0.4967585340509018
1.183 0.4968507070138492
1.184 0.4969626540534867
1.185 0.49709444276917986
1.186 0.49724419723368035
1.187 0.49741001331547546
1.188 0.49758900014245494
1.189 0.4977821702504165
1.19 0.4979895263805025
1.191 0.49820911930923456
1.192 0.4984399406511927
1.193 0.4986848985619077
1.194 0.4989400179472007
1.195 0.4992032770498711
1.196 0.4994765711686774
1.197 0.4997617819883655
1.198 0.5000578396215132
1.199 0.5003587658454915
1.2 0.5006634770115506
1.201 0.5009689257953716
1.202 0.5012740288100904
1.203 0.5015737797334753
1.204 0.5018719998122132
1.205 0.5021705435447585
1.206 0.5024615054141401
1.207 0.5027418772739243
1.208 0.5030135448758045
1.209 0.5032735708780642
1.21 0.5035209556629757
1.211 0.5037547285900893
1.212 0.503972976010977
1.213 0.5041728506384568
1.214 0.5043515050121997
1.215 0.5045070759356474
1.216 0.5046406906071498
1.217 0.5047505573064802
1.218 0.5048348701461874
1.219 0.5048947996224313
1.22 0.5049276569884439
1.221 0.5049374073699651
1.222 0.5049242373762277
1.223 0.5048883517561011
1.224 0.5048317929128646
1.225 0.5047565678499556
1.226 0.5046647202774077
1.227 0.5045610593428151
1.228 0.5044475241111542
1.229 0.5043307456626756
1.23 0.5042145162500938
1.231 0.5040960036567113
1.232 0.5039780357069383
1.233 0.503865286367303
1.234 0.503755865918663
1.235 0.5036515781929203
1.236 0.5035542600930205
1.237 0.5034619996807164
1.238 0.5033719904197655
1.239 0.503279577755521
1.24 0.5031865976160145
1.241 0.5030939714183886
1.242 0.5030016875847251
1.243 0.5029115554024504
1.244 0.5028235800676776
1.245 0.5027331443842796
1.246 0.502640247059558
1.247 0.502543061468171
1.248 0.5024452543376009
1.249 0.5023486554268036
1.25 0.5022505015847701
1.251 0.5021507852101995
1.252 0.5020467708127926
1.253 0.501934798830181
1.254 0.5018176116910534
1.255 0.5016979413372199
1.256 0.5015757765547024
1.257 0.5014538374758907
1.258 0.5013302829874718
1.259 0.501204192954426
1.26 0.5010764644003685
1.261 0.5009461751640825
1.262 0.5008160368024427
1.263 0.5006887489813956
1.264 0.5005615683997569
1.265 0.5004344726372943
1.266 0.5003056295697063
1.267 0.5001713921943098
1.268 0.5000326452441319
1.269 0.499888458238946
1.27 0.4997406187422005
1.271 0.4995900063131771
1.272 0.49943295947973804
1.273 0.499269447666135
1.274 0.4991021579076375
1.275 0.4989283288105177
1.276 0.49875337551745813
1.277 0.4985772494459
1.278 0.4983971793267062
1.279 0.4982140191305678
1.28 0.4980249900702915
1.281 0.4978300352300163
1.282 0.4976327278567882
1.283 0.4974293575769092
1.284 0.49721802558465356
1.285 0.49699770913945307
1.286 0.496765593542922
1.287 0.49652523405325705
1.288 0.49628021064709255
1.289 0.49603042329260316
1.29 0.49577669517866274
1.291 0.49551800282723385
1.292 0.4952523765886349
1.293 0.4949805975797057
1.294 0.49470346268445864
1.295 0.49442078634312814
1.296 0.49413150799519023
1.297 0.49383360754079886
1.298 0.4935241133420904
1.299 0.49320375562120156
1.3 0.4928675477195022
1.301 0.4925142362931323
1.302 0.4921473224201397
1.303 0.4917664984287211
1.304 0.4913763284276346
1.305 0.4909774363990296
1.306 0.4905685801569626
1.307 0.49014943486066215
1.308 0.4897196551811115
1.309 0.48927991084127964
1.31 0.48883766076195095
1.311 0.48839358029739494
1.312 0.48794448954438524
1.313 0.4874900505955749
1.314 0.4870271467304021
1.315 0.4865542982522995
1.316 0.48607934952266874
1.317 0.4856040771378914
1.318 0.48512924703808874
1.319 0.4846557654263222
1.32 0.48418150844045227
1.321 0.48371262736361725
1.322 0.48325436917573966
1.323 0.48280778156364107
1.324 0.48237856038743626
1.325 0.4819677942178214
1.326 0.48157070067256136
1.327 0.48119539970879843
1.328 0.48084340952601323
1.329 0.4805187663461771
1.33 0.48022557541015226
1.331 0.47995799680507617
1.332 0.47972047815081387
1.333 0.4795160865577581
1.334 0.479341509913283
1.335 0.4792044985197987
1.336 0.47910496720865253
1.337 0.4790385310082429
1.338 0.4790085905125924
1.339 0.4790078702599571
1.34 0.47903876259802475
1.341 0.4791032181722954
1.342 0.4791925929004701
1.343 0.4793051255250755
1.344 0.47943908276809966
1.345 0.47958754103290147
1.346 0.4797509126046811
1.347 0.47991921846667884
1.348 0.4800874902767187
1.349 0.4802541177688357
1.35 0.4804046105571221
1.351 0.48053443543553026
1.352 0.48063882727973734
1.353 0.4807046688585187
1.354 0.4807241402516993
1.355 0.4806874638780278
1.356 0.4805820330128687
1.357 0.48040564573275135
1.358 0.4801448860398465
1.359 0.47978999534693373
1.36 0.4793378149930174
1.361 0.47877343021481794
1.362 0.4780916043713205
1.363 0.47728909644292655
1.364 0.4763552445994012
1.365 0.4752889325932552
1.366 0.47408402898542046
1.367 0.472726007208505
1.368 0.4712129561596865
1.369 0.46953088439927976
1.37 0.4676763110307414
1.371 0.46565393269870375
1.372 0.46345015548659385
1.373 0.4610735636028556
1.374 0.4585270736463177
1.375 0.4558119345080644
1.376 0.45293374043270423
1.377 0.44992182437952505
1.378 0.44678748059117834
1.379 0.4435768798525059
1.38 0.44030447965313974
1.381 0.4370019201686978
1.382 0.43370884053110265
1.383 0.4304457902092237
1.384 0.42723729900323926
1.385 0.42413765033011575
1.386 0.4211615876266817
1.387 0.4183472790013748
1.388 0.415716024836546
1.389 0.41328035054140577
1.39 0.41108866509879594
1.391 0.40914955828642185
1.392 0.4074810789831166
1.393 0.4061253003968032
1.394 0.40509719573069264
1.395 0.40440163406754065
1.396 0.4040733986209653
1.397 0.4040956870780943
1.398 0.4044977107460275
1.399 0.4052612446345931
1.4 0.40635839828159237
1.401 0.4078014985503972
1.402 0.4095652445596988
1.403 0.4116094345886334
1.404 0.41393164185363807
1.405 0.41648725605944853
1.406 0.41924741027988727
1.407 0.42218142368355166
1.408 0.4252365508069994
1.409 0.4284009899525729
1.41 0.4316410214770005
1.411 0.4349069204441106
1.412 0.43819442212293613
1.413 0.4414718291289444
1.414 0.4447019904807984
1.415 0.4478726709861554
1.416 0.4509492740845236
1.417 0.4539272478681683
1.418 0.4569272415281734
1.419 0.46003913628339865
1.42 0.46325733089236454
1.421 0.4665569821668231
1.422 0.4699085643230183
1.423 0.4733073402917923
1.424 0.47673646110970846
1.425 0.48018738663889954
1.426 0.48366539403995307
1.427 0.48702177287042164
1.428 0.4900201340051855
1.429 0.4925690080373173
1.43 0.4946878216340667
1.431 0.4964131241933023
1.432 0.4977709608838737
1.433 0.4987828933851613
1.434 0.4994793695575547
1.435 0.49987859113768135
1.436 0.5
1.437 0.5
1.438 0.5
1.439 0.5
1.44 0.5
1.441 0.5
1.442 0.5
1.443 0.5
1.444 0.5
1.445 0.5
1.446 0.5
1.447 0.5
1.448 0.5
1.449 0.5
1.45 0.5
1.451 0.5
1.452 0.5
1.453 0.5
1.454 0.5
1.455 0.5
1.456 0.5
1.457 0.5
1.458 0.5
1.459 0.5
1.46 0.5
1.461 0.5
1.462 0.5
1.463 0.5001492234431575
1.464 0.5004998007865574
1.465 0.5010578134165389
1.466 0.5018287776270115
1.467 0.5028244745648875
1.468 0.5040490447350033
1.469 0.5055126930235905
1.47 0.5072179002348244
1.471 0.5091595916938886
1.472 0.5111960824632391
1.473 0.5131325608586974
1.474 0.5149155741446547
1.475 0.5165377227291397
1.476 0.5179793490060145
1.477 0.5192340993182494
1.478 0.5202841158894727
1.479 0.5211121881047396
1.48 0.521721394259396
1.481 0.5221159516910691
1.482 0.5224303578690525
1.483 0.5227095246492178
1.484 0.5229601707502778
1.485 0.523177006035421
1.486 0.5233678070777374
1.487 0.5235268409935174
1.488 0.523661771957042
1.489 0.523785129677504
1.49 0.5238797691681321
1.491 0.5239575905642513
1.492 0.5240195908159366
1.493 0.5240552783989909
1.494 0.524064839321618
1.495 0.524054905490549
1.496 0.524031871621998
1.497 0.5240066225165563
1.498 0.5239745495889452
1.499 0.523935335073035
1.5 0.5238902176128015
1.501 0.5238231825859706
1.502 0.523745382988351
1.503 0.5236730183880248
1.504 0.5235907020931649
1.505 0.5235035958711419
1.506 0.5234021851498997
1.507 0.523276364147571
1.508 0.5231419759227938
1.509 0.5229941146896165
1.51 0.5228433833800588
1.511 0.5226949324814868
1.512 0.5225345356868764
1.513 0.5223620909315637
1.514 0.522183271137246
1.515 0.5219978329098789
1.516 0.5218156228008444
1.517 0.5216365572446207
1.518 0.5214470989761092
1.519 0.5212561476334431
1.52 0.5210551747588452
1.521 0.520848677380139
1.522 0.5206501746882453
1.523 0.5204507366803994
1.524 0.5202590386480123
1.525 0.520062179013724
1.526 0.5198602709380592
1.527 0.519657483875876
1.528 0.519458516455866
1.529 0.519258618106763
1.53 0.5190663792462648
1.531 0.518869471130201
1.532 0.5186676755103203
1.533 0.5184613893689533
1.534 0.5182542609309112
1.535 0.5180545496510064
1.536 0.5178658912401031
1.537 0.5176801952000252
1.538 0.5175051806609432
1.539 0.5173291454565146
1.54 0.5171558082360171
1.541 0.5169929952538648
1.542 0.5168328988055538
1.543 0.5166829782428668
1.544 0.5165280603087232
1.545 0.5163646360400924
1.546 0.516196184964271
1.547 0.5160194815673272
1.548 0.5158379615457501
1.549 0.5156626855077607
1.55 0.5154828400322469
1.551 0.5153054289740819
1.552 0.5151306153211701
1.553 0.5149512696741181
1.554 0.5147781001693141
1.555 0.5146044029725653
1.556 0.514433125707421
1.557 0.514271313761772
1.558 0.514108390888245
1.559 0.513947486994634
1.56 0.5137856352390845
1.561 0.513615892072195
1.562 0.5134516198355987
1.563 0.5132928979853577
1.564 0.5131491521820019
1.565 0.5130206612116486
1.566 0.5128906481158811
1.567 0.5127654981586022
1.568 0.5126421221844025
1.569 0.5125233112308328
1.57 0.5124251815294216
1.571 0.5123380411716811
1.572 0.5122550270490966
1.573 0.5121731346694683
1.574 0.5120794005786994
1.575 0.511989789502804
1.576 0.5119045384292893
1.577 0.5118202426325885
1.578 0.5117462560745809
1.579 0.511657895223934
1.58 0.5115580666953264
1.581 0.5114592948972667
1.582 0.5113554763092877
1.583 0.5112587916714626
1.584 0.5111691413270291
1.585 0.5110802908313671
1.586 0.5110012612149505
1.587 0.5109201490139135
1.588 0.510839747121942
1.589 0.5107751119396381
1.59 0.5107141598430469
1.591 0.5106538535775073
1.592 0.5105914557791432
1.593 0.5105267431474672
1.594 0.5104540886460512
1.595 0.510376403460335
1.596 0.5102936290627471
1.597 0.5102145599552739
1.598 0.5101249999999999
1.599 0.5100306153053891
1.6 0.5099315724801876
1.601 0.5098306721462418
1.602 0.5097281487156831
1.603 0.5096183308170985
1.604 0.5095069484526928
1.605 0.5093884772752405
1.606 0.5092601773811491
1.607 0.5091302271716878
1.608 0.5089989335812529
1.609 0.5088660984807203
1.61 0.5087344899676902
1.611 0.508596011796856
1.612 0.5084615052742844
1.613 0.5083229867079457
1.614 0.508183108777757
1.615 0.5080472045709404
1.616 0.507907358021537
1.617 0.5077581083375785
1.618 0.5076049751085858
1.619 0.5074374149444567
1.62 0.507260706978799
1.621 0.5070828066899875
1.622 0.5069009701629141
1.623 0.5067179904445975
1.624 0.5065337716925382
1.625 0.506348226284303
1.626 0.5061666416516145
1.627 0.5059863390658317
1.628 0.5058149716204663
1.629 0.5056551029531919
1.63 0.5054938293759645
1.631 0.5053310685671603
1.632 0.5051642185768915
1.633 0.5049883316858421
1.634 0.5048033646437781
1.635 0.5046042478882391
1.636 0.5043885431658321
1.637 0.5041487477864913
1.638 0.5038798068179522
1.639 0.503584310757977
1.64 0.5032648783732038
1.641 0.502918943946211
1.642 0.5025489683465391
1.643 0.5021599791034579
1.644 0.5017468301057133
1.645 0.5013169050473835
1.646 0.5008825771252056
1.647 0.500448691275336
1.648 0.5000175446511372
1.649 0.49959646088678344
1.65 0.4991952910739981
1.651 0.4988189035613443
1.652 0.49846970517992256
1.653 0.49816268749623493
1.654 0.4979028425901275
1.655 0.497690223538105
1.656 0.4975274794375833
1.657 0.49742226518446914
1.658 0.49737220024690737
1.659 0.4973724291665407
1.66 0.49741552502195796
1.661 0.49750165461701307
1.662 0.4976258981892101
1.663 0.4977731891979432
1.664 0.497938509851593
1.665 0.498109209619206
1.666 0.49827263457470283
1.667 0.49841859709509234
1.668 0.4985419482010587
1.669 0.4986400955745914
1.67 0.49870786574012843
1.671 0.49873501488966376
1.672 0.49872401550537643
1.673 0.4986773228402644
1.674 0.49859229639301456
1.675 0.4984739291984811
1.676 0.4983272467247236
1.677 0.4981546986178131
1.678 0.4979612926990234
1.679 0.4977469404475396
1.68 0.4975140443679009
1.681 0.4972701709735021
1.682 0.4970100794229762
1.683 0.49674137248144357
1.684 0.4964742483633198
1.685 0.4962060053956742
1.686 0.49593659748807845
1.687 0.49566850897348325
1.688 0.49540166721964174
1.689 0.4951412441115826
1.69 0.49488972845828005
1.691 0.49464714992673403
1.692 0.49441607918349856
1.693 0.4941913451566608
1.694 0.4939704006257973
1.695 0.4937610845345416
1.696 0.49356349976786396
1.697 0.4933803733226136
1.698 0.4932117818012113
1.699 0.4930552601352788
1.7 0.49291351178415277
1.701 0.49278942556024324
1.702 0.4926776952569912
1.703 0.4925893260481425
1.704 0.49251912020107225
1.705 0.4924645677810234
1.706 0.49242588654021435
1.707 0.49240329988463455
1.708 0.49239418169909666
1.709 0.49239873649865606
1.71 0.4924198746986894
1.711 0.49245791134535005
1.712 0.49250441891294733
1.713 0.4925485590187366
1.714 0.4925958647974351
1.715 0.49264070711630525
1.716 0.49268598067108993
1.717 0.49273745522224904
1.718 0.49279509740533545
1.719 0.4928561762782201
1.72 0.4929179271154335
1.721 0.49297763161625036
1.722 0.4930521599708895
1.723 0.4931416257140577
1.724 0.493246217252871
1.725 0.4933716951610222
1.726 0.4935008964280788
1.727 0.4936253075004176
1.728 0.4937389536428431
1.729 0.49383295115002424
1.73 0.49390420899854864
1.731 0.4939437857596023
1.732 0.49394264772820107
1.733 0.49389159333458155
1.734 0.4937873259101949
1.735 0.49363239039770357
1.736 0.49343801058176096
1.737 0.4932038375545646
1.738 0.49294429582352134
1.739 0.4926709419505288
1.74 0.49239563009767245
1.741 0.4921333117889609
1.742 0.49189912778308026
1.743 0.49169607264581555
1.744 0.4915305432051033
1.745 0.4913998957563122
1.746 0.4913137332400961
1.747 0.49127869732595525
1.748 0.49129239791139967
1.749 0.49134605935534587
1.75 0.49142786713502185
1.751 0.49153213091035003
1.752 0.491653070466572
1.753 0.4918001157630716
1.754 0.4919768734156666
1.755 0.49217404375520635
1.756 0.49238569113046105
1.757 0.49260248768131465
1.758 0.4928277134624135
1.759 0.49306761295228435
1.76 0.4933221506360159
1.761 0.49358823267102825
1.762 0.4938530217587063
1.763 0.4941068010269083
1.764 0.49434964801612
1.765 0.494577941289974
1.766 0.4947915995204147
1.767 0.494993669414227
1.768 0.4951710834638738
1.769 0.49533019418609175
1.77 0.4954740693087965
1.771 0.49560915275200995
1.772 0.4957417671992174
1.773 0.49587505633830414
1.774 0.49600915930650963
1.775 0.4961537453478011
1.776 0.49630558034542493
1.777 0.49647128400578266
1.778 0.4966507869663631
1.779 0.4968475145765391
1.78 0.49706148133001765
1.781 0.4972894450130411
1.782 0.4975313456314402
1.783 0.4977838052394814
1.784 0.49804022828692124
1.785 0.49830384946664025
1.786 0.49857793512201914
1.787 0.4988558048832257
1.788 0.4991307002176568
1.789 0.4993992578677306
1.79 0.4996547419860304
1.791 0.4998904316991056
1.792 0.5001128938001382
1.793 0.5003287092682733
1.794 0.5005345037083269
1.795 0.5007269130426124
1.796 0.500899262670976
1.797 0.5010515281988682
1.798 0.5011870656268236
1.799 0.5013091521334208
1.8 0.5014211227200752
1.801 0.5015295987286452
1.802 0.5016246550503278
1.803 0.5017030085381904
1.804 0.5017613895479872
1.805 0.5018064371247597
1.806 0.5018381988951005
1.807 0.5018468438757338
1.808 0.5018357755410099
1.809 0.5018016771737054
1.81 0.5017380541693549
1.811 0.5016547685626871
1.812 0.5015584518063574
1.813 0.5014458654819333
1.814 0.5013170427299898
1.815 0.5011752501510098
1.816 0.5010303324626915
1.817 0.5008855943321963
1.818 0.5006919167076569
1.819 0.5004459425783352
1.82 0.5001508513261799
1.821 0.4997933409873709
1.822 0.49937646858057994
1.823 0.4989130934476939
1.824 0.49840289188301024
1.825 0.49784224722057757
1.826 0.4972937380654507
1.827 0.49677057931852625
1.828 0.4963185326911658
1.829 0.49592770941085546
1.83 0.4955947136563876
1.831 0.4953129244039299
1.832 0.4950657348969014
1.833 0.4948398765826152
1.834 0.49463189672982216
1.835 0.4943573981892894
1.836 0.49398333020663043
1.837 0.49351225313972
1.838 0.4929291703739654
1.839 0.49223246471300364
1.84 0.49143396277642776
1.841 0.4905282381160052
1.842 0.4895161842195306
1.843 0.4883951160488395
1.844 0.4871690343264607
1.845 0.485901694020206
1.846 0.4845313253770162
1.847 0.48305448607406054
1.848 0.4814906726603657
1.849 0.47983104389713965
1.85 0.478070618088496
1.851 0.47621403728335054
1.852 0.47425400558577097
1.853 0.4721904393955154
1.854 0.47002360227904805
1.855 0.4677515108154598
1.856 0.4653990048983685
1.857 0.46293803703066067
1.858 0.46035378820388123
1.859 0.4576497103943
1.86 0.4548047912264981
1.861 0.451817976229364
1.862 0.44867566643882434
1.863 0.4454033771106942
1.864 0.4420013742269973
1.865 0.4384810774263107
1.866 0.4348608040765859
1.867 0.43116081387745686
1.868 0.4274050864378132
1.869 0.4240783407686421
1.87 0.4218386448883255
1.871 0.4208186801232746
1.872 0.42111587275413265
1.873 0.4228137488229109
1.874 0.4259839679394475
1.875 0.4306886118911794
1.876 0.43697340085446973
1.877 0.4448688852186652
1.878 0.45384785929885796
1.879 0.4627639964851059
1.88 0.4709609701473973
1.881 0.4782984351914473
1.882 0.48470155477042537
1.883 0.490065700036002
1.884 0.4943228079698074
1.885 0.49742579758148836
1.886 0.49932288701729216
1.887 0.5
1.888 0.5
1.889 0.5
1.89 0.5
1.891 0.5
1.892 0.5
1.893 0.5
1.894 0.5
1.895 0.5
1.896 0.5
1.897 0.5
1.898 0.5
1.899 0.5
1.9 0.5
1.901 0.5
1.902 0.5
1.903 0.5
1.904 0.5
1.905 0.5
1.906 0.5
1.907 0.5
1.908 0.5
1.909 0.5
1.91 0.5
1.911 0.5
1.912 0.5
1.913 0.5
1.914 0.5
1.915 0.5
1.916 0.5
1.917 0.5
1.918 0.5
1.919 0.5
1.92 0.5
1.921 0.5
1.922 0.5
1.923 0.5
1.924 0.5
1.925 0.5
1.926 0.5
1.927 0.5
1.928 0.5
1.929 0.5
1.93 0.5
1.931 0.5
1.932 0.5
1.933 0.5
1.934 0.5
1.935 0.5
1.936 0.5
1.937 0.5
1.938 0.5
1.939 0.5
1.94 0.5
1.941 0.5
1.942 0.5
1.943 0.5
1.944 0.5
1.945 0.5
1.946 0.5
1.947 0.5
1.948 0.5
1.949 0.5
1.95 0.5
1.951 0.5
1.952 0.5
1.953 0.5
1.954 0.5
1.955 0.5
1.956 0.5
1.957 0.5
1.958 0.5
1.959 0.5
1.96 0.5
1.961 0.5
1.962 0.5
1.963 0.5
1.964 0.5
1.965 0.5
1.966 0.5
1.967 0.5
1.968 0.5
1.969 0.5
1.97 0.5
1.971 0.5
1.972 0.5
1.973 0.5
1.974 0.5
1.975 0.5
1.976 0.5
1.977 0.5
1.978 0.5
1.979 0.5
1.98 0.5
1.981 0.5
1.982 0.5
1.983 0.5
1.984 0.5
1.985 0.5
1.986 0.5
1.987 0.5
1.988 0.5
1.989 0.5
1.99 0.5
1.991 0.5
1.992 0.5
1.993 0.5
1.994 0.5
1.995 0.5
1.996 0.5
1.997 0.5
1.998 0.5
1.999 0.5
2.0 0.5
2.001 0.5
2.002 0.5
2.003 0.5
2.004 0.5
2.005 0.5
2.006 0.5
2.007 0.5
2.008 0.5
2.009 0.5
2.01 0.5
2.011 0.5
2.012 0.5
2.013 0.5
2.014 0.5
2.015 0.5
2.016 0.5
2.017 0.5
2.018 0.5
2.019 0.5
2.02 0.5
2.021 0.5
2.022 0.5
2.023 0.5
2.024 0.5
2.025 0.5
2.026 0.5
2.027 0.5
2.028 0.5
2.029 0.5
2.03 0.5
2.031 0.5
2.032 0.5
2.033 0.5
2.034 0.5
2.035 0.5
2.036 0.5
2.037 0.5
2.038 0.5
2.039 0.5
2.04 0.5
2.041 0.5
2.042 0.5
2.043 0.5
2.044 0.5
2.045 0.5
2.046 0.5
2.047 0.5
2.048 0.5
2.049 0.5
2.05 0.5
2.051 0.5
2.052 0.5
2.053 0.5
2.054 0.5
2.055 0.5
2.056 0.5
2.057 0.5
2.058 0.5
2.059 0.5
2.06 0.5
2.061 0.5
2.062 0.5
2.063 0.5
2.064 0.5
2.065 0.5
2.066 0.5
2.067 0.5
2.068 0.5
2.069 0.5
2.07 0.5
2.071 0.5
2.072 0.5
2.073 0.5
2.074 0.5
2.075 0.5
2.076 0.5
2.077 0.5
2.078 0.5
2.079 0.5
2.08 0.5
2.081 0.5
2.082 0.5
2.083 0.5
2.084 0.5
2.085 0.5
2.086 0.5
2.087 0.5
2.088 0.5
2.089 0.5
2.09 0.5
2.091 0.5
2.092 0.5
2.093 0.5
2.094 0.5
2.095 0.5
2.096 0.5
2.097 0.5
2.098 0.5
2.099 0.5
2.1 0.5
2.101 0.5
2.102 0.5
2.103 0.5
2.104 0.5
2.105 0.5
2.106 0.5
2.107 0.5
2.108 0.5
2.109 0.5
2.11 0.5
2.111 0.5
2.112 0.5
2.113 0.5
2.114 0.5
2.115 0.5
2.116 0.5
2.117 0.5
2.118 0.5
2.119 0.5
2.12 0.5
2.121 0.5
2.122 0.5
2.123 0.5
2.124 0.5
2.125 0.5
2.126 0.5
2.127 0.5
2.128 0.5
2.129 0.5
2.13 0.5
2.131 0.5
2.132 0.5
2.133 0.5
2.134 0.5
2.135 0.5
2.136 0.5
2.137 0.5
2.138 0.5
2.139 0.5
2.14 0.5
2.141 0.5
2.142 0.5
2.143 0.5
2.144 0.5
2.145 0.5
2.146 0.5
2.147 0.5
2.148 0.5
2.149 0.5
2.15 0.5
2.151 0.5
2.152 0.5
2.153 0.5
2.154 0.5
2.155 0.5
2.156 0.5
2.157 0.5
2.158 0.5
2.159 0.5
2.16 0.5
2.161 0.5
2.162 0.5
2.163 0.5
2.164 0.5
2.165 0.5
2.166 0.5
2.167 0.5
2.168 0.5
2.169 0.5
2.17 0.5
2.171 0.5
2.172 0.5
2.173 0.5
2.174 0.5
2.175 0.5
2.176 0.5
2.177 0.5
2.178 0.5
2.179 0.5
2.18 0.5
2.181 0.5
2.182 0.5
2.183 0.5
2.184 0.5
2.185 0.5
2.186 0.5
2.187 0.5
2.188 0.5
2.189 0.5
2.19 0.5
2.191 0.5
2.192 0.5
2.193 0.5
2.194 0.5
2.195 0.5
2.196 0.5
2.197 0.5
2.198 0.5
2.199 0.5
2.2 0.5
2.201 0.5
2.202 0.5
2.203 0.5
2.204 0.5
2.205 0.5
2.206 0.5
2.207 0.5
2.208 0.5
2.209 0.5
2.21 0.5
2.211 0.5
2.212 0.5
2.213 0.5
2.214 0.5
2.215 0.5
2.216 0.5
2.217 0.5
2.218 0.5
2.219 0.5
2.22 0.5
2.221 0.5
2.222 0.5
2.223 0.5
2.224 0.5
2.225 0.5
2.226 0.5
2.227 0.5
2.228 0.5
2.229 0.5
2.23 0.5
2.231 0.5
2.232 0.5
2.233 0.5
2.234 0.5
2.235 0.5
2.236 0.5
2.237 0.5
2.238 0.5
2.239 0.5
2.24 0.5
2.241 0.5
2.242 0.5
2.243 0.5
2.244 0.5
2.245 0.5
2.246 0.5
2.247 0.5
2.248 0.5
2.249 0.5
2.25 0.5
2.251 0.5
2.252 0.5
2.253 0.5
2.254 0.5
2.255 0.5
2.256 0.5
2.257 0.5
2.258 0.5
2.259 0.5
2.26 0.5
2.261 0.5
2.262 0.5
2.263 0.5
2.264 0.5
2.265 0.5
2.266 0.5
2.267 0.5
2.268 0.5
2.269 0.5
2.27 0.5
2.271 0.5
2.272 0.5
2.273 0.5
2.274 0.5
2.275 0.5
2.276 0.5
2.277 0.5
2.278 0.5
2.279 0.5
2.28 0.5
2.281 0.5
2.282 0.5
2.283 0.5
2.284 0.5
2.285 0.5
2.286 0.5
2.287 0.5
2.288 0.5
2.289 0.5
2.29 0.5
2.291 0.5
2.292 0.5
2.293 0.5
2.294 0.5
2.295 0.5
2.296 0.5
2.297 0.5
2.298 0.5
2.299 0.5
2.3 0.5
2.301 0.5
2.302 0.5
2.303 0.5
2.304 0.5
2.305 0.5
2.306 0.5
2.307 0.5
2.308 0.5
2.309 0.5
2.31 0.5
2.311 0.5
2.312 0.5
2.313 0.5
2.314 0.5
2.315 0.5
2.316 0.5
2.317 0.5
2.318 0.5
2.319 0.5
2.32 0.5
2.321 0.5
2.322 0.5
2.323 0.5
2.324 0.5
2.325 0.5
2.326 0.5
2.327 0.5
2.328 0.5
2.329 0.5
2.33 0.5
2.331 0.5
2.332 0.5
2.333 0.5
2.334 0.5
2.335 0.5
2.336 0.5
2.337 0.5
2.338 0.5
2.339 0.5
2.34 0.5
2.341 0.5
2.342 0.5
2.343 0.5
2.344 0.5
2.345 0.5
2.346 0.5
2.347 0.5
2.348 0.5
2.349 0.5
2.35 0.5
2.351 0.5
2.352 0.5
2.353 0.5
2.354 0.5
2.355 0.5
2.356 0.5
2.357 0.5
2.358 0.5
2.359 0.5
2.36 0.5
2.361 0.5
2.362 0.5
2.363 0.5
2.364 0.5
2.365 0.5
2.366 0.5
2.367 0.5
2.368 0.5
2.369 0.5
2.37 0.5
2.371 0.5
2.372 0.5
2.373 0.5
2.374 0.5
2.375 0.5
2.376 0.5
2.377 0.5
2.378 0.5
2.379 0.5
2.38 0.5
2.381 0.5
2.382 0.5
2.383 0.5
2.384 0.5
2.385 0.5
2.386 0.5
2.387 0.5
2.388 0.5
2.389 0.5
2.39 0.5
2.391 0.5
2.392 0.5
2.393 0.5
2.394 0.5
2.395 0.5
2.396 0.5
2.397 0.5
2.398 0.5
2.399 0.5
2.4 0.5
2.401 0.5
2.402 0.5
2.403 0.5
2.404 0.5
2.405 0.5
2.406 0.5
2.407 0.5
2.408 0.5
2.409 0.5
2.41 0.5
2.411 0.5
2.412 0.5
2.413 0.5
2.414 0.5
2.415 0.5
2.416 0.5
2.417 0.5
2.418 0.5
2.419 0.5
2.42 0.5
2.421 0.5
2.422 0.5
2.423 0.5
2.424 0.5
2.425 0.5
2.426 0.5
2.427 0.5
2.428 0.5
2.429 0.5
2.43 0.5
2.431 0.5
2.432 0.5
2.433 0.5
2.434 0.5
2.435 0.5
2.436 0.5
2.437 0.5
2.438 0.5
2.439 0.5
2.44 0.5
2.441 0.5
2.442 0.5
2.443 0.5
2.444 0.5
2.445 0.5
2.446 0.5
2.447 0.5
2.448 0.5
2.449 0.5
2.45 0.5
2.451 0.5
2.452 0.5
2.453 0.5
2.454 0.5
2.455 0.5
2.456 0.5
2.457 0.5
2.458 0.5
2.459 0.5
2.46 0.5
2.461 0.5
2.462 0.5
2.463 0.5
2.464 0.5
2.465 0.5
2.466 0.5
2.467 0.5
2.468 0.5
2.469 0.5
2.47 0.5
2.471 0.5
2.472 0.5
2.473 0.5
2.474 0.5
2.475 0.5
2.476 0.5
2.477 0.5
2.478 0.5
2.479 0.5
2.48 0.5
2.481 0.5
2.482 0.5
2.483 0.5
2.484 0.5
2.485 0.5
2.486 0.5
2.487 0.5
2.488 0.5
2.489 0.5
2.49 0.5
2.491 0.5
2.492 0.4705882352941177
2.493 0.4375
2.494 0.39999999999999997
2.495 0.35714285714285715
2.496 0.30769230769230776
2.497 0.25000000000000006
2.498 0.18181818181818185
2.499 0.1
2.5 0.0
