2.501 1.0
2.503 1.0
2.504 0.9011304662670475
2.505 0.819666015667859
2.506 0.7516414386983844
2.507 0.6942692114826257
2.509 0.644547227447664
2.51 0.6009450425537627
2.511 0.5627178929125607
2.512 0.5293043073915561
2.514 0.49965042800161347
2.515 0.4990957113438983
2.516 0.4989307253172032
2.517 0.4990903442387723
2.518 0.49880150616687685
2.52 0.4983449040939021
2.521 0.4986688263746884
2.522 0.49967365258753266
2.523 0.5001946509036724
2.525 0.5000851468110279
2.526 0.4999147737467255
2.527 0.5001188186289676
2.528 0.50025767074608
2.529 0.5002842040719506
2.531 0.5007944215939454
2.532 0.5010994030532505
2.533 0.5007257544262059
2.534 0.5005295403053905
2.536 0.5012092491945775
2.537 0.5021170654661783
2.538 0.502310959081511
2.539 0.5019090190544663
2.541 0.5017629363825439
2.542 0.5020469803142416
2.543 0.5020293724966622
2.544 0.5022286873431911
2.546 0.50241735150873
2.547 0.5016151854126064
2.548 0.5005247149641593
2.549 0.5000088855716088
2.551 0.500117766786211
2.552 0.5003400831314322
2.553 0.49983093979677184
2.554 0.49897525951941674
2.556 0.49843491560993836
2.557 0.4983225428029309
2.558 0.4985626374602892
2.559 0.49896668044426074
2.561 0.499203602032372
2.562 0.49944181785026487
2.563 0.49981554817748264
2.564 0.5004482911673325
2.566 0.5013470748281205
2.567 0.5020055196159342
2.568 0.5020433183489987
2.57 0.5017859364171096
2.571 0.501590164080059
2.572 0.501478659348857
2.573 0.5009296243250216
2.575 0.49969926620955124
2.576 0.49843447543776703
2.577 0.49756247549106986
2.579 0.4969941218382614
2.58 0.496609686863204
2.581 0.49699815305191486
2.582 0.49752874969415223
2.584 0.49748352386758576
2.585 0.49780105922688006
2.586 0.49890098155250817
2.588 0.4999910838474981
2.589 0.5005340949214053
2.59 0.5006462346211813
2.591 0.5007291890344284
2.593 0.5004989774318995
2.594 0.5000604370268564
2.595 0.49976741065438124
2.597 0.499677771611679
2.598 0.49900423814148315
2.599 0.498434368737475
2.6 0.49859845047187734
2.602 0.4986345647619218
2.603 0.4980585223247514
2.604 0.4974723439408089
2.606 0.4972556740792685
2.607 0.4971028260389982
2.608 0.49692933877227585
2.61 0.49686583239075477
2.611 0.4968775099495529
2.612 0.4965503219247713
2.614 0.4961281286708232
2.615 0.49659442724458214
2.616 0.49728912663715946
2.618 0.4974921089866851
2.619 0.49762023706798675
2.62 0.4974923085325227
2.622 0.49777027457475953
2.623 0.49807440183546375
2.624 0.49819999635442297
2.626 0.49855817051914986
2.627 0.4985089485918356
2.628 0.4979162477837285
2.63 0.49784297596197785
2.631 0.497988733245164
2.632 0.4980231721787253
2.634 0.49764472855783853
2.635 0.496374359470173
2.636 0.49540197018890203
2.638 0.4951303424230529
2.639 0.4949806343073183
2.64 0.49500136473614337
2.642 0.4949758060030776
2.643 0.49482246119744205
2.644 0.49476987933347877
2.646 0.49501087017113543
2.647 0.49635355621290767
2.648 0.49785053911180455
2.65 0.4982155703168062
2.651 0.49800781890114
2.652 0.49807610290154614
2.654 0.498234425191681
2.655 0.49828288475361393
2.656 0.4982743704038068
2.658 0.49790808778492884
2.659 0.49666284062407
2.661 0.4952250765075656
2.662 0.49455023477730436
2.663 0.49482055484243787
2.665 0.4951181192061782
2.666 0.49503463874027126
2.667 0.4949565052051148
2.669 0.4946709927628413
2.67 0.4947747318235995
2.672 0.49565470537422984
2.673 0.49692356273444077
2.674 0.49773089248364133
2.676 0.4978007836508913
2.677 0.4976872109013627
2.678 0.4976861104021497
2.68 0.49739492879472036
2.681 0.4973279070777876
2.683 0.4974953658217862
2.684 0.49736766906732666
2.685 0.4972382911775384
2.687 0.4973867848743237
2.688 0.49755199883774426
2.69 0.4975695100733266
2.691 0.4972630351895476
2.692 0.49721727623884726
2.694 0.49765157568552554
2.695 0.4983980601433468
2.697 0.4990765242223553
2.698 0.49897298536809087
2.699 0.49788334441359355
2.701 0.49699265414788607
2.702 0.496671157379057
2.704 0.4973709977479682
2.705 0.4985894936870047
2.706 0.49916940672609045
2.708 0.49790589299408144
2.709 0.495969588489322
2.711 0.49494012980095875
2.712 0.4948981607696714
2.713 0.49534493095435106
2.715 0.49596481998034514
2.716 0.4958978897750552
2.718 0.4947808659933263
2.719 0.49371388217507634
2.721 0.49426074868434117
2.722 0.49669308554249797
2.723 0.4984288865760684
2.725 0.49927155886403096
2.726 0.5000548814560549
2.728 0.5007665379948165
2.729 0.5011083596277509
2.731 0.5019998302266473
2.732 0.5029028228828379
2.733 0.5036845578530577
2.735 0.5036545115518463
2.736 0.5030179786006922
2.738 0.5024778928218154
2.739 0.5016757217057004
2.741 0.5007248001195546
2.742 0.49995512117283325
2.744 0.4988716248602013
2.745 0.4975761876680427
2.747 0.4964128118152073
2.748 0.49517214424941497
2.749 0.49405253800115195
2.751 0.4941424707123535
2.752 0.49584056496498896
2.754 0.4974358206870405
2.755 0.4986283331504444
2.757 0.49947082022864553
2.758 0.5010162652377361
2.76 0.5024088919097215
2.761 0.5032193461172583
2.763 0.5044181218218108
2.764 0.5055537176826762
2.766 0.5049739032868835
2.767 0.5032328340012191
2.768 0.5019803315369671
2.77 0.5020348388317983
2.771 0.5022982559122882
2.773 0.5018941180559349
2.774 0.5018829032385936
2.776 0.5023001312238482
2.777 0.5020939142831685
2.779 0.5016478168279896
2.78 0.5016387283665611
2.782 0.5017981252009598
2.783 0.5016659725114536
2.785 0.5006416322728647
2.786 0.5001905723605728
2.788 0.49982434872962084
2.789 0.49903306377822293
2.791 0.498499508075959
2.792 0.4982265030201391
2.794 0.4984711292896061
2.795 0.49903981438056916
2.797 0.49976329726904223
2.798 0.5007549515942801
2.8 0.5014013895468182
2.801 0.5016889809404048
2.803 0.5022150167789369
2.804 0.5028063449512894
2.806 0.5033445310268055
2.807 0.5037154937073137
2.809 0.5036204437011167
2.811 0.5032506302242271
2.812 0.5026817742402457
2.814 0.5024367284101939
2.815 0.502384940107151
2.817 0.5021141855980893
2.818 0.5018427458379361
2.82 0.5012269398848339
2.821 0.5002811859690647
2.823 0.49955448937628516
2.824 0.49901153857446245
2.826 0.4985629299581365
2.827 0.4978750937458642
2.829 0.49697383211517604
2.83 0.4962508286478923
2.832 0.4957288901995478
2.834 0.4958061601320029
2.835 0.4969706781265791
2.837 0.4984679945681215
2.838 0.49905986892167215
2.84 0.4995951695135656
2.841 0.5010535187526338
2.843 0.5028900319592019
2.844 0.5040437736662404
2.846 0.5046977234298037
2.848 0.5049621093136485
2.849 0.5043009485653686
2.851 0.5031779972731999
2.852 0.5029113113367587
2.854 0.5031621751072793
2.855 0.5020590220378939
2.857 0.4997480492160172
2.859 0.4986288803661523
2.86 0.49866500360546473
2.862 0.49875633393529045
2.863 0.4990895458440446
2.865 0.4996663273109878
2.866 0.5002995309783217
2.868 0.500097192119663
2.87 0.4995138551288284
2.871 0.5008630623884704
2.873 0.502149290393013
2.874 0.5016799223675934
2.876 0.5018859109071353
2.878 0.5030939933852555
2.879 0.5035523161488729
2.881 0.5029678407202283
2.882 0.5024629348884293
2.884 0.5029391165744923
2.886 0.5033640740096282
2.887 0.5030298059573318
2.889 0.5033118010026996
2.89 0.5035611916963433
2.892 0.5019391544996595
2.894 0.500050601678048
2.895 0.4995066114071443
2.897 0.4999807318060079
2.898 0.5001565940552077
2.9 0.4991076625569436
2.902 0.49854825429384486
2.903 0.49838351182056984
2.905 0.49769551997536765
2.907 0.49781039461020204
2.908 0.49869519707106713
2.91 0.4990803454618307
2.912 0.4990006179753583
2.913 0.4989065102469404
2.915 0.4989525712685955
2.916 0.4996431361580231
2.918 0.5001593094658788
2.92 0.5000989253330889
2.921 0.5002970713116061
2.923 0.5005672902836452
2.925 0.500717159180362
2.926 0.5004542159942016
2.928 0.5003287406333091
2.93 0.5007849976087765
2.931 0.5011967032754927
2.933 0.5015251529964204
2.935 0.5022029818332077
2.936 0.5042739948817297
2.938 0.5062074489387265
2.94 0.5068422780005422
2.941 0.5064923938084267
2.943 0.5057882078983031
2.945 0.5053010458691038
2.946 0.5056320161759517
2.948 0.5065888858274824
2.95 0.5070788174544629
2.951 0.5038496957268852
2.953 0.49814818341076994
2.955 0.4944240750440455
2.956 0.49303715263075265
2.958 0.495225490614638
2.96 0.4990737152525071
2.961 0.5000212835393107
2.963 0.499407473855669
2.965 0.4979260730982725
2.966 0.4969153902090028
2.968 0.5009731925416779
2.97 0.5057971767395073
2.972 0.5090892758364735
2.973 0.5099471785195798
2.975 0.5075938381427642
2.977 0.5072993211561341
2.978 0.5078258116777312
2.98 0.5056895447896855
2.982 0.5075387882061503
2.984 0.509525176657992
2.985 0.5076287554639632
2.987 0.5050512519525654
2.989 0.5018182322895848
2.99 0.49875661781452924
2.992 0.4937195385860258
2.994 0.4880742756523131
2.996 0.49062330724545644
2.997 0.4918980340230921
2.999 0.48512246392215214
3.001 0.48107939861538174
3.003 0.48266119158394394
3.004 0.4863121874177414
3.006 0.4900755965925117
3.008 0.49394442453168325
3.01 0.4984683612660273
3.011 0.4978711861779679
3.013 0.4928072140264154
3.015 0.4963897702144025
3.017 0.5037880984132507
3.018 0.5048611077403978
3.02 0.5008522367562408
3.022 0.49574261720596763
3.024 0.492369200202579
3.025 0.49107359786971444
3.027 0.4901481564759191
3.029 0.4921038848096137
3.031 0.49228626846371915
3.032 0.4888977983685753
3.034 0.48896981341070717
3.036 0.4943141763942301
3.038 0.5000194457948468
3.04 0.5035023747809491
3.041 0.506137321656222
3.043 0.5095793621522993
3.045 0.5146653114563671
3.047 0.5163818597672013
3.048 0.5159730270267627
3.05 0.5157640322193189
3.052 0.512563943461033
3.054 0.5080679107618914
3.056 0.5064895184081607
3.057 0.5048983137896773
3.059 0.5024655376888765
3.061 0.4983949862427393
3.063 0.49581565159669044
3.065 0.4975643176073141
3.066 0.4985910540246435
3.068 0.4968650913212528
3.07 0.4958939391755203
3.072 0.49439549328325877
3.074 0.4932332848453426
3.076 0.494473226386259
3.077 0.49538293881369255
3.079 0.49610254131692577
3.081 0.4952235218018835
3.083 0.49342165394291876
3.085 0.4945029532775117
3.087 0.49718082866697966
3.088 0.49924546429420585
3.09 0.5008652621549888
3.092 0.5012693989893351
3.094 0.5023097425181272
3.096 0.5038155403577914
3.098 0.5043235731243606
3.099 0.5043290461603872
3.101 0.5039870788663059
3.103 0.5038692993692148
3.105 0.5041247314942195
3.107 0.5033140396526172
3.109 0.5016227720138334
3.111 0.4991657855680903
3.112 0.4966213268442127
3.114 0.4941934607943443
3.116 0.49298029437162233
3.118 0.49246844428885383
3.12 0.4916222372894583
3.122 0.4897152983101956
3.124 0.48866551771410666
3.126 0.4906195952746212
3.127 0.49312323437698563
3.129 0.495611305238499
3.131 0.498281080128111
3.133 0.4995654543579772
3.135 0.49963563311208714
3.137 0.500456215629701
3.139 0.503368007135149
3.141 0.5057482621820176
3.143 0.5046651513196422
3.145 0.5021466674598924
3.146 0.49937976957199137
3.148 0.49530630068621334
3.15 0.49327171130611475
3.152 0.49726252124757875
3.154 0.5021000981354269
3.156 0.5031241430642065
3.158 0.5010891224505744
3.16 0.49998046188113016
3.162 0.4985155741423865
3.164 0.4985667962078269
3.166 0.5040652810217899
3.168 0.5082668172877308
3.17 0.5045941309164753
3.171 0.4967998079884793
3.173 0.4914064752134713
3.175 0.49090782967169083
3.177 0.49239073430898167
3.179 0.4964704724893622
3.181 0.5015876616012701
3.183 0.5011837895133089
3.185 0.4973119600577903
3.187 0.4980869531181196
3.189 0.5031666765163603
3.191 0.507228837979794
3.193 0.5086252739661351
3.195 0.5085369604254094
3.197 0.5079135908072802
3.199 0.5045215325098678
3.201 0.5020192575985275
3.203 0.5030205990117975
3.205 0.5029396307411209
3.207 0.5009338921979557
3.209 0.49949297264991593
3.211 0.49888525746877493
3.213 0.49849805702973005
3.215 0.49763070334053683
3.217 0.49727899146503807
3.219 0.4975529621136932
3.221 0.498665441284305
3.223 0.4994648433872725
3.225 0.4999438397038643
3.227 0.5002860873520047
3.229 0.5003944434916824
3.231 0.5005935154755481
3.233 0.5010129053460801
3.235 0.5013527912674992
3.237 0.5011267508824988
3.239 0.5003093421323984
3.241 0.4992808863014976
3.243 0.49835069359224826
3.245 0.4981396055669669
3.247 0.4989150506717869
3.249 0.4989377517626451
3.251 0.4980868915183885
3.253 0.4975675502845646
3.255 0.4975814507358983
3.257 0.49756092758588444
3.259 0.49771266316993334
3.261 0.4981299834214888
3.263 0.4985602592027343
3.265 0.4982644289403388
3.267 0.49753594948573115
3.269 0.49813695249845774
3.272 0.49933262806125983
3.274 0.4998739202879562
3.276 0.4998392465858447
3.278 0.4995643219264892
3.28 0.49975226430425906
3.282 0.49990588281915627
3.284 0.4996604658309665
3.286 0.49972485660319366
3.288 0.49984875158066994
3.29 0.49926826243333744
3.292 0.49910987468820817
3.294 0.4992868250839465
3.296 0.4997079063319966
3.299 0.5003169320972981
3.301 0.5004210046657223
3.303 0.5004751769539176
3.305 0.5010913086299993
3.307 0.5015797983593832
3.309 0.5018311216546816
3.311 0.5019128644464571
3.313 0.5013821734305643
3.315 0.5006191919792348
3.318 0.49950414534491655
3.32 0.4987497519349077
3.322 0.4985930590915182
3.324 0.49810133179785265
3.326 0.4971391675772326
3.328 0.49638823383393327
3.33 0.4960518152716083
3.333 0.4964222757404971
3.335 0.4970031012683392
3.337 0.4973990451561567
3.339 0.4978765825939587
3.341 0.498268134676236
3.343 0.4983447428734065
3.345 0.4985733631153153
3.348 0.4989287144573489
3.35 0.4989576756166251
3.352 0.4989447193354489
3.354 0.49918093148379145
3.356 0.49931406713129856
3.358 0.4992389726130276
3.361 0.4989993429269345
3.363 0.49878252662124783
3.365 0.4987544698461168
3.367 0.49888249918384764
3.369 0.4991607955858853
3.372 0.4993538849864995
3.374 0.4988342758158811
3.376 0.4980631771953597
3.378 0.4975716660788957
3.38 0.4975460060871143
3.383 0.49810056655080037
3.385 0.498485598037335
3.387 0.49857613152101465
3.389 0.498743452326884
3.391 0.49916049432514326
3.394 0.5000402738622634
3.396 0.5016525558020555
3.398 0.5038711457889059
3.4 0.5065871314878374
3.402 0.5097198015819815
3.405 0.5137025434915381
3.407 0.5181494800841234
3.409 0.5225953054367007
3.411 0.5261855907338869
3.414 0.5287512257352031
3.416 0.5305527329442068
3.418 0.5311882956917464
3.42 0.5299352144849926
3.423 0.5268712847264345
3.425 0.5224706818192391
3.427 0.5163756926572535
3.429 0.5092681168462061
3.432 0.5023984458439215
3.434 0.4968921322356478
3.436 0.4927111971721637
3.439 0.48926267323038847
3.441 0.48685901657212666
3.443 0.48568248415600945
3.445 0.48547577929563795
3.448 0.48653652738410896
3.45 0.4884091660847514
3.452 0.4905553089981138
3.455 0.49224405858597137
3.457 0.49290819954343024
3.459 0.4930860635903604
3.462 0.49329255938217104
3.464 0.49361115178769654
3.466 0.4936220804380468
3.468 0.49330625716337484
3.471 0.4926658816911614
3.473 0.4923818845942655
3.475 0.4924911280525716
3.478 0.4925537068390785
3.48 0.49302090600716914
3.482 0.4942799040064766
3.485 0.496171597149031
3.487 0.49909882271733713
3.489 0.5035537686144114
3.492 0.5085401850649812
3.494 0.5126013959630258
3.497 0.5155771435013811
3.499 0.5185185185185186
3.501 0.5213605898748102
3.504 0.5230121822354425
3.506 0.5224993715259351
3.508 0.5197326128476266
3.511 0.5143973807680469
3.513 0.5076572674174887
3.516 0.5015533935495855
3.518 0.4968149327802674
3.52 0.49298051915054814
3.523 0.4891419515925445
3.525 0.485783896844186
3.527 0.48425744437660956
3.53 0.48439911797133406
3.532 0.4857910552319151
3.535 0.48823526682349894
3.537 0.49080588647512263
3.54 0.49273401906909026
3.542 0.49370647845860616
3.544 0.49484501921875296
3.547 0.49639537089736296
3.549 0.49745338336210465
3.552 0.49764285714285716
3.554 0.4975291992890194
3.557 0.49744922284733484
3.559 0.49769908631767884
3.561 0.4979138887694094
3.564 0.497987797583443
3.566 0.49814167398007875
3.569 0.49782146065418625
3.571 0.4973561490546012
3.574 0.49742476073336656
3.576 0.49777976413598224
3.579 0.4980746395657964
3.581 0.49798394857384815
3.584 0.4981661179460521
3.586 0.4988407107741743
3.589 0.4993216327001905
3.591 0.49982905982905984
3.593 0.5003423303536128
3.596 0.5004004168194361
3.598 0.5000144878543489
3.601 0.4996932885743956
3.603 0.49996862919222584
3.606 0.5005043363271767
3.608 0.5003524186540504
3.611 0.4999566026636321
3.614 0.4998072196250422
3.616 0.4995757564070424
3.619 0.49936801072934456
3.621 0.49950058626829374
3.624 0.5000144870148058
3.626 0.49999275029602963
3.629 0.49924591780504074
3.631 0.4988280891328825
3.634 0.4986504005262954
3.636 0.4984447938081992
3.639 0.49842812923195967
3.641 0.4986404760752818
3.644 0.49880645145671026
3.647 0.4987143168446285
3.649 0.49857141473525174
3.652 0.49887132089364256
3.654 0.49944507180140846
3.657 0.49979404624025353
3.659 0.5001575872184643
3.662 0.5003200558642964
3.665 0.5000776164003455
3.667 0.5002400267666213
3.67 0.5007148776953313
3.672 0.5010343942132063
3.675 0.5008339313073328
3.678 0.5004583840627865
3.68 0.5001940014744113
3.683 0.49982056082018256
3.685 0.49948079927797134
3.688 0.4995149069106361
3.691 0.49976222364564526
3.693 0.4993278297880602
3.696 0.49877497950213223
3.699 0.4988587738724638
3.701 0.4991563554555681
3.704 0.49906779825600595
3.706 0.4989992810368614
3.709 0.4992249945336605
3.712 0.4994091300351604
3.714 0.4990781594322046
3.717 0.498868684706077
3.72 0.4990895724398484
3.722 0.499179157918325
3.725 0.4989242810692939
3.728 0.4991997898536273
3.73 0.5000656592431192
3.733 0.500493573814815
3.736 0.5004448896041699
3.739 0.5003162770781837
3.741 0.5005428141628248
3.744 0.5007037211997838
3.747 0.5005700143234368
3.749 0.5007649059214437
3.752 0.5008546259368015
3.755 0.5001875130893877
3.758 0.49961309161698503
3.76 0.49983720399068904
3.763 0.5006040727604427
3.766 0.5010675155032365
3.768 0.5009658693795139
3.771 0.5008544601850683
3.774 0.5009107822040443
3.777 0.500895905058343
3.779 0.5012148105041099
3.782 0.5017320848090825
3.785 0.5013939482247802
3.788 0.5005341569061632
3.79 0.4997648519051843
3.793 0.4997093107758495
3.796 0.4998376646976444
3.799 0.49955856957137595
3.802 0.49950494568963005
3.804 0.4993253344205642
3.807 0.4988167861195434
3.81 0.49877130822956905
3.813 0.4990658922063869
3.816 0.49925672590188785
3.818 0.4992737677125383
3.821 0.49894827862600977
3.824 0.49897510127553746
3.827 0.4994312989714774
3.83 0.4994138905507483
3.833 0.4991601957109126
3.835 0.4988306942752741
3.838 0.49845009601606444
3.841 0.4986521465723575
3.844 0.49896155308755125
3.847 0.4993911586494438
3.85 0.4997954572018544
3.852 0.49986854789238455
3.855 0.5000778475161777
3.858 0.5006346874954405
3.861 0.5014417489654904
3.864 0.502311382892364
3.867 0.5025609097674509
3.87 0.5022553098313992
3.873 0.5019756690997568
3.875 0.5016210961234658
3.878 0.5011374684036555
3.881 0.5007852499428688
3.884 0.5003257233976353
3.887 0.49963786608336364
3.89 0.49906490301708434
3.893 0.4990546921204953
3.896 0.49939678771288065
3.899 0.49959277465894875
3.902 0.4996410624551328
3.905 0.499665461033483
3.908 0.4998932784849425
3.911 0.5001407439043328
3.914 0.5004417218414461
3.916 0.5006364228179442
3.919 0.5002043199065966
3.922 0.49930693021152006
3.925 0.4989305124789748
3.928 0.4990618316157885
3.931 0.49917345728232754
3.934 0.4992054968924481
3.937 0.49962854520823313
3.94 0.5001915755268327
3.943 0.5004554660774679
3.946 0.5009612730451289
3.949 0.501860356955991
3.952 0.502483680402429
3.955 0.502737456152251
3.958 0.5029123111113263
3.961 0.5028882142459412
3.964 0.5024723584992469
3.967 0.5017263337320285
3.97 0.5011246607877946
3.973 0.5006526783987624
3.977 0.5001908461490147
3.98 0.4997971955035346
3.983 0.49961392197363086
3.986 0.4992109035275267
3.989 0.4987114272752719
3.992 0.49855642030860736
3.995 0.4987244897959183
3.998 0.49887063307424806
4.001 0.49872257652444046
4.004 0.49865410497981166
4.007 0.4988891201541195
4.01 0.49898350371747213
4.013 0.49899339902049983
4.017 0.499339299803
4.02 0.49964411088245975
4.023 0.49975293570515056
4.026 0.499769811924227
4.029 0.49992000116361945
4.032 0.5002157816386797
4.035 0.5003420022412062
4.038 0.5000097022383063
4.042 0.4998520214835695
4.045 0.499769557307459
4.048 0.4997332893664895
4.051 0.49981580401547243
4.054 0.500142939514781
4.057 0.5004383861576543
4.061 0.5005497779091002
4.064 0.5004987362121227
4.067 0.5004746314341618
4.07 0.5005741863270973
4.073 0.5006930443548386
4.077 0.5009108262356714
4.08 0.5010748002904865
4.083 0.5010717620930086
4.086 0.5008631653263829
4.089 0.5006670017786715
4.093 0.5006788915464715
4.096 0.5009655864972384
4.099 0.5012837590007915
4.102 0.5013009582196906
4.106 0.500891343101874
4.109 0.500403481050887
4.112 0.5000241541226257
4.115 0.5000917209751389
4.119 0.5000820510840397
4.122 0.499618383297748
4.125 0.49888283826786733
4.128 0.4981306377113009
4.132 0.49773694390715667
4.135 0.49781906456729463
4.138 0.49815098065790236
4.142 0.49842103223806566
4.145 0.49829869324130444
4.148 0.4979864991253023
4.152 0.49808410558491706
4.155 0.49880793161597964
4.158 0.49978421417591645
4.162 0.5004268570707904
4.165 0.5006379562114619
4.168 0.5007056906310475
4.172 0.5006840874467527
4.175 0.500875478360406
4.178 0.5016988914793685
4.182 0.5024812273966236
4.185 0.5028070463875899
4.189 0.5028735354628082
4.192 0.5027403869349159
4.195 0.5030108293510098
4.199 0.5033305418387286
4.202 0.503866282841778
4.206 0.5045275155798389
4.209 0.5047692580674554
4.212 0.5041058612726733
4.216 0.502661881190491
4.219 0.5014647149918733
4.223 0.5009178709229036
4.226 0.5007211066231607
4.23 0.5005954573064286
4.233 0.5000119524007592
4.236 0.49877136956438595
4.24 0.4981206508709004
4.243 0.4981261264697748
4.247 0.4988664723476405
4.25 0.5002334489461446
4.254 0.5016485925022394
4.257 0.5017829390845036
4.261 0.5011051649154298
4.264 0.5006202526814001
4.268 0.5012399374308497
4.271 0.501090293518492
4.275 0.5006152711741864
4.278 0.5001674561025788
4.282 0.4987006149943765
4.285 0.49700590196604455
4.289 0.49583389200681904
4.293 0.49556945343013925
4.296 0.49579456535836264
4.3 0.49509414714190164
4.303 0.494381157635468
4.307 0.4946980108499096
4.31 0.4949789642996875
4.314 0.4955582684726331
4.318 0.4966402751544604
4.321 0.4976418748789464
4.325 0.4980512303426345
4.328 0.49817775944483544
4.332 0.4986496726184693
4.336 0.4994258969144391
4.339 0.49948861809999706
4.343 0.4995243461589123
4.347 0.4993135257415632
4.35 0.49865019893089896
4.354 0.4984144021076255
4.357 0.498653619130316
4.361 0.4988952674525794
4.365 0.4990215359689233
4.368 0.49903378813608945
4.372 0.4992512012488109
4.376 0.49959990631952844
4.38 0.5001684118034707
4.383 0.5005864300095784
4.387 0.500674592311603
4.391 0.5006281253513347
4.394 0.5002224579896642
4.398 0.49984841965263654
4.402 0.49959137732755876
4.406 0.4993292665015128
4.409 0.4992587518653522
4.413 0.49932522296980125
4.417 0.4991176312431867
4.421 0.4989042168085314
4.424 0.4986219961719396
4.428 0.4985630143894402
4.432 0.4988268142741679
4.436 0.4990885837767913
4.44 0.4994582191344254
4.443 0.4995559350144015
4.447 0.4992246007675471
4.451 0.4990900841242979
4.455 0.49907518704771253
4.459 0.49929302252508784
4.462 0.49994354304229366
4.466 0.5005272838749234
4.47 0.5008528826453086
4.474 0.5008771757879881
4.478 0.5007278234403258
4.482 0.5005126896829174
4.486 0.5003241936909943
4.49 0.5000343966821943
4.493 0.49988692343241464
4.497 0.49937728595127573
4.501 0.4985177524991382
4.505 0.49788417064409785
4.509 0.49760309164302535
4.513 0.49748276777549433
4.517 0.49775337239941797
4.521 0.4983601237160039
4.525 0.4989325068870524
4.529 0.4993678203330628
4.533 0.500039336781858
4.537 0.5008168406963813
4.541 0.5009834029191539
4.545 0.5006292412091301
4.549 0.5005231364497789
4.553 0.5005996535335139
4.557 0.5003380395679016
4.561 0.5002514743298949
4.565 0.5002414459161147
4.569 0.4999211729465553
4.573 0.4993131766686853
4.577 0.49928664200251893
4.581 0.49999016048253
4.585 0.5006547015447017
4.589 0.5006032075871204
4.593 0.5003645176544766
4.597 0.5001725446890745
4.601 0.49990880814712946
4.605 0.4995415467129392
4.609 0.49941541239325726
4.613 0.49945955550290955
4.617 0.4993117738474062
4.622 0.4989128130284936
4.626 0.49879016957338074
4.63 0.49909587650707765
4.634 0.4995072823666213
4.638 0.5000271033425813
4.642 0.5003596448876233
4.646 0.5004830774994332
4.651 0.5006190774512754
4.655 0.5004467525287181
4.659 0.5001777883133817
4.663 0.5001802923205351
4.667 0.5001703712117097
4.672 0.5000148076486441
4.676 0.4994791280949913
4.68 0.49896800316018175
4.684 0.49908015250233045
4.688 0.49955639238572175
4.693 0.5000024633818292
4.697 0.5006526482742994
4.701 0.5012016863007762
4.705 0.5014180346433741
4.71 0.5015796466709316
4.714 0.5017828248798745
4.718 0.5021995000688881
4.723 0.5022853765453382
4.727 0.5016694901898984
4.731 0.5009306677171559
4.736 0.5001576059653857
4.74 0.49919194308125897
4.744 0.4982002504856858
4.749 0.4971111681744557
4.753 0.4961192790263098
4.757 0.4954304026586748
4.762 0.49493005003142426
4.766 0.49497345588526603
4.77 0.4953281677301732
4.775 0.49576203977238936
4.779 0.4964371606376913
4.784 0.49767464921414056
4.788 0.4993384834174888
4.792 0.5010383984376936
4.797 0.5023011307280302
4.801 0.5031666129392219
4.806 0.5036896248840014
4.81 0.5037904927392329
4.815 0.5036759778200286
4.819 0.5034996624439061
4.824 0.5029219731387007
4.828 0.5017645920094509
4.833 0.5004882546260266
4.837 0.499542049735874
4.842 0.49882727839520224
4.846 0.4982542555611604
4.851 0.49803911871615436
4.855 0.49794926851471627
4.86 0.49807813126091405
4.864 0.4982860534711745
4.869 0.49854947622725204
4.873 0.49898147826905825
4.878 0.49943730820141885
4.883 0.49990087330617267
4.887 0.5001983143282102
4.892 0.5003149379795365
4.896 0.5003968805191197
4.901 0.5003847127560822
4.906 0.5002630586273303
4.91 0.500267883718623
4.915 0.5003225166220104
4.92 0.5002779652940476
4.924 0.49992057582526683
4.929 0.4996304068501238
4.934 0.49988846754405536
4.938 0.5002328484800443
4.943 0.5004185219488759
4.948 0.5006637869541095
4.953 0.5007281697675801
4.957 0.5005893248021552
4.962 0.5005869038715846
4.967 0.5006614051515287
4.972 0.5008524895669154
4.976 0.5007683385051602
4.981 0.5004210839195482
4.986 0.5000792181171835
4.991 0.499700419412822
4.996 0.4994502718925504
5.0 0.49928919225491997
5.005 0.49903605501177056
5.01 0.49908313261371634
5.015 0.4990556637865651
5.02 0.49886187248012615
5.025 0.4990801941757201
5.029 0.4993904372992903
5.034 0.49968793342579754
5.039 0.5003193749164426
5.044 0.5007920164739427
5.049 0.5011234842860678
5.054 0.501554347718475
5.059 0.5017391777622744
5.064 0.501840745798943
5.069 0.5018471381738588
5.074 0.5015673360239681
5.079 0.5012645447391475
5.084 0.500949846144713
5.089 0.500721422288984
5.094 0.5005233327408811
5.099 0.5002911825961643
5.104 0.5001134748973792
5.109 0.499832299178266
5.114 0.49957565231121465
5.119 0.4996025064314953
5.124 0.49964925454240067
5.129 0.4994439914004004
5.134 0.498955962394854
5.139 0.4984409027915264
5.144 0.4982057564283417
5.149 0.49814098787557737
5.154 0.49823284823284825
5.16 0.498577429873478
5.165 0.49899299799589286
5.17 0.4993493159157822
5.175 0.4996289590073911
5.18 0.5001409725622876
5.185 0.5009600823493314
5.191 0.5014233730227492
5.196 0.5014438341101475
5.201 0.5014171745701402
5.206 0.501130044309632
5.211 0.5008322599821659
5.217 0.5005943006567021
5.222 0.5004232610406776
5.227 0.5003042942599712
5.232 0.5000321405084134
5.238 0.49947340054687234
5.243 0.4991097922848665
5.248 0.4990573740072738
5.254 0.4991139666574269
5.259 0.4991876764574769
5.264 0.49913052094428895
5.27 0.4989391761265057
5.275 0.4986261283602817
5.28 0.49843003616125237
5.286 0.49871363350203984
5.291 0.49936810177774027
5.297 0.4998389295006815
5.302 0.5000347001903552
5.307 0.49983382854081615
5.313 0.4996822780662649
5.318 0.49998511077582786
5.324 0.5006251426416742
5.329 0.5010843511014724
5.335 0.5010502167468606
5.34 0.500590717299578
5.346 0.4999900751312563
5.351 0.49979913603697884
5.357 0.5000693859344799
5.362 0.5004635160792985
5.368 0.5004045287364309
5.373 0.49982871016270053
5.379 0.4993773411723847
5.385 0.499447245398256
5.39 0.49976699914731604
5.396 0.5000867526261259
5.401 0.5002380881521383
5.407 0.5000620122734691
5.413 0.49943195630280446
5.418 0.4990696220432588
5.424 0.49939917572868564
5.43 0.49957996768982227
5.435 0.49909924256750704
5.441 0.49844675660875193
5.447 0.49797318831919046
5.453 0.4976595723490922
5.458 0.49753878653208056
5.464 0.4976877460507301
5.47 0.4981330169349572
5.476 0.4983240557850004
5.481 0.4981988364783012
5.487 0.49857559807418866
5.493 0.4992860495072244
5.499 0.4999075965615931
5.505 0.5001774423312424
5.511 0.5003824407216881
5.516 0.5005651356325519
5.522 0.5002977069062999
5.528 0.5000425299836384
5.534 0.5002326104899828
5.54 0.5001776999124014
5.546 0.4997647294388547
5.552 0.4993993031917023
5.558 0.49913925976339646
5.564 0.49894348918954107
5.57 0.4986927908164799
5.576 0.4986349952162218
5.582 0.49857581288989633
5.588 0.4980361035490773
5.594 0.4975429605064817
5.6 0.4974298877399107
5.606 0.4973796158783699
5.612 0.497281417391874
5.618 0.49712113420253906
5.624 0.4969838008652328
5.63 0.49670434096928767
5.636 0.4964565196497494
5.642 0.49685222672064777
5.649 0.4972340673660512
5.655 0.49693398023725466
5.661 0.4965153512902618
5.667 0.4960442351932995
5.673 0.49546772189757504
5.68 0.4949624295073067
5.686 0.4949054977528783
5.692 0.4955181583892066
5.698 0.49643657932138513
5.704 0.4979596845948516
5.711 0.5005627676966249
5.717 0.5035603534469195
5.723 0.5068263182378997
5.73 0.510391702748968
5.736 0.5140599302017731
5.742 0.5173080381226398
5.749 0.5197592448772328
5.755 0.5212159092036469
5.762 0.5211999445753084
5.768 0.5194812884888679
5.774 0.5169865100621667
5.781 0.5144561568351097
5.787 0.511635158838433
5.794 0.5088040623697803
5.8 0.5061990039207375
5.807 0.5038208900877248
5.813 0.5016824892249094
5.82 0.500218797564688
5.826 0.4999810098938453
5.833 0.5007374456400602
5.839 0.5013840043226436
5.846 0.5020722320899941
5.853 0.5026593855232809
5.859 0.502918357009974
5.866 0.5029559492617222
5.872 0.5029870498156725
5.879 0.5031388269107137
5.886 0.5033834675229617
5.892 0.5031702300303813
5.899 0.5028158402787588
5.906 0.5025908928470667
5.913 0.5024034850533274
5.919 0.5023655349297373
5.926 0.5022954905322727
5.933 0.5022536753864948
5.94 0.5025591406896358
5.947 0.5027563395810364
5.953 0.5024922292850943
5.96 0.5021936375177358
5.967 0.5019519316427475
5.974 0.5019315094664933
5.981 0.5017736604441134
5.988 0.5012057840389575
5.995 0.5010818633176212
6.002 0.5010345998074948
6.009 0.5007846888174878
6.016 0.5009992441911686
6.023 0.5016593304358693
6.03 0.5022252241416002
6.037 0.5021810225595906
6.044 0.502112396113561
6.051 0.5025934950345184
6.058 0.5032300337769247
6.065 0.5038014579167089
6.072 0.5044449656682165
6.079 0.5050547695640003
6.086 0.5055419282798513
6.093 0.5060004284392504
6.1 0.5068547910855917
6.108 0.5081459936028125
6.115 0.5095048449874925
6.122 0.5104464462304691
6.129 0.5111589233286269
6.137 0.5114653893585458
6.144 0.5111118044536361
6.151 0.5104116158133782
6.158 0.509443094972712
6.166 0.508210737083649
6.173 0.5065714993278143
6.18 0.5046265011284687
6.188 0.502199203257556
6.195 0.49964309948271457
6.203 0.4973176935249959
6.21 0.49532215824420006
6.217 0.49371732834133936
6.225 0.4925163869894822
6.232 0.49151655910928294
6.24 0.4904575151787023
6.247 0.4895617494374262
6.255 0.4893105374902224
6.263 0.4895062558859142
6.27 0.48991259834373185
6.278 0.49040385562195393
6.285 0.49068604561548257
6.293 0.49083433504535023
6.301 0.49129739607126544
6.308 0.49211801452740145
6.316 0.49327049710674964
6.324 0.4944737907678716
6.331 0.49532998948901885
6.339 0.49572669315346946
6.347 0.49619757792189767
6.355 0.49690928973902726
6.362 0.4975932639240242
6.37 0.49839232784413723
6.378 0.49885133529359693
6.386 0.49844097163875356
6.394 0.4977338354717828
6.402 0.49685366744388576
6.41 0.4963554972226779
6.418 0.4963341594382487
6.426 0.4963021051000427
6.433 0.49632235519567136
6.441 0.49609141804199547
6.449 0.4955136568524476
6.458 0.4956610226983633
6.466 0.496164044880203
6.474 0.4965403811252269
6.482 0.4971592928321307
6.49 0.4975062758329419
6.498 0.4972591081760827
6.506 0.49653454263108
6.514 0.49588294786657505
6.523 0.496082279296959
6.531 0.49641951079412183
6.539 0.49583335330001294
6.547 0.49558218291009914
6.555 0.4955320058196765
6.564 0.4949577607162628
6.572 0.49459105064743486
6.58 0.4950831068392367
6.589 0.49596967220645327
6.597 0.4964002635607837
6.606 0.49625449097441415
6.614 0.49654596560043884
6.622 0.4971839267577982
6.631 0.497250635030316
6.639 0.49756325554901004
6.648 0.4984929181786258
6.656 0.49904785156250003
6.665 0.4988516194608964
6.674 0.4985063242865315
6.682 0.4984629693083362
6.691 0.49883707834909197
6.699 0.4989983297331982
6.708 0.4994422591440145
6.717 0.5001956449435564
6.726 0.500742550073278
6.734 0.5011469904921809
6.743 0.5018472666302738
6.752 0.5031272663554813
6.761 0.504565178306778
6.769 0.5054010471814498
6.778 0.505763409143833
6.787 0.5058929091085459
6.796 0.5059383802305659
6.805 0.5057345158406031
6.814 0.5052944526491567
6.823 0.5048178942088815
6.832 0.5043851204343723
6.841 0.5032939785783275
6.85 0.5022768015491836
6.859 0.5017310482538679
6.868 0.5014156177066994
6.877 0.5013672304500388
6.886 0.501345163136806
6.895 0.5014460299687924
6.905 0.5013431385623655
6.914 0.5008202428300285
6.923 0.500507667446838
6.932 0.5005031260581146
6.942 0.5005409836846947
6.951 0.5006195904983415
6.96 0.5003597996559268
6.97 0.4999022473571024
6.979 0.499638184830423
6.988 0.49964105904222195
6.998 0.5000831136757616
7.007 0.5008294238712468
7.017 0.5013084964402247
7.026 0.5014393889010289
7.036 0.501490567649935
7.045 0.5015186317128267
7.055 0.5015713119267797
7.065 0.501246455688976
7.074 0.5006138238848865
7.084 0.5000166510463993
7.094 0.49924145507464174
7.103 0.4986797093933324
7.113 0.49852239685284777
7.123 0.4984176463320757
7.133 0.49819976440188474
7.142 0.49806451000042745
7.152 0.4985001091692694
7.162 0.49893947896554014
7.172 0.4986991947396007
7.182 0.4981880684666619
7.192 0.498015512475971
7.202 0.49771170886227606
7.212 0.49687606388844935
7.222 0.49626605835034215
7.232 0.49588333966172726
7.242 0.49545800094304215
7.252 0.49530990206537306
7.262 0.4958675303207949
7.273 0.49711468698798306
7.283 0.49803723481021794
7.293 0.4984806969050519
7.303 0.49909327674351306
7.314 0.4998238204416556
7.324 0.5002659831705194
7.334 0.500542194337942
7.345 0.5005577650596565
7.355 0.5003732428502181
7.366 0.5001211017351458
7.376 0.49982596084118924
7.387 0.49992512909193665
7.397 0.5002872328613702
7.408 0.500518874982503
7.418 0.5009662510903456
7.429 0.501587576909549
7.44 0.5023990682856166
7.45 0.5030408382408883
7.461 0.5031693547222663
7.472 0.5030971002286126
7.483 0.503013959390863
7.493 0.5028126996632447
7.504 0.5025177973953158
7.515 0.5017705195285661
7.526 0.5005237312730033
7.537 0.49919421954751214
7.548 0.4978353520679603
7.559 0.49665619519340104
7.57 0.49578226961642524
7.581 0.4948021129857765
7.592 0.493791088385683
7.603 0.493025080647505
7.614 0.4926723594808619
7.626 0.49289359573858543
7.637 0.49354595619515285
7.648 0.4941231529735237
7.659 0.4946532158831227
7.671 0.49534165291764787
7.682 0.4959769354103231
7.693 0.49664198550596383
7.705 0.49716503859586897
7.716 0.4976879839318585
7.728 0.49806452249992594
7.739 0.49800452012047064
7.751 0.49802205409682043
7.763 0.4982848487548447
7.774 0.49829136868796925
7.786 0.4982394715439091
7.798 0.49842318219683446
7.809 0.4986375751318996
7.821 0.49871107777739143
7.833 0.49826369886866795
7.845 0.49817677111886066
7.857 0.4984785023083934
7.869 0.4985361627548023
7.881 0.4981404299445619
7.893 0.4977712109337953
7.905 0.49760973707107775
7.917 0.49758333374985625
7.929 0.4976976036078376
7.941 0.4983011212599684
7.953 0.4988290398126463
7.965 0.49890917096993714
7.978 0.49889604830351914
7.99 0.49935749036235544
8.002 0.5003200544092496
8.015 0.5009433631773073
8.027 0.5008602312341685
8.039 0.5010600175416614
8.052 0.5013050513754389
8.064 0.5012976881647838
8.077 0.5012707878884909
8.09 0.5012505502421065
8.102 0.5008190438977472
8.115 0.5003502101260756
8.128 0.5000624628346134
8.14 0.5005588320410342
8.153 0.5009720285661454
8.166 0.5003548403218552
8.179 0.4992869473842228
8.192 0.4988576884814006
8.205 0.49917271922940415
8.218 0.4999600790434938
8.231 0.5009160480638187
8.244 0.501445663010967
8.257 0.5016309842180489
8.27 0.5018546196664166
8.283 0.503115349727128
8.297 0.5050573962566369
8.31 0.5063353139950821
8.323 0.5065545154702389
8.337 0.506291189368508
8.35 0.5057934483966281
8.364 0.5056265026999329
8.377 0.5053088684413714
8.391 0.5045181537795573
8.404 0.503585532132262
8.418 0.5023338824821526
8.432 0.5015734086617977
8.445 0.5017308282171252
8.459 0.5029549336231659
8.473 0.5046029557603464
8.487 0.5057456305251083
8.501 0.5066057692307693
8.515 0.5078316600245248
8.529 0.509143379484946
8.543 0.5102976577127355
8.557 0.5111183218491725
8.571 0.5110621783835713
8.585 0.5102207647156674
8.599 0.5085412745297913
8.614 0.5064959028027478
8.628 0.5051455468145717
8.642 0.5037416936285245
8.657 0.5020244246124942
8.671 0.5006500912944092
8.686 0.49970030718513525
8.7 0.49942283516452707
8.715 0.49959486644562834
8.73 0.5001257217358912
8.744 0.5012972038051312
8.759 0.5018867397788025
8.774 0.5019460862044112
8.789 0.50243518953543
8.804 0.5033941539705329
8.819 0.503994568502897
8.834 0.5040180708612011
8.849 0.5030598104591576
8.864 0.5016953088713423
8.879 0.5006833776521562
8.894 0.4998329962331372
8.91 0.49944313477994534
8.925 0.49927169828825896
8.94 0.4984164429873037
8.956 0.4972925569676637
8.971 0.4963122696620858
8.987 0.4958225817699978
9.002 0.49564321446387527
9.018 0.49526644361787625
9.034 0.4949021704466581
9.05 0.49474799767411326
9.065 0.4948701341368402
9.081 0.4953178998307222
9.097 0.4959328211004866
9.113 0.49682153655467715
9.129 0.49784170632159047
9.145 0.49874974148790163
9.161 0.4997364854690558
9.178 0.5014792551515237
9.194 0.502723717072711
9.21 0.5027875303376612
9.227 0.5023692208944517
9.243 0.5018932874354561
9.26 0.5016564886216693
9.276 0.5015027322404372
9.293 0.5010391581169795
9.309 0.5004754596894919
9.326 0.49953582183098266
9.343 0.4985042333019756
9.36 0.49800487488118655
9.377 0.49820567692778034
9.394 0.4984946925544997
9.411 0.49850163971502887
9.428 0.4984760556735079
9.445 0.4984547398969199
9.462 0.49871987703275517
9.48 0.4992746797287114
9.497 0.5002687158212332
9.514 0.501291685685111
9.532 0.5019482536306223
9.55 0.5018692951229032
9.567 0.5013690495826874
9.585 0.5007997735154647
9.603 0.5003192410104096
9.62 0.5003518216807159
9.638 0.5003826024524344
9.656 0.5003370177464589
9.674 0.4999882202714992
9.692 0.49905482930499384
9.71 0.4983043672538275
9.729 0.49885185933046255
9.747 0.5003287743293005
9.765 0.5021973537950669
9.784 0.5031794785091674
9.802 0.5032001838054289
9.821 0.5028276428487622
9.839 0.5021714253554947
9.858 0.5018613537886648
9.877 0.5024868858376422
9.896 0.5027037683771757
9.915 0.501796182525911
9.934 0.5004782983831639
9.953 0.4995372750642673
9.972 0.4991819830600378
9.991 0.4990360422180832
10.01 0.498912611369642
10.03 0.4990994783991767
10.049 0.49950374067172915
10.069 0.4993390846205225
10.088 0.49945081396381447
10.108 0.4997218027183848
10.128 0.49945363392065734
10.148 0.49881357680800575
10.167 0.49820268117678557
10.187 0.49783923941227315
10.207 0.4981794746349541
10.228 0.4982528910772819
10.248 0.49776876076784754
10.268 0.49744271974276766
10.289 0.4970725829983904
10.309 0.4969784538343515
10.33 0.49724539364670217
10.35 0.4977500979757964
10.371 0.4987211067036702
10.392 0.49929134304665795
10.412 0.49906104396773976
10.433 0.4991822186926844
10.454 0.49930633484377146
10.476 0.4994749687819275
10.497 0.49977976385001205
10.518 0.5002910374657499
10.539 0.500952326804446
10.561 0.5011097807413998
10.582 0.500267667220951
10.604 0.49947666791382306
10.626 0.4988552482828724
10.648 0.49837305300759566
10.67 0.4981105135405264
10.692 0.49792221376949414
10.714 0.497253336255485
10.736 0.49658334960309714
10.758 0.49593581205097276
10.78 0.49549266247379453
10.803 0.4958223121950287
10.825 0.49662308900248675
10.848 0.49710296216133393
10.871 0.49724220221294707
10.894 0.49738747910943776
10.917 0.4977555033331735
10.94 0.4976729187422691
10.963 0.49737803526156993
10.986 0.4972500918247018
11.009 0.4971471122973966
11.033 0.49676293855398335
11.056 0.49648427481211566
11.08 0.4964102763117045
11.104 0.4962252700570458
11.127 0.4962475133392025
11.151 0.49682201849095575
11.175 0.498160604913466
11.2 0.4995781122706288
11.224 0.5014850453750407
11.248 0.5048926129249736
11.273 0.5069381315864152
11.297 0.5076022998876932
11.322 0.5084304476063293
11.347 0.5092051053040998
11.372 0.5092095072709167
11.397 0.5081026074267502
11.422 0.5065429546656411
11.447 0.5040271525888839
11.472 0.4992767470549817
11.498 0.4943647368040317
11.523 0.4922266063487934
11.549 0.491900227716018
11.575 0.4914327448851133
11.6 0.49091223319987326
11.626 0.49015282507236674
11.653 0.49018436819696765
11.679 0.49114283506548706
11.705 0.49299253247067715
11.732 0.4962807860134126
11.758 0.4985667605854269
11.785 0.4987292833943342
11.812 0.4983145021411702
11.839 0.4979358012085749
11.866 0.49848453638584
11.893 0.49968781802002876
11.92 0.5001276988664269
11.948 0.4996088310691459
11.976 0.4988085625947734
12.003 0.4976135420372347
12.031 0.49652736613317533
12.059 0.49586883424751294
12.087 0.4954482539651041
12.115 0.4957220766695336
12.144 0.49559814596091434
12.172 0.49543288324066725
12.201 0.49596836066466365
12.23 0.4969880413351696
12.259 0.4986788587714871
12.288 0.49980133700197665
12.317 0.5003181515395552
12.346 0.5012843725528339
12.376 0.5019077211584979
12.405 0.5012279973389223
12.435 0.500662509937649
12.465 0.5000976763057318
12.495 0.49941798016636274
12.525 0.49843766404527523
12.555 0.49822505240202936
12.586 0.4984899830559154
12.617 0.49890964491267203
12.647 0.49844294283803614
12.678 0.4981623605563286
12.709 0.4979332114136834
12.741 0.49802983817602126
12.772 0.4983292548727973
12.803 0.4987414130271272
12.835 0.4987607024529544
12.867 0.4981922303514746
12.899 0.4969928290538977
12.931 0.4966268316329349
12.964 0.49721365034458104
12.996 0.4983654797354638
13.029 0.4997709758442434
13.061 0.5004626044631274
13.094 0.4999445357643476
13.128 0.49923977726984387
13.161 0.4992023988611468
13.194 0.50019620272269
13.228 0.5013672781578575
13.262 0.5019295293560511
13.296 0.5015493000393634
13.33 0.5011360094902032
13.364 0.500505586606231
13.399 0.5007574237560193
13.434 0.5021940174115614
13.469 0.5037110811933516
13.504 0.5039054857400859
13.539 0.5035476574475841
13.574 0.5038940421155632
13.61 0.504195156907826
13.646 0.5037425037574839
13.682 0.503565275412546
13.718 0.5032404957109617
13.754 0.5022958077204948
13.791 0.5012241763611794
13.828 0.5014587946245028
13.865 0.5015828908847318
13.902 0.5008192055438684
13.939 0.4999380700650512
13.977 0.5004068107516383
14.015 0.5008189136899608
14.053 0.5005999970370516
14.091 0.5000421641624461
14.129 0.4998014139327984
14.168 0.4987158324148833
14.207 0.49875721656120336
14.246 0.5003978668406407
14.285 0.5019983461962514
14.324 0.499873615344584
14.364 0.4969464135230258
14.404 0.49583825221536487
14.444 0.4971003348629543
14.484 0.498362793104821
14.525 0.4995824551636378
14.566 0.5003672227468262
14.607 0.500998181971298
14.648 0.49849913811891977
14.69 0.5000269619738126
14.731 0.5038981992041279
14.773 0.5065271966527197
14.815 0.5059876227673586
14.858 0.5042621296300878
14.901 0.5027630618598162
14.944 0.5017722322194296
14.987 0.49903958702241963
15.03 0.4667816037412545
15.074 0.43283119459425945
15.118 0.3926595890370176
15.162 0.34974800370694803
15.206 0.3027206505166864
15.251 0.24791797292811563
15.296 0.18299066169692593
15.341 0.10041487877899487
15.387 0.0
