2.501 1.0
2.503 1.0
2.504 0.9012768674185997
2.505 0.8204567447261467
2.506 0.7520643583655242
2.507 0.6937577457439176
2.509 0.6422867321830231
2.51 0.5995455438045276
2.511 0.5647154621032033
2.512 0.5340439524985419
2.514 0.5052115771043137
2.515 0.504911683586644
2.516 0.5039588652814543
2.517 0.5028205519134014
2.518 0.4999823282006574
2.52 0.49898133427545194
2.521 0.49939994352409645
2.522 0.4994613330835168
2.523 0.4999709271900548
2.525 0.5010318601307796
2.526 0.5016402183866743
2.527 0.5026186484767906
2.528 0.5036109829257037
2.529 0.5071217538252842
2.531 0.5108347357016068
2.532 0.5116072663562174
2.533 0.5100879521687942
2.534 0.5068106658032886
2.536 0.5026893847381754
2.537 0.49953676896352067
2.538 0.49791163913124187
2.539 0.49670054875083935
2.541 0.4934554062521757
2.542 0.48903663720709345
2.543 0.487677155341826
2.544 0.48909352517985605
2.546 0.49164883704879564
2.547 0.49430618531722675
2.548 0.4961099194156183
2.549 0.4986925445987565
2.551 0.5007735706392137
2.552 0.5018172106687103
2.553 0.5050225227846775
2.554 0.5079598163298603
2.556 0.5083100233100233
2.557 0.5074251399821472
2.558 0.5079549640817831
2.559 0.50942942530315
2.561 0.5099191349964493
2.562 0.5095663702653895
2.563 0.5103839679723398
2.564 0.5107601743363334
2.566 0.5083624167157684
2.567 0.5058892881840134
2.568 0.5051849330610393
2.57 0.5038989006007027
2.571 0.5011701129413361
2.572 0.49784986286526933
2.573 0.4950834174501821
2.575 0.49120124164060897
2.576 0.48501227937294866
2.577 0.4815572357686208
2.579 0.4818801247257189
2.58 0.4823926508455703
2.581 0.48087393468807205
2.582 0.478547970912503
2.584 0.4777271174259829
2.585 0.48038592027141647
2.586 0.485363294467172
2.588 0.49155385451366745
2.589 0.49815353559342157
2.59 0.502433927765773
2.591 0.5042475079306616
2.593 0.5065787132060697
2.594 0.5115984416999206
2.595 0.5157496202050892
2.597 0.5160293134727395
2.598 0.5128829958788748
2.599 0.5094314891385946
2.6 0.5060831582570713
2.602 0.5023251399829174
2.603 0.4979594742087031
2.604 0.4941538241498909
2.606 0.4885854593364474
2.607 0.48362615035257556
2.608 0.48141916081913216
2.61 0.4812028270756087
2.611 0.48260529011267095
2.612 0.4831221588161331
2.614 0.48372605526360396
2.615 0.4862349700918478
2.616 0.4897150359852168
2.618 0.49426072530770077
2.619 0.499269624992328
2.62 0.5014415257996155
2.622 0.5032202450588018
2.623 0.5049624728421884
2.624 0.5035883833062708
2.626 0.5009242144177449
2.627 0.4979578500245059
2.628 0.4946023658788812
2.63 0.4915301305193001
2.631 0.48786622513208117
2.632 0.4852561506530323
2.634 0.4826485991762851
2.635 0.4784095985704257
2.636 0.4760141929368363
2.638 0.47881415724859855
2.639 0.4832641912958334
2.64 0.48671580501832973
2.642 0.4886234728071662
2.643 0.49084062291609465
2.644 0.4940821810079298
2.646 0.4963020374919538
2.647 0.4985935952459558
2.648 0.5018143151458763
2.65 0.5005443328898028
2.651 0.4969879923992292
2.652 0.4953517469628274
2.654 0.4931608482166945
2.655 0.48993453021002054
2.656 0.48599947968726465
2.658 0.48245373167115163
2.659 0.48173450210571084
2.661 0.48107424613100963
2.662 0.48041617351573035
2.663 0.48255595848443167
2.665 0.48420934851324515
2.666 0.48545195371457317
2.667 0.4879405008683959
2.669 0.49009802810516767
2.67 0.49230461151161453
2.672 0.49151316075072
2.673 0.4888652771308802
2.674 0.4889025173763215
2.676 0.48742346152151883
2.677 0.48513868093748613
2.678 0.48320644872369
2.68 0.4792444344501912
2.681 0.4765997085292748
2.683 0.4760173868266012
2.684 0.47623757856131965
2.685 0.47758347559944014
2.687 0.4766015801530286
2.688 0.47451189654090026
2.69 0.4750201641599848
2.691 0.4771202147376494
2.692 0.4793643645253643
2.694 0.48027117982734235
2.695 0.4809797280714672
2.697 0.48191738370751325
2.698 0.4813298639309213
2.699 0.48149879775581084
2.701 0.4836661995846909
2.702 0.48499301604606
2.704 0.4859753906183149
2.705 0.4846759163387865
2.706 0.4830361479220149
2.708 0.48384673178061616
2.709 0.48423601242170644
2.711 0.48415555085044815
2.712 0.4832752117287026
2.713 0.48403027537710025
2.715 0.4858675950684636
2.716 0.4862040963638004
2.718 0.4890328385065227
2.719 0.4946288798920377
2.721 0.49806239974045174
2.722 0.4968292904515308
2.723 0.4979901416904636
2.725 0.5035101686328436
2.726 0.508540204096403
2.728 0.5080115672116837
2.729 0.5054886847248351
2.731 0.5031167010917675
2.732 0.4952923916878679
2.733 0.4838231152004507
2.735 0.48304117636054106
2.736 0.4886865135761837
2.738 0.49239867996588677
2.739 0.49119631397070923
2.741 0.49256156568209725
2.742 0.49777042577675484
2.744 0.5035963480475686
2.745 0.5101978527056628
2.747 0.5182522623412749
2.748 0.5220996012241491
2.749 0.5162891773918583
2.751 0.5087597278093161
2.752 0.5009957913723132
2.754 0.49618363557939354
2.755 0.49091248367232687
2.757 0.48478588576852216
2.758 0.48130357670706475
2.76 0.4807973397646714
2.761 0.48292454360323667
2.763 0.48896191133219563
2.764 0.4908926328234685
2.766 0.4913932423798249
2.767 0.4909608078956914
2.768 0.49087900246305416
2.77 0.49201567900519416
2.771 0.4927364075401153
2.773 0.489106347930108
2.774 0.4807001618186842
2.776 0.47125098658247827
2.777 0.4671586277845923
2.779 0.46775227336457953
2.78 0.4685270624580801
2.782 0.47372513710403535
2.783 0.47396638828745236
2.785 0.47244306418219456
2.786 0.4766051629985107
2.788 0.4815192083818393
2.789 0.48668183925485736
2.791 0.49227236973575117
2.792 0.497937574417418
2.794 0.5033601293011782
2.795 0.5020951228994773
2.797 0.49841833860553797
2.798 0.5002391720299182
2.8 0.5028648613319971
2.801 0.5029017712670709
2.803 0.5049689042764635
2.804 0.5077791986359761
2.806 0.5088969481029035
2.807 0.5034560257823764
2.809 0.49814473209931515
2.811 0.5030782385634887
2.812 0.5080621017065138
2.814 0.5096338292339827
2.815 0.5089876406645536
2.817 0.5039581205311542
2.818 0.4997988864661177
2.82 0.49843161196606384
2.821 0.5015993685609837
2.823 0.5082527388323981
2.824 0.5125018156163758
2.826 0.5124406969276348
2.827 0.5089090082268801
2.829 0.5077204974059129
2.83 0.511274970382777
2.832 0.5142851282892714
2.834 0.5114031456953643
2.835 0.5057099313138061
2.837 0.49981358740679377
2.838 0.49636774061153294
2.84 0.49372770876890915
2.841 0.491467927631579
2.843 0.49175285398732477
2.844 0.4899799391971543
2.846 0.4863855545295988
2.848 0.48549326986211416
2.849 0.4888718818516526
2.851 0.4913271734565309
2.852 0.48779504160298864
2.854 0.48611612738745247
2.855 0.48728155133144596
2.857 0.48767681097299614
2.859 0.48875391681332364
2.86 0.49263320198732224
2.862 0.49556298014513417
2.863 0.49533966087234726
2.865 0.4961843451568895
2.866 0.5003310197544046
2.868 0.5066443399669392
2.87 0.508030703734761
2.871 0.5084283536258026
2.873 0.5099496058922343
2.874 0.5067148984100854
2.876 0.5017220092273702
2.878 0.49933350533195736
2.879 0.49887795615397895
2.881 0.49898837709857946
2.882 0.4954233163188388
2.884 0.4927022205025688
2.886 0.4933636383129275
2.887 0.4941352419613289
2.889 0.49344314899989306
2.89 0.4969355497731232
2.892 0.5015601127584945
2.894 0.5034103786696317
2.895 0.5025068319239129
2.897 0.5008182248826493
2.898 0.5035073708747922
2.9 0.5054266911209407
2.902 0.5017108454608454
2.903 0.5008093932787983
2.905 0.5047876679977672
2.907 0.5074811373033803
2.908 0.5053270512330743
2.91 0.5052430285582197
2.912 0.5106859992456942
2.913 0.5126453640649555
2.915 0.5092767890950397
2.916 0.5097838143272713
2.918 0.5159625590238602
2.92 0.5185400369348245
2.921 0.5159151739757052
2.923 0.5147550338306025
2.925 0.5173420364476699
2.926 0.5153207273313712
2.928 0.5107493425938936
2.93 0.5093650984638832
2.931 0.5115209232880029
2.933 0.5126543024628373
2.935 0.5094650696223904
2.936 0.50326979268123
2.938 0.49447224015493857
2.94 0.48606193789932034
2.941 0.4853288160203278
2.943 0.4946525649896214
2.945 0.5088030888030888
2.946 0.5144331867711719
2.948 0.5098505500454343
2.95 0.5166468602041009
2.951 0.531397876966364
2.953 0.54466324970776
2.955 0.5715933720198559
2.956 0.5995842971604814
2.958 0.6131552297825145
2.96 0.6013192696217456
2.961 0.578101488714583
2.963 0.5661007110724133
2.965 0.5544159640437288
2.966 0.5224736731989679
2.968 0.49152097902097897
2.97 0.46804138197530437
2.972 0.4281767472765742
2.973 0.37336860361228386
2.975 0.33761091913105384
2.977 0.3514906778932898
2.978 0.3851994348070342
2.98 0.39949714363903804
2.982 0.40963786978679884
2.984 0.4275960864789114
2.985 0.4171406543199953
2.987 0.39628446319931643
2.989 0.4011397197042173
2.99 0.44558521948039514
2.992 0.4770751334231125
2.994 0.4643512367397483
2.996 0.4631452080618102
2.997 0.4962243412787448
2.999 0.5218921120218655
3.001 0.5480144451465411
3.003 0.5906248251079375
3.004 0.6289203127459689
3.006 0.6406096522428878
3.008 0.6174124842144675
3.01 0.5927631743221871
3.011 0.5738785097807858
3.013 0.5340578569542416
3.015 0.4913568556325895
3.017 0.4555567053068223
3.018 0.41509352642013625
3.02 0.382668793195109
3.022 0.37337504491745754
3.024 0.38910131845629875
3.025 0.4062546985415727
3.027 0.40802054433311175
3.029 0.4269156007775191
3.031 0.4638646602127863
3.032 0.47227828564644425
3.034 0.4783179686774358
3.036 0.49540107588489257
3.038 0.5198886882887502
3.04 0.5237259583140627
3.041 0.4956789519266955
3.043 0.49676587515721815
3.045 0.4884126182085397
3.047 0.44031772778129175
3.048 0.4172768451588186
3.05 0.43728429924096845
3.052 0.4685081023001937
3.054 0.48243068383094595
3.056 0.4876029579219747
3.057 0.5149955269267984
3.059 0.5493107675216252
3.061 0.564292476542048
3.063 0.602551534786922
3.065 0.6523786885614956
3.066 0.6564066824249133
3.068 0.6348363222038579
3.07 0.6136588281267958
3.072 0.595942693409742
3.074 0.5770783441669517
3.076 0.5404411764705882
3.077 0.5160849476127464
3.079 0.49811124948111246
3.081 0.4881964867657579
3.083 0.4845963659197049
3.085 0.4803171239059618
3.087 0.47748220744370556
3.088 0.48183229813664596
3.09 0.4869862067604633
3.092 0.49120231655573204
3.094 0.501602761681667
3.096 0.5118693448778187
3.098 0.5043679395303691
3.099 0.4899306564796745
3.101 0.48906589427950764
3.103 0.48492182074538603
3.105 0.4765173641460763
3.107 0.4760547922075181
3.109 0.48130477731772425
3.111 0.4820618294389551
3.112 0.4737874541927139
3.114 0.468671465689824
3.116 0.47924174254216684
3.118 0.48329319027808193
3.12 0.48770127646663636
3.122 0.4956554093983235
3.124 0.5021382751247327
3.126 0.5098337498641747
3.127 0.5030705466223987
3.129 0.49524887882420854
3.131 0.513329790531863
3.133 0.5212652555093872
3.135 0.5118057214848926
3.137 0.49787801329022047
3.139 0.4845795963952832
3.141 0.5011943249315141
3.143 0.5118808614954778
3.145 0.5143806842167352
3.146 0.5302563097133133
3.148 0.5469228981502662
3.15 0.5507905798217192
3.152 0.5629823230601769
3.154 0.5744089012517385
3.156 0.586996083030035
3.158 0.5695448602552442
3.16 0.5203711940390944
3.162 0.4846801699911292
3.164 0.46006730963126513
3.166 0.4287298339303722
3.168 0.3937475902366749
3.17 0.3596319082448681
3.171 0.35529265566832985
3.173 0.37886654775291184
3.175 0.4100362876404706
3.177 0.45737059246852774
3.179 0.5054356133919684
3.181 0.5337900365404233
3.183 0.5425325200230127
3.185 0.5622840262514236
3.187 0.590395767197582
3.189 0.6089970634646568
3.191 0.5851208947802448
3.193 0.5477773816605767
3.195 0.5193760995313758
3.197 0.4989866772995894
3.199 0.48349983622666226
3.201 0.48451040738640966
3.203 0.48940626270841814
3.205 0.4871946014065613
3.207 0.48461491280080143
3.209 0.489686595652977
3.211 0.4990394654416371
3.213 0.502919522721503
3.215 0.5036542874139542
3.217 0.5058873002523128
3.219 0.5037401243906539
3.221 0.49627399797911753
3.223 0.495736523433408
3.225 0.5025836843962065
3.227 0.5060228409469822
3.229 0.5018789928598272
3.231 0.500668588859638
3.233 0.5040784395535621
3.235 0.5043592799347676
3.237 0.5009230641581447
3.239 0.5030265339966833
3.241 0.5069229482138375
3.243 0.503982894516183
3.245 0.5004537953795379
3.247 0.5028663854878997
3.249 0.5044424745923437
3.251 0.5032339649239189
3.253 0.5000413821642873
3.255 0.49679801414297337
3.257 0.4939968569931901
3.259 0.49198174433697606
3.261 0.4901123406403837
3.263 0.4867426668374536
3.265 0.4815922736693661
3.267 0.4807509354981924
3.269 0.482948062375861
3.272 0.48368640462821166
3.274 0.48625666971365405
3.276 0.4928665729738937
3.278 0.4947927827540394
3.28 0.4936763406804128
3.282 0.4968359214703785
3.284 0.5020094356106938
3.286 0.5039723585466229
3.288 0.5016218111685806
3.29 0.503357163034267
3.292 0.5053078094409398
3.294 0.5033437554281744
3.296 0.5032514218263762
3.299 0.506275792759852
3.301 0.5078717326403058
3.303 0.507746298039887
3.305 0.5066540740104748
3.307 0.5041358104889351
3.309 0.49782789942516126
3.311 0.4926298267516481
3.313 0.49357954173842894
3.315 0.49780117415133984
3.318 0.49775102810143934
3.32 0.49828360739108324
3.322 0.49869617757425433
3.324 0.497968855788761
3.326 0.4991618748541238
3.328 0.5053329367271491
3.33 0.5133616437180972
3.333 0.5131180188760932
3.335 0.5060219933670799
3.337 0.5015509424958244
3.339 0.495582904647175
3.341 0.48754549218732973
3.343 0.48360115911485785
3.345 0.4816886520293334
3.348 0.47744285746018356
3.35 0.47130218290134707
3.352 0.46830156826158426
3.354 0.4671342505170398
3.356 0.46535109963576005
3.358 0.4652512777816323
3.361 0.4721168963284936
3.363 0.47976932378383397
3.365 0.48464147853550127
3.367 0.48773975971334227
3.369 0.49048239895697515
3.372 0.4905936906849908
3.374 0.48992281822360934
3.376 0.4932448909915622
3.378 0.49535
3.38 0.4909279550573171
3.383 0.48579774375503626
3.385 0.4804200559067213
3.387 0.4757301209697829
3.389 0.47467460397538086
3.391 0.4780140770453341
3.394 0.48597824992447874
3.396 0.4950122200608508
3.398 0.505464681288051
3.4 0.5220474720185256
3.402 0.5394221409748108
3.405 0.5577866409939027
3.407 0.5847228873699334
3.409 0.613758244467731
3.411 0.6358252859326922
3.414 0.6511332461841549
3.416 0.658711217183771
3.418 0.6602129553546974
3.42 0.6566916319311823
3.423 0.6493973561430794
3.425 0.6372070000638692
3.427 0.6151206010280743
3.429 0.582086069017021
3.432 0.544906074317839
3.434 0.5114352843207233
3.436 0.486250127111873
3.439 0.46957833898015544
3.441 0.45890622369380984
3.443 0.4501515615005979
3.445 0.4459663040924357
3.448 0.4474780899109751
3.45 0.45151327109130396
3.452 0.4595449620801734
3.455 0.46904783112140375
3.457 0.4751403979978025
3.459 0.47671382787461886
3.462 0.47455278206986634
3.464 0.47104484370199073
3.466 0.468485773859364
3.468 0.46278074688244014
3.471 0.45615776809301856
3.473 0.4516477117018361
3.475 0.44674782608695657
3.478 0.441362117434891
3.48 0.4382296158634502
3.482 0.4387137150956247
3.485 0.44677808727948
3.487 0.46511926841361073
3.489 0.4913547237076649
3.492 0.5186089607038327
3.494 0.5426725374091133
3.497 0.5649541344948196
3.499 0.5853697904897182
3.501 0.6048907882241216
3.504 0.6211806909459565
3.506 0.6303545395328638
3.508 0.6259367517646693
3.511 0.6060931230754876
3.513 0.5773989298909961
3.516 0.5488444270346822
3.518 0.5231827344954346
3.52 0.5014050874357519
3.523 0.4826238301757589
3.525 0.46520479702215195
3.527 0.45218838546394874
3.53 0.4457837896803753
3.532 0.4461320456202622
3.535 0.45158657567016114
3.537 0.45905030019246784
3.54 0.46692128715044556
3.542 0.4730917939301656
3.544 0.4757322940137628
3.547 0.47931416610232097
3.549 0.4840211705908829
3.552 0.4858863085464071
3.554 0.4850761549244751
3.557 0.48624841571609634
3.559 0.4869712568340953
3.561 0.48575198313729906
3.564 0.48548761609907115
3.566 0.4897272405242649
3.569 0.4925872399850608
3.571 0.49056109929658115
3.574 0.4889380530973451
3.576 0.4884080879931503
3.579 0.489989235737352
3.581 0.4947236718634246
3.584 0.4996468520556495
3.586 0.5006781343036718
3.589 0.4987179914088775
3.591 0.4976131877570572
3.593 0.5004857646264552
3.596 0.5046335299073293
3.598 0.508322346736981
3.601 0.5108186555841414
3.603 0.5081454883968348
3.606 0.5010957266660025
3.608 0.5002628552653196
3.611 0.5043959462335664
3.614 0.5055463849455265
3.616 0.5023292695014372
3.619 0.49923387428948024
3.621 0.49839909364070734
3.624 0.49550212626758267
3.626 0.4948381309630596
3.629 0.4995088086973607
3.631 0.5021114446900465
3.634 0.49741702289194417
3.636 0.493647584767352
3.639 0.49509537233954853
3.641 0.49715570842704065
3.644 0.4979537735067518
3.647 0.4975168851807708
3.649 0.49705320826761845
3.652 0.49600504975000415
3.654 0.4944235453988035
3.657 0.49565058903451364
3.659 0.4972307486987855
3.662 0.4979355766176888
3.665 0.4979940490120692
3.667 0.4979962596847448
3.67 0.49845635231880914
3.672 0.4990415548480655
3.675 0.49961560316876685
3.678 0.4998743823800351
3.68 0.49990780938332857
3.683 0.5015745538764017
3.685 0.5040846546761393
3.688 0.5047714048212801
3.691 0.5038058595246423
3.693 0.5033058539428762
3.696 0.5028462050599202
3.699 0.5024016487443284
3.701 0.5017915770878122
3.704 0.5008195624540042
3.706 0.4987984203008151
3.709 0.49383753972390837
3.712 0.4893649295489787
3.714 0.48887242853775964
3.717 0.48929560343080974
3.72 0.4892254128145757
3.722 0.4893685349198837
3.725 0.49229916525302747
3.728 0.4962017267920487
3.73 0.5000584375469588
3.733 0.5053826156512465
3.736 0.5111273865206318
3.739 0.5151297551851975
3.741 0.516845520339406
3.744 0.5189961659114674
3.747 0.5204598919850237
3.749 0.5187493766829561
3.752 0.5138734555104071
3.755 0.5099319143310418
3.758 0.5070202294536895
3.76 0.5038446436751522
3.763 0.50099939873572
3.766 0.5000324159616195
3.768 0.49862005519779207
3.771 0.4973556880837178
3.774 0.49794646424290845
3.777 0.5010870607794865
3.779 0.5033262266963756
3.782 0.5032278837639861
3.785 0.5029930458073156
3.788 0.5022385285513407
3.79 0.4998864484313662
3.793 0.49738518434043116
3.796 0.4962168156023743
3.799 0.4948159033390481
3.802 0.4926318531906925
3.804 0.48947848464119353
3.807 0.48694444444444446
3.81 0.48759057080095736
3.813 0.48853997473380256
3.816 0.48989608811990076
3.818 0.49197138052688844
3.821 0.4931686504972027
3.824 0.49465258403082235
3.827 0.4960337917615951
3.83 0.4991557130086415
3.833 0.5041740909390879
3.835 0.5066876344975997
3.838 0.5063318451146038
3.841 0.5076961230057039
3.844 0.5100395672232346
3.847 0.5123696852838328
3.85 0.513119724657871
3.852 0.5125280264471467
3.855 0.5120243431600302
3.858 0.5094364180658598
3.861 0.5066912037709655
3.864 0.5065293093441672
3.867 0.5051902552956824
3.87 0.5016714809645906
3.873 0.4981016850574341
3.875 0.49570587667663807
3.878 0.49592658187087424
3.881 0.49657600308641975
3.884 0.4966062984527294
3.887 0.4955372966006122
3.89 0.4948012232415902
3.893 0.496062360658893
3.896 0.4992363221273654
3.899 0.5013307954123852
3.902 0.5021958859431007
3.905 0.5027105517909003
3.908 0.5025998772728741
3.911 0.5019187358916479
3.914 0.5027218553712353
3.916 0.5051403748692784
3.919 0.5052385933853706
3.922 0.5022050539192017
3.925 0.4996132525460874
3.928 0.4986853778530526
3.931 0.49803915239739843
3.934 0.49754075889761495
3.937 0.4985095789762016
3.94 0.49960616631034094
3.943 0.4987957224059861
3.946 0.4974550227287278
3.949 0.4976959262696406
3.952 0.49987177021222023
3.955 0.5018477457501848
3.958 0.5019653328178362
3.961 0.5007038037762712
3.964 0.49913147940713326
3.967 0.4980938630501436
3.97 0.49860454611450794
3.973 0.5000724206189548
3.977 0.5013717531165268
3.98 0.5015304241919201
3.983 0.5006964568757105
3.986 0.5011977386693922
3.989 0.5037110183798935
3.992 0.5065140087066065
3.995 0.507993151013746
3.998 0.5066203882247076
4.001 0.5031827680437229
4.004 0.5009155155798266
4.007 0.4992147687574116
4.01 0.4990556071325672
4.013 0.4996400057599078
4.017 0.4986581469648563
4.02 0.4973697175823652
4.023 0.49686371412279035
4.026 0.49767390341160833
4.029 0.5001743872665588
4.032 0.5027481255559791
4.035 0.5045514480435922
4.038 0.5052332322157458
4.042 0.5045448766844648
4.045 0.5044904953825647
4.048 0.5039883052086312
4.051 0.5024088531315091
4.054 0.5013670757296369
4.057 0.5014662291755829
4.061 0.5009727472596999
4.064 0.5002920975763796
4.067 0.5005661089445212
4.07 0.5022453801499006
4.073 0.5021482108696333
4.077 0.5007537214999057
4.08 0.5017671729944551
4.083 0.5031917235307066
4.086 0.5023588254784708
4.089 0.5002606429192007
4.093 0.4982654014922299
4.096 0.4962720378996232
4.099 0.49230450246415414
4.102 0.48959244358929505
4.106 0.49093105695709544
4.109 0.49218936607270813
4.112 0.4919521582848237
4.115 0.49249139721856616
4.119 0.49451474113706
4.122 0.49702206057525855
4.125 0.49917202725941023
4.128 0.5018749301887696
4.132 0.5052810411424359
4.135 0.5062462915149862
4.138 0.5048182532429009
4.142 0.5032065191185688
4.145 0.5026690677557321
4.148 0.5016287690357366
4.152 0.5009453007338097
4.155 0.5010204732444672
4.158 0.501708654533895
4.162 0.5004526611712012
4.165 0.49875985754261
4.168 0.49806016663486613
4.172 0.49883798669255985
4.175 0.5000638732754216
4.178 0.5012284620293554
4.182 0.5030680698184593
4.185 0.5028620492272468
4.189 0.49934673847232397
4.192 0.4959358681592437
4.195 0.49681406601830114
4.199 0.4977666063623701
4.202 0.49519757622639077
4.206 0.492756672763471
4.209 0.4920192058136517
4.212 0.48935374813081073
4.216 0.4861911642934844
4.219 0.4883269426782508
4.223 0.49440196173329465
4.226 0.49657967255633007
4.23 0.4969682270191608
4.233 0.5014511809887273
4.236 0.5069556985382604
4.24 0.5090551371575094
4.243 0.5093100380166626
4.247 0.5109959719334719
4.25 0.5106786280373221
4.254 0.5051804977212367
4.257 0.4995509250943057
4.261 0.49931354602510464
4.264 0.4973423828604138
4.268 0.49167750325097537
4.271 0.48934072505697335
4.275 0.4903201847157412
4.278 0.49122495151906914
4.282 0.49135032011899366
4.285 0.49365694010142414
4.289 0.4968897451386962
4.293 0.49660188582994624
4.296 0.49548329562532
4.3 0.49692297511911065
4.303 0.4989066330925717
4.307 0.4980186692752806
4.31 0.49532166658357013
4.314 0.49442818175770076
4.318 0.4945279755172643
4.321 0.4952789557381394
4.325 0.49707505701160065
4.328 0.4999420040100085
4.332 0.5004412327877588
4.336 0.49780148128333307
4.339 0.49547678080814855
4.343 0.4966906281941722
4.347 0.4995214186159762
4.35 0.5013001392407187
4.354 0.5006130435512857
4.357 0.49841466892583336
4.361 0.4969058370965044
4.365 0.4966886312453082
4.368 0.49797895440120254
4.372 0.5015818811831467
4.376 0.504348846173183
4.38 0.5034757701134023
4.383 0.5020339153288582
4.387 0.5014099077302988
4.391 0.5023873918995626
4.394 0.5031190942083522
4.398 0.5023367225581669
4.402 0.5016736961906675
4.406 0.5014798093804865
4.409 0.5006
4.413 0.499009505418588
4.417 0.4983895462358772
4.421 0.4984782099735776
4.424 0.4971048932324787
4.428 0.4949481386996073
4.432 0.4947854563775296
4.436 0.49616101880008734
4.44 0.4968694922366765
4.443 0.49722552849072105
4.447 0.49806149732620325
4.451 0.4990139385633586
4.455 0.49957269970005197
4.459 0.5003017501508751
4.462 0.502228701655607
4.466 0.5042280987845267
4.47 0.5038396766588077
4.474 0.501847072516573
4.478 0.49939117199391175
4.482 0.497390361282451
4.486 0.49539482595151024
4.49 0.494848325917404
4.493 0.4953791469194312
4.497 0.49579320831221485
4.501 0.49609092590413106
4.505 0.4963645828085907
4.509 0.4960839467079887
4.513 0.49690543831168826
4.517 0.4990244812785232
4.521 0.5010115091035819
4.525 0.5016690510252741
4.529 0.5008703071672356
4.533 0.4994355886980913
4.537 0.49774080920106795
4.541 0.4965705511004948
4.545 0.49755235246124563
4.549 0.4996007407533258
4.553 0.5001020720628765
4.557 0.499370255642169
4.561 0.49881808751254186
4.565 0.49931158742839654
4.569 0.5006719858457664
4.573 0.5021651663938898
4.577 0.5031605562579013
4.581 0.5028441605028954
4.585 0.5034351727764678
4.589 0.5061135371179039
4.593 0.5086414387912014
4.597 0.5093973647247675
4.601 0.5076375600094001
4.605 0.5049046045978561
4.609 0.5026195707284097
4.613 0.49984717788494193
4.617 0.4974318720884596
4.622 0.49410531381040773
4.626 0.48737303945277416
4.63 0.4806900236096989
4.634 0.47758836758167245
4.638 0.4786775275515094
4.642 0.48215753424657537
4.646 0.4853456569543705
4.651 0.4882120117019446
4.655 0.49247426768503993
4.659 0.49629360841843345
4.663 0.5005038220986796
4.667 0.5054685035229782
4.672 0.508900117963977
4.676 0.5094080095931719
4.68 0.5075178703475474
4.684 0.5063204586496485
4.688 0.5061273010156809
4.693 0.5042289948273452
4.697 0.5011961931371693
4.701 0.4997910135841171
4.705 0.5000780883960644
4.71 0.5002945661214305
4.714 0.4995671595276845
4.718 0.49956690458041714
4.723 0.5003986273354362
4.727 0.49988743614165726
4.731 0.49924762613072277
4.736 0.49956640882444764
4.74 0.5019608523634345
4.744 0.5038038591880489
4.749 0.5020561910356982
4.753 0.4996707562209745
4.757 0.4981563934882427
4.762 0.4957067659968872
4.766 0.4939708356702187
4.77 0.49517313746065056
4.775 0.4961159116697215
4.779 0.49409863706617957
4.784 0.48879581521931226
4.788 0.48660029953308076
4.792 0.49006669006669
4.797 0.49488491048593347
4.801 0.49845906002661616
4.806 0.5017314419307775
4.81 0.502436268625097
4.815 0.5005556437529767
4.819 0.4993305616235642
4.824 0.5019562715765248
4.828 0.505674405304452
4.833 0.5053642111296187
4.837 0.5024322446143156
4.842 0.5005392217527359
4.846 0.5001053666760327
4.851 0.49951780610545143
4.855 0.5005265005265005
4.86 0.5027162484228235
4.864 0.5047179702243657
4.869 0.5054508032303641
4.873 0.5053237057887651
4.878 0.5043563799887577
4.883 0.502215553005561
4.887 0.500044146991824
4.892 0.49941993320442957
4.896 0.5002718964337712
4.901 0.49897229590850795
4.906 0.4961712740173522
4.91 0.4943719912472648
4.915 0.49491921287016544
4.92 0.49783692687249154
4.924 0.5016229539497665
4.929 0.5045197248105896
4.934 0.5054403828352865
4.938 0.5047067847430443
4.943 0.5050159677867259
4.948 0.5066782457663918
4.953 0.5074361433179321
4.957 0.5070346320346321
4.962 0.5053480593686851
4.967 0.503095465186855
4.972 0.5015952951727229
4.976 0.5002760238760653
4.981 0.4991779873669638
4.986 0.4983278751018003
4.991 0.497530565724943
4.996 0.49829738933030654
5.0 0.49963036190148713
5.005 0.49881808927308174
5.01 0.49688686935257287
5.015 0.49534677405326416
5.02 0.49529726165272614
5.025 0.4964926902107859
5.029 0.4980422866092404
5.034 0.4990942975580869
5.039 0.4991046436829569
5.044 0.49792926579909547
5.049 0.4983514871139805
5.054 0.5009580362845455
5.059 0.5032423622429518
5.064 0.5037381711716421
5.069 0.503133486526008
5.074 0.5029722589167768
5.079 0.5028660760812924
5.084 0.5031298226144857
5.089 0.5041539285282485
5.094 0.5045775072843572
5.099 0.5039774582066217
5.104 0.5041857445499897
5.109 0.5058146464388483
5.114 0.5077318709765318
5.119 0.5083774175440984
5.124 0.5073630807470334
5.129 0.5061665216723812
5.134 0.5048041641778309
5.139 0.5035124423806366
5.144 0.5027355829680226
5.149 0.5011988368731614
5.154 0.4996693962667209
5.16 0.49852293252755775
5.165 0.497174950667049
5.17 0.4973511158949865
5.175 0.49925228933882215
5.18 0.5008243052284503
5.185 0.5026231713468976
5.191 0.5040294881461003
5.196 0.5062165184159143
5.201 0.5080451328615302
5.206 0.5071242223560104
5.211 0.5058646364929306
5.217 0.5057592676424727
5.222 0.503725582332013
5.227 0.5013007502391702
5.232 0.4993525603296056
5.238 0.4978918546639566
5.243 0.4954633123689728
5.248 0.4916370583897567
5.254 0.49069674051268314
5.259 0.49277398635086306
5.264 0.49394908190080855
5.27 0.4935529364359827
5.275 0.4941009910335064
5.28 0.49520010816657656
5.286 0.4955662012027316
5.291 0.4946894658779003
5.297 0.49521563802884283
5.302 0.49552880481513323
5.307 0.4934360533407034
5.313 0.49156052604328465
5.318 0.4918464690992371
5.324 0.49312895494594544
5.329 0.493451290735045
5.335 0.49283389877449285
5.34 0.4941651783391999
5.346 0.49625013020381237
5.351 0.4983903908061892
5.357 0.5017464379582238
5.362 0.5037437242673245
5.368 0.5033133370535715
5.373 0.5018052430537386
5.379 0.5012381849255346
5.385 0.5022397294894811
5.39 0.5027332902527202
5.396 0.5014345194359889
5.401 0.49882530331720315
5.407 0.4952763220163708
5.413 0.49270979020979017
5.418 0.493572950504733
5.424 0.4954725028843128
5.43 0.496270616661414
5.435 0.4948237982248001
5.441 0.4923629829290207
5.447 0.4918979029866554
5.453 0.4934254709978439
5.458 0.4949944974972488
5.464 0.49586083853702045
5.47 0.4950911892221147
5.476 0.492466282348293
5.481 0.4897753456221198
5.487 0.488753810356956
5.493 0.48914897477771724
5.499 0.48966474326199694
5.505 0.48869766247110197
5.511 0.4860745513115508
5.516 0.48429987425105403
5.522 0.4839482332844384
5.528 0.4846331729514005
5.534 0.48550629467719836
5.54 0.4854181639369066
5.546 0.48487728836758365
5.552 0.48319625774045744
5.558 0.4818464630069755
5.564 0.48248392173625815
5.57 0.4832889793362555
5.576 0.4822671200379567
5.582 0.48075543868037296
5.588 0.47919756302857835
5.594 0.47865417548101136
5.6 0.47907448751775933
5.606 0.479915174748175
5.612 0.48096130480446464
5.618 0.48139752521576373
5.624 0.47990365483296676
5.63 0.4787582044193066
5.636 0.4777014152054295
5.642 0.4763929873285888
5.649 0.4754749265125258
5.655 0.47447354450539725
5.661 0.4733718569420584
5.667 0.47223966275002244
5.673 0.4705042169221003
5.68 0.4697271665177651
5.686 0.46981511905037376
5.692 0.4731524919875517
5.698 0.47996736977042304
5.704 0.4882289869936133
5.711 0.4977756151814263
5.717 0.5090297328847079
5.723 0.5216763983136822
5.73 0.5347501435956347
5.736 0.5486712191727198
5.742 0.5619057792970836
5.749 0.5718984566079109
5.755 0.57634802137703
5.762 0.5765632389529743
5.768 0.5733577757409104
5.774 0.5669186573934079
5.781 0.5569214217405164
5.787 0.5449181875393329
5.794 0.533108303597261
5.8 0.5220875165751089
5.807 0.5119144829634028
5.813 0.5045935234059653
5.82 0.4997653683716565
5.826 0.4972658000896459
5.833 0.4974110841308384
5.839 0.4979648671808055
5.846 0.5000447139203377
5.853 0.5022813005209269
5.859 0.5035920830489602
5.866 0.5038255891407276
5.872 0.5034115253749077
5.879 0.5043862009579678
5.886 0.5052353214451631
5.892 0.5032418684625304
5.899 0.5011549411785772
5.906 0.5007338464292107
5.913 0.5013999607654308
5.919 0.5017196215050698
5.926 0.5015820534698521
5.933 0.5025949097113607
5.94 0.5020478666571694
5.947 0.49918954062093657
5.953 0.49883020205600853
5.96 0.5025054446943003
5.967 0.5055647811186094
5.974 0.5045250872252626
5.981 0.5023893805309735
5.988 0.50071819971272
5.995 0.4981770972274094
6.002 0.49676110478359903
6.009 0.4985325767951477
6.016 0.499669719529395
6.023 0.49671858514690365
6.03 0.4914889804694499
6.037 0.4895385548400906
6.044 0.4913217385093389
6.051 0.49400146175374804
6.058 0.4969355758266818
6.065 0.5004280211157083
6.072 0.5022911651956851
6.079 0.50412228866636
6.086 0.5078340689679427
6.093 0.5132648769888555
6.1 0.5176294733139893
6.108 0.5194530046224961
6.115 0.5209950907001846
6.122 0.5214560776390544
6.129 0.5200550632366859
6.137 0.5185394897136288
6.144 0.516070293577036
6.151 0.5106477983100914
6.158 0.5041380494505495
6.166 0.49847613177179645
6.173 0.49330372512566273
6.18 0.48773159739609406
6.188 0.4835898674765323
6.195 0.480901464622155
6.203 0.47908443785656424
6.21 0.47786800276434005
6.217 0.47894408214236156
6.225 0.4824819423896962
6.232 0.4855355609679171
6.24 0.48731179008540987
6.247 0.4897076106698956
6.255 0.49226150887095327
6.263 0.49259487253765927
6.27 0.4930687686871432
6.278 0.4943607654806083
6.285 0.49480355805585485
6.293 0.4929117085353312
6.301 0.49231727194476493
6.308 0.4939829440660324
6.316 0.496103139340083
6.324 0.49743242996290266
6.331 0.4989662806227931
6.339 0.5004406742315743
6.347 0.5004406256884777
6.355 0.5006798221438283
6.362 0.5029722589167768
6.37 0.5049245637980008
6.378 0.5048078694322662
6.386 0.5027938095063045
6.394 0.5014365449720927
6.402 0.500541294335676
6.41 0.49804903187808286
6.418 0.4958193051907211
6.426 0.49570783689780207
6.433 0.4953984037923819
6.441 0.49281234389743017
6.449 0.4903092476401482
6.458 0.4887981047251292
6.466 0.4876573269403656
6.474 0.4868149979398434
6.482 0.4876798257146077
6.49 0.49007857990841763
6.498 0.48997183741817624
6.506 0.48686226444001834
6.514 0.4851429891074247
6.523 0.4860103426983637
6.531 0.48727683351829143
6.539 0.487150881725481
6.547 0.4884675834970531
6.555 0.49056307939556676
6.564 0.4915808434820066
6.572 0.4921698039521986
6.58 0.4945428133956263
6.589 0.49916271006126983
6.597 0.5015324382575683
6.606 0.5017999841759633
6.614 0.5032155617308456
6.622 0.5039362232187344
6.631 0.5024414648789274
6.639 0.49977017007414515
6.648 0.4988122567122467
6.656 0.4988069198647842
6.665 0.4959282898817503
6.674 0.49128619041882504
6.682 0.48729558731377975
6.691 0.4841812045057135
6.699 0.48345558272208644
6.708 0.48693234852481637
6.717 0.4916685226053329
6.726 0.49536878216123503
6.734 0.4970108093963244
6.743 0.49833010019398843
6.752 0.5045574478292156
6.761 0.5167190061424819
6.769 0.5279431346440041
6.778 0.5342929223788943
6.787 0.5340873389883758
6.796 0.5303270506723035
6.805 0.5266553612849152
6.814 0.524576829221056
6.823 0.5235697057404727
6.832 0.52046648576872
6.841 0.5120998917581567
6.85 0.4994068347939229
6.859 0.48956834532374105
6.868 0.4862826949474436
6.877 0.4854429541628043
6.886 0.4847003784493087
6.895 0.483463332568632
6.905 0.48271647377869453
6.914 0.48206684609364564
6.923 0.4830651018769831
6.932 0.4874146303712733
6.942 0.49127765325017053
6.951 0.4918947595936573
6.96 0.49312034496275964
6.97 0.496586495075921
6.979 0.4996466292355412
6.988 0.5017534872724406
6.998 0.5031842125953297
7.007 0.5039187569977803
7.017 0.5045869761242012
7.026 0.506754640144099
7.036 0.5099830861053328
7.045 0.5111215263538188
7.055 0.5088914482031662
7.065 0.5063575022426771
7.074 0.5059209504581457
7.084 0.5052549781447304
7.094 0.5039240383683751
7.103 0.5032530400433739
7.113 0.5021853484953972
7.123 0.4982942430703624
7.133 0.49515011547344107
7.142 0.4951682900954769
7.152 0.49665984476966446
7.162 0.4973283772795912
7.172 0.49761927710843373
7.182 0.497730827909851
7.192 0.4968462193328689
7.202 0.49424974216271966
7.212 0.492286636034803
7.222 0.492076977791828
7.232 0.4916921861108367
7.242 0.4902202188288092
7.252 0.48735526814005853
7.262 0.48421876882303333
7.273 0.48077077801914886
7.283 0.47920708050436467
7.293 0.4803294612862752
7.303 0.4824979625101875
7.314 0.48599542707822957
7.324 0.49083065851614094
7.334 0.4932706208132267
7.345 0.4955453839552087
7.355 0.5005820246288317
7.366 0.5067694698952879
7.376 0.5105559537217159
7.387 0.5130590119502279
7.397 0.515997471400314
7.408 0.5176592797783933
7.418 0.5152712168105554
7.429 0.5138801708951748
7.44 0.516060727127447
7.45 0.5174794564157662
7.461 0.5175562903479767
7.472 0.518723536495358
7.483 0.521338478373553
7.493 0.5228665813744773
7.504 0.5225570293779128
7.515 0.522938018545632
7.526 0.5233018121538636
7.537 0.5180867022387635
7.548 0.5094748034785251
7.559 0.5016192392449939
7.57 0.4938209817131857
7.581 0.4845601574863937
7.592 0.47517538604255644
7.603 0.46641463842391406
7.614 0.4592826880649759
7.626 0.4552298637048046
7.637 0.4560726802811662
7.648 0.46089705591780283
7.659 0.46743941408808537
7.671 0.4734057533695434
7.682 0.47782368865639435
7.693 0.480627210856209
7.705 0.4848840376275375
7.716 0.48941934382866165
7.728 0.4934321030190792
7.739 0.49589658084493615
7.751 0.4951997052640704
7.763 0.49110980212492084
7.774 0.4871632950808963
7.786 0.48647056256273735
7.798 0.489429727260864
7.809 0.49267419263270523
7.821 0.4951464781973256
7.833 0.4958136468519942
7.845 0.4953530370435625
7.857 0.4950054025447089
7.869 0.49827635421469824
7.881 0.5027610885315427
7.893 0.5054818744473917
7.905 0.5056655653369403
7.917 0.5040442553941771
7.929 0.5031489474147802
7.941 0.5040637972471051
7.953 0.5055554338059653
7.965 0.5068192781651537
7.978 0.5054526227666277
7.99 0.5019751569152439
8.002 0.49970326409495547
8.015 0.4993760809124543
8.027 0.49879115565519366
8.039 0.49628879148954913
8.052 0.49128353556718246
8.064 0.486306555040969
8.077 0.48327920259827534
8.09 0.4819231200268968
8.102 0.4824147810589483
8.115 0.48272196842914644
8.128 0.48146796523960494
8.14 0.48349334299429403
8.153 0.48768539630223273
8.166 0.49434495758718194
8.179 0.5020535271020444
8.192 0.5072754754438604
8.205 0.5108148551217523
8.218 0.5146062849918728
8.231 0.5181939030709957
8.244 0.5223656828302267
8.257 0.5228310502283106
8.27 0.5199847136048916
8.283 0.5172082420775042
8.297 0.5146728354263054
8.31 0.5129490575537994
8.323 0.5116410390061681
8.337 0.5083791568473421
8.35 0.5025206782916131
8.364 0.49677264074568406
8.377 0.49567922571724854
8.391 0.49725029888055644
8.404 0.4966926324034989
8.418 0.49286731675249257
8.432 0.49023501429288413
8.445 0.490840739694474
8.459 0.49561084229006974
8.473 0.5038756388415673
8.487 0.5119128370357809
8.501 0.5154102279518484
8.515 0.5159493670886076
8.529 0.5203187250996016
8.543 0.5275478102491928
8.557 0.5342210441301332
8.571 0.5374796697753896
8.585 0.5354939541005183
8.599 0.5303617439996753
8.614 0.5273083223460785
8.628 0.5272029601205975
8.642 0.5265933462722265
8.657 0.5208839432646344
8.671 0.5122747017316273
8.686 0.5052792981638912
8.7 0.5003970175268713
8.715 0.4980388386848683
8.73 0.497907949790795
8.744 0.49514281851715947
8.759 0.4874264520263316
8.774 0.48221427472696504
8.789 0.4828356341092435
8.804 0.4888594113462906
8.819 0.49431509507178883
8.834 0.49682045731294816
8.849 0.49816458523510787
8.864 0.4973512118448372
8.879 0.4961464166552847
8.894 0.4990034001641459
8.91 0.5038445573323319
8.925 0.5072307148190357
8.94 0.5075503190967109
8.956 0.5057531584062197
8.971 0.504232423281247
8.987 0.5032179509479909
9.002 0.5040221216691805
9.018 0.5066410009624639
9.034 0.5086851511931214
9.05 0.5106546067760234
9.065 0.5102597602213341
9.081 0.5070557008917489
9.097 0.5023297905113986
9.113 0.4987285686765556
9.129 0.4965904454762691
9.145 0.49473132677417475
9.161 0.49350977420232406
9.178 0.4954277936468378
9.194 0.4962111064334647
9.21 0.4937401447650892
9.227 0.49387303946791683
9.243 0.4996419822875448
9.26 0.5090885142255005
9.276 0.5171043796165038
9.293 0.5232935471838865
9.309 0.5274863772843533
9.326 0.5270489208365147
9.343 0.5240612165969907
9.36 0.5229589020935281
9.377 0.5219446692664264
9.394 0.5186574787793236
9.411 0.5111086527647178
9.428 0.5038510911424903
9.445 0.4987161868942572
9.462 0.49454172070903585
9.48 0.4915042255534314
9.497 0.490650589399802
9.514 0.492708667593682
9.532 0.4954384096556621
9.55 0.5009936162355134
9.567 0.506782534972446
9.585 0.5090239280211118
9.603 0.5074929193704513
9.62 0.5051936635510665
9.638 0.5056096814277224
9.656 0.5054383977850889
9.674 0.5031256264921905
9.692 0.5002983239617421
9.71 0.49718989804373676
9.729 0.4932133136463096
9.747 0.4904816025003552
9.765 0.49166032863434567
9.784 0.49511359988586506
9.802 0.4980123714280621
9.821 0.49935805991440796
9.839 0.5033739621974916
9.858 0.5082387730017636
9.877 0.5085429099175902
9.896 0.5086079510050028
9.915 0.5109280460053979
9.934 0.5128490043564915
9.953 0.513706898059866
9.972 0.5122452565003515
9.991 0.5118298734885023
10.01 0.510573595721626
10.03 0.5061009428729895
10.049 0.5018594500218245
10.069 0.5002269077707184
10.088 0.4997723691122395
10.108 0.4991180437865321
10.128 0.4972856154910097
10.148 0.49607866691836416
10.167 0.4962856747978716
10.187 0.4941629537526336
10.207 0.4938494057313143
10.228 0.49806617963042543
10.248 0.501413678860731
10.268 0.5011401416908909
10.289 0.4981714607215697
10.309 0.4963353343571129
10.33 0.49686887769381477
10.35 0.4978982838880011
10.371 0.5009467887358199
10.392 0.5042188609941612
10.412 0.5034924837569023
10.433 0.5024982400714274
10.454 0.5045590100435334
10.476 0.5096486297753479
10.497 0.5143547640676688
10.518 0.514807233026271
10.539 0.5131211326511372
10.561 0.5098240393987585
10.582 0.5044935131884183
10.604 0.5025554245081449
10.626 0.502470007057163
10.648 0.5010910330719399
10.67 0.49847527215114396
10.692 0.49442435711147903
10.714 0.49257693608386877
10.736 0.49387850937510486
10.758 0.49733015414581727
10.78 0.5015381528790209
10.803 0.503021582733813
10.825 0.5020240172083807
10.848 0.49973437526776693
10.871 0.4959185073398271
10.894 0.4932543599868378
10.917 0.49437580993520513
10.94 0.4944026936494438
10.963 0.4922058214926197
10.986 0.4899867408262015
11.009 0.4913955341550669
11.033 0.4938338897594876
11.056 0.5009344850229832
11.08 0.517984065588945
11.104 0.531138025520048
11.127 0.5353985188085217
11.151 0.5338470812492873
11.175 0.5321958188954395
11.2 0.5319274540028205
11.224 0.5302439990755109
11.248 0.5279795446402398
11.273 0.5222857519484586
11.297 0.5019002494600613
11.322 0.4766437864288458
11.347 0.46464349332418164
11.372 0.46371791310599497
11.397 0.4664397837556178
11.422 0.46672700345565243
11.447 0.46582132564841494
11.472 0.4628300971685649
11.498 0.4593138644740573
11.523 0.4638441110302948
11.549 0.47862534349020835
11.575 0.48994727906353325
11.6 0.49402950545441604
11.626 0.4953590099221168
11.653 0.49529565156106836
11.679 0.4948168994015389
11.705 0.4971825728353805
11.732 0.502104998020942
11.758 0.5051479704598134
11.785 0.5075867765626964
11.812 0.5076658854679142
11.839 0.5023417078129538
11.866 0.4960151044786958
11.893 0.4914753021065313
11.92 0.49318501424295963
11.948 0.49632866181989593
11.976 0.49668898006190165
12.003 0.4947955323039048
12.031 0.49350508963156475
12.059 0.4888888888888889
12.087 0.4879923497464952
12.115 0.49090273561822767
12.144 0.49552244317657274
12.172 0.4957485859834439
12.201 0.4935009628203229
12.23 0.4970513126710882
12.259 0.504656963910773
12.288 0.5061253252385082
12.317 0.5057558370322255
12.346 0.5076211461766795
12.376 0.5109310862371386
12.405 0.5134297332287887
12.435 0.5137608030003804
12.465 0.5121456743705997
12.495 0.5057669485239579
12.525 0.49243959177547647
12.555 0.4817647384037005
12.586 0.48156579677956685
12.617 0.4844962665980065
12.647 0.4838058554471214
12.678 0.48287852998773767
12.709 0.4812733737403512
12.741 0.48134328358208955
12.772 0.48529302808031416
12.803 0.49448614586229267
12.835 0.5031421540791217
12.867 0.5090335424257222
12.899 0.5108934714363592
12.931 0.5123107112444001
12.964 0.5111518598907268
12.996 0.5101010101010102
13.029 0.5105115233277122
13.061 0.5116719242902208
13.094 0.5112852079835851
13.128 0.5080667465658707
13.161 0.5041968216071029
13.194 0.5022039377020276
13.228 0.49886600409344867
13.262 0.4977221990308002
13.296 0.49980774512496573
13.33 0.5054901537243044
13.364 0.5102370980208877
13.399 0.5125771154831981
13.434 0.5152961980548187
13.469 0.5190176124561434
13.504 0.52330482320783
13.539 0.5261251581373585
13.574 0.5305885210632244
13.61 0.5352900306722476
13.646 0.5344827586206897
13.682 0.5249437517974049
13.718 0.5137806402987376
13.754 0.5068537414965987
13.791 0.5001629530523679
13.828 0.4973629048617216
13.865 0.49235296130290485
13.902 0.4858154226580627
13.939 0.47623614845770457
13.977 0.4687699707376139
14.015 0.4673611937254636
14.053 0.47313105930692567
14.091 0.476973512127923
14.129 0.48264069714960245
14.168 0.4815071659731854
14.207 0.48424078813589033
14.246 0.4911868182380708
14.285 0.4952665845504135
14.324 0.4953447430987858
14.364 0.4928957374424655
14.404 0.48901854398156747
14.444 0.49214507016584663
14.484 0.49067108595262926
14.525 0.4876628521937827
14.566 0.48804189590304964
14.607 0.48730512249443214
14.648 0.4839039251017034
14.69 0.49528386472043895
14.731 0.5043043952052306
14.773 0.5047164637490402
14.815 0.49681662619735006
14.858 0.49614702864073146
14.901 0.4997722009187896
14.944 0.5019384951255318
14.987 0.49662649662649666
15.03 0.46004195286472255
15.074 0.41297097530196497
15.118 0.3595213802059178
15.162 0.3246667963809709
15.206 0.2996372491819081
15.251 0.25039665368527325
15.296 0.18354877337345327
15.341 0.09185926181441877
15.387 0.0
