0.4	 1.0
0.401	 0.8982408990960177
0.402	 0.8151073534319724
0.403	 0.7458163265306123
0.404	 0.6877179753039873
0.405	 0.6379098719971944
0.406	 0.5945569308959752
0.407	 0.5563250230840259
0.408	 0.5227008993327531
0.409	 0.49293940224842336
0.41	 0.49291609353507576
0.411	 0.4929664873810509
0.412	 0.4930113479103239
0.413	 0.4927827897293547
0.414	 0.49266393157638544
0.415	 0.4922540125610606
0.416	 0.4920868347338935
0.417	 0.49188277461522245
0.418	 0.4917489421720733
0.419	 0.49190984243623265
0.42	 0.4917742164232024
0.421	 0.4915362731152205
0.422	 0.4913257656885844
0.423	 0.49125949276400643
0.424	 0.49138549892318734
0.425	 0.4917135033866551
0.426	 0.4918281747179635
0.427	 0.4919425087108014
0.428	 0.4917638483965015
0.429	 0.49156503322865697
0.43	 0.4918297061625266
0.431	 0.4921742964214858
0.432	 0.49232812038949536
0.433	 0.49229971864356575
0.434	 0.4921730098672008
0.435	 0.4921863372525674
0.436	 0.4922353292519039
0.437	 0.49228348816302064
0.438	 0.4926686217008797
0.439	 0.492268235649091
0.44	 0.49197699061459277
0.441	 0.49176720540253427
0.442	 0.4917758148035334
0.443	 0.49186090943828814
0.444	 0.4913356847109338
0.445	 0.49142637447135723
0.446	 0.4912023460410558
0.447	 0.4908569657523632
0.448	 0.4907903940312427
0.449	 0.4907132823474325
0.45	 0.490795142969056
0.451	 0.4909276569004791
0.452	 0.491015132408575
0.453	 0.4915870131921952
0.454	 0.4919124643196955
0.455	 0.49221357063403787
0.456	 0.4927478482626714
0.457	 0.49303777208706784
0.458	 0.49346274163792414
0.459	 0.4940457032507242
0.46	 0.4943910903074812
0.461	 0.49433656957928807
0.462	 0.493784025351426
0.463	 0.4929520084738858
0.464	 0.4925568460657615
0.465	 0.49229634486149815
0.466	 0.49261447562776955
0.467	 0.49254591878757925
0.468	 0.4919061777337298
0.469	 0.4908789386401327
0.47	 0.4906036920006652
0.471	 0.49163823945419755
0.472	 0.4924413263175479
0.473	 0.4930025978379285
0.474	 0.49301229163158783
0.475	 0.4925234434400608
0.476	 0.4918310336070431
0.477	 0.49158306410474406
0.478	 0.49215552523874495
0.479	 0.4928032899246059
0.48	 0.49221103365177726
0.481	 0.4908229211546747
0.482	 0.49009772550376196
0.483	 0.4901637923563567
0.484	 0.4902506963788301
0.485	 0.4905627403005942
0.486	 0.49061897247062947
0.487	 0.49102112676056336
0.488	 0.49060100608948903
0.489	 0.4903420166578061
0.49	 0.49069373942470396
0.491	 0.4908830890239543
0.492	 0.4907898283763142
0.493	 0.4907257338375653
0.494	 0.49073153087982635
0.495	 0.49083983312171225
0.496	 0.49062443109411974
0.497	 0.490174572708162
0.498	 0.4900935608145295
0.499	 0.49032971081230425
0.5	 0.49052242256125744
0.501	 0.49044349601039144
0.502	 0.4903899981339802
0.503	 0.49060659874754653
0.504	 0.4904703783682283
0.505	 0.4896746817538897
0.506	 0.4900662251655629
0.507	 0.4904513064133017
0.508	 0.4909974278365247
0.509	 0.4908673615759778
0.51	 0.4904917402996543
0.511	 0.4907023798053763
0.512	 0.4906483186355267
0.513	 0.4905367368727555
0.514	 0.4913339824732229
0.515	 0.49128134796238243
0.516	 0.49110914628156
0.517	 0.49042448173741365
0.518	 0.49020771513353123
0.519	 0.4908748264233287
0.52	 0.4910304963125373
0.521	 0.49059811962392474
0.522	 0.4907975460122699
0.523	 0.49078085642317376
0.524	 0.491125453812021
0.525	 0.49106961639943175
0.526	 0.49067753438614364
0.527	 0.4907227063044592
0.528	 0.4904903875809602
0.529	 0.48984640758684667
0.53	 0.48990578734858686
0.531	 0.48996568576479155
0.532	 0.4895931387930133
0.533	 0.4888235911428271
0.534	 0.48839163777707745
0.535	 0.48923369221025964
0.536	 0.48993857233636945
0.537	 0.4899307405434203
0.538	 0.4901688394956188
0.539	 0.49051141846252816
0.54	 0.4904705502315064
0.541	 0.49042932843084247
0.542	 0.4909743366681165
0.543	 0.4920946461672663
0.544	 0.49219006007646093
0.545	 0.49166483878043427
0.546	 0.49198330770920273
0.547	 0.49266247379454936
0.548	 0.49331713244228426
0.549	 0.49391592920353977
0.55	 0.49450671401620244
0.551	 0.4951575197595458
0.552	 0.4951358604495136
0.553	 0.4950771984784068
0.554	 0.4952956989247312
0.555	 0.4956688041399483
0.556	 0.49504057709648336
0.557	 0.49462365591397855
0.558	 0.49416694982444215
0.559	 0.4939363028448374
0.56	 0.49346368080027286
0.561	 0.49385525716886663
0.562	 0.49400068563592736
0.563	 0.4941700960219479
0.564	 0.49376073268460213
0.565	 0.49455087759550304
0.566	 0.4956941095418533
0.567	 0.4960212201591511
0.568	 0.4963638462426411
0.569	 0.4963014331946371
0.57	 0.49611143354614046
0.571	 0.4964613064160576
0.572	 0.4966231951560317
0.573	 0.4967403958090803
0.574	 0.49702623906705534
0.575	 0.4962019399322193
0.576	 0.49626604434072347
0.577	 0.4967236133863796
0.578	 0.49695835283107154
0.579	 0.49742509363295884
0.58	 0.4975311544791912
0.581	 0.4972979323308272
0.582	 0.49740749469714823
0.583	 0.49717181239688896
0.584	 0.49716847569608313
0.585	 0.4977525431748286
0.586	 0.49775625885687286
0.587	 0.4978708303761533
0.588	 0.4975753991720875
0.589	 0.49733885274985207
0.59	 0.49810246679316894
0.591	 0.49869729985788724
0.592	 0.4995257291913683
0.593	 0.5002369106846719
0.594	 0.5000593190176772
0.595	 0.4995242626070409
0.596	 0.4996438746438746
0.597	 0.5008893632159374
0.598	 0.5021890900485149
0.599	 0.5026611472501478
0.6	 0.5027231825716316
0.601	 0.5023635074450484
0.602	 0.5016560208185474
0.603	 0.5022395096652522
0.604	 0.5032410135533294
0.605	 0.5046585682273853
0.606	 0.5040065991044073
0.607	 0.5024148898574626
0.608	 0.501233987542602
0.609	 0.5009394081728511
0.61	 0.5019354838709678
0.611	 0.5030395136778116
0.612	 0.5032212721096404
0.613	 0.502974454683308
0.614	 0.5020988805970149
0.615	 0.5019206145966709
0.616	 0.5030211480362536
0.617	 0.5043003254300326
0.618	 0.5052204176334107
0.619	 0.5044144981412639
0.62	 0.5039990726787991
0.621	 0.5033471837488458
0.622	 0.5031802937434948
0.623	 0.5032830319087662
0.624	 0.5035738990085312
0.625	 0.5035689615473175
0.626	 0.5029850746268657
0.627	 0.5024653136108244
0.628	 0.5028538812785388
0.629	 0.5035444774754173
0.63	 0.5038228917037544
0.631	 0.5040373023996361
0.632	 0.5043290043290044
0.633	 0.5044237749546281
0.634	 0.5045372050816698
0.635	 0.5051476411358751
0.636	 0.5056420672534416
0.637	 0.505585016360149
0.638	 0.5052229585532967
0.639	 0.5056129321957791
0.64	 0.5062073593557768
0.641	 0.5061288165812347
0.642	 0.506300881008141
0.643	 0.5059986669628971
0.644	 0.5062166962699822
0.645	 0.5062479265730399
0.646	 0.5066607948915556
0.647	 0.507040704070407
0.648	 0.5070144673388864
0.649	 0.5073826971453571
0.65	 0.5077224276702197
0.651	 0.5078023407022106
0.652	 0.5082322357019063
0.653	 0.5086299892125136
0.654	 0.5085677335919819
0.655	 0.5083762886597938
0.656	 0.5082282539004062
0.657	 0.5081634830861167
0.658	 0.5078723404255319
0.659	 0.5075371549893843
0.66	 0.5074910318632623
0.661	 0.508031496062992
0.662	 0.5082791867533012
0.663	 0.5082907498174991
0.664	 0.5084375
0.665	 0.5082069395387492
0.666	 0.5079151577858252
0.667	 0.5084133374625788
0.668	 0.5092011925568007
0.669	 0.5091375770020534
0.67	 0.5085819370657949
0.671	 0.5074307817589576
0.672	 0.5072139808981915
0.673	 0.5073782090155651
0.674	 0.5081124659881084
0.675	 0.5088846501355285
0.676	 0.5085594153568926
0.677	 0.5080411547297973
0.678	 0.5074092491297862
0.679	 0.5075471698113208
0.68	 0.5079569042206188
0.681	 0.5086733688152967
0.682	 0.509192803067545
0.683	 0.5084695975717224
0.684	 0.5074728924489595
0.685	 0.5075293889050811
0.686	 0.50746558076401
0.687	 0.5085515508744806
0.688	 0.5089981714945626
0.689	 0.5091712282723518
0.69	 0.5086528348790516
0.691	 0.5075381679389313
0.692	 0.5070435941366838
0.693	 0.5073522436201499
0.694	 0.507442874751114
0.695	 0.5070768069447066
0.696	 0.5070634771143342
0.697	 0.5066091684634856
0.698	 0.5060240963855422
0.699	 0.5061015370284118
0.7	 0.5060352831940576
0.701	 0.5072262367982212
0.702	 0.5082617926705437
0.703	 0.5081394279407707
0.704	 0.5092609572712268
0.705	 0.5089995431703975
0.706	 0.509341109997266
0.707	 0.5097523360246757
0.708	 0.5101708706265257
0.709	 0.5107168587896254
0.71	 0.510684144370623
0.711	 0.5099794146603418
0.712	 0.5093566209231866
0.713	 0.5085394057996798
0.714	 0.5080602302922941
0.715	 0.507731731024123
0.716	 0.5074034902168164
0.717	 0.5068024225401562
0.718	 0.5062560153994226
0.719	 0.5057521352623323
0.72	 0.5061642646292759
0.721	 0.5068374588886966
0.722	 0.5072838548401001
0.723	 0.5074948311509304
0.724	 0.5077239958805355
0.725	 0.5080058224163028
0.726	 0.507948717948718
0.727	 0.5082190614087386
0.728	 0.5086199575371549
0.729	 0.508636748518205
0.73	 0.5079338284942606
0.731	 0.5074852817493692
0.732	 0.5072014737899849
0.733	 0.507647304638529
0.734	 0.508024948024948
0.735	 0.5086542443064183
0.736	 0.5088023803620134
0.737	 0.508484349258649
0.738	 0.5082115289866973
0.739	 0.5088709018068841
0.74	 0.5092954990215264
0.741	 0.5094707747337615
0.742	 0.5089582488852858
0.743	 0.5084169634185821
0.744	 0.5078943128725633
0.745	 0.507457898957498
0.746	 0.5075593952483801
0.747	 0.5073816934003671
0.748	 0.5069704453118776
0.749	 0.506462612005392
0.75	 0.5064401422362702
0.751	 0.5062243933186258
0.752	 0.5064465408805031
0.753	 0.5065200314218382
0.754	 0.5067282115474887
0.755	 0.5066656271926405
0.756	 0.5065712730383389
0.757	 0.5066345930006985
0.758	 0.5065136476426799
0.759	 0.5064523607140097
0.76	 0.5066584558540529
0.761	 0.5068692915803208
0.762	 0.5068514123861289
0.763	 0.5068074040079548
0.764	 0.5067397761023532
0.765	 0.5069044006069803
0.766	 0.5071498827267912
0.767	 0.5074311580535645
0.768	 0.5077247720250206
0.769	 0.5077362175153973
0.77	 0.5074827895839569
0.771	 0.5073847530956289
0.772	 0.5075126450461173
0.773	 0.5079093947270703
0.774	 0.5076945841965079
0.775	 0.5072645475330039
0.776	 0.5072410497684334
0.777	 0.5071805392731535
0.778	 0.5072771154830688
0.779	 0.5071808704527228
0.78	 0.5071579100356077
0.781	 0.507208577845396
0.782	 0.5066522053506869
0.783	 0.5066724374233571
0.784	 0.506898534061512
0.785	 0.507130060910068
0.786	 0.5071780587100921
0.787	 0.5071204784961549
0.788	 0.5075612353567625
0.789	 0.5075736126840317
0.79	 0.507237167266822
0.791	 0.5082876808540526
0.792	 0.5096227867590455
0.793	 0.5105226480836237
0.794	 0.5113604876697145
0.795	 0.5124689997244422
0.796	 0.5139630390143737
0.797	 0.5153783342406097
0.798	 0.5167308862299737
0.799	 0.5189185562860593
0.8	 0.5205552589428724
0.804	 0.5207919480863462
0.808	 0.5213619035099251
0.812	 0.5216142092203214
0.816	 0.5215193155302049
0.82	 0.521330673701821
0.824	 0.5205287018708894
0.828	 0.5199949299702135
0.832	 0.5191848031198892
0.836	 0.5176778699257965
0.84	 0.5171175633009348
0.844	 0.5164760850854544
0.848	 0.515869140625
0.852	 0.5154676695377897
0.856	 0.5147457933779627
0.86	 0.5145014381591563
0.864	 0.51438613212605
0.868	 0.5138642019196588
0.872	 0.5134402263617073
0.876	 0.5130220553730643
0.88	 0.5126035710117867
0.884	 0.5123069778242192
0.888	 0.5119810612621976
0.892	 0.5118336397058824
0.896	 0.5116997539905028
0.9	 0.5112148468632585
0.904	 0.5109865216898856
0.908	 0.5109394383669786
0.912	 0.510729131558252
0.916	 0.5106859124986013
0.92	 0.5103121516164995
0.924	 0.5097766914787245
0.928	 0.50927002047706
0.932	 0.5088202866593164
0.936	 0.508517419496648
0.94	 0.5081608062219302
0.944	 0.5075588058724008
0.948	 0.5072865687873844
0.952	 0.506968168754406
0.956	 0.5067545660866746
0.96	 0.5068146312557238
0.964	 0.5069575028206091
0.968	 0.5068331636207728
0.972	 0.5067336468576314
0.976	 0.5067427109429135
0.98	 0.506830383245628
0.984	 0.5068667479717905
0.988	 0.5067674738289099
0.992	 0.5067011397214015
0.996	 0.5066028305361182
1.0	 0.5062972292191436
1.004	 0.5062787777312683
1.008	 0.5063423291747143
1.012	 0.5061458333333334
1.016	 0.5060785536159601
1.02	 0.5058049134445942
1.024	 0.5056115852081717
1.028	 0.5056220342479885
1.032	 0.5055861607372703
1.036	 0.5054442732408834
1.04	 0.5051800184634321
1.044	 0.5048359858758508
1.048	 0.50479885644272
1.052	 0.5047648167966162
1.056	 0.5048040262315083
1.06	 0.5049961957900077
1.064	 0.5050878347592771
1.068	 0.5049739938393173
1.072	 0.5049904224216151
1.076	 0.5051043500125723
1.08	 0.5055469102956679
1.084	 0.5056129096922923
1.088	 0.5055258288743311
1.092	 0.5056151734464687
1.096	 0.5052809884416102
1.1	 0.5048736821165706
1.104	 0.5046668652566776
1.108	 0.5045335183074865
1.112	 0.5044028890867716
1.116	 0.5041713975415906
1.12	 0.5039160632481159
1.124	 0.5038847364280095
1.128	 0.5036822466614296
1.132	 0.503553050722862
1.136	 0.5036703533326807
1.14	 0.5037880639327436
1.144	 0.5037832560410056
1.148	 0.503728251864126
1.152	 0.5036510563723103
1.156	 0.5035002430724356
1.16	 0.5032774945375091
1.164	 0.5029829752146286
1.168	 0.5029554263565892
1.172	 0.5027343560954363
1.176	 0.5027538892646632
1.18	 0.5028698210582163
1.184	 0.5028662266968543
1.188	 0.5028379028379029
1.192	 0.5030023538454148
1.196	 0.5031422403454066
1.2	 0.503449267030756
1.204	 0.5037327718223583
1.208	 0.50389486260454
1.212	 0.5040106951871658
1.216	 0.5040510914116862
1.22	 0.5039489960985821
1.224	 0.5038969679688242
1.228	 0.5038914198936979
1.232	 0.5038381349507203
1.236	 0.5037145696304358
1.24	 0.5034727143869596
1.244	 0.503560816865538
1.248	 0.5035547812985546
1.252	 0.5035974606160357
1.256	 0.5034974883808273
1.26	 0.5034689668104256
1.264	 0.5035351407032823
1.268	 0.5035301818861925
1.272	 0.5036874533233757
1.276	 0.5038221310711289
1.28	 0.5038182156826225
1.284	 0.5035108114392002
1.288	 0.5031128043114662
1.292	 0.5030626450116009
1.296	 0.5031501899379227
1.3	 0.5033526011560694
1.304	 0.5033253279142804
1.308	 0.5031603229527105
1.312	 0.5029250541250172
1.316	 0.5028744883410753
1.32	 0.5031227038941954
1.324	 0.5034849596478357
1.328	 0.5037121906507791
1.332	 0.5034580680621078
1.336	 0.5028835591358477
1.34	 0.5025591810620601
1.344	 0.5025107276545239
1.348	 0.5025769669327252
1.352	 0.5024608093328472
1.356	 0.502117389918492
1.36	 0.5017055532814845
1.364	 0.5015208607617924
1.368	 0.501609758309527
1.372	 0.5019934758970641
1.376	 0.5024228975136995
1.38	 0.5024882374230908
1.384	 0.502553210718966
1.388	 0.5024832942026367
1.392	 0.5025715059099521
1.396	 0.5028852222522766
1.4	 0.5029961703086281
1.404	 0.5029023984160554
1.408	 0.5027867673498742
1.412	 0.5025367036322005
1.416	 0.502377321252355
1.42	 0.5021515015688033
1.424	 0.5021265165420603
1.428	 0.5022585983272955
1.432	 0.5020783980691012
1.436	 0.5019199857117342
1.44	 0.5019628836545326
1.444	 0.5018275831327449
1.448	 0.5018259552863633
1.452	 0.5019578179229331
1.456	 0.5020673098297248
1.46	 0.5022658610271904
1.464	 0.5019980463546755
1.468	 0.5019513925847082
1.472	 0.5020391878712651
1.476	 0.5021700620017715
1.48	 0.5022560382199416
1.484	 0.5023648499314856
1.488	 0.5022968197879859
1.492	 0.5023380977589553
1.496	 0.5020942639213438
1.5	 0.5021797525210269
1.504	 0.5022233962928719
1.508	 0.5021334623674834
1.512	 0.5020664790714036
1.516	 0.5018014059753955
1.52	 0.5014927994380048
1.524	 0.5012725996138319
1.528	 0.5012280701754386
1.532	 0.5011171960569551
1.536	 0.5012918765053646
1.54	 0.5012682585498119
1.544	 0.5012897302496393
1.548	 0.5012234553875732
1.552	 0.501331935892397
1.556	 0.5015493388032994
1.56	 0.5018100929035635
1.564	 0.5018099350167909
1.568	 0.5018308631211856
1.572	 0.5018292682926829
1.576	 0.5016543317370483
1.58	 0.5015004566607228
1.584	 0.501456585068916
1.588	 0.5014342837273992
1.592	 0.5013248772859563
1.596	 0.5010203638574096
1.6	 0.5007810466024473
1.604	 0.5008676036786396
1.608	 0.5005856578890286
1.612	 0.5003902523631949
1.616	 0.50041187947106
1.62	 0.5004115939517352
1.624	 0.500346590416775
1.628	 0.5001732952083876
1.632	 0.5003679812978917
1.636	 0.5007571496560378
1.64	 0.500800207621437
1.644	 0.5009940357852883
1.648	 0.5014043123190597
1.652	 0.5016410433580929
1.656	 0.5018343476196642
1.66	 0.5020049152761609
1.664	 0.502326984400586
1.668	 0.5025636606488862
1.672	 0.5024537236332328
1.676	 0.5025572699531524
1.68	 0.5025777625021481
1.684	 0.5023824855119124
1.688	 0.5022733121729434
1.692	 0.5021429795988342
1.696	 0.5019063530822945
1.7	 0.5016905628076183
1.704	 0.501390136447239
1.708	 0.5011333989136477
1.712	 0.5007912407510372
1.716	 0.5004912640437439
1.72	 0.5004910542721722
1.724	 0.5003202254387089
1.728	 0.500128062836165
1.732	 0.5
1.736	 0.5000640068273949
1.74	 0.49997867167171434
1.744	 0.4998933401595631
1.748	 0.4999573233185387
1.752	 0.5001067326986296
1.756	 0.5000640068273949
1.76	 0.5000426548370586
1.764	 0.5002132559924934
1.768	 0.5004477039184753
1.772	 0.5005115961800819
1.776	 0.5004901751843486
1.78	 0.5007241438064407
1.784	 0.5010008091648567
1.788	 0.5010222335803731
1.792	 0.5011710599156837
1.796	 0.5011068539804172
1.8	 0.5010427750585231
1.804	 0.5009998723567204
1.808	 0.5009142322575157
1.812	 0.5010412682221939
1.816	 0.5011894647408666
1.82	 0.5011246445698766
1.824	 0.501123786098978
1.828	 0.5011873462810619
1.832	 0.5011867423921337
1.836	 0.5011865412323079
1.84	 0.5013132254511565
1.844	 0.5013762439127672
1.848	 0.5013545546901457
1.852	 0.5011214083195802
1.856	 0.5010150566739976
1.86	 0.5009298393913778
1.864	 0.5008448086508406
1.868	 0.5008868243243244
1.872	 0.5007599425821161
1.876	 0.5007176629517056
1.88	 0.5005275819862407
1.884	 0.5002321556709298
1.888	 0.49995778096766025
1.892	 0.49976766780720655
1.896	 0.4994295372913585
1.9	 0.4990278130019444
1.904	 0.4989223682542366
1.908	 0.4988592191989184
1.912	 0.4988380445345841
1.916	 0.4987321443664948
1.92	 0.4988590263691684
1.924	 0.49923941519479426
1.928	 0.4995774171737661
1.932	 0.5000211300342307
1.936	 0.5003593320651025
1.94	 0.5007611637347767
1.944	 0.5009721869980557
1.948	 0.5011618572816765
1.952	 0.5014989655026812
1.956	 0.5019834571235652
1.96	 0.5021927975035844
1.964	 0.5021909496924244
1.968	 0.5022734927585045
1.972	 0.5025017869907077
1.976	 0.5026472812841415
1.98	 0.5027086045437366
1.984	 0.5026437263953
1.988	 0.5025789407472637
1.992	 0.5023047267851156
1.996	 0.5018844221105527
2.0	 0.5017154811715481
2.004	 0.5016515449262031
2.008	 0.5014625992478061
2.012	 0.5011687119125137
2.016	 0.50095953274927
2.02	 0.5009172017009922
2.024	 0.5007294402067441
2.028	 0.5006458064247322
2.032	 0.5006872995376348
2.036	 0.500812195426715
2.04	 0.5007078614257162
2.044	 0.5006451075872976
2.048	 0.500582653570834
2.052	 0.5006030861373373
2.056	 0.5005822658459491
2.06	 0.5004781108385649
2.064	 0.5005612605496196
2.068	 0.5007893643539676
2.072	 0.5008927459203588
2.076	 0.5011202389843167
2.08	 0.5013063492721769
2.084	 0.5013679323495275
2.088	 0.5015540176536405
2.092	 0.5014910536779325
2.096	 0.5018624286069034
2.1	 0.5020681667769689
2.104	 0.5021295951701608
2.108	 0.5017773001570637
2.112	 0.5014671240236394
2.116	 0.5010740251156642
2.12	 0.5008877327717908
2.124	 0.5006399405474589
2.128	 0.5004952538175815
2.132	 0.5003301419610432
2.136	 0.49993814177904244
2.14	 0.49969086187708667
2.144	 0.49969098924642574
2.148	 0.49977337343936706
2.152	 0.5000618021507148
2.156	 0.5003089598352214
2.16	 0.5005146786346605
2.164	 0.5006794317479926
2.168	 0.500638254066296
2.172	 0.5006589785831961
2.176	 0.5006178942165102
2.18	 0.5005973223480947
2.184	 0.5004530850976192
2.188	 0.5002883981542517
2.192	 0.49995880026367834
2.196	 0.49956734929333724
2.2	 0.4993822584630591
2.204	 0.4995884434932917
2.208	 0.49981486814497883
2.212	 0.49993829445884247
2.216	 0.5001439559083618
2.22	 0.5003494922083797
2.224	 0.5005344076296966
2.228	 0.5009247462085404
2.232	 0.5013560157790927
2.236	 0.5017261219792866
2.24	 0.5016234433438823
2.244	 0.5015603186334894
2.248	 0.5015590383195208
2.252	 0.5015380829334317
2.256	 0.5015984916796458
2.26	 0.5016585445759449
2.264	 0.5015555919436713
2.268	 0.5011868707538676
2.272	 0.5007161271841879
2.276	 0.5003683391994762
2.28	 0.500102396067991
2.284	 0.4996108311826636
2.288	 0.4992627181125584
2.292	 0.49889353331694125
2.296	 0.49838094847727177
2.3	 0.49801253944187185
2.304	 0.49811568081271507
2.308	 0.49852579852579854
2.312	 0.4989968472341645
2.316	 0.4993242966542446
2.32	 0.49987711968542636
2.324	 0.5003687013519049
2.328	 0.5007986239095712
2.332	 0.5014537859863221
2.336	 0.5020476697518225
2.34	 0.5023545309364891
2.344	 0.5023735472254052
2.348	 0.5023504884928259
2.352	 0.502327670695851
2.356	 0.5024889831891627
2.36	 0.5025070319187966
2.364	 0.5025860313581756
2.368	 0.5024616511372421
2.372	 0.5022560058534207
2.376	 0.5021321528652073
2.38	 0.5021305953492148
2.384	 0.5020080321285141
2.388	 0.5018444201224208
2.392	 0.5017417368762151
2.396	 0.5016792781127342
2.4	 0.5014761192219032
2.404	 0.5013132904998586
2.408	 0.501151282569178
2.412	 0.501110348447531
2.416	 0.5008880994671403
2.42	 0.5006860371267151
2.424	 0.5008671802524906
2.428	 0.5008265795734043
2.432	 0.5006450052406676
2.436	 0.5005438504612657
2.44	 0.5005638794908974
2.444	 0.5006239182063358
2.448	 0.5007645875251509
2.452	 0.5009850830284267
2.456	 0.5015065686392671
2.46	 0.501766926351297
2.464	 0.5018852787805856
2.468	 0.4725913973928921
2.472	 0.43967695361848047
2.476	 0.402213134471975
2.48	 0.3595135023706453
2.484	 0.3100521468989238
2.488	 0.25216346153846153
2.492	 0.18337921090575438
2.496	 0.10090751944684531
2.5	 0.0
