25.0442	 1.0
24.9238	 0.8999999999999999
24.8045	 0.8181818181818182
24.6864	 0.75
24.5694	 0.6923076923076923
24.4536	 0.6428571428571428
24.3388	 0.6000000000000001
24.225	 0.5625
24.1124	 0.5294117647058824
24.0007	 0.5
23.8901	 0.5
23.7805	 0.5
23.6719	 0.5
23.5643	 0.5
23.4577	 0.5
23.352	 0.5
23.2473	 0.5
23.1435	 0.5
23.0407	 0.5
22.9387	 0.5
22.8377	 0.5
22.7375	 0.5
22.6382	 0.5
22.5398	 0.5
22.4422	 0.5
22.3455	 0.5
22.2496	 0.5
22.1545	 0.5
22.0602	 0.5
21.9668	 0.5
21.8741	 0.5
21.7822	 0.5
21.691	 0.5
21.6007	 0.5019812382759355
21.511	 0.5061982974047821
21.4221	 0.5112395905859172
21.334	 0.5152587039794676
21.2465	 0.5166948440409938
21.1598	 0.5166948440409936
21.0738	 0.5166948440409936
20.9885	 0.5166948440409938
20.9038	 0.5166948440409938
20.8199	 0.5148291642107297
20.7366	 0.5087783494921557
20.654	 0.49950920576763036
20.572	 0.49028757661477007
20.4907	 0.48474129602053245
20.41	 0.4833051559590063
20.33	 0.4833051559590063
20.2506	 0.48330515595900636
20.1718	 0.48330515595900636
20.0936	 0.48330515595900636
20.016	 0.48517083578927034
19.9391	 0.4892411607029276
19.8627	 0.4942924273758207
19.7869	 0.49847216566334546
19.7116	 0.5
19.637	 0.5
19.5628	 0.5
19.4893	 0.5
19.4163	 0.5
19.3439	 0.5
19.2719	 0.5
19.2006	 0.5
19.1297	 0.5
19.0594	 0.5
18.9896	 0.5
18.9203	 0.5
18.8515	 0.5
18.7832	 0.5
18.7153	 0.5
18.648	 0.5
18.5812	 0.5
18.5148	 0.5014990618513372
18.4489	 0.5066056678879244
18.3835	 0.5151309722222336
18.3185	 0.5265734959746731
18.2541	 0.5404179238775425
18.19	 0.5560134036630927
18.1264	 0.5727828294321603
18.0633	 0.5900660898426717
18.0005	 0.6074500039043826
17.9382	 0.6236841397446262
17.8764	 0.6361801651423918
17.815	 0.6432176576478796
17.7539	 0.6451301348697261
17.6934	 0.6424088379776856
17.6332	 0.6353595983874417
17.5734	 0.624283308272082
17.514	 0.6093342930913461
17.4551	 0.5906611357531645
17.3965	 0.5681653699955632
17.3383	 0.5427351407525607
17.2805	 0.5154914674065478
17.2231	 0.4865750327023977
17.1661	 0.45675524246655735
17.1094	 0.42826205952851487
17.0531	 0.4018320654428318
16.9972	 0.3785201649146454
16.9417	 0.3594494529089346
16.8865	 0.34595174979683063
16.8317	 0.33916135386415297
16.7772	 0.3398781778538968
16.7231	 0.34823534910810094
16.6693	 0.3637204350880383
16.6159	 0.38511183514123876
16.5628	 0.41098969605926144
16.51	 0.44096317450520434
16.4576	 0.47399208883612903
16.4055	 0.5083653416760283
16.3538	 0.5419657642390687
16.3024	 0.5727558096806724
16.2513	 0.5993223473133541
16.2005	 0.6210143458116494
16.15	 0.637377805362648
16.0998	 0.6495113093655845
16.05	 0.6572967359507284
16.0005	 0.6608114263287144
15.9513	 0.6604111674729515
15.9023	 0.6565730975198707
15.8537	 0.6498192144249584
15.8054	 0.6407275151401596
15.7573	 0.629875841725401
15.7096	 0.6180980788516842
15.6621	 0.6068285957047767
15.6149	 0.5962682186571684
15.568	 0.5866009871333611
15.5214	 0.5779662780748642
15.4751	 0.5702428979036761
15.429	 0.5633543985950366
15.3832	 0.557205332116438
15.3377	 0.5517708590433135
15.2925	 0.5469525488084268
15.2475	 0.5426940986998582
15.2028	 0.5389197517223172
15.1583	 0.5356335631152728
15.1141	 0.5326456172439717
15.0702	 0.5299941693415274
15.0265	 0.5276172441475191
14.9831	 0.5255810214180444
14.9399	 0.5237244281603431
14.897	 0.5220459453053466
14.8543	 0.5204836853137902
14.8119	 0.5191083943895057
14.7697	 0.5178342737998659
14.7277	 0.5167079949504839
14.686	 0.5157450475640968
14.6445	 0.514923933591389
14.6033	 0.5142226782763288
14.5622	 0.5135670570256375
14.5214	 0.5130090258046486
14.4809	 0.512463529085949
14.4405	 0.5119815853652173
14.4004	 0.5114017861558863
14.3605	 0.5108311569141801
14.3209	 0.5101006584441533
14.2814	 0.5093227364728866
14.2422	 0.50834746497949
14.2032	 0.5073892911071337
14.1643	 0.5063650902776173
14.1258	 0.5053954647540269
14.0874	 0.5043789572772085
14.0492	 0.5034679264376593
14.0112	 0.5025873253004276
13.9734	 0.5017456827700236
13.9359	 0.5009379115734302
13.8985	 0.500173386663171
13.8614	 0.49941640971720486
13.8244	 0.4985536321122364
13.7876	 0.4976975328291308
13.7511	 0.49674688390609584
13.7147	 0.49580021628011267
13.6785	 0.4946660607752001
13.6425	 0.4935946792896978
13.6067	 0.4924440648052817
13.5711	 0.49137425297622245
13.5356	 0.49025139965815967
13.5004	 0.4892722212369434
13.4653	 0.48824908732704636
13.4304	 0.48725444426387776
13.3957	 0.4861718795143168
13.3612	 0.48517802669829085
13.3269	 0.4841375139886924
13.2927	 0.4830075612207001
13.2587	 0.4818174546106958
13.2249	 0.48053263081612013
13.1912	 0.4791439488990255
13.1577	 0.47760407079378975
13.1244	 0.47605049200728533
13.0913	 0.474385834712726
13.0583	 0.4727014775420191
13.0255	 0.47082176980543233
12.9929	 0.4689859768255746
12.9604	 0.4670206026670866
12.9281	 0.46505982909614196
12.8959	 0.4629570001688277
12.8639	 0.46081990533889794
12.8321	 0.45846465762105143
12.8004	 0.4560369099756733
12.7688	 0.4534055927451772
12.7375	 0.4506410712872139
12.7063	 0.4476773813828885
12.6752	 0.4445015910339515
12.6443	 0.4410735510877641
12.6135	 0.43737457805542246
12.5829	 0.43345081850822564
12.5524	 0.42930504297672367
12.5221	 0.4249787653737139
12.4919	 0.42023103078105506
12.4619	 0.4150905665408134
12.432	 0.40934762038488054
12.4023	 0.40303712809505865
12.3727	 0.39603539999833487
12.3432	 0.3883692962155365
12.3139	 0.380935861818941
12.2847	 0.37476595745016944
12.2557	 0.36997072952674553
12.2268	 0.36702736720019546
12.198	 0.36637076189611467
12.1694	 0.36851885676187396
12.1409	 0.3738376589308188
12.1125	 0.38264928882592414
12.0843	 0.3952566007030028
12.0562	 0.4104122470401175
12.0282	 0.4260183582704898
12.0004	 0.4410061075366018
11.9726	 0.45516461562992094
11.945	 0.46804263856206435
11.9176	 0.47921115822856264
11.8903	 0.48819307953374047
11.8631	 0.49479696959191394
11.836	 0.49878392150188766
11.809	 0.5
11.7822	 0.5
11.7555	 0.5
11.7289	 0.5
11.7024	 0.5
11.676	 0.5
11.6498	 0.5
11.6237	 0.5
11.5977	 0.5
11.5718	 0.5
11.546	 0.5
11.5203	 0.5
11.4948	 0.5
11.4694	 0.5
11.444	 0.5
11.4188	 0.5
11.3937	 0.5
11.3688	 0.5
11.3439	 0.5
11.3191	 0.5
11.2944	 0.5
11.2699	 0.5
11.2455	 0.5
11.2211	 0.5
11.1969	 0.5
11.1727	 0.5
11.1487	 0.5
11.1248	 0.5
11.101	 0.5
11.0773	 0.5
11.0536	 0.5
11.0301	 0.5
11.0067	 0.5
10.9834	 0.5
10.9602	 0.5
10.937	 0.5
10.914	 0.5
10.8911	 0.5
10.8682	 0.5
10.8455	 0.5
10.8229	 0.5
10.8003	 0.5
10.7779	 0.5
10.7555	 0.5
10.7332	 0.5
10.7111	 0.5
10.689	 0.5
10.667	 0.5
10.6451	 0.5
10.6233	 0.5
10.6015	 0.5
10.5799	 0.5
10.5584	 0.5
10.5369	 0.5
10.5155	 0.5
10.4942	 0.5
10.473	 0.5
10.4519	 0.5
10.4309	 0.5
10.4099	 0.5
10.3891	 0.5
10.3683	 0.5
10.3476	 0.5
10.327	 0.5
10.3065	 0.5
10.286	 0.5
10.2656	 0.5
10.2454	 0.5
10.2251	 0.5
10.205	 0.5
10.185	 0.5
10.165	 0.5
10.1451	 0.5
10.1253	 0.5
10.1056	 0.5
10.0859	 0.5
10.0663	 0.5
10.0468	 0.5
10.0274	 0.5
10.008	 0.5
9.9887	 0.5
9.9695	 0.5
9.9504	 0.5
9.9313	 0.5
9.9123	 0.5
9.8934	 0.5
9.8746	 0.5
9.8558	 0.5
9.8371	 0.5
9.8185	 0.5009899532591233
9.7999	 0.5036655298601922
9.7814	 0.5079226586030765
9.763	 0.5136267006432687
9.7447	 0.5206783949045088
9.7264	 0.5289111922572707
9.7082	 0.5381635506758259
9.69	 0.5482208797301446
9.6719	 0.5589563127392149
9.6539	 0.5694823620173608
9.636	 0.578295023424706
9.6181	 0.5847885764932349
9.6003	 0.5891943102889245
9.5825	 0.591662316100394
9.5649	 0.5923425631049888
9.5472	 0.5914014004417467
9.5297	 0.5890959724764235
9.5122	 0.5855889450435279
9.4948	 0.5810339339106493
9.4774	 0.5762827921886482
9.4601	 0.5718990472052236
9.4429	 0.5678218786972753
9.4257	 0.5639778336251036
9.4086	 0.5604013927169524
9.3916	 0.5570693061497898
9.3746	 0.5539858416093711
9.3577	 0.5510789962592952
9.3408	 0.548384237999144
9.324	 0.5458862828962551
9.3073	 0.5436569703056816
9.2906	 0.5416723697375453
9.274	 0.5400046231933757
9.2574	 0.5386089245729793
9.2409	 0.5375154600060116
9.2245	 0.536662349508701
9.2081	 0.536080810461132
9.1918	 0.5356823437028927
9.1755	 0.5354671501838361
9.1593	 0.5353555755015196
9.1431	 0.535259243967612
9.127	 0.5350967021448632
9.111	 0.5348243160455649
9.095	 0.5344457253382202
9.0791	 0.5338899032522216
9.0632	 0.5331902501006368
9.0474	 0.5323216548280867
9.0316	 0.5313417442702958
9.0159	 0.5302211359325186
9.0003	 0.5290489331599837
8.9847	 0.527855251933841
8.9691	 0.5267347175460422
8.9536	 0.5256438883477689
8.9382	 0.5246341016937283
8.9228	 0.5236640649046599
8.9075	 0.5227703553149052
8.8922	 0.5219182996669781
8.877	 0.5211278567040685
8.8618	 0.5203775023738679
8.8467	 0.5196626278826119
8.8316	 0.519013641886172
8.8166	 0.5183846014669817
8.8016	 0.5177980247440958
8.7867	 0.5172240464704172
8.7718	 0.5167352878302645
8.757	 0.5162863193353434
8.7422	 0.5158834482291758
8.7275	 0.5154999003360485
8.7129	 0.5152006742686771
8.6982	 0.5148767637846842
8.6837	 0.514543205319484
8.6692	 0.5142018186739922
8.6547	 0.513896266604646
8.6403	 0.5135910153124358
8.6259	 0.5132816153446251
8.6116	 0.5129699940320211
8.5973	 0.5126960743591297
8.583	 0.5124368270180613
8.5688	 0.5121749541812356
8.5547	 0.511985752621375
8.5406	 0.5118136377888854
8.5266	 0.5116812535075751
8.5126	 0.5115288440770074
8.4986	 0.5114029326494917
8.4847	 0.5112867516669731
8.4708	 0.5111973871778555
8.457	 0.5110865078490527
8.4432	 0.5109940222774351
8.4295	 0.5108838884116915
8.4158	 0.5107735199647023
8.4022	 0.5106432301615764
8.3886	 0.5105093258435317
8.375	 0.5103734009250391
8.3615	 0.5102420007383288
8.3481	 0.5100897084520299
8.3347	 0.5099049438858825
8.3213	 0.5097117172648584
8.3079	 0.5094955161712911
8.2946	 0.5092816430120943
8.2814	 0.5090523679235387
8.2682	 0.508849793891555
8.255	 0.5086462960986295
8.2419	 0.5084479798625053
8.2288	 0.5082386953718007
8.2158	 0.5080615763634002
8.2028	 0.5079054457538537
8.1898	 0.5077735506836525
8.1769	 0.50764439948413
8.164	 0.5075262435128164
8.1512	 0.5073931620718434
8.1384	 0.5072467531458484
8.1256	 0.5071138243151315
8.1129	 0.5070014958914827
8.1002	 0.5068952945020584
8.0876	 0.506778771651667
8.075	 0.5066555749379267
8.0624	 0.5065229130820775
8.0499	 0.5064016659976396
8.0374	 0.5062821757064576
8.025	 0.5061661244188479
8.0126	 0.5060230648198775
8.0002	 0.5058627410703371
7.9879	 0.5056957931069068
7.9756	 0.5055174423828838
7.9634	 0.5053303425683661
7.9512	 0.505155520982573
7.939	 0.5049786952094913
7.9268	 0.5048070045783113
7.9147	 0.5046515477526736
7.9027	 0.5045345190777616
7.8906	 0.5044353916387149
7.8786	 0.5043412728305559
7.8667	 0.5042533873464107
7.8548	 0.5041886672918368
7.8429	 0.5041272593028103
7.831	 0.5040756505496671
7.8192	 0.5040374748908452
7.8075	 0.5039979135511258
7.7957	 0.503936943736653
7.784	 0.5038684599391456
7.7723	 0.5038040569403618
7.7607	 0.5037365954470568
7.7491	 0.5036656965811674
7.7375	 0.5035912810022686
7.726	 0.5035107440605722
7.7145	 0.5033943809322938
7.7031	 0.5032774986476779
7.6916	 0.5031587852973985
7.6802	 0.5030700346617327
7.6689	 0.502967581352977
7.6575	 0.5028812627513022
7.6462	 0.5028002739684073
7.635	 0.5027431874752087
7.6238	 0.5026831319184784
7.6126	 0.5026578962026116
7.6014	 0.5026537169569725
7.5903	 0.5026558087078344
7.5792	 0.502659255673808
7.5681	 0.5026542251763356
7.5571	 0.5026548337599615
7.5461	 0.5026540313754173
7.5351	 0.5026636001367298
7.5242	 0.5026459731071399
7.5133	 0.5026243533823175
7.5024	 0.5025739935766831
7.4916	 0.5025508462097545
7.4807	 0.5025014253060556
7.47	 0.5024623705372012
7.4592	 0.5024150017488531
7.4485	 0.5023932660832057
7.4378	 0.5023531309320536
7.4272	 0.5023270501498192
7.4165	 0.5023174722779712
7.4059	 0.5023259615471081
7.3954	 0.5023342228570405
7.3848	 0.5023238477769971
7.3743	 0.5023400826804646
7.3639	 0.5023432774073008
7.3534	 0.5023359436496857
7.343	 0.502286224403754
7.3326	 0.5022479982734355
7.3223	 0.5021614584145627
7.3119	 0.5020702838004876
7.3016	 0.501954972638566
7.2914	 0.5018669973460586
7.2811	 0.501768214887712
7.2709	 0.5016815762016099
7.2607	 0.5015866761335926
7.2506	 0.5015229237995416
7.2404	 0.5014844065720626
7.2303	 0.5014589777452959
7.2203	 0.5014584351153336
7.2102	 0.5014346396038453
7.2002	 0.501411289992388
7.1902	 0.5013560683802346
7.1803	 0.5013122775841149
7.1703	 0.5012297170287914
7.1604	 0.5011576262706353
7.1506	 0.5010440117992673
7.1407	 0.500937782648489
7.1309	 0.5008082494364149
7.1211	 0.5007068432205836
7.1113	 0.5006400459989435
7.1016	 0.5006070945177715
7.0919	 0.5005955866437852
7.0822	 0.5006077908793699
7.0725	 0.5006584053356993
7.0629	 0.5007368833141411
7.0533	 0.5008642091510961
7.0437	 0.5009953985231421
7.0341	 0.5011613236860993
7.0246	 0.5012985222155416
7.0151	 0.5014393806257779
7.0056	 0.5015522139583583
6.9962	 0.5016809135974761
6.9867	 0.5017897670743419
6.9773	 0.5018980976996485
6.9679	 0.501970147778032
6.9586	 0.5020202522812443
6.9493	 0.5020461933196363
6.94	 0.5020546656221149
6.9307	 0.502066369283661
6.9214	 0.5020692589777057
6.9122	 0.5020727252857436
6.903	 0.502036811974391
6.8938	 0.5019950364680431
6.8847	 0.5019330302678061
6.8755	 0.5018962732433747
6.8664	 0.5018657443344029
6.8573	 0.5018615802631776
6.8483	 0.5018558852828479
6.8393	 0.5018530654493423
6.8302	 0.5018478861707337
6.8213	 0.5018590120475688
6.8123	 0.5018855542712518
6.8034	 0.5019221711905819
6.7944	 0.5019746730381625
6.7855	 0.5020034310440135
6.7767	 0.5020218447057524
6.7678	 0.5020161714829502
6.759	 0.5020150693061849
6.7502	 0.5020029792940477
6.7414	 0.501989369824483
6.7327	 0.501956949406259
6.7239	 0.5019141718876118
6.7152	 0.5018453269850132
6.7065	 0.5017712397833569
6.6979	 0.5017106572147366
6.6892	 0.501645346006647
6.6806	 0.5015942170196281
6.672	 0.5015267746451132
6.6634	 0.5014663982826512
6.6549	 0.5014011111283204
6.6464	 0.5013635451894555
6.6378	 0.5013386649147435
6.6294	 0.5013308279068769
6.6209	 0.5013014518119936
6.6124	 0.5012713964389941
6.604	 0.5012344769907238
6.5956	 0.5011816505350576
6.5872	 0.5011424934394736
6.5789	 0.5010962801878514
6.5705	 0.5010494851331616
6.5622	 0.5009762301916083
6.5539	 0.5009126017142511
6.5456	 0.5008544316500281
6.5374	 0.5008314640537981
6.5292	 0.5008010634565776
6.5209	 0.5007977062543687
6.5128	 0.5007985553618456
6.5046	 0.5007987087536984
6.4964	 0.5007907117124162
6.4883	 0.5007641053216512
6.4802	 0.500732015388894
6.4721	 0.5006816862998693
6.464	 0.5006202938940248
6.456	 0.5005229287158399
6.448	 0.5004359907150768
6.4399	 0.5003249725812526
6.432	 0.5002322203541951
6.424	 0.5001341771048661
6.416	 0.500066110214436
6.4081	 0.5000159404725473
6.4002	 0.49997619136472665
6.3923	 0.4999190537610319
6.3844	 0.49986925780965435
6.3766	 0.4998385762909166
6.3687	 0.4997969506777947
6.3609	 0.49975996570640985
6.3531	 0.499695296873816
6.3454	 0.4996589617674169
6.3376	 0.49960438015011494
6.3299	 0.4995633384005497
6.3221	 0.4995203361376854
6.3144	 0.49952061333688913
6.3068	 0.4995090563290947
6.2991	 0.4995058806146144
6.2914	 0.4995114509408655
6.2838	 0.49954949495616935
6.2762	 0.49960063504187796
6.2686	 0.49962768804275925
6.2611	 0.4996557228636899
6.2535	 0.49966616262404073
6.246	 0.4996749424702992
6.2385	 0.4996449362878363
6.231	 0.49962790608596847
6.2235	 0.49957686896033987
6.216	 0.49951674259716144
6.2086	 0.4994200033896057
6.2011	 0.49934880315311836
6.1937	 0.49929292966855254
6.1863	 0.4992822629515188
6.179	 0.49929827897601037
6.1716	 0.49936394943143697
6.1643	 0.4994768579158189
6.157	 0.4996107447243326
6.1496	 0.49979136375565003
6.1424	 0.4999714892631355
6.1351	 0.5001511692641757
6.1278	 0.5002699912409818
6.1206	 0.500337602773762
6.1134	 0.5003078665710294
6.1062	 0.5002171082208854
6.099	 0.5000265938565281
6.0918	 0.49977754882967623
6.0847	 0.4994637169692715
6.0776	 0.4991120713558402
6.0704	 0.49876832600548543
6.0633	 0.4984613506712715
6.0563	 0.49824041455683765
6.0492	 0.49812005045239466
6.0421	 0.4981326911195627
6.0351	 0.49825584801498113
6.0281	 0.49852168173854267
6.0211	 0.49888579081536766
6.0141	 0.4993684619468555
6.0071	 0.4998999883674827
6.0002	 0.5004670978623569
5.9932	 0.5010298184325391
5.9863	 0.5015724443513715
5.9794	 0.5020517422229529
5.9725	 0.502451860187795
5.9657	 0.5027639675162773
5.9588	 0.5029569444174516
5.952	 0.503062053552871
5.9451	 0.5030660906681833
5.9383	 0.5030253529433371
5.9315	 0.502920677933719
5.9247	 0.5027790924505495
5.918	 0.5025810471601019
5.9112	 0.5023749725342329
5.9045	 0.5021614765881944
5.8978	 0.5019883153736983
5.8911	 0.5018456798412572
5.8844	 0.5017284593574227
5.8777	 0.5016404565705378
5.8711	 0.501560307143191
5.8644	 0.5015089975346174
5.8578	 0.5014693730699783
5.8512	 0.5014603475625478
5.8446	 0.5014486639360048
5.838	 0.5014408126653481
5.8314	 0.5013896168452684
5.8249	 0.5013410669069722
5.8184	 0.5012673391578865
5.8118	 0.5011814533621443
5.8053	 0.5010759932762574
5.7988	 0.5009516924666013
5.7924	 0.500806814704919
5.7859	 0.5006351910650495
5.7794	 0.5004705178610249
5.773	 0.5002909375993975
5.7666	 0.5001076487507804
5.7602	 0.49989706061792877
5.7538	 0.4996974077847867
5.7474	 0.4994751880726068
5.741	 0.49926343846153226
5.7347	 0.4990494531904508
5.7283	 0.4988523714862832
5.722	 0.4986482261784879
5.7157	 0.49844588451117766
5.7094	 0.4982630211824449
5.7031	 0.49809062769392737
5.6969	 0.49794558028105884
5.6906	 0.49782029097273944
5.6844	 0.4977560720104752
5.6782	 0.4977319377548731
5.6719	 0.49777454951860356
5.6657	 0.4978639670394241
5.6596	 0.4980433222109385
5.6534	 0.49827159568842677
5.6472	 0.4985778938992908
5.6411	 0.4989545162372643
5.6349	 0.4993928209250278
5.6288	 0.4998640447746644
5.6227	 0.5003366374152891
5.6166	 0.500801970148245
5.6106	 0.5012172866640765
5.6045	 0.5016008506516512
5.5984	 0.5019141837756996
5.5924	 0.5021796022169092
5.5864	 0.502337950881998
5.5804	 0.5024164549554796
5.5744	 0.5023854120029817
5.5684	 0.5022783020504259
5.5624	 0.5020998151469314
5.5564	 0.501892913352044
5.5505	 0.5016677997425071
5.5445	 0.5014186041462255
5.5386	 0.5011600216000666
5.5327	 0.5008853770259356
5.5268	 0.5006416807241101
5.5209	 0.5004186883637003
5.5151	 0.5002592388833285
5.5092	 0.5001305221486112
5.5033	 0.5000511217553331
5.4975	 0.4999749990928242
5.4917	 0.4999409756918129
5.4859	 0.4999184388667739
5.4801	 0.49992869705756526
5.4743	 0.4999624635219135
5.4685	 0.5000117976384498
5.4628	 0.5000730977656191
5.457	 0.5001305038774989
5.4513	 0.5002016080548629
5.4455	 0.5002622453260333
5.4398	 0.5003380576115959
5.4341	 0.5003877169001971
5.4284	 0.5004526066460298
5.4228	 0.5004962987099429
5.4171	 0.5005427586453699
5.4114	 0.5005647491635475
5.4058	 0.500582104590088
5.4002	 0.5005836479654978
5.3945	 0.5005807518874864
5.3889	 0.5005621442050849
5.3833	 0.5005357174823137
5.3778	 0.5005269637829313
5.3722	 0.5005062729812291
5.3666	 0.5004909328681635
5.3611	 0.5004512535129932
5.3555	 0.5004286514465456
5.35	 0.5003972660985873
5.3445	 0.5003705930513661
5.339	 0.5003243779662538
5.3335	 0.5002982209772472
5.328	 0.5002553969467343
5.3225	 0.5001977770429514
5.3171	 0.5001393165227006
5.3116	 0.5000913061883744
5.3062	 0.5000641016923131
5.3008	 0.5000124900087043
5.2954	 0.4999654319175214
5.29	 0.49992278385100203
5.2846	 0.499896123024481
5.2792	 0.4998494539568969
5.2738	 0.49982480199381424
5.2684	 0.49979840816438964
5.2631	 0.49978034770519986
5.2578	 0.4997572495131755
5.2524	 0.4997488767192751
5.2471	 0.49976278242383426
5.2418	 0.499787678474332
5.2365	 0.4998322842846276
5.2312	 0.4998851473589272
5.226	 0.49995767372034444
5.2207	 0.5000168507516403
5.2154	 0.5000979989485678
5.2102	 0.5001592230507159
5.205	 0.5002198488314425
5.1998	 0.500250696559594
5.1945	 0.5002836726428517
5.1893	 0.5003013068469426
5.1842	 0.500303183799843
5.179	 0.500292535388075
5.1738	 0.5002836227533446
5.1686	 0.5002872841748834
5.1635	 0.5002701448782033
5.1584	 0.5002675247175264
5.1532	 0.5002622051358084
5.1481	 0.5002635749336428
5.143	 0.500233936351571
5.1379	 0.5002139983645486
5.1328	 0.5001821204667469
5.1277	 0.5001549923396486
5.1227	 0.500102740598354
5.1176	 0.5000515391090301
5.1126	 0.5000049746636118
5.1075	 0.4999598056709366
5.1025	 0.4999219728758956
5.0975	 0.49988977019672637
5.0925	 0.49988391213160294
5.0875	 0.49986503205744465
5.0825	 0.49985743647992104
5.0775	 0.49983178394702005
5.0726	 0.4998286094792491
5.0676	 0.49980177356780336
5.0627	 0.4997906659121805
5.0577	 0.4997689989937435
5.0528	 0.4997468482896502
5.0479	 0.4997154746947141
5.043	 0.4996848926689124
5.038	 0.4996620902217969
5.0332	 0.49962844138488544
5.0283	 0.49960094066547533
5.0234	 0.49957240507725775
5.0185	 0.49955451940998163
5.0137	 0.4995069278432157
5.0088	 0.49947283660053865
5.004	 0.4994213975988855
4.9992	 0.4993928015623526
4.9944	 0.4993555487031476
4.9896	 0.49933856633797596
4.9848	 0.49933544223845294
4.98	 0.4993566819344902
4.9752	 0.49938281127694734
4.9704	 0.49943042019491934
4.9657	 0.4995101806858589
4.9609	 0.49960221871720883
4.9562	 0.49971213765334255
4.9514	 0.4998063907880492
4.9467	 0.4999288372114532
4.942	 0.5000328278566573
4.9373	 0.5001409295090407
4.9326	 0.500223991662155
4.9279	 0.5003084996799687
4.9232	 0.5003661363493135
4.9186	 0.5004140950536218
4.9139	 0.5004489027051039
4.9092	 0.5004843748734
4.9046	 0.5005100596217225
4.9	 0.5005115043853052
4.8953	 0.5005031820863299
4.8907	 0.5004760944913139
4.8861	 0.5004580907143901
4.8815	 0.5004253319901016
4.8769	 0.5003926833395735
4.8723	 0.5003367061318017
4.8678	 0.5002875735680316
4.8632	 0.5002320406385918
4.8586	 0.5001899971594428
4.8541	 0.5001482503975133
4.8495	 0.5001124971263392
4.845	 0.5000832711173161
4.8405	 0.5000511446025357
4.836	 0.500020702321855
4.8315	 0.4999958424230495
4.827	 0.49997886946753106
4.8225	 0.4999436681265488
4.818	 0.4999030505801414
4.8135	 0.49984715906702204
4.809	 0.4998029116885418
4.8046	 0.4997581113323716
4.8001	 0.4997164970349709
4.7957	 0.49968017448198665
4.7913	 0.49964380653075313
4.7868	 0.49960716751706274
4.7824	 0.4995741326926255
4.778	 0.4995594448925826
4.7736	 0.499557269151274
4.7692	 0.4995719701044073
4.7648	 0.49956899241538455
4.7605	 0.4995761666086836
4.7561	 0.49957861065336173
4.7517	 0.49958565612911343
4.7474	 0.49959894614702627
4.7431	 0.4996115483598458
4.7387	 0.4996233523270191
4.7344	 0.4996178556525182
4.7301	 0.49961276655463677
4.7258	 0.4996048838447621
4.7215	 0.49960661935357364
4.7172	 0.49959329155652243
4.7129	 0.4995862509339217
4.7086	 0.499561768365827
4.7043	 0.499537160071374
4.7	 0.49950506297501046
4.6958	 0.49949476218302086
4.6915	 0.4994897929994427
4.6873	 0.4994817420653663
4.6831	 0.49946919739521256
4.6788	 0.49946630497406513
4.6746	 0.49947975033970526
4.6704	 0.49949166505333675
4.6662	 0.4995165747675739
4.662	 0.49953856632893495
4.6578	 0.4995712391815026
4.6536	 0.4995718398713783
4.6495	 0.4995794326126093
4.6453	 0.49957937440585276
4.6411	 0.49958995962441194
4.637	 0.4995815094267339
4.6328	 0.4995678690520762
4.6287	 0.49955716028617575
4.6246	 0.4995586552457141
4.6205	 0.499555921140409
4.6163	 0.49954812795950926
4.6122	 0.4995581492671317
4.6081	 0.4995619730355906
4.604	 0.49957406751681654
4.6	 0.49956864921842226
4.5959	 0.4995809227053723
4.5918	 0.4995888587648985
4.5877	 0.49959514188653426
4.5837	 0.4995736085260133
4.5796	 0.4995631286941409
4.5756	 0.4995477413603823
4.5716	 0.49953094638181156
4.5675	 0.4995055592443913
4.5635	 0.49948342325744316
4.5595	 0.49946883640759854
4.5555	 0.49945002731156896
4.5515	 0.49942823244983353
4.5475	 0.4994019450088839
4.5435	 0.4994067520890672
4.5395	 0.4994194676383451
4.5356	 0.4994446489137151
4.5316	 0.4994517043095425
4.5276	 0.4994695853727762
4.5237	 0.49948521045200933
4.5197	 0.4995101633394353
4.5158	 0.49952765876724325
4.5119	 0.4995564357486596
4.508	 0.49957283939419006
4.504	 0.49955158938319255
4.5001	 0.4995151525367411
4.4962	 0.49948263186420727
4.4923	 0.499468537568431
4.4884	 0.4994465698276028
4.4846	 0.4994107483703708
4.4807	 0.499356846652892
4.4768	 0.4993153558010863
4.473	 0.4992770985968821
4.4691	 0.4992705900424552
4.4652	 0.49928736610419555
4.4614	 0.49932238808699125
4.4576	 0.4993522225312664
4.4537	 0.49937370426187316
4.4499	 0.4994025068253296
4.4461	 0.499448029910976
4.4423	 0.4995082840965747
4.4385	 0.4995447786519874
4.4347	 0.499565178056181
4.4309	 0.4995611096418954
4.4271	 0.49955565183211936
4.4233	 0.49952920287632796
4.4196	 0.4995046003057493
4.4158	 0.4994865411707534
4.412	 0.49947811431301453
4.4083	 0.49945520463417054
4.4045	 0.49943965002303986
4.4008	 0.49944225144047066
4.3971	 0.4994560537035908
4.3934	 0.4994640095293391
4.3896	 0.49947255367793164
4.3859	 0.49948960715585466
4.3822	 0.4995015513169077
4.3785	 0.49951021701833376
4.3748	 0.49949602788331715
4.3711	 0.49947474406242093
4.3674	 0.49944465249895903
4.3638	 0.49941382718417315
4.3601	 0.49938057436506833
4.3564	 0.4993572496994094
4.3528	 0.4993323448270962
4.3491	 0.49930530124494743
4.3455	 0.49927053187664994
4.3418	 0.4992361773807562
4.3382	 0.49922528785432774
4.3346	 0.49921846693555005
4.331	 0.49920183793121436
4.3273	 0.4991731963419424
4.3237	 0.4991418145288427
4.3201	 0.4991110254856101
4.3165	 0.4990730470690189
4.3129	 0.4990419158597113
4.3094	 0.4990363154276873
4.3058	 0.4990412841126036
4.3022	 0.49903910948138125
4.2986	 0.499063104358547
4.2951	 0.49911201458519194
4.2915	 0.49919602203035474
4.288	 0.4992910573318293
4.2844	 0.49938954008388065
4.2809	 0.49947690924609783
4.2774	 0.4995498468565058
4.2738	 0.49958864310260537
4.2703	 0.49959913155334296
4.2668	 0.4995914005402747
4.2633	 0.4995532999558669
4.2598	 0.4994793408067201
4.2563	 0.4993738285156187
4.2528	 0.4992777785967228
4.2493	 0.49919979013508003
4.2458	 0.49916267282706034
4.2424	 0.49915394171264194
4.2389	 0.49920432817267096
4.2354	 0.4992753595505519
4.232	 0.4993777389976602
4.2285	 0.49948397476185646
4.2251	 0.4996116175884866
4.2216	 0.49974307714061794
4.2182	 0.4998520388226596
4.2148	 0.4999280065051286
4.2113	 0.4999735169772066
4.2079	 0.49997498421651215
4.2045	 0.49992412026602284
4.2011	 0.49986432447157336
4.1977	 0.4997908604854556
4.1943	 0.49972544424887105
4.1909	 0.49964071881678734
4.1875	 0.49956876121940885
4.1841	 0.49950426609203047
4.1808	 0.4994494049030566
4.1774	 0.4993995251944568
4.174	 0.4993891922627562
4.1707	 0.49938487240007634
4.1673	 0.499384282309023
4.164	 0.49937964949562497
4.1606	 0.49937326732661586
4.1573	 0.49938578077477896
4.154	 0.4993794180459377
4.1506	 0.4993710481656782
4.1473	 0.49936571654365147
4.144	 0.49936081976688723
4.1407	 0.49934551717968656
4.1374	 0.4993478525526239
4.1341	 0.4993386090520087
4.1308	 0.49934237818564026
4.1275	 0.4993440966152192
4.1242	 0.49934206544773124
4.1209	 0.4993469460020918
4.1177	 0.4993547048245136
4.1144	 0.49936362894141095
4.1111	 0.4993727010760286
4.1079	 0.4993797728773947
4.1046	 0.49938568733550165
4.1014	 0.49940779618280107
4.0981	 0.49941183852135523
4.0949	 0.49943183677689773
4.0917	 0.49943994156035704
4.0884	 0.4994500976928542
4.0852	 0.4994483569224161
4.082	 0.49943952249500556
4.0788	 0.49942851036926883
4.0756	 0.4994161906391703
4.0724	 0.4993966618715187
4.0692	 0.4993724583255238
4.066	 0.4993428075141771
4.0628	 0.4993025736627778
4.0596	 0.49927681342000274
4.0565	 0.49924901810343636
4.0533	 0.4992391144828569
4.0501	 0.4992336631484654
4.047	 0.4992417287905034
4.0438	 0.49924530090262637
4.0406	 0.4992495968678702
4.0375	 0.4992584195502266
4.0344	 0.49929083786837
4.0312	 0.49932151272830444
4.0281	 0.4993523619561567
4.025	 0.49937546415283507
4.0218	 0.49938692604810003
4.0187	 0.4993984254283818
4.0156	 0.4993956425866306
4.0125	 0.49939897714775894
4.0094	 0.499404801180903
4.0063	 0.4994088671009963
4.0032	 0.4993914856502513
4.0001	 0.4993689747607234
3.997	 0.49934179180034516
3.994	 0.4993192718474872
3.9909	 0.49929936777728146
3.9878	 0.49928559484855345
3.9847	 0.49928381636831465
3.9817	 0.49928027702869815
3.9786	 0.49927426280182396
3.9756	 0.4992647357818825
3.9725	 0.49927961641520924
3.9695	 0.4993027046670403
3.9665	 0.4993315024868179
3.9634	 0.4993544531700378
3.9604	 0.4993639078164677
3.9574	 0.4993513718253437
3.9544	 0.4993301944524354
3.9513	 0.49931032934497455
3.9483	 0.4992931055787918
3.9453	 0.4992714693411391
3.9423	 0.49925103180259606
3.9393	 0.4992383808002254
3.9363	 0.49921779029831564
3.9333	 0.4992081794283453
3.9304	 0.4992222237724691
3.9274	 0.4992491823179759
3.9244	 0.49927292909053284
3.9214	 0.49930299664791916
3.9185	 0.4993335482387887
3.9155	 0.4993561345790452
3.9126	 0.4993535864400334
3.9096	 0.4993386593333826
3.9067	 0.49932461877447076
3.9037	 0.4993007004814502
3.9008	 0.4992722059521736
3.8979	 0.4992464976137482
3.8949	 0.4992242962111711
3.892	 0.49919488308975557
3.8891	 0.49917239894157406
3.8862	 0.4991599227517951
3.8833	 0.4991669221632059
3.8804	 0.4991889890117621
3.8775	 0.49921593415745347
3.8746	 0.49925246939708723
3.8717	 0.4992758668001443
3.8688	 0.4992890685515105
3.8659	 0.4992959411206889
3.863	 0.49930594575858467
3.8601	 0.4993038002324926
3.8573	 0.49931006978192904
3.8544	 0.4993009809056809
3.8515	 0.49928226585852337
3.8487	 0.49925750354419474
3.8458	 0.499231819645678
3.843	 0.4992163692749282
3.8401	 0.4992136150690678
3.8373	 0.4992036903593527
3.8344	 0.4991969070855663
3.8316	 0.49918777883743587
3.8288	 0.4991817257928125
3.8259	 0.4991862117298831
3.8231	 0.499179986114983
3.8203	 0.4991810249145452
3.8175	 0.49918642341216557
3.8147	 0.4991973222526693
3.8119	 0.49919811319893076
3.8091	 0.49921078502434585
3.8063	 0.4992216897411835
3.8035	 0.49923604504582425
3.8007	 0.49924520436059155
3.7979	 0.4992566095884313
3.7951	 0.499282809848167
3.7924	 0.4992939110129562
3.7896	 0.4992797871993665
3.7868	 0.49925555858140924
3.7841	 0.4992434046655674
3.7813	 0.49922970476435574
3.7785	 0.4992133211842564
3.7758	 0.4991846850157274
3.773	 0.49915829611047424
3.7703	 0.49912544452007124
3.7676	 0.49911067941106557
3.7648	 0.4991134332824112
3.7621	 0.4991583478599025
3.7594	 0.4992026377967875
3.7566	 0.4992305234578688
3.7539	 0.4992543929590573
3.7512	 0.4992764765622424
3.7485	 0.4993030276381278
3.7458	 0.49931654896274397
3.7431	 0.4993214138159337
3.7404	 0.4993008353079612
3.7377	 0.49925996374375076
3.735	 0.49919750346972397
3.7323	 0.49913758213525417
3.7296	 0.49908851226698664
3.7269	 0.4990623584513615
3.7242	 0.4990369643067823
3.7216	 0.4990186205505497
3.7189	 0.4990020409762437
3.7162	 0.49900706954170887
3.7136	 0.4990172191919977
3.7109	 0.49903472845390545
3.7083	 0.49905404288244404
3.7056	 0.4990683998809713
3.703	 0.49907704863859276
3.7003	 0.4990728040757612
3.6977	 0.4990761121108285
3.695	 0.49908481007075806
3.6924	 0.4990965144067086
3.6898	 0.4991010274766402
3.6872	 0.4991101097651859
3.6845	 0.4991250584954
3.6819	 0.499139713508419
3.6793	 0.49916604852942126
3.6767	 0.49920220890190237
3.6741	 0.4992289705662401
3.6715	 0.49924808666958087
3.6689	 0.4992559074700147
3.6663	 0.4992662607915952
3.6637	 0.4992735933638406
3.6611	 0.4992807992919212
3.6585	 0.49928666950886136
3.656	 0.49928403224005524
3.6534	 0.49926406671882284
3.6508	 0.49923427183036384
3.6482	 0.49921538536758164
3.6457	 0.4992104365185181
3.6431	 0.49920428644096765
3.6406	 0.4991859758890169
3.638	 0.49916339193716097
3.6355	 0.4991454953933288
3.6329	 0.4991193788625406
3.6304	 0.4991133365146952
3.6278	 0.4991252237703694
3.6253	 0.49912732864240683
3.6227	 0.4991113071993529
3.6202	 0.49908786706055247
3.6177	 0.49907563696154716
3.6152	 0.49907768735994573
3.6127	 0.4990814518061681
3.6101	 0.49908023034144566
3.6076	 0.4990836929199348
3.6051	 0.4990760621161221
3.6026	 0.4990676715605913
3.6001	 0.499075441474351
3.5976	 0.4990914039835341
3.5951	 0.49910496570683177
3.5926	 0.49911736409447904
3.5901	 0.4991288252686889
3.5876	 0.49912633024685354
3.5852	 0.49911224639953716
3.5827	 0.49910453607884175
3.5802	 0.49910113099503417
3.5777	 0.499085019811081
3.5753	 0.4990821019322838
3.5728	 0.499075037464075
3.5704	 0.49906906142812757
3.5679	 0.49905000261697746
3.5654	 0.4990343218489278
3.563	 0.4990316469107965
3.5605	 0.499038630170972
3.5581	 0.4990300773867663
3.5557	 0.49901662186063456
3.5532	 0.4989940442557543
3.5508	 0.4989702382925173
3.5484	 0.4989496212824643
3.5459	 0.4989140721729094
3.5435	 0.49891177415070875
3.5411	 0.49891273641529565
3.5387	 0.4988916097370134
3.5363	 0.4988638754723377
3.5338	 0.49885565070926896
3.5314	 0.49883116957019585
3.529	 0.4988196243851089
3.5266	 0.4987823982542233
3.5242	 0.4987680132546703
3.5218	 0.4987517348455833
3.5195	 0.4987157025450331
3.5171	 0.4987030889958328
3.5147	 0.49873909787544174
3.5123	 0.49878753968548123
3.5099	 0.49883950681086997
3.5075	 0.4989083782083658
3.5052	 0.4989837896224992
3.5028	 0.49908378981754487
3.5004	 0.49916805969851247
3.4981	 0.49925965742020334
3.4957	 0.49932381001412846
3.4934	 0.49934544186827945
3.491	 0.4993424137615022
3.4887	 0.4993493656450409
3.4863	 0.49933436061596687
3.484	 0.4993111185121563
3.4816	 0.4992677936784328
3.4793	 0.4991943862617616
3.477	 0.4991221418246447
3.4746	 0.4990542212445728
3.4723	 0.499006027177402
3.47	 0.49896759149482434
3.4677	 0.4989239379143236
3.4653	 0.49886970758798277
3.463	 0.4988419728837337
3.4607	 0.49880963425284636
3.4584	 0.49880975568291974
3.4561	 0.4988182587791706
3.4538	 0.49882430093283275
3.4515	 0.4988287537024086
3.4492	 0.49881812184526
3.4469	 0.4987898640793968
3.4446	 0.49876061859154297
3.4423	 0.4987224442219628
3.44	 0.4986707587492368
3.4378	 0.4986246329262228
3.4355	 0.4985768088888351
3.4332	 0.49857048303344187
3.4309	 0.498574862635151
3.4287	 0.49859866610253806
3.4264	 0.4986673381806692
3.4241	 0.4987700486899519
3.4219	 0.49888183872313646
3.4196	 0.49900336676696666
3.4174	 0.49913303691947697
3.4151	 0.4992676735630447
3.4129	 0.4993759318301385
3.4106	 0.4994463930627351
3.4084	 0.49951187162724825
3.4061	 0.499557847084219
3.4039	 0.49957213837542985
3.4017	 0.4995759983221075
3.3994	 0.49956720477959665
3.3972	 0.4995533437862688
3.395	 0.49953223409694647
3.3928	 0.4995204483851298
3.3906	 0.49952036833639785
3.3883	 0.499532623307597
3.3861	 0.49954077294972615
3.3839	 0.4995477917200116
3.3817	 0.4995470536456819
3.3795	 0.4995543926733757
3.3773	 0.4995515972375408
3.3751	 0.49952269198736554
3.3729	 0.49946932673504923
3.3707	 0.49940961635053893
3.3685	 0.4993525694585277
3.3663	 0.499276165806035
3.3641	 0.49921321104177163
3.362	 0.49915766964230734
3.3598	 0.49913225100209835
3.3576	 0.49910447582741035
3.3554	 0.4991139602748729
3.3533	 0.4991370581311476
3.3511	 0.49917871582071616
3.3489	 0.4991946064820402
3.3468	 0.49919982859559886
3.3446	 0.499201194639852
3.3425	 0.49918750039084403
3.3403	 0.4991417984153982
3.3382	 0.4990861884186118
3.336	 0.4990149393312858
3.3339	 0.49892997540881345
3.3317	 0.49886265200349683
3.3296	 0.4988085037085424
3.3274	 0.4988071758222773
3.3253	 0.49880869309355647
3.3232	 0.49884157719119976
3.321	 0.4988866360623458
3.3189	 0.4989577456533048
3.3168	 0.4990242867456923
3.3147	 0.49911757471546647
3.3126	 0.49918946269409614
3.3104	 0.49923778879732333
3.3083	 0.4992611304677623
3.3062	 0.4992581136362175
3.3041	 0.49926040199496646
3.302	 0.49924268821077955
3.2999	 0.4992095775711835
3.2978	 0.49916760123972354
3.2957	 0.4991264271837415
3.2936	 0.49907005123424364
3.2915	 0.49903188222366446
3.2894	 0.4989987476043751
3.2874	 0.498991450698762
3.2853	 0.49896596260961334
3.2832	 0.4989496262320439
3.2811	 0.49893473379013886
3.279	 0.49892541994736045
3.277	 0.4989220423762224
3.2749	 0.4989227083375511
3.2728	 0.49893049313686916
3.2708	 0.4989391154565764
3.2687	 0.4989499669553861
3.2666	 0.4989511962465784
3.2646	 0.4989686867323258
3.2625	 0.498969539677482
3.2605	 0.49897945113299347
3.2584	 0.49898307538382114
3.2564	 0.49898861847448095
3.2543	 0.4989797648899925
3.2523	 0.4989595917203256
3.2503	 0.49894170103531443
3.2482	 0.4989376978555977
3.2462	 0.49893335091514524
3.2442	 0.4989187989368151
3.2421	 0.4989207708950026
3.2401	 0.4989081187997031
3.2381	 0.49890112416423216
3.2361	 0.4989006520043948
3.234	 0.4989144783720614
3.232	 0.49894197715852195
3.23	 0.4989600788756046
3.228	 0.49896098856628
3.226	 0.49897390392223806
3.224	 0.49898485749089083
3.222	 0.4989857730910282
3.22	 0.4989840061417824
3.218	 0.49896525424237753
3.216	 0.4989347367805451
3.214	 0.4988901647867508
3.212	 0.4988390746115582
3.21	 0.4987702194403475
3.208	 0.49872093832951464
3.206	 0.49866904268780565
3.204	 0.49863731502484626
3.2021	 0.49860364113694444
3.2001	 0.4986046387568505
3.1981	 0.498627562282684
3.1961	 0.49862552342882804
3.1942	 0.49862573464092497
3.1922	 0.4986565172362637
3.1902	 0.49871190140742383
3.1883	 0.49874469251639353
3.1863	 0.49877330586015606
3.1844	 0.4987957205732544
3.1824	 0.49880491790573483
3.1805	 0.498783264685236
3.1785	 0.49876884385362485
3.1766	 0.49878065795714155
3.1746	 0.4987967925894433
3.1727	 0.4987814162330317
3.1707	 0.49876369802463166
3.1688	 0.4987511941089768
3.1669	 0.49874201362186504
3.1649	 0.49873782452957627
3.163	 0.4987521059586374
3.1611	 0.49876832191807485
3.1591	 0.4987594237028475
3.1572	 0.49874057720173304
3.1553	 0.498702096405892
3.1534	 0.49866424126298303
3.1515	 0.4986250456892436
3.1495	 0.49859970539776904
3.1476	 0.4985574001802486
3.1457	 0.4985130831005995
3.1438	 0.4984894142653125
3.1419	 0.4984930207634831
3.14	 0.498517898979041
3.1381	 0.4985640408352186
3.1362	 0.4986221855532236
3.1343	 0.4986703688744967
3.1324	 0.4987302956614796
3.1305	 0.4988097328781659
3.1286	 0.49888717652579506
3.1268	 0.4989500338027395
3.1249	 0.4989735478985223
3.123	 0.49897539876048974
3.1211	 0.49896391094493897
3.1192	 0.49894105227520374
3.1174	 0.49891645765545567
3.1155	 0.4988760515873575
3.1136	 0.4988027525169563
3.1117	 0.4987123842701796
3.1099	 0.49863597130679
3.108	 0.49857355451887475
3.1061	 0.4985106351100007
3.1043	 0.49845573588627456
3.1024	 0.49841654919052936
3.1006	 0.49839414506640556
3.0987	 0.49839059038503636
3.0969	 0.4984088521756715
3.095	 0.4984614406405041
3.0932	 0.4985023241249505
3.0913	 0.498553753457684
3.0895	 0.4986123723500685
3.0876	 0.4986932803028999
3.0858	 0.4987600947168694
3.084	 0.4988152083410883
3.0821	 0.49883755060448476
3.0803	 0.49885926629005134
3.0785	 0.49887389096398416
3.0766	 0.4988787483413483
3.0748	 0.498887013815512
3.073	 0.49886612785908274
3.0712	 0.4988364425754885
3.0694	 0.4988136170094534
3.0675	 0.4987941112211241
3.0657	 0.49878918330130373
3.0639	 0.4987961112484045
3.0621	 0.49878296397297783
3.0603	 0.4987738582769266
3.0585	 0.49875109810509777
3.0567	 0.4987508609675188
3.0549	 0.49875770195501573
3.0531	 0.4987474700681417
3.0513	 0.49873522830491973
3.0495	 0.49872638074239073
3.0477	 0.498721026415166
3.0459	 0.49872417506510186
3.0441	 0.4987412917227509
3.0423	 0.4987577848352354
3.0406	 0.49877591806495164
3.0388	 0.4987739730124181
3.037	 0.4987760850980338
3.0352	 0.4987753944735837
3.0334	 0.4987703265463833
3.0317	 0.49873291321022295
3.0299	 0.49867287023977536
3.0281	 0.49859831339408855
3.0264	 0.4985129624780218
3.0246	 0.4984347261966999
3.0228	 0.4983632467180798
3.0211	 0.49832242459047216
3.0193	 0.49830708171082255
3.0176	 0.4982961077063042
3.0158	 0.49829412297669223
3.014	 0.49832824990069197
3.0123	 0.49839006018914894
3.0105	 0.4984854632463649
3.0088	 0.49858163788483517
3.007	 0.49868763803791044
3.0053	 0.4987947671325257
3.0036	 0.49887892471984807
3.0018	 0.49896707715221433
3.0001	 0.49907468175723896
2.9984	 0.4991702747433872
2.9966	 0.49924825057112876
2.9949	 0.4992895663022122
2.9932	 0.49930593900513437
2.9914	 0.4993153684616054
2.9897	 0.49928734760078186
2.988	 0.49924676634145965
2.9863	 0.4991978567603084
2.9845	 0.49912739505726855
2.9828	 0.49906981831373776
2.9811	 0.4990167503711877
2.9794	 0.49897992917284373
2.9777	 0.49895037596362735
2.976	 0.4989305251769764
2.9743	 0.4989220991101446
2.9726	 0.4989282528021274
2.9709	 0.4989308431645273
2.9692	 0.49892297562532795
2.9675	 0.49889971866422966
2.9658	 0.49886500051447974
2.9641	 0.49882398104987075
2.9624	 0.49880153292217494
2.9607	 0.4988056030624183
2.959	 0.49881496947564063
2.9573	 0.498830286172847
2.9556	 0.49887881360229597
2.9539	 0.4989518847124054
2.9523	 0.4990074257242996
2.9506	 0.4990836534050683
2.9489	 0.499167380393564
2.9472	 0.49925638712649817
2.9455	 0.49930025881880646
2.9439	 0.49932526611431205
2.9422	 0.49933589263766465
2.9405	 0.49933005613587017
2.9389	 0.4992947701279852
2.9372	 0.499277769560854
2.9355	 0.49928003129022847
2.9339	 0.4992530973329078
2.9322	 0.49922057542692383
2.9306	 0.4991866520666927
2.9289	 0.4991966230662285
2.9272	 0.49922387749249053
2.9256	 0.4992493621253033
2.9239	 0.4992903367326261
2.9223	 0.49934117417754526
2.9207	 0.4993680962924783
2.919	 0.4994461710811818
2.9174	 0.4995446921475587
2.9157	 0.4996266642044514
2.9141	 0.4996801560994079
2.9124	 0.4997015958093226
2.9108	 0.4997128091037276
2.9092	 0.49972260998270546
2.9075	 0.4997355953624207
2.9059	 0.4997384030969607
2.9043	 0.4997143642392261
2.9027	 0.49962469974173274
2.901	 0.4995650502092455
2.8994	 0.49951875775334725
2.8978	 0.4994971491144391
2.8962	 0.4994751794693939
2.8946	 0.4994567271950676
2.8929	 0.49941812447703343
2.8913	 0.4993674580493405
2.8897	 0.4993514181912258
2.8881	 0.49935903146198507
2.8865	 0.4993492415346563
2.8849	 0.4993292596033978
2.8833	 0.4993057715337213
2.8817	 0.4992861583248457
2.8801	 0.4992930547484026
2.8785	 0.4993191086592419
2.8769	 0.4993748921274827
2.8753	 0.4994048406295463
2.8737	 0.49941461633708867
2.8721	 0.49944072870365985
2.8705	 0.4994802481225659
2.8689	 0.49952084359397203
2.8673	 0.4995817000277076
2.8658	 0.4996394251973723
2.8642	 0.49966844753280243
2.8626	 0.49967873240471705
2.861	 0.4996896747910916
2.8594	 0.4997346657812992
2.8579	 0.49978643607574114
2.8563	 0.499834663003101
2.8547	 0.49987972193134533
2.8531	 0.4999003446701111
2.8516	 0.49991171369601783
2.85	 0.4999258821549516
2.8484	 0.4999450255218924
2.8469	 0.4999560332356763
2.8453	 0.49996420757571186
2.8437	 0.49996845785358746
2.8422	 0.4999471619959422
2.8406	 0.4999216155980963
2.8391	 0.4999304440807476
2.8375	 0.49994603221190076
2.836	 0.4999474493987861
2.8344	 0.49993680081586905
2.8329	 0.4999343272607432
2.8313	 0.499937888311627
2.8298	 0.4999336341916645
2.8282	 0.49994922622880705
2.8267	 0.4999843354194484
2.8252	 0.5000013811154703
2.8236	 0.4999974921367583
2.8221	 0.5000202074858122
2.8205	 0.5000219882830436
2.819	 0.5000248236665564
2.8175	 0.5000191184712783
2.8159	 0.5000006542702328
2.8144	 0.4999786617942371
2.8129	 0.4999389269730914
2.8114	 0.4999034467194569
2.8098	 0.4998618870396675
2.8083	 0.4998175127146625
2.8068	 0.4997827202695084
2.8053	 0.49976282430404034
2.8038	 0.49975147046941937
2.8022	 0.49977561117864305
2.8007	 0.49976882703265474
2.7992	 0.49977341918236845
2.7977	 0.49976272792105647
2.7962	 0.4997516839726373
2.7947	 0.4997619496855575
2.7932	 0.4997874939304774
2.7917	 0.49978464281274676
2.7902	 0.4997874670482944
2.7887	 0.4997675368124947
2.7872	 0.499763284493169
2.7857	 0.4998034603784857
2.7842	 0.4998272533249549
2.7827	 0.49988235352358473
2.7812	 0.49990655388870153
2.7797	 0.4999093845496179
2.7782	 0.49991115968362365
2.7767	 0.49990725702998634
2.7752	 0.4999037184348317
2.7738	 0.49993892755030284
2.7723	 0.4999442460747379
2.7708	 0.49994530538892673
2.7693	 0.4999243265904126
2.7678	 0.49989584832486234
2.7664	 0.4999100519790313
2.7649	 0.4999274548450113
2.7634	 0.49993950498102374
2.7619	 0.4999227425470599
2.7605	 0.49987183410568037
2.759	 0.49975829523255294
2.7575	 0.49962903474826925
2.7561	 0.49948188387199144
2.7546	 0.49937129560367877
2.7531	 0.49926961172584144
2.7517	 0.49916869124727403
2.7502	 0.4990944765698002
2.7488	 0.4990619688814819
2.7473	 0.4990693625297572
2.7458	 0.4991319697311176
2.7444	 0.4992523097778661
2.7429	 0.4993862883412753
2.7415	 0.4995167169188531
2.74	 0.4995715101502575
2.7386	 0.49956486826597907
2.7371	 0.4994877857271834
2.7357	 0.4993616545912994
2.7343	 0.4991398601024667
2.7328	 0.4988396175531925
2.7314	 0.4984374273241206
2.7299	 0.4979904117487982
2.7285	 0.4974850140084845
2.7271	 0.49698638401027045
2.7256	 0.4965620867228733
2.7242	 0.49623156301940996
2.7228	 0.49598861136527633
2.7213	 0.4958794244067966
2.7199	 0.4959751577273066
2.7185	 0.49628024275850724
2.7171	 0.4968060371449041
2.7156	 0.49751797055112307
2.7142	 0.49842791914233614
2.7128	 0.4994750815051827
2.7114	 0.5006351249543257
2.71	 0.501875122691294
2.7085	 0.5031416484422879
2.7071	 0.5042804867444505
2.7057	 0.5052666947627884
2.7043	 0.506065908956629
2.7029	 0.5066792819440962
2.7015	 0.5070713729140339
2.7001	 0.5072451707225377
2.6987	 0.5071606076253726
2.6973	 0.5068242691498845
2.6959	 0.5062451153142672
2.6945	 0.5055715067690347
2.6931	 0.5048865035970388
2.6917	 0.5041466901130958
2.6903	 0.5034058504606606
2.6889	 0.502695545618625
2.6875	 0.5020306177522927
2.6861	 0.5014603739905253
2.6847	 0.50100769644434
2.6833	 0.5007034204037275
2.6819	 0.5004737220265976
2.6805	 0.5002112187320841
2.6791	 0.49999058962939796
2.6778	 0.49982468215244197
2.6764	 0.49968714253906626
2.675	 0.4995579542050186
2.6736	 0.49940690304190954
2.6722	 0.49923541540871624
2.6709	 0.4990609835650547
2.6695	 0.4989061883002111
2.6681	 0.4988169848166765
2.6667	 0.49879441576405326
2.6654	 0.49877214830083627
2.664	 0.4987643038332875
2.6626	 0.49878177815707486
2.6613	 0.49880314111832086
2.6599	 0.4988581937930666
2.6585	 0.49892745388268184
2.6572	 0.4989956301010464
2.6558	 0.49905232116123976
2.6545	 0.49909855317604107
2.6531	 0.499135692453685
2.6517	 0.4991738673377732
2.6504	 0.499223389536872
2.649	 0.4992687350161219
2.6477	 0.4993328670132372
2.6463	 0.49941997882870254
2.645	 0.499506147600914
2.6436	 0.49959832919425967
2.6423	 0.4996413590637444
2.6409	 0.4996639172278006
2.6396	 0.49968576125332637
2.6382	 0.49967933291389444
2.6369	 0.49969203710226234
2.6356	 0.4997047176591889
2.6342	 0.49965226830485965
2.6329	 0.49953318262104757
2.6315	 0.49940836730414995
2.6302	 0.4993076278203654
2.6289	 0.49926990504918833
2.6275	 0.4992250621605563
2.6262	 0.4991837232950869
2.6249	 0.49915008850717274
2.6236	 0.49906112538801245
2.6222	 0.49899631591208343
2.6209	 0.49901305541307245
2.6196	 0.49908516637054706
2.6183	 0.49912956190544383
2.6169	 0.4991377269708464
2.6156	 0.4991495671165564
2.6143	 0.49913073196826063
2.613	 0.49910193034150696
2.6117	 0.49912294635207566
2.6103	 0.499185990860783
2.609	 0.4991821430405633
2.6077	 0.4991262843656314
2.6064	 0.49908966817728
2.6051	 0.49905940331242227
2.6038	 0.49902899173090504
2.6025	 0.49903016446829235
2.6012	 0.4991141159963846
2.5999	 0.4991709562987651
2.5986	 0.49917140710843166
2.5973	 0.4991991233740676
2.596	 0.49928753221252253
2.5947	 0.4993881340830651
2.5934	 0.49949810390742505
2.5921	 0.4995902471799472
2.5908	 0.49965949931713083
2.5895	 0.49962076983978987
2.5882	 0.49955127456712195
2.5869	 0.4995196190793739
2.5856	 0.4995008104450417
2.5843	 0.499406817269273
2.583	 0.4993092317704808
2.5817	 0.4991656301120433
2.5805	 0.4990055360743551
2.5792	 0.4988761473465833
2.5779	 0.498814029738343
2.5766	 0.4988322161917106
2.5753	 0.4988483253237773
2.5741	 0.4988659024425297
2.5728	 0.4989042947745401
2.5715	 0.4989807784591561
2.5702	 0.499055259079875
2.569	 0.4991886929604974
2.5677	 0.4993280201136476
2.5664	 0.49945518845851417
2.5651	 0.49951474121460443
2.5639	 0.4995016211692566
2.5626	 0.49948415075796454
2.5613	 0.4994248643970028
2.5601	 0.4993207821895638
2.5588	 0.49922389576699294
2.5575	 0.4991110487467158
2.5563	 0.4989836685488824
2.555	 0.49884180526949023
2.5538	 0.498744702538211
2.5525	 0.4987183283886137
2.5513	 0.4987207182657571
2.55	 0.49877534063267726
2.5487	 0.49887328278373133
2.5475	 0.49897836961882613
2.5462	 0.49906187475920566
2.545	 0.4991556388090129
2.5437	 0.4992451063582941
2.5425	 0.4993223700410229
2.5413	 0.49935403403923606
2.54	 0.49938288309295725
2.5388	 0.4993949938414771
2.5375	 0.4993367544729782
2.5363	 0.49929450683039567
2.535	 0.4993030741089188
2.5338	 0.49929488878398737
2.5326	 0.49927876814357613
2.5313	 0.49926621737717786
2.5301	 0.4992412319683746
2.5289	 0.4992074712798149
2.5276	 0.4991890490566859
2.5264	 0.49919609033647094
2.5252	 0.49920670994678923
2.5239	 0.4991823908748648
2.5227	 0.499182919478849
2.5215	 0.49919945366236707
2.5202	 0.4992386543231013
2.519	 0.49931576520102905
2.5178	 0.49940891892498995
2.5166	 0.4994801745586298
2.5154	 0.4995194431394311
2.5141	 0.4995842554468361
2.5129	 0.49963158331924007
2.5117	 0.4996438882427074
2.5105	 0.4996029305400534
2.5093	 0.4995195089247357
2.5081	 0.49942878497369003
2.5068	 0.49931834505461625
2.5056	 0.49922321537277026
2.5044	 0.49915351097389166
2.5032	 0.49906840420781934
2.502	 0.4989621082440774
2.5008	 0.4988988786655315
2.4996	 0.49890874742250496
2.4984	 0.4989567493068547
2.4972	 0.4990156502977873
2.496	 0.4990445395599038
2.4948	 0.49905513952905
2.4936	 0.4990783226749141
2.4924	 0.49911617454292756
2.4912	 0.499159853430286
2.49	 0.49918739317127603
2.4888	 0.4991966231172346
2.4876	 0.49917648226233896
2.4864	 0.4991210730772481
2.4852	 0.49910751623322247
2.484	 0.49912122765915523
2.4828	 0.4991437089463169
2.4816	 0.49916036697004373
2.4805	 0.4992227365626726
2.4793	 0.4992763206742531
2.4781	 0.49933872880763613
2.4769	 0.4993716706501335
2.4757	 0.49940247312751146
2.4745	 0.4994022642181602
2.4734	 0.4993857850523285
2.4722	 0.49937228843597514
2.471	 0.4993248117531644
2.4698	 0.49923231174213417
2.4686	 0.49911989210200053
2.4675	 0.49904581841416173
2.4663	 0.4989887141161075
2.4651	 0.49896920665688793
2.464	 0.498994074648963
2.4628	 0.49903955608570744
2.4616	 0.49906212372756154
2.4604	 0.499091429525631
2.4593	 0.49918216753871303
2.4581	 0.49928917561278324
2.4569	 0.49935554626877454
2.4558	 0.49939091904913574
2.4546	 0.4994144565002007
2.4535	 0.4993942390225467
2.4523	 0.49936893514630665
2.4511	 0.4993999673268709
2.45	 0.49944059993273665
2.4488	 0.4993854969373641
2.4477	 0.4993007037661347
2.4465	 0.49920539718505735
2.4454	 0.4991419719567315
2.4442	 0.49912383964302204
2.4431	 0.4991273595353306
2.4419	 0.4991336807341484
2.4408	 0.49908053229951166
2.4396	 0.4990156296975683
2.4385	 0.4989975364598532
2.4373	 0.49904030958925766
2.4362	 0.4991159966177262
2.435	 0.49922001699797675
2.4339	 0.4993032513639081
2.4327	 0.4993493037970433
2.4316	 0.49940212334763295
2.4305	 0.49948403738020336
2.4293	 0.4995099025503554
2.4282	 0.49949553339005
2.427	 0.49947749586021234
2.4259	 0.4994332524473224
2.4248	 0.4993545864293105
2.4236	 0.4992414877323793
2.4225	 0.49916053313150005
2.4214	 0.49909004479373087
2.4202	 0.49903010997192143
2.4191	 0.49900385606574077
2.418	 0.4990529517378078
2.4169	 0.4991110136375611
2.4157	 0.4991631975228654
2.4146	 0.4992205624601627
2.4135	 0.4992735017003274
2.4124	 0.4993593758908482
2.4112	 0.49939131545565907
2.4101	 0.49936248877990236
2.409	 0.49932024249844664
2.4079	 0.49928254506533026
2.4068	 0.4992455818167269
2.4056	 0.4992213736208733
2.4045	 0.49916485511607084
2.4034	 0.4991834566808212
2.4023	 0.49918997913088337
2.4012	 0.49915216498857
2.4001	 0.499152640372906
2.399	 0.49919662332232534
2.3979	 0.49923320665556437
2.3967	 0.4992525779413419
2.3956	 0.49923345296977223
2.3945	 0.4992437746469271
2.3934	 0.4992140677589092
2.3923	 0.4991807423203081
2.3912	 0.4991963917828956
2.3901	 0.49921796373136923
2.389	 0.49922070952277664
2.3879	 0.4992098608256253
2.3868	 0.4992051077162522
2.3857	 0.4991920708206752
2.3846	 0.4992288490725153
2.3835	 0.49921808198275996
2.3824	 0.4991798816623923
2.3813	 0.49913193926881266
2.3802	 0.49908103833025563
2.3791	 0.49909895880545024
2.3781	 0.4991494671179593
2.377	 0.499194622454712
2.3759	 0.4992156195000901
2.3748	 0.49920933925922983
2.3737	 0.4992425072842104
2.3726	 0.4992938852033705
2.3715	 0.4993981889002218
2.3704	 0.4994525504084596
2.3694	 0.4994758630161099
2.3683	 0.4994028127248681
2.3672	 0.499271975721848
2.3661	 0.49923150899439706
2.365	 0.4992016594841819
2.364	 0.49915574183870154
2.3629	 0.49908102107109353
2.3618	 0.49901316345206803
2.3607	 0.49902130774652237
2.3597	 0.4990096093210601
2.3586	 0.49903750114917095
2.3575	 0.4991231638210247
2.3564	 0.4992011689001629
2.3554	 0.49920007601013566
2.3543	 0.4992638870369137
2.3532	 0.4993802946255963
2.3522	 0.49945866210499684
2.3511	 0.4994569444574598
2.35	 0.4994484833800649
2.349	 0.4994330161719117
2.3479	 0.4993863193290341
2.3468	 0.4993349763803842
2.3458	 0.49933705693005037
2.3447	 0.499287867711696
2.3436	 0.49913088033403746
2.3426	 0.4989990916777529
2.3415	 0.4989376557002035
2.3405	 0.4988973825351599
2.3394	 0.49886341825949415
2.3384	 0.4988814128254627
2.3373	 0.49889023720086767
2.3363	 0.49890132426358375
2.3352	 0.4989116897974932
2.3342	 0.4990047951350844
2.3331	 0.49908480421503015
2.3321	 0.49909587313064774
2.331	 0.49912327507919535
2.33	 0.4991681983808518
2.3289	 0.49918327991732486
2.3279	 0.4991799544168146
2.3268	 0.4991889083442417
2.3258	 0.4992356384244127
2.3247	 0.49926160311795753
2.3237	 0.4992937888157166
2.3226	 0.49936674045042
2.3216	 0.4994534720545565
2.3206	 0.4995203793827463
2.3195	 0.4995911672572993
2.3185	 0.49964038149844825
2.3175	 0.49969114161332534
2.3164	 0.4997133929407636
2.3154	 0.49971563767117866
2.3144	 0.49969939336420616
2.3133	 0.4996977867984338
2.3123	 0.4996946762190314
2.3113	 0.4996337054767763
2.3102	 0.49958815165622267
2.3092	 0.4995873358465436
2.3082	 0.4995695526530825
2.3071	 0.49957029284627447
2.3061	 0.4995393206061498
2.3051	 0.49945507223098995
2.3041	 0.4993575192469425
2.303	 0.49916483641680326
2.302	 0.4990865428712318
2.301	 0.4990350092698495
2.3	 0.49889532780417667
2.299	 0.4987657314466493
2.2979	 0.4986529741898662
2.2969	 0.4985969307860945
2.2959	 0.4985956702609026
2.2949	 0.49863306084476083
2.2939	 0.4987728547858584
2.2929	 0.49889699046578817
2.2918	 0.4989284126921321
2.2908	 0.4989977793435708
2.2898	 0.4990967114091771
2.2888	 0.49915847902403937
2.2878	 0.49918603690252644
2.2868	 0.4991989625416138
2.2858	 0.499261043170946
2.2848	 0.4993223523960346
2.2838	 0.4993121602185025
2.2828	 0.4993462253991652
2.2818	 0.49939280736013303
2.2808	 0.49943471919761867
2.2798	 0.49946807356648665
2.2787	 0.49950918538176625
2.2777	 0.4995276762557766
2.2767	 0.49944013680114724
2.2757	 0.4992713736067483
2.2747	 0.49918924141092136
2.2738	 0.4991281328230657
2.2728	 0.4991012982863784
2.2718	 0.49904796192679396
2.2708	 0.4990172709471825
2.2698	 0.4990343175278529
2.2688	 0.4991085367506385
2.2678	 0.4992537202370237
2.2668	 0.4994223340425932
2.2658	 0.4995502852517586
2.2648	 0.4996002060889149
2.2638	 0.4996353412720123
2.2628	 0.499679891461245
2.2618	 0.4996578848286554
2.2609	 0.4996154481330606
2.2599	 0.4995017011803757
2.2589	 0.4993323435051937
2.2579	 0.4991597639633455
2.2569	 0.49902939481749264
2.2559	 0.498934873297231
2.255	 0.49884654695289127
2.254	 0.4987423803862627
2.253	 0.49864765062568167
2.252	 0.4986565274984687
2.251	 0.49872369019309626
2.2501	 0.4988364263751083
2.2491	 0.49895875014263275
2.2481	 0.49909698280618525
2.2471	 0.4992825633738372
2.2462	 0.49947282776636504
2.2452	 0.4996726815940193
2.2442	 0.499919840361011
2.2433	 0.5000411198068305
2.2423	 0.500141928685029
2.2413	 0.5001702966371435
2.2403	 0.5001451184930006
2.2394	 0.5000962502422391
2.2384	 0.5000095216116377
2.2374	 0.49986294053200697
2.2365	 0.4996957610175553
2.2355	 0.49948912733649475
2.2345	 0.4992746154816189
2.2336	 0.4991276589885205
2.2326	 0.4989854184447121
2.2317	 0.4989347414078607
2.2307	 0.49886014235672205
2.2297	 0.4987538349061917
2.2288	 0.49870115539326726
2.2278	 0.4987023105920119
2.2269	 0.4987983197848827
2.2259	 0.498976735945565
2.225	 0.49910618343200774
2.224	 0.4992609593972884
2.2231	 0.4993984941444353
2.2221	 0.4994601250843289
2.2211	 0.49956126310818694
2.2202	 0.49968461377598594
2.2192	 0.4997606097747817
2.2183	 0.4997748256725358
2.2173	 0.4996684896958965
2.2164	 0.49951297181084253
2.2155	 0.49936525067114607
2.2145	 0.4992205968843867
2.2136	 0.49907909836588626
2.2126	 0.4989836403498359
2.2117	 0.4989628605093536
2.2107	 0.49895948401143586
2.2098	 0.49893054041209883
2.2088	 0.4988808669431373
2.2079	 0.4989423656240043
2.207	 0.49903749371884515
2.206	 0.4991182435375412
2.2051	 0.4992835932335467
2.2041	 0.49942350966792337
2.2032	 0.4993977500666856
2.2023	 0.4993178467114778
2.2013	 0.4992618387015937
2.2004	 0.49936218621909134
2.1995	 0.4994481138855135
2.1985	 0.49946072912950656
2.1976	 0.4994414803613678
2.1967	 0.49945249817982923
2.1957	 0.49939979914847316
2.1948	 0.49941579538577646
2.1939	 0.49952258656061554
2.193	 0.4996486297131209
2.192	 0.4996740603313549
2.1911	 0.4995781700894123
2.1902	 0.4995221391667899
2.1893	 0.499504429275902
2.1883	 0.4994258833502404
2.1874	 0.49938733455596107
2.1865	 0.49931192966876503
2.1856	 0.49914044092860077
2.1846	 0.4989494707010031
2.1837	 0.4987631777656645
2.1828	 0.49866313572867743
2.1819	 0.498593530643312
2.181	 0.4985479815872023
2.18	 0.49849434598975795
2.1791	 0.4984307485292097
2.1782	 0.49832053101156626
2.1773	 0.49835685012107217
2.1764	 0.4984929732060427
2.1755	 0.49869021414150194
2.1746	 0.49885386821845923
2.1736	 0.4990079959787165
2.1727	 0.4992026656164753
2.1718	 0.49944908364121937
2.1709	 0.49970516380297375
2.17	 0.4999950913005719
2.1691	 0.5002014209648646
2.1682	 0.5002611004853018
2.1673	 0.5002659475886359
2.1664	 0.5002756188255625
2.1655	 0.5002579063552633
2.1646	 0.5001080040723525
2.1637	 0.4997949667773455
2.1628	 0.4994090531714918
2.1619	 0.49904717299875323
2.161	 0.4987918872980577
2.1601	 0.49863155940680065
2.1592	 0.49848724035235054
2.1583	 0.4982811610096893
2.1574	 0.49809931218093406
2.1565	 0.49802261899830147
2.1556	 0.4981251979643893
2.1547	 0.4982808712508828
2.1538	 0.49846443442844857
2.1529	 0.4985947039905754
2.152	 0.49868170418524127
2.1511	 0.49882250522894483
2.1502	 0.49902202282506747
2.1493	 0.49929795080838607
2.1484	 0.4994992340786481
2.1475	 0.49961456841485563
2.1466	 0.499699107797171
2.1458	 0.4998227069656758
2.1449	 0.4998796386594296
2.144	 0.4999414650404641
2.1431	 0.4998877603237371
2.1422	 0.49980306422724213
2.1413	 0.4996873953016072
2.1404	 0.4995408159308562
2.1396	 0.49944955781144196
2.1387	 0.499456055960349
2.1378	 0.49944952331913633
2.1369	 0.49949190805412047
2.136	 0.4995749819552865
2.1352	 0.499649837402469
2.1343	 0.4997816697877947
2.1334	 0.4998239856017802
2.1325	 0.49992827676905827
2.1316	 0.4999738737412235
2.1308	 0.49996079731661597
2.1299	 0.49988086993259817
2.129	 0.49976176975999564
2.1281	 0.4995904321268966
2.1273	 0.49951539751104285
2.1264	 0.4994288818365209
2.1255	 0.49935047295946283
2.1247	 0.4992783781773135
2.1238	 0.49913126457646245
2.1229	 0.49913110563233537
2.122	 0.4992633176513405
2.1212	 0.49933013740944815
2.1203	 0.49939526181460947
2.1194	 0.4993638724242107
2.1186	 0.499262315289912
2.1177	 0.4992047731205356
2.1168	 0.4991799508263805
2.116	 0.49929270128924935
2.1151	 0.4992694287050734
2.1143	 0.49911176743260266
2.1134	 0.4989460702709903
2.1125	 0.498796465377915
2.1117	 0.4987748387194297
2.1108	 0.4988431125519285
2.11	 0.49888200547423106
2.1091	 0.4989143998842923
2.1082	 0.498902428806352
2.1074	 0.49887430582753606
2.1065	 0.4989774130279238
2.1057	 0.49910180898895046
2.1048	 0.4991392982146336
2.104	 0.49915689308399414
2.1031	 0.4991055397333149
2.1023	 0.49911681718765366
2.1014	 0.4991346475573804
2.1005	 0.4991260828147967
2.0997	 0.4991786166896745
2.0988	 0.4991685607421978
2.098	 0.49911887342869005
2.0971	 0.4991334945716853
2.0963	 0.4991828138491032
2.0955	 0.49935108842877657
2.0946	 0.4994946409785909
2.0938	 0.49953750873911823
2.0929	 0.4996316683343389
2.0921	 0.49978032286827534
2.0912	 0.49982488601937203
2.0904	 0.49989261128398993
2.0895	 0.5000429920358099
2.0887	 0.5000727539041421
2.0879	 0.499958634321218
2.087	 0.4997617686902309
2.0862	 0.4703096121614951
2.0853	 0.43720378638797586
2.0845	 0.39954166108764444
2.0837	 0.356522208006745
2.0828	 0.3069911785061101
2.082	 0.24913984732576028
2.0812	 0.18096172119802412
2.0803	 0.09948381306423651
2.0795	 0.0
