0.35	 1.0
0.351	 0.8980098154989545
0.352	 0.8143023278733763
0.353	 0.7449564337105463
0.354	 0.6866895451850739
0.355	 0.6368715950891679
0.356	 0.5936965533234774
0.357	 0.5559543230016314
0.358	 0.5229723589307086
0.359	 0.49404520683001774
0.36	 0.49487425236876265
0.361	 0.4955113418501183
0.362	 0.49587850906361924
0.363	 0.49617326666096107
0.364	 0.4965781515897209
0.365	 0.4967468158041589
0.366	 0.4967318253860992
0.367	 0.496943231441048
0.368	 0.49707040866568186
0.369	 0.4971929478971732
0.37	 0.49750545105140626
0.371	 0.49796507325736267
0.372	 0.49820950075941867
0.373	 0.4980271620819315
0.374	 0.49773391450790044
0.375	 0.4980200903508066
0.376	 0.4982968188671518
0.377	 0.49827683633360453
0.378	 0.49819194015384033
0.379	 0.49797681573794944
0.38	 0.49773966682626847
0.381	 0.4976141743550183
0.382	 0.4977968359078405
0.383	 0.4983054437619148
0.384	 0.49852470572089796
0.385	 0.49839280475854625
0.386	 0.49834781468040046
0.387	 0.49833388557888875
0.388	 0.4983137806976381
0.389	 0.4982621384151954
0.39	 0.4982333303960291
0.391	 0.4980882798370651
0.392	 0.4978435177301693
0.393	 0.4976679802694912
0.394	 0.49768177383115564
0.395	 0.49774411197309437
0.396	 0.497853839809024
0.397	 0.4980195229131116
0.398	 0.4982581949204494
0.399	 0.49852415211946255
0.4	 0.498814585282675
0.401	 0.4992282518636831
0.402	 0.49961400745635387
0.403	 0.4999473753145724
0.404	 0.5003974579597555
0.405	 0.5007958107181877
0.406	 0.5010973595605158
0.407	 0.5013712867142806
0.408	 0.5016256361210896
0.409	 0.5018808593015314
0.41	 0.5020603695130857
0.411	 0.5021766187610761
0.412	 0.5022297193275009
0.413	 0.5022158081735734
0.414	 0.5021459038416847
0.415	 0.5021229358603692
0.416	 0.502140032711481
0.417	 0.5021007745627821
0.418	 0.5019893899204244
0.419	 0.5018814381438144
0.42	 0.5017615751730341
0.421	 0.5016014934785187
0.422	 0.5014105428717655
0.423	 0.5011608023265974
0.424	 0.5007739068565651
0.425	 0.500280870824387
0.426	 0.4998064894692818
0.427	 0.49934754784128865
0.428	 0.49889777744471714
0.429	 0.49856363114047686
0.43	 0.4984264162253972
0.431	 0.4984548729250037
0.432	 0.49866768176627335
0.433	 0.499161141844989
0.434	 0.4998535159293635
0.435	 0.5006074728506364
0.436	 0.5013824884792627
0.437	 0.5021940607863763
0.438	 0.502955303369668
0.439	 0.5035477311311074
0.44	 0.5039463053881051
0.441	 0.5041731354406012
0.442	 0.5041635124905375
0.443	 0.5039327618587182
0.444	 0.5036365324502492
0.445	 0.5033594382598914
0.446	 0.5030644932321917
0.447	 0.5027333855152138
0.448	 0.5024189974394326
0.449	 0.5021518862820323
0.45	 0.5019500660258576
0.451	 0.5017979872361316
0.452	 0.501756838793944
0.453	 0.50174352688831
0.454	 0.501656754720679
0.455	 0.5015485750661052
0.456	 0.5014313852628489
0.457	 0.5013174707007966
0.458	 0.5012373590785494
0.459	 0.5011604612528096
0.46	 0.501080559693292
0.461	 0.5009977238471255
0.462	 0.5008936032645493
0.463	 0.5008261439502485
0.464	 0.500786249771439
0.465	 0.5007342054434785
0.466	 0.5006852610997071
0.467	 0.500615088548391
0.468	 0.5005266907381586
0.469	 0.5004900498572462
0.47	 0.500450379170572
0.471	 0.5003985857811367
0.472	 0.5003498609682934
0.473	 0.5002707224334599
0.474	 0.5001855355285328
0.475	 0.5000760391510382
0.476	 0.49994220602639056
0.477	 0.4998387616897775
0.478	 0.4997170035237626
0.479	 0.49954041599961047
0.48	 0.49938813902942414
0.481	 0.49930281977434504
0.482	 0.4992906419538096
0.483	 0.4993576981851168
0.484	 0.49952524133565435
0.485	 0.4998265969809622
0.486	 0.5002432527761224
0.487	 0.5007262715830291
0.488	 0.5013360864812341
0.489	 0.5020358133241101
0.49	 0.5027340955660365
0.491	 0.5034064277019784
0.492	 0.5040642539191019
0.493	 0.5047340136465189
0.494	 0.5054028481718305
0.495	 0.5060221403101567
0.496	 0.5066305201854506
0.497	 0.5072575580873777
0.498	 0.5078722554414246
0.499	 0.5085419314982239
0.5	 0.5093308088278801
0.501	 0.5102340214932127
0.502	 0.5112161536070564
0.503	 0.512267844535339
0.504	 0.5134429501386649
0.505	 0.5147529451110866
0.506	 0.5161890797454651
0.507	 0.517773077710309
0.508	 0.5194903352078197
0.509	 0.5212983672556475
0.51	 0.5231917934174523
0.511	 0.5251669572655195
0.512	 0.5271830810203892
0.513	 0.5291915806408366
0.514	 0.531137083699787
0.515	 0.5329845670939053
0.516	 0.534680916976456
0.517	 0.5361554094319344
0.518	 0.5373688361135808
0.519	 0.5382737204948642
0.52	 0.5388363497883519
0.521	 0.539042384749768
0.522	 0.5388914455424877
0.523	 0.5383884925739679
0.524	 0.5375282557549477
0.525	 0.5363421638275893
0.526	 0.5348616806730239
0.527	 0.5331432170164453
0.528	 0.5312456183398767
0.529	 0.5291984873359874
0.53	 0.5270125484280179
0.531	 0.5247115535583196
0.532	 0.5223242258958497
0.533	 0.519873516995111
0.534	 0.5174256072560104
0.535	 0.5150902948933701
0.536	 0.512945314736799
0.537	 0.511035273827731
0.538	 0.5093998349060421
0.539	 0.5080814669855765
0.54	 0.5070947002188535
0.541	 0.5064402693457548
0.542	 0.5061314077584973
0.543	 0.506124794420116
0.544	 0.5062852942687442
0.545	 0.506459714014248
0.546	 0.5065104730274782
0.547	 0.5063320982172678
0.548	 0.5058661443593558
0.549	 0.5050930156849979
0.55	 0.5040223621380463
0.551	 0.5026517660801293
0.552	 0.5009722744950444
0.553	 0.49903504436442375
0.554	 0.49691353176784725
0.555	 0.4946857889105671
0.556	 0.4924449736993604
0.557	 0.4902568890084416
0.558	 0.4881548585930395
0.559	 0.48615195540534617
0.56	 0.48426267650834404
0.561	 0.4825183009015262
0.562	 0.4809368678457401
0.563	 0.47953460400839476
0.564	 0.4783411658009728
0.565	 0.4773655710658316
0.566	 0.4766083709468549
0.567	 0.4760636498917749
0.568	 0.47573896353166983
0.569	 0.47563815090100753
0.57	 0.4757406780102666
0.571	 0.47602958833995046
0.572	 0.47649493288056455
0.573	 0.4771274484001481
0.574	 0.4778891668616475
0.575	 0.47875410669232027
0.576	 0.47970976036014595
0.577	 0.4807416527180253
0.578	 0.4817896717541293
0.579	 0.482825588469278
0.58	 0.4838626083678854
0.581	 0.4848849836165077
0.582	 0.48586885996717677
0.583	 0.48680069091258027
0.584	 0.48769499406697087
0.585	 0.4885596835492127
0.586	 0.489383875177747
0.587	 0.4901833260798341
0.588	 0.4909803113081126
0.589	 0.4917412572599595
0.59	 0.4924406047516199
0.591	 0.49308691794030307
0.592	 0.49370121799652
0.593	 0.49426267097340193
0.594	 0.4947327389757326
0.595	 0.49506508081243294
0.596	 0.49524091756113975
0.597	 0.4952440897303558
0.598	 0.4950908879813832
0.599	 0.49481259552415563
0.6	 0.4943438741797476
0.601	 0.49359516124105207
0.602	 0.49252388982574485
0.603	 0.4913643195330013
0.604	 0.4903026839452399
0.605	 0.4894098558872314
0.606	 0.4886368351174177
0.607	 0.4879768021781797
0.608	 0.4874365031251961
0.609	 0.48708963288602575
0.61	 0.48709132172438663
0.611	 0.4875845665961945
0.612	 0.4884209744109638
0.613	 0.48927526032086255
0.614	 0.4899960369739619
0.615	 0.4906426458725464
0.616	 0.49130460604817155
0.617	 0.491995187357057
0.618	 0.4927090868546005
0.619	 0.4933897870436552
0.62	 0.4939495393772293
0.621	 0.4943017053770632
0.622	 0.4946315691195773
0.623	 0.49505882094003456
0.624	 0.4955840518667166
0.625	 0.49608678121875915
0.626	 0.49650860399490954
0.627	 0.49683233841600294
0.628	 0.4970323526309068
0.629	 0.4970913418757785
0.63	 0.4970225329359664
0.631	 0.4968389217179749
0.632	 0.49651725718630163
0.633	 0.49603983688833125
0.634	 0.49543385402926604
0.635	 0.4947516453844856
0.636	 0.49405157929160226
0.637	 0.4933673209854912
0.638	 0.49272980722372706
0.639	 0.4921591800093181
0.64	 0.49166766369836085
0.641	 0.49129292121350615
0.642	 0.4910843207810961
0.643	 0.4910663486681417
0.644	 0.49122705893202995
0.645	 0.4915393375997965
0.646	 0.49196704488134646
0.647	 0.49247344337785115
0.648	 0.4930268896196273
0.649	 0.4936043588574368
0.65	 0.49417674331365874
0.651	 0.49471154411159823
0.652	 0.4951759397787647
0.653	 0.49554272490052304
0.654	 0.49579344700689854
0.655	 0.49595100898721867
0.656	 0.49605649194075235
0.657	 0.4961392947223148
0.658	 0.4962229530073396
0.659	 0.4963253277974635
0.66	 0.4964673702064632
0.661	 0.49666399626941515
0.662	 0.4969482275784485
0.663	 0.4973441364401247
0.664	 0.49783975215575355
0.665	 0.4984171712932429
0.666	 0.4990493783474177
0.667	 0.4997180766831422
0.668	 0.5004108562003299
0.669	 0.5011092989230806
0.67	 0.5018099005154021
0.671	 0.5025091623350181
0.672	 0.5031855516537949
0.673	 0.503832482002569
0.674	 0.5044497464956755
0.675	 0.5050547749464157
0.676	 0.5056500196057463
0.677	 0.5062438879834049
0.678	 0.5068652658332594
0.679	 0.507548437279027
0.68	 0.5083235955584002
0.681	 0.5092462628956418
0.682	 0.5103873803079252
0.683	 0.5118458448376659
0.684	 0.5137222206250179
0.685	 0.5161034545703465
0.686	 0.5191117891346724
0.687	 0.5228369681801931
0.688	 0.5273308529695466
0.689	 0.5326072800677216
0.69	 0.5386365937761481
0.691	 0.5453335004229456
0.692	 0.5525332734547237
0.693	 0.560018708422273
0.694	 0.5675675675675674
0.695	 0.5749194237979346
0.696	 0.5818008848751889
0.697	 0.5879854021667834
0.698	 0.5932891498144377
0.699	 0.5975801756443162
0.7	 0.600794729191683
0.701	 0.6029237320355867
0.702	 0.6040273856371695
0.703	 0.6041960451957532
0.704	 0.6035538967098055
0.705	 0.6022693661571265
0.706	 0.6004994655281269
0.707	 0.5983853023423641
0.708	 0.5960589992358812
0.709	 0.5936234874254168
0.71	 0.5911445383165913
0.711	 0.5886728831364209
0.712	 0.5862537170227743
0.713	 0.5839101225909261
0.714	 0.5816415724412678
0.715	 0.5794290279675521
0.716	 0.577262265720233
0.717	 0.5751287925207467
0.718	 0.573011762412943
0.719	 0.5709028394994549
0.72	 0.568797805528922
0.721	 0.5666856956295119
0.722	 0.5645477618827873
0.723	 0.5623803205729729
0.724	 0.5601916578510434
0.725	 0.5579861207302546
0.726	 0.5557585630007924
0.727	 0.5535172960170515
0.728	 0.5512706229632769
0.729	 0.5490257574479128
0.73	 0.5467886095666017
0.731	 0.5445723974436678
0.732	 0.5423855613222985
0.733	 0.5402307719702275
0.734	 0.5381117895176689
0.735	 0.5360348751999378
0.736	 0.5340076413370494
0.737	 0.5320353114271702
0.738	 0.5301174305070202
0.739	 0.5282586035670024
0.74	 0.526460846552256
0.741	 0.5247229606219074
0.742	 0.5230522533658903
0.743	 0.5214505227570869
0.744	 0.5199196540064809
0.745	 0.5184609892938161
0.746	 0.5170762334832589
0.747	 0.5157652688379116
0.748	 0.5145278281578143
0.749	 0.5133626023554674
0.75	 0.5122684044869457
0.751	 0.511245023001467
0.752	 0.5102906260555125
0.753	 0.5094042821049662
0.754	 0.5085816155933949
0.755	 0.5078172576367744
0.756	 0.5071115511761201
0.757	 0.5064595572890607
0.758	 0.5058596127348592
0.759	 0.505312586519266
0.76	 0.5048121953376897
0.761	 0.5043535151006509
0.762	 0.5039335479673147
0.763	 0.5035505868230563
0.764	 0.5032036315847747
0.765	 0.5028893466759293
0.766	 0.5026050044897312
0.767	 0.5023485776025921
0.768	 0.5021162861185288
0.769	 0.5019043674770901
0.77	 0.5017150853356616
0.771	 0.5015477323032648
0.772	 0.501398633137692
0.773	 0.5012635320884627
0.774	 0.5011411779724614
0.775	 0.5010303401792124
0.776	 0.5009285859031363
0.777	 0.5008352914821718
0.778	 0.5007504377553573
0.779	 0.5006728112794132
0.78	 0.5005988209299225
0.781	 0.5005254820092337
0.782	 0.5004545714176917
0.783	 0.5003872699432124
0.784	 0.5003241627975309
0.785	 0.5002652450483627
0.786	 0.5002069418279386
0.787	 0.5001492482289408
0.788	 0.5000909714682558
0.789	 0.5000332958358801
0.79	 0.49997800114869684
0.791	 0.4999262729802364
0.792	 0.49987572942073255
0.793	 0.49982458331103463
0.794	 0.499773427641352
0.795	 0.49972463914644083
0.796	 0.49967881002683723
0.797	 0.49963474904761107
0.798	 0.49959185616202
0.799	 0.4995489405458414
0.8	 0.49950600295684017
0.801	 0.4994630402636461
0.802	 0.4994218359061933
0.803	 0.49938179106682135
0.804	 0.4993423137687566
0.805	 0.49930221277802744
0.806	 0.4992614845412442
0.807	 0.49922191655368064
0.808	 0.4991882797375299
0.809	 0.49915998272237194
0.81	 0.4991352423648884
0.811	 0.49911286336185384
0.812	 0.4990922511693238
0.813	 0.49907400105623617
0.814	 0.499058121550131
0.815	 0.49904581293628947
0.816	 0.4990388744484144
0.817	 0.4990355182952367
0.818	 0.49903335899071904
0.819	 0.49903119805712703
0.82	 0.49903023579825556
0.821	 0.4990322677292747
0.822	 0.49903669664276495
0.823	 0.4990453254528707
0.824	 0.4990581657628258
0.825	 0.49907402406457224
0.826	 0.499089900537415
0.827	 0.4991039878545914
0.828	 0.4991192931276028
0.829	 0.49913822115384615
0.83	 0.4991583706054922
0.831	 0.49918335634528516
0.832	 0.49921318007589083
0.833	 0.49924483569911365
0.834	 0.4992741096708334
0.835	 0.4993028077941031
0.836	 0.4993345417973995
0.837	 0.49936930674341806
0.838	 0.4994046987824041
0.839	 0.4994431333032802
0.84	 0.4994815904323295
0.841	 0.499513437446867
0.842	 0.49954289325652973
0.843	 0.4995735738851098
0.844	 0.4996054746128342
0.845	 0.4996367866356789
0.846	 0.49966751106385593
0.847	 0.49969945467317806
0.848	 0.4997308057238188
0.849	 0.4997585468382916
0.85	 0.49978991901015635
0.851	 0.49982552333942293
0.852	 0.49986113459076975
0.853	 0.4998961483098741
0.854	 0.4999311657384104
0.855	 0.4999667897258281
0.856	 0.5000012076565425
0.857	 0.500034418086765
0.858	 0.500068835092855
0.859	 0.5001026460955841
0.86	 0.5001322267344344
0.861	 0.5001593883351889
0.862	 0.5001835274458051
0.863	 0.5002058500035617
0.864	 0.5002281671777289
0.865	 0.5002498744592089
0.866	 0.5002709713084232
0.867	 0.5002914579292849
0.868	 0.500308920563973
0.869	 0.500323361414296
0.87	 0.5003371934645996
0.871	 0.5003534310556129
0.872	 0.5003714719213059
0.873	 0.500388901416807
0.874	 0.5004045146487354
0.875	 0.5004189144389861
0.876	 0.5004327032017626
0.877	 0.5004470859875297
0.878	 0.5004632680822148
0.879	 0.5004800470289485
0.88	 0.5004932077048799
0.881	 0.5005027473486852
0.882	 0.5005104755850605
0.883	 0.5005169946182004
0.884	 0.5005223075886238
0.885	 0.5005246109937287
0.886	 0.5005245062303159
0.887	 0.5005219934859061
0.888	 0.5005176749001626
0.889	 0.5005133581316168
0.89	 0.5005108492357696
0.891	 0.5005113426740999
0.892	 0.5005106356392437
0.893	 0.5005075276257197
0.894	 0.5005038222030062
0.895	 0.500500121878441
0.896	 0.5004964241851619
0.897	 0.5004927279121659
0.898	 0.5004890318848788
0.899	 0.500487135308431
0.9	 0.5004798476004022
0.901	 0.5004659664576115
0.902	 0.5004514935261944
0.903	 0.5004358309383615
0.904	 0.5004183789434313
0.905	 0.5004021330431103
0.906	 0.500388288080994
0.907	 0.5003702567592827
0.908	 0.5003486382740129
0.909	 0.500327023653513
0.91	 0.5003132032851012
0.911	 0.5003005880028263
0.912	 0.5002903715198824
0.913	 0.5002849473565746
0.914	 0.50027773321809
0.915	 0.5002603521397355
0.916	 0.5002381870019318
0.917	 0.5002172255687061
0.918	 0.5001932786887207
0.919	 0.500160958908208
0.92	 0.5001232573445821
0.921	 0.5000825684779877
0.922	 0.5000376936285802
0.923	 0.4999850423540702
0.924	 0.49993418596413974
0.925	 0.4998928994104082
0.926	 0.49985160861053
0.927	 0.4998085162402163
0.928	 0.4997666107330338
0.929	 0.4997276854701346
0.93	 0.4996887480008045
0.931	 0.4996491950643063
0.932	 0.49961262170683546
0.933	 0.49957962360144004
0.934	 0.4995436120055197
0.935	 0.49950518655545145
0.936	 0.4994673399713119
0.937	 0.4994300672772317
0.938	 0.4993981681292859
0.939	 0.49936144264795634
0.94	 0.49931868342769403
0.941	 0.4992776855220342
0.942	 0.4992372624021374
0.943	 0.4991944023570034
0.944	 0.49914608134205746
0.945	 0.49909169550173005
0.946	 0.4990414744106721
0.947	 0.4989863792456642
0.948	 0.49893003679614895
0.949	 0.49888868698999644
0.95	 0.49885208580884305
0.951	 0.4988178473138094
0.952	 0.49878840970188004
0.953	 0.49876919441906215
0.954	 0.4987674361949236
0.955	 0.4987747005527422
0.956	 0.4987850057762021
0.957	 0.49880919887827985
0.958	 0.49883280612257225
0.959	 0.49885767749515875
0.96	 0.4988916394665841
0.961	 0.4989298672890253
0.962	 0.49896936165783284
0.963	 0.49900830409101804
0.964	 0.4990466938324604
0.965	 0.49909603588713286
0.966	 0.4991442154540628
0.967	 0.4991930506565331
0.968	 0.4992461650237552
0.969	 0.49928779249646327
0.97	 0.4993258110596115
0.971	 0.4993687205908776
0.972	 0.49941409973540385
0.973	 0.49945221651901206
0.974	 0.4994848905270882
0.975	 0.49951030188734274
0.976	 0.49952964797736477
0.977	 0.49954414499835886
0.978	 0.49956352052912495
0.979	 0.4995883732779471
0.98	 0.4996101926414587
0.981	 0.4996295958397956
0.982	 0.49963623356968007
0.983	 0.49964226091104225
0.984	 0.4996549881892782
0.985	 0.49966772313669355
0.986	 0.49969202977938126
0.987	 0.49972669646020174
0.988	 0.4997595501213207
0.989	 0.49978144697928073
0.99	 0.49979664550318675
0.991	 0.49981794202640883
0.992	 0.4999823456860771
0.993	 0.500146686289762
0.994	 0.5003054843570102
0.995	 0.50045387951385
0.996	 0.5005851837793382
0.997	 0.5007042596151507
0.998	 0.5008287276021621
0.999	 0.5009653025992656
1.0	 0.5011115554361685
1.001	 0.5011115878628462
1.002	 0.500973384437029
1.003	 0.5008413243964637
1.004	 0.5007093266740837
1.005	 0.5005846902234695
1.006	 0.5004698312492413
1.007	 0.5003568454859046
1.008	 0.5002329836959951
1.009	 0.5001061502869697
1.01	 0.49997877540129654
1.011	 0.4999872650863246
1.012	 0.4999933292338443
1.013	 0.49999696781149977
1.014	 0.4999993935593579
1.015	 0.49999939355347345
1.016	 0.49999696774530034
1.017	 0.4999987871025335
1.018	 0.500001819330753
1.019	 0.5000048515074846
1.02	 0.5000078836327295
1.021	 0.5000133413219552
1.022	 0.5000212245472199
1.023	 0.5000278947470553
1.024	 0.5000382028876532
1.025	 0.5000497237301045
1.026	 0.5000545749580986
1.027	 0.5000521492779144
1.028	 0.5000479042787617
1.029	 0.5000424466748488
1.03	 0.5000345637628659
1.031	 0.5000248614730847
1.032	 0.500017584688466
1.033	 0.5000090954402738
1.034	 0.49999818094724147
1.035	 0.49999090493473997
1.036	 0.4999921176865774
1.037	 0.49999696836304947
1.038	 0.5000054568671035
1.039	 0.5000163703630947
1.04	 0.5000266775316978
1.041	 0.5000327406070836
1.042	 0.5000327406070837
1.043	 0.5000339533868504
1.044	 0.5000327409247007
1.045	 0.5000303155974962
1.046	 0.5000260713190026
1.047	 0.5000181892702708
1.048	 0.5000072756375277
1.049	 0.49999757482866164
1.05	 0.49999090570672966
1.051	 0.49998787434915565
1.052	 0.49998666175172424
1.053	 0.4999854491131234
1.054	 0.4999830237594613
1.055	 0.4999775668114921
1.056	 0.4999721096503036
1.057	 0.49996907745309777
1.058	 0.49996543883583444
1.059	 0.49996119405881034
1.06	 0.4999611939646913
1.061	 0.4999618003553173
1.062	 0.4999636193418981
1.063	 0.49996665102296467
1.064	 0.4999727143409785
1.065	 0.4999799903225924
1.066	 0.49998787279042245
1.067	 0.49999514905734055
1.068	 0.5000018191277645
1.069	 0.50000363831289
1.07	 0.49999999999999994
1.071	 0.4999969680321437
1.072	 0.4999951488455465
1.073	 0.49999514886908014
1.074	 0.49999818085017356
1.075	 0.5000024255007446
1.076	 0.5000066700380678
1.077	 0.5000097017911932
1.078	 0.5000139462064499
1.079	 0.500022435092851
1.08	 0.5000303177298084
1.081	 0.5000351685665777
1.082	 0.5000375939849624
1.083	 0.5000327433070255
1.084	 0.5000236479152848
1.085	 0.5000175841766664
1.086	 0.5000145521926517
1.087	 0.5000151582950435
1.088	 0.5000163706410137
1.089	 0.5000175828546553
1.09	 0.5000212202234793
1.091	 0.5000242513016886
1.092	 0.5000303136125096
1.093	 0.5000412262130813
1.094	 0.5000497139628334
1.095	 0.5000521389077505
1.096	 0.5000503198035708
1.097	 0.5000454693712253
1.098	 0.5000375877856672
1.099	 0.500027281291945
1.1	 0.5000175811064942
1.101	 0.5000072749317975
1.102	 0.4999915125589877
1.103	 0.499972718708055
1.104	 0.49995574293069095
1.105	 0.4999381596306068
1.106	 0.4999205749645012
1.107	 0.4999035951140306
1.108	 0.4998860067183274
1.109	 0.4998665964883345
1.11	 0.4998441519379131
1.111	 0.49982291654032285
1.112	 0.4998041025653467
1.113	 0.4997858900967195
1.114	 0.4997658528536835
1.115	 0.49974338098883864
1.116	 0.49971665337910565
1.117	 0.49968566816753035
1.118	 0.4996516347675785
1.119	 0.4996163717018286
1.12	 0.4995756254818987
1.121	 0.4995269608051503
1.122	 0.4994691538287736
1.123	 0.49940340798631366
1.124	 0.49932910213933773
1.125	 0.49924804168657505
1.126	 0.4991602116680106
1.127	 0.49906437899828937
1.128	 0.498959302014207
1.129	 0.49884679269546073
1.13	 0.49872986825962107
1.131	 0.49861033230124097
1.132	 0.49848999346233025
1.133	 0.4983700593759726
1.134	 0.498251120528572
1.135	 0.49813561207042995
1.136	 0.49802414082842994
1.137	 0.4979191555198683
1.138	 0.4978224890634437
1.139	 0.49773417786703744
1.14	 0.49765608509761
1.141	 0.4975907003366755
1.142	 0.4975405311370849
1.143	 0.49750810327896694
1.144	 0.4974959353599054
1.145	 0.49750224378889646
1.146	 0.49752584596324184
1.147	 0.4975680489305097
1.148	 0.49762703902188765
1.149	 0.4977004027543199
1.15	 0.4977875695215875
1.151	 0.49788547871720695
1.152	 0.49799106118363023
1.153	 0.49809936910475444
1.154	 0.49820791647462076
1.155	 0.49831856195710683
1.156	 0.4984306676038291
1.157	 0.4985417442058761
1.158	 0.4986530128795134
1.159	 0.4987625890674183
1.16	 0.4988673383261043
1.161	 0.49896661357334676
1.162	 0.49905852141068313
1.163	 0.4991467906972099
1.164	 0.4992289047700513
1.165	 0.49930172831610353
1.166	 0.4993646172396774
1.167	 0.4994169340354289
1.168	 0.4994580389636855
1.169	 0.49948979591836723
1.17	 0.49951281868474806
1.171	 0.4995283502768596
1.172	 0.49953700807107554
1.173	 0.499537539409277
1.174	 0.49953181293548277
1.175	 0.4995235823601517
1.176	 0.4995147229913601
1.177	 0.49950523449379847
1.178	 0.4994957410476809
1.179	 0.49948624386625295
1.18	 0.49947674032408257
1.181	 0.4994691126346179
1.182	 0.49946649714942726
1.183	 0.4994682718836218
1.184	 0.49947632026872607
1.185	 0.49948813938667047
1.186	 0.49950247507669915
1.187	 0.4995205847360204
1.188	 0.4995424688106825
1.189	 0.4995681300029126
1.19	 0.4995975675753728
1.191	 0.49962764401009196
1.192	 0.49965899028467714
1.193	 0.49968909261522737
1.194	 0.4997154361741556
1.195	 0.49974053323247847
1.196	 0.49976500983942757
1.197	 0.4997876089289709
1.198	 0.49981147205136006
1.199	 0.49983534149670805
1.2	 0.49985984415675827
1.201	 0.499886236073347
1.202	 0.49991074571328
1.203	 0.49993840073215123
1.204	 0.49996857132799966
1.205	 0.4999993714241893
1.206	 0.5000320571245388
1.207	 0.5000641133624818
1.208	 0.5000942817490647
1.209	 0.5001219331303628
1.21	 0.5001451823955975
1.211	 0.5001665428593336
1.212	 0.5001872715663948
1.213	 0.5002048531341273
1.214	 0.5002205458226359
1.215	 0.500234349181537
1.216	 0.5002456347994778
1.217	 0.5002550334558666
1.218	 0.5002637998738786
1.219	 0.5002731907549737
1.22	 0.5002832085582989
1.221	 0.5002907126415419
1.222	 0.5002957038190368
1.223	 0.500299436907953
1.224	 0.5003025410941191
1.225	 0.5003043885931473
1.226	 0.5003062341235177
1.227	 0.5003074529095084
1.228	 0.5003036531227335
1.229	 0.5002973442267544
1.23	 0.5002897838037198
1.231	 0.5002815996869163
1.232	 0.5002721651553348
1.233	 0.5002589715131336
1.234	 0.5002439002980724
1.235	 0.5002269518485918
1.236	 0.5002074987932472
1.237	 0.5001899298325233
1.238	 0.5001748722930834
1.239	 0.5001598174946884
1.24	 0.5001472720823521
1.241	 0.500135982463902
1.242	 0.5001265749812644
1.243	 0.5001190494092643
1.244	 0.5001108990593003
1.245	 0.5001040029872665
1.246	 0.5000977343180275
1.247	 0.5000883340203757
1.248	 0.5000770554059691
1.249	 0.5000626456511389
1.25	 0.500044477910766
1.251	 0.5000244314060087
1.252	 0.5000025057883711
1.253	 0.4999812064930314
1.254	 0.49995928007166707
1.255	 0.4999348465636574
1.256	 0.4999097850629124
1.257	 0.4998866009996654
1.258	 0.4998646674201851
1.259	 0.49984398320281814
1.26	 0.499824548211645
1.261	 0.4998057356852267
1.262	 0.49978503734584423
1.263	 0.4997624536345847
1.264	 0.4997411167958158
1.265	 0.499719772056196
1.266	 0.4996959114193099
1.267	 0.4996689065639274
1.268	 0.4996406374452019
1.269	 0.4996136119007535
1.27	 0.4995878309115524
1.271	 0.499563922663096
1.272	 0.4995425113054305
1.273	 0.4995210878273456
1.274	 0.4994990244159679
1.275	 0.49947883177945673
1.276	 0.4994617665863189
1.277	 0.49944657258191166
1.278	 0.49943136621649303
1.279	 0.49941426233505704
1.28	 0.49939400187582816
1.281	 0.4993693243911119
1.282	 0.4993421102286135
1.283	 0.4993136145898737
1.284	 0.4992832050989983
1.285	 0.4992502521192496
1.286	 0.4992141236092884
1.287	 0.4991748114664671
1.288	 0.49913167751334625
1.289	 0.499086607740574
1.29	 0.49904401805015
1.291	 0.4990039074081784
1.292	 0.49896627715889036
1.293	 0.49892986614172224
1.294	 0.49889340565777934
1.295	 0.49885816327949156
1.296	 0.4988235056118972
1.297	 0.49879196192972375
1.298	 0.49876352904251336
1.299	 0.4987350427350427
1.3	 0.4987033454574017
1.301	 0.49866906319794957
1.302	 0.4986328263714857
1.303	 0.4985958994935594
1.304	 0.4985576324857731
1.305	 0.4985173948836784
1.306	 0.49847581516557554
1.307	 0.49843225895902
1.308	 0.49838735133594014
1.309	 0.4983429917850092
1.31	 0.49829854375737614
1.311	 0.49825272485645566
1.312	 0.49820553400040846
1.313	 0.4981582523577436
1.314	 0.49811278309851226
1.315	 0.49806785345618226
1.316	 0.4980215346132231
1.317	 0.49797253927764756
1.318	 0.49792085263634356
1.319	 0.4978664644139098
1.32	 0.49781065400369673
1.321	 0.49775404836959597
1.322	 0.49769535442129076
1.323	 0.4976306980134959
1.324	 0.4975613466678184
1.325	 0.4974885785819374
1.326	 0.4974169036173684
1.327	 0.4973482639243625
1.328	 0.49728330875775295
1.329	 0.4972213942276539
1.33	 0.4971625408687529
1.331	 0.4971067483228232
1.332	 0.49705794005089604
1.333	 0.49701742417930345
1.334	 0.49698523508128006
1.335	 0.49695879066744786
1.336	 0.49693419861271343
1.337	 0.4969101645383168
1.338	 0.49688866652084673
1.339	 0.4968697052513415
1.34	 0.4968539668117133
1.341	 0.4968407933381889
1.342	 0.4968275865700288
1.343	 0.4968150011928095
1.344	 0.49680238389341114
1.345	 0.496791712364064
1.346	 0.49678497431948615
1.347	 0.4967808514978977
1.348	 0.49677604203282455
1.349	 0.49676919787119017
1.35	 0.49675966746860406
1.351	 0.4967474229069317
1.352	 0.4967311197664913
1.353	 0.49671141351805315
1.354	 0.4966849255361677
1.355	 0.4966475929342399
1.356	 0.49659735349716444
1.357	 0.49653548360245275
1.358	 0.49646055654975185
1.359	 0.4963711230263353
1.36	 0.49626305100106
1.361	 0.49613485786839745
1.362	 0.4959823246638858
1.363	 0.4958018955508902
1.364	 0.4955933289612856
1.365	 0.49535567073419584
1.366	 0.4950824633076109
1.367	 0.49476925430795415
1.368	 0.49441283794423113
1.369	 0.49400851573159255
1.37	 0.4935542695136973
1.371	 0.4930472839896375
1.372	 0.4924859652644621
1.373	 0.4918686538969066
1.374	 0.4911949571561796
1.375	 0.49046433623972024
1.376	 0.4896817044332068
1.377	 0.48884774103952255
1.378	 0.4879665684442188
1.379	 0.48704580503003025
1.38	 0.4860874063692551
1.381	 0.48509840944961335
1.382	 0.48408888527928207
1.383	 0.48306170950751515
1.384	 0.48202439278947146
1.385	 0.4809869040638271
1.386	 0.4799542784152039
1.387	 0.47893873044192486
1.388	 0.47794762409012703
1.389	 0.4769904190517004
1.39	 0.4760849318157598
1.391	 0.47523719682854
1.392	 0.4744547153561414
1.393	 0.4737549379456874
1.394	 0.47314241461196604
1.395	 0.4726290615608668
1.396	 0.4722279653313117
1.397	 0.471941364966264
1.398	 0.47177837168984377
1.399	 0.4717372585445892
1.4	 0.4718114365029046
1.401	 0.47200760830399957
1.402	 0.4723200902175588
1.403	 0.4727432663478454
1.404	 0.47327762296049597
1.405	 0.47390726035269837
1.406	 0.474623704988362
1.407	 0.4754182683001023
1.408	 0.4762742338961851
1.409	 0.47718896173426256
1.41	 0.4781506934994143
1.411	 0.4791446037857036
1.412	 0.48016443551899723
1.413	 0.4811949459535579
1.414	 0.4822263010825069
1.415	 0.4832529002228743
1.416	 0.48426226971654823
1.417	 0.4852526688118298
1.418	 0.486220093003831
1.419	 0.487157848833688
1.42	 0.48806605573097184
1.421	 0.4889419910736677
1.422	 0.4897819591524115
1.423	 0.49058951017747615
1.424	 0.4913622291021672
1.425	 0.4921050451495319
1.426	 0.4928177576112655
1.427	 0.49349940411204357
1.428	 0.49415210175489166
1.429	 0.4947750147086843
1.43	 0.4953673591849238
1.431	 0.4959294907501803
1.432	 0.4964607694931384
1.433	 0.4969617360062747
1.434	 0.4974319026719612
1.435	 0.4978708836202797
1.436	 0.4982814671300183
1.437	 0.49866229796889416
1.438	 0.4990141659377918
1.439	 0.4993389746479828
1.44	 0.4996397251738856
1.441	 0.499917335752499
1.442	 0.5001748752026962
1.443	 0.5004111998982599
1.444	 0.5006283683404082
1.445	 0.500826330710263
1.446	 0.5010082310628365
1.447	 0.5011772178699979
1.448	 0.5013375038622541
1.449	 0.5014922342479922
1.45	 0.5016445491018394
1.451	 0.501797588569787
1.452	 0.5019576390134766
1.453	 0.5021278121283183
1.454	 0.5023143515075414
1.455	 0.5025192574820053
1.456	 0.5027455547660392
1.457	 0.5029941377051382
1.458	 0.5032658769849507
1.459	 0.5035584841422891
1.46	 0.5038717392304186
1.461	 0.5042023120542806
1.462	 0.5045478598184189
1.463	 0.504901970977005
1.464	 0.5052602746548139
1.465	 0.50562051337266
1.466	 0.5059763342946149
1.467	 0.506322488109271
1.468	 0.5066568275391424
1.469	 0.5069752662491416
1.47	 0.5072737234186091
1.471	 0.5075503082091256
1.472	 0.5078040532301464
1.473	 0.5080362334549624
1.474	 0.508243999773805
1.475	 0.5084265365445161
1.476	 0.5085851290076642
1.477	 0.508720081582052
1.478	 0.508831605670401
1.479	 0.5089210361706563
1.48	 0.5089915743565998
1.481	 0.5090454867211269
1.482	 0.509081942798987
1.483	 0.5091051110780482
1.484	 0.5091171536690985
1.485	 0.5091182249829452
1.486	 0.5091094646252997
1.487	 0.5090939261912021
1.488	 0.5090735710014861
1.489	 0.5090494963775195
1.49	 0.5090217082169791
1.491	 0.5089912493414659
1.492	 0.5089581485608594
1.493	 0.5089205796488419
1.494	 0.508880471618054
1.495	 0.5088388052425329
1.496	 0.5087937938031454
1.497	 0.5087463855410471
1.498	 0.5086947163733793
1.499	 0.5086398020750318
1.5	 0.5085834537252705
1.501	 0.5085230090023248
1.502	 0.5084594069263911
1.503	 0.5083945320622969
1.504	 0.5083256824441637
1.505	 0.5082564584839573
1.506	 0.5081896154700563
1.507	 0.5081242124212421
1.508	 0.508060232835221
1.509	 0.5079932891427917
1.51	 0.5079215652713444
1.511	 0.5078487132091567
1.512	 0.5077729663071056
1.513	 0.5076978241900327
1.514	 0.5076224639480437
1.515	 0.5075398588065095
1.516	 0.5074509295938354
1.517	 0.5073548661847199
1.518	 0.5072542962801827
1.519	 0.5071553882754707
1.52	 0.5070555358486974
1.521	 0.5069555884555522
1.522	 0.5068547131207487
1.523	 0.5067494285380871
1.524	 0.5066448963943843
1.525	 0.5065437183888132
1.526	 0.5064466755312358
1.527	 0.5063529100097816
1.528	 0.5062589776946635
1.529	 0.5061648499635871
1.53	 0.5060722262020142
1.531	 0.5059810664021119
1.532	 0.5058930494559875
1.533	 0.5058081446237216
1.534	 0.5057246140873761
1.535	 0.5056408137698494
1.536	 0.5055575224769246
1.537	 0.5054755874874989
1.538	 0.5053958292994938
1.539	 0.505317392165929
1.54	 0.5052394457178923
1.541	 0.5051619629601612
1.542	 0.5050841227016418
1.543	 0.5050067313267101
1.544	 0.504928145513508
1.545	 0.5048508369671788
1.546	 0.5047747444107403
1.547	 0.5047006762148222
1.548	 0.5046278122921702
1.549	 0.5045561405894811
1.55	 0.5044848629813753
1.551	 0.5044139568800294
1.552	 0.5043418323305462
1.553	 0.5042700690027716
1.554	 0.5042002645027092
1.555	 0.5041292253656535
1.556	 0.5040561185720799
1.557	 0.5039833256137101
1.558	 0.5039100621910381
1.559	 0.5038379052249964
1.56	 0.5037692356606893
1.561	 0.5037040211685563
1.562	 0.5036446371767257
1.563	 0.5035863055671617
1.564	 0.5035313602809285
1.565	 0.5034821787881418
1.566	 0.503434016144131
1.567	 0.5033876138450716
1.568	 0.5033445446829912
1.569	 0.5033024331900815
1.57	 0.5032604844954558
1.571	 0.5032179081952944
1.572	 0.5031762585035077
1.573	 0.5031378874732784
1.574	 0.50309886743959
1.575	 0.5030630793409979
1.576	 0.503033640742262
1.577	 0.5030074008008341
1.578	 0.5029843473078798
1.579	 0.502964477422695
1.58	 0.5029470095632667
1.581	 0.5029303972659933
1.582	 0.5029146188135787
1.583	 0.5029019716745349
1.584	 0.5028916876884837
1.585	 0.5028806622367731
1.586	 0.5028681335069639
1.587	 0.5028518161323415
1.588	 0.5028355358526165
1.589	 0.5028200629745114
1.59	 0.5028069251772311
1.591	 0.5027968916970765
1.592	 0.5027861384838337
1.593	 0.5027708500171605
1.594	 0.5027525731568883
1.595	 0.5027313172270091
1.596	 0.5027101239283037
1.597	 0.5026882618640439
1.598	 0.5026626734151404
1.599	 0.5026341235704045
1.6	 0.5026018601369591
1.601	 0.5025659020132461
1.602	 0.50253004093091
1.603	 0.5024935397396576
1.604	 0.5024563985487795
1.605	 0.5024201165693247
1.606	 0.502381672634017
1.607	 0.5023448412740179
1.608	 0.5023073664476471
1.609	 0.5022662532380407
1.61	 0.5022259875992473
1.611	 0.5021858267339046
1.612	 0.5021457557146556
1.613	 0.5021080260530782
1.614	 0.5020703980155261
1.615	 0.5020313701483401
1.616	 0.5019909500912301
1.617	 0.5019483907514796
1.618	 0.5019059322980672
1.619	 0.5018650718045202
1.62	 0.5018220652849711
1.621	 0.5017798883761027
1.622	 0.5017363070872223
1.623	 0.5016905831992544
1.624	 0.5016464299169665
1.625	 0.5016038421060433
1.626	 0.501563557771645
1.627	 0.5015255705159997
1.628	 0.5014869195465562
1.629	 0.5014476081196177
1.63	 0.5014061569427798
1.631	 0.501361822301391
1.632	 0.5013160827825666
1.633	 0.5012704136738415
1.634	 0.50122186286525
1.635	 0.5011726379563227
1.636	 0.5011220028967271
1.637	 0.5010699573931625
1.638	 0.5010187137120043
1.639	 0.5009690050812066
1.64	 0.5009215634069456
1.641	 0.5008756464417582
1.642	 0.5008283122568165
1.643	 0.5007795566592949
1.644	 0.5007279153708402
1.645	 0.5006704470185301
1.646	 0.5006078866687811
1.647	 0.5005409658699714
1.648	 0.5004689488354069
1.649	 0.5003910990838155
1.65	 0.500308878835857
1.651	 0.5002244830287896
1.652	 0.5001401080078696
1.653	 0.5000564803499727
1.654	 0.49997799528218845
1.655	 0.4999053798522165
1.656	 0.4998400957664988
1.657	 0.49978140569342816
1.658	 0.49973077380157666
1.659	 0.499688931538527
1.66	 0.4996529433776755
1.661	 0.4996198745439228
1.662	 0.4995897241684026
1.663	 0.49956029016444703
1.664	 0.4995286343612335
1.665	 0.4994932834352152
1.666	 0.49945202984013376
1.667	 0.49940413125864225
1.668	 0.499348109517601
1.669	 0.49928321788852903
1.67	 0.4992109122090193
1.671	 0.4991311768470768
1.672	 0.4990447341152089
1.673	 0.4989530414807616
1.674	 0.49885829277203564
1.675	 0.4987619457496419
1.676	 0.4986632455189601
1.677	 0.4985651326496135
1.678	 0.4984698148276641
1.679	 0.4983772828461736
1.68	 0.49829049848266027
1.681	 0.4982109443758274
1.682	 0.4981386336757063
1.683	 0.4980743251250208
1.684	 0.49801803778328574
1.685	 0.49797425501392284
1.686	 0.4979429916962486
1.687	 0.49792205592396077
1.688	 0.4979137236241431
1.689	 0.49791652404777703
1.69	 0.4979275174742373
1.691	 0.49794523304500515
1.692	 0.49796894416423876
1.693	 0.4979949298449392
1.694	 0.49801870130801573
1.695	 0.4980365356892911
1.696	 0.4980506603808883
1.697	 0.49805881084190096
1.698	 0.4980594967733231
1.699	 0.4980534356298542
1.7	 0.4980406111491478
1.701	 0.4980225097296728
1.702	 0.49800062861018485
1.703	 0.497981740850107
1.704	 0.4979665796061491
1.705	 0.4979528893203532
1.706	 0.4979399220625221
1.707	 0.49792690255385075
1.708	 0.4979153664466934
1.709	 0.4979091014959187
1.71	 0.49790660079194965
1.711	 0.4979094013313174
1.712	 0.4979122002104478
1.713	 0.49791046406817624
1.714	 0.49790796885417443
1.715	 0.4979069894695883
1.716	 0.4979113486937182
1.717	 0.4979225631414439
1.718	 0.4979360912051124
1.719	 0.4979511915418599
1.72	 0.49796862122645824
1.721	 0.49798917069519866
1.722	 0.49801818712654716
1.723	 0.4980549211336681
1.724	 0.49810016319307304
1.725	 0.4981531668859988
1.726	 0.49820858865608125
1.727	 0.49827026778249095
1.728	 0.4983335866343056
1.729	 0.4983962443853192
1.73	 0.498453606662711
1.731	 0.4984995100911984
1.732	 0.49853316915499457
1.733	 0.4985522380243902
1.734	 0.49855206032799415
1.735	 0.4985333715797947
1.736	 0.4984938039167271
1.737	 0.49843332803130563
1.738	 0.4983557409983001
1.739	 0.4982641009898877
1.74	 0.498167653513184
1.741	 0.49806869079848093
1.742	 0.4979672055935558
1.743	 0.49786549517099304
1.744	 0.49776820023008894
1.745	 0.49767454870083966
1.746	 0.49758997354336876
1.747	 0.4975160781590799
1.748	 0.4974528714997437
1.749	 0.4973964833025508
1.75	 0.4973469706433479
1.751	 0.49730434415607766
1.752	 0.497270991769161
1.753	 0.49724850833593104
1.754	 0.4972377336714229
1.755	 0.49723870522118613
1.756	 0.4972491077868872
1.757	 0.49726822377125135
1.758	 0.4972984379601357
1.759	 0.49733976728678325
1.76	 0.49739307998447213
1.761	 0.4974576070387717
1.762	 0.4975294372492873
1.763	 0.4976070042605453
1.764	 0.49768556655303087
1.765	 0.49776591763862726
1.766	 0.4978488463436735
1.767	 0.49793198748391815
1.768	 0.49801374403288645
1.769	 0.4980932941545188
1.77	 0.4981666669320211
1.771	 0.4982346286825039
1.772	 0.4983003555541383
1.773	 0.49836623205886676
1.774	 0.49843143578306076
1.775	 0.49849756783309507
1.776	 0.4985654253933292
1.777	 0.49863420750450205
1.778	 0.4987063109941963
1.779	 0.4987825240573567
1.78	 0.49886365274381017
1.781	 0.4989496925988178
1.782	 0.4990382426770194
1.783	 0.4991276962843709
1.784	 0.49921883772035347
1.785	 0.4993068480842051
1.786	 0.4993917196838869
1.787	 0.49947263903626987
1.788	 0.4995487958791094
1.789	 0.4996209809526868
1.79	 0.499685973538251
1.791	 0.49974617495293
1.792	 0.4998023817021523
1.793	 0.49985458740582334
1.794	 0.4999059997846832
1.795	 0.499956614100096
1.796	 0.5000048207020228
1.797	 0.5000522238523205
1.798	 0.5000972142103073
1.799	 0.5001430026704543
1.8	 0.5001863753213367
1.801	 0.5002257242051856
1.802	 0.5002562310738411
1.803	 0.5002778973610996
1.804	 0.500293131722956
1.805	 0.5003019381861866
1.806	 0.5003051218720993
1.807	 0.5003026833642975
1.808	 0.5002906136604477
1.809	 0.5002697148728487
1.81	 0.5002432035445111
1.811	 0.5002158939695758
1.812	 0.5001885917253976
1.813	 0.5001604935497642
1.814	 0.5001332010951377
1.815	 0.5001051109602648
1.816	 0.5000714089712133
1.817	 0.5000353025751624
1.818	 0.5000024069898987
1.819	 0.499967103943515
1.82	 0.4999293909973521
1.821	 0.4998876620875594
1.822	 0.49923431798059204
1.823	 0.4985720101109729
1.824	 0.49789582903691476
1.825	 0.49721049846408016
1.826	 0.4965191105596404
1.827	 0.49581346583545427
1.828	 0.49509506849403867
1.829	 0.4943653743163634
1.83	 0.4936217316250931
1.831	 0.49348419262203125
1.832	 0.4939398332375022
1.833	 0.4943860376243989
1.834	 0.49482367134358946
1.835	 0.49524617523883774
1.836	 0.4956551849767045
1.837	 0.4960514804070544
1.838	 0.4964243392155796
1.839	 0.4967762078689272
1.84	 0.4971136649665496
1.841	 0.4968081684358533
1.842	 0.49648318804483177
1.843	 0.4961368323022684
1.844	 0.49576468118918765
1.845	 0.49536297623994696
1.846	 0.4949271302791876
1.847	 0.49446256364532254
1.848	 0.49396863691194204
1.849	 0.49343377512448533
1.85	 0.4928530762772138
1.851	 0.4922264514182871
1.852	 0.49154349496996946
1.853	 0.49080472914273615
1.854	 0.4900114125908637
1.855	 0.48916620199224853
1.856	 0.48826742422801533
1.857	 0.48730554281186134
1.858	 0.4862808340526053
1.859	 0.4851959838383412
1.86	 0.4840393829044804
1.861	 0.4828078647563898
1.862	 0.48149935245939873
1.863	 0.4801138983050847
1.864	 0.47864564626433276
1.865	 0.4770887950621372
1.866	 0.4754506412256847
1.867	 0.47372757300502966
1.868	 0.47192333015203813
1.869	 0.47004883404869585
1.87	 0.46811760659044666
1.871	 0.4661476637979748
1.872	 0.4641467626186508
1.873	 0.46212147297168654
1.874	 0.46008460824981856
1.875	 0.45804806687565314
1.876	 0.4560169343835144
1.877	 0.4540088294395404
1.878	 0.4520383164722056
1.879	 0.45011362819775796
1.88	 0.44824963865798373
1.881	 0.44645646094999397
1.882	 0.4447620480417231
1.883	 0.4431794608973655
1.884	 0.44173882664137953
1.885	 0.44047789237210244
1.886	 0.439427111364242
1.887	 0.4386156356147529
1.888	 0.43806691205468645
1.889	 0.4377941580698182
1.89	 0.4378117027878008
1.891	 0.43812895024893195
1.892	 0.4387689915566297
1.893	 0.43972565547115555
1.894	 0.44098931671840413
1.895	 0.4425360886028509
1.896	 0.4443401961043423
1.897	 0.44637582329290154
1.898	 0.4486132081325363
1.899	 0.4510350794510526
1.9	 0.45360772995357007
1.901	 0.45629121661591054
1.902	 0.4590283918235115
1.903	 0.4617996027400364
1.904	 0.46456164567397107
1.905	 0.4672816866898206
1.906	 0.46994029439003726
1.907	 0.47251576767954806
1.908	 0.47498154326540976
1.909	 0.4773140411656816
1.91	 0.47950401527119535
1.911	 0.48155815921801615
1.912	 0.4834719208692343
1.913	 0.4852530779753762
1.914	 0.48692323328138765
1.915	 0.4884814992996513
1.916	 0.489924244692637
1.917	 0.49126160216129844
1.918	 0.49250636861683555
1.919	 0.4936680948942665
1.92	 0.49476358087840067
1.921	 0.4957862361966655
1.922	 0.49675150892736697
1.923	 0.4976469357874922
1.924	 0.49847777729314785
1.925	 0.49926462565736357
1.926	 0.5000174614538407
1.927	 0.5007420534802308
1.928	 0.5014486177045518
1.929	 0.5021409074657063
1.93	 0.5028096495125585
1.931	 0.5034501661996833
1.932	 0.5040642635884559
1.933	 0.5046561557979657
1.934	 0.505212572517101
1.935	 0.5057397766304464
1.936	 0.5062483026773513
1.937	 0.5067250883635332
1.938	 0.5071658304386981
1.939	 0.5075790292856257
1.94	 0.5079711504032465
1.941	 0.5083572678914362
1.942	 0.5087371652376416
1.943	 0.5091213622134281
1.944	 0.5095035937959733
1.945	 0.509867057468858
1.946	 0.5102074010434696
1.947	 0.5105291576673866
1.948	 0.5108326095049014
1.949	 0.5111135821688474
1.95	 0.5113662456946039
1.951	 0.5115908840421753
1.952	 0.5117896832652729
1.953	 0.511970720265297
1.954	 0.5121425064193893
1.955	 0.5123153695812374
1.956	 0.5124812701246533
1.957	 0.5126365957716769
1.958	 0.51278743624034
1.959	 0.5129318126515907
1.96	 0.5130738986650841
1.961	 0.5132137030995105
1.962	 0.5133453882294758
1.963	 0.513457318221474
1.964	 0.5135536008501822
1.965	 0.5136363117892409
1.966	 0.5137260833396354
1.967	 0.5138250147594677
1.968	 0.5139273734869476
1.969	 0.5140384994366753
1.97	 0.5141529315202201
1.971	 0.5142580903680231
1.972	 0.5143684252849194
1.973	 0.5144892248428244
1.974	 0.5146114101961918
1.975	 0.5147261147412019
1.976	 0.5148203699735734
1.977	 0.5148965478066999
1.978	 0.514951737281406
1.979	 0.51498428246653
1.98	 0.5150085269776834
1.981	 0.5150253426984599
1.982	 0.5150124069478909
1.983	 0.5149750244958649
1.984	 0.5149189936618542
1.985	 0.5148516192378663
1.986	 0.5147712699892627
1.987	 0.5146881180001807
1.988	 0.5146058370120992
1.989	 0.5145177987319458
1.99	 0.5144189350046364
1.991	 0.5143259731003864
1.992	 0.514240948659771
1.993	 0.5141554105376114
1.994	 0.5140710171757688
1.995	 0.5139892994803152
1.996	 0.5139023971623091
1.997	 0.5138008205893324
1.998	 0.5136895648702093
1.999	 0.5135719936337798
2.0	 0.5134450906602805
2.001	 0.5133147718484146
2.002	 0.5131829987321673
2.003	 0.513045314982444
2.004	 0.5128988345215508
2.005	 0.5127465535524921
2.006	 0.5125947317967239
2.007	 0.5124478838597438
2.008	 0.5123043907796909
2.009	 0.5121583932565247
2.01	 0.5120027667995873
2.011	 0.5118328224017511
2.012	 0.5116547386175957
2.013	 0.5114773499054119
2.014	 0.5113007547377858
2.015	 0.5111204837027642
2.016	 0.5109323408612418
2.017	 0.5107321333963372
2.018	 0.51052137783139
2.019	 0.5103073606965669
2.02	 0.510097353192404
2.021	 0.5098868902567859
2.022	 0.5096731828054756
2.023	 0.509451949097578
2.024	 0.5092274355360713
2.025	 0.5089996336874355
2.026	 0.5087713961784144
2.027	 0.5085495404880334
2.028	 0.5083298545502483
2.029	 0.5081108750875963
2.03	 0.5078925898336348
2.031	 0.50767222033322
2.032	 0.5074524863316844
2.033	 0.5072293294178409
2.034	 0.5070040096101214
2.035	 0.5067804677352996
2.036	 0.5065599974253486
2.037	 0.5063424211945473
2.038	 0.5061330131412182
2.039	 0.505934303441337
2.04	 0.5057501480354435
2.041	 0.5055830624587728
2.042	 0.5054381295477433
2.043	 0.5053165678600814
2.044	 0.5052155424216747
2.045	 0.5051335241446314
2.046	 0.5050703826763235
2.047	 0.5050220310395774
2.048	 0.5049857382572229
2.049	 0.5049626660624482
2.05	 0.5049513957477778
2.051	 0.504951830543119
2.052	 0.5049625157909996
2.053	 0.5049898343266501
2.054	 0.5050285782052836
2.055	 0.5050722568262569
2.056	 0.5051259207529827
2.057	 0.5051933078834772
2.058	 0.5052680020964628
2.059	 0.5053460860425186
2.06	 0.505423727950592
2.061	 0.5054958733319954
2.062	 0.505557456623956
2.063	 0.5056097079815673
2.064	 0.5056615296097874
2.065	 0.5057067824221534
2.066	 0.5057354603693003
2.067	 0.5057463485307646
2.068	 0.5057384736585427
2.069	 0.505720595391084
2.07	 0.505698991659405
2.071	 0.505676228897346
2.072	 0.5056547936241985
2.073	 0.5056260077354515
2.074	 0.5055886184639072
2.075	 0.5055538596370297
2.076	 0.505525465777483
2.077	 0.5055069750115188
2.078	 0.5054984826290988
2.079	 0.5054888746281986
2.08	 0.5054708537648337
2.081	 0.5054408960046647
2.082	 0.5054038459673587
2.083	 0.5053658088146352
2.084	 0.5053255437800255
2.085	 0.5052830388675554
2.086	 0.5052395227574866
2.087	 0.5051877547397486
2.088	 0.5051338585693185
2.089	 0.5050802592568702
2.09	 0.505032925009179
2.091	 0.5049930879578186
2.092	 0.5049558791401895
2.093	 0.5049224075004504
2.094	 0.5048902849492759
2.095	 0.504857142182657
2.096	 0.5048241511496676
2.097	 0.5047924975543683
2.098	 0.5047645200508841
2.099	 0.5047413570963405
2.1	 0.5047229366378303
2.101	 0.5047081418766759
2.102	 0.5046900076167494
2.103	 0.5046673347019531
2.104	 0.5046413188771721
2.105	 0.5046154416346423
2.106	 0.5045965530476442
2.107	 0.5045788982949143
2.108	 0.5045567427352436
2.109	 0.5045289500976157
2.11	 0.5044932343253262
2.111	 0.5044588030428009
2.112	 0.5044314176648317
2.113	 0.5044098676925535
2.114	 0.5043896035226226
2.115	 0.5043615564181086
2.116	 0.5043233752989568
2.117	 0.5042842016238926
2.118	 0.5042452392431681
2.119	 0.5042098460231305
2.12	 0.5041712914083579
2.121	 0.5041228127470478
2.122	 0.5040622252404392
2.123	 0.503985110280911
2.124	 0.503899393626918
2.125	 0.5038152048616164
2.126	 0.5037235706942023
2.127	 0.5036244660384854
2.128	 0.5035179642386733
2.129	 0.5034029351149965
2.13	 0.5032872218419111
2.131	 0.5031752549859606
2.132	 0.5030725439599905
2.133	 0.5029779828539039
2.134	 0.5028848939478043
2.135	 0.5027921237370279
2.136	 0.5027018916551376
2.137	 0.5026130464970189
2.138	 0.5025310853390818
2.139	 0.5024537677598454
2.14	 0.5023810622592292
2.141	 0.5023074660027487
2.142	 0.5022318539852029
2.143	 0.5021575386746203
2.144	 0.5020801765741463
2.145	 0.5020019253489696
2.146	 0.5019260535359806
2.147	 0.5018492667378848
2.148	 0.5017715439611417
2.149	 0.5016885332449071
2.15	 0.5016002302238578
2.151	 0.5015077435267254
2.152	 0.5014110576399625
2.153	 0.5013166886477499
2.154	 0.5012311734867008
2.155	 0.501151214591183
2.156	 0.5010724507292014
2.157	 0.5009937939468717
2.158	 0.500917395335506
2.159	 0.5008519292670804
2.16	 0.500796292358631
2.161	 0.5007558915073366
2.162	 0.5007274548620222
2.163	 0.5006979667923874
2.164	 0.5006728395998068
2.165	 0.5006585560292538
2.166	 0.5006572749618304
2.167	 0.5006765577607128
2.168	 0.5007098891014709
2.169	 0.5007529208135006
2.17	 0.5008024015814448
2.171	 0.5008572324256544
2.172	 0.5009238788648933
2.173	 0.5010012723828122
2.174	 0.5010850717874857
2.175	 0.5011644647239496
2.176	 0.5012308442448052
2.177	 0.5012863504523253
2.178	 0.5013385293851386
2.179	 0.5013820099573656
2.18	 0.5014254093207128
2.181	 0.5014612017577461
2.182	 0.5014829328303477
2.183	 0.5014938911673416
2.184	 0.5014973082822416
2.185	 0.5014974977296003
2.186	 0.5014966558592736
2.187	 0.5014819103991078
2.188	 0.5014543201990822
2.189	 0.5014139362700362
2.19	 0.5013532726930127
2.191	 0.5012851929929695
2.192	 0.5012150460348428
2.193	 0.5011449916504344
2.194	 0.5010707461882719
2.195	 0.5009912411877804
2.196	 0.5009107662608614
2.197	 0.5008303981214645
2.198	 0.5007458434432999
2.199	 0.5006677646737553
2.2	 0.5005929578786612
2.201	 0.5005118078332188
2.202	 0.5004179104477612
2.203	 0.50031339675176
2.204	 0.5002003888396207
2.205	 0.5000767426987849
2.206	 0.49995203530201776
2.207	 0.4998294490351079
2.208	 0.49970896949616544
2.209	 0.49958418983120234
2.21	 0.49946042321587764
2.211	 0.49935046512669656
2.212	 0.499252172540117
2.213	 0.49916660797708756
2.214	 0.49909163686822866
2.215	 0.4990176229893305
2.216	 0.49893709072651715
2.217	 0.4988510857506845
2.218	 0.49875102121125275
2.219	 0.49863363128802446
2.22	 0.4984902670407092
2.221	 0.49831123074417294
2.222	 0.49809637184560773
2.223	 0.49785309133378847
2.224	 0.4975855688580289
2.225	 0.49729787874876297
2.226	 0.49698228140387457
2.227	 0.496646162606115
2.228	 0.4962925044440268
2.229	 0.49593193426196136
2.23	 0.4955783470103732
2.231	 0.4952349526534476
2.232	 0.4949015991230054
2.233	 0.49457947917665623
2.234	 0.4942741630755051
2.235	 0.4940054418373534
2.236	 0.49378441826279645
2.237	 0.4936171335706887
2.238	 0.4935094421140107
2.239	 0.4934563332044413
2.24	 0.4934549755475228
2.241	 0.4935092327195948
2.242	 0.49362502364605476
2.243	 0.4937905864978997
2.244	 0.4939996914318679
2.245	 0.4942302304994341
2.246	 0.49446876565311243
2.247	 0.49469513636414797
2.248	 0.49490129723632265
2.249	 0.49508825318161365
2.25	 0.4952501784156688
2.251	 0.49537100098982034
2.252	 0.4954539147287704
2.253	 0.49549171734116165
2.254	 0.49548418035875363
2.255	 0.49544355290763786
2.256	 0.4953810252977692
2.257	 0.4953102535953957
2.258	 0.49523224402074617
2.259	 0.495142340713963
2.26	 0.4950509000778458
2.261	 0.49496359251389876
2.262	 0.49488287310499335
2.263	 0.49482617192492434
2.264	 0.4947960324112881
2.265	 0.4947938417318555
2.266	 0.4948186104572199
2.267	 0.49486827559069874
2.268	 0.49494880754311404
2.269	 0.4950591421739774
2.27	 0.49519244358599895
2.271	 0.495341636893103
2.272	 0.49550693286995995
2.273	 0.4956849389686483
2.274	 0.4958578281354533
2.275	 0.4960220143720772
2.276	 0.49617502987142204
2.277	 0.4963048608958925
2.278	 0.49641740940856816
2.279	 0.49653178776119195
2.28	 0.4966371283063052
2.281	 0.49673204181452
2.282	 0.4967936174861288
2.283	 0.4968084569279925
2.284	 0.49679921611490563
2.285	 0.4967670075653469
2.286	 0.4967165620473201
2.287	 0.4966489199657639
2.288	 0.49653727873695425
2.289	 0.4963779802541113
2.29	 0.49617308210809613
2.291	 0.4959503679824828
2.292	 0.4957389513701884
2.293	 0.49553006889211143
2.294	 0.49531891997652133
2.295	 0.49510547427280455
2.296	 0.4948810488325845
2.297	 0.4946603195689877
2.298	 0.49446900200432425
2.299	 0.4943150092649784
2.3	 0.49419962213973895
2.301	 0.4941109318774042
2.302	 0.49405195677315855
2.303	 0.4940363279234456
2.304	 0.4940606599599797
2.305	 0.49414677622058994
2.306	 0.49431521695500336
2.307	 0.49453996983408743
2.308	 0.4948112922401113
2.309	 0.4951068715774598
2.31	 0.4954278967819573
2.311	 0.4957643108046163
2.312	 0.49610104310414804
2.313	 0.49644175582390954
2.314	 0.49676206179690935
2.315	 0.4970210792408211
2.316	 0.4972186498458775
2.317	 0.4973658257408136
2.318	 0.49746877214344737
2.319	 0.49753242928303437
2.32	 0.4975591621157347
2.321	 0.49754363449691985
2.322	 0.49748313740605127
2.323	 0.4973865624035394
2.324	 0.4972768497464831
2.325	 0.4971705968944884
2.326	 0.4970575785420044
2.327	 0.496933783682509
2.328	 0.49679527817813446
2.329	 0.49664071305496893
2.33	 0.49647647959316055
2.331	 0.4963219913993582
2.332	 0.4961759355881304
2.333	 0.4960331939825481
2.334	 0.49590429253114193
2.335	 0.4957813574433484
2.336	 0.49566843351281137
2.337	 0.4955865495342596
2.338	 0.4955345060893098
2.339	 0.4955124729563985
2.34	 0.49551266840676
2.341	 0.4955380369475367
2.342	 0.49559132815703494
2.343	 0.4956620363254771
2.344	 0.49576247568035287
2.345	 0.4958939580436683
2.346	 0.49602722363642165
2.347	 0.49615706688997113
2.348	 0.4962887980192678
2.349	 0.49644128589807723
2.35	 0.4966158576597859
2.351	 0.4967911326376541
2.352	 0.4969562707267625
2.353	 0.4970827216459366
2.354	 0.49715436429521387
2.355	 0.4971858017769344
2.356	 0.49719835031957166
2.357	 0.4971974336383635
2.358	 0.4971558158289268
2.359	 0.4970544879090387
2.36	 0.49690135341936464
2.361	 0.49670018557210815
2.362	 0.49648487025035787
2.363	 0.4962959733865892
2.364	 0.49613092639483103
2.365	 0.49598441312860525
2.366	 0.49584822625935304
2.367	 0.49571843648922753
2.368	 0.4956029443661953
2.369	 0.49550597644625594
2.37	 0.4954346328695412
2.371	 0.49536804447560634
2.372	 0.495292698981652
2.373	 0.4952114127994946
2.374	 0.49510880581556466
2.375	 0.49499881752291924
2.376	 0.4948882724396058
2.377	 0.49477165996653194
2.378	 0.4946641433794506
2.379	 0.4945573803605595
2.38	 0.4944743537481902
2.381	 0.4944317198984666
2.382	 0.4944113968543463
2.383	 0.49440510175500146
2.384	 0.494392600217207
2.385	 0.49437132487729457
2.386	 0.4943368599768689
2.387	 0.49428480869885527
2.388	 0.49424540534042405
2.389	 0.49418964982956304
2.39	 0.49410803705738365
2.391	 0.4940351605519134
2.392	 0.4939679659258703
2.393	 0.4939211222899906
2.394	 0.49389987256931045
2.395	 0.4938929298807099
2.396	 0.4939061556722769
2.397	 0.493945542036239
2.398	 0.4939986403169468
2.399	 0.4940617995846343
2.4	 0.4940924939923667
2.401	 0.49406269744261977
2.402	 0.4939941273280527
2.403	 0.4938928126298297
2.404	 0.4937924879137225
2.405	 0.49369923973311625
2.406	 0.4935873858841753
2.407	 0.4934492579823116
2.408	 0.49327594187912926
2.409	 0.49310436281660264
2.41	 0.492949318504639
2.411	 0.4928307971135283
2.412	 0.49275247789574134
2.413	 0.49267971505299313
2.414	 0.4926143311323062
2.415	 0.4925317309461034
2.416	 0.49243721768328863
2.417	 0.49233834651400943
2.418	 0.4922400029703338
2.419	 0.49216744624915804
2.42	 0.4921129163838359
2.421	 0.4920549143330158
2.422	 0.49195883525326856
2.423	 0.49183337892178597
2.424	 0.4916801519180601
2.425	 0.4915369034054943
2.426	 0.49144985662433666
2.427	 0.4914002408824711
2.428	 0.49139700381715995
2.429	 0.49139750457067716
2.43	 0.4913621091386568
2.431	 0.49134120154350386
2.432	 0.4913688084808584
2.433	 0.4914286643150896
2.434	 0.4915380851410863
2.435	 0.4916466999227516
2.436	 0.49168358197189765
2.437	 0.49168094924192496
2.438	 0.4916340617217395
2.439	 0.49160433521599756
2.44	 0.49162915212700786
2.441	 0.49160023254726126
2.442	 0.4915430391417317
2.443	 0.4914496415342535
2.444	 0.49127255293863437
2.445	 0.4911408186357878
2.446	 0.49108618052014286
2.447	 0.491044073394245
2.448	 0.49101523711693207
2.449	 0.49094726424916757
2.45	 0.4908427561045419
2.451	 0.490785316033377
2.452	 0.49078399433181785
2.453	 0.49088970055205483
2.454	 0.4910708040123672
2.455	 0.49121206165595077
2.456	 0.4913161064041074
2.457	 0.49139341510560786
2.458	 0.4914731925969793
2.459	 0.4915950239125484
2.46	 0.49173718978753794
2.461	 0.49188240141892253
2.462	 0.4919920477708953
2.463	 0.4920297172533179
2.464	 0.4920628604090846
2.465	 0.49213145567162936
2.466	 0.4922206815228902
2.467	 0.49234807497134175
2.468	 0.4925043026108608
2.469	 0.4926700647795879
2.47	 0.4928182615036719
2.471	 0.49295259623695226
2.472	 0.4931220184301757
2.473	 0.49325478776353127
2.474	 0.49338503139875306
2.475	 0.49346982525200095
2.476	 0.49349482057389393
2.477	 0.49349703113087434
2.478	 0.4934600769048256
2.479	 0.4934815357373435
2.48	 0.49362351089111905
2.481	 0.49375064010894176
2.482	 0.4938565878211416
2.483	 0.4940199727955436
2.484	 0.49422114294223424
2.485	 0.4945971273930423
2.486	 0.4952192700193068
2.487	 0.49593951274152903
2.488	 0.49661335372108484
2.489	 0.4970892315032494
2.49	 0.4974262751111556
2.491	 0.49776016606796286
2.492	 0.4688394419639207
2.493	 0.43629707886075997
2.494	 0.39925648487211257
2.495	 0.35652507116268883
2.496	 0.306964875412789
2.497	 0.24912299042839883
2.498	 0.18093222486946825
2.499	 0.09938096034800069
2.5	 0.0
