0.3	 1.0
0.302	 0.7463670541665381
0.304	 0.7491093910015953
0.306	 0.7518074908038217
0.308	 0.7544622999438857
0.31	 0.7570734230996286
0.312	 0.7596411957916276
0.314	 0.7621672413376454
0.316	 0.7646531014245842
0.318	 0.7670984254431094
0.32	 0.769503531763165
0.322	 0.7718699219322155
0.324	 0.7741984543637391
0.326	 0.7764899630500401
0.328	 0.778745258413001
0.33	 0.7809640578125642
0.332	 0.7831477152014408
0.334	 0.7852970044850075
0.336	 0.7874126775644362
0.338	 0.7894949708249068
0.34	 0.7915441384723326
0.342	 0.7935614015651903
0.344	 0.794778474668376
0.346	 0.796760461728939
0.348	 0.7987113796682844
0.35	 0.8006323652925426
0.352	 0.8025236228976292
0.354	 0.8043853718163627
0.356	 0.8062186911972447
0.358	 0.8080233639782227
0.36	 0.8098004398743585
0.362	 0.8115497194587158
0.364	 0.8137936335447702
0.366	 0.8154676119379128
0.368	 0.8171162377185001
0.37	 0.8187400643608392
0.372	 0.8203399895026456
0.374	 0.8219154552980942
0.376	 0.8234673541517432
0.378	 0.8249854350842993
0.38	 0.82633483265126
0.382	 0.8273662199185357
0.384	 0.8280869482188676
0.386	 0.8284579669054689
0.388	 0.8284362349689602
0.39	 0.8279797425380646
0.392	 0.8270500590309134
0.394	 0.825618343424007
0.396	 0.8236686534277338
0.398	 0.82120483808017
0.4	 0.8182545086610487
0.402	 0.8148603280027666
0.404	 0.8110856218340646
0.406	 0.8070019674675654
0.408	 0.8026932568133079
0.41	 0.7982455019010025
0.412	 0.7937363225933128
0.414	 0.78922539719658
0.416	 0.7847642605566395
0.418	 0.7803848296965727
0.42	 0.7761061540654602
0.422	 0.7719404255170692
0.424	 0.7678930765611948
0.426	 0.7639626793974376
0.428	 0.760147012569182
0.43	 0.7564421759825207
0.432	 0.75284205305747
0.434	 0.749344437099076
0.436	 0.7459461000860121
0.438	 0.7426402474783503
0.44	 0.7394257610794307
0.442	 0.7363035185378566
0.444	 0.7332746562679201
0.446	 0.7303375917628387
0.448	 0.7274898185868565
0.45	 0.7247318254765619
0.452	 0.7220611316067695
0.454	 0.7194755913154297
0.456	 0.7169737588433367
0.458	 0.7145521968370373
0.46	 0.7122067972651585
0.462	 0.7099325045970507
0.464	 0.7077273931241851
0.466	 0.7055908363475255
0.468	 0.7035187120822795
0.47	 0.7013252401351091
0.472	 0.699375139901569
0.474	 0.6974800189837591
0.476	 0.6956362796766863
0.478	 0.6938399240147254
0.48	 0.6920902565174869
0.482	 0.6903827244275632
0.484	 0.6887174534968251
0.486	 0.6870923514096388
0.488	 0.6856635664314447
0.49	 0.6841045363102065
0.492	 0.6825751253603921
0.494	 0.681072688287334
0.496	 0.6795938223118723
0.498	 0.6781369300305382
0.5	 0.6767015475133391
0.502	 0.6738592952504107
0.504	 0.6710261629068981
0.506	 0.668202056093746
0.508	 0.6653880822765132
0.51	 0.6625845371515252
0.512	 0.6597933294254203
0.514	 0.6570146833182527
0.516	 0.6542467998033962
0.518	 0.6514899930002657
0.52	 0.6487456834613956
0.522	 0.6460144685878578
0.524	 0.6432962448304754
0.526	 0.6405895963813515
0.528	 0.6378935223208043
0.53	 0.6352103929974334
0.532	 0.6325406739803857
0.534	 0.629883457144734
0.536	 0.627237731768673
0.538	 0.624603758443565
0.54	 0.621982502859922
0.542	 0.6193749092059914
0.544	 0.6150195905702147
0.546	 0.6124270471975417
0.548	 0.6098470083878408
0.55	 0.6072786201594135
0.552	 0.6047240988240423
0.554	 0.6021826406298832
0.556	 0.5996551226373257
0.558	 0.5971418081227683
0.56	 0.5946427197574825
0.562	 0.5921593758150498
0.564	 0.5914527805145589
0.566	 0.5890100521131675
0.568	 0.5865815951494525
0.57	 0.5841674042055445
0.572	 0.5817668526606652
0.574	 0.579381340526234
0.576	 0.5770107261164807
0.578	 0.5746550863328508
0.58	 0.572334222946122
0.582	 0.5700699672519426
0.584	 0.5678629998386041
0.586	 0.5657212167988672
0.588	 0.5636537164943223
0.59	 0.5616709795506502
0.592	 0.5597833862099768
0.594	 0.5579993968719316
0.596	 0.5563257593191109
0.598	 0.5547689256852107
0.6	 0.5533301335715652
0.602	 0.5520073898698454
0.604	 0.5506981463144869
0.606	 0.549491765012828
0.608	 0.5483782830886768
0.61	 0.5473444990282604
0.612	 0.5463763685136684
0.614	 0.5454631772434734
0.616	 0.5445944773249026
0.618	 0.5437620950582696
0.62	 0.5430664257963512
0.622	 0.5422900432750553
0.624	 0.5415366512709179
0.626	 0.5408054972411119
0.628	 0.5400948874042729
0.63	 0.5394030843515427
0.632	 0.5387304151258349
0.634	 0.5380756967132169
0.636	 0.5374377615270143
0.638	 0.5368169564543325
0.64	 0.5363312670722308
0.642	 0.5357408695980412
0.644	 0.535163249919252
0.646	 0.5345972767598229
0.648	 0.5340418572015567
0.65	 0.5334948577658211
0.652	 0.5329558298742832
0.654	 0.5324246359148118
0.656	 0.5318997305433042
0.658	 0.5313811460653529
0.66	 0.5310034024012331
0.662	 0.5304974583228208
0.664	 0.529996957860149
0.666	 0.5295010994676109
0.668	 0.5290114359295073
0.67	 0.528164251096821
0.672	 0.5276893120690764
0.674	 0.5272184048697652
0.676	 0.5267527190513743
0.678	 0.5262930388806463
0.68	 0.5259654399209327
0.682	 0.525520993035032
0.684	 0.5250817777097733
0.686	 0.5246498858674393
0.688	 0.5245623926044416
0.69	 0.5241406042196536
0.692	 0.5237264319084494
0.694	 0.5233209875330338
0.696	 0.5229239145832127
0.698	 0.5225347987586509
0.7	 0.5221544586119965
0.702	 0.5218971975324488
0.704	 0.5215335665026976
0.706	 0.5211793828065935
0.708	 0.5208330973161664
0.71	 0.5204940595641903
0.712	 0.5201617461118707
0.714	 0.5198356352297823
0.716	 0.519517031396259
0.718	 0.5192059221187076
0.72	 0.5189018081424576
0.722	 0.5186989927849298
0.724	 0.5184049404312647
0.726	 0.5181167870785467
0.728	 0.5178379200250917
0.73	 0.51756525277968
0.732	 0.5172969684457435
0.734	 0.5170339047728277
0.736	 0.5167782137087467
0.738	 0.5165308950530046
0.74	 0.5164058705913769
0.742	 0.5161723274533732
0.744	 0.5159423777959923
0.746	 0.5157174354115425
0.748	 0.5154997162667015
0.75	 0.51529159685695
0.752	 0.515089293626747
0.754	 0.5148937725707176
0.756	 0.5147036993831712
0.758	 0.5145187486119459
0.76	 0.5145486393582327
0.762	 0.5143789366202017
0.764	 0.5140550368772326
0.766	 0.5138982599813765
0.768	 0.5137471857335573
0.77	 0.5136025521483869
0.772	 0.5134613295688579
0.774	 0.5133271499618697
0.776	 0.5132004457145708
0.778	 0.5130720560881133
0.78	 0.5132771057943573
0.782	 0.5131718503654865
0.784	 0.5130764364157228
0.786	 0.5129959654403621
0.788	 0.512926429531625
0.79	 0.5128701192159671
0.792	 0.5128333757812744
0.794	 0.5128244911542192
0.796	 0.512839887633172
0.798	 0.512891945964053
0.8	 0.513499242067317
0.82	 0.5126204411053344
0.84	 0.5121376284890973
0.86	 0.5116326616261354
0.88	 0.5114039591334443
0.9	 0.5113581500142363
0.92	 0.5116561401693355
0.94	 0.5125255739127986
0.96	 0.5120126970596252
0.98	 0.5104996485980272
1.0	 0.5073221156607133
1.02	 0.5052477042148401
1.04	 0.5046108416867029
1.06	 0.5043714314498013
1.08	 0.503935233575592
1.1	 0.5032528119935097
1.12	 0.5023807619696302
1.14	 0.5014109705429587
1.16	 0.5011750692164059
1.18	 0.5011562921564849
1.2	 0.5012531730985508
1.22	 0.5016480638272152
1.24	 0.5009599572272223
1.26	 0.49898794475560293
1.28	 0.49675626334577583
1.3	 0.4947080440996324
1.32	 0.4927840955575554
1.34	 0.49137780239643153
1.36	 0.48963618034439516
1.38	 0.4886192249123856
1.4	 0.4899582129450884
1.42	 0.4919336452758085
1.44	 0.49460479844111555
1.46	 0.4970926686455495
1.48	 0.49863190479690933
1.5	 0.49691301979299074
1.52	 0.4913641821372496
1.54	 0.4855617713626852
1.56	 0.47984584939068853
1.58	 0.47516703677254624
1.6	 0.4679628000899234
1.62	 0.4602602662219708
1.64	 0.45424098761971027
1.66	 0.4470556673914709
1.68	 0.44320966287426783
1.7	 0.44172542134189274
1.72	 0.44573643410852715
1.74	 0.4522291801222469
1.76	 0.4580000572011479
1.78	 0.462322505349154
1.8	 0.4655694848790923
1.82	 0.4689372501233648
1.84	 0.47784393094851985
1.86	 0.48114168260530626
1.88	 0.47701757952741297
1.9	 0.4803831293963529
1.92	 0.4837330597238255
1.94	 0.48586750676979173
1.96	 0.4891099369402077
1.98	 0.49276814299238986
2.0	 0.4969995673357287
2.02	 0.500239756039372
2.04	 0.5016262241275768
2.06	 0.4953815780967317
2.08	 0.49059032187121604
2.1	 0.47584806569823196
2.12	 0.45754017360871807
2.14	 0.4372334484887795
2.16	 0.41500885096330237
2.18	 0.3922323433070613
2.2	 0.3691703340828962
2.22	 0.3478419094880941
2.24	 0.3297905008234304
2.26	 0.3178512276019488
2.28	 0.31409140323912377
2.3	 0.3230314103682863
2.32	 0.3371625704686898
2.34	 0.35304825341656126
2.36	 0.3721642049529948
2.38	 0.394322937911789
2.4	 0.41906920689539967
2.42	 0.44457464205355585
2.44	 0.4696267409494296
2.46	 0.5095970593836203
2.48	 0.5204860941614747
2.5	 0.5190998669966271
2.52	 0.5108494525299166
2.54	 0.4957996119491689
2.56	 0.4601529489381426
2.58	 0.43658767058381875
2.6	 0.4109846861263595
2.62	 0.3849951298300496
2.64	 0.3576760606278187
2.66	 0.3299383239277912
2.68	 0.3051993945113499
2.7	 0.29139679825571446
2.72	 0.2924123506505725
2.74	 0.30441157917281464
2.76	 0.31680422686145654
2.78	 0.33295088722140576
2.8	 0.35130463006106
2.82	 0.3715980197252789
2.84	 0.39427820675075975
2.86	 0.42007334226514825
2.88	 0.4481565388328703
2.9	 0.4755312132888086
2.92	 0.49352852212804843
2.94	 0.5
2.96	 0.5
2.98	 0.5
3.0	 0.5
3.02	 0.5
3.04	 0.5
3.06	 0.5
3.08	 0.5
3.1	 0.5
3.12	 0.5
3.14	 0.5
3.16	 0.5
3.18	 0.5
3.2	 0.5
3.22	 0.5
3.24	 0.5
3.26	 0.5
3.28	 0.5
3.3	 0.5
3.32	 0.5
3.34	 0.5
3.36	 0.5
3.38	 0.5
3.4	 0.5
3.42	 0.5
3.44	 0.5
3.46	 0.5
3.48	 0.5
3.5	 0.5
3.52	 0.5
3.54	 0.5
3.56	 0.5
3.58	 0.5
3.6	 0.5
3.62	 0.5
3.64	 0.5
3.66	 0.5
3.68	 0.5
3.7	 0.5
3.72	 0.5
3.74	 0.5
3.76	 0.5
3.78	 0.5
3.8	 0.5
3.82	 0.5
3.84	 0.5
3.86	 0.5
3.88	 0.5
3.9	 0.5
3.92	 0.5
3.94	 0.5
3.96	 0.5
3.98	 0.5
4.0	 0.5
4.02	 0.5
4.04	 0.5
4.06	 0.5
4.08	 0.5
4.1	 0.5
4.12	 0.5
4.14	 0.5
4.16	 0.5
4.18	 0.5
4.2	 0.5
4.22	 0.5
4.24	 0.5
4.26	 0.5
4.28	 0.5
4.3	 0.5
4.32	 0.5
4.34	 0.5
4.36	 0.5
4.38	 0.5
4.4	 0.5
4.42	 0.5
4.44	 0.5
4.46	 0.5
4.48	 0.5
4.5	 0.5
4.52	 0.5
4.54	 0.5
4.56	 0.5
4.58	 0.5
4.6	 0.5
4.62	 0.5
4.64	 0.5
4.66	 0.5
4.68	 0.5
4.7	 0.5
4.72	 0.5
4.74	 0.5
4.76	 0.5
4.78	 0.5
4.8	 0.5
4.82	 0.5
4.84	 0.5
4.86	 0.5
4.88	 0.5
4.9	 0.5
4.92	 0.5
4.94	 0.5
4.96	 0.5
4.98	 0.5
5.0	 0.5
5.1	 0.5
5.2	 0.5035139402736617
5.3	 0.5009630531005087
5.4	 0.49648605972633836
5.5	 0.4990369468994913
5.6	 0.49951800926707596
5.7	 0.5
5.8	 0.5
5.9	 0.5
6.0	 0.5
6.1	 0.5
6.2	 0.5
6.3	 0.5
6.4	 0.5
6.5	 0.5
6.6	 0.5
6.7	 0.5
6.8	 0.5
6.9	 0.5
7.0	 0.5
7.1	 0.5
7.2	 0.5
7.3	 0.5
7.4	 0.5
7.5	 0.5
7.6	 0.5
7.7	 0.5
7.8	 0.5
7.9	 0.5
8.0	 0.5
8.1	 0.5
8.2	 0.5
8.3	 0.5
8.4	 0.5
8.5	 0.5
8.6	 0.5
8.7	 0.5
8.8	 0.5
8.9	 0.5
9.0	 0.5
9.1	 0.5
9.2	 0.5
9.3	 0.5
9.4	 0.5
9.5	 0.5
9.6	 0.5
9.7	 0.5
9.8	 0.5
9.9	 0.5
10.0	 0.5
10.1	 0.5
10.2	 0.5
10.3	 0.5
10.4	 0.5
10.5	 0.5
10.6	 0.5
10.7	 0.5
10.8	 0.5
10.9	 0.5
11.0	 0.5
11.1	 0.5
11.2	 0.5
11.3	 0.5
11.4	 0.5
11.5	 0.5
11.6	 0.5
11.7	 0.5
11.8	 0.5
11.9	 0.5
12.0	 0.5
12.1	 0.5
12.2	 0.5
12.3	 0.5
12.4	 0.5
12.5	 0.5
12.6	 0.5
12.7	 0.5
12.8	 0.5
12.9	 0.5
13.0	 0.5
13.1	 0.5
13.2	 0.5
13.3	 0.5
13.4	 0.5
13.5	 0.5
13.6	 0.5
13.7	 0.5
13.8	 0.5
13.9	 0.5
14.0	 0.0
