25.044	 1.0
24.924	 0.5
24.805	 0.5090789167369095
24.686	 0.5
24.569	 0.4909210832630905
24.454	 0.5
24.339	 0.5
24.225	 0.5
24.112	 0.5
24.001	 0.5
23.89	 0.5
23.781	 0.5
23.672	 0.5
23.564	 0.5
23.458	 0.5
23.352	 0.5
23.247	 0.5
23.144	 0.5
23.041	 0.5
22.939	 0.5
22.838	 0.5
22.738	 0.5
22.638	 0.5
22.54	 0.5
22.442	 0.5
22.345	 0.5
22.25	 0.5
22.154	 0.5
22.06	 0.5
21.967	 0.5
21.874	 0.5
21.782	 0.5
21.691	 0.5
21.601	 0.5
21.511	 0.5
21.422	 0.5
21.334	 0.5
21.247	 0.5
21.16	 0.5
21.074	 0.5
20.988	 0.5
20.904	 0.5
20.82	 0.5
20.737	 0.5
20.654	 0.5
20.572	 0.5
20.491	 0.5
20.41	 0.5
20.33	 0.5
20.251	 0.5
20.172	 0.5
20.094	 0.5
20.016	 0.5
19.939	 0.5
19.863	 0.5
19.787	 0.5
19.712	 0.5
19.637	 0.5
19.563	 0.5
19.489	 0.5
19.416	 0.5
19.344	 0.5
19.272	 0.5
19.201	 0.5
19.13	 0.5
19.059	 0.5
18.99	 0.5
18.92	 0.5
18.851	 0.5
18.783	 0.5
18.715	 0.5
18.648	 0.5
18.581	 0.5
18.515	 0.5
18.449	 0.5
18.384	 0.5
18.319	 0.5
18.254	 0.5
18.19	 0.5
18.126	 0.5
18.063	 0.5
18.001	 0.5
17.938	 0.5
17.876	 0.5
17.815	 0.5
17.754	 0.5
17.693	 0.5
17.633	 0.5
17.573	 0.5
17.514	 0.5
17.455	 0.5
17.396	 0.5
17.338	 0.5
17.28	 0.5
17.223	 0.5
17.166	 0.5
17.109	 0.5
17.053	 0.5
16.997	 0.5
16.942	 0.5
16.886	 0.5
16.832	 0.5
16.777	 0.5
16.723	 0.5
16.669	 0.5
16.616	 0.5
16.563	 0.5
16.51	 0.5
16.458	 0.5
16.406	 0.5
16.354	 0.5
16.302	 0.5
16.251	 0.5
16.2	 0.5
16.15	 0.5
16.1	 0.5
16.05	 0.5
16.0	 0.5
15.951	 0.5
15.902	 0.5
15.854	 0.5
15.805	 0.5
15.757	 0.5
15.71	 0.5
15.662	 0.5
15.615	 0.5
15.568	 0.5
15.521	 0.5
15.475	 0.5
15.429	 0.5
15.383	 0.5
15.338	 0.5
15.292	 0.5
15.248	 0.5
15.203	 0.5
15.158	 0.5
15.114	 0.5
15.07	 0.5
15.027	 0.5
14.983	 0.5
14.94	 0.5
14.897	 0.5
14.854	 0.5
14.812	 0.5
14.77	 0.5
14.728	 0.5
14.686	 0.5
14.645	 0.5
14.603	 0.5
14.562	 0.5
14.521	 0.5
14.481	 0.5
14.441	 0.5
14.4	 0.5
14.361	 0.5
14.321	 0.5
14.281	 0.5
14.242	 0.5
14.203	 0.5
14.164	 0.5
14.126	 0.5
14.087	 0.5
14.049	 0.5
14.011	 0.5
13.973	 0.5
13.936	 0.5
13.899	 0.5
13.861	 0.5
13.824	 0.5
13.788	 0.5
13.751	 0.5
13.715	 0.5
13.679	 0.5
13.643	 0.5
13.607	 0.5
13.571	 0.5
13.536	 0.5
13.5	 0.5
13.465	 0.5
13.43	 0.5002583772491227
13.396	 0.5009920092314198
13.361	 0.5022055270622421
13.327	 0.5039677501054792
13.293	 0.5062496684720937
13.259	 0.508838905999338
13.225	 0.5116271026835922
13.191	 0.5127526601809655
13.158	 0.5129510100930349
13.124	 0.5120150972942571
13.091	 0.5101688438512816
13.058	 0.5080601068553814
13.026	 0.5069884571096902
12.993	 0.5043822395624294
12.96	 0.5019620621436053
12.928	 0.4997838224833915
12.896	 0.49779258177216834
12.864	 0.4960247185146522
12.832	 0.4947469048007648
12.8	 0.49394483067952455
12.769	 0.4932646908509511
12.737	 0.4929539053279478
12.706	 0.49303240227678924
12.675	 0.49339784773150136
12.644	 0.4936802195868001
12.614	 0.4931445333027584
12.583	 0.49317813551684136
12.552	 0.4936783794319926
12.522	 0.4936015821456865
12.492	 0.49348740384521717
12.462	 0.49353208003437915
12.432	 0.4944808642112995
12.402	 0.4955744192232433
12.373	 0.49606258939635167
12.343	 0.4967877899897676
12.314	 0.4977358344850251
12.285	 0.4985377460109635
12.256	 0.4992930056286724
12.227	 0.49939460231047195
12.198	 0.4996342492005787
12.169	 0.5
12.141	 0.5
12.113	 0.5
12.084	 0.5
12.056	 0.5
12.028	 0.5
12.0	 0.5
11.973	 0.5
11.945	 0.5
11.918	 0.5
11.89	 0.5
11.863	 0.5
11.836	 0.5
11.809	 0.5
11.782	 0.5
11.755	 0.5
11.729	 0.5
11.702	 0.5
11.676	 0.5
11.65	 0.5
11.624	 0.5
11.598	 0.5
11.572	 0.5002268687859
11.546	 0.5006287846814055
11.52	 0.5012722821544179
11.495	 0.502400821335277
11.469	 0.5037754163758686
11.444	 0.5044770227391504
11.419	 0.5048445710807007
11.394	 0.504649724025718
11.369	 0.5040768721242593
11.344	 0.5031188270831738
11.319	 0.5014934710612746
11.294	 0.4994159226793064
11.27	 0.4980355686655119
11.245	 0.49659878179751327
11.221	 0.49552297726084965
11.197	 0.49515542891929937
11.173	 0.4953502759742821
11.149	 0.49569627501216046
11.125	 0.4962524176325165
11.101	 0.49723426780516183
11.077	 0.4981832457951311
11.054	 0.4989145323396457
11.03	 0.49962578260529356
11.007	 0.5
10.983	 0.5002836107024985
10.96	 0.5005077774831777
10.937	 0.5008092689053055
10.914	 0.5014198850416963
10.891	 0.5019757433961237
10.868	 0.5025028693014048
10.846	 0.5029264249505072
10.823	 0.5032250045433351
10.8	 0.5026978337471819
10.778	 0.5022167236666544
10.755	 0.5017263970296453
10.733	 0.5008839787468196
10.711	 0.49977876029858026
10.689	 0.49875193427061754
10.667	 0.4978450107028615
10.645	 0.4971529898028031
10.623	 0.49677499545666487
10.602	 0.4970527645925756
10.58	 0.4973021662528181
10.558	 0.4974996719185377
10.537	 0.4977658333212873
10.516	 0.49830675719309936
10.494	 0.49880135315357604
10.473	 0.4992723151557899
10.452	 0.49965211249019065
10.431	 0.49992058260000577
10.41	 0.5
10.389	 0.5
10.368	 0.5
10.348	 0.5
10.327	 0.5
10.306	 0.5
10.286	 0.5
10.266	 0.5
10.245	 0.5
10.225	 0.5
10.205	 0.5
10.185	 0.5
10.165	 0.5
10.145	 0.5
10.125	 0.5
10.106	 0.5
10.086	 0.5
10.066	 0.5
10.047	 0.5
10.027	 0.5
10.008	 0.5
9.9887	 0.5
9.9695	 0.5
9.9504	 0.5
9.9313	 0.5
9.9123	 0.5
9.8934	 0.5
9.8746	 0.5
9.8558	 0.5
9.8371	 0.5
9.8185	 0.5
9.7999	 0.5
9.7814	 0.5
9.763	 0.5
9.7447	 0.5
9.7264	 0.5
9.7082	 0.5
9.69	 0.5
9.6719	 0.5
9.6539	 0.5
9.636	 0.5
9.6181	 0.5
9.6003	 0.5
9.5825	 0.5
9.5649	 0.5
9.5472	 0.5
9.5297	 0.5
9.5122	 0.5
9.4948	 0.5
9.4774	 0.5
9.4601	 0.5
9.4429	 0.5
9.4257	 0.5
9.4086	 0.5
9.3916	 0.5
9.3746	 0.5
9.3577	 0.5
9.3408	 0.5
9.324	 0.5
9.3073	 0.5
9.2906	 0.5
9.274	 0.5
9.2574	 0.5
9.2409	 0.5
9.2245	 0.5
9.2081	 0.5
9.1918	 0.5
9.1755	 0.5
9.1593	 0.5
9.1431	 0.5
9.127	 0.5
9.111	 0.5
9.095	 0.5
9.0791	 0.5
9.0632	 0.5
9.0474	 0.5
9.0316	 0.5
9.0159	 0.5
9.0003	 0.5
8.9847	 0.5
8.9691	 0.5
8.9536	 0.5
8.9382	 0.5
8.9228	 0.5
8.9075	 0.5
8.8922	 0.5
8.877	 0.5
8.8618	 0.5
8.8467	 0.5
8.8316	 0.5
8.8166	 0.5
8.8016	 0.5
8.7867	 0.5
8.7718	 0.5
8.757	 0.5
8.7422	 0.5
8.7275	 0.5
8.7129	 0.5
8.6982	 0.5
8.6837	 0.5
8.6692	 0.5
8.6547	 0.5
8.6403	 0.5
8.6259	 0.5
8.6116	 0.5
8.5973	 0.5
8.583	 0.5
8.5688	 0.5
8.5547	 0.5
8.5406	 0.5
8.5266	 0.5
8.5126	 0.5000827893237977
8.4986	 0.5006778301549765
8.4847	 0.5019012004550276
8.4708	 0.5036404781526508
8.457	 0.5057949167489252
8.4432	 0.5083975679424817
8.4295	 0.511498676137071
8.4158	 0.515035157542713
8.4022	 0.521727852593651
8.3886	 0.5260278501994469
8.375	 0.5305743644099005
8.3615	 0.5353817845712366
8.3481	 0.5404039946521805
8.3347	 0.5456451972231201
8.3213	 0.5510444366631999
8.3079	 0.5560989990180311
8.2946	 0.5603245141868282
8.2814	 0.5637718050144099
8.2682	 0.5665521593508301
8.255	 0.5687580360019139
8.2419	 0.5703511049823151
8.2288	 0.5712948332410509
8.2158	 0.5716703368003496
8.2028	 0.5727677276870622
8.1898	 0.5725006984893193
8.1769	 0.5718785448704634
8.164	 0.5709269114908391
8.1512	 0.5711964528740744
8.1384	 0.5695086085341794
8.1256	 0.5674567134653077
8.1129	 0.5651292687445322
8.1002	 0.562978864633182
8.0876	 0.5610627957956872
8.075	 0.559280383700002
8.0624	 0.5575934675258837
8.0499	 0.5559296999472977
8.0374	 0.5543600689670923
8.025	 0.5529300040031883
8.0126	 0.5515564940852944
8.0002	 0.5501987407773237
7.9879	 0.5488275872690587
7.9756	 0.5474212098412737
7.9634	 0.546054771461433
7.9512	 0.5465344140959001
7.939	 0.545256173540418
7.9268	 0.5440181150492334
7.9147	 0.5429147892453572
7.9027	 0.5427474704835102
7.8906	 0.5416159926441823
7.8786	 0.5404518993095576
7.8667	 0.5392061455685263
7.8548	 0.5379822666656713
7.8429	 0.5368238508079622
7.831	 0.5356212413365157
7.8192	 0.5343569642431546
7.8075	 0.5331274295606787
7.7957	 0.531959090779314
7.784	 0.5308551334303783
7.7723	 0.5298311604960807
7.7607	 0.528794470328774
7.7491	 0.5277126901083747
7.7375	 0.5266769441698977
7.726	 0.525692772985887
7.7145	 0.5246961011001618
7.7031	 0.5248221697930222
7.6916	 0.5239326343907447
7.6802	 0.5238234675985335
7.6689	 0.5232113877870678
7.6575	 0.522701859849857
7.6462	 0.5222453792772008
7.635	 0.5218694428504036
7.6238	 0.5216486173943453
7.6126	 0.5215156019832573
7.6014	 0.5214176011180739
7.5903	 0.521366282274295
7.5792	 0.5213483146067415
7.5681	 0.5213437835275331
7.5571	 0.5214347200985874
7.5461	 0.5216106004037557
7.5351	 0.5217709816583269
7.5242	 0.5219381157939592
7.5133	 0.5221408812602256
7.5024	 0.5223526366812722
7.4916	 0.5225300030881618
7.4807	 0.5236879741721205
7.47	 0.5237371314148679
7.4592	 0.5238064488708876
7.4485	 0.5238714308244307
7.4378	 0.5239419861013052
7.4272	 0.5239990747775979
7.4165	 0.5240247976165628
7.4059	 0.524042353635806
7.3954	 0.5240443440771916
7.3848	 0.5240278389843847
7.3743	 0.5240143006433302
7.3639	 0.5239614391484747
7.3534	 0.5238379049315026
7.343	 0.5236818459996072
7.3326	 0.5235143296888751
7.3223	 0.5233021542051223
7.3119	 0.5230598029635452
7.3016	 0.5233465288542095
7.2914	 0.5231724352971423
7.2811	 0.5236541032600917
7.2709	 0.5235616982409056
7.2607	 0.5234199625855611
7.2506	 0.5232552346822459
7.2404	 0.5230836631680317
7.2303	 0.5228899505947879
7.2203	 0.5226858760613521
7.2102	 0.5224987797451291
7.2002	 0.5223438165337762
7.1902	 0.5221888915808806
7.1803	 0.5220208662770434
7.1703	 0.5218594800165418
7.1604	 0.5217113026701563
7.1506	 0.5215866886531259
7.1407	 0.5214829066896247
7.1309	 0.5214125884337448
7.1211	 0.5218104202965088
7.1113	 0.5217097412689231
7.1016	 0.5220910963097141
7.0919	 0.5219202639341561
7.0822	 0.5216810856623872
7.0725	 0.5213806600406926
7.0629	 0.5210490579735307
7.0533	 0.5207158900384466
7.0437	 0.5203655723024836
7.0341	 0.5199991351771159
7.0246	 0.5196269921805098
7.0151	 0.5192334426289222
7.0056	 0.5187424978901217
6.9962	 0.5182111053216882
6.9867	 0.5176915100534086
6.9773	 0.5171631463298259
6.9679	 0.5166463205376197
6.9586	 0.5164095972938257
6.9493	 0.5159106267269911
6.94	 0.5154058295410497
6.9307	 0.5148693787296305
6.9214	 0.514835953861795
6.9122	 0.5142697762562661
6.903	 0.5137165859410157
6.8938	 0.5131835749979781
6.8847	 0.5126557270534332
6.8755	 0.5121528444131336
6.8664	 0.5116954157121957
6.8573	 0.5112630809422748
6.8483	 0.5108063220189152
6.8393	 0.5102954837417446
6.8302	 0.5097343819594866
6.8213	 0.5091759984771764
6.8123	 0.5086499729590211
6.8034	 0.5082008541755719
6.7944	 0.507744319207775
6.7855	 0.5072823800581818
6.7767	 0.5068093618358128
6.7678	 0.5063167138310328
6.759	 0.5061012422981238
6.7502	 0.5056198806107719
6.7414	 0.5051392748589554
6.7327	 0.5046846690349457
6.7239	 0.5042890303190447
6.7152	 0.503944180279354
6.7065	 0.5036444411722188
6.6979	 0.5033626393250992
6.6892	 0.5030927452899525
6.6806	 0.5028474986903007
6.672	 0.502774010281101
6.6634	 0.5025992150459679
6.6549	 0.5024652762253191
6.6464	 0.5024225459775684
6.6378	 0.5024758100520154
6.6294	 0.5025667213158813
6.6209	 0.5026333467172207
6.6124	 0.5028183414324331
6.604	 0.5028605992080313
6.5956	 0.5029128160332784
6.5872	 0.5029694962139273
6.5789	 0.5030244227134915
6.5705	 0.5030565654379868
6.5622	 0.5030266360726842
6.5539	 0.5029357375770009
6.5456	 0.5027977203706521
6.5374	 0.5023917347910289
6.5292	 0.5021229761238182
6.5209	 0.5018044775704683
6.5128	 0.5014244444227474
6.5046	 0.5010058619175902
6.4964	 0.5005993725943889
6.4883	 0.50019704281926
6.4802	 0.4997519972447582
6.4721	 0.4992688724976766
6.464	 0.49873386317013774
6.456	 0.49818831600982516
6.448	 0.49761668377119045
6.4399	 0.49699189331533233
6.432	 0.496351701219258
6.424	 0.49575898687208236
6.416	 0.49520108123978773
6.4081	 0.4945021660960279
6.4002	 0.49394634031198453
6.3923	 0.49339401391617044
6.3844	 0.4928623166580712
6.3766	 0.49240697944303813
6.3687	 0.4920551930701343
6.3609	 0.49178483595402506
6.3531	 0.4915934047800285
6.3454	 0.4915139074718572
6.3376	 0.4915471624944175
6.3299	 0.49157482737121827
6.3221	 0.49165835655120554
6.3144	 0.49177842941167366
6.3068	 0.49191676583019234
6.2991	 0.4920550745531175
6.2914	 0.4919924099547605
6.2838	 0.49202909409384094
6.2762	 0.49204869635755516
6.2686	 0.4920346088260579
6.2611	 0.4919706478038655
6.2535	 0.4918387036755119
6.246	 0.4916520997837845
6.2385	 0.49145963115942665
6.231	 0.49125088053972826
6.2235	 0.49101951065625987
6.216	 0.4907693327030362
6.2086	 0.49028665264666504
6.2011	 0.49007261196741264
6.1937	 0.4899189377163387
6.1863	 0.4898121477454671
6.179	 0.48960267765076465
6.1716	 0.4895777968545269
6.1643	 0.4895909555258075
6.157	 0.4896690974390239
6.1496	 0.4897789277258186
6.1424	 0.48988139205935655
6.1351	 0.49001919382970716
6.1278	 0.4902276270929765
6.1206	 0.49051444607292444
6.1134	 0.4908817942225355
6.1062	 0.4913266715619545
6.099	 0.4918704127018391
6.0918	 0.4924500690913866
6.0847	 0.4932213846650228
6.0776	 0.4947110876104099
6.0704	 0.49577920050002805
6.0633	 0.49700900128452086
6.0563	 0.4984095810851714
6.0492	 0.4999811165344846
6.0421	 0.5016566540002596
6.0351	 0.5033694282087738
6.0281	 0.5051143551621468
6.0211	 0.5068795626480842
6.0141	 0.5086794377532387
6.0071	 0.5104927018012425
6.0002	 0.5122530372167171
5.9932	 0.513938748516675
5.9863	 0.5155432007696215
5.9794	 0.5167993182915339
5.9725	 0.5185281513633321
5.9657	 0.5197528131006124
5.9588	 0.5208183273002759
5.952	 0.521728778106478
5.9451	 0.5225128117261941
5.9383	 0.5231880035254713
5.9315	 0.5237135265355984
5.9247	 0.5240718014807881
5.918	 0.5242580265306895
5.9112	 0.5243003424717834
5.9045	 0.5242120413175767
5.8978	 0.5239846661219075
5.8911	 0.5236176920234125
5.8844	 0.5230967136935106
5.8777	 0.5221861172513892
5.8711	 0.5213902836946422
5.8644	 0.5204368594680435
5.8578	 0.5193445658325238
5.8512	 0.5181175969117113
5.8446	 0.5167760031012782
5.838	 0.515391825465379
5.8314	 0.5140009592754379
5.8249	 0.5126186565888674
5.8184	 0.5112367677370969
5.8118	 0.5098429178757157
5.8053	 0.5084852904783442
5.7988	 0.5071967491456367
5.7923	 0.5061587750105329
5.7859	 0.5050632300002457
5.7794	 0.5040706914421332
5.773	 0.5038455278158069
5.7666	 0.5031055213987146
5.7602	 0.5024938060384595
5.7538	 0.5019897487105843
5.7474	 0.5016083338405248
5.741	 0.501337296332463
5.7347	 0.5011779362536951
5.7283	 0.5011493221593736
5.722	 0.5012412350407824
5.7157	 0.5014409839868261
5.7094	 0.5017523146604974
5.7031	 0.5025928436239055
5.6969	 0.5030737036512983
5.6906	 0.503654221409099
5.6844	 0.5043267857482837
5.6782	 0.505271917079613
5.6719	 0.506117060593334
5.6657	 0.5070581238954004
5.6596	 0.5080389652970634
5.6534	 0.5090681639649612
5.6472	 0.5101407352173738
5.6411	 0.5112262381393866
5.6349	 0.5123106449580892
5.6288	 0.5133729760695889
5.6227	 0.5146381160043723
5.6166	 0.5156310084327439
5.6106	 0.516579585346068
5.6045	 0.517447037075934
5.5984	 0.5182282852730596
5.5924	 0.518729417644886
5.5864	 0.5193789032800259
5.5804	 0.5199552402789037
5.5744	 0.5204335580182844
5.5684	 0.5208137985047548
5.5624	 0.5210986510416575
5.5564	 0.5213333841130791
5.5505	 0.5215199122871299
5.5445	 0.5216396953659062
5.5386	 0.5219580123272968
5.5327	 0.521942497136556
5.5268	 0.5218903156123326
5.5209	 0.5218085731839645
5.5151	 0.5216732799520413
5.5092	 0.5214657445143088
5.5033	 0.5213976497295519
5.4975	 0.5211677685426024
5.4917	 0.5209015739336141
5.4859	 0.5205872639552206
5.4801	 0.5202501505016381
5.4743	 0.519863536856206
5.4685	 0.5194047041455597
5.4628	 0.5189434791264154
5.457	 0.5184367962830928
5.4513	 0.5179020356374038
5.4455	 0.5173395289127037
5.4398	 0.5167542597087178
5.4341	 0.5161446584751263
5.4284	 0.5155230133311536
5.4228	 0.5154171963021801
5.4171	 0.5147702173255553
5.4114	 0.5141063058651444
5.4058	 0.5134466057569023
5.4002	 0.5128021775855497
5.3945	 0.5121689825639605
5.3889	 0.5114570759904604
5.3833	 0.5107981445952042
5.3778	 0.5101547246752477
5.3722	 0.509524896405334
5.3666	 0.5089138310136864
5.3611	 0.5083270436789528
5.3555	 0.5077462670572939
5.35	 0.5071762673924448
5.3445	 0.5066356524549153
5.339	 0.5063028014078055
5.3335	 0.5058240130956
5.328	 0.5053802225949077
5.3225	 0.5050444237055204
5.3171	 0.5046516281005228
5.3116	 0.5043165165521946
5.3062	 0.5040258458722697
5.3008	 0.5037589114438011
5.2954	 0.5035252131299579
5.29	 0.5033359752217027
5.2846	 0.503177037647314
5.2792	 0.5030446246072613
5.2738	 0.502961097196796
5.2684	 0.502923811871812
5.2631	 0.5031724487146196
5.2578	 0.5031995609576297
5.2524	 0.5035049128270512
5.2471	 0.5036012710003583
5.2418	 0.5037250528606839
5.2365	 0.5038907446083287
5.2312	 0.5041056607565848
5.226	 0.504344691494011
5.2207	 0.5045965458791868
5.2154	 0.5048923654816067
5.2102	 0.5052309216059774
5.205	 0.5055980024559066
5.1998	 0.5059980241098422
5.1945	 0.5064366028938914
5.1893	 0.5071992865326809
5.1842	 0.5076753793001977
5.179	 0.5081887565654216
5.1738	 0.5087422798822469
5.1686	 0.5093266121613113
5.1635	 0.5099154378532099
5.1584	 0.5105071062239114
5.1532	 0.5111116175564567
5.1481	 0.5117214699889527
5.143	 0.5123170567370929
5.1379	 0.5129012906056737
5.1328	 0.5134671474888372
5.1277	 0.5142872293706482
5.1227	 0.5147460588968819
5.1176	 0.5152815857495265
5.1126	 0.5158021806704722
5.1075	 0.5162865138340186
5.1025	 0.5167544843945896
5.0975	 0.5172140996174283
5.0925	 0.5176412232172
5.0875	 0.5180299555084903
5.0825	 0.5183981264246513
5.0775	 0.5187486325206402
5.0726	 0.5190705374389616
5.0676	 0.5196759056516295
5.0627	 0.5199369651677223
5.0577	 0.5201832345474644
5.0528	 0.5204869783631334
5.0479	 0.5207030577614491
5.043	 0.5209009693755996
5.038	 0.5210831901909727
5.0332	 0.5212497709186846
5.0283	 0.5214072338181818
5.0234	 0.5215661554522633
5.0185	 0.5217275602184936
5.0137	 0.5218682762829201
5.0088	 0.5223006145359579
5.004	 0.5224516295603884
4.9992	 0.5225961726408447
4.9944	 0.5227375772527482
4.9896	 0.5231187197448619
4.9848	 0.5232984621374016
4.98	 0.5234810974846116
4.9752	 0.5236441538039759
4.9704	 0.5237801081097868
4.9657	 0.5239072531600453
4.9609	 0.524039660035393
4.9562	 0.5241732889949413
4.9514	 0.5245879573428137
4.9467	 0.5246911403794905
4.942	 0.5247799755596524
4.9373	 0.5248455720078617
4.9326	 0.5249023719110849
4.9279	 0.5252130690076905
4.9232	 0.5252490353983685
4.9186	 0.525266253333149
4.9139	 0.5252574000499622
4.9092	 0.5252337986461173
4.9046	 0.5252070209924515
4.9	 0.5251623751829405
4.8953	 0.5253512125332185
4.8907	 0.5252977684807085
4.8861	 0.5252399017233067
4.8815	 0.5251782912084343
4.8769	 0.5251131035650725
4.8723	 0.5250511184722401
4.8678	 0.5252394000573665
4.8632	 0.5251902037342333
4.8586	 0.5251486683656682
4.8541	 0.5250999867108481
4.8495	 0.5250482604573171
4.845	 0.5252487537013737
4.8405	 0.5252156701833739
4.836	 0.5251759394530077
4.8315	 0.5251272312866923
4.827	 0.5250708351868967
4.8225	 0.525008515384619
4.818	 0.5249469942175867
4.8135	 0.5248869093320953
4.809	 0.5250839040980414
4.8046	 0.5249916325647804
4.8001	 0.5248807059143294
4.7957	 0.5249790384325771
4.7913	 0.5248303776556772
4.7868	 0.5246600413929423
4.7824	 0.5244685265245254
4.778	 0.524265181199446
4.7736	 0.5240707716543671
4.7692	 0.5238760412970546
4.7648	 0.523673432399654
4.7605	 0.5234578960995688
4.7561	 0.5232328730423511
4.7517	 0.5233411564354108
4.7474	 0.5233170187096822
4.7431	 0.5230990085698497
4.7387	 0.5229006645391586
4.7344	 0.5227104835154812
4.7301	 0.5225168339981285
4.7258	 0.5223262622703957
4.7215	 0.5221443565706133
4.7172	 0.5219767568039678
4.7129	 0.5218259038612175
4.7086	 0.5216685868944997
4.7043	 0.5215030536147228
4.7	 0.5214997124861035
4.6958	 0.5215986874801779
4.6915	 0.5214314708618282
4.6873	 0.5212603265032358
4.6831	 0.5210902010524646
4.6788	 0.5209164343960099
4.6746	 0.5207314151465297
4.6704	 0.5205399848673147
4.6662	 0.5203451184405417
4.662	 0.5201379470618265
4.6578	 0.5199185288797123
4.6536	 0.5197976354902252
4.6495	 0.5195722430563101
4.6453	 0.5195919326612239
4.6411	 0.5193341217540982
4.637	 0.5190711009290567
4.6328	 0.5188077016038457
4.6287	 0.5185368467986684
4.6246	 0.5182573524178585
4.6205	 0.5179763085782326
4.6163	 0.5176827909037873
4.6122	 0.5173821875048028
4.6081	 0.5171609729827571
4.604	 0.5168680003646603
4.6	 0.516575326041858
4.5959	 0.5165235202427185
4.5918	 0.5162345695192623
4.5877	 0.5159407502002532
4.5837	 0.5156436242138633
4.5796	 0.5153501210230598
4.5756	 0.5150569091682426
4.5716	 0.5147615658894159
4.5675	 0.5144628003860253
4.5635	 0.514218417276369
4.5595	 0.5139373859186075
4.5555	 0.5136586615062954
4.5515	 0.5133753573211315
4.5475	 0.513298251361869
4.5435	 0.5130149279675241
4.5395	 0.5127310953337773
4.5356	 0.512439977924954
4.5316	 0.5121535851530988
4.5276	 0.5118723759688583
4.5237	 0.5115854845026998
4.5197	 0.5113332812014225
4.5158	 0.5110402985869498
4.5119	 0.510751563145394
4.508	 0.5104810274969234
4.504	 0.5102143116768115
4.5001	 0.5101553805913224
4.4962	 0.5098940863689249
4.4923	 0.5096393166362678
4.4884	 0.5093860071337758
4.4846	 0.5091341208888205
4.4807	 0.5089309870727082
4.4768	 0.5087030203260426
4.473	 0.5084806785877695
4.4691	 0.5082590937676352
4.4652	 0.508037445768516
4.4614	 0.507829160968608
4.4576	 0.507633114137724
4.4537	 0.5076215639514746
4.4499	 0.5074309414250805
4.4461	 0.5072512601696632
4.4423	 0.5071317182207518
4.4385	 0.5069708851818642
4.4347	 0.5068134236321344
4.4309	 0.5066687973516135
4.4271	 0.5065349520225729
4.4233	 0.5064035499893761
4.4196	 0.5062782246720109
4.4158	 0.5061634100493086
4.412	 0.5060529443996478
4.4083	 0.5060679816621183
4.4045	 0.5060132280698795
4.4008	 0.5059156580347406
4.3971	 0.5058224864497941
4.3934	 0.5057318650572236
4.3896	 0.505646797892183
4.3859	 0.505570850931558
4.3822	 0.5055038254536337
4.3785	 0.5054388123263845
4.3748	 0.5053744502562878
4.3711	 0.5053153600982865
4.3674	 0.5052660345601424
4.3638	 0.5053402099325243
4.3601	 0.5052806527164108
4.3564	 0.5052168743157689
4.3528	 0.5051639686883105
4.3491	 0.5051193610917627
4.3455	 0.5050764409146883
4.3418	 0.5050308671988903
4.3382	 0.5049853288382373
4.3346	 0.5049475276065105
4.331	 0.5049166449533337
4.3273	 0.5049279448769448
4.3237	 0.5049067853169916
4.3201	 0.5049512474879866
4.3165	 0.5049396239812197
4.3129	 0.5049248665671656
4.3094	 0.5049020956539477
4.3058	 0.504876521595647
4.3022	 0.5048516808071005
4.2986	 0.5048263664313452
4.2951	 0.5048090670700606
4.2915	 0.5048230557806254
4.288	 0.5048061845415509
4.2844	 0.5047892327393044
4.2809	 0.504820179246689
4.2774	 0.5047928417407798
4.2738	 0.5047671749528027
4.2703	 0.5047472271588215
4.2668	 0.5047288842919825
4.2633	 0.5047091719712521
4.2598	 0.5046826566668102
4.2563	 0.5046724084584175
4.2528	 0.5046452685480398
4.2493	 0.5046171434793261
4.2458	 0.5045856007777961
4.2424	 0.5045981963492372
4.2389	 0.5045667885851712
4.2354	 0.5045376090443222
4.232	 0.504510672830264
4.2285	 0.5044778352326478
4.2251	 0.5044411336413265
4.2216	 0.5044299791997214
4.2182	 0.5043889623791946
4.2148	 0.5043482891421456
4.2113	 0.5043075018184053
4.2079	 0.5042588537470022
4.2045	 0.5042492444520195
4.2011	 0.5041995541721722
4.1977	 0.5041505072214056
4.1943	 0.5041013878352427
4.1909	 0.5040562624709592
4.1875	 0.5040136264534367
4.1841	 0.5039586949778849
4.1808	 0.503905336741314
4.1774	 0.5038510431449598
4.174	 0.5037982224228597
4.1707	 0.5037418362115151
4.1673	 0.5036866153032908
4.164	 0.5036793372428439
4.1606	 0.5036283711493242
4.1573	 0.5035959185867808
4.154	 0.5035439573087734
4.1506	 0.5034834359353119
4.1473	 0.5034238112519631
4.144	 0.5033674006369889
4.1407	 0.50331924984935
4.1374	 0.5032676442025017
4.1341	 0.5032096887944757
4.1308	 0.5031484613896594
4.1275	 0.5031289181001088
4.1242	 0.5030732822266923
4.1209	 0.5030039732541653
4.1177	 0.5029249616667196
4.1144	 0.5028480512308899
4.1111	 0.5027784421656717
4.1079	 0.5027137772425216
4.1046	 0.5026499906043482
4.1014	 0.5025893649699466
4.0981	 0.5025190451046696
4.0949	 0.5024414355519052
4.0917	 0.502403047132892
4.0884	 0.5023328863361588
4.0852	 0.5022647965666398
4.082	 0.5021963389838335
4.0788	 0.5021252620570283
4.0756	 0.5020545052128766
4.0724	 0.5019758595757622
4.0692	 0.5018934622995193
4.066	 0.5018130436305324
4.0628	 0.5017294330519645
4.0596	 0.5016594651993145
4.0565	 0.5016238153863618
4.0533	 0.5015454596589395
4.0501	 0.5014618000103664
4.047	 0.5013795245093126
4.0438	 0.501299475139008
4.0406	 0.5012148524972709
4.0375	 0.5011280668362158
4.0344	 0.5010209014297912
4.0312	 0.5009290114625408
4.0281	 0.5008432343696368
4.025	 0.5007612045226093
4.0218	 0.5007102425880224
4.0187	 0.5006306456231242
4.0156	 0.5005482159022983
4.0125	 0.5004615203122921
4.0094	 0.5003781437012053
4.0063	 0.5003014574365926
4.0032	 0.5001939820115318
4.0001	 0.5001151744865044
3.997	 0.5000348624813821
3.994	 0.4999515499035363
3.9909	 0.499868462441642
3.9878	 0.49981735663888904
3.9847	 0.4997454235835944
3.9817	 0.49966561108414964
3.9786	 0.49958261049415803
3.9756	 0.49946559701670384
3.9725	 0.4993862486591546
3.9695	 0.49930668616735213
3.9665	 0.4992196012107443
3.9634	 0.4991296880558889
3.9604	 0.49903943580365384
3.9574	 0.49897175586119563
3.9544	 0.49888420195005956
3.9513	 0.49880471671528165
3.9483	 0.49869033805676133
3.9453	 0.498609868540372
3.9423	 0.4985270625363226
3.9393	 0.4984419825141269
3.9363	 0.4983537005101573
3.9333	 0.498264871875329
3.9304	 0.49817714868085883
3.9274	 0.49808837119035637
3.9244	 0.4980138539490025
3.9214	 0.49788221234034097
3.9185	 0.49780243631468685
3.9155	 0.49772790686654894
3.9126	 0.49765066604490665
3.9096	 0.49756535203376817
3.9067	 0.4974805512121047
3.9037	 0.49739679615010673
3.9008	 0.4973146599563622
3.8979	 0.4972359737106614
3.8949	 0.49711291057811163
3.892	 0.4970393749022827
3.8891	 0.4969517682157733
3.8862	 0.4968614632510123
3.8833	 0.4967685387981237
3.8804	 0.49668176097628286
3.8775	 0.49659863911681745
3.8746	 0.49651797017992966
3.8717	 0.49644201654041603
3.8688	 0.496318271789853
3.8659	 0.4962381143246827
3.863	 0.4961566258594918
3.8601	 0.4960747943666922
3.8573	 0.49599417166612547
3.8544	 0.49591340503885495
3.8515	 0.49583941568840323
3.8487	 0.49576553468265677
3.8458	 0.49568826367538005
3.843	 0.4955622908983121
3.8401	 0.49549363600533586
3.8373	 0.49542662998460724
3.8344	 0.49534777921189943
3.8316	 0.49527455979487
3.8288	 0.49520672420655165
3.8259	 0.49513779951004677
3.8231	 0.49506586944065795
3.8203	 0.4949881174739967
3.8175	 0.4948500181302827
3.8147	 0.49477828259506035
3.8119	 0.49471000965947176
3.8091	 0.4946379488386499
3.8063	 0.4945655862682478
3.8035	 0.49449053308033974
3.8007	 0.49442279730945426
3.7979	 0.49435173542793887
3.7951	 0.49428209108949706
3.7924	 0.49415111347487956
3.7896	 0.49407673514258665
3.7868	 0.4939949891612296
3.7841	 0.49391442240929223
3.7813	 0.49384063995352817
3.7785	 0.49377046179194506
3.7758	 0.4936848232199906
3.773	 0.4936131993570932
3.7703	 0.4934681980693644
3.7676	 0.49338794480253445
3.7648	 0.49331358724366675
3.7621	 0.4932398229586592
3.7594	 0.49316424248637114
3.7566	 0.49308479177001485
3.7539	 0.49300343547238096
3.7512	 0.4929241771842569
3.7485	 0.49282493330443483
3.7458	 0.4926611798355289
3.7431	 0.49257278884736816
3.7404	 0.492483641786374
3.7377	 0.49239677731981396
3.735	 0.49231449319224513
3.7323	 0.49223063638135867
3.7296	 0.49214403397801015
3.7269	 0.4920571099664265
3.7242	 0.49197310373337594
3.7216	 0.4917566007318139
3.7189	 0.49165997992951815
3.7162	 0.4915536214178354
3.7136	 0.4914371507729013
3.7109	 0.49131810264991765
3.7083	 0.4911953587246017
3.7056	 0.4910668862979579
3.703	 0.49093476323092144
3.7003	 0.4906660937052583
3.6977	 0.49053598459629405
3.695	 0.49037460395628446
3.6924	 0.490252227945008
3.6898	 0.4901413276574043
3.6872	 0.49003614695187353
3.6845	 0.48993127334485514
3.6819	 0.48982709676380115
3.6793	 0.4897186014565473
3.6767	 0.48950558029239016
3.6741	 0.4894013401489111
3.6715	 0.4892921982029096
3.6689	 0.48914939497416227
3.6663	 0.4890459604061754
3.6637	 0.48894338364058515
3.6611	 0.48883691296356835
3.6585	 0.4887236560281757
3.656	 0.4885071870672123
3.6534	 0.48839681574390337
3.6508	 0.4882799674555432
3.6482	 0.48816212417817034
3.6457	 0.48804473298240525
3.6431	 0.48787673023795214
3.6406	 0.48774774541681626
3.638	 0.4876111102307927
3.6355	 0.4873398941742195
3.6329	 0.48720190286316606
3.6304	 0.4870549663780449
3.6278	 0.48689677556206484
3.6253	 0.4867273910306847
3.6227	 0.4865554710820669
3.6202	 0.4863864270702794
3.6177	 0.4861649582690954
3.6152	 0.4859894541334891
3.6127	 0.4856514870864284
3.6101	 0.48548578324240865
3.6076	 0.48532438290126795
3.6051	 0.48516010154592715
3.6026	 0.4849998007084999
3.6001	 0.4848505666069992
3.5976	 0.48470327535711083
3.5951	 0.48455882279078916
3.5926	 0.4842579690260288
3.5901	 0.48412855469475624
3.5876	 0.48400021038743085
3.5852	 0.4838741270727938
3.5827	 0.48375073517024136
3.5802	 0.48362371847813757
3.5777	 0.4834932618692827
3.5753	 0.48336095402584023
3.5728	 0.4831226432258057
3.5704	 0.48294837959660686
3.5679	 0.4828417716178669
3.5654	 0.4827402410934644
3.563	 0.482636788613348
3.5605	 0.4825355879230105
3.5581	 0.4824417917502708
3.5557	 0.48234903840247795
3.5532	 0.4821625524149972
3.5508	 0.48206336875489036
3.5484	 0.4819663057030421
3.5459	 0.4818159343863124
3.5435	 0.481735123707924
3.5411	 0.48165825252149114
3.5387	 0.4815792485027213
3.5363	 0.4815003779021034
3.5338	 0.48134125901098657
3.5314	 0.48127119516099875
3.529	 0.4812056909917455
3.5266	 0.4811405684112625
3.5242	 0.481076425482541
3.5218	 0.4809544781259683
3.5195	 0.4809019002648586
3.5171	 0.4808569081901309
3.5147	 0.4807351636265888
3.5123	 0.48072024192163754
3.5099	 0.4807150462827515
3.5075	 0.4807212064414153
3.5052	 0.4807329866912619
3.5028	 0.48074826205873156
3.5004	 0.48069029570235744
3.4981	 0.48070702358077155
3.4957	 0.4806233359835555
3.4934	 0.480622176839839
3.491	 0.4806073581273565
3.4887	 0.4805844842796374
3.4863	 0.4805609156241196
3.484	 0.4805341425909354
3.4816	 0.48050476277267007
3.4793	 0.4804734755774451
3.477	 0.4802427614255209
3.4746	 0.4802003622330399
3.4723	 0.48016234803102953
3.47	 0.4801235326660153
3.4677	 0.4800819138597628
3.4653	 0.4800379611852071
3.463	 0.47999695970994605
3.4607	 0.47996435568329526
3.4584	 0.47992843543216995
3.4561	 0.47968220817375956
3.4538	 0.4796425618072847
3.4515	 0.47961408787126886
3.4492	 0.4795939720616571
3.4469	 0.47957729671264415
3.4446	 0.4795631491659282
3.4423	 0.47955384647482885
3.44	 0.4794312361930734
3.4378	 0.47943642137779385
3.4355	 0.47934044330965897
3.4332	 0.4793518649745036
3.4309	 0.4793691611215425
3.4287	 0.4794022996886138
3.4264	 0.47945730693492666
3.4241	 0.47952675402393974
3.4219	 0.4794745484993208
3.4196	 0.47955560755510274
3.4174	 0.4796424760649338
3.4151	 0.4797324688341433
3.4129	 0.479698721936641
3.4106	 0.4797687387392828
3.4084	 0.47982990511709894
3.4061	 0.47988581165098715
3.4039	 0.47979177058344036
3.4017	 0.47981991629065074
3.3994	 0.4798403986651879
3.3972	 0.4798596065864282
3.395	 0.47986765689484867
3.3928	 0.47973808939238816
3.3906	 0.47972847257564505
3.3883	 0.4797173757578812
3.3861	 0.4795700281545552
3.3839	 0.47956074009143485
3.3817	 0.47955259618094004
3.3795	 0.47954445092999165
3.3773	 0.47953369835679327
3.3751	 0.47952235522754294
3.3729	 0.4793720974740612
3.3707	 0.47919819583331696
3.3685	 0.47915709318415095
3.3663	 0.4791111923049886
3.3641	 0.47906526887022943
3.362	 0.4790166901263804
3.3598	 0.478965926994776
3.3576	 0.4789106052295179
3.3554	 0.4788517818429497
3.3533	 0.47850432459525677
3.3511	 0.47844875758085753
3.3489	 0.47839421647395375
3.3468	 0.4783344701817446
3.3446	 0.4782742439781943
3.3425	 0.47820725073536124
3.3403	 0.47813621018040536
3.3382	 0.47806763551343134
3.336	 0.4778383009056772
3.3339	 0.4776263565596021
3.3317	 0.47755233091352967
3.3296	 0.4774754780856427
3.3274	 0.4773911151761264
3.3253	 0.4773092749292184
3.3232	 0.4772251736937553
3.321	 0.4769846232537169
3.3189	 0.4768985088971844
3.3168	 0.4768076584455371
3.3147	 0.4765984405160732
3.3126	 0.47650345007870226
3.3104	 0.476403473989287
3.3083	 0.47629526816509077
3.3062	 0.47618351868101494
3.3041	 0.4759311376538153
3.302	 0.4758247533883408
3.2999	 0.47571762625505903
3.2978	 0.4756080393760235
3.2957	 0.4754003416264984
3.2936	 0.4753030685328693
3.2915	 0.4752188279273914
3.2894	 0.47499912302157044
3.2874	 0.47491524312420796
3.2853	 0.4748354573529747
3.2832	 0.47476083522524437
3.2811	 0.47469123530988483
3.279	 0.4746268583078013
3.277	 0.47444693113969516
3.2749	 0.4743898501893458
3.2728	 0.47419664952023977
3.2708	 0.47413424792536735
3.2687	 0.47407666580675784
3.2666	 0.47402387810047936
3.2646	 0.47397600542133783
3.2625	 0.47392770053363037
3.2605	 0.47387642796865215
3.2584	 0.4737129346143541
3.2564	 0.4735554030890235
3.2543	 0.473522131509649
3.2523	 0.47348474020781034
3.2503	 0.47344093859142344
3.2482	 0.4733934840596282
3.2462	 0.47334619578575204
3.2442	 0.47330078329249714
3.2421	 0.47313178281421137
3.2401	 0.47297740330402466
3.2381	 0.47293407729178494
3.2361	 0.47289006992465016
3.234	 0.4728535964667813
3.232	 0.4728217041627157
3.23	 0.4727874616574019
3.228	 0.47262928322042513
3.226	 0.4725725864278773
3.224	 0.47251123685915286
3.222	 0.47238389155213556
3.22	 0.4723266008446136
3.218	 0.4722657780406624
3.216	 0.4722051891277256
3.214	 0.4721477034726265
3.212	 0.47198845142196255
3.21	 0.4719412964815751
3.208	 0.4719050882697606
3.206	 0.4718770970298238
3.204	 0.47177252563943456
3.2021	 0.4717564204560729
3.2001	 0.4716442061555136
3.1981	 0.47163845780267927
3.1961	 0.47163955835445726
3.1942	 0.4716463164716855
3.1922	 0.47165858764012253
3.1902	 0.47168010264622745
3.1883	 0.471700153960918
3.1863	 0.4716088682033148
3.1844	 0.4715336252681823
3.1824	 0.47156133505858067
3.1805	 0.47158797317412465
3.1785	 0.4716241368394507
3.1766	 0.47166820523723885
3.1746	 0.4717108417320163
3.1727	 0.47175626358386186
3.1707	 0.4715996428189186
3.1688	 0.47166738557817356
3.1669	 0.4717370552691232
3.1649	 0.47180457259753233
3.163	 0.4718737451897877
3.1611	 0.47194600095035993
3.1591	 0.4720208581152754
3.1572	 0.47202539169644736
3.1553	 0.4721176757678479
3.1534	 0.4720773123464098
3.1515	 0.4721747897897473
3.1495	 0.4722750579764769
3.1476	 0.4723775273620388
3.1457	 0.47247586255067436
3.1438	 0.47251218552759516
3.1419	 0.4726280715770037
3.14	 0.47275224425131684
3.1381	 0.47288241749591775
3.1362	 0.47286984443599805
3.1343	 0.473003683611698
3.1324	 0.47313484281728596
3.1305	 0.47321018108439405
3.1286	 0.4733563421818855
3.1268	 0.47351428676379975
3.1249	 0.47367217064492706
3.123	 0.47382844154115505
3.1211	 0.4738404940989557
3.1192	 0.4740107870257966
3.1174	 0.4741352983486513
3.1155	 0.47430394726808883
3.1136	 0.4744718887399411
3.1117	 0.47464101458443103
3.1099	 0.47481923752931693
3.108	 0.47500971037299494
3.1061	 0.4751999042636277
3.1043	 0.47520483855833084
3.1024	 0.4753979737884513
3.1006	 0.47558890458708614
3.0987	 0.47578295068694104
3.0969	 0.47598570644741706
3.095	 0.4761901155476683
3.0932	 0.4763898757500169
3.0913	 0.4765883009077636
3.0895	 0.4766497224899515
3.0876	 0.47687575022604517
3.0858	 0.47709868052673887
3.084	 0.4773219650250269
3.0821	 0.47754810734732167
3.0803	 0.4777729934996479
3.0785	 0.47799931056958667
3.0766	 0.47824495394063143
3.0748	 0.47848300288793655
3.073	 0.47857043036920666
3.0712	 0.478822941582064
3.0694	 0.4790793294399781
3.0675	 0.4793394285927586
3.0657	 0.47962479625247995
3.0639	 0.4798851397537445
3.0621	 0.48015589809489445
3.0603	 0.48042706734773055
3.0585	 0.48053996648372416
3.0567	 0.4808008177953545
3.0549	 0.48106928908855723
3.0531	 0.4813530502342987
3.0513	 0.48170070227385525
3.0495	 0.4819992896251653
3.0477	 0.48230560133672334
3.0459	 0.4826127471226696
3.0441	 0.48292580205251123
3.0423	 0.48309651754646293
3.0406	 0.48342357903609
3.0388	 0.4838338801471756
3.037	 0.4841693236431904
3.0352	 0.4845045098571365
3.0334	 0.4848375938186241
3.0317	 0.48516812502701784
3.0299	 0.48550418713105203
3.0281	 0.4858341644645243
3.0264	 0.48620635417021946
3.0246	 0.4865787450600677
3.0228	 0.4869511325777021
3.0211	 0.4873287457137553
3.0193	 0.4877144564190751
3.0176	 0.48810626352681236
3.0158	 0.48863485877165147
3.014	 0.4890301038810516
3.0123	 0.4892955534666627
3.0105	 0.4897174381316028
3.0088	 0.49013657208714384
3.007	 0.49055720147849874
3.0053	 0.49098538529753194
3.0036	 0.49160401657725195
3.0018	 0.4920491823292865
3.0001	 0.4923620545225721
2.9984	 0.4928213168628957
2.9966	 0.49328770933896654
2.9949	 0.4937573627140373
2.9932	 0.49442986621012436
2.9914	 0.4949177874565446
2.9897	 0.4954100569175518
2.988	 0.49590785960628786
2.9863	 0.49640632572064375
2.9845	 0.49678026527367636
2.9828	 0.4972934872872361
2.9811	 0.49803085501175703
2.9794	 0.4985574484888629
2.9777	 0.4990859586199172
2.976	 0.4996237843933808
2.9743	 0.5001718351357077
2.9726	 0.5007248124602479
2.9709	 0.5011549811109706
2.9692	 0.5019646111985767
2.9675	 0.5025325178020242
2.9658	 0.5031130508912427
2.9641	 0.5036994476541684
2.9624	 0.5042860393748105
2.9607	 0.5048843987226429
2.959	 0.5054935079621171
2.9573	 0.506280506351274
2.9556	 0.5068895996286501
2.9539	 0.5075092589371589
2.9523	 0.5081347339866484
2.9506	 0.5087649806920737
2.9489	 0.5094064939689636
2.9472	 0.510386601148707
2.9455	 0.5110585293252249
2.9439	 0.5116066586145743
2.9422	 0.5122706832481044
2.9405	 0.5129364254222132
2.9389	 0.5136094462350039
2.9372	 0.5142895032605743
2.9355	 0.5153317238937446
2.9339	 0.5160368058016361
2.9322	 0.516752481847301
2.9306	 0.5173644636485363
2.9289	 0.5180845486538493
2.9272	 0.5188002728177729
2.9256	 0.5195139757577134
2.9239	 0.5206144972653748
2.9223	 0.5213399938353903
2.9207	 0.5220615648713463
2.919	 0.5227873044070853
2.9174	 0.5234322075209684
2.9157	 0.5241728537540755
2.9141	 0.5253143735231222
2.9124	 0.5260640944753304
2.9108	 0.5268191226252972
2.9092	 0.5275658281851542
2.9075	 0.5283082735627597
2.9059	 0.5290546547465971
2.9043	 0.5297230321828692
2.9027	 0.5308930269794354
2.901	 0.5316484563283432
2.8994	 0.5324065388036416
2.8978	 0.5331691368069847
2.8962	 0.5339283200648784
2.8946	 0.53468287277417
2.8929	 0.5358361893771494
2.8913	 0.536501926303445
2.8897	 0.5372426119261179
2.8881	 0.5379785742276687
2.8865	 0.5387158667964963
2.8849	 0.5394526905994146
2.8833	 0.5401776740152586
2.8817	 0.5412853093805039
2.8801	 0.5420090294508016
2.8785	 0.5427229513770805
2.8769	 0.5433606399388794
2.8753	 0.5440563503101803
2.8737	 0.5447559167478315
2.8721	 0.5458056592434074
2.8705	 0.5464848939458794
2.8689	 0.5471583994827534
2.8673	 0.5478281593430845
2.8658	 0.548437594480029
2.8642	 0.549099649145637
2.8626	 0.5497496459145734
2.861	 0.5507114107510286
2.8594	 0.5513466327925249
2.8579	 0.5519784607180891
2.8563	 0.5526080132972114
2.8547	 0.5532193264438379
2.8531	 0.5538130135613547
2.8516	 0.5546508852683015
2.85	 0.5552336724013995
2.8484	 0.5558050589739325
2.8469	 0.556365755596233
2.8453	 0.5569173076845709
2.8437	 0.5574536561775176
2.8422	 0.5582272710890178
2.8406	 0.5587386922269414
2.8391	 0.5592163088939548
2.8375	 0.5597114613454284
2.836	 0.5601976430112656
2.8344	 0.56067579886068
2.8329	 0.5611444558141427
2.8313	 0.5618120882266489
2.8298	 0.5622501293231048
2.8282	 0.5626528321039733
2.8267	 0.5630582858290322
2.8252	 0.5634571350708298
2.8236	 0.5640455504396724
2.8221	 0.5644311362945676
2.8205	 0.5648014880425495
2.819	 0.5651599446652813
2.8175	 0.5655131764450723
2.8159	 0.5658625428094216
2.8144	 0.5662043473149755
2.8129	 0.5666869318370348
2.8114	 0.5669923582356281
2.8098	 0.5672881290223114
2.8083	 0.5675816146029931
2.8068	 0.5678574142400101
2.8053	 0.5681081018662196
2.8038	 0.5684923321579879
2.8022	 0.5687244615416116
2.8007	 0.5689513074984177
2.7992	 0.5691684642293533
2.7977	 0.5693685668606561
2.7962	 0.5695515912733111
2.7947	 0.5697229393720895
2.7932	 0.5700257427843799
2.7917	 0.570175201840535
2.7902	 0.5703141013207087
2.7887	 0.5704414237951093
2.7872	 0.570561082808793
2.7857	 0.5706695359027719
2.7842	 0.5708408270931823
2.7827	 0.5709200433173207
2.7812	 0.5710589282655825
2.7797	 0.5711223460208371
2.7782	 0.5711710065053157
2.7767	 0.5712031289802658
2.7752	 0.5712680564245766
2.7738	 0.5712645377517539
2.7723	 0.5712542306943232
2.7708	 0.5712389537778118
2.7693	 0.5713018075069899
2.7678	 0.5712619732415913
2.7664	 0.5712017003798143
2.7649	 0.5711668583050395
2.7634	 0.5710810199204851
2.7619	 0.5709849763530328
2.7605	 0.5708712459997058
2.759	 0.5707416414149098
2.7575	 0.5707436514287954
2.7561	 0.5705968219672708
2.7546	 0.5704360676270933
2.7531	 0.5702542097149293
2.7517	 0.570060011476901
2.7502	 0.569851284785094
2.7488	 0.5696216713624206
2.7473	 0.569528010780835
2.7458	 0.5692694272989866
2.7444	 0.5690002401678284
2.7429	 0.5687280234359151
2.7415	 0.5684430335312525
2.74	 0.5681420802350828
2.7386	 0.5678251121904543
2.7371	 0.5674861852382237
2.7357	 0.5673029501922441
2.7343	 0.5669458269316232
2.7328	 0.5665551377120494
2.7314	 0.5661487132405575
2.7299	 0.5657359277061749
2.7285	 0.5653094325094767
2.7271	 0.5648724502831097
2.7256	 0.5644284788654857
2.7242	 0.5641657209752472
2.7228	 0.5637055012051686
2.7213	 0.5632182854375811
2.7199	 0.5627353487153244
2.7185	 0.562236670041182
2.7171	 0.5617238864060456
2.7156	 0.5612026591724932
2.7142	 0.56087953513064
2.7128	 0.5603170589209489
2.7114	 0.5597616297257126
2.71	 0.559196258181738
2.7085	 0.5586248803565889
2.7071	 0.5580423578276889
2.7057	 0.5574513143635952
2.7043	 0.5568246567471757
2.7029	 0.5564395730914011
2.7015	 0.5558198235552629
2.7001	 0.5551940434542425
2.6987	 0.5545552553119868
2.6973	 0.5539052875493135
2.6959	 0.5532257498170368
2.6945	 0.5525739420326814
2.6931	 0.5521700298774606
2.6917	 0.5515099116912825
2.6903	 0.550844773244923
2.6889	 0.5501726822736411
2.6875	 0.5494616447457406
2.6861	 0.5487751369142577
2.6847	 0.5480984678667193
2.6833	 0.5474225585402985
2.6819	 0.5470129438223629
2.6805	 0.5463006047073777
2.6791	 0.5456155234285479
2.6778	 0.5449401221914525
2.6764	 0.5442668143967235
2.675	 0.5435863212076448
2.6736	 0.5429012192194211
2.6722	 0.5425074789742729
2.6709	 0.5417874050338843
2.6695	 0.5411010745358155
2.6681	 0.5404158624601426
2.6667	 0.5397303957947341
2.6654	 0.5390387495109263
2.664	 0.5383486034139056
2.6626	 0.5376314967034308
2.6613	 0.5372518636430562
2.6599	 0.5365672230944203
2.6585	 0.5358923832485984
2.6572	 0.5352191429378708
2.6558	 0.5345490657670221
2.6545	 0.5338555155256727
2.6531	 0.533183595990698
2.6517	 0.532825219342154
2.6504	 0.5321553042044158
2.649	 0.5314911290935519
2.6477	 0.5307990578119094
2.6463	 0.5301431436542945
2.645	 0.5294964694332717
2.6436	 0.5288574308508988
2.6423	 0.5285402025570493
2.6409	 0.5279060700041698
2.6396	 0.5272762513800907
2.6382	 0.5266185003004143
2.6369	 0.5259936841482548
2.6356	 0.5253664748259533
2.6342	 0.5247491237699842
2.6329	 0.5241439306818966
2.6315	 0.5238296967314368
2.6302	 0.523230032172421
2.6289	 0.5226410588774458
2.6275	 0.5220556018763592
2.6262	 0.5214738081304546
2.6249	 0.5208915616866269
2.6236	 0.5206249326105855
2.6222	 0.5200059025652198
2.6209	 0.5194344680433605
2.6196	 0.5188665648534931
2.6183	 0.5182992635216173
2.6169	 0.5176958475112335
2.6156	 0.5171338197039678
2.6143	 0.5165799788537278
2.613	 0.5163523641519413
2.6117	 0.5158118734129774
2.6103	 0.5152748989765698
2.609	 0.5147331240121954
2.6077	 0.5141551666994401
2.6064	 0.5136365640616459
2.6051	 0.5131371422695543
2.6038	 0.5129420121229965
2.6025	 0.5124324770507078
2.6012	 0.5119217078956622
2.5999	 0.5113810168704339
2.5986	 0.5108812826984299
2.5973	 0.510395282914753
2.596	 0.509920463026249
2.5947	 0.5094485024298033
2.5934	 0.5092409876494702
2.5921	 0.5087739219269115
2.5908	 0.5083114955155609
2.5895	 0.5078480313341728
2.5882	 0.5073873788408317
2.5869	 0.5069331431059804
2.5856	 0.5064607912539445
2.5843	 0.5063109740710533
2.583	 0.5058770920427138
2.5817	 0.5054398936505331
2.5805	 0.5050013927457176
2.5792	 0.5045696150799736
2.5779	 0.5041024026370866
2.5766	 0.503690143260521
2.5753	 0.503559867264713
2.5741	 0.5031681128656486
2.5728	 0.5027745599138905
2.5715	 0.5023384218468512
2.5702	 0.5019419118954331
2.569	 0.5015491895928894
2.5677	 0.5011662709392867
2.5664	 0.5007949611292846
2.5651	 0.5006818092385955
2.5639	 0.5002818139500192
2.5626	 0.49991916260227987
2.5613	 0.4995639859608434
2.5601	 0.4992176748207502
2.5588	 0.4988707253090634
2.5575	 0.4987600330173644
2.5563	 0.4983933578918689
2.555	 0.49805800068499706
2.5538	 0.4977350164995051
2.5525	 0.49742240127336773
2.5513	 0.4971131816430232
2.55	 0.4967684080458736
2.5487	 0.49647190901864746
2.5475	 0.496381937464688
2.5462	 0.49609660997151667
2.545	 0.495815773686878
2.5437	 0.4955404760116591
2.5425	 0.4952379374900392
2.5413	 0.49496932781373126
2.54	 0.49471154155462255
2.5388	 0.4946327928736167
2.5375	 0.49438442889059325
2.5363	 0.494136540745856
2.535	 0.4938540069264114
2.5338	 0.49362185495287575
2.5326	 0.493408181794467
2.5313	 0.4931924229947754
2.5301	 0.49311259192577317
2.5289	 0.49290297241746617
2.5276	 0.492663221785918
2.5264	 0.4924701024592205
2.5252	 0.4922754778811822
2.5239	 0.4920847042360602
2.5227	 0.4919065726021231
2.5215	 0.4918099638133968
2.5202	 0.4916407268245264
2.519	 0.49147309224167907
2.5178	 0.4913076566481276
2.5166	 0.49114875774107963
2.5154	 0.4909985503869665
2.5141	 0.4908192566724141
2.5129	 0.4907669328220746
2.5117	 0.49063214215514384
2.5105	 0.49049965548771984
2.5093	 0.4903725894910315
2.5081	 0.4902195872780416
2.5068	 0.49010789773593405
2.5056	 0.4899995463426032
2.5044	 0.4899502685516839
2.5032	 0.4898526715544014
2.502	 0.4897190135812638
2.5008	 0.4896232579758578
2.4996	 0.4895407726545114
2.4984	 0.48946505538193097
2.4972	 0.48938820483061474
2.496	 0.4893400642035946
2.4948	 0.4892263478543334
2.4936	 0.48915497797055096
2.4924	 0.4890899951092611
2.4912	 0.48902297878664497
2.49	 0.48896095936818706
2.4888	 0.4888758200142784
2.4876	 0.48883310627728155
2.4864	 0.4887864128834362
2.4852	 0.4887373465625221
2.484	 0.4886859435533787
2.4828	 0.4886406617385841
2.4816	 0.48856305789020943
2.4805	 0.4885156617084712
2.4793	 0.4884701860798181
2.4781	 0.48842047299089975
2.4769	 0.4883679805831287
2.4757	 0.48828907752447326
2.4745	 0.4882499139300161
2.4734	 0.4882129529194662
2.4722	 0.4881783075965314
2.471	 0.4881354137645092
2.4698	 0.48810609468459437
2.4686	 0.48804022961085425
2.4675	 0.4880114456585102
2.4663	 0.4879925631138128
2.4651	 0.48798148709597944
2.464	 0.4879691742899858
2.4628	 0.48793227878144046
2.4616	 0.4878842289883699
2.4604	 0.48787007754112793
2.4593	 0.48785383370006696
2.4581	 0.4878340752969695
2.4569	 0.48780922405161753
2.4558	 0.48774827531110826
2.4546	 0.48770320232504977
2.4535	 0.48769028383959356
2.4523	 0.48768269641336415
2.4511	 0.4876699907721249
2.45	 0.4876343539553065
2.4488	 0.4876343671839943
2.4477	 0.48760169756120286
2.4465	 0.4875914878833118
2.4454	 0.48757857367131724
2.4442	 0.48752877327135097
2.4431	 0.4875255589238111
2.4419	 0.4875271491344988
2.4408	 0.4875235428963496
2.4396	 0.4875198499745351
2.4385	 0.4874884009480995
2.4373	 0.4874524110694801
2.4362	 0.4874593456788919
2.435	 0.4874685633356606
2.4339	 0.48746944627423394
2.4327	 0.4874611024541803
2.4316	 0.4873951928416835
2.4305	 0.4873918970249211
2.4293	 0.4873863351566594
2.4282	 0.487382082519257
2.427	 0.4873825792670344
2.4259	 0.48734146348861196
2.4248	 0.4873394329859235
2.4236	 0.4873450298509902
2.4225	 0.4873207494864186
2.4214	 0.48732473788715674
2.4202	 0.4872998233614723
2.4191	 0.4873076271903771
2.418	 0.487312527980617
2.4169	 0.4872814669237333
2.4157	 0.48728548785613834
2.4146	 0.48728841221217845
2.4135	 0.4872630545823966
2.4124	 0.4872613134088038
2.4112	 0.48725668141694667
2.4101	 0.48725837057982985
2.409	 0.48727113451170057
2.4079	 0.4872471725733543
2.4068	 0.4872221314250966
2.4056	 0.4872179618982244
2.4045	 0.4872073742279255
2.4034	 0.4872052289073014
2.4023	 0.4871776213386152
2.4012	 0.4871861837914084
2.4001	 0.48715466620429293
2.399	 0.487159101718695
2.3979	 0.48716859681006275
2.3967	 0.487169144963575
2.3956	 0.48712788455337147
2.3945	 0.48712252028882835
2.3934	 0.48709445833320214
2.3923	 0.487098163234579
2.3912	 0.48709774447966947
2.3901	 0.4870692243111431
2.389	 0.48707732250988783
2.3879	 0.4870880369716431
2.3868	 0.4870923955967919
2.3857	 0.4870537368515729
2.3846	 0.4870124541383077
2.3835	 0.4870120085830578
2.3824	 0.4870179982724003
2.3813	 0.48702775284695243
2.3802	 0.4870373066478968
2.3791	 0.4870490721656956
2.3781	 0.4869930752246353
2.377	 0.48700385342669006
2.3759	 0.4870099575913967
2.3748	 0.4870146765992196
2.3737	 0.4870146073133859
2.3726	 0.48697409761792315
2.3715	 0.4869500998913849
2.3704	 0.48696429027160276
2.3694	 0.4869851315648078
2.3683	 0.4870030369843204
2.3672	 0.4869852860662281
2.3661	 0.48699441224608875
2.365	 0.48700044531083114
2.364	 0.48697670518039315
2.3629	 0.4869891997035014
2.3618	 0.48697643717345196
2.3607	 0.4869826122996943
2.3597	 0.4869914112343407
2.3586	 0.4870058349377359
2.3575	 0.48700985163301935
2.3564	 0.48694326248793485
2.3554	 0.4869589448696332
2.3543	 0.48697842812958586
2.3532	 0.4869888153824875
2.3522	 0.4870005147744866
2.3511	 0.48700929029644274
2.35	 0.48695222229044616
2.349	 0.4869673483436455
2.3479	 0.4869774649686234
2.3468	 0.4869884888984192
2.3458	 0.4870021964045741
2.3447	 0.4869826794551591
2.3436	 0.4869816077970073
2.3426	 0.4869387761828738
2.3415	 0.4869445550370226
2.3405	 0.4869584266227004
2.3394	 0.4869352985263448
2.3384	 0.48694249392579464
2.3373	 0.48695686647866326
2.3363	 0.4869708483562475
2.3352	 0.48690666689597323
2.3342	 0.4869170630428886
2.3331	 0.4869229268414278
2.3321	 0.4869353696670059
2.331	 0.4869619181713831
2.33	 0.4869851349633309
2.3289	 0.4869690046484268
2.3279	 0.4869447124911756
2.3268	 0.486959073215908
2.3258	 0.48697319700355796
2.3247	 0.4869942121879045
2.3237	 0.4869743195257651
2.3226	 0.4869872262770977
2.3216	 0.4869622754173576
2.3206	 0.4869670105549112
2.3195	 0.4869773804837454
2.3185	 0.4869692834618223
2.3175	 0.4869929981444644
2.3164	 0.4870082043384548
2.3154	 0.4870164911264337
2.3144	 0.48699317191734315
2.3133	 0.48697392217050606
2.3123	 0.4869882657681137
2.3113	 0.48700717357175716
2.3102	 0.4870195496717076
2.3092	 0.4870249723109407
2.3082	 0.4869661165974972
2.3071	 0.48696970240099974
2.3061	 0.48697556092066635
2.3051	 0.48698068089545715
2.3041	 0.4869862986324208
2.303	 0.486958760212988
2.302	 0.4869322837330209
2.301	 0.4869467803540095
2.3	 0.48695255615151944
2.299	 0.4869541422112862
2.2979	 0.4869330997727033
2.2969	 0.4869478448726066
2.2959	 0.4869600813604096
2.2949	 0.48693264045267337
2.2939	 0.48694502476248724
2.2929	 0.4869235679711965
2.2918	 0.4869395195959704
2.2908	 0.48696026726709496
2.2898	 0.48697331862281656
2.2888	 0.4869405769785388
2.2878	 0.4869130986316414
2.2868	 0.4869203069153285
2.2858	 0.48692281557366773
2.2848	 0.48692548409933734
2.2838	 0.4869275494009251
2.2828	 0.4869033819002898
2.2818	 0.4868748683336085
2.2808	 0.4868852343552174
2.2798	 0.4868938675358253
2.2787	 0.48690512677164133
2.2777	 0.48695302131109736
2.2767	 0.4869993239405203
2.2757	 0.48700384105952677
2.2747	 0.48704344710709113
2.2738	 0.48708451778607365
2.2728	 0.4871254460829264
2.2718	 0.48716826217528675
2.2708	 0.48721164213303875
2.2698	 0.48725390293751525
2.2688	 0.4872594812420564
2.2678	 0.4873040164757597
2.2668	 0.4873433247856587
2.2658	 0.4873734183306101
2.2648	 0.48740356386968553
2.2638	 0.4874393343861206
2.2628	 0.48747806326249893
2.2618	 0.4874772156148815
2.2609	 0.4875145855137852
2.2599	 0.4875534404934573
2.2589	 0.4875901461685345
2.2579	 0.4876290725019649
2.2569	 0.4876750911355966
2.2559	 0.4876805189700619
2.255	 0.48772574918697914
2.254	 0.4877670661960364
2.253	 0.4878060849220625
2.252	 0.48785266652410214
2.251	 0.4879013007144205
2.2501	 0.4878985629874702
2.2491	 0.4879234992499256
2.2481	 0.4879515953589533
2.2471	 0.4879903400079072
2.2462	 0.4880353544556667
2.2452	 0.48808478962123136
2.2442	 0.48809336187080526
2.2433	 0.48812679031520007
2.2423	 0.48815069758448115
2.2413	 0.48817769531734384
2.2403	 0.48820854324797563
2.2394	 0.4882402465640658
2.2384	 0.4882764065221021
2.2374	 0.4882754412868864
2.2365	 0.48830499385390186
2.2355	 0.4883296529408643
2.2345	 0.48835690470631904
2.2336	 0.48839065522719083
2.2326	 0.48843001784123113
2.2317	 0.4884319674864659
2.2307	 0.48846845618521395
2.2297	 0.4885050623345403
2.2288	 0.4885416441742444
2.2278	 0.4885718697290704
2.2269	 0.4886041106487326
2.2259	 0.48861217642801996
2.225	 0.4886590255219239
2.224	 0.48869804423065877
2.2231	 0.4887257550316444
2.2221	 0.488751056006712
2.2211	 0.4887804110921159
2.2202	 0.48877349322912406
2.2192	 0.4887989237016955
2.2183	 0.4888297765279561
2.2173	 0.4888690150604525
2.2164	 0.48890918515955456
2.2155	 0.4889472562709528
2.2145	 0.4889779519227711
2.2136	 0.4889729751558071
2.2126	 0.4890066187957243
2.2117	 0.48904539458966934
2.2107	 0.4890846835029382
2.2098	 0.48911634016743816
2.2088	 0.48914837221300345
2.2079	 0.48918552920396563
2.207	 0.48918411089454356
2.206	 0.48921324786302933
2.2051	 0.48925406224162116
2.2041	 0.48930096763820424
2.2032	 0.48934637525326036
2.2023	 0.4893532196150801
2.2013	 0.4893844504401811
2.2004	 0.48941898256340827
2.1995	 0.48945636679966226
2.1985	 0.48948266672645446
2.1976	 0.48950987999046586
2.1967	 0.4895473885327536
2.1957	 0.48955734997484995
2.1948	 0.4896068796026892
2.1939	 0.48964859090249246
2.193	 0.48968003478196853
2.192	 0.4897107010951624
2.1911	 0.4897462534463104
2.1902	 0.48974530823964874
2.1893	 0.4897769040056975
2.1883	 0.48979961697433094
2.1874	 0.4898236436584404
2.1865	 0.48986236602469185
2.1856	 0.4899096847314553
2.1846	 0.4899157587927399
2.1837	 0.4899537538949815
2.1828	 0.489984317073636
2.1819	 0.4900160532549182
2.181	 0.49005576541532586
2.18	 0.49009629625075557
2.1791	 0.4901303889327313
2.1782	 0.49013725259112434
2.1773	 0.49017639644293143
2.1764	 0.49021392061342617
2.1755	 0.4902406425379601
2.1746	 0.49027195998117307
2.1736	 0.4903223805323588
2.1727	 0.4903437079702061
2.1718	 0.4903824628988408
2.1709	 0.4904087682272277
2.17	 0.49042504291931327
2.1691	 0.4904458764691591
2.1682	 0.49047673471297887
2.1673	 0.49047393258686484
2.1664	 0.4904989520713875
2.1655	 0.4905260682966619
2.1646	 0.49055787039827226
2.1637	 0.4905909202592044
2.1628	 0.4906152174516691
2.1619	 0.4906039343143965
2.161	 0.49063193966987884
2.1601	 0.4906711344123997
2.1592	 0.4907041788611311
2.1583	 0.4907462406561563
2.1574	 0.4907979064984678
2.1565	 0.49080137944881375
2.1556	 0.4908238570119043
2.1547	 0.4908389566124726
2.1538	 0.4908676402444528
2.1529	 0.4908985795423077
2.152	 0.49094042179561204
2.1511	 0.4909822903577232
2.1502	 0.49099324562683433
2.1493	 0.49103274971885164
2.1484	 0.4910691594393614
2.1475	 0.49109512175406134
2.1466	 0.491113356434191
2.1458	 0.49113075561807695
2.1449	 0.4911300031260531
2.144	 0.4911791430729831
2.1431	 0.491240252683661
2.1422	 0.4912880787259235
2.1413	 0.491314046619588
2.1404	 0.49133551660482067
2.1396	 0.4913406819545053
2.1387	 0.49138487604981873
2.1378	 0.49141593575082243
2.1369	 0.4914489487383614
2.136	 0.4914847846647754
2.1352	 0.4914994171231095
2.1343	 0.4915595846102043
2.1334	 0.49162147872991385
2.1325	 0.49166470025195735
2.1316	 0.49167365142185787
2.1308	 0.4916746054938279
2.1299	 0.4916948953247587
2.129	 0.4917036592294913
2.1281	 0.49174637932908405
2.1273	 0.4917794064787364
2.1264	 0.4918098007092896
2.1255	 0.4918264984219992
2.1247	 0.4918528463146632
2.1238	 0.49186499979651943
2.1229	 0.4918864002779615
2.122	 0.49191073621625064
2.1212	 0.4919564034846561
2.1203	 0.49199300319804645
2.1194	 0.49200861929532075
2.1186	 0.491992506949277
2.1177	 0.49199675327874104
2.1168	 0.4920185057998977
2.116	 0.4920639797348899
2.1151	 0.4921017141181766
2.1143	 0.49213378199264
2.1134	 0.49213803655520105
2.1125	 0.49213296583713717
2.1117	 0.49211135888793534
2.1108	 0.4921389808220528
2.11	 0.4922179150744333
2.1091	 0.4922551426808605
2.1082	 0.4922462625059064
2.1074	 0.49228077516432894
2.1065	 0.4923087992060639
2.1057	 0.4923429453196281
2.1048	 0.49236001705618965
2.104	 0.4923910962438401
2.1031	 0.4924104654687901
2.1023	 0.4924402905899029
2.1014	 0.492466437934397
2.1005	 0.49249325180698894
2.0997	 0.49249513186211186
2.0988	 0.4924926865231704
2.098	 0.4924779938934722
2.0971	 0.49248795668616646
2.0963	 0.4925284196373771
2.0955	 0.49259010189265057
2.0946	 0.49259797054363763
2.0938	 0.4926052648587043
2.0929	 0.49254926990093295
2.0921	 0.49246114006692515
2.0912	 0.4923608013792862
2.0904	 0.4923105360597909
2.0895	 0.49236466659319744
2.0887	 0.492451303698182
2.0879	 0.4924735393115845
2.087	 0.4925369338033255
2.0862	 0.492663038913082
2.0853	 0.49277191106874235
2.0845	 0.49284614630266044
2.0837	 0.4927627838982833
2.0828	 0.4926554461632126
2.082	 0.4925276702045993
2.0812	 0.49269763670671685
2.0803	 0.4929371628137482
2.0795	 0.0
