0.4	 1.0
0.401	 0.5717883065291267
0.402	 0.5728157236228242
0.403	 0.5738558837526841
0.404	 0.5748983135679635
0.405	 0.5759546011585461
0.406	 0.5770179775259214
0.407	 0.5780861327913833
0.408	 0.5791611073139645
0.409	 0.5802420418821194
0.41	 0.5813351950954667
0.411	 0.582433267760012
0.412	 0.5835354350694038
0.413	 0.584648577505863
0.414	 0.5857648245195011
0.415	 0.586891685255381
0.416	 0.5880227482373103
0.417	 0.5891613141057918
0.418	 0.5903044868258618
0.419	 0.5914467263580628
0.42	 0.5926021191662625
0.421	 0.5937576829407105
0.422	 0.5949186787430966
0.423	 0.5960882629716572
0.424	 0.5972570282669374
0.425	 0.5984393059190257
0.426	 0.5996270044405809
0.427	 0.6008148008132609
0.428	 0.6020103331955673
0.429	 0.6032012779237328
0.43	 0.6044060439812637
0.431	 0.6056104495482452
0.432	 0.6068200724566212
0.433	 0.6080341270165147
0.434	 0.6092468944014454
0.435	 0.6104614034779936
0.436	 0.6116793851666272
0.437	 0.6128982750311136
0.438	 0.6141216047614219
0.439	 0.6153462202770983
0.44	 0.616573215216455
0.441	 0.6177989184432058
0.442	 0.6190262205403931
0.443	 0.6202526781177141
0.444	 0.6214799733292948
0.445	 0.6227114745233351
0.446	 0.6239441573552793
0.447	 0.6251750739377591
0.448	 0.6264041800645183
0.449	 0.627634241576625
0.45	 0.6288679509805037
0.451	 0.6300979480150571
0.452	 0.63132808074254
0.453	 0.6325560770093154
0.454	 0.6337895061676408
0.455	 0.6350200802665201
0.456	 0.6362467012504724
0.457	 0.6374725609628933
0.458	 0.6387002364938638
0.459	 0.6399275058971393
0.46	 0.641149596780907
0.461	 0.6423706759672612
0.462	 0.643591709144433
0.463	 0.6448167020566785
0.464	 0.646030256852783
0.465	 0.6472415981831038
0.466	 0.6484556944106247
0.467	 0.6496639488586367
0.468	 0.6508723229983742
0.469	 0.6514009054625751
0.47	 0.6526057965458009
0.471	 0.65381263699475
0.472	 0.6550193610588733
0.473	 0.6562181829712832
0.474	 0.6574206510127296
0.475	 0.6586209064829612
0.476	 0.659813723521513
0.477	 0.6610052540700212
0.478	 0.66219032583219
0.479	 0.6633796009135164
0.48	 0.664564197419841
0.481	 0.6657445808766758
0.482	 0.6669220704938935
0.483	 0.6680798981356166
0.484	 0.6691654750710195
0.485	 0.6702266653474093
0.486	 0.6712459038035131
0.487	 0.6722206438210825
0.488	 0.6737486219241366
0.489	 0.6746327569877711
0.49	 0.6754905004303905
0.491	 0.6763140177510328
0.492	 0.677091070954219
0.493	 0.6778534280861811
0.494	 0.6785776792231508
0.495	 0.6792695991043946
0.496	 0.6799344803097999
0.497	 0.6805749097146507
0.498	 0.6812014434390475
0.499	 0.681788192462115
0.5	 0.6823549774276962
0.501	 0.6828962343170225
0.502	 0.6834262234292154
0.503	 0.6839528296597802
0.504	 0.684448357394956
0.505	 0.6849353497710275
0.506	 0.6854067119113536
0.507	 0.6858661885351259
0.508	 0.6863208397865597
0.509	 0.6867565127997433
0.51	 0.6871852283943263
0.511	 0.6876074974958243
0.512	 0.6880227907261864
0.513	 0.6884307671738722
0.514	 0.6888209847063322
0.515	 0.6892058738996256
0.516	 0.6895781677905041
0.517	 0.6899482272993683
0.518	 0.6903043234352071
0.519	 0.6906474606145699
0.52	 0.690999814023027
0.521	 0.6913440858996613
0.522	 0.6916839602854203
0.523	 0.6920076538447593
0.524	 0.6923093092685924
0.525	 0.6926200723192163
0.526	 0.692923641556856
0.527	 0.6932186123742745
0.528	 0.6935081371169215
0.529	 0.6937991598606339
0.53	 0.6940974898008003
0.531	 0.6943876643044815
0.532	 0.6946656834062334
0.533	 0.6949392091445983
0.534	 0.6952081893627468
0.535	 0.6954746867298796
0.536	 0.6957318990595661
0.537	 0.6959884089935466
0.538	 0.6962315426810082
0.539	 0.6964670861584801
0.54	 0.6967007431559797
0.541	 0.6969368241184045
0.542	 0.6971663324013618
0.543	 0.6973893754722887
0.544	 0.6976110340078246
0.545	 0.6978270824838573
0.546	 0.698029664344343
0.547	 0.6982315145988365
0.548	 0.6984285439377759
0.549	 0.6986181160656276
0.55	 0.6987950571772934
0.551	 0.698967395155245
0.552	 0.6991426193415937
0.553	 0.6993018747074333
0.554	 0.6994514523844597
0.555	 0.6995901714915127
0.556	 0.6997263085607768
0.557	 0.6998647427437009
0.558	 0.6999873653388781
0.559	 0.7001059430202665
0.56	 0.7002251058899468
0.561	 0.7003355183145602
0.562	 0.7004234761647583
0.563	 0.7002940480509701
0.564	 0.70036038787428
0.565	 0.7004225696549476
0.566	 0.7004783309151071
0.567	 0.700529926419649
0.568	 0.7005746631588201
0.569	 0.7006044152192595
0.57	 0.7006369107172915
0.571	 0.7006560665268186
0.572	 0.7006613598583127
0.573	 0.7006595810166534
0.574	 0.7006510051745062
0.575	 0.700636511136958
0.576	 0.7006100795480629
0.577	 0.7005792209102323
0.578	 0.7005385526484148
0.579	 0.7004863717497641
0.58	 0.7004286530023544
0.581	 0.7003571872749448
0.582	 0.7002759456885531
0.583	 0.7001859541850683
0.584	 0.7000800869297753
0.585	 0.6999672977860599
0.586	 0.699838561557608
0.587	 0.6997009732157055
0.588	 0.6995522040044257
0.589	 0.6993920066596362
0.59	 0.6992204075156613
0.591	 0.6990441843158803
0.592	 0.6988623237303405
0.593	 0.698662719771315
0.594	 0.6984488574234395
0.595	 0.698231295778641
0.596	 0.6979947126980037
0.597	 0.6977478252374406
0.598	 0.6974876931720279
0.599	 0.6972152583970072
0.6	 0.6969310308855508
0.601	 0.6963787183519223
0.602	 0.6958216764793638
0.603	 0.6952534329404344
0.604	 0.6946729183139914
0.605	 0.6940599251162148
0.606	 0.6934544497290154
0.607	 0.6928402404640917
0.608	 0.6922183889712624
0.609	 0.6915420932759158
0.61	 0.690898093931514
0.611	 0.6902402852527935
0.612	 0.689575295494883
0.613	 0.6888358492517893
0.614	 0.6881471298433346
0.615	 0.6874496412085864
0.616	 0.6866586188282459
0.617	 0.685937621338586
0.618	 0.685206071170588
0.619	 0.6844688924390799
0.62	 0.6836257268743814
0.621	 0.6828654003352451
0.622	 0.6821001664890101
0.623	 0.6813236889604459
0.624	 0.6804168278789344
0.625	 0.6796200730997916
0.626	 0.6788056659212118
0.627	 0.6779833201390714
0.628	 0.677015925886745
0.629	 0.676176443146699
0.63	 0.6753309928057244
0.631	 0.6744695749425492
0.632	 0.6734448796745345
0.633	 0.6725644027072085
0.634	 0.671676608883255
0.635	 0.6707851170380519
0.636	 0.669710725161582
0.637	 0.6688013502743179
0.638	 0.6678843624997828
0.639	 0.6669580133884683
0.64	 0.6658337666815497
0.641	 0.6648915110585341
0.642	 0.663944696257922
0.643	 0.662991876060149
0.644	 0.6618241164227942
0.645	 0.6608554433612112
0.646	 0.6598766489292712
0.647	 0.6588922497881098
0.648	 0.6576794978311077
0.649	 0.6566850133539484
0.65	 0.6556814316735631
0.651	 0.6546706198002069
0.652	 0.6534120934008876
0.653	 0.6523908475555239
0.654	 0.6513616976720056
0.655	 0.6503225193157366
0.656	 0.6490228125906596
0.657	 0.6479771285804683
0.658	 0.6469239891520382
0.659	 0.6458622047473636
0.66	 0.644521290368321
0.661	 0.6434518992210889
0.662	 0.6423760585519914
0.663	 0.6412896592665219
0.664	 0.6399081724068079
0.665	 0.6388207712147721
0.666	 0.6377255092044312
0.667	 0.6366238128887932
0.668	 0.635208570958674
0.669	 0.6335573318978104
0.67	 0.6324380045741157
0.671	 0.6313079564358869
0.672	 0.6298497628132803
0.673	 0.6287101998692649
0.674	 0.6275594046908212
0.675	 0.6264078400981198
0.676	 0.6249134248351661
0.677	 0.6237552452134328
0.678	 0.6225902337034097
0.679	 0.6214149557100471
0.68	 0.6198794684956872
0.681	 0.618696124669168
0.682	 0.6175097532159544
0.683	 0.6163323682514422
0.684	 0.6147819897625662
0.685	 0.6136012338381013
0.686	 0.6124237096326869
0.687	 0.6112481981770784
0.688	 0.610635539567415
0.689	 0.6090729623302189
0.69	 0.6078945188266814
0.691	 0.6067211842596721
0.692	 0.6055518050447227
0.693	 0.6039785130165446
0.694	 0.6028004766266469
0.695	 0.6016267619261196
0.696	 0.6004566411164141
0.697	 0.5988770354307806
0.698	 0.5976928785104715
0.699	 0.5965142741374987
0.7	 0.5953432429876772
0.701	 0.5937584537976819
0.702	 0.5925804654935818
0.703	 0.5913860475920756
0.704	 0.5901894087392388
0.705	 0.5885572407036778
0.706	 0.5873495620509696
0.707	 0.5861436590485382
0.708	 0.5849295623471252
0.709	 0.5832733103862562
0.71	 0.5820483089715387
0.711	 0.5808229690409129
0.712	 0.579592439456586
0.713	 0.5779154760160631
0.714	 0.5766745831211105
0.715	 0.5754293868434026
0.716	 0.5741885898524871
0.717	 0.5724928714324834
0.718	 0.5712439508258454
0.719	 0.5699967484425921
0.72	 0.5687346471499096
0.721	 0.5670167832126548
0.722	 0.5657444521670968
0.723	 0.5644755335708954
0.724	 0.5632097886019055
0.725	 0.5614848333435027
0.726	 0.5602046366228074
0.727	 0.5589195369932914
0.728	 0.5576333893918546
0.729	 0.5558926015645956
0.73	 0.5545910465040228
0.731	 0.5532897267849082
0.732	 0.5519897471355483
0.733	 0.5502438262386397
0.734	 0.5489401531291292
0.735	 0.5476348948110362
0.736	 0.5463365007118366
0.737	 0.5445946701579579
0.738	 0.5432953512430491
0.739	 0.5419929305731014
0.74	 0.5402552415658411
0.741	 0.5389484587855359
0.742	 0.5376452393263552
0.743	 0.5363406641067434
0.744	 0.5346156214440221
0.745	 0.5333065863506862
0.746	 0.5320041709516866
0.747	 0.5306923023996493
0.748	 0.5289750972095252
0.749	 0.5276729630948219
0.75	 0.5263764177919575
0.751	 0.5250803154351236
0.752	 0.5233939750305636
0.753	 0.5221000296452925
0.754	 0.5208188324320467
0.755	 0.519539311907362
0.756	 0.5178967584466899
0.757	 0.5166135041723152
0.758	 0.5153460015672691
0.759	 0.5140855731742723
0.76	 0.5124787964318507
0.761	 0.5112141621690666
0.762	 0.5099598059213503
0.763	 0.5082280446439367
0.764	 0.5066960775432509
0.765	 0.5054639754786562
0.766	 0.5042389221154336
0.767	 0.5030084260004838
0.768	 0.5015207870549633
0.769	 0.5003060791231572
0.77	 0.49909945182434207
0.771	 0.4979022228480727
0.772	 0.49647762755906405
0.773	 0.49528610505660375
0.774	 0.49410225641244776
0.775	 0.4929261655904902
0.776	 0.49157445541086336
0.777	 0.4904102174940406
0.778	 0.4892506307426768
0.779	 0.4880945518590972
0.78	 0.48681981873101715
0.781	 0.4856822105928734
0.782	 0.484548150615858
0.783	 0.4834267924893986
0.784	 0.4822290473435755
0.785	 0.48111420413159034
0.786	 0.4800092044832914
0.787	 0.4789046468020986
0.788	 0.47780362617971905
0.789	 0.4767235137572274
0.79	 0.47562916167533154
0.791	 0.47452462363271636
0.792	 0.4735130753728937
0.793	 0.47243832752984016
0.794	 0.4713539671840065
0.795	 0.47027216106392145
0.796	 0.4693671326881944
0.797	 0.46831808273808845
0.798	 0.46726073317621974
0.799	 0.46620622045652077
0.8	 0.4653458142558376
0.804	 0.46347220126000394
0.808	 0.4618035868926429
0.812	 0.4603143659011779
0.816	 0.45888595122581366
0.82	 0.45769527289817363
0.824	 0.4567074804294482
0.828	 0.4559077059586571
0.832	 0.45528532692756046
0.836	 0.4548476773500361
0.84	 0.4545705122101338
0.844	 0.45446668919379385
0.848	 0.4545218078875795
0.852	 0.4547518867620536
0.856	 0.4551377408298432
0.86	 0.4556743263875694
0.864	 0.4563587233409098
0.868	 0.4572010505040592
0.872	 0.45821170752930546
0.876	 0.45937275076550804
0.88	 0.46069048698741294
0.884	 0.4621462379148676
0.888	 0.46373071554688516
0.892	 0.46553079817215987
0.896	 0.46748698762971147
0.9	 0.46961699398042367
0.904	 0.47192970174736576
0.908	 0.4744482390277486
0.912	 0.47714897006570817
0.916	 0.4800212928768673
0.92	 0.483059200063737
0.924	 0.48627005830663755
0.928	 0.49074660349307936
0.932	 0.49431302418836537
0.936	 0.4980023796713974
0.94	 0.5014542404441751
0.944	 0.5053645893472158
0.948	 0.5094129587540981
0.952	 0.5135662114796749
0.956	 0.5177814047897963
0.96	 0.522063097029939
0.964	 0.5263981113602302
0.968	 0.5307577177677074
0.972	 0.5351536028059672
0.976	 0.5395793732182892
0.98	 0.5439993654707189
0.984	 0.5484245600817879
0.988	 0.552857795843821
0.992	 0.5572917652313132
0.996	 0.561758949280961
1.0	 0.5662131285130674
1.004	 0.5687119541709307
1.008	 0.5710799572356584
1.012	 0.5733255565785069
1.016	 0.5759425437193251
1.02	 0.5779215159967356
1.024	 0.5797725426396972
1.028	 0.5815334582272417
1.032	 0.5831951782967283
1.036	 0.5847428092436572
1.04	 0.5862076179785333
1.044	 0.5875757393190346
1.048	 0.5888525736615797
1.052	 0.5900305869961836
1.056	 0.591138078827854
1.06	 0.592180383812233
1.064	 0.5931462054019822
1.068	 0.5940151848878726
1.072	 0.5948155363566335
1.076	 0.5955515858083777
1.08	 0.5962233488993953
1.084	 0.5968443176044426
1.088	 0.5973949810382364
1.092	 0.5978915655523307
1.096	 0.5983347456197585
1.1	 0.5987216376234228
1.104	 0.5990566354470138
1.108	 0.5993234691897559
1.112	 0.5995582944141127
1.116	 0.5997461100914581
1.12	 0.5998946964721564
1.124	 0.5999969657865662
1.128	 0.5998560683220351
1.132	 0.5998838080777648
1.136	 0.5998964776346641
1.14	 0.5998748265656195
1.144	 0.5998173057264862
1.148	 0.5997349823586211
1.152	 0.5996000556615682
1.156	 0.5994359603738112
1.16	 0.5992579048438939
1.164	 0.5990533689861556
1.168	 0.5988390303409962
1.172	 0.5985981387736669
1.176	 0.5991291761720682
1.18	 0.5988064431572495
1.184	 0.5984696412989462
1.188	 0.5980934660034456
1.192	 0.5976948990433657
1.196	 0.597265514310003
1.2	 0.5967885748397805
1.204	 0.5962661743106451
1.208	 0.5957328333723928
1.212	 0.5951700842414177
1.216	 0.5945663010045075
1.22	 0.5939288489910506
1.224	 0.5932681970588289
1.228	 0.5925707643401041
1.232	 0.5918236069969081
1.236	 0.591047202631301
1.24	 0.590234675284002
1.244	 0.5893728863922573
1.248	 0.5884582789747413
1.252	 0.5874842009758247
1.256	 0.5864366117606155
1.26	 0.5853180298162679
1.264	 0.5841172372868237
1.268	 0.5828574362309292
1.272	 0.5815497639694012
1.276	 0.5801933718043234
1.28	 0.578817671674417
1.284	 0.5774364173833053
1.288	 0.5760787851450909
1.292	 0.5747387671973067
1.296	 0.5734003547413565
1.3	 0.5720543289244875
1.304	 0.5706945466524841
1.308	 0.5693241565619407
1.312	 0.5679348752766712
1.316	 0.5665197753629981
1.32	 0.5650769535317509
1.324	 0.5636238651185596
1.328	 0.5612514610864358
1.332	 0.559776815035271
1.336	 0.5582804642624637
1.34	 0.5567799270984556
1.344	 0.5552629756451204
1.348	 0.5537348415639978
1.352	 0.552216936880192
1.356	 0.5506820117749248
1.36	 0.5491279833595852
1.364	 0.5475589720565436
1.368	 0.5459804631318925
1.372	 0.5444125107516257
1.376	 0.5436320845241601
1.38	 0.5420679314918401
1.384	 0.5405051134150706
1.388	 0.5389432624617422
1.392	 0.5373964904675191
1.396	 0.5358639945516067
1.4	 0.5343649555824515
1.404	 0.5328868608316313
1.408	 0.5314301913229225
1.412	 0.5299904598607917
1.416	 0.52857293404966
1.42	 0.5271822607723616
1.424	 0.5258120399516982
1.428	 0.5245153183253779
1.432	 0.5231953610737001
1.436	 0.5219141772958905
1.44	 0.5206693413603183
1.444	 0.5194805006663962
1.448	 0.5183581317229555
1.452	 0.5173142848077623
1.456	 0.5163644946161662
1.46	 0.5155224463651221
1.464	 0.5147886587077141
1.468	 0.5141618215945246
1.472	 0.5136195772318712
1.476	 0.5131439569447909
1.48	 0.5126893003910203
1.484	 0.5122238962958752
1.488	 0.5117141977069839
1.492	 0.511142079051417
1.496	 0.5105211662274881
1.5	 0.5098710588954087
1.504	 0.5092225273793781
1.508	 0.5085633717738283
1.512	 0.5079032935795081
1.516	 0.5072600165122051
1.52	 0.5066329353431345
1.524	 0.5060201638204895
1.528	 0.5054086242704017
1.532	 0.504804469273743
1.536	 0.504202814051996
1.54	 0.5035948589093371
1.544	 0.5029867974285738
1.548	 0.5023812866810816
1.552	 0.5017726239467805
1.556	 0.5011436956323323
1.56	 0.5005161132668494
1.564	 0.49990377443040784
1.568	 0.499290353586595
1.572	 0.4986714690599905
1.576	 0.4979646069640046
1.58	 0.4973453021064495
1.584	 0.4967296125251816
1.588	 0.49611387601502965
1.592	 0.4954958185819847
1.596	 0.49486893760121475
1.6	 0.49423382562997825
1.604	 0.4935910877757171
1.608	 0.49294561350319305
1.612	 0.49230090508558816
1.616	 0.49164532406915806
1.62	 0.4909758505934641
1.624	 0.4902965884272238
1.628	 0.48998004424747804
1.632	 0.48927419398208377
1.636	 0.48854750016578247
1.64	 0.4877909913053172
1.644	 0.48700395770186605
1.648	 0.486174347539211
1.652	 0.48530574390740533
1.656	 0.4844026247568101
1.66	 0.4834588851934986
1.664	 0.48248187186047675
1.668	 0.4814695722456429
1.672	 0.48044241457528797
1.676	 0.4789921079164204
1.68	 0.47800764283176345
1.684	 0.4770629281281851
1.688	 0.4761668033049009
1.692	 0.475329287284053
1.696	 0.47454971793156614
1.7	 0.47381647672794613
1.704	 0.47310445017033964
1.708	 0.4724242104893385
1.712	 0.4717791527955518
1.716	 0.4711615963636523
1.72	 0.4705638425522904
1.724	 0.46997901248205015
1.728	 0.4694246647282791
1.732	 0.4689035300931912
1.736	 0.46841709561598505
1.74	 0.46797240864031164
1.744	 0.4675618003056046
1.748	 0.4671920461239135
1.752	 0.4668643417494245
1.756	 0.4665931323528095
1.76	 0.46637809874106645
1.764	 0.46620035796931053
1.768	 0.4660643124639908
1.772	 0.465979099439235
1.776	 0.46594789427089933
1.78	 0.46595930802527796
1.784	 0.4660174958828774
1.788	 0.4661135335489565
1.792	 0.4662423491704432
1.796	 0.4664023996658694
1.8	 0.46660388238140094
1.804	 0.46683299447978616
1.808	 0.46710290276138666
1.812	 0.467403722186452
1.816	 0.46774517238473856
1.82	 0.4681418848930799
1.824	 0.46858922431085975
1.828	 0.46935793762957795
1.832	 0.469939737285364
1.836	 0.47059308577100517
1.84	 0.47130048739641844
1.844	 0.4720724444658263
1.848	 0.4729051457535277
1.852	 0.47378475169269574
1.856	 0.474685750235603
1.86	 0.4756111477819449
1.864	 0.47653753959507367
1.868	 0.4774436198425919
1.872	 0.4783092382534163
1.876	 0.4787851641898408
1.88	 0.4795776734380694
1.884	 0.4803271556353298
1.888	 0.48103532420894124
1.892	 0.4817075261687082
1.896	 0.4823598876240292
1.9	 0.4830014999243574
1.904	 0.48363421869964457
1.908	 0.48427227493145875
1.912	 0.4849010636703358
1.916	 0.4855211931666276
1.92	 0.4861383268455089
1.924	 0.48674928015317626
1.928	 0.4873553343405622
1.932	 0.48793299613779023
1.936	 0.488491733827893
1.94	 0.4890149517143142
1.944	 0.48951384746379406
1.948	 0.48997639199698106
1.952	 0.49040212093130936
1.956	 0.4907799999542292
1.96	 0.49111161970208494
1.964	 0.4913874749603397
1.968	 0.49162294553513813
1.972	 0.4918045649501416
1.976	 0.4919314342052743
1.98	 0.491997363034029
1.984	 0.49200242080902473
1.988	 0.49194732325439566
1.992	 0.49183260860802525
1.996	 0.49167465639178065
2.0	 0.49146825200357325
2.004	 0.49121919867045455
2.008	 0.49091666710478277
2.012	 0.49055297447779517
2.016	 0.49013863269570596
2.02	 0.48966288468413904
2.024	 0.4891298088445923
2.028	 0.48853264585066625
2.032	 0.48785712266596326
2.036	 0.487104500522701
2.04	 0.48627207171989184
2.044	 0.48536994771099745
2.048	 0.4843952500413966
2.052	 0.48262487890273115
2.056	 0.4814715780581517
2.06	 0.4802604517797253
2.064	 0.4789943996469416
2.068	 0.47769234066263755
2.072	 0.47638409612714283
2.076	 0.47505478861533024
2.08	 0.47377260189577125
2.084	 0.4725185252349058
2.088	 0.4713089081578551
2.092	 0.470144364820893
2.096	 0.46901822993258213
2.1	 0.4679273502832015
2.104	 0.46688295683094894
2.108	 0.465890007605937
2.112	 0.46494269074681205
2.116	 0.4640405350339253
2.12	 0.463186547947406
2.124	 0.4623817047416583
2.128	 0.4616170311959151
2.132	 0.46090414361056575
2.136	 0.4602320309483155
2.14	 0.45960032980883064
2.144	 0.45901295303735234
2.148	 0.4584564509939616
2.152	 0.4579371202960299
2.156	 0.45743820589243195
2.16	 0.45695846413222185
2.164	 0.4565102574643991
2.168	 0.4560782590285426
2.172	 0.4556523288033697
2.176	 0.4552527251899766
2.18	 0.45488759269659385
2.184	 0.45455461304651534
2.188	 0.4542606459746679
2.192	 0.45399105974146414
2.196	 0.45375150276101
2.2	 0.4535368304952042
2.204	 0.453348437680083
2.208	 0.4532081526495001
2.212	 0.4531133001749777
2.216	 0.4530446673602773
2.22	 0.4530071830114754
2.224	 0.453002068763325
2.228	 0.4530470682256366
2.232	 0.4531520797102081
2.236	 0.4533300678858452
2.24	 0.45357097527149354
2.244	 0.45386680725478157
2.248	 0.4542327140521084
2.252	 0.45479251586272534
2.256	 0.45533407958948713
2.26	 0.45594843239902055
2.264	 0.4566472674088015
2.268	 0.45743729694370505
2.272	 0.4582793305913748
2.276	 0.4591704162411955
2.28	 0.46007923786655186
2.284	 0.4609887415357016
2.288	 0.46187285349486773
2.292	 0.46270112321578094
2.296	 0.4634582369572888
2.3	 0.4641497398688381
2.304	 0.4647463712685153
2.308	 0.4657141822962195
2.312	 0.4665677559261902
2.316	 0.46730886236377883
2.32	 0.4679412746604499
2.324	 0.4684555968923068
2.328	 0.46886935752284065
2.332	 0.4691808398302776
2.336	 0.4694112542287322
2.34	 0.4695615448131181
2.344	 0.46964482402473295
2.348	 0.4696671956313789
2.352	 0.4696487445294313
2.356	 0.46959770924738
2.36	 0.4695510034977773
2.364	 0.469487939736791
2.368	 0.4694198120008715
2.372	 0.4693805469737951
2.376	 0.4693744417756247
2.38	 0.4693753952647896
2.384	 0.46939307137904174
2.388	 0.46943690368610114
2.392	 0.4695067215665336
2.396	 0.46959198560377224
2.4	 0.4696748880126894
2.404	 0.46977702341270317
2.408	 0.4698926231907742
2.412	 0.47000160985403866
2.416	 0.4701324775020212
2.42	 0.4702852839125647
2.424	 0.4704697414530068
2.428	 0.4706726767921999
2.432	 0.4708722409154128
2.436	 0.47106372882828385
2.44	 0.4712648999468706
2.444	 0.4715209549088363
2.448	 0.4718062334176854
2.452	 0.4721965322499398
2.456	 0.47242958343177405
2.46	 0.47267017010082857
2.464	 0.4728661110072128
2.468	 0.47309848445814523
2.472	 0.4732443378241556
2.476	 0.4733906774901099
2.48	 0.4735749684545471
2.484	 0.47373336018896606
2.488	 0.4738898417415685
2.492	 0.4741801275446394
2.496	 0.47437992594278144
2.5	 0.0
