0.4	 1.0
0.401	 0.7024701781451705
0.402	 0.7016412150987921
0.403	 0.7007406401959293
0.404	 0.699853295275151
0.405	 0.6989530768089978
0.406	 0.6983048092091608
0.407	 0.6978099694881206
0.408	 0.6971151290797615
0.409	 0.696575504462674
0.41	 0.6960579539091705
0.411	 0.6955764597632317
0.412	 0.6952050351621543
0.413	 0.694888500351812
0.414	 0.6945427117677885
0.415	 0.6941633305269669
0.416	 0.6937995204966542
0.417	 0.6934527092053253
0.418	 0.6931362032471169
0.419	 0.6927260522919908
0.42	 0.6922961520494154
0.421	 0.6918256340871787
0.422	 0.6913440733086453
0.423	 0.6908482041397057
0.424	 0.6903124286865563
0.425	 0.6897965718111329
0.426	 0.689192351658947
0.427	 0.6886089959670418
0.428	 0.6880213315587842
0.429	 0.6874558991168317
0.43	 0.686912068648273
0.431	 0.6863288159174032
0.432	 0.6857631708457
0.433	 0.6851997982298633
0.434	 0.6846629308437686
0.435	 0.6841264465554334
0.436	 0.683587749287021
0.437	 0.6830416294398391
0.438	 0.6824768466026423
0.439	 0.6819569669313984
0.44	 0.6814559932101807
0.441	 0.6809120654368059
0.442	 0.6803244707595637
0.443	 0.6797173862837262
0.444	 0.679077629567689
0.445	 0.6784269273170863
0.446	 0.6777354130276877
0.447	 0.6770189686234769
0.448	 0.6762801844301471
0.449	 0.6755059721156615
0.45	 0.6747372770032627
0.451	 0.6739199568724332
0.452	 0.6730800093155789
0.453	 0.6722275654380827
0.454	 0.6713627913672151
0.455	 0.6704905696959378
0.456	 0.6696337896030338
0.457	 0.6687858048793885
0.458	 0.6679922306703223
0.459	 0.6672376774570544
0.46	 0.6665442470297616
0.461	 0.6658809762514702
0.462	 0.6651373922756467
0.463	 0.6642944272507244
0.464	 0.6633356942023148
0.465	 0.6622664470554013
0.466	 0.661117323165094
0.467	 0.6599430121801177
0.468	 0.6587364935775204
0.469	 0.6573724767349256
0.47	 0.6561103064406465
0.471	 0.6548164556418687
0.472	 0.6535114519951917
0.473	 0.652210308653859
0.474	 0.6509038058943882
0.475	 0.6495915562439738
0.476	 0.6482788484199113
0.477	 0.6469835791512486
0.478	 0.6457093639249265
0.479	 0.6444433144354575
0.48	 0.6431955712226334
0.481	 0.6419728439609136
0.482	 0.6407680074004107
0.483	 0.6395630996395838
0.484	 0.6383766784392136
0.485	 0.6372140259170767
0.486	 0.6360674396994177
0.487	 0.6349425627088292
0.488	 0.6339535994110175
0.489	 0.6328524938779527
0.49	 0.6317722207767296
0.491	 0.6307159776997475
0.492	 0.6296684387337932
0.493	 0.6286243868832362
0.494	 0.6275824140497782
0.495	 0.6265625746068363
0.496	 0.625568232436317
0.497	 0.6245843947115309
0.498	 0.623618735003652
0.499	 0.6226622202592955
0.5	 0.6217190034507397
0.501	 0.6207988487381383
0.502	 0.6199020265798219
0.503	 0.6190273499759988
0.504	 0.6181715550433678
0.505	 0.6173349955670874
0.506	 0.6165137532815423
0.507	 0.6157166780919663
0.508	 0.614945979795072
0.509	 0.6141898152929595
0.51	 0.6134637431946879
0.511	 0.6127584678417586
0.512	 0.6120696028687957
0.513	 0.6114075992148509
0.514	 0.6107630155427712
0.515	 0.6101320565763688
0.516	 0.6095164516911613
0.517	 0.6089202769926362
0.518	 0.6083467466617777
0.519	 0.607794060783344
0.52	 0.6072572042265421
0.521	 0.6067376559506764
0.522	 0.606233354367254
0.523	 0.6057478320130711
0.524	 0.6052748770357461
0.525	 0.6048191821424067
0.526	 0.6043825552932435
0.527	 0.6039600149855193
0.528	 0.6035485402010038
0.529	 0.6031422164883334
0.53	 0.6027380975570891
0.531	 0.6023400944577205
0.532	 0.6019466752131157
0.533	 0.6015559097266681
0.534	 0.6011726430498305
0.535	 0.6007887726430258
0.536	 0.6004130432886761
0.537	 0.6000351215811186
0.538	 0.5996601548464502
0.539	 0.5992906053858612
0.54	 0.5989167072198621
0.541	 0.5985508102839859
0.542	 0.5981919765080257
0.543	 0.5978340772292505
0.544	 0.5974797520519878
0.545	 0.5971249141939713
0.546	 0.5967731495553735
0.547	 0.5964224514452775
0.548	 0.5960761052821879
0.549	 0.5957319350143955
0.55	 0.5953935891180485
0.551	 0.5950577350589517
0.552	 0.5947237626519027
0.553	 0.5943907922617304
0.554	 0.5940616268053921
0.555	 0.5937379885064431
0.556	 0.5934194048506425
0.557	 0.5931016602093098
0.558	 0.5927832161350879
0.559	 0.592474198057325
0.56	 0.5921647287062907
0.561	 0.5918464480931522
0.562	 0.5915328342226723
0.563	 0.5911402532788217
0.564	 0.5908372474654462
0.565	 0.59053789702607
0.566	 0.5902423485158901
0.567	 0.5899463185847971
0.568	 0.589660602167704
0.569	 0.5893741497872215
0.57	 0.5890888517238668
0.571	 0.588810804103075
0.572	 0.5885335077511646
0.573	 0.5882646017791276
0.574	 0.5880012411791707
0.575	 0.5877416089020138
0.576	 0.5874827243757382
0.577	 0.5872268745697958
0.578	 0.5869777830146078
0.579	 0.5867252733726585
0.58	 0.586479258613855
0.581	 0.5862451805979646
0.582	 0.5860185299120594
0.583	 0.5857921357498197
0.584	 0.585566225959485
0.585	 0.5853404787998553
0.586	 0.5851201178488094
0.587	 0.5849015000306182
0.588	 0.5846817851950367
0.589	 0.5844677791326737
0.59	 0.5842538112559759
0.591	 0.5840445079217712
0.592	 0.5838390999734018
0.593	 0.5836357976407193
0.594	 0.5834347419066894
0.595	 0.5832378826739403
0.596	 0.5830443242600818
0.597	 0.5828482836752892
0.598	 0.5826560910585268
0.599	 0.5824645657204817
0.6	 0.5822745614810886
0.601	 0.5813961308197192
0.602	 0.5804633760827825
0.603	 0.5795426342450661
0.604	 0.5786312667302324
0.605	 0.5777923321281823
0.606	 0.5769017698405567
0.607	 0.5760222268653219
0.608	 0.5751568391453711
0.609	 0.5743584769595088
0.61	 0.5735117798621734
0.611	 0.5726753573616359
0.612	 0.5718447202849761
0.613	 0.5710749437930092
0.614	 0.5702605768695737
0.615	 0.5694593675075018
0.616	 0.5687253683504769
0.617	 0.5679451635844485
0.618	 0.5671712960235046
0.619	 0.5664123703517384
0.62	 0.5657164637948566
0.621	 0.5649774718175283
0.622	 0.5642489512027439
0.623	 0.5635273405193971
0.624	 0.5628657806654961
0.625	 0.5621549330639397
0.626	 0.5614564734021761
0.627	 0.5607673003880337
0.628	 0.5601354622410677
0.629	 0.5594577455816467
0.63	 0.558783011373937
0.631	 0.5581207370364107
0.632	 0.5575041386601941
0.633	 0.5568527924750303
0.634	 0.5562064502933878
0.635	 0.5555649293032479
0.636	 0.5549655507472105
0.637	 0.5543345511350734
0.638	 0.5537144128889794
0.639	 0.5530950432995482
0.64	 0.5525107192908294
0.641	 0.5519025644280124
0.642	 0.5513064126693186
0.643	 0.5507183208547903
0.644	 0.5501652635903147
0.645	 0.5495917781133594
0.646	 0.5490299995266621
0.647	 0.548477670911782
0.648	 0.5479505917825406
0.649	 0.5474176524542376
0.65	 0.5468912434757565
0.651	 0.5463784121175823
0.652	 0.5458861947589885
0.653	 0.5453866295160129
0.654	 0.5448943177495547
0.655	 0.5444123883706733
0.656	 0.5439388589507002
0.657	 0.5434653536546366
0.658	 0.54298895655275
0.659	 0.5425162476563162
0.66	 0.5420377483699531
0.661	 0.5415610908123755
0.662	 0.541102617823603
0.663	 0.5406611130246711
0.664	 0.5402269369960792
0.665	 0.5398320827708025
0.666	 0.5394592439719943
0.667	 0.5390980014942642
0.668	 0.5387219717937444
0.669	 0.5381099302179551
0.67	 0.5377961654968157
0.671	 0.5374942545137069
0.672	 0.5371627090663681
0.673	 0.5368703905018831
0.674	 0.5365876937159274
0.675	 0.536315342854649
0.676	 0.5360024858656578
0.677	 0.5357362344544667
0.678	 0.5354740678280993
0.679	 0.5352140011475732
0.68	 0.5348961818113442
0.681	 0.5346368616175314
0.682	 0.5343861172474823
0.683	 0.5341413259089166
0.684	 0.533822935594318
0.685	 0.5335831040307233
0.686	 0.5333409386221166
0.687	 0.533105465640645
0.688	 0.5330242162943424
0.689	 0.5326981173403122
0.69	 0.5324674508615401
0.691	 0.5322347676331328
0.692	 0.5320055244669881
0.693	 0.5316698666555532
0.694	 0.5314536442680298
0.695	 0.5312383134207045
0.696	 0.5310186357484126
0.697	 0.5306654183972049
0.698	 0.5304488277226742
0.699	 0.5302394511848134
0.7	 0.5300329163611656
0.701	 0.5296704713975261
0.702	 0.5294557799534431
0.703	 0.5292318247412057
0.704	 0.5290068363804833
0.705	 0.5286058616969451
0.706	 0.5283847296919628
0.707	 0.5281630828132212
0.708	 0.5279332991093629
0.709	 0.5275014707237788
0.71	 0.5272706322578786
0.711	 0.527036609969027
0.712	 0.5268018947045817
0.713	 0.5263295976417299
0.714	 0.5260804093372032
0.715	 0.5258347440879123
0.716	 0.5255942607250131
0.717	 0.5250993767938107
0.718	 0.5248506271744903
0.719	 0.5245975179341245
0.72	 0.5243420169907541
0.721	 0.5238051005952342
0.722	 0.5235450514400659
0.723	 0.5232827827598209
0.724	 0.5230218017941787
0.725	 0.5224604415695798
0.726	 0.5221897780399741
0.727	 0.5219197174336554
0.728	 0.5216498802821685
0.729	 0.5210646168986203
0.73	 0.5207934208437959
0.731	 0.5205218597433585
0.732	 0.5202528231112034
0.733	 0.5196685360002229
0.734	 0.5194007168622581
0.735	 0.5191373331136429
0.736	 0.5188688735591137
0.737	 0.51828603690927
0.738	 0.5180182071498006
0.739	 0.5177520308897589
0.74	 0.5172095568419889
0.741	 0.5169483387876403
0.742	 0.5166866043057374
0.743	 0.5164255962274795
0.744	 0.5159182717738104
0.745	 0.515659190571292
0.746	 0.5154002451409954
0.747	 0.5151420290135136
0.748	 0.514685590956356
0.749	 0.5144219665556751
0.75	 0.5141581105353037
0.751	 0.5138999309532292
0.752	 0.5134975460184773
0.753	 0.513238075134987
0.754	 0.5129757581428321
0.755	 0.5127101732764204
0.756	 0.5123542492711306
0.757	 0.5120900181289263
0.758	 0.51182748775366
0.759	 0.5115590428784319
0.76	 0.51125712913049
0.761	 0.5109945112471984
0.762	 0.5107261778248566
0.763	 0.5103572580096805
0.764	 0.5101140419327209
0.765	 0.5098431852966393
0.766	 0.5095729460517118
0.767	 0.5092892365728987
0.768	 0.5090704018218399
0.769	 0.5087905564600271
0.77	 0.5085074684067651
0.771	 0.5082291925510593
0.772	 0.5080564262828964
0.773	 0.5077700474020631
0.774	 0.50747721591879
0.775	 0.5071826528536747
0.776	 0.5070433972084578
0.777	 0.5067455879027386
0.778	 0.5064535745293018
0.779	 0.5061546678511873
0.78	 0.5060406974129367
0.781	 0.5057237603853956
0.782	 0.5054127652912671
0.783	 0.5050992849221334
0.784	 0.5050285043085075
0.785	 0.5047091987039043
0.786	 0.5043861282237795
0.787	 0.504068483364018
0.788	 0.5040325257910976
0.789	 0.5037047079975124
0.79	 0.503366396413587
0.791	 0.5030224293567002
0.792	 0.5030029615781874
0.793	 0.5026563259687827
0.794	 0.5023062427834243
0.795	 0.501944665449073
0.796	 0.5019655285598411
0.797	 0.5016005753265947
0.798	 0.5012299271469248
0.799	 0.5008554453742653
0.8	 0.5008815586700782
0.804	 0.500618353271143
0.808	 0.5003680531976893
0.812	 0.5001198682104705
0.816	 0.499514183472759
0.82	 0.499256483333497
0.824	 0.4990173940529593
0.828	 0.4987997018336858
0.832	 0.4986091508012316
0.836	 0.4984404952050896
0.84	 0.4983052444131859
0.844	 0.4982147878212563
0.848	 0.4981713220677188
0.852	 0.4981608600457921
0.856	 0.49820080376301884
0.86	 0.4982892264294614
0.864	 0.49843130864622753
0.868	 0.4986156736757363
0.872	 0.4988664179051779
0.876	 0.4991753369420166
0.88	 0.4995681334350164
0.884	 0.5000560341454919
0.888	 0.5005702166702237
0.892	 0.5012295531948348
0.896	 0.5019834448475221
0.9	 0.5028284116615903
0.904	 0.5037887822359501
0.908	 0.504862450573468
0.912	 0.5060369574556359
0.916	 0.5073289122300056
0.92	 0.508713166651976
0.924	 0.510174224747941
0.928	 0.5120353972790338
0.932	 0.513589738529847
0.936	 0.5151548801839861
0.94	 0.5166655719267718
0.944	 0.5181217003842562
0.948	 0.5194831630386196
0.952	 0.5207535411240066
0.956	 0.5219355532288046
0.96	 0.5230166748709296
0.964	 0.5240148701301075
0.968	 0.5249654138196872
0.972	 0.5258791109051072
0.976	 0.5267654712453844
0.98	 0.527621254852931
0.984	 0.5284785363789013
0.988	 0.5293079564675961
0.992	 0.5301576443573938
0.996	 0.5310351288260035
1.0	 0.5319262981574541
1.004	 0.5322043287672086
1.008	 0.5324699340951013
1.012	 0.5327152839959466
1.016	 0.5331672095478579
1.02	 0.5333621335371276
1.024	 0.5335312601382329
1.028	 0.5336905285306925
1.032	 0.5338271439347798
1.036	 0.5339599861138405
1.04	 0.5340695839011237
1.044	 0.5341460011814991
1.048	 0.534189977407495
1.052	 0.5341996803602823
1.056	 0.5341713451260387
1.06	 0.5341013722261154
1.064	 0.5340104053586793
1.068	 0.5339109994878153
1.072	 0.5337890608506879
1.076	 0.5336331068458632
1.08	 0.5334269180517921
1.084	 0.5331653504805546
1.088	 0.5328577055746372
1.092	 0.5324875521369192
1.096	 0.5320567002380644
1.1	 0.5315649571301876
1.104	 0.5310137187128876
1.108	 0.5303932300875555
1.112	 0.5297067586697318
1.116	 0.5289583441796096
1.12	 0.5281448592230966
1.124	 0.5272831066619396
1.128	 0.527142948043733
1.132	 0.5262590583226091
1.136	 0.5253673529610814
1.14	 0.5244785247984834
1.144	 0.5236246764121744
1.148	 0.5228205157820673
1.152	 0.5220776072204865
1.156	 0.5213892792800875
1.16	 0.5207382019131936
1.164	 0.52013427391937
1.168	 0.5195428900544522
1.172	 0.5189405094306119
1.176	 0.5180422259379726
1.18	 0.5171295560869709
1.184	 0.5159588174327319
1.188	 0.5145756116570508
1.192	 0.513083140297908
1.196	 0.5115659231772254
1.2	 0.5100595102018515
1.204	 0.5085908822640314
1.208	 0.5072100629655777
1.212	 0.5059712359874562
1.216	 0.5048329840160286
1.22	 0.5036844718202127
1.224	 0.5024472459276353
1.228	 0.5011051345026026
1.232	 0.49974823329224033
1.236	 0.49845992547979795
1.24	 0.4972591842323759
1.244	 0.49613360588005034
1.248	 0.49505886720868786
1.252	 0.4940177313658897
1.256	 0.493010788579257
1.26	 0.4920433760125425
1.264	 0.49110520270495933
1.268	 0.49016329868277525
1.272	 0.4892227634528415
1.276	 0.4882993438449871
1.28	 0.4873969728322155
1.284	 0.4865107600013951
1.288	 0.4856429463171037
1.292	 0.4847996418828474
1.296	 0.483984663414861
1.3	 0.48320150921896754
1.304	 0.48244308536613717
1.308	 0.48170900968068703
1.312	 0.48099172352654784
1.316	 0.4802952443511774
1.32	 0.4796173419711858
1.324	 0.4789729132759823
1.328	 0.4781456675661858
1.332	 0.47752555967515053
1.336	 0.4769273840031262
1.34	 0.47634048620787245
1.344	 0.4757880959033761
1.348	 0.4752647135402537
1.352	 0.47476773413873624
1.356	 0.47432360528134915
1.36	 0.4739360690033788
1.364	 0.47363029393421613
1.368	 0.4734284631544378
1.372	 0.47332377512034546
1.376	 0.473225907592327
1.38	 0.4736227338912268
1.384	 0.4745279967986515
1.388	 0.4759618135036906
1.392	 0.4777530494809206
1.396	 0.47968965594931934
1.4	 0.48163460164421873
1.404	 0.4835187161701505
1.408	 0.4852449827303828
1.412	 0.48669824774108694
1.416	 0.4878905036750301
1.42	 0.48898463378456475
1.424	 0.4901732955677806
1.428	 0.49156381758262635
1.432	 0.49302238511286167
1.436	 0.4944028949483328
1.44	 0.49560834078220484
1.444	 0.4966292332605788
1.448	 0.4975223211336097
1.452	 0.49833637058374003
1.456	 0.49909165128235305
1.46	 0.49979533300351026
1.464	 0.5004355265892299
1.468	 0.5010253762171731
1.472	 0.5015758800263483
1.476	 0.5020678417705515
1.48	 0.5025098551226652
1.484	 0.502903340545988
1.488	 0.5032540664702059
1.492	 0.5035655814423371
1.496	 0.5038317481756058
1.5	 0.5040621346498968
1.504	 0.5042527429595631
1.508	 0.5044088182336658
1.512	 0.5045309001109182
1.516	 0.5046249453687682
1.52	 0.5047012876462689
1.524	 0.5047500573968395
1.528	 0.5047748115917641
1.532	 0.504793625147991
1.536	 0.5048005952918919
1.54	 0.5048028993857056
1.544	 0.5047857656318903
1.548	 0.5047442634105773
1.552	 0.5046934425038153
1.556	 0.5046296296296297
1.56	 0.5045320430316423
1.564	 0.5044074585656347
1.568	 0.5042206898230337
1.572	 0.5039820677514947
1.576	 0.5039676148589747
1.58	 0.5033572197766328
1.584	 0.5024476980566751
1.588	 0.5012955846652446
1.592	 0.5000149998760879
1.596	 0.4987195320612997
1.6	 0.49744707701108776
1.604	 0.49623575650865026
1.608	 0.4951653752278157
1.612	 0.4942607620510175
1.616	 0.4934734811076211
1.62	 0.49269022435565496
1.624	 0.4918242366654281
1.628	 0.49159776670893546
1.632	 0.4906766643813953
1.636	 0.48976187207810595
1.64	 0.48892935399091764
1.644	 0.48820416589359
1.648	 0.48757120976383495
1.652	 0.4869860671634411
1.656	 0.4864305855737399
1.66	 0.4859010580874274
1.664	 0.4854057587148186
1.668	 0.48493881631148134
1.672	 0.48448904247364893
1.676	 0.48380232344281765
1.68	 0.4834116589253903
1.684	 0.48303426346271294
1.688	 0.48267261448301424
1.692	 0.48231760089018744
1.696	 0.481959972183801
1.7	 0.48160839674561834
1.704	 0.4812525960360925
1.708	 0.48089377790945254
1.712	 0.48054883317599384
1.716	 0.48021739230872296
1.72	 0.47989769126580845
1.724	 0.47957756599758616
1.728	 0.4792527490900872
1.732	 0.47892455273708606
1.736	 0.4785777996015774
1.74	 0.4782146338121588
1.744	 0.477826141221255
1.748	 0.47742853346048914
1.752	 0.47700826164001303
1.756	 0.47655350774849914
1.76	 0.47607370846501545
1.764	 0.47556475493761224
1.768	 0.4750289019169364
1.772	 0.4744772169821043
1.776	 0.473892703119014
1.78	 0.4732754347573152
1.784	 0.47265661204700676
1.788	 0.4720575606880111
1.792	 0.47149456006732854
1.796	 0.4709703803048428
1.8	 0.4704902661693911
1.804	 0.47003159166678793
1.808	 0.46959151081819434
1.812	 0.46916938436264544
1.816	 0.46877279952055867
1.82	 0.4684089495871695
1.824	 0.4680649234251621
1.828	 0.4679245606273109
1.832	 0.4675826471644584
1.836	 0.46725661314256706
1.84	 0.4669473808112437
1.844	 0.46664012139569416
1.848	 0.46633866746181624
1.852	 0.46604997755136074
1.856	 0.4657677986026786
1.86	 0.46549138336977486
1.864	 0.46521224212315476
1.868	 0.46495611017324756
1.872	 0.4647155259845618
1.876	 0.46451675881892557
1.88	 0.4642778446914784
1.884	 0.4640401979300825
1.888	 0.46381064326748184
1.892	 0.4635843705919807
1.896	 0.46336357819653967
1.9	 0.46312687522545093
1.904	 0.46285989206804234
1.908	 0.4625710059340052
1.912	 0.46225198172550575
1.916	 0.4618692653297235
1.92	 0.46142871912016403
1.924	 0.46092696626630647
1.928	 0.4603853911007404
1.932	 0.4597857766166568
1.936	 0.45913364859971945
1.94	 0.4584616397109189
1.944	 0.4577851871709829
1.948	 0.45713488053570944
1.952	 0.4565219207302344
1.956	 0.45597565640324383
1.96	 0.45549405513946695
1.964	 0.45507290857974536
1.968	 0.45471277265867566
1.972	 0.45439996998778587
1.976	 0.4541088433175951
1.98	 0.4538392326189657
1.984	 0.45355024736816874
1.988	 0.45317002256634537
1.992	 0.4526633321584952
1.996	 0.4520046238204775
2.0	 0.4511727247724236
2.004	 0.4501885412403317
2.008	 0.44907263702890965
2.012	 0.4478321023932377
2.016	 0.44648551013244575
2.02	 0.4450437939917534
2.024	 0.44351218965543043
2.028	 0.44191023244089417
2.032	 0.440261498666721
2.036	 0.43854187012497786
2.04	 0.4367473454041862
2.044	 0.43489246556917105
2.048	 0.4329631263587686
2.052	 0.42956895992737654
2.056	 0.4274366729138924
2.06	 0.4252184605026285
2.064	 0.4229240109270196
2.068	 0.4205698855610546
2.072	 0.41813543453536667
2.076	 0.416091730177886
2.08	 0.4135619414217082
2.084	 0.41098043489213076
2.088	 0.40835615515996254
2.092	 0.4057104457459781
2.096	 0.4030461535507686
2.1	 0.4004169756753994
2.104	 0.39781320042701757
2.108	 0.3952618957796452
2.112	 0.3927804784486252
2.116	 0.3903918012114715
2.12	 0.3880769070937728
2.124	 0.3858407344861349
2.128	 0.3836731349115392
2.132	 0.381594167418249
2.136	 0.37956973899005825
2.14	 0.3775804841650732
2.144	 0.3755851531929339
2.148	 0.37356161393088366
2.152	 0.3714938120683268
2.156	 0.3693887887966744
2.16	 0.36723592611394207
2.164	 0.36507308739658556
2.168	 0.3629069791379275
2.172	 0.3607784915149411
2.176	 0.3586886717980896
2.18	 0.3566510406958075
2.184	 0.35470338413165214
2.188	 0.3528771438266424
2.192	 0.3512162711681694
2.196	 0.3497618822400838
2.2	 0.348510717350342
2.204	 0.34743626250079795
2.208	 0.34654926346736425
2.212	 0.3458312963673789
2.216	 0.3452162002331867
2.22	 0.3446953613520373
2.224	 0.3442504115493229
2.228	 0.3438713830850534
2.232	 0.34356255989444434
2.236	 0.34337552738037297
2.24	 0.34330800587445204
2.244	 0.34338243269240054
2.248	 0.34363731521785545
2.252	 0.3432280918934411
2.256	 0.3437384189106735
2.26	 0.3444420429553909
2.264	 0.34534253404005016
2.268	 0.3464029315469044
2.272	 0.3476308686622827
2.276	 0.34901189992523246
2.28	 0.35055322016299706
2.284	 0.35226155342194126
2.288	 0.35415057455739596
2.292	 0.35621415656841077
2.296	 0.358459103538575
2.3	 0.36086209820374376
2.304	 0.3634349506680274
2.308	 0.36605649877465074
2.312	 0.3687402829768971
2.316	 0.37147156140737025
2.32	 0.3742851939537425
2.324	 0.3771812802725844
2.328	 0.38018709046788823
2.332	 0.3833103202529954
2.336	 0.3865584591331648
2.34	 0.3899339965381469
2.344	 0.39342778300954034
2.348	 0.397009485825181
2.352	 0.40063613065388026
2.356	 0.4042774998739446
2.36	 0.4079074618267586
2.364	 0.41149229762543893
2.368	 0.4150107610977711
2.372	 0.4184458877337948
2.376	 0.42179887553766
2.38	 0.4250922153710636
2.384	 0.428345393817524
2.388	 0.4316125372245117
2.392	 0.4348624037101577
2.396	 0.43806818777590206
2.4	 0.4412345128187528
2.404	 0.4443906556217618
2.408	 0.4475074193959321
2.412	 0.4505231779441286
2.416	 0.45351618849006614
2.42	 0.4564870020936521
2.424	 0.45944914369635725
2.428	 0.46239850289437445
2.432	 0.4653915355193355
2.436	 0.46835102200590795
2.44	 0.471205855726757
2.444	 0.47400786393562555
2.448	 0.47668153178448214
2.452	 0.48110159887276505
2.456	 0.48350269467924906
2.46	 0.4857588038109941
2.464	 0.48786129440558923
2.468	 0.48980304402862856
2.472	 0.4916579594863326
2.476	 0.49342200585354545
2.48	 0.49510290106620386
2.484	 0.4966891275219916
2.488	 0.4980755475322729
2.492	 0.4993893803368281
2.496	 0.5007931201101096
2.5	 0.0
