2.5	 1.0
2.499	 0.5455251436813593
2.498	 0.5461400068900463
2.497	 0.5451857501545813
2.496	 0.5454156726723215
2.495	 0.5456415974990182
2.494	 0.545564079414166
2.493	 0.5458904309857088
2.492	 0.545835378439369
2.491	 0.545579459899863
2.49	 0.5456681449481224
2.489	 0.5457389764052609
2.488	 0.5457773894624244
2.487	 0.5459525640960213
2.486	 0.5461093584313406
2.485	 0.5463292334837448
2.484	 0.5463868451356932
2.483	 0.5463910173619914
2.482	 0.546593365339163
2.481	 0.5468320461163272
2.48	 0.5468950109740575
2.479	 0.5469315837712425
2.478	 0.5470890549223844
2.477	 0.5473343718915545
2.476	 0.547281841624293
2.475	 0.5474009466008167
2.474	 0.5475042415264952
2.473	 0.54779122913957
2.472	 0.5476914024654275
2.471	 0.5477617615849278
2.47	 0.5478654203951181
2.469	 0.5480870191966993
2.468	 0.5479802948459239
2.467	 0.5480500013506704
2.466	 0.5481503505303332
2.465	 0.5483818026875653
2.464	 0.5482747296190429
2.463	 0.5483108211789904
2.462	 0.5483877442622852
2.461	 0.5486472732257638
2.46	 0.5485130070253963
2.459	 0.548578600535382
2.458	 0.5486443184471921
2.457	 0.5488750023286415
2.456	 0.5487103335415453
2.455	 0.5487442181556436
2.454	 0.5487956604616647
2.453	 0.5490418151507532
2.452	 0.5488835054017438
2.451	 0.5489279360069031
2.45	 0.5489804072393056
2.449	 0.5492470711767913
2.448	 0.5493135170148725
2.447	 0.5491171836158932
2.446	 0.5491621727963598
2.445	 0.549455180676214
2.444	 0.5495189948332271
2.443	 0.5493275950833293
2.442	 0.5494187800503395
2.441	 0.5497398104409223
2.44	 0.549812852851277
2.439	 0.5496232281182732
2.438	 0.5497314822377267
2.437	 0.5500939259096108
2.436	 0.5501892180331173
2.435	 0.5499973162138213
2.434	 0.5500978307172322
2.433	 0.5504919065352781
2.432	 0.5506055126795582
2.431	 0.5504188973963978
2.43	 0.5505414606718486
2.429	 0.5509663663309783
2.428	 0.5511025481515777
2.427	 0.5509380032458482
2.426	 0.5510850549216659
2.425	 0.5515181053983315
2.424	 0.5516526671877218
2.423	 0.5514943824425141
2.422	 0.551652950545845
2.421	 0.5521304327408327
2.42	 0.5522912898401933
2.419	 0.5521338946004731
2.418	 0.5522977672844939
2.417	 0.5527765001677588
2.416	 0.552946269745194
2.415	 0.5527939369440215
2.414	 0.5529648884989847
2.413	 0.5534593912996472
2.412	 0.5536467206943708
2.411	 0.5535170465662135
2.41	 0.5537065355790811
2.409	 0.5542023017089133
2.408	 0.5544066746169957
2.407	 0.5543028843384613
2.406	 0.5545144411321624
2.405	 0.5550243083112687
2.404	 0.5552345023818802
2.403	 0.5551484483722535
2.402	 0.5553668158115912
2.401	 0.5558815839009978
2.4	 0.5560905309014256
2.399	 0.5560110206306396
2.398	 0.5562448655257219
2.397	 0.5567669000017362
2.396	 0.5569868592480104
2.395	 0.5569160198939636
2.394	 0.5571476671530189
2.393	 0.5576778273825815
2.392	 0.5579049939152535
2.391	 0.5578427985499909
2.39	 0.5580830604938887
2.389	 0.5586126998104357
2.388	 0.5588521844676583
2.387	 0.558803370299108
2.386	 0.5590519696029019
2.385	 0.5595902014129029
2.384	 0.5598430311456123
2.383	 0.5598042052002871
2.382	 0.5600671543812109
2.381	 0.5606256254312845
2.38	 0.560896213752573
2.379	 0.560877739190837
2.378	 0.5611552584616284
2.377	 0.5617254134058948
2.376	 0.5620027489258552
2.375	 0.5619949178697827
2.374	 0.5622851617999272
2.373	 0.5625775065344066
2.372	 0.5631643741208326
2.371	 0.5631808640661299
2.37	 0.5634925852952543
2.369	 0.5638098664118325
2.368	 0.5644150318240228
2.367	 0.5644594070047875
2.366	 0.5647835061576496
2.365	 0.5651109399929679
2.364	 0.5657216808545559
2.363	 0.5657874982920092
2.362	 0.5661317916258648
2.361	 0.566481909067474
2.36	 0.5670999183500776
2.359	 0.567187380213378
2.358	 0.5675443507979796
2.357	 0.5679021068897756
2.356	 0.5685219336946556
2.355	 0.5686274176487518
2.354	 0.5689973148548062
2.353	 0.5693568589887326
2.352	 0.5699633518174981
2.351	 0.5700710222947608
2.35	 0.570429810039744
2.349	 0.5707916944244074
2.348	 0.5713897808993912
2.347	 0.571509779944434
2.346	 0.5718660284371553
2.345	 0.5722177242504405
2.344	 0.5727916020842834
2.343	 0.5729071928270014
2.342	 0.5732512701138286
2.341	 0.5735953383760243
2.34	 0.5741494719139719
2.339	 0.5742685359228975
2.338	 0.5745974917621036
2.337	 0.5749153150955463
2.336	 0.5754367755997299
2.335	 0.5755502529516496
2.334	 0.5758613066254189
2.333	 0.5761698570002748
2.332	 0.5766617722664377
2.331	 0.5767704311308558
2.33	 0.5770688321380788
2.329	 0.5773616277476439
2.328	 0.5778251062539932
2.327	 0.5779318796413943
2.326	 0.5782136169462853
2.325	 0.5784878485507987
2.324	 0.5789173971988462
2.323	 0.5791758424724781
2.322	 0.5792754623717529
2.321	 0.5795305306071373
2.32	 0.5799289602132721
2.319	 0.5801757669202899
2.318	 0.5802788272471087
2.317	 0.580521066699666
2.316	 0.5808935137032201
2.315	 0.581126294539279
2.314	 0.5812286023413238
2.313	 0.5814555399775897
2.312	 0.5818036747887737
2.311	 0.5820289202193086
2.31	 0.5821355246624854
2.309	 0.5823567864822802
2.308	 0.5826809062459319
2.307	 0.5828906747250703
2.306	 0.5829966687303693
2.305	 0.5832073436746721
2.304	 0.5835129839170184
2.303	 0.5837149015372056
2.302	 0.5838237174255582
2.301	 0.5840202509658665
2.3	 0.5841000852017411
2.299	 0.5840867763868061
2.298	 0.5840099568297358
2.297	 0.5841989888928405
2.296	 0.5840597873243079
2.295	 0.5840501774540008
2.294	 0.5839610871108127
2.293	 0.5841397760449794
2.292	 0.5839978684322481
2.291	 0.5839731954925276
2.29	 0.5838930019348225
2.289	 0.5840522541900179
2.288	 0.5838718866624719
2.287	 0.5838274883869075
2.286	 0.583733424434586
2.285	 0.5838694388839997
2.284	 0.5836592363333831
2.283	 0.5835844705382472
2.282	 0.5834771740638488
2.281	 0.5835871581056014
2.28	 0.583340884542649
2.279	 0.5832387225764362
2.278	 0.5831150500284755
2.277	 0.5831973027440044
2.276	 0.5829219160792927
2.275	 0.5828028132602643
2.274	 0.5826588385817464
2.273	 0.5827145860452899
2.272	 0.5824180492253852
2.271	 0.5822720829311886
2.27	 0.5821240002177734
2.269	 0.582147783810995
2.268	 0.5818206883539704
2.267	 0.5816535388038029
2.266	 0.5814938807457153
2.265	 0.581497598549259
2.264	 0.5811471790987527
2.263	 0.5809652028058352
2.262	 0.5807972578234858
2.261	 0.5807812066016692
2.26	 0.580410642805804
2.259	 0.5802155186074294
2.258	 0.580048928129506
2.257	 0.5800125965307309
2.256	 0.5796298310407325
2.255	 0.5794205828794993
2.254	 0.5792419901575816
2.253	 0.5791767759945419
2.252	 0.5787563889817157
2.251	 0.5785232241321093
2.25	 0.5783326122570563
2.249	 0.5782402724908156
2.248	 0.5779827855793909
2.247	 0.5775259103183072
2.246	 0.5773082010150767
2.245	 0.577173384211664
2.244	 0.5768780133049864
2.243	 0.5763716618527949
2.242	 0.5761249744288532
2.241	 0.5759510248314987
2.24	 0.5756234683102862
2.239	 0.5750701052716751
2.238	 0.5747870932866523
2.237	 0.5745605490309549
2.236	 0.5741836864559741
2.235	 0.5735824153226753
2.234	 0.5732673811420028
2.233	 0.5729983847109544
2.232	 0.5725789168699623
2.231	 0.5719238942182396
2.23	 0.571577386509137
2.229	 0.5712656844280777
2.228	 0.5708110848411366
2.227	 0.5701079727728356
2.226	 0.5697413312043437
2.225	 0.5693962983428184
2.224	 0.5689110981131338
2.223	 0.5681720945992408
2.222	 0.5677800254634275
2.221	 0.5674062814608588
2.22	 0.5668892595433942
2.219	 0.5661189964659759
2.218	 0.5657160307356681
2.217	 0.5653218412549353
2.216	 0.5647841854776972
2.215	 0.5639834198755548
2.214	 0.5635665992600063
2.213	 0.5631600421750435
2.212	 0.5626066961131045
2.211	 0.5617694568256946
2.21	 0.561348212452074
2.209	 0.5609273539637795
2.208	 0.5603524649061683
2.207	 0.5594823155894195
2.206	 0.5590501218725588
2.205	 0.5586181279433069
2.204	 0.5580320856819537
2.203	 0.5571333933048394
2.202	 0.5566933239300441
2.201	 0.5562448031073494
2.2	 0.55564085867105
2.199	 0.5547158435041009
2.198	 0.5541001769156356
2.197	 0.5536356442930612
2.196	 0.5531831454181927
2.195	 0.5522295425423457
2.194	 0.5515911370785042
2.193	 0.5511058058260024
2.192	 0.5506369906359563
2.191	 0.5496471416259914
2.19	 0.5489902879926607
2.189	 0.548487446551787
2.188	 0.548001524660978
2.187	 0.5469762701935885
2.186	 0.5462932889332641
2.185	 0.5457708125518356
2.184	 0.545266941324315
2.183	 0.5442057695689331
2.182	 0.5434949863096119
2.181	 0.5429497183445349
2.18	 0.542426676727129
2.179	 0.5413191844799865
2.178	 0.5405846383677441
2.177	 0.5400178726633386
2.176	 0.5394734896481518
2.175	 0.5383329794155255
2.174	 0.5375769074639414
2.173	 0.5368097266248193
2.172	 0.5364373606638636
2.171	 0.5352572945118425
2.17	 0.5344743992809289
2.169	 0.5336848904990825
2.168	 0.5333053966203187
2.167	 0.5320898796816406
2.166	 0.5312877342085384
2.165	 0.5304751199322916
2.164	 0.5300911345428267
2.163	 0.5288380440047934
2.162	 0.5280116867422919
2.161	 0.5271759798176354
2.16	 0.526786969967281
2.159	 0.5255002244792832
2.158	 0.5246567098098291
2.157	 0.5238043404400141
2.156	 0.5234084712103634
2.155	 0.5220848770213165
2.154	 0.5212202849665711
2.153	 0.5203574140306375
2.152	 0.5199622503287358
2.151	 0.5186300534841652
2.15	 0.517759498973879
2.149	 0.5168843654815063
2.148	 0.5164894510556467
2.147	 0.5151370519384597
2.146	 0.5142626278807061
2.145	 0.513385641579901
2.144	 0.5129945027418402
2.143	 0.5116292548969406
2.142	 0.5107454498320637
2.141	 0.5098602853555637
2.14	 0.5094695096854733
2.139	 0.5080900831412792
2.138	 0.5072095436047377
2.137	 0.5063287321525022
2.136	 0.5059429769304165
2.135	 0.5045524094640023
2.134	 0.5036649178294694
2.133	 0.5027759806560942
2.132	 0.5023974154455089
2.131	 0.5009994806136195
2.13	 0.5001111591747496
2.129	 0.49922404270176746
2.128	 0.49885041002517244
2.127	 0.49744376772444976
2.126	 0.4965549792869194
2.125	 0.4956717997768081
2.124	 0.49530881872779714
2.123	 0.4944272016147055
2.122	 0.4930284479843289
2.121	 0.4921477587705097
2.12	 0.4917927594727009
2.119	 0.49092078284101615
2.118	 0.4895321730095763
2.117	 0.48866746394654037
2.116	 0.48831853534075365
2.115	 0.48745920513943536
2.114	 0.48609457794031447
2.113	 0.48525172133298133
2.112	 0.4849121048348461
2.111	 0.4840809676669646
2.11	 0.4827707544117487
2.109	 0.48196052981627946
2.108	 0.4816303211231794
2.107	 0.48084380115101455
2.106	 0.47962644113700054
2.105	 0.47887492885229815
2.104	 0.47855255320587003
2.103	 0.4778254488252433
2.102	 0.4767475493061154
2.101	 0.476078084016921
2.1	 0.47576549588928413
2.099	 0.4751210476254288
2.098	 0.4742026921553408
2.097	 0.47361661614223105
2.096	 0.47331404117371345
2.095	 0.4727517151340738
2.094	 0.4719864418944339
2.093	 0.47148494990116263
2.092	 0.4711928093360406
2.091	 0.47071244665594025
2.09	 0.4700944705874967
2.089	 0.46967003817102987
2.088	 0.46938619633544687
2.087	 0.4689822754212364
2.086	 0.4685031833077311
2.085	 0.46815135770647304
2.084	 0.4678847097605512
2.083	 0.46755553752018
2.082	 0.4671996432633889
2.081	 0.46691230494468716
2.08	 0.46666110909856195
2.079	 0.46639369007610176
2.078	 0.4661350557129782
2.077	 0.46589850818027523
2.076	 0.4656625008011432
2.075	 0.46544735125992875
2.074	 0.46527483853535967
2.073	 0.4650911046326422
2.072	 0.4651397273504581
2.071	 0.4647104942715041
2.07	 0.4646331096549263
2.069	 0.4645049246200576
2.068	 0.464597158405975
2.067	 0.4641940813739682
2.066	 0.464185047294707
2.065	 0.4640927856267758
2.064	 0.4642128773697832
2.063	 0.4638384028208493
2.062	 0.4638769837262913
2.061	 0.4638181431356629
2.06	 0.46396586165920345
2.059	 0.46361641418527044
2.058	 0.46368884265443017
2.057	 0.4636631241381294
2.056	 0.46383412127108137
2.055	 0.4635107260019974
2.054	 0.4636302945727174
2.053	 0.4636401701366259
2.052	 0.4638381069044814
2.051	 0.46355088138279804
2.05	 0.4637140821638608
2.049	 0.463759188779017
2.048	 0.46381492656464024
2.047	 0.463732788490288
2.046	 0.4639499624055982
2.045	 0.4640317661293262
2.044	 0.46411840020457706
2.043	 0.4640569141821048
2.042	 0.4643210252798751
2.041	 0.4644366193478236
2.04	 0.46456155765181995
2.039	 0.46452489985866724
2.038	 0.4648525346439156
2.037	 0.465013720596182
2.036	 0.4651831979410359
2.035	 0.46517184903236425
2.034	 0.46555004158328683
2.033	 0.4657499741994073
2.032	 0.4659597307108418
2.031	 0.46597152880148984
2.03	 0.4663971669201355
2.029	 0.4666286750481369
2.028	 0.46686955643566025
2.027	 0.46691042717884884
2.026	 0.467386357743398
2.025	 0.467658589026565
2.024	 0.46793410859039886
2.023	 0.46799926873920894
2.022	 0.46851356751536466
2.021	 0.46881895985631766
2.02	 0.4691258447164351
2.019	 0.4692150668019423
2.018	 0.469759464143652
2.017	 0.47009023237713654
2.016	 0.47042648290170813
2.015	 0.4705434628026102
2.014	 0.4711196079408349
2.013	 0.4714739584633055
2.012	 0.47183924836905444
2.011	 0.4719841001838946
2.01	 0.47258823946544765
2.009	 0.47297158920916627
2.008	 0.47336090343066495
2.007	 0.47352726204180595
2.006	 0.4741509191664038
2.005	 0.4745589826661842
2.004	 0.4749739388401417
2.003	 0.47517004173804
2.002	 0.47582840145121863
2.001	 0.47626937360780386
2.0	 0.4767078256634899
1.999	 0.4769290289546483
1.998	 0.47761232167177453
1.997	 0.4778427077693292
1.996	 0.4785386683582657
1.995	 0.4787871356675269
1.994	 0.4794873043682091
1.993	 0.47975701686102884
1.992	 0.480481361457201
1.991	 0.48075519242114534
1.99	 0.4814827860329061
1.989	 0.48178937563422664
1.988	 0.4825535986322009
1.987	 0.4828521092238157
1.986	 0.4835966316382554
1.985	 0.48394227269884543
1.984	 0.4847397436255879
1.983	 0.48506224268204345
1.982	 0.48582905736178283
1.981	 0.4862166677840264
1.98	 0.48704584716538624
1.979	 0.4873967968596032
1.978	 0.4881780142052934
1.977	 0.48860059882931156
1.976	 0.48946662186416423
1.975	 0.4898393577985373
1.974	 0.49063800320842554
1.973	 0.4910948110138456
1.972	 0.491990789171188
1.971	 0.49238359741118126
1.97	 0.4931965035345575
1.969	 0.49368381324068483
1.968	 0.4945959252027656
1.967	 0.49500892058487017
1.966	 0.4958371266488093
1.965	 0.496361872943042
1.964	 0.4973022776113934
1.963	 0.4977380121306927
1.962	 0.49857775334156107
1.961	 0.4991347885265999
1.96	 0.5001020116688385
1.959	 0.5005590748562024
1.958	 0.5014168369614254
1.957	 0.5020057577665479
1.956	 0.5030033953530725
1.955	 0.5034796481832885
1.954	 0.5043529182907959
1.953	 0.5049736275855448
1.952	 0.5059834993000042
1.951	 0.5064768106083232
1.95	 0.5073533161522438
1.949	 0.5081179025117021
1.948	 0.50903837403431
1.947	 0.509659715645663
1.946	 0.5104319805435861
1.945	 0.5112129748063615
1.944	 0.5121567596211465
1.943	 0.5127939081398103
1.942	 0.5135945404531091
1.941	 0.5143994601876614
1.94	 0.5153765411919492
1.939	 0.5160221461119084
1.938	 0.5168399701950946
1.937	 0.5176618505881654
1.936	 0.5186676779263466
1.935	 0.5193311360876618
1.934	 0.5201722220128778
1.933	 0.5210198418555814
1.932	 0.52205239841786
1.931	 0.5227291778196658
1.93	 0.5235915163790679
1.929	 0.5244562449684608
1.928	 0.52551729529938
1.927	 0.526205939370187
1.926	 0.5270904207591172
1.925	 0.5279758219518281
1.924	 0.5290561646094046
1.923	 0.5299523722913423
1.922	 0.5306512289260543
1.921	 0.5315469160746927
1.92	 0.5326415879369756
1.919	 0.5335381221493608
1.918	 0.5342277703532362
1.917	 0.5351184747246563
1.916	 0.5362140854705811
1.915	 0.5371055011141463
1.914	 0.5377833113936927
1.913	 0.5386560015337969
1.912	 0.5397275781941832
1.911	 0.5405813324813787
1.91	 0.541208584144009
1.909	 0.5420339253550129
1.908	 0.5430554915279912
1.907	 0.5438460429980005
1.906	 0.5443976316975312
1.905	 0.5451416466167416
1.904	 0.5460784330695824
1.903	 0.5467665201462977
1.902	 0.5471993631976798
1.901	 0.5478162258528781
1.9	 0.5486255255330765
1.899	 0.5491803041488159
1.898	 0.5494745631014915
1.897	 0.5499588020359011
1.896	 0.5506358026237209
1.895	 0.5510588315196211
1.894	 0.5512224674942672
1.893	 0.5515787179848882
1.892	 0.5521267131487794
1.891	 0.5524276356007609
1.89	 0.5524736100555835
1.889	 0.5527151572838664
1.888	 0.5531510426181443
1.887	 0.5533383813287279
1.886	 0.553276464258831
1.885	 0.5534157549786691
1.884	 0.5537507067192582
1.883	 0.553843377971308
1.882	 0.5536971077252609
1.881	 0.5537528450980269
1.88	 0.5540055756223615
1.879	 0.5540265975190349
1.878	 0.5538194914994118
1.877	 0.553813573561447
1.876	 0.5540001833181959
1.875	 0.5539605458649763
1.874	 0.5537514339796339
1.873	 0.55363418846793
1.872	 0.5536054099838117
1.871	 0.553657221376877
1.87	 0.553398737964332
1.869	 0.553221926270224
1.868	 0.5531391708221155
1.867	 0.5531236353035083
1.866	 0.552831567170428
1.865	 0.5526137896209208
1.864	 0.552502710475484
1.863	 0.5524506435514758
1.862	 0.5521391661011118
1.861	 0.551884528580121
1.86	 0.5517445619504002
1.859	 0.5516530400988479
1.858	 0.5513341173767597
1.857	 0.5510578134382602
1.856	 0.5508945079391648
1.855	 0.5507652507471725
1.854	 0.5504355832162947
1.853	 0.5501353402275144
1.852	 0.5499518218001406
1.851	 0.5497843246550816
1.85	 0.5494473928900728
1.849	 0.5491197438268672
1.848	 0.5489168458466497
1.847	 0.5487109897815948
1.846	 0.5483673975669979
1.845	 0.5480258310819971
1.844	 0.5478127608172152
1.843	 0.5475877972103583
1.842	 0.5472474201654075
1.841	 0.5468871126332484
1.84	 0.5466593512593116
1.839	 0.5463941431225344
1.838	 0.5460505681893278
1.837	 0.5456703878958349
1.836	 0.5454251761691056
1.835	 0.5451291007665804
1.834	 0.5447892757333769
1.833	 0.5443925149469362
1.832	 0.5441344684291773
1.831	 0.543810321556331
1.83	 0.5434767386638238
1.829	 0.5430721942426004
1.828	 0.542807665853289
1.827	 0.5424433646526695
1.826	 0.5421114086249229
1.825	 0.5416852960705105
1.824	 0.541329477934494
1.823	 0.541014617280987
1.822	 0.5406095119937643
1.821	 0.5402472577027246
1.82	 0.539876820199658
1.819	 0.539537853215217
1.818	 0.5391371474939738
1.817	 0.5387634953417731
1.816	 0.5383860526445333
1.815	 0.538014998051137
1.814	 0.5376180720908685
1.813	 0.5372308016016819
1.812	 0.5368369485067611
1.811	 0.5364323273123671
1.81	 0.5360381210829752
1.809	 0.5356346396393205
1.808	 0.5352305032498016
1.807	 0.5348045222266031
1.806	 0.5344217976213724
1.805	 0.5340133599098963
1.804	 0.5335962214773129
1.803	 0.5331364445307695
1.802	 0.5327532003666232
1.801	 0.5323234409467613
1.8	 0.5318922543800517
1.799	 0.5314027322358363
1.798	 0.5310256330264009
1.797	 0.5305203163482476
1.796	 0.5301435184687684
1.795	 0.5296241267622052
1.794	 0.5292553590577159
1.793	 0.5287262626484555
1.792	 0.5283622912460221
1.791	 0.5278118771930876
1.79	 0.5274437113994203
1.789	 0.5268719387242218
1.788	 0.5265077211129436
1.787	 0.5259264584637868
1.786	 0.5255680409309254
1.785	 0.5249679288505913
1.784	 0.5246069913589684
1.783	 0.523996564220629
1.782	 0.5236423496935644
1.781	 0.5230121498552194
1.78	 0.5226621356615497
1.779	 0.5220247499740704
1.778	 0.5216808787145562
1.777	 0.5210272443180912
1.776	 0.5206820345428836
1.775	 0.5200131985948933
1.774	 0.5196706775403984
1.773	 0.5189846038637181
1.772	 0.5186455111105179
1.771	 0.5179549830205592
1.77	 0.5176200754954313
1.769	 0.5169138480976263
1.768	 0.5165837223831
1.767	 0.5158668537910287
1.766	 0.5155392765871644
1.765	 0.5148004777150029
1.764	 0.5144717834171191
1.763	 0.513726883781025
1.762	 0.5134057612822974
1.761	 0.5126471345113058
1.76	 0.5123265538434706
1.759	 0.5115480062736975
1.758	 0.5112278436200146
1.757	 0.5104380611268271
1.756	 0.5101177765244891
1.755	 0.5093117594331364
1.754	 0.5089979622828883
1.753	 0.5081826288477203
1.752	 0.5078711578729422
1.751	 0.5070468841928021
1.75	 0.5067392614628949
1.749	 0.5062774788720723
1.748	 0.5055884825231369
1.747	 0.5051188054380766
1.746	 0.5044320336114099
1.745	 0.5039612505687999
1.744	 0.5032608855952085
1.743	 0.5027834767305799
1.742	 0.5020756639742736
1.741	 0.5015938212597005
1.74	 0.5008836661118325
1.739	 0.5003980297543129
1.738	 0.4996821714880654
1.737	 0.4991909181960012
1.736	 0.4984652465476109
1.735	 0.4979672798577819
1.734	 0.4972387888710205
1.733	 0.49673816711936175
1.732	 0.4959998146302199
1.731	 0.49549239431196423
1.73	 0.49474839925048203
1.729	 0.494238371036716
1.728	 0.49348500898073894
1.727	 0.4929687488684817
1.726	 0.4922108298930613
1.725	 0.4916869528838002
1.724	 0.490924571265451
1.723	 0.4903993189446478
1.722	 0.4896295065353957
1.721	 0.4891024069553808
1.72	 0.48832886083879673
1.719	 0.48780426509761304
1.718	 0.48703052503554245
1.717	 0.48650638273248775
1.716	 0.485730394828781
1.715	 0.4852053751909243
1.714	 0.48442891509368796
1.713	 0.4839096664965107
1.712	 0.48313994288844475
1.711	 0.4826310359368082
1.71	 0.4818679659166364
1.709	 0.4813724637936246
1.708	 0.48062300697725735
1.707	 0.48014200890131403
1.706	 0.47940547410976203
1.705	 0.47894265428241545
1.704	 0.4782257261929127
1.703	 0.4777845536075332
1.702	 0.47709445947609097
1.701	 0.476688793947025
1.7	 0.4760264867022913
1.699	 0.4755130491272218
1.698	 0.4750130315681153
1.697	 0.4745305401484517
1.696	 0.47405798016410416
1.695	 0.4736002043848093
1.694	 0.4731548033534367
1.693	 0.4727256845035504
1.692	 0.47230876224020096
1.691	 0.4719012836124356
1.69	 0.471503443523464
1.689	 0.4711194584618162
1.688	 0.47074962283830984
1.687	 0.4703897073249493
1.686	 0.47003873252362394
1.685	 0.4696998208811171
1.684	 0.4693686402199886
1.683	 0.46904632594193296
1.682	 0.46873252514060326
1.681	 0.4684244055861785
1.68	 0.46812117016092797
1.679	 0.46782575041472674
1.678	 0.46753487101621216
1.677	 0.467249070930509
1.676	 0.4669669570254516
1.675	 0.4666945174072237
1.674	 0.4663916954729721
1.673	 0.46616505830959964
1.672	 0.46587953904681056
1.671	 0.46564938651708027
1.67	 0.465384129877704
1.669	 0.46515150168886815
1.668	 0.46490801390992315
1.667	 0.46467709747906466
1.666	 0.46444116225682724
1.665	 0.4642054753195719
1.664	 0.46397489269292025
1.663	 0.4637395170976256
1.662	 0.46352783276956566
1.661	 0.4632930245342572
1.66	 0.4630831129005539
1.659	 0.46284495187716534
1.658	 0.4626374598349433
1.657	 0.4623967283988956
1.656	 0.46219929548309485
1.655	 0.4619585643859191
1.654	 0.4617600001507218
1.653	 0.46151465416448534
1.652	 0.46132513071464026
1.651	 0.46108275757651146
1.65	 0.46089596849419634
1.649	 0.4606516608397606
1.648	 0.4604688273798598
1.647	 0.46022125058630636
1.646	 0.46004408560114146
1.645	 0.4597883646830851
1.644	 0.45960144497077593
1.643	 0.45934513179841696
1.642	 0.45915951025527457
1.641	 0.4589041394445858
1.64	 0.4587291994392688
1.639	 0.45847175129858597
1.638	 0.4582954776921995
1.637	 0.45803737963818064
1.636	 0.4578647362427638
1.635	 0.4576052180873857
1.634	 0.45742873274562246
1.633	 0.4571639207910473
1.632	 0.4569944566113888
1.631	 0.45673105288807536
1.63	 0.45655819406103626
1.629	 0.4562945912414369
1.628	 0.4561258476025477
1.627	 0.4558696234341738
1.626	 0.4557016138392657
1.625	 0.4554388361101871
1.624	 0.45541204302120897
1.623	 0.4550155951957211
1.622	 0.4549897087939773
1.621	 0.45458570334462706
1.62	 0.45455715674946895
1.619	 0.4541558414967656
1.618	 0.4541287554595137
1.617	 0.45372259737505816
1.616	 0.4536923731205734
1.615	 0.45328403617776347
1.614	 0.4532561664227238
1.613	 0.45284346634043177
1.612	 0.45281725709343357
1.611	 0.4524088521266584
1.61	 0.45238361483106976
1.609	 0.45198418910793686
1.608	 0.45195800837309646
1.607	 0.4515630662874931
1.606	 0.45153294301471675
1.605	 0.45113966886409024
1.604	 0.4511090274187551
1.603	 0.4507200063630833
1.602	 0.4506902504336419
1.601	 0.45031922590842005
1.6	 0.45029318471785995
1.599	 0.44994183979701563
1.598	 0.44991701842606846
1.597	 0.4495914473752694
1.596	 0.4495685049253334
1.595	 0.4492668941047855
1.594	 0.44924154659414267
1.593	 0.4489610718851097
1.592	 0.44893244710737873
1.591	 0.4486768984601665
1.59	 0.4486569629853796
1.589	 0.4484303006232585
1.588	 0.44841064097124567
1.587	 0.44820301180164884
1.586	 0.44818384314021603
1.585	 0.4479932003773956
1.584	 0.4479811928725333
1.583	 0.44780229439912733
1.582	 0.44778449578251167
1.581	 0.4476113111418511
1.58	 0.44759777406905665
1.579	 0.4474254807258197
1.578	 0.4474083854429945
1.577	 0.44724838736326883
1.576	 0.44723916824040927
1.575	 0.4470793740761315
1.574	 0.4469967915451642
1.573	 0.4469143816794372
1.572	 0.4468320828959049
1.571	 0.44674328225077137
1.57	 0.44666080256444224
1.569	 0.44658111035537873
1.568	 0.4465013907193171
1.567	 0.4464170860632631
1.566	 0.44633873763121024
1.565	 0.4462599214672984
1.564	 0.44618815797200356
1.563	 0.4461146069848455
1.562	 0.44603769421822814
1.561	 0.4459606188722474
1.56	 0.44588688625657186
1.559	 0.4458134390875729
1.558	 0.4457439786504564
1.557	 0.4456715850889631
1.556	 0.445608895424096
1.555	 0.4455387175986783
1.554	 0.4454734604373175
1.553	 0.4454014078100405
1.552	 0.4453371798704207
1.551	 0.44527009539669626
1.55	 0.4452044122646065
1.549	 0.44522186619174653
1.548	 0.44507963680854673
1.547	 0.4450982851273053
1.546	 0.4449560651061511
1.545	 0.4449793325801041
1.544	 0.4448415648163718
1.543	 0.4448644896596876
1.542	 0.44472310024261
1.541	 0.44475489867343204
1.54	 0.4446113814136134
1.539	 0.4446402910013645
1.538	 0.4445005859175264
1.537	 0.44453635587186263
1.536	 0.4443935667354977
1.535	 0.44442945251012095
1.534	 0.4442864804976777
1.533	 0.44431959293214124
1.532	 0.4441811039147746
1.531	 0.44422467077603334
1.53	 0.4440855561140594
1.529	 0.4441298141539455
1.528	 0.44399519094005824
1.527	 0.44404489748346343
1.526	 0.4439092346345767
1.525	 0.44396053283059783
1.524	 0.4438224096264434
1.523	 0.4438714521898794
1.522	 0.44373280105655316
1.521	 0.4437909500427681
1.52	 0.44365335835181513
1.519	 0.4437098179207562
1.518	 0.4435754768294896
1.517	 0.4436356207805833
1.516	 0.44350294207778734
1.515	 0.44356691538276927
1.514	 0.4434290816617971
1.513	 0.4434959926201949
1.512	 0.44336249051123333
1.511	 0.44343302968272663
1.51	 0.4433029971666447
1.509	 0.44337899285329263
1.508	 0.44324833974802497
1.507	 0.4433249671286294
1.506	 0.44319555594711113
1.505	 0.443275813520093
1.504	 0.44314439624810537
1.503	 0.44322957220722314
1.502	 0.44309969378977204
1.501	 0.4431829680378286
1.5	 0.4430601064043787
1.499	 0.44314877451685153
1.498	 0.44302092554836836
1.497	 0.44311352006595195
1.496	 0.4429893314349952
1.495	 0.443086904856187
1.494	 0.4429618087785595
1.493	 0.44306206065495496
1.492	 0.4429390976906865
1.491	 0.44304464399903576
1.49	 0.4429288720634818
1.489	 0.4430407982052419
1.488	 0.4429234261155612
1.487	 0.44303706587437686
1.486	 0.4429217222178173
1.485	 0.4430421901077969
1.484	 0.4429261894602474
1.483	 0.44305241833311226
1.482	 0.4429397641616076
1.481	 0.44306893903621064
1.48	 0.4429575005095227
1.479	 0.44309325768602076
1.478	 0.4429898553834686
1.477	 0.4431341769354522
1.476	 0.4430365619761121
1.475	 0.4431852643019099
1.474	 0.4430840967533741
1.473	 0.44323427641663193
1.472	 0.44313730274900265
1.471	 0.44329397469868864
1.47	 0.4431991426183992
1.469	 0.44336180498528377
1.468	 0.4432702459706993
1.467	 0.4434355102297349
1.466	 0.4433474415021098
1.465	 0.44352404267720924
1.464	 0.4434374013225385
1.463	 0.4436141545353759
1.462	 0.44352244221697046
1.461	 0.44370176954222973
1.46	 0.44361675458493643
1.459	 0.4438030835069481
1.458	 0.443719115460265
1.457	 0.4439121726463199
1.456	 0.4438309809234137
1.455	 0.44402902234364366
1.454	 0.4439520866304839
1.453	 0.4441597202480796
1.452	 0.4440863519088386
1.451	 0.44429320598615235
1.45	 0.4442201555083501
1.449	 0.4442884194281329
1.448	 0.4443638683330389
1.447	 0.44444331201333664
1.446	 0.44452187499537504
1.445	 0.4446036541703182
1.444	 0.444695522216851
1.443	 0.4447854324988261
1.442	 0.4448816845359614
1.441	 0.4449787315841021
1.44	 0.4450725007711628
1.439	 0.44516954206805354
1.438	 0.4452727440410041
1.437	 0.4453707668790854
1.436	 0.44546872629971024
1.435	 0.4455657422697594
1.434	 0.4456710247676722
1.433	 0.44577980461701866
1.432	 0.4458916902093445
1.431	 0.4459991681201919
1.43	 0.4461072207678163
1.429	 0.4462089089137212
1.428	 0.44631843203744503
1.427	 0.44641918664290514
1.426	 0.44652299179833316
1.425	 0.4466303276676026
1.424	 0.4468868163982215
1.423	 0.4468434698796334
1.422	 0.44710143689024906
1.421	 0.4470585575741816
1.42	 0.4473245716310136
1.419	 0.44728253958406206
1.418	 0.4475464794888854
1.417	 0.4475079769366668
1.416	 0.447786873517082
1.415	 0.4477479340218775
1.414	 0.4480267811216223
1.413	 0.44799588879030044
1.412	 0.44828332076419053
1.411	 0.4482511290227071
1.41	 0.44853038127319445
1.409	 0.44848984011640686
1.408	 0.4487664352685662
1.407	 0.44871492788261946
1.406	 0.4489864877470384
1.405	 0.4489287515029101
1.404	 0.4492043522647584
1.403	 0.44914524030727027
1.402	 0.44941218411485395
1.401	 0.44933441603430746
1.4	 0.44957913730614424
1.399	 0.4494782101544466
1.398	 0.44970054303685675
1.397	 0.4495724623399398
1.396	 0.44976720197849157
1.395	 0.4496117545832522
1.394	 0.449783579654093
1.393	 0.44960300747806836
1.392	 0.4497539909473758
1.391	 0.44954709772856855
1.39	 0.44966793245843917
1.389	 0.44943756324802564
1.388	 0.44952916022901146
1.387	 0.44927167093096604
1.386	 0.44935046129862155
1.385	 0.44907730848735483
1.384	 0.44913411713848667
1.383	 0.4488509945576508
1.382	 0.44890835363022824
1.381	 0.44861685030797954
1.38	 0.4486668615348589
1.379	 0.4483676258095323
1.378	 0.448408551719516
1.377	 0.44809842692463797
1.376	 0.44812835017647235
1.375	 0.4478257904310129
1.374	 0.4478810266802767
1.373	 0.4475538789594083
1.372	 0.44760649996060375
1.371	 0.4472807418696603
1.37	 0.44733538757229724
1.369	 0.4470082548844277
1.368	 0.4470569494515277
1.367	 0.44672666787399135
1.366	 0.44677579145612833
1.365	 0.44644905527526757
1.364	 0.4464985837164778
1.363	 0.44616432691241636
1.362	 0.44621077869854336
1.361	 0.44588267019786687
1.36	 0.44592868746880004
1.359	 0.44560003736900944
1.358	 0.44564501175378923
1.357	 0.44531401315786046
1.356	 0.4453551559443502
1.355	 0.4450324457304305
1.354	 0.4450794093878503
1.353	 0.4447588808834606
1.352	 0.4448070448603669
1.351	 0.4444820532424083
1.35	 0.44452915926287195
1.349	 0.44420659081340114
1.348	 0.4442531422828616
1.347	 0.4439413078304694
1.346	 0.443989869073101
1.345	 0.4436740053813418
1.344	 0.4437156456786453
1.343	 0.4434011807487424
1.342	 0.44345240700733574
1.341	 0.4431304288887126
1.34	 0.44317370700893566
1.339	 0.4428615745677668
1.338	 0.4429080842647134
1.337	 0.442598838250549
1.336	 0.44264872951893336
1.335	 0.4423435969836901
1.334	 0.4423912863515431
1.333	 0.44208895338084647
1.332	 0.44213728460305524
1.331	 0.441830589094181
1.33	 0.44187529184042773
1.329	 0.4415734171364842
1.328	 0.4416175033584316
1.327	 0.4413104367919726
1.326	 0.44135404419668356
1.325	 0.44105615434853623
1.324	 0.44093095361663864
1.323	 0.44081307839990236
1.322	 0.4406902399028705
1.321	 0.4405710351868664
1.32	 0.44044962389069503
1.319	 0.44033203567825246
1.318	 0.44021243908006047
1.317	 0.4401002037052416
1.316	 0.43998405691151493
1.315	 0.4398702423567151
1.314	 0.43975984830765713
1.313	 0.4396559675839074
1.312	 0.4395380870246646
1.311	 0.43943191480906496
1.31	 0.43931552536689444
1.309	 0.43920230174518887
1.308	 0.4390849918064431
1.307	 0.4389756834698554
1.306	 0.4388616342769781
1.305	 0.43876070190816524
1.304	 0.4386547137773408
1.303	 0.4385518661168769
1.302	 0.43844578129159484
1.301	 0.4383453965667943
1.3	 0.4382386754706924
1.299	 0.43829222369730886
1.298	 0.43804147966441614
1.297	 0.43809099602711504
1.296	 0.43783931052733555
1.295	 0.43788875236526
1.294	 0.4376435916194252
1.293	 0.43769556761449796
1.292	 0.43745250616229947
1.291	 0.4375042210346815
1.29	 0.4372614142474062
1.289	 0.43730596334817834
1.288	 0.43706651360221993
1.287	 0.4371192347774422
1.286	 0.4368878465259059
1.285	 0.4369351892709698
1.284	 0.4367062658836137
1.283	 0.43675544447914816
1.282	 0.4365305746529853
1.281	 0.4365768873710378
1.28	 0.4363646434923099
1.279	 0.4364101471107796
1.278	 0.43619226161114044
1.277	 0.4362320323075104
1.276	 0.43601790460060297
1.275	 0.43605817480596787
1.274	 0.43585239102872325
1.273	 0.4358974277626044
1.272	 0.4356871878707591
1.271	 0.43573084358577413
1.27	 0.4355219333594695
1.269	 0.4355671896531618
1.268	 0.43536935114928627
1.267	 0.4354091872677511
1.266	 0.43521726486143536
1.265	 0.435254962699206
1.264	 0.4350707361544902
1.263	 0.43511354944451225
1.262	 0.4349314205097591
1.261	 0.4349741229867634
1.26	 0.43479887158446817
1.259	 0.43484475272066136
1.258	 0.434673513772556
1.257	 0.43471752866828556
1.256	 0.43455105454412957
1.255	 0.4345881805709631
1.254	 0.43442615330526335
1.253	 0.4344631488484655
1.252	 0.43430301785459396
1.251	 0.43434181138490746
1.25	 0.4341916489238453
1.249	 0.4342449068948203
1.248	 0.4340855246429281
1.247	 0.4341324327727003
1.246	 0.433969171185947
1.245	 0.434020496678609
1.244	 0.43385977482443155
1.243	 0.43390583059865667
1.242	 0.4337470035610528
1.241	 0.4337899932565238
1.24	 0.4336380758160359
1.239	 0.433683551655299
1.238	 0.433527768272836
1.237	 0.4335740116565094
1.236	 0.43343729375159373
1.235	 0.43349380093282835
1.234	 0.4333638185968943
1.233	 0.43341388229472194
1.232	 0.4332814030747179
1.231	 0.43332923920130595
1.23	 0.4331989905284026
1.229	 0.43325765779232034
1.228	 0.4331447311953588
1.227	 0.43320226805340994
1.226	 0.4330895827921684
1.225	 0.43315186298239317
1.224	 0.4330471657969362
1.223	 0.43311124294227465
1.222	 0.4330118054171079
1.221	 0.4330783197980749
1.22	 0.4329847321762637
1.219	 0.4330531477834999
1.218	 0.43297613030972926
1.217	 0.43305117022724876
1.216	 0.4329645234966422
1.215	 0.4330367169139816
1.214	 0.4329661431720029
1.213	 0.4330385566497606
1.212	 0.43295627403213544
1.211	 0.4330261970872319
1.21	 0.43295744281889464
1.209	 0.43303574566492964
1.208	 0.4329723768764966
1.207	 0.43305841062589473
1.206	 0.4330122297037829
1.205	 0.4331056195389534
1.204	 0.43305969001309136
1.203	 0.433151888097301
1.202	 0.4331202241561397
1.201	 0.4332269614395192
1.2	 0.433209463197512
1.199	 0.43333194590635826
1.198	 0.43333400423555896
1.197	 0.4334705648541987
1.196	 0.43349438481694363
1.195	 0.433650275687965
1.194	 0.4336925723650957
1.193	 0.43386340211172886
1.192	 0.43391580549251535
1.191	 0.43410267187219953
1.19	 0.43416952960671457
1.189	 0.43437090020925045
1.188	 0.4344691273883668
1.187	 0.43469754304482106
1.186	 0.4348067863978731
1.185	 0.43504070442936854
1.184	 0.43516582328249453
1.183	 0.435409512118744
1.182	 0.4355373265907559
1.181	 0.4357865674823554
1.18	 0.43592183522840744
1.179	 0.4361778400022368
1.178	 0.43632572489000143
1.177	 0.4365921817668887
1.176	 0.4367517463747992
1.175	 0.4370202291992533
1.174	 0.43737143179055216
1.173	 0.43745105201220036
1.172	 0.4378142959811331
1.171	 0.43789921297835704
1.17	 0.4382606754647102
1.169	 0.4383417894489445
1.168	 0.43871998673489454
1.167	 0.4388105684937662
1.166	 0.4391798567607637
1.165	 0.43926747296310986
1.164	 0.4396414470887661
1.163	 0.43973112783143564
1.162	 0.44011203188948167
1.161	 0.4402038781087925
1.16	 0.4405878049508713
1.159	 0.4406801987605824
1.158	 0.44107411734878726
1.157	 0.44117326560081715
1.156	 0.4415636203926584
1.155	 0.4416546027699717
1.154	 0.4420427237244581
1.153	 0.4421376109029229
1.152	 0.44252787111556385
1.151	 0.44262557378066575
1.15	 0.44302288557315567
1.149	 0.4431214348018526
1.148	 0.4435101189423012
1.147	 0.4436048860910257
1.146	 0.44399596864202157
1.145	 0.444093443518305
1.144	 0.44448905144195755
1.143	 0.4445901912038442
1.142	 0.4449795295717737
1.141	 0.44508504794166875
1.14	 0.44549380133857613
1.139	 0.4455951225823449
1.138	 0.4459994661030614
1.137	 0.44604081301110254
1.136	 0.4464886558616791
1.135	 0.4465325979602028
1.134	 0.44699818739410563
1.133	 0.44704607252730433
1.132	 0.44750924122411556
1.131	 0.4475520299153891
1.13	 0.44801164744318145
1.129	 0.4480544892014656
1.128	 0.4485266539850554
1.127	 0.44857122693455925
1.126	 0.4490341742846574
1.125	 0.44907704639667445
1.124	 0.4493913864229127
1.123	 0.44958289411545327
1.122	 0.449896097916123
1.121	 0.45009000371856944
1.12	 0.450404510908349
1.119	 0.45059766128668316
1.118	 0.4509124754624623
1.117	 0.4510982800009573
1.116	 0.4514055929602238
1.115	 0.4515876388254353
1.114	 0.45189649777789415
1.113	 0.4520800182931363
1.112	 0.4523923369014944
1.111	 0.45258385261552614
1.11	 0.4528970248355051
1.109	 0.45308660090790515
1.108	 0.45340241158376826
1.107	 0.4535977468254687
1.106	 0.4539148014333573
1.105	 0.45409806556864085
1.104	 0.4544041820919451
1.103	 0.4545905932877569
1.102	 0.4549034497084636
1.101	 0.4550903438969277
1.1	 0.4553971716711091
1.099	 0.4555851219350496
1.098	 0.4558862489326437
1.097	 0.4560753276285648
1.096	 0.45638326544276747
1.095	 0.45657883398336996
1.094	 0.4568870011287691
1.093	 0.457075756028411
1.092	 0.45738198863855534
1.091	 0.4575741274565672
1.09	 0.457878065982868
1.089	 0.4580731120037428
1.088	 0.45838038374083623
1.087	 0.4585693303376308
1.086	 0.4588667882736491
1.085	 0.4590583278996731
1.084	 0.459358372942597
1.083	 0.4595471911834076
1.082	 0.45984005413726975
1.081	 0.4600384579040428
1.08	 0.46032806531626724
1.079	 0.4605145969839714
1.078	 0.4608072125885577
1.077	 0.4609990401841107
1.076	 0.46128560150997355
1.075	 0.4614800566035147
1.074	 0.46176277371861274
1.073	 0.46195931685056024
1.072	 0.4622448484391986
1.071	 0.46244950817622177
1.07	 0.4627386175985953
1.069	 0.46294700755480184
1.068	 0.46322243876853214
1.067	 0.4634262346583995
1.066	 0.4637017646673664
1.065	 0.4639151952589256
1.064	 0.4641852746180378
1.063	 0.46439535340670646
1.062	 0.46466532253833304
1.061	 0.4648832857062682
1.06	 0.465149475407621
1.059	 0.4654028905365806
1.058	 0.46566214250538635
1.057	 0.46592820313564165
1.056	 0.4661862329710897
1.055	 0.46645986345544826
1.054	 0.4667210028986382
1.053	 0.46698957220742093
1.052	 0.4672450507588467
1.051	 0.4675177494752048
1.05	 0.4677656789135659
1.049	 0.4682131156314628
1.048	 0.46827583741267703
1.047	 0.4687298207430508
1.046	 0.4687913067945409
1.045	 0.469244016160958
1.044	 0.46930460025785986
1.043	 0.46976163303972773
1.042	 0.4698207974475276
1.041	 0.4702762542661513
1.04	 0.47033100735981215
1.039	 0.4707837283350799
1.038	 0.4708439690148775
1.037	 0.47130171659593273
1.036	 0.4713558964875069
1.035	 0.47179623453206715
1.034	 0.4718471246623318
1.033	 0.47229572907059625
1.032	 0.47234079633959536
1.031	 0.4727860632082667
1.03	 0.47283761672614955
1.029	 0.47328159827280236
1.028	 0.4733255067746392
1.027	 0.47376163292429324
1.026	 0.4738110690373466
1.025	 0.4742541924981713
1.024	 0.47429781963000245
1.023	 0.4747314753221779
1.022	 0.4747747880784304
1.021	 0.475206362010945
1.02	 0.47524776875278407
1.019	 0.47566617206326245
1.018	 0.4756978236997743
1.017	 0.4761100097675786
1.016	 0.47615011475534647
1.015	 0.47656735446454124
1.014	 0.4765996773015792
1.013	 0.4770060634164096
1.012	 0.477078776545051
1.011	 0.4774577722470586
1.01	 0.4775240275154665
1.009	 0.47789363941200486
1.008	 0.4779603366211578
1.007	 0.47832594710129944
1.006	 0.47838657820381403
1.005	 0.4787454036168276
1.004	 0.478810336439968
1.003	 0.4791628502206236
1.002	 0.47922264283520954
1.001	 0.47957115524488914
1.0	 0.47963142239935946
0.999	 0.47996355012515296
0.998	 0.4800182984148676
0.997	 0.4803463080056485
0.996	 0.48039648746355235
0.995	 0.4807181177635786
0.994	 0.4807677752585673
0.993	 0.4810856678367404
0.992	 0.48113930401928134
0.991	 0.48145553542242364
0.99	 0.4815086190490183
0.989	 0.4818192907185065
0.988	 0.4818607719627789
0.987	 0.4821514266227845
0.986	 0.48219244226965874
0.985	 0.4824846842248608
0.984	 0.4825209024168703
0.983	 0.48280236061927106
0.982	 0.4828374189931181
0.981	 0.48312041307803416
0.98	 0.4831551504518774
0.979	 0.48342067213873785
0.978	 0.4834527013779574
0.977	 0.48371871698732694
0.976	 0.48374526544778385
0.975	 0.4839934152068248
0.974	 0.4840138127470159
0.973	 0.48425373435201147
0.972	 0.48427147091776307
0.971	 0.48450394916342243
0.97	 0.4845225747984685
0.969	 0.4847519838549368
0.968	 0.48475963334762917
0.967	 0.48497516476279595
0.966	 0.4849929313993373
0.965	 0.48521027851968984
0.964	 0.4852193213095157
0.963	 0.48542666985268623
0.962	 0.48543781884011367
0.961	 0.48564070035833146
0.96	 0.4856432256506478
0.959	 0.4858365568028351
0.958	 0.4858353890427909
0.957	 0.4860176533360276
0.956	 0.48602075947578904
0.955	 0.48620754351752715
0.954	 0.48619953751419764
0.953	 0.48637301093048907
0.952	 0.4863651028729896
0.951	 0.48653111876897076
0.95	 0.48652122281370636
0.949	 0.48668496726256166
0.948	 0.48667470568967613
0.947	 0.48683873152879653
0.946	 0.4868256153272798
0.945	 0.4869860082997195
0.944	 0.486978312888603
0.943	 0.487128555979863
0.942	 0.4871151991774993
0.941	 0.4872557999782316
0.94	 0.48723567408072493
0.939	 0.48737434300070853
0.938	 0.4873525562168231
0.937	 0.48748286685784187
0.936	 0.4875464929424662
0.935	 0.4876026502620952
0.934	 0.48765188861197106
0.933	 0.48769381999465
0.932	 0.48773941744724414
0.931	 0.4877837641869372
0.93	 0.487834807821259
0.929	 0.4878822902609975
0.928	 0.48792707939916535
0.927	 0.4879633078921139
0.926	 0.4880077630556542
0.925	 0.48804717912340234
0.924	 0.4881512147998068
0.923	 0.4881183995585972
0.922	 0.48821839494613906
0.921	 0.4881836772296304
0.92	 0.4882791104829605
0.919	 0.4882423176577196
0.918	 0.4883323790104395
0.917	 0.48829868202318044
0.916	 0.4883970799819872
0.915	 0.4883649816160817
0.914	 0.4884557885248679
0.913	 0.4884134762927979
0.912	 0.488489013336109
0.911	 0.4884452673148286
0.91	 0.48852409059944507
0.909	 0.48848216078529144
0.908	 0.48855342335287916
0.907	 0.4885044014567153
0.906	 0.48856857036472334
0.905	 0.48852210321783707
0.904	 0.4885902266691644
0.903	 0.4885400027792556
0.902	 0.48860330289524895
0.901	 0.488551683055983
0.9	 0.48860699466744834
0.899	 0.4885480563051566
0.898	 0.48860412294350314
0.897	 0.4885428111463425
0.896	 0.4885882564786076
0.895	 0.48852346467176416
0.894	 0.4885607942098484
0.893	 0.4884983433320911
0.892	 0.4885392323906806
0.891	 0.4884688809346072
0.89	 0.48849561455410234
0.889	 0.4884246627509897
0.888	 0.48845613973607344
0.887	 0.4882549854983971
0.886	 0.48828292347287333
0.885	 0.48820732983103843
0.884	 0.48822922674722774
0.883	 0.4881516329519829
0.882	 0.4881692330149145
0.881	 0.4880831569757866
0.88	 0.48809506104012546
0.879	 0.4880080607677907
0.878	 0.48801703374729805
0.877	 0.4879234246373687
0.876	 0.48792697603951135
0.875	 0.48782768303876195
0.874	 0.487825525573834
0.873	 0.48771565731868793
0.872	 0.4877001660208855
0.871	 0.4875884907041683
0.87	 0.48756100049727846
0.869	 0.487441969070833
0.868	 0.4874206531194446
0.867	 0.487295611272289
0.866	 0.4872634753687264
0.865	 0.48712788841769455
0.864	 0.4870841144138746
0.863	 0.48694176149121
0.862	 0.4868937620205142
0.861	 0.48674343250962987
0.86	 0.48666542857694195
0.859	 0.48646702581760787
0.858	 0.486356840962137
0.857	 0.4861419683087711
0.856	 0.48602113408885844
0.855	 0.48580132238658696
0.854	 0.48566726028819135
0.853	 0.48544268769561305
0.852	 0.4853077431376917
0.851	 0.4850757361030315
0.85	 0.48494032722025326
0.849	 0.4847043645420627
0.848	 0.4845586319718021
0.847	 0.4843194841217827
0.846	 0.48416987364654773
0.845	 0.48392639252921493
0.844	 0.48376817383247384
0.843	 0.483516401575823
0.842	 0.48335002980477315
0.841	 0.48309332052320214
0.84	 0.4829251901213792
0.839	 0.4826617739480564
0.838	 0.4824778644103778
0.837	 0.48220817674383276
0.836	 0.4820224334464597
0.835	 0.4817463277402793
0.834	 0.48155315634089335
0.833	 0.4812706023297482
0.832	 0.48107739301841407
0.831	 0.4807892918836638
0.83	 0.4805804533701397
0.829	 0.4802871882742344
0.828	 0.4800791429489339
0.827	 0.4797814311915242
0.826	 0.4795595046777437
0.825	 0.47925400841405236
0.824	 0.4790289106866153
0.823	 0.4787174521091093
0.822	 0.47848457877054196
0.821	 0.4781703538809764
0.82	 0.4779334914303938
0.819	 0.47761240893152684
0.818	 0.47737915927957414
0.817	 0.47705597982269377
0.816	 0.4768091517481532
0.815	 0.47648154934029247
0.814	 0.47623433447154684
0.813	 0.47590266960525085
0.812	 0.4757477203294023
0.811	 0.47544530235297194
0.81	 0.475147993491934
0.809	 0.47484654046872726
0.808	 0.4745461110661687
0.807	 0.4742393597109847
0.806	 0.473936665599331
0.805	 0.4736310874965327
0.804	 0.4733209363472292
0.803	 0.47301014862197294
0.802	 0.4727047171231919
0.801	 0.4723900894586436
0.8	 0.4720763608034801
0.799	 0.47176526290772175
0.798	 0.4714581317660783
0.797	 0.4711460355824905
0.796	 0.47084045590358503
0.795	 0.4705308877010721
0.794	 0.4702234776556022
0.793	 0.46991445143322885
0.792	 0.46960598871268955
0.791	 0.469295069542312
0.79	 0.46898701161464146
0.789	 0.4686736322542958
0.788	 0.468371177819862
0.787	 0.468064681665857
0.786	 0.4677612635512287
0.785	 0.46745513722531284
0.784	 0.4671507597611302
0.783	 0.4668505141366737
0.782	 0.4665519193196151
0.781	 0.4662514569154971
0.78	 0.465952898139951
0.779	 0.4656567542465311
0.778	 0.4653654186812352
0.777	 0.46506842281728406
0.776	 0.46477677665434025
0.775	 0.46448943340782306
0.774	 0.464205259997421
0.773	 0.4639196910806808
0.772	 0.46363934546887103
0.771	 0.46335752628625426
0.77	 0.46307884272766936
0.769	 0.4627993764587562
0.768	 0.4625278019181782
0.767	 0.4622568189000396
0.766	 0.4619816655607728
0.765	 0.4617069699197031
0.764	 0.4614380206558845
0.763	 0.4611707423318219
0.762	 0.46076337752860835
0.761	 0.46049408511672457
0.76	 0.4602316657813597
0.759	 0.45997002713878715
0.758	 0.45971033301494696
0.757	 0.45945323874482397
0.756	 0.45919400631973095
0.755	 0.4589360688032684
0.754	 0.4586834335230234
0.753	 0.4584332929858866
0.752	 0.4581829576121354
0.751	 0.45793272375533983
0.75	 0.4576850422806922
0.749	 0.45743360836299973
0.748	 0.45718348611558174
0.747	 0.4569316292809522
0.746	 0.45668045059581347
0.745	 0.4564289355585013
0.744	 0.45617301099909374
0.743	 0.4559178191594375
0.742	 0.4556655959538912
0.741	 0.4554101571267123
0.74	 0.45515898644849184
0.739	 0.4549062975499874
0.738	 0.454652414188889
0.737	 0.4544012999240728
0.736	 0.4541436347402082
0.735	 0.45388694763140564
0.734	 0.4536327182767836
0.733	 0.45337739033969543
0.732	 0.45311764001689053
0.731	 0.45285399340852084
0.73	 0.45258750396349523
0.729	 0.4523196877573893
0.728	 0.4520485964645119
0.727	 0.45177645192994365
0.726	 0.4515029884393041
0.725	 0.45122459286500205
0.724	 0.4509451759907524
0.723	 0.4506630463315522
0.722	 0.45037817705023575
0.721	 0.4500902906481441
0.72	 0.4497994131155827
0.719	 0.4495047967409875
0.718	 0.44920593967543265
0.717	 0.4488992099957292
0.716	 0.44858762791352763
0.715	 0.44827259635614675
0.714	 0.44795629813169513
0.713	 0.44763578237301255
0.712	 0.44731209628064916
0.711	 0.4469798775860786
0.71	 0.4466427461308539
0.709	 0.4463013432531101
0.708	 0.44595740093101915
0.707	 0.4456087916885179
0.706	 0.44525360129812086
0.705	 0.44489314317867945
0.704	 0.44453226952697555
0.703	 0.4441592196536771
0.702	 0.4437828093157106
0.701	 0.44340244333759044
0.7	 0.4430204994523633
0.699	 0.4426307490301287
0.698	 0.44223769821069603
0.697	 0.4418395455391773
0.696	 0.4414381822626241
0.695	 0.4410295962358073
0.694	 0.4406175635497852
0.693	 0.4401959667552989
0.692	 0.4397733708951364
0.691	 0.4393513757362579
0.69	 0.4389263050877362
0.689	 0.43848985125363993
0.688	 0.4380525765431488
0.687	 0.4379949819329425
0.686	 0.4375525743448884
0.685	 0.437108513162639
0.684	 0.43665690619022207
0.683	 0.4362040303546553
0.682	 0.43574726336028213
0.681	 0.43529247216514577
0.68	 0.4348325400564323
0.679	 0.43437375566828923
0.678	 0.4339080728896297
0.677	 0.4334456394896738
0.676	 0.4329812335199251
0.675	 0.43251993955548923
0.674	 0.4320501191774159
0.673	 0.43158717181778855
0.672	 0.4311194133281115
0.671	 0.43065175952171486
0.67	 0.4301807973187059
0.669	 0.4297126757963637
0.668	 0.42884230078228486
0.667	 0.42837394665354617
0.666	 0.42790297658292437
0.665	 0.42743750991577434
0.664	 0.42696859013689237
0.663	 0.4265042711953276
0.662	 0.4260348009698956
0.661	 0.4255680749106881
0.66	 0.42510215359348835
0.659	 0.4246541230246287
0.658	 0.4242108557666241
0.657	 0.42376977798208004
0.656	 0.4233272876303729
0.655	 0.42288387207717004
0.654	 0.42243991070320847
0.653	 0.42199453942429616
0.652	 0.42154573896217234
0.651	 0.42109716562799115
0.65	 0.42064686125254813
0.649	 0.4201927381066978
0.648	 0.41973676762875745
0.647	 0.4192763385174173
0.646	 0.4188115315283521
0.645	 0.41834226486567955
0.644	 0.4178690959116311
0.643	 0.4173942200814945
0.642	 0.4169151049862996
0.641	 0.4164320201304005
0.64	 0.4159424655555847
0.639	 0.4154480848169005
0.638	 0.4149549125919008
0.637	 0.41446279432956695
0.636	 0.4139727962859148
0.635	 0.41348357534512176
0.634	 0.4129979817714271
0.633	 0.4125145176102476
0.632	 0.41203153780158064
0.631	 0.4115502927841592
0.63	 0.4110721408694073
0.629	 0.4105944862150136
0.628	 0.4101188646508537
0.627	 0.4096438328183221
0.626	 0.4091709392800846
0.625	 0.4087005868730422
0.624	 0.408232558859094
0.623	 0.4077659078561213
0.622	 0.40730216650976997
0.621	 0.40683887223686904
0.62	 0.4063764191774519
0.619	 0.40591699405078263
0.618	 0.4054593462464221
0.617	 0.40500206503892694
0.616	 0.4045463296409442
0.615	 0.40409153155413513
0.614	 0.40364013485057404
0.613	 0.4031896256283852
0.612	 0.402896579614241
0.611	 0.4024513951575789
0.61	 0.40200646242656185
0.609	 0.4015621560427395
0.608	 0.4011204823100527
0.607	 0.4006794578779649
0.606	 0.4002391479188846
0.605	 0.39980058056472023
0.604	 0.39936380538561006
0.603	 0.39892753143349696
0.602	 0.3984922741065923
0.601	 0.39805799181312146
0.6	 0.3976242023759632
0.599	 0.39751548027207606
0.598	 0.39740367183055963
0.597	 0.39728810872080805
0.596	 0.3971700214118412
0.595	 0.3970491938556411
0.594	 0.3969257932615291
0.593	 0.3967984354140846
0.592	 0.3966682022420254
0.591	 0.39653486212241545
0.59	 0.396400094997006
0.589	 0.3962624915835658
0.588	 0.39612025025661923
0.587	 0.39597522715683087
0.586	 0.3958277138357179
0.585	 0.39567716689700916
0.584	 0.3955229518465458
0.583	 0.3953653407207605
0.582	 0.3952022477711179
0.581	 0.39503594068048864
0.58	 0.39486506172912805
0.579	 0.39469035041391715
0.578	 0.39451121657755844
0.577	 0.39432771034275854
0.576	 0.39413984890139336
0.575	 0.39394804696772584
0.574	 0.39375288538619496
0.573	 0.39355266548138934
0.572	 0.39334800945621884
0.571	 0.3931380905763587
0.57	 0.39292342274873515
0.569	 0.3927051653021098
0.568	 0.39248120766673666
0.567	 0.39225310147389125
0.566	 0.3920206074889148
0.565	 0.3917835022715754
0.564	 0.3915417315242553
0.563	 0.3912938984782458
0.562	 0.3908776896185733
0.561	 0.3906225319190938
0.56	 0.3903651991327722
0.559	 0.39010284694389474
0.558	 0.38983622699060894
0.557	 0.38956531086884133
0.556	 0.3892896590268758
0.555	 0.3890100049527924
0.554	 0.3887261544248427
0.553	 0.3884378277463745
0.552	 0.388145989023622
0.551	 0.38785058725225885
0.55	 0.387551817805709
0.549	 0.3872508362914551
0.548	 0.38694662330907076
0.547	 0.38664031380014446
0.546	 0.3863323060722506
0.545	 0.38602200592136704
0.544	 0.38570949130581367
0.543	 0.38539587168341494
0.542	 0.3850806120459776
0.541	 0.38476364195781415
0.54	 0.3844454161448146
0.539	 0.3841264568736227
0.538	 0.3838067302819288
0.537	 0.3834866020592707
0.536	 0.3831669799347439
0.535	 0.38284763667754934
0.534	 0.3825293371582448
0.533	 0.382212375148115
0.532	 0.38189702263534747
0.531	 0.38158446246069655
0.53	 0.38127487848011293
0.529	 0.3809678182310529
0.528	 0.38066464814603734
0.527	 0.3803652556941471
0.526	 0.380069159073399
0.525	 0.3797772568070712
0.524	 0.3794909342750057
0.523	 0.3792102455108585
0.522	 0.37893542494690025
0.521	 0.3786658892238159
0.52	 0.3784038132389575
0.519	 0.3781491366501895
0.518	 0.37790244987130206
0.517	 0.3776646602533501
0.516	 0.3774361744122664
0.515	 0.3772184563386382
0.514	 0.3770113270529825
0.513	 0.3768158138148212
0.512	 0.37663202153787656
0.511	 0.37646101173485896
0.51	 0.37630230563585576
0.509	 0.3761562841979593
0.508	 0.3760234431466826
0.507	 0.3759031908155129
0.506	 0.3757968623029966
0.505	 0.37570455890738924
0.504	 0.37562641454117907
0.503	 0.37556465408627016
0.502	 0.37551843464652757
0.501	 0.37548789189182596
0.5	 0.37547266570059995
0.499	 0.37547208817326916
0.498	 0.37548751857569806
0.497	 0.37551748007316393
0.496	 0.375561951037859
0.495	 0.3756238447789462
0.494	 0.3756999944371711
0.493	 0.37578948707987486
0.492	 0.37589292410757214
0.491	 0.3760087136535853
0.49	 0.3761380014767218
0.489	 0.37627901553465487
0.488	 0.3764317322270473
0.487	 0.3767724146918153
0.486	 0.37695136995516226
0.485	 0.37714257406791496
0.484	 0.377344812059204
0.483	 0.37755644370608205
0.482	 0.37777770608300826
0.481	 0.37800540208357924
0.48	 0.3782391139740848
0.479	 0.37847819013112116
0.478	 0.3787216176109909
0.477	 0.3789687990638781
0.476	 0.37921979609934636
0.475	 0.3794764045725448
0.474	 0.3797382515922768
0.473	 0.38000386622423366
0.472	 0.38027321339555303
0.471	 0.3805456183188458
0.47	 0.3808210426680189
0.469	 0.38109733331788
0.468	 0.38115847332858044
0.467	 0.38143565820570813
0.466	 0.3817132061818589
0.465	 0.3819902079492704
0.464	 0.38226500272351244
0.463	 0.3825381054028093
0.462	 0.38281018262504246
0.461	 0.38308108133449925
0.46	 0.3833517656903072
0.459	 0.3836217001800623
0.458	 0.383893951880786
0.457	 0.3841689958901449
0.456	 0.38444525494942877
0.455	 0.38472238556044003
0.454	 0.3850076266648065
0.453	 0.3852996161992982
0.452	 0.38559900787685647
0.451	 0.385909076591142
0.45	 0.3862315224896098
0.449	 0.38657097897807885
0.448	 0.38692956901395764
0.447	 0.3873106870893269
0.446	 0.38771969915780546
0.445	 0.3881612239159249
0.444	 0.3886380303810378
0.443	 0.3891455547968951
0.442	 0.3896919251961164
0.441	 0.39028427357639
0.44	 0.39092914543482654
0.439	 0.39163055886146036
0.438	 0.3923485892123076
0.437	 0.39306905215001764
0.436	 0.3937903701219348
0.435	 0.3945128249015817
0.434	 0.39523638741681283
0.433	 0.395960739103148
0.432	 0.3966858377627842
0.431	 0.39741198637303166
0.43	 0.3981389900810035
0.429	 0.39886684366432923
0.428	 0.3995959282203584
0.427	 0.4003260764439884
0.426	 0.4010571834331459
0.425	 0.4017892822608132
0.424	 0.4025221637839085
0.423	 0.40325590624346225
0.422	 0.40399032575937627
0.421	 0.40472583977200627
0.42	 0.4054621804041772
0.419	 0.40619926599426553
0.418	 0.40693738579790334
0.417	 0.4076762587793302
0.416	 0.40841583046198116
0.415	 0.40915648927507847
0.414	 0.4098977871518557
0.413	 0.4106395221161953
0.412	 0.411382240073546
0.411	 0.4121257511836217
0.41	 0.4128700101778885
0.409	 0.4136152569903175
0.408	 0.41436152731407455
0.407	 0.4151082517717977
0.406	 0.415855659816173
0.405	 0.41660407425358414
0.404	 0.41735314016604874
0.403	 0.41810274931685615
0.402	 0.41885301431632793
0.401	 0.4196037349764219
0.4	 0.0
