0.4	 1.0
0.401	 0.5724584922682454
0.402	 0.5709431467650298
0.403	 0.5702157764414575
0.404	 0.5693278340011562
0.405	 0.5689626513822647
0.406	 0.5681727906926854
0.407	 0.5674151058745068
0.408	 0.5668448938400032
0.409	 0.5663117509504078
0.41	 0.5658346000678384
0.411	 0.5651940301699563
0.412	 0.5644910993690043
0.413	 0.563961988519999
0.414	 0.5633934150339365
0.415	 0.5628444554914511
0.416	 0.5622885503786773
0.417	 0.5616376921020301
0.418	 0.5609801514765737
0.419	 0.5604037155178626
0.42	 0.5597967579312767
0.421	 0.5592085617118135
0.422	 0.5586054496483079
0.423	 0.5580277677505596
0.424	 0.5574203013712269
0.425	 0.5567738439645039
0.426	 0.5561814574989709
0.427	 0.5556397896481884
0.428	 0.5550916328716607
0.429	 0.5545007110120628
0.43	 0.5539164282583207
0.431	 0.5533477638297345
0.432	 0.5528139357213671
0.433	 0.5522591686257664
0.434	 0.5517094421460154
0.435	 0.551196616285804
0.436	 0.5507516747132973
0.437	 0.5502807434245811
0.438	 0.5498058695762473
0.439	 0.5493607555155503
0.44	 0.5488885653671164
0.441	 0.5483806551020697
0.442	 0.5478456828869839
0.443	 0.5473085585129485
0.444	 0.546798296248014
0.445	 0.5462975331572868
0.446	 0.5457697742112423
0.447	 0.5452563053192194
0.448	 0.5447414046633698
0.449	 0.5442651534098364
0.45	 0.543767700006687
0.451	 0.5432773413951173
0.452	 0.5428385623167163
0.453	 0.542394630288848
0.454	 0.5419673887550371
0.455	 0.5415227775248761
0.456	 0.5410599403367344
0.457	 0.5406291495402814
0.458	 0.5401948210932325
0.459	 0.5397667584247985
0.46	 0.5393486382296687
0.461	 0.538934608442119
0.462	 0.5385227849231786
0.463	 0.5381281153173049
0.464	 0.5377210127783567
0.465	 0.5373070416553241
0.466	 0.5369215517999039
0.467	 0.536535548368981
0.468	 0.5361753101169072
0.469	 0.5358146084638946
0.47	 0.5354488810542803
0.471	 0.53509294427694
0.472	 0.5347338057167846
0.473	 0.5343992960866526
0.474	 0.5340684370404292
0.475	 0.5337347543752764
0.476	 0.533387904680266
0.477	 0.5330581100900864
0.478	 0.5327310533820168
0.479	 0.5324215708499024
0.48	 0.532104839942833
0.481	 0.531810257077932
0.482	 0.5315199492373152
0.483	 0.5312133089200491
0.484	 0.5309052607604439
0.485	 0.5306011155976343
0.486	 0.53030719738074
0.487	 0.530029462421432
0.488	 0.5297757039060957
0.489	 0.5295115085227047
0.49	 0.5292452964610086
0.491	 0.5289881321004501
0.492	 0.5287315362098426
0.493	 0.5284791572865832
0.494	 0.5282413750322864
0.495	 0.5279922423828766
0.496	 0.5277444756466079
0.497	 0.5275096342806798
0.498	 0.5272849510583538
0.499	 0.5270693823314234
0.5	 0.5268423758808365
0.501	 0.5266121201622408
0.502	 0.5263850389745609
0.503	 0.5261659368674041
0.504	 0.5259582300630551
0.505	 0.5257476546993852
0.506	 0.5255496606099701
0.507	 0.5253603613718496
0.508	 0.5251718222396706
0.509	 0.5249815452333776
0.51	 0.5247941463922433
0.511	 0.5246070301989628
0.512	 0.5244429547494058
0.513	 0.5242817132458919
0.514	 0.5241172371957358
0.515	 0.5239510394595132
0.516	 0.5237811126116402
0.517	 0.5236314314292632
0.518	 0.5234823702943089
0.519	 0.5233432568669971
0.52	 0.5232039677746974
0.521	 0.5230657236992152
0.522	 0.52294084982364
0.523	 0.5228153933572282
0.524	 0.5226930895482004
0.525	 0.5225914714544924
0.526	 0.5224917346480973
0.527	 0.5223935977924904
0.528	 0.522289609396172
0.529	 0.5221897404430981
0.53	 0.5221060347466371
0.531	 0.5220237019651977
0.532	 0.5219573264401921
0.533	 0.5218947455160112
0.534	 0.5218230218504364
0.535	 0.521756695768947
0.536	 0.5216899558082498
0.537	 0.521626210077868
0.538	 0.5215760608278995
0.539	 0.5215207231149781
0.54	 0.5214734335163138
0.541	 0.5214235079698781
0.542	 0.521378096755712
0.543	 0.5213490590192558
0.544	 0.5213194363281538
0.545	 0.5212944655353368
0.546	 0.5212656074345952
0.547	 0.5212414646883395
0.548	 0.5212269392588373
0.549	 0.5212160223923442
0.55	 0.5212053294610786
0.551	 0.5212041626707404
0.552	 0.5211908266578076
0.553	 0.5211871023523534
0.554	 0.5211851517482816
0.555	 0.5211907433707913
0.556	 0.5211905880508414
0.557	 0.5211841320599363
0.558	 0.5211921692177709
0.559	 0.5212039694537935
0.56	 0.5212159413472065
0.561	 0.5212280479827531
0.562	 0.5212297386860927
0.563	 0.5211302273162897
0.564	 0.5211371464818525
0.565	 0.5211510786112046
0.566	 0.521165279650409
0.567	 0.5211861159596253
0.568	 0.5212165752994263
0.569	 0.5212387173947168
0.57	 0.521259135525692
0.571	 0.5212906914222455
0.572	 0.5213266843874271
0.573	 0.521360923550074
0.574	 0.5213944567171773
0.575	 0.5214336188675548
0.576	 0.5214813197773924
0.577	 0.521531725194705
0.578	 0.5215804691649474
0.579	 0.5216241263084249
0.58	 0.5216764752341627
0.581	 0.5217396027061931
0.582	 0.5218013345801615
0.583	 0.5218618274897087
0.584	 0.5219353215523385
0.585	 0.5220180814356647
0.586	 0.5221010997322318
0.587	 0.5221815117983241
0.588	 0.522259199181075
0.589	 0.5223397271597778
0.59	 0.5224236374149653
0.591	 0.5225095167668159
0.592	 0.52258682454739
0.593	 0.5226673953136634
0.594	 0.5227510018431554
0.595	 0.5228369826119666
0.596	 0.5229211754475761
0.597	 0.5230140343541478
0.598	 0.5231086508783603
0.599	 0.5232001050075472
0.6	 0.5232933449897714
0.601	 0.5230759788673166
0.602	 0.5227686968927158
0.603	 0.5224691617421402
0.604	 0.5221763836935226
0.605	 0.521990100161707
0.606	 0.5217148884178058
0.607	 0.5214492332417379
0.608	 0.5211826422424717
0.609	 0.5210392175851277
0.61	 0.5208016477039376
0.611	 0.5205746343045693
0.612	 0.5203561986477419
0.613	 0.5202462804085741
0.614	 0.5200359309875237
0.615	 0.5198367449998196
0.616	 0.5197530653148507
0.617	 0.5195704592537095
0.618	 0.5194044369893159
0.619	 0.519247472686566
0.62	 0.5192138580857846
0.621	 0.5190747290227505
0.622	 0.5189378258266918
0.623	 0.518802790497547
0.624	 0.51879209061827
0.625	 0.5186811594200951
0.626	 0.5185680757389646
0.627	 0.5184562468923067
0.628	 0.5184740157374479
0.629	 0.518386551700375
0.63	 0.5183013688142487
0.631	 0.5182191753642476
0.632	 0.5182519957509747
0.633	 0.5181893107394311
0.634	 0.5181390259193711
0.635	 0.5180866083804002
0.636	 0.5181435090525494
0.637	 0.5180930072062222
0.638	 0.5180478078229468
0.639	 0.5179991884942307
0.64	 0.5180777294961453
0.641	 0.5180576917682178
0.642	 0.5180477209830344
0.643	 0.5180418578629248
0.644	 0.5181539552552056
0.645	 0.5181487057869214
0.646	 0.5181588196887517
0.647	 0.5181743128665368
0.648	 0.5183122020716462
0.649	 0.5183258984221225
0.65	 0.5183510975192247
0.651	 0.5183823610924125
0.652	 0.5185267404010998
0.653	 0.5185559853694056
0.654	 0.5185916835628445
0.655	 0.5186283312119533
0.656	 0.518793387985552
0.657	 0.5188324139061803
0.658	 0.5188774953457281
0.659	 0.5189299677587431
0.66	 0.5191065758734632
0.661	 0.519159800197625
0.662	 0.5192177025130492
0.663	 0.5192707414212976
0.664	 0.5194591139527629
0.665	 0.5195342558048762
0.666	 0.5196009072650919
0.667	 0.5196709400875859
0.668	 0.5198685600812261
0.669	 0.5198986872058015
0.67	 0.5199727432120204
0.671	 0.5200508808019424
0.672	 0.5202604637337807
0.673	 0.5203379181322959
0.674	 0.5204138318931386
0.675	 0.5204980593985982
0.676	 0.5207234181281808
0.677	 0.5208186735888386
0.678	 0.5209046423667836
0.679	 0.5209902044423715
0.68	 0.5212077116487763
0.681	 0.5212884586397055
0.682	 0.5213799375647726
0.683	 0.5214776516550463
0.684	 0.5217189542434849
0.685	 0.5218177544401617
0.686	 0.5219120695774127
0.687	 0.5220107625694387
0.688	 0.5221188086309166
0.689	 0.5223491942841306
0.69	 0.52244836029026
0.691	 0.5225457603467532
0.692	 0.5226433393111373
0.693	 0.5228882682675815
0.694	 0.5229758314462107
0.695	 0.5230775969060303
0.696	 0.523186366930174
0.697	 0.5234335718620319
0.698	 0.5235268919487427
0.699	 0.5236155106413513
0.7	 0.5237147672860998
0.701	 0.5239703634483505
0.702	 0.5240761680659811
0.703	 0.5241786271393093
0.704	 0.5242732690899271
0.705	 0.5245237551397758
0.706	 0.5246199357999132
0.707	 0.5247080391721847
0.708	 0.5247947609819567
0.709	 0.5250450229689582
0.71	 0.5251361267337891
0.711	 0.5252338069564353
0.712	 0.5253174455426349
0.713	 0.525558438788303
0.714	 0.5256375529452173
0.715	 0.5257179843314995
0.716	 0.5258061352629179
0.717	 0.5260529461459355
0.718	 0.5261301657157893
0.719	 0.5262045713847278
0.72	 0.5262732226547726
0.721	 0.5265190091860229
0.722	 0.5265857384990583
0.723	 0.5266566772372138
0.724	 0.5267306866987476
0.725	 0.5269672482108747
0.726	 0.5270198027005695
0.727	 0.5270714646175189
0.728	 0.527129645257317
0.729	 0.5273750447562218
0.73	 0.5274247712557286
0.731	 0.5274769034200562
0.732	 0.5275233891666998
0.733	 0.5277484810492812
0.734	 0.5277890855333482
0.735	 0.5278294876188578
0.736	 0.5278732797823067
0.737	 0.5281015285332312
0.738	 0.5281324997777841
0.739	 0.5281702799684016
0.74	 0.5283967822809192
0.741	 0.5284273125623352
0.742	 0.5284586152787342
0.743	 0.5284786018193828
0.744	 0.5287026994044629
0.745	 0.5287269263402558
0.746	 0.5287454312485104
0.747	 0.5287573076844071
0.748	 0.528967735179451
0.749	 0.5289743632887889
0.75	 0.5289832229044226
0.751	 0.5289715722540466
0.752	 0.5291797492838958
0.753	 0.5291825971198214
0.754	 0.5291808111712183
0.755	 0.5291686061349374
0.756	 0.5293790117598308
0.757	 0.5293885084571153
0.758	 0.5293838902899861
0.759	 0.5293680503816309
0.76	 0.5295743008999121
0.761	 0.5295564623299976
0.762	 0.5295516386871064
0.763	 0.5295400286405373
0.764	 0.5297591367586564
0.765	 0.529754474141804
0.766	 0.5297511150753903
0.767	 0.529733378637422
0.768	 0.5299513442215912
0.769	 0.5299426229120081
0.77	 0.5299342273509141
0.771	 0.529925080118758
0.772	 0.5301503020757854
0.773	 0.5301452492848976
0.774	 0.5301405938339301
0.775	 0.5301388625540399
0.776	 0.5303850892144965
0.777	 0.5303900119660316
0.778	 0.5304050852648016
0.779	 0.5304141763032433
0.78	 0.5306568542225589
0.781	 0.5306509706819229
0.782	 0.5306542578752299
0.783	 0.5306515139612094
0.784	 0.5308823418664036
0.785	 0.5308633326512997
0.786	 0.5308512860459459
0.787	 0.5308536834189163
0.788	 0.5311231520484345
0.789	 0.5311420600149385
0.79	 0.5311457754061547
0.791	 0.5311746711142704
0.792	 0.5314741407968783
0.793	 0.5315143865949971
0.794	 0.5315427866392508
0.795	 0.531589134913964
0.796	 0.5319039845585416
0.797	 0.5319552763035069
0.798	 0.5320066819191354
0.799	 0.5320586778986612
0.8	 0.5323767426562283
0.804	 0.5325625649388929
0.808	 0.5327304765768944
0.812	 0.5328615835027046
0.816	 0.5328030511942619
0.82	 0.5329027016883474
0.824	 0.5329882198700523
0.828	 0.5330793779392221
0.832	 0.5331737028341675
0.836	 0.5332350739223277
0.84	 0.5332876364028217
0.844	 0.5333110396854407
0.848	 0.5333275968292948
0.852	 0.5333209217350698
0.856	 0.5333170570985137
0.86	 0.5333107066403482
0.864	 0.5332926550225002
0.868	 0.533246177709968
0.872	 0.5331812248362287
0.876	 0.5330956222327818
0.88	 0.5330076186730919
0.884	 0.5329160913195642
0.888	 0.5326992759387598
0.892	 0.5325871816123805
0.896	 0.532474185030806
0.9	 0.5323581823191733
0.904	 0.5322352518315198
0.908	 0.5321123395722526
0.912	 0.5319797296014445
0.916	 0.5318629444029221
0.92	 0.531770784158803
0.924	 0.5316499466548655
0.928	 0.5319057983834364
0.932	 0.531800369260123
0.936	 0.5317222408758681
0.94	 0.5317749663526246
0.944	 0.5317158578224549
0.948	 0.5316486200288716
0.952	 0.531617638635741
0.956	 0.5315877574164622
0.96	 0.5315648249827607
0.964	 0.5315442167991417
0.968	 0.5315144763164925
0.972	 0.5314741443445384
0.976	 0.5314018666702172
0.98	 0.5312637211602909
0.984	 0.5311276170864937
0.988	 0.5309947457617188
0.992	 0.530746245885416
0.996	 0.5304279242784948
1.0	 0.530050933786078
1.004	 0.5302916997798245
1.008	 0.5305192628074343
1.012	 0.5307764697342462
1.016	 0.5307874406208364
1.02	 0.5310453640779201
1.024	 0.5312870228699164
1.028	 0.5315073423643556
1.032	 0.5317081101417221
1.036	 0.5319237437102391
1.04	 0.5321487756921779
1.044	 0.5323809312673494
1.048	 0.5326081453723419
1.052	 0.5328303964434271
1.056	 0.5330213376343265
1.06	 0.5332149887795095
1.064	 0.5334148125144007
1.068	 0.5336360919477772
1.072	 0.5338616038589228
1.076	 0.534091145891297
1.08	 0.5342967077804124
1.084	 0.5344919694266766
1.088	 0.5346660291036742
1.092	 0.534836520336988
1.096	 0.5350047227958952
1.1	 0.5351692147222585
1.104	 0.5353237135146828
1.108	 0.5354894894561025
1.112	 0.5356384213681522
1.116	 0.535766087174974
1.12	 0.535882579720723
1.124	 0.5359982954678572
1.128	 0.5360194632595664
1.132	 0.5361233525429648
1.136	 0.5362260180029399
1.14	 0.5363003180566671
1.144	 0.53635975139652
1.148	 0.5364086980212179
1.152	 0.5364559025624135
1.156	 0.5364822420467368
1.16	 0.5364906342975857
1.164	 0.5364700141784817
1.168	 0.5364401932195936
1.172	 0.536409933057558
1.176	 0.5366401639058007
1.18	 0.53657194212026
1.184	 0.5364737276121823
1.188	 0.5363324198043231
1.192	 0.5361247322834464
1.196	 0.5358539525382556
1.2	 0.5355261375870277
1.204	 0.5351793612581515
1.208	 0.5348797879148003
1.212	 0.5346131485049191
1.216	 0.5343635929451096
1.22	 0.53410271651096
1.224	 0.5338357435444814
1.228	 0.533567221360569
1.232	 0.5333100613704183
1.236	 0.5330423099735787
1.24	 0.5327553785432042
1.244	 0.5324453765729669
1.248	 0.5321264626763798
1.252	 0.5317885760952044
1.256	 0.5314608313038768
1.26	 0.531130395492239
1.264	 0.530795067839307
1.268	 0.5304347442661334
1.272	 0.5300665800048829
1.276	 0.5297001349557279
1.28	 0.5293289545703338
1.284	 0.528954450531687
1.288	 0.528583665169318
1.292	 0.5282217114176422
1.296	 0.5278601729394279
1.3	 0.5274942733795505
1.304	 0.5271378452179323
1.308	 0.5267708557878853
1.312	 0.5263956017009854
1.316	 0.5260264740035759
1.32	 0.5256660976179206
1.324	 0.5252804425520274
1.328	 0.5245506364013065
1.332	 0.5241786938907244
1.336	 0.5238128042649486
1.34	 0.5234466191851522
1.344	 0.5231077883591282
1.348	 0.5227511721689467
1.352	 0.5224038053462421
1.356	 0.5220584702026853
1.36	 0.5217232890277779
1.364	 0.5213893443204572
1.368	 0.5210591833186308
1.372	 0.5207237887237445
1.376	 0.520566234508348
1.38	 0.5202346269020639
1.384	 0.5199394354491395
1.388	 0.519683073107348
1.392	 0.5195246323420686
1.396	 0.5194629938493524
1.4	 0.5194931761569844
1.404	 0.5195586806650765
1.408	 0.5195707304103335
1.412	 0.51947144808315
1.416	 0.5192912479223163
1.42	 0.519077648106183
1.424	 0.518859986173688
1.428	 0.5187620495139391
1.432	 0.5185428885145115
1.436	 0.5183220407590401
1.44	 0.5181083842296295
1.444	 0.5178968376304132
1.448	 0.5176945714233634
1.452	 0.5175066742172963
1.456	 0.5173290623321121
1.46	 0.5171569467835136
1.464	 0.5169900174835035
1.468	 0.51681257141018
1.472	 0.5166534408807368
1.476	 0.5164727126805778
1.48	 0.5163011678328965
1.484	 0.5161357464071071
1.488	 0.5159662824098044
1.492	 0.5158015369288179
1.496	 0.5156396440949028
1.5	 0.5154787014740768
1.504	 0.5153074114967225
1.508	 0.5151393519824822
1.512	 0.5149772740805431
1.516	 0.514819587628866
1.52	 0.5146676436514144
1.524	 0.5145306686026384
1.528	 0.5143985187497899
1.532	 0.5142550331331067
1.536	 0.5141015326123821
1.54	 0.5139550459980693
1.544	 0.513795682207309
1.548	 0.5136427887554874
1.552	 0.5134979073088048
1.556	 0.5133561724470814
1.56	 0.5132197967632667
1.564	 0.5130917736268813
1.568	 0.5129487450400317
1.572	 0.512799460458024
1.576	 0.5125261857576974
1.58	 0.5123819924367338
1.584	 0.5122269057600647
1.588	 0.5120424590818681
1.592	 0.5118094575305551
1.596	 0.5115428824941816
1.6	 0.5112381964370015
1.604	 0.5109371932774851
1.608	 0.5106896069720858
1.612	 0.5104928873806512
1.616	 0.5103173092074423
1.62	 0.5101505889877133
1.624	 0.5100017512035291
1.628	 0.5099624555874336
1.632	 0.5098085917243357
1.636	 0.509663916933169
1.64	 0.509513628957786
1.644	 0.50937132226149
1.648	 0.5092235542532044
1.652	 0.5090702900738369
1.656	 0.5089103273752543
1.66	 0.5087458626578745
1.664	 0.5085681320303053
1.668	 0.5084032380049494
1.672	 0.5082338512827067
1.676	 0.5080806361217537
1.68	 0.5079152974282213
1.684	 0.5077461250269859
1.688	 0.5075877343720168
1.692	 0.5074345469811465
1.696	 0.5072694017596091
1.7	 0.5070797337379622
1.704	 0.5068886217231177
1.708	 0.5066979249192517
1.712	 0.5065035434936963
1.716	 0.5062973202851918
1.72	 0.5060931190645108
1.724	 0.5058854397395994
1.728	 0.5056617113230426
1.732	 0.5054430221026593
1.736	 0.505240668116341
1.74	 0.5050406287970838
1.744	 0.5048321281481903
1.748	 0.504638176681422
1.752	 0.5044290087745587
1.756	 0.5042352071146169
1.76	 0.5040518177734051
1.764	 0.5038629244526812
1.768	 0.5036788664090324
1.772	 0.5035261678774059
1.776	 0.5033840386963642
1.78	 0.5032297381953211
1.784	 0.5030746700169532
1.788	 0.5029167092256535
1.792	 0.5027749676174988
1.796	 0.502617306169054
1.8	 0.5024587065804892
1.804	 0.5023134721731526
1.808	 0.5021758346365677
1.812	 0.5020627569005591
1.816	 0.5019696148916853
1.82	 0.5018860091894595
1.824	 0.5018023982932392
1.828	 0.5016332934363437
1.832	 0.5015417114110263
1.836	 0.501450335386453
1.84	 0.5013609643844144
1.844	 0.5012799764488944
1.848	 0.5012115330523743
1.852	 0.5011508770948685
1.856	 0.5010957699983497
1.86	 0.5010578212942648
1.864	 0.5010370381513456
1.868	 0.5010199039225224
1.872	 0.5010218108397202
1.876	 0.501002722593275
1.88	 0.5010039209485911
1.884	 0.5010145585054022
1.888	 0.5010329137716625
1.892	 0.5010417470247372
1.896	 0.5010504838015345
1.9	 0.5010914438625912
1.904	 0.5011626893259372
1.908	 0.5012442295056992
1.912	 0.5013408575835249
1.916	 0.501457450814118
1.92	 0.5015975124830749
1.924	 0.5017432465628432
1.928	 0.5018897371560433
1.932	 0.5020455909029032
1.936	 0.5022013300542496
1.94	 0.5023485127485701
1.944	 0.5025049869784186
1.948	 0.5026471370390871
1.952	 0.5027863604162844
1.956	 0.5029037357745786
1.96	 0.502995518070565
1.964	 0.5030589572786434
1.968	 0.5031261230068185
1.972	 0.5031762553036421
1.976	 0.5032075561342343
1.98	 0.5032416994897199
1.984	 0.5032786100242903
1.988	 0.5033050487502364
1.992	 0.5032927398223704
1.996	 0.5032738286438035
2.0	 0.5032548149237241
2.004	 0.50321785711167
2.008	 0.5031714336054502
2.012	 0.5031013775220957
2.016	 0.5029964038881158
2.02	 0.5028781755770076
2.024	 0.5027390444232384
2.028	 0.5025629307017838
2.032	 0.5023648535423028
2.036	 0.5021504944012231
2.04	 0.5019197655640047
2.044	 0.5016507761770059
2.048	 0.5013522006808027
2.052	 0.5007585204631756
2.056	 0.5003968320978065
2.06	 0.49999718388657444
2.064	 0.4995622818454047
2.068	 0.4990901195252078
2.072	 0.4985994292368441
2.076	 0.49807294111798045
2.08	 0.4975159380978457
2.084	 0.49691437765043334
2.088	 0.4962679423330621
2.092	 0.4955898260594204
2.096	 0.49486828878103617
2.1	 0.4940762044419673
2.104	 0.4932208343324169
2.108	 0.4923372905763692
2.112	 0.49142445425355774
2.116	 0.4904726759357731
2.12	 0.489511635975636
2.124	 0.488563880520607
2.128	 0.4876448323993367
2.132	 0.48674425965695817
2.136	 0.48588970705968887
2.14	 0.48508157611521374
2.144	 0.48432512490114693
2.148	 0.4836329849398866
2.152	 0.48299304355474554
2.156	 0.48241276404233935
2.16	 0.48189029391040605
2.164	 0.48141717689863095
2.168	 0.48095425070090275
2.172	 0.4805199713669448
2.176	 0.480091954986622
2.18	 0.4796716391338775
2.184	 0.47927551499484694
2.188	 0.4789250728550889
2.192	 0.47862172939887554
2.196	 0.47833902189781813
2.2	 0.4780843099534363
2.204	 0.4778619595762769
2.208	 0.477668191756754
2.212	 0.47751874749788764
2.216	 0.4773955110055434
2.22	 0.4772877666438686
2.224	 0.47723623251274866
2.228	 0.47723535994037997
2.232	 0.47727730213420794
2.236	 0.4773485099160752
2.24	 0.4774640359862825
2.244	 0.4776318983783914
2.248	 0.47783652658532194
2.252	 0.4779185300042972
2.256	 0.4781935311597834
2.26	 0.4785005093818728
2.264	 0.478851743016431
2.268	 0.47923798957523184
2.272	 0.4796569970078438
2.276	 0.4801173392429955
2.28	 0.4806231694879069
2.284	 0.481194322335238
2.288	 0.48183514569651853
2.292	 0.4825645370071512
2.296	 0.48338210219198985
2.3	 0.48430161875727656
2.304	 0.4853230058013856
2.308	 0.4863872776678094
2.312	 0.48750488810625914
2.316	 0.4886707500185142
2.32	 0.4898704617728243
2.324	 0.4910743483887846
2.328	 0.49225035594715105
2.332	 0.49339286057006637
2.336	 0.49448635272821845
2.34	 0.49550427496614036
2.344	 0.49644160834005363
2.348	 0.49728998256018636
2.352	 0.49805229096456655
2.356	 0.49873406609679033
2.36	 0.499352987935086
2.364	 0.49989651781568323
2.368	 0.500402277472098
2.372	 0.5008812178374245
2.376	 0.501349166515769
2.38	 0.5018085688167612
2.384	 0.5022508268837368
2.388	 0.5026674548163038
2.392	 0.5030252277487545
2.396	 0.503342978416815
2.4	 0.5036270762751031
2.404	 0.5038608230311864
2.408	 0.504035609388566
2.412	 0.5041427614260032
2.416	 0.5041935278634325
2.42	 0.5042309988222576
2.424	 0.5042284508554521
2.428	 0.504186179279961
2.432	 0.5041164506920552
2.436	 0.5040294547861247
2.44	 0.5039401310543847
2.444	 0.503832018871554
2.448	 0.5037112903047343
2.452	 0.5037268763226063
2.456	 0.503573260592293
2.46	 0.503402070523023
2.464	 0.5032565384511816
2.468	 0.5031305291858138
2.472	 0.5029759437637814
2.476	 0.5028765647019813
2.48	 0.502769804673333
2.484	 0.5027685601777929
2.488	 0.5027150164640587
2.492	 0.5026431590407632
2.496	 0.5024206162019912
2.5	 0.0
