0.4	 1.0
0.401	 0.511464822582675
0.402	 0.5111521967906932
0.403	 0.5109793336705721
0.404	 0.510856620113667
0.405	 0.5107383250552489
0.406	 0.5106501921531487
0.407	 0.510610361962039
0.408	 0.5105304938776053
0.409	 0.5104680753162729
0.41	 0.5104098796439013
0.411	 0.5103192438011628
0.412	 0.5102991614902429
0.413	 0.5102397527861611
0.414	 0.5102084834422042
0.415	 0.5101815747142453
0.416	 0.5101237214287381
0.417	 0.5100936171637283
0.418	 0.5100535261322037
0.419	 0.5100368616431141
0.42	 0.5100062111312909
0.421	 0.5099754956308351
0.422	 0.509962366956803
0.423	 0.5099489213847228
0.424	 0.5099467287074265
0.425	 0.5099435342685872
0.426	 0.5099219791462443
0.427	 0.5098976462058332
0.428	 0.5098644009134984
0.429	 0.5098484643992524
0.43	 0.5098338537514859
0.431	 0.5098069910422216
0.432	 0.5097837889779674
0.433	 0.5097573441608417
0.434	 0.5097336606088839
0.435	 0.5097151586047967
0.436	 0.5096871859788327
0.437	 0.5096518623515462
0.438	 0.5096082939385226
0.439	 0.5095817242310386
0.44	 0.5095586960698237
0.441	 0.5095253351444502
0.442	 0.5095010492086381
0.443	 0.5094720097605612
0.444	 0.5094453638857702
0.445	 0.5094226285391397
0.446	 0.5093989381986941
0.447	 0.5093718333415842
0.448	 0.5093422248156583
0.449	 0.5093160734480692
0.45	 0.5092999565744993
0.451	 0.5092786658572254
0.452	 0.5092506307709249
0.453	 0.5092236646244017
0.454	 0.50919775917855
0.455	 0.5091722035413697
0.456	 0.5091416462423989
0.457	 0.5091175301743855
0.458	 0.5090877504289293
0.459	 0.5090594337983867
0.46	 0.509033411378441
0.461	 0.509001185375914
0.462	 0.5089720932702386
0.463	 0.5089477344703305
0.464	 0.5089242147215575
0.465	 0.508899537357506
0.466	 0.508874537001772
0.467	 0.5088469899926888
0.468	 0.5088233540230747
0.469	 0.5087820730821629
0.47	 0.5087506443561085
0.471	 0.5087173852208582
0.472	 0.508686306304234
0.473	 0.5086547511929831
0.474	 0.5086208917053018
0.475	 0.5085939592177262
0.476	 0.508566698791439
0.477	 0.5085388463287509
0.478	 0.5085109862012548
0.479	 0.5084833020706782
0.48	 0.5084573119209931
0.481	 0.5084290054010747
0.482	 0.5083996103182843
0.483	 0.5083719711683364
0.484	 0.5083413484788165
0.485	 0.5083173743249335
0.486	 0.5082928387501413
0.487	 0.5082641534779296
0.488	 0.5082434918110659
0.489	 0.5082131897145905
0.49	 0.508180865768023
0.491	 0.5081519181558004
0.492	 0.508125273447253
0.493	 0.508100514219101
0.494	 0.5080743761817517
0.495	 0.5080495672806116
0.496	 0.5080211639621908
0.497	 0.5079927678783751
0.498	 0.5079675870836263
0.499	 0.5079424275209529
0.5	 0.5079140617554265
0.501	 0.5078866626127282
0.502	 0.5078583585395683
0.503	 0.5078313300986904
0.504	 0.5078085810820038
0.505	 0.5077858047523599
0.506	 0.5077620628489168
0.507	 0.5077358439494059
0.508	 0.5077134106971628
0.509	 0.5076917940110165
0.51	 0.5076673774078251
0.511	 0.5076467474152463
0.512	 0.5076210429166291
0.513	 0.5075945355397903
0.514	 0.507569166691375
0.515	 0.5075425837535659
0.516	 0.5075186958405017
0.517	 0.5074888774951051
0.518	 0.5074591202706382
0.519	 0.5074332756961777
0.52	 0.50740693531975
0.521	 0.5073842226680849
0.522	 0.5073573948382681
0.523	 0.5073299862993792
0.524	 0.5073043836850387
0.525	 0.5072788044375787
0.526	 0.5072582217439338
0.527	 0.5072358540815525
0.528	 0.5072114541475873
0.529	 0.5071879509665763
0.53	 0.507162980779674
0.531	 0.5071431614560656
0.532	 0.5071248437240148
0.533	 0.5071034172300859
0.534	 0.5070817491003625
0.535	 0.507057377310996
0.536	 0.5070383801259888
0.537	 0.5070202945482708
0.538	 0.5069983869161356
0.539	 0.5069780507183901
0.54	 0.5069528010589784
0.541	 0.5069280441935893
0.542	 0.5069073984471916
0.543	 0.5068858183919338
0.544	 0.5068655253472168
0.545	 0.5068425219031819
0.546	 0.5068203273270899
0.547	 0.5067996375956301
0.548	 0.506777474996026
0.549	 0.5067562571256502
0.55	 0.5067329723503086
0.551	 0.5067114300433562
0.552	 0.5066903903044203
0.553	 0.5066675745900522
0.554	 0.5066492622936095
0.555	 0.506628321073972
0.556	 0.5066065279344099
0.557	 0.5065878006853674
0.558	 0.506568532612253
0.559	 0.5065525472447903
0.56	 0.506533247554975
0.561	 0.5065037171626047
0.562	 0.5064709979693781
0.563	 0.5064358665837934
0.564	 0.5064012487066404
0.565	 0.5063692350126981
0.566	 0.506337529313415
0.567	 0.5063039278970334
0.568	 0.5062746099568572
0.569	 0.5062468628160524
0.57	 0.5062217669050769
0.571	 0.506196839228541
0.572	 0.5061710690362597
0.573	 0.5061469432149549
0.574	 0.5061252683753255
0.575	 0.5061068472426513
0.576	 0.5060900425344511
0.577	 0.5060724106989575
0.578	 0.50605508334822
0.579	 0.5060361427013055
0.58	 0.5060177522925264
0.581	 0.5060015423213271
0.582	 0.5059850348935233
0.583	 0.5059725048610523
0.584	 0.5059589082037685
0.585	 0.5059426447269447
0.586	 0.505925779672395
0.587	 0.5059067497420949
0.588	 0.5058915990797319
0.589	 0.5058744222987309
0.59	 0.5058547234951645
0.591	 0.5058369477745223
0.592	 0.5058165353268308
0.593	 0.5057980720892633
0.594	 0.505782524298985
0.595	 0.505765205262008
0.596	 0.5057502539139059
0.597	 0.505732350655584
0.598	 0.5057163397951758
0.599	 0.5056964866556137
0.6	 0.5056746907810511
0.601	 0.505601413970526
0.602	 0.5055290319646739
0.603	 0.5054546851137921
0.604	 0.5053808453328916
0.605	 0.5053125697029551
0.606	 0.5052464138295465
0.607	 0.5051798501188214
0.608	 0.5051128476292622
0.609	 0.5050465652466188
0.61	 0.5049801051506098
0.611	 0.5049183726407127
0.612	 0.5048540074168697
0.613	 0.5047939204783849
0.614	 0.5047332586358861
0.615	 0.5046721233986063
0.616	 0.5046145668209159
0.617	 0.504552228494746
0.618	 0.5044938988088848
0.619	 0.5044383703301364
0.62	 0.5043864031824374
0.621	 0.5043324316999238
0.622	 0.5042777386335521
0.623	 0.5042227102725623
0.624	 0.504169108069832
0.625	 0.5041142024018721
0.626	 0.5040611820181603
0.627	 0.5040079656254252
0.628	 0.5039583563257767
0.629	 0.5039055171837405
0.63	 0.5038559159959782
0.631	 0.5038097671866915
0.632	 0.5037669905423532
0.633	 0.5037194286769194
0.634	 0.5036712989852049
0.635	 0.5036232707694039
0.636	 0.5035814066720251
0.637	 0.5035400498233834
0.638	 0.5035002868792238
0.639	 0.5034581158311362
0.64	 0.5034178267783822
0.641	 0.5033767424261335
0.642	 0.503335593299683
0.643	 0.5032937277956683
0.644	 0.5032564019475091
0.645	 0.5032150318544109
0.646	 0.5031745849508692
0.647	 0.5031351695576052
0.648	 0.5030997704693542
0.649	 0.5030596500049186
0.65	 0.503019119439067
0.651	 0.5029790084058862
0.652	 0.5029452311572854
0.653	 0.5029086531889791
0.654	 0.5028706241673689
0.655	 0.5028328593059261
0.656	 0.5028027405135854
0.657	 0.5027640312953996
0.658	 0.5027284979746258
0.659	 0.5026956944853723
0.66	 0.5026682585601255
0.661	 0.5026356127797739
0.662	 0.5026009163931979
0.663	 0.5025643299482401
0.664	 0.5025332787099277
0.665	 0.5025013644606758
0.666	 0.5024700122108521
0.667	 0.5024375744758156
0.668	 0.5024094763111692
0.669	 0.502356047205317
0.67	 0.5023280161126886
0.671	 0.502298512805832
0.672	 0.5022742576755761
0.673	 0.5022459549309203
0.674	 0.5022143686000335
0.675	 0.5021845790152537
0.676	 0.5021603859393858
0.677	 0.5021300825180333
0.678	 0.5021011166004518
0.679	 0.5020712100918838
0.68	 0.5020475705119244
0.681	 0.5020224147449335
0.682	 0.5019977832220015
0.683	 0.5019756130897305
0.684	 0.5019544594039801
0.685	 0.5019281580721083
0.686	 0.5019055416315612
0.687	 0.5018830923096826
0.688	 0.5018768287814402
0.689	 0.5018577387359255
0.69	 0.5018334219701103
0.691	 0.5018096514265026
0.692	 0.5017867762086546
0.693	 0.5017726499843252
0.694	 0.5017516360976031
0.695	 0.5017293156010464
0.696	 0.5017081189361411
0.697	 0.5016924800973812
0.698	 0.5016715862858191
0.699	 0.5016503542268885
0.7	 0.5016325649071272
0.701	 0.5016194773879827
0.702	 0.5016003661703554
0.703	 0.5015814179791563
0.704	 0.5015592049008912
0.705	 0.5015435105074304
0.706	 0.5015206948671969
0.707	 0.5014999574917027
0.708	 0.5014785727778631
0.709	 0.5014611673329815
0.71	 0.5014412254388516
0.711	 0.5014175992612238
0.712	 0.5013954024249708
0.713	 0.5013826863482509
0.714	 0.5013621382844055
0.715	 0.5013455087159762
0.716	 0.5013268747190388
0.717	 0.501316525371652
0.718	 0.5013041223042287
0.719	 0.5012878728685749
0.72	 0.5012725330666663
0.721	 0.5012566846120093
0.722	 0.5012413275764008
0.723	 0.5012301736681861
0.724	 0.5012171017257586
0.725	 0.5012076081689628
0.726	 0.5011893854199042
0.727	 0.501172039266669
0.728	 0.501160139973225
0.729	 0.501151677353223
0.73	 0.5011377306907767
0.731	 0.5011200112295962
0.732	 0.5010992316598124
0.733	 0.5010888687954035
0.734	 0.5010737577017335
0.735	 0.5010634246143021
0.736	 0.5010509903177249
0.737	 0.5010423979881067
0.738	 0.5010313748709945
0.739	 0.5010177049776279
0.74	 0.5010153627614229
0.741	 0.5010048733688254
0.742	 0.500988005825347
0.743	 0.5009761349736159
0.744	 0.5009719541970381
0.745	 0.5009641134812206
0.746	 0.5009570544544452
0.747	 0.5009455987433727
0.748	 0.5009435702925391
0.749	 0.5009321067016498
0.75	 0.500924642618436
0.751	 0.5009187056671072
0.752	 0.5009137003468763
0.753	 0.5009079151133413
0.754	 0.500898669869902
0.755	 0.5008932569889832
0.756	 0.5008983929913852
0.757	 0.5008925376536725
0.758	 0.5008866020792978
0.759	 0.5008761896798806
0.76	 0.5008741773773527
0.761	 0.5008754874253344
0.762	 0.5008779953254566
0.763	 0.5008771911859998
0.764	 0.5008831733554641
0.765	 0.5008840727040257
0.766	 0.5008893590835793
0.767	 0.500890433406564
0.768	 0.5008949082660311
0.769	 0.5008928221886121
0.77	 0.5008909106433768
0.771	 0.5008925488032009
0.772	 0.5008963958909498
0.773	 0.5008990847674458
0.774	 0.5008951742006521
0.775	 0.500890838218571
0.776	 0.5008881690130444
0.777	 0.5008867043670638
0.778	 0.5008863502903633
0.779	 0.5008848381117796
0.78	 0.5008752361194301
0.781	 0.5008738297481222
0.782	 0.5008720788798606
0.783	 0.5008706362008527
0.784	 0.500869931390789
0.785	 0.5008653873565637
0.786	 0.5008661914357658
0.787	 0.5008658625123332
0.788	 0.500860927705481
0.789	 0.5008684973825446
0.79	 0.5008692666921952
0.791	 0.5008688236852005
0.792	 0.500865027469956
0.793	 0.5008631893182085
0.794	 0.5008663552109873
0.795	 0.5008620379571925
0.796	 0.5008574580134046
0.797	 0.500856405992506
0.798	 0.5008624333054054
0.799	 0.5008752770098772
0.8	 0.5008821905070484
0.804	 0.5008782122955255
0.808	 0.5008719393372938
0.812	 0.5008690449371612
0.816	 0.5008651767363604
0.82	 0.5008532884717596
0.824	 0.5008438898513966
0.828	 0.5008290119616239
0.832	 0.5008110247285098
0.836	 0.5007927371598884
0.84	 0.5007720158572021
0.844	 0.5007418610123956
0.848	 0.5007157030660979
0.852	 0.500694317832528
0.856	 0.5006660645307364
0.86	 0.5006421265451717
0.864	 0.5006184197981391
0.868	 0.5005890909342756
0.872	 0.5005593638320528
0.876	 0.5005418717791562
0.88	 0.5005284738631484
0.884	 0.5005053307481219
0.888	 0.5004778926570972
0.892	 0.5004569974253181
0.896	 0.5004376392242147
0.9	 0.5004202484386493
0.904	 0.5004027606999808
0.908	 0.500391249983081
0.912	 0.50038041901763
0.916	 0.5003715095382912
0.92	 0.500363095197521
0.924	 0.5003543945883696
0.928	 0.5003565325718192
0.932	 0.5003549663235526
0.936	 0.5003313984395726
0.94	 0.5003129154914301
0.944	 0.5002963353973533
0.948	 0.5002670959152281
0.952	 0.5002438983577322
0.956	 0.5002142873294122
0.96	 0.5001804004542434
0.964	 0.500139987404981
0.968	 0.5001036400889343
0.972	 0.5000771142471114
0.976	 0.5000447143464426
0.98	 0.5000121821459586
0.984	 0.4999785913180893
0.988	 0.4999506030464502
0.992	 0.49991128701177096
0.996	 0.499885652702765
1.0	 0.4998422768217028
1.004	 0.4998199173795441
1.008	 0.49980481048487974
1.012	 0.49978849510033796
1.016	 0.49976489412490843
1.02	 0.4997442792108433
1.024	 0.4997296279140908
1.028	 0.4997151046342979
1.032	 0.4997072322104656
1.036	 0.4996993827763771
1.04	 0.4996963244528648
1.044	 0.49970382466420127
1.048	 0.49970876699652683
1.052	 0.499710104327659
1.056	 0.4997139654362095
1.06	 0.4997153146226741
1.064	 0.4997155241509153
1.068	 0.49972244496832163
1.072	 0.499726377200829
1.076	 0.4997192238190584
1.08	 0.49971088336292363
1.084	 0.4996965042127021
1.088	 0.4996852294463738
1.092	 0.49966786769381116
1.096	 0.4996394614002048
1.1	 0.4996122505284423
1.104	 0.499584533077388
1.108	 0.4995561380997832
1.112	 0.49952722324758486
1.116	 0.4994927086592126
1.12	 0.49944478785087953
1.124	 0.49939689214048816
1.128	 0.4993677808766724
1.132	 0.4993209057853008
1.136	 0.4992733488177372
1.14	 0.4992323028028081
1.144	 0.4991845419634024
1.148	 0.499133733821089
1.152	 0.49908584826690017
1.156	 0.49904063204720245
1.16	 0.4989952442367992
1.164	 0.49895294192652606
1.168	 0.4989081670901538
1.172	 0.49885902947256217
1.176	 0.4987542081829618
1.18	 0.49868371294761044
1.184	 0.49861015983464974
1.188	 0.49852865753185494
1.192	 0.49843865395599624
1.196	 0.4983564800776276
1.2	 0.49825664766812994
1.204	 0.4981439886224501
1.208	 0.4980031803449826
1.212	 0.49784037079807325
1.216	 0.49770123738413574
1.22	 0.4975900935653616
1.224	 0.497483070580972
1.228	 0.4973834272787279
1.232	 0.49729650204935727
1.236	 0.49719554790189047
1.24	 0.49709025088071007
1.244	 0.49698437863112577
1.248	 0.4968863673149497
1.252	 0.4967853134714964
1.256	 0.4966866050698656
1.26	 0.4965921033243585
1.264	 0.49649084770205953
1.268	 0.49639315741574386
1.272	 0.496281356820356
1.276	 0.4961724960932644
1.28	 0.49606725475971297
1.284	 0.49596806650129155
1.288	 0.49586748629713345
1.292	 0.4957655971240229
1.296	 0.495663573898682
1.3	 0.4955534254437111
1.304	 0.49543090906647885
1.308	 0.49529955628984507
1.312	 0.49515581467277764
1.316	 0.49500813936849275
1.32	 0.49484987678369985
1.324	 0.4946813785200901
1.328	 0.4945232424588528
1.332	 0.4943379380573448
1.336	 0.49415676753233756
1.34	 0.4939828301205537
1.344	 0.49382236155403875
1.348	 0.49367166976394705
1.352	 0.4935313823235062
1.356	 0.493396004657898
1.36	 0.4932772859713914
1.364	 0.4931640960716148
1.368	 0.49306327657767646
1.372	 0.4929810669085905
1.376	 0.49292401238605144
1.38	 0.49288049492818603
1.384	 0.49285189109082944
1.388	 0.4928448412244967
1.392	 0.4928569963199752
1.396	 0.4928639907608822
1.4	 0.49288571041385487
1.404	 0.49294316104559377
1.408	 0.4930505167913394
1.412	 0.49321428265309764
1.416	 0.49338115917563313
1.42	 0.49349941540425546
1.424	 0.49359156648569813
1.428	 0.4936975491499638
1.432	 0.4937599675347572
1.436	 0.4938188181684296
1.44	 0.49388879879273906
1.444	 0.49395617935924724
1.448	 0.49401624489482443
1.452	 0.4940720474236206
1.456	 0.4941285545361471
1.46	 0.49418817300956547
1.464	 0.49424848290171636
1.468	 0.4943175121856209
1.472	 0.4943991025658525
1.476	 0.49449242693187095
1.48	 0.49458388276750925
1.484	 0.494673577291815
1.488	 0.49476716882962
1.492	 0.4948750832612565
1.496	 0.4949905404498321
1.5	 0.4951185304364477
1.504	 0.49527085766307627
1.508	 0.4954469230654399
1.512	 0.49564478357063046
1.516	 0.4958513816280806
1.52	 0.49607614873656103
1.524	 0.49632476567423306
1.528	 0.49659583427287884
1.532	 0.49688821759795826
1.536	 0.49717764153554256
1.54	 0.4974647648454043
1.544	 0.4977376863898166
1.548	 0.49798896583051405
1.552	 0.4982210715016903
1.556	 0.4984289571422506
1.56	 0.4986070231021783
1.564	 0.4987664782015327
1.568	 0.49891168046288276
1.572	 0.4990344737882146
1.576	 0.49923126222748143
1.58	 0.49930711118908644
1.584	 0.4993728410108012
1.588	 0.4994232219084379
1.592	 0.49947537013279414
1.596	 0.49953079053963473
1.6	 0.4995677681311947
1.604	 0.4995798999842743
1.608	 0.4995524532903898
1.612	 0.4995014303211715
1.616	 0.4994606925746581
1.62	 0.4994266769602952
1.624	 0.4993806979968931
1.628	 0.49932831652004533
1.632	 0.4992601211630642
1.636	 0.49917251284334485
1.64	 0.49904896690513456
1.644	 0.4989035766494213
1.648	 0.4987424238122668
1.652	 0.4985862373653528
1.656	 0.4984433976504432
1.66	 0.4983082217055524
1.664	 0.4981871246086384
1.668	 0.4980730750677559
1.672	 0.49795389732520384
1.676	 0.4977561120733776
1.68	 0.4976317422205631
1.684	 0.4975104168900584
1.688	 0.4973763317104197
1.692	 0.4972257255721822
1.696	 0.4970630098371172
1.7	 0.49688815553410526
1.704	 0.4966973715475967
1.708	 0.49648816470412704
1.712	 0.4962668963572042
1.716	 0.4960462256320977
1.72	 0.49583178826218416
1.724	 0.4956071612133856
1.728	 0.49537566984409975
1.732	 0.49514668855216293
1.736	 0.49490816454501585
1.74	 0.4946758502548041
1.744	 0.4944523791721214
1.748	 0.49423814322565107
1.752	 0.49403060771659335
1.756	 0.4938323432276263
1.76	 0.4936373693852799
1.764	 0.4934393229391427
1.768	 0.4932144911598541
1.772	 0.4929499796065914
1.776	 0.4926383543075705
1.78	 0.49226344257079224
1.784	 0.491835439974114
1.788	 0.4913695368562542
1.792	 0.49090147756838254
1.796	 0.4904516795178815
1.8	 0.4900628370955014
1.804	 0.48973262456464617
1.808	 0.48945474107566
1.812	 0.4892222237886457
1.816	 0.4890194016644654
1.82	 0.488849629732268
1.824	 0.4887109755580973
1.828	 0.48864318156047687
1.832	 0.48859313540204596
1.836	 0.48859828172108327
1.84	 0.4886525735602498
1.844	 0.4887347700258037
1.848	 0.488828321544781
1.852	 0.4888918033145648
1.856	 0.48893129749894987
1.86	 0.4889519682963949
1.864	 0.4889446462019259
1.868	 0.4889322501990676
1.872	 0.4889118910618963
1.876	 0.4888436000689982
1.88	 0.48883097974623424
1.884	 0.4888175406880024
1.888	 0.4888243255911692
1.892	 0.48884997147275644
1.896	 0.4888845301476786
1.9	 0.48893026309690807
1.904	 0.4889782987837303
1.908	 0.48902928091079834
1.912	 0.48907185512269297
1.916	 0.4890982819603378
1.92	 0.4891055511104591
1.924	 0.4890948536949647
1.928	 0.48905683932859345
1.932	 0.48898734500479224
1.936	 0.48888811811051985
1.94	 0.48874216893648964
1.944	 0.4885126580205519
1.948	 0.4881728776687255
1.952	 0.4876966964193682
1.956	 0.48703822771911637
1.96	 0.4861813875525425
1.964	 0.4851337865634407
1.968	 0.48393142799432
1.972	 0.4826584174429763
1.976	 0.48139412609713206
1.98	 0.48023203453029345
1.984	 0.4792208532313168
1.988	 0.47836406691350597
1.992	 0.4776238732472833
1.996	 0.47693914806626525
2.0	 0.47626064296217224
2.004	 0.47555801788823737
2.008	 0.4748458467049477
2.012	 0.4741162641348785
2.016	 0.4734065252689657
2.02	 0.47273340449992896
2.024	 0.4721009619556502
2.028	 0.47151412202394816
2.032	 0.470969688831306
2.036	 0.47046033552510946
2.04	 0.4699674863524543
2.044	 0.4695119151521995
2.048	 0.46909228261349384
2.052	 0.46889540375452166
2.056	 0.4686224764968011
2.06	 0.4683802586795646
2.064	 0.46817369527101105
2.068	 0.4679918214202904
2.072	 0.4678190976828062
2.076	 0.4678057122623811
2.08	 0.4676485038639311
2.084	 0.4675079700148888
2.088	 0.46737021242646337
2.092	 0.4672534264672456
2.096	 0.467164347686755
2.1	 0.4670999154333622
2.104	 0.4670665411336445
2.108	 0.4670703266075344
2.112	 0.46712011809473203
2.116	 0.4672097786558308
2.12	 0.4673284223459926
2.124	 0.4674820600418128
2.128	 0.46766658745068707
2.132	 0.46787068381678343
2.136	 0.4681101503948187
2.14	 0.46839972873144303
2.144	 0.4687776217217983
2.148	 0.4692632199864056
2.152	 0.46992223915422343
2.156	 0.4708140475533015
2.16	 0.47197207554333015
2.164	 0.47339628309664233
2.168	 0.47505650002912186
2.172	 0.4768889640355674
2.176	 0.4788172262144208
2.18	 0.48075825085681045
2.184	 0.48266693750650524
2.188	 0.48451065743595884
2.192	 0.4863082080523174
2.196	 0.488064294205693
2.2	 0.489772917710719
2.204	 0.4914127564168552
2.208	 0.49296352044835895
2.212	 0.49441510824974966
2.216	 0.49574876130049855
2.22	 0.49694541832566425
2.224	 0.498009689850989
2.228	 0.4989508047763563
2.232	 0.49976438685454067
2.236	 0.5004643569066529
2.24	 0.5010541261106278
2.244	 0.5015265070838183
2.248	 0.5018908824047188
2.252	 0.5016454420150234
2.256	 0.5018292262028025
2.26	 0.5019320892601506
2.264	 0.501952147715503
2.268	 0.5018807688504541
2.272	 0.5017461891612308
2.276	 0.5015366415146906
2.28	 0.501267606898471
2.284	 0.5009243043214406
2.288	 0.5005176755827889
2.292	 0.5000427952263221
2.296	 0.4994931254462769
2.3	 0.4988751034614068
2.304	 0.49819220868910297
2.308	 0.4977915023678133
2.312	 0.49731714288412016
2.316	 0.4967720219144725
2.32	 0.4961720746189665
2.324	 0.49552885692363047
2.328	 0.49485497964470104
2.332	 0.49418803092370994
2.336	 0.4935399364734525
2.34	 0.49295633602369526
2.344	 0.49248576464101024
2.348	 0.49218638378289126
2.352	 0.49211092675412094
2.356	 0.492265124649273
2.36	 0.49264022419222825
2.364	 0.4932081249934937
2.368	 0.4939046363256648
2.372	 0.4946351300610216
2.376	 0.49529746358788906
2.38	 0.4958002402765468
2.384	 0.4960783340190179
2.388	 0.49611413031108426
2.392	 0.49589724934037094
2.396	 0.49543771719095075
2.4	 0.4947842199605228
2.404	 0.49398005274927337
2.408	 0.4930929565895693
2.412	 0.49215431429328715
2.416	 0.49117248795424556
2.42	 0.490178893214872
2.424	 0.48920480450114756
2.428	 0.4882352228767742
2.432	 0.4872693655868418
2.436	 0.48633111653882527
2.44	 0.4854154386366827
2.444	 0.48454261983895325
2.448	 0.48372731497233545
2.452	 0.4830872071815168
2.456	 0.48241852999514084
2.46	 0.4818149635822454
2.464	 0.4813290911466831
2.468	 0.48093915080947097
2.472	 0.48067648880630026
2.476	 0.48053750172266035
2.48	 0.4805120768528152
2.484	 0.480580099601887
2.488	 0.48073258319367973
2.492	 0.48089918389131564
2.496	 0.48119229399135427
2.5	 0.0
