25.0442	 1.0
24.9238	 0.5040809973064064
24.8045	 0.49355452523249266
24.6864	 0.5010784668354702
24.5694	 0.5012998266897747
24.4536	 0.49850498116142183
24.3388	 0.5016589384140145
24.225	 0.4970101195952162
24.1124	 0.4905304454210551
24.0007	 0.48939511869683655
23.8901	 0.49694395379482437
23.7805	 0.5025184201417098
23.6719	 0.4996118176813517
23.5643	 0.49570746992393255
23.4577	 0.491246226821906
23.352	 0.49383985059285107
23.2473	 0.49935544357201456
23.1435	 0.4969250055305656
23.0407	 0.5012144801147171
22.9387	 0.5044344104366755
22.8377	 0.49464273200382114
22.7375	 0.4949732187229656
22.6382	 0.5003710043565462
22.5398	 0.5037098439460157
22.4422	 0.5015680604982207
22.3455	 0.5002109696900764
22.2496	 0.5049877261569233
22.1545	 0.5108634352315122
22.0602	 0.5106900722481633
21.9668	 0.5051036773563522
21.8741	 0.5002192749778956
21.7822	 0.5006457318528292
21.691	 0.5034302252245939
21.6007	 0.5034127056576481
21.511	 0.501136498744606
21.4221	 0.5013102316072984
21.334	 0.5023687471149875
21.2465	 0.5007994426543586
21.1598	 0.49824045800200795
21.0738	 0.4967107093184979
20.9885	 0.49490041492318126
20.9038	 0.4919518813185879
20.8199	 0.49089807555238774
20.7366	 0.4932986093625226
20.654	 0.4943603000072817
20.572	 0.49068414844723485
20.4907	 0.48615898803992685
20.41	 0.4848936638365997
20.33	 0.48608394939336325
20.2506	 0.4845504167295668
20.1718	 0.4805010587752348
20.0936	 0.47794405117412675
20.016	 0.4765621982568095
19.9391	 0.4751800126075415
19.8627	 0.47537196572299906
19.7869	 0.47791030601642676
19.7116	 0.4802091983159244
19.637	 0.4808804467045568
19.5628	 0.4817983003930405
19.4893	 0.48370271751899124
19.4163	 0.4845258899416948
19.3439	 0.4849761318307648
19.2719	 0.4865607785327141
19.2006	 0.48785792158346936
19.1297	 0.4879668145284246
19.0594	 0.48776830669957233
18.9896	 0.48810426989734224
18.9203	 0.4880792863264887
18.8515	 0.48829110050189733
18.7832	 0.49009615920447297
18.7153	 0.4929902440247787
18.648	 0.4932294655353857
18.5812	 0.492185695588575
18.5148	 0.4895014997857449
18.4489	 0.48491410486264236
18.3835	 0.48159259341686506
18.3185	 0.4804011432854556
18.2541	 0.48185429371257343
18.19	 0.4847217305434965
18.1264	 0.48876141695450226
18.0633	 0.4930576732484562
18.0005	 0.4970180732975279
17.9382	 0.4998125414571778
17.8764	 0.499467724765315
17.815	 0.4963103941745116
17.7539	 0.49253126419157467
17.6934	 0.49133671842133586
17.6332	 0.4921375292751569
17.5734	 0.4934622989259491
17.514	 0.494258867417443
17.4551	 0.4951039530301202
17.3965	 0.4961210631309569
17.3383	 0.49674735786156515
17.2805	 0.4968609316142468
17.2231	 0.49545885305944726
17.1661	 0.49454948574244006
17.1094	 0.4948478572238194
17.0531	 0.49584636738414367
16.9972	 0.49670876327552205
16.9417	 0.4965990659185656
16.8865	 0.49685162290719365
16.8317	 0.4976387868611607
16.7772	 0.497938231086426
16.7231	 0.4977889781750749
16.6693	 0.49584589133936113
16.6159	 0.49349241360157664
16.5628	 0.4927370829381728
16.51	 0.4941806156522113
16.4576	 0.49665179173658963
16.4055	 0.4977551907816067
16.3538	 0.49713463915045325
16.3024	 0.4948138473021029
16.2513	 0.4926298729934732
16.2005	 0.492071327546521
16.15	 0.48999203401810865
16.0998	 0.4893871263690834
16.05	 0.4885240272143885
16.0005	 0.48678760672883353
15.9513	 0.4845013978273519
15.9023	 0.483604921849019
15.8537	 0.4818499064613614
15.8054	 0.4803265738512609
15.7573	 0.478849753591617
15.7096	 0.4771165913565732
15.6621	 0.4757599353982811
15.6149	 0.47530740263746807
15.568	 0.4759893197306021
15.5214	 0.47775892201312026
15.4751	 0.4797001230607632
15.429	 0.482725101517139
15.3832	 0.4853444893371085
15.3377	 0.4860115221378891
15.2925	 0.4863432620405318
15.2475	 0.4869173959256955
15.2028	 0.4866562183911879
15.1583	 0.48681938464298535
15.1141	 0.48762313070994745
15.0702	 0.4875351506456241
15.0265	 0.486928464899809
14.9831	 0.4852813242105758
14.9399	 0.48199606275726303
14.897	 0.4784523282403392
14.8543	 0.4764777657266812
14.8119	 0.4761414220873681
14.7697	 0.47726596384588593
14.7277	 0.4793504526855044
14.686	 0.48160196631244123
14.6445	 0.4824768075393904
14.6033	 0.4838135461295322
14.5622	 0.4865257019850406
14.5214	 0.489916686666438
14.4809	 0.4942595051497442
14.4405	 0.4978299185609887
14.4004	 0.49889659388205465
14.3605	 0.4981498839900672
14.3209	 0.4969534305062502
14.2814	 0.49684250777423505
14.2422	 0.4979615184024137
14.2032	 0.4995770284427364
14.1643	 0.5016665452936201
14.1258	 0.5041018007632819
14.0874	 0.507037374352556
14.0492	 0.5083879080585123
14.0112	 0.5091160373707779
13.9734	 0.510250932277393
13.9359	 0.5113788268159473
13.8985	 0.5115121411606495
13.8614	 0.5108876096845827
13.8244	 0.5107128130706494
13.7876	 0.5106432723678757
13.7511	 0.5101934300219843
13.7147	 0.5102752073068141
13.6785	 0.5117772797615042
13.6425	 0.5137783158240316
13.6067	 0.5152115897826915
13.5711	 0.5160469953115479
13.5356	 0.5168884850784268
13.5004	 0.5171970554646443
13.4653	 0.5168003987529198
13.4304	 0.5163178380675507
13.3957	 0.5162929874294877
13.3612	 0.5161209591356825
13.3269	 0.5160257458971566
13.2927	 0.5160185977654923
13.2587	 0.5164686948490751
13.2249	 0.5190917637110305
13.1912	 0.5201190575644506
13.1577	 0.521168286122331
13.1244	 0.5222294832234806
13.0913	 0.5226533523537803
13.0583	 0.5222158229360598
13.0255	 0.5227482420700935
12.9929	 0.5215877292983728
12.9604	 0.520058259514072
12.9281	 0.5185000303555648
12.8959	 0.51732
12.8639	 0.5168594147666583
12.8321	 0.5162376250555076
12.8004	 0.5150706604376117
12.7688	 0.5139582796806593
12.7375	 0.5124333243792931
12.7063	 0.5100146618218908
12.6752	 0.5064541057271243
12.6443	 0.5025636469781963
12.6135	 0.49881284849791263
12.5829	 0.4946771120589572
12.5524	 0.4900537874819538
12.5221	 0.4859853855382266
12.4919	 0.4828179138439261
12.4619	 0.4803518812792241
12.432	 0.47785956572905364
12.4023	 0.47545726981502534
12.3727	 0.4745049145320805
12.3432	 0.4741474449052336
12.3139	 0.47331534888895066
12.2847	 0.47241460907893296
12.2557	 0.47128529180579526
12.2268	 0.47276184835046653
12.198	 0.47438485807737846
12.1694	 0.4760528638493649
12.1409	 0.478850363902899
12.1125	 0.48255406756858005
12.0843	 0.48663363432351775
12.0562	 0.48795508957318584
12.0282	 0.4916471029675945
12.0004	 0.4954350965217565
11.9726	 0.499505117122281
11.945	 0.503091014694003
11.9176	 0.505510114937163
11.8903	 0.5077182289780034
11.8631	 0.5104576201633506
11.836	 0.5127609061232564
11.809	 0.5143439127753652
11.7822	 0.5148836769865807
11.7555	 0.5154541193204778
11.7289	 0.5168694202689491
11.7024	 0.5177943809896404
11.676	 0.5174537598544573
11.6498	 0.5167535018656776
11.6237	 0.5163878600151144
11.5977	 0.5163651280279804
11.5718	 0.5165388486281611
11.546	 0.5157383222984876
11.5203	 0.5141968762051677
11.4948	 0.5131992081671222
11.4694	 0.5126928013397006
11.444	 0.5112640233136374
11.4188	 0.5094932946152352
11.3937	 0.5066727171469234
11.3688	 0.5031550266363988
11.3439	 0.49998987830781505
11.3191	 0.4963778847909524
11.2944	 0.49185825438694214
11.2699	 0.4880288465298907
11.2455	 0.4829765566765703
11.2211	 0.4776178315602085
11.1969	 0.4722637958131304
11.1727	 0.46738653180036754
11.1487	 0.4624497666089952
11.1248	 0.45747904703862946
11.101	 0.4530024698102684
11.0773	 0.4491330184190062
11.0536	 0.44568394431430847
11.0301	 0.44314691472718093
11.0067	 0.4416676731172407
10.9834	 0.44073697126496914
10.9602	 0.44099064784349323
10.937	 0.4427466747098968
10.914	 0.4449731717078531
10.8911	 0.4481916018231288
10.8682	 0.45260593115447456
10.8455	 0.4572642329343628
10.8229	 0.46139945443957464
10.8003	 0.4668730619293776
10.7779	 0.47195575319847244
10.7555	 0.47633601890808863
10.7332	 0.4810314773613201
10.7111	 0.48555710128611274
10.689	 0.4889969624081543
10.667	 0.49191861226761846
10.6451	 0.49512146563966886
10.6233	 0.4966544172313444
10.6015	 0.4991269537072527
10.5799	 0.501373343648197
10.5584	 0.5037139874590787
10.5369	 0.5051788240479423
10.5155	 0.5057465962195593
10.4942	 0.5065704651393433
10.473	 0.5073764893643373
10.4519	 0.5075437772227737
10.4309	 0.5072004790925424
10.4099	 0.5067663780100625
10.3891	 0.5063704327682426
10.3683	 0.5054553091691898
10.3476	 0.5046630423776454
10.327	 0.5043816365316548
10.3065	 0.5038690341512317
10.286	 0.5031457902690684
10.2656	 0.5028741679925968
10.2454	 0.5022977110184129
10.2251	 0.5017632885097124
10.205	 0.5015220463274798
10.185	 0.5013500566152774
10.165	 0.5013572726227356
10.1451	 0.5013234924744479
10.1253	 0.5011454007040024
10.1056	 0.5009873247360699
10.0859	 0.500696579777777
10.0663	 0.5003273561106991
10.0468	 0.5001690388975562
10.0274	 0.5003674817422046
10.008	 0.5004805784303998
9.9887	 0.5005409091613584
9.9695	 0.5004076268060348
9.9504	 0.4999007979564379
9.9313	 0.49975676940190067
9.9123	 0.4999767716279372
9.8934	 0.500366667594939
9.8746	 0.5008243857320948
9.8558	 0.5012804730946006
9.8371	 0.5016363855503602
9.8185	 0.5018785560587677
9.7999	 0.502503580045216
9.7814	 0.5029609724716166
9.763	 0.5038431222654652
9.7447	 0.5048024645346264
9.7264	 0.5051099834004688
9.7082	 0.5051066378349093
9.69	 0.5051371125396401
9.6719	 0.5052777316337773
9.6539	 0.5053695392159337
9.636	 0.5054195824050476
9.6181	 0.5054005644510874
9.6003	 0.5056703180182742
9.5825	 0.5059093188167036
9.5649	 0.5054846493098449
9.5472	 0.504609814123943
9.5297	 0.5043148112612738
9.5122	 0.5045337390076666
9.4948	 0.504647660590954
9.4774	 0.504666268376586
9.4601	 0.5047417818644202
9.4429	 0.5047377966051002
9.4257	 0.5048399571228918
9.4086	 0.5049483491505311
9.3916	 0.5049437233299137
9.3746	 0.5048024136336323
9.3577	 0.5053669069009242
9.3408	 0.5059198688772413
9.324	 0.5061281303397149
9.3073	 0.5060885822593076
9.2906	 0.5061336982844993
9.274	 0.5060979964504649
9.2574	 0.5061789237297843
9.2409	 0.5061983672593562
9.2245	 0.5058572280465178
9.2081	 0.5056636818418713
9.1918	 0.5058848653397204
9.1755	 0.5063676599909397
9.1593	 0.5066006281710558
9.1431	 0.5065447044762309
9.127	 0.5064216828922711
9.111	 0.506368578320193
9.095	 0.5063312967482498
9.0791	 0.5063325345921877
9.0632	 0.5062472691327841
9.0474	 0.5061149510732436
9.0316	 0.5059330188389093
9.0159	 0.5060389835325722
9.0003	 0.505773010977184
8.9847	 0.5050877234633555
8.9691	 0.504366005766378
8.9536	 0.5035942924013413
8.9382	 0.5028948546024077
8.9228	 0.5025635582129833
8.9075	 0.5022314489200462
8.8922	 0.5019589621885866
8.877	 0.501833159914493
8.8618	 0.5018077868221342
8.8467	 0.5019017743942
8.8316	 0.5025591568513397
8.8166	 0.5029278642455219
8.8016	 0.5034115285543217
8.7867	 0.504152455991708
8.7718	 0.5049212091009073
8.757	 0.5057101671864878
8.7422	 0.5066273301632908
8.7275	 0.5075013574699326
8.7129	 0.5082854417372858
8.6982	 0.5095682681478704
8.6837	 0.5102836437169537
8.6692	 0.5108935978349338
8.6547	 0.5114660305506424
8.6403	 0.5119274319960622
8.6259	 0.5123221625063212
8.6116	 0.5126380002940182
8.5973	 0.5129400862478922
8.583	 0.5133553084964173
8.5688	 0.5138612272971825
8.5547	 0.5142478868281185
8.5406	 0.5145001309407495
8.5266	 0.5149110555938844
8.5126	 0.5151444211246303
8.4986	 0.515759069378342
8.4847	 0.5159731014884218
8.4708	 0.5161839831893532
8.457	 0.516458677501451
8.4432	 0.5166414663612983
8.4295	 0.5166670357330028
8.4158	 0.5167717889908258
8.4022	 0.5173818217988431
8.3886	 0.5172742446353384
8.375	 0.5169996293205733
8.3615	 0.5166770990606993
8.3481	 0.5162828733067992
8.3347	 0.5158358234268428
8.3213	 0.5154279283434935
8.3079	 0.5150441125667667
8.2946	 0.5144652640797418
8.2814	 0.5137844130130731
8.2682	 0.513089547649045
8.255	 0.5124051326576673
8.2419	 0.5117786750071879
8.2288	 0.5111065840938721
8.2158	 0.5103003133817926
8.2028	 0.5099600817520522
8.1898	 0.5091126943005181
8.1769	 0.508437237547645
8.164	 0.5078412637542356
8.1512	 0.5074769852766438
8.1384	 0.5069073968462519
8.1256	 0.5063035463128188
8.1129	 0.5057393172748447
8.1002	 0.505318204966742
8.0876	 0.5050487001949959
8.075	 0.5048612001967077
8.0624	 0.504643997254999
8.0499	 0.5042773081381604
8.0374	 0.5039395173374702
8.025	 0.5037371720918916
8.0126	 0.5036042957062109
8.0002	 0.503408837734779
7.9879	 0.5031282336282423
7.9756	 0.5027735167477647
7.9634	 0.5024029388823188
7.9512	 0.5021525347224792
7.939	 0.5018044667948527
7.9268	 0.5015587012203419
7.9147	 0.5011803825741215
7.9027	 0.5005324127707346
7.8906	 0.5000527436259415
7.8786	 0.4994713231892265
7.8667	 0.498768244676633
7.8548	 0.4982340337885765
7.8429	 0.4977939683597882
7.831	 0.4972570456760482
7.8192	 0.4967193460889568
7.8075	 0.49626578570084173
7.7957	 0.49589693571113735
7.784	 0.49547908645466676
7.7723	 0.4950577210833621
7.7607	 0.4946743209628966
7.7491	 0.4942901990049054
7.7375	 0.49386176002954213
7.726	 0.4935460556574302
7.7145	 0.49339122737766306
7.7031	 0.4931389317020803
7.6916	 0.49296768095701604
7.6802	 0.49262731380361385
7.6689	 0.4925723675455133
7.6575	 0.4925812491990558
7.6462	 0.49257271851135503
7.635	 0.49270212854091094
7.6238	 0.4929166293727408
7.6126	 0.49309821791452507
7.6014	 0.49325353401486577
7.5903	 0.49354706159956224
7.5792	 0.4939679436936151
7.5681	 0.49443158525673225
7.5571	 0.4949608425806895
7.5461	 0.4955694952230713
7.5351	 0.49611550644937746
7.5242	 0.4966052336939525
7.5133	 0.49711802484120354
7.5024	 0.4976394333747093
7.4916	 0.4982058551824378
7.4807	 0.49862990199558854
7.47	 0.49924190420299286
7.4592	 0.49974867636337106
7.4485	 0.5002329541849146
7.4378	 0.5006448921418519
7.4272	 0.5008848801877162
7.4165	 0.5011146827283806
7.4059	 0.5014015793767883
7.3954	 0.5016827935725752
7.3848	 0.5019144457052293
7.3743	 0.5020334633448519
7.3639	 0.5020111946771182
7.3534	 0.5018938629566245
7.343	 0.5017846933572322
7.3326	 0.5016865435787996
7.3223	 0.5015933559406491
7.3119	 0.5014898686998022
7.3016	 0.5013110453807518
7.2914	 0.5010708993789191
7.2811	 0.5009098553597584
7.2709	 0.5006524665421974
7.2607	 0.5004008811991831
7.2506	 0.5001292791278801
7.2404	 0.49978320955076727
7.2303	 0.4995880262215056
7.2203	 0.4995035694252274
7.2102	 0.49932786771669874
7.2002	 0.49903912293532393
7.1902	 0.49869255173756777
7.1803	 0.4984030154929219
7.1703	 0.4981882646929512
7.1604	 0.4980055962067493
7.1506	 0.4978015429765145
7.1407	 0.4976314987143895
7.1309	 0.49749595867053525
7.1211	 0.49739915387280076
7.1113	 0.4972545928549685
7.1016	 0.4972032361739886
7.0919	 0.49734371162192115
7.0822	 0.4974397744222636
7.0725	 0.4974778344175758
7.0629	 0.4974730291934779
7.0533	 0.4975198200294417
7.0437	 0.49782227072330265
7.0341	 0.4981853502774643
7.0246	 0.4983257667169329
7.0151	 0.49848751800705937
7.0056	 0.4988241528932463
6.9962	 0.4991912280977447
6.9867	 0.4994789326994231
6.9773	 0.4997485260058595
6.9679	 0.5000768534390309
6.9586	 0.5004595128761802
6.9493	 0.5008660077961349
6.94	 0.5011623767171983
6.9307	 0.501374596185511
6.9214	 0.5013865299950316
6.9122	 0.5015886845730007
6.903	 0.5017603398702094
6.8938	 0.5017688828785632
6.8847	 0.501668621238265
6.8755	 0.5016114978201325
6.8664	 0.5016671554947645
6.8573	 0.5018470877509574
6.8483	 0.501879592804785
6.8393	 0.5015735705232358
6.8302	 0.5012332150747828
6.8213	 0.501024580846159
6.8123	 0.5007237956218938
6.8034	 0.5004086577755555
6.7944	 0.500142578235674
6.7855	 0.49997843055421876
6.7767	 0.4996540301241605
6.7678	 0.49921793866607533
6.759	 0.49897919549485203
6.7502	 0.49853740268209035
6.7414	 0.498080225938151
6.7327	 0.4977172231933119
6.7239	 0.497480067141135
6.7152	 0.497246489502813
6.7065	 0.49695857334413834
6.6979	 0.49663406006704425
6.6892	 0.49631973463630596
6.6806	 0.49608166761518974
6.672	 0.49589262153174746
6.6634	 0.4957066928224256
6.6549	 0.495461195298865
6.6464	 0.49541765722182546
6.6378	 0.4956111446767591
6.6294	 0.4957678199297292
6.6209	 0.4957663473318621
6.6124	 0.49558466901179055
6.604	 0.4954780140647721
6.5956	 0.49556853898943926
6.5872	 0.4956633723684949
6.5789	 0.49585814432693553
6.5705	 0.49623313200813823
6.5622	 0.4966041579918913
6.5539	 0.4970282403389071
6.5456	 0.49749933299376664
6.5374	 0.49793545243629905
6.5292	 0.4982917394008293
6.5209	 0.4986289869602768
6.5128	 0.4989801868824688
6.5046	 0.49939385315584656
6.4964	 0.4999631750851469
6.4883	 0.5006028200526587
6.4802	 0.5011286403121777
6.4721	 0.5014099883849258
6.464	 0.5016948496590764
6.456	 0.5019531354992973
6.448	 0.5021621997417545
6.4399	 0.5022978756063929
6.432	 0.5024554789321564
6.424	 0.5027433978043728
6.416	 0.5031974270586693
6.4081	 0.503750872254315
6.4002	 0.5040503212364831
6.3923	 0.5040975411257627
6.3844	 0.5040566835310145
6.3766	 0.5039445990967023
6.3687	 0.5037896506805679
6.3609	 0.5035840103607168
6.3531	 0.5033173007452059
6.3454	 0.5031518297183399
6.3376	 0.5030895452768022
6.3299	 0.5029213138015841
6.3221	 0.5026515869889158
6.3144	 0.5023305082324817
6.3068	 0.501993889124467
6.2991	 0.5016268908182691
6.2914	 0.5011252984879544
6.2838	 0.5006675726511383
6.2762	 0.5002118849822544
6.2686	 0.49978232989547905
6.2611	 0.4994249407292718
6.2535	 0.4990909213620568
6.246	 0.49870217318831606
6.2385	 0.498325871776349
6.231	 0.49793112780406956
6.2235	 0.49754247859206374
6.216	 0.4971254009180844
6.2086	 0.4969829157498487
6.2011	 0.4966472225467141
6.1937	 0.4965343953027026
6.1863	 0.4965202673417616
6.179	 0.49654806615524083
6.1716	 0.4965788597468878
6.1643	 0.4966218137267572
6.157	 0.49678803259778076
6.1496	 0.4969738928072813
6.1424	 0.4970727715499818
6.1351	 0.4971135098941869
6.1278	 0.49731130470372953
6.1206	 0.4977180401925073
6.1134	 0.49819856387906203
6.1062	 0.49868328426882863
6.099	 0.4990973060722619
6.0918	 0.4993766351006962
6.0847	 0.49976720934802527
6.0776	 0.500438409082301
6.0704	 0.501081396685999
6.0633	 0.5017379633644595
6.0563	 0.5023984065198179
6.0492	 0.5031967611902851
6.0421	 0.504032009907289
6.0351	 0.5047174173491795
6.0281	 0.5052610140532894
6.0211	 0.5056761829344407
6.0141	 0.5060804258846463
6.0071	 0.5065464983423162
6.0002	 0.5069814918353146
5.9932	 0.5073665712129699
5.9863	 0.5077637034174426
5.9794	 0.5081294492517254
5.9725	 0.5085359777166055
5.9657	 0.5087516032499999
5.9588	 0.5089372991866217
5.952	 0.5090571437110145
5.9451	 0.5091359020336892
5.9383	 0.5093183491273838
5.9315	 0.5095172137289367
5.9247	 0.5095459787297656
5.918	 0.5094168352958417
5.9112	 0.5092079027111591
5.9045	 0.509012031750564
5.8978	 0.5089216525038243
5.8911	 0.5088189771893155
5.8844	 0.5086228379851454
5.8777	 0.5084443931030108
5.8711	 0.508063111862985
5.8644	 0.507581831944009
5.8578	 0.5071163322205906
5.8512	 0.5065949690441495
5.8446	 0.5058786364008963
5.838	 0.505196573746765
5.8314	 0.5046805349042939
5.8249	 0.5042995024626719
5.8184	 0.5039918149612792
5.8118	 0.5036133564696095
5.8053	 0.5031597889061226
5.7988	 0.5027019167052248
5.7924	 0.5022271724474167
5.7859	 0.5017018511300333
5.7794	 0.501211099597912
5.773	 0.5010078598170883
5.7666	 0.5007190198674036
5.7602	 0.5004433420131094
5.7538	 0.5001463708152825
5.7474	 0.49991639854862474
5.741	 0.49968779946959196
5.7347	 0.4993768627201805
5.7283	 0.4991667153382784
5.722	 0.4990428214608951
5.7157	 0.4989164961438218
5.7094	 0.49885679696635205
5.7031	 0.4989847934681724
5.6969	 0.49896527103135535
5.6906	 0.49905849105294525
5.6844	 0.4991933037834691
5.6782	 0.4994645510945697
5.6719	 0.49971149159092776
5.6657	 0.5000524886998694
5.6596	 0.5003999129041224
5.6534	 0.5007661837332246
5.6472	 0.5012094903039129
5.6411	 0.501798251992359
5.6349	 0.5024117888731906
5.6288	 0.5029684776992215
5.6227	 0.5037136108022933
5.6166	 0.5041936728290742
5.6106	 0.5047693681168129
5.6045	 0.5053912411228813
5.5984	 0.506037401613651
5.5924	 0.506688843223346
5.5864	 0.5072677524466214
5.5804	 0.5079438196772864
5.5744	 0.5086592318974618
5.5684	 0.5093192429185868
5.5624	 0.5099006467910611
5.5564	 0.510535062447937
5.5505	 0.5111622868444977
5.5445	 0.511737433019409
5.5386	 0.5126143524075099
5.5327	 0.513173480138306
5.5268	 0.5136782634055801
5.5209	 0.5142208893623287
5.5151	 0.514765629823322
5.5092	 0.5152673206395815
5.5033	 0.515694013572848
5.4975	 0.5161171816647763
5.4917	 0.5164838328789471
5.4859	 0.5167611469588422
5.4801	 0.5170070734650553
5.4743	 0.5172081642820985
5.4685	 0.5173561771596895
5.4628	 0.5176266300995497
5.457	 0.5176957203201248
5.4513	 0.5177520079129804
5.4455	 0.5177363255690407
5.4398	 0.5176180000392274
5.4341	 0.5174641587709726
5.4284	 0.517293798102709
5.4228	 0.5172790063040361
5.4171	 0.5171262233615105
5.4114	 0.5169086364839576
5.4058	 0.5166414343974182
5.4002	 0.5163312020743901
5.3945	 0.515986180918477
5.3889	 0.5156812664729983
5.3833	 0.5153028441704922
5.3778	 0.5148934185306242
5.3722	 0.5144662912872731
5.3666	 0.5140762296338712
5.3611	 0.5137066637264472
5.3555	 0.5133136782121118
5.35	 0.5129359935813192
5.3445	 0.5125386719530483
5.339	 0.5123833591558857
5.3335	 0.5119085284398509
5.328	 0.5114695511616353
5.3225	 0.5111122869533999
5.3171	 0.5106624937515652
5.3116	 0.5101950758101115
5.3062	 0.5097267356852644
5.3008	 0.5092666042954249
5.2954	 0.5088468597675586
5.29	 0.5084921363824833
5.2846	 0.5081740327425683
5.2792	 0.5078342868099753
5.2738	 0.507512673423774
5.2684	 0.5071928459120978
5.2631	 0.5071626124211916
5.2578	 0.5069212010728644
5.2524	 0.5067994703255407
5.2471	 0.5065460339046823
5.2418	 0.5063078792666411
5.2365	 0.50611856030479
5.2312	 0.5060025760093807
5.226	 0.5059082279335323
5.2207	 0.5057847936484496
5.2154	 0.5056674340167805
5.2102	 0.5055736908008859
5.205	 0.5055214546018303
5.1998	 0.5055140535577152
5.1945	 0.5055221148142567
5.1893	 0.5057668601916971
5.1842	 0.5057708679035099
5.179	 0.5057622397445486
5.1738	 0.5057407164802931
5.1686	 0.5057272481905332
5.1635	 0.5056939503755591
5.1584	 0.5056483702388305
5.1532	 0.5056231771579164
5.1481	 0.5056280137339714
5.143	 0.5056517794098386
5.1379	 0.5056885318104527
5.1328	 0.505754714423838
5.1277	 0.5059036300952983
5.1227	 0.5060203163073997
5.1176	 0.5060868862032268
5.1126	 0.5061633552903431
5.1075	 0.5062277445616202
5.1025	 0.5063029365807151
5.0975	 0.5063699866180236
5.0925	 0.5064050346685418
5.0875	 0.5064167395015803
5.0825	 0.5064837160266202
5.0775	 0.5065781565298948
5.0726	 0.5066640923449127
5.0676	 0.5068699383955145
5.0627	 0.5069214151214948
5.0577	 0.5069378305321258
5.0528	 0.5070584761322064
5.0479	 0.5071656277262618
5.043	 0.5072982073780932
5.038	 0.5074093562910205
5.0332	 0.5074728937430363
5.0283	 0.5074932927208169
5.0234	 0.5075329371973833
5.0185	 0.5076004527335457
5.0137	 0.5076619097519476
5.0088	 0.5078111692040269
5.004	 0.5078315588320345
4.9992	 0.507822896124458
4.9944	 0.5078199813600661
4.9896	 0.5079224473314907
4.9848	 0.5079283405594017
4.98	 0.5079419638437263
4.9752	 0.508005390690225
4.9704	 0.5080655303744677
4.9657	 0.5081012640039969
4.9609	 0.5081499416771935
4.9562	 0.5081963101926269
4.9514	 0.508323236635415
4.9467	 0.5083638298786639
4.942	 0.5084099329467144
4.9373	 0.508457213981715
4.9326	 0.5084883691159222
4.9279	 0.5086012313065931
4.9232	 0.5086245928351882
4.9186	 0.5086476331667396
4.9139	 0.5086341360604161
4.9092	 0.5086281147621989
4.9046	 0.5086708162680861
4.9	 0.5086906542877752
4.8953	 0.508762833571523
4.8907	 0.5087997475902784
4.8861	 0.5087868374286988
4.8815	 0.5087344521186733
4.8769	 0.5086924372456385
4.8723	 0.508634448826699
4.8678	 0.5086665681987103
4.8632	 0.5086146002785866
4.8586	 0.5085730196681248
4.8541	 0.5084958609520658
4.8495	 0.5083793117521486
4.845	 0.5083394908218727
4.8405	 0.5082235337914738
4.836	 0.5081184304776489
4.8315	 0.5080607451870225
4.827	 0.5079775981165189
4.8225	 0.507848461293223
4.818	 0.5077540568231479
4.8135	 0.5076927194379816
4.809	 0.5077311209783728
4.8046	 0.5076402328325882
4.8001	 0.5075613488298418
4.7957	 0.5075206974942481
4.7913	 0.5074250710845213
4.7868	 0.5073396214141545
4.7824	 0.5072759212109696
4.778	 0.5071820717699473
4.7736	 0.5070386265069211
4.7692	 0.5069112367873324
4.7648	 0.5067979759753487
4.7605	 0.5066658845153595
4.7561	 0.5065403292022054
4.7517	 0.506537737886285
4.7474	 0.506451711944091
4.7431	 0.5063250158708201
4.7387	 0.506190707042529
4.7344	 0.5060593681602236
4.7301	 0.505917607695412
4.7258	 0.5057628706550648
4.7215	 0.5055939371234576
4.7172	 0.5054493009488841
4.7129	 0.5053343678214502
4.7086	 0.5051863731005252
4.7043	 0.5050162463644785
4.7	 0.5048994777344371
4.6958	 0.5048828982254024
4.6915	 0.5047285122436187
4.6873	 0.5045834551403922
4.6831	 0.5044611379127253
4.6788	 0.5043258152789352
4.6746	 0.5041958835557592
4.6704	 0.5040695888210714
4.6662	 0.5039305706829854
4.662	 0.5037874384258789
4.6578	 0.5036773125733792
4.6536	 0.503533597944879
4.6495	 0.5034045601731232
4.6453	 0.5033113135434858
4.6411	 0.5031704389730765
4.637	 0.5030332740277359
4.6328	 0.5028809971674764
4.6287	 0.5027233347967125
4.6246	 0.5026091246589542
4.6205	 0.5024993291825145
4.6163	 0.5023378553786111
4.6122	 0.5021543684625994
4.6081	 0.5019821237148968
4.604	 0.5018275131826685
4.6	 0.5016691205982374
4.5959	 0.5015798838647918
4.5918	 0.5014371656250332
4.5877	 0.5012840291089596
4.5837	 0.5011104237073604
4.5796	 0.5009306088419458
4.5756	 0.5007842523166934
4.5716	 0.5006591295314842
4.5675	 0.5005410340781846
4.5635	 0.500418894064451
4.5595	 0.5003213032034197
4.5555	 0.5001810819036401
4.5515	 0.5000192455375178
4.5475	 0.49991811480594706
4.5435	 0.49977514622273583
4.5395	 0.49962251357931226
4.5356	 0.4994945501651377
4.5316	 0.49937632417356664
4.5276	 0.4992615981023745
4.5237	 0.49916524372491805
4.5197	 0.4990534688394361
4.5158	 0.4989678643261596
4.5119	 0.49886930301852633
4.508	 0.49879022080026025
4.504	 0.4986803764948347
4.5001	 0.49859725739101124
4.4962	 0.49846598362068834
4.4923	 0.49835371640743
4.4884	 0.49823787192776836
4.4846	 0.49812369529823447
4.4807	 0.49799196496560066
4.4768	 0.4978962571139354
4.473	 0.49778861193386686
4.4691	 0.49767467120837205
4.4652	 0.49757402627247793
4.4614	 0.49746764479132566
4.4576	 0.4973617444820151
4.4537	 0.49731545904838836
4.4499	 0.4972405835969928
4.4461	 0.4971679431784145
4.4423	 0.4970615455731058
4.4385	 0.4969805748344057
4.4347	 0.4969027780919415
4.4309	 0.49686353593700716
4.4271	 0.496819763869125
4.4233	 0.4967437962318423
4.4196	 0.49666699139129417
4.4158	 0.4965985074349277
4.412	 0.49653525801229054
4.4083	 0.49645190133166983
4.4045	 0.4963396965617801
4.4008	 0.496301809010286
4.3971	 0.49625509048773914
4.3934	 0.49618520796708615
4.3896	 0.49611666348766353
4.3859	 0.4960554358567643
4.3822	 0.496004315929809
4.3785	 0.4959598884180987
4.3748	 0.4959073307399646
4.3711	 0.49583753855553553
4.3674	 0.49574517857900713
4.3638	 0.4955439451959683
4.3601	 0.4954198747006446
4.3564	 0.4953174375604876
4.3528	 0.4952548775036327
4.3491	 0.4951790802037756
4.3455	 0.4950966951182799
4.3418	 0.49503086040849315
4.3382	 0.4949415125622857
4.3346	 0.4948455475505437
4.331	 0.4947652858505286
4.3273	 0.49460111522960504
4.3237	 0.4945166908056351
4.3201	 0.4943958807244224
4.3165	 0.4942495275751102
4.3129	 0.49408800625570415
4.3094	 0.4939508986695294
4.3058	 0.49383615414516624
4.3022	 0.4937399224324256
4.2986	 0.49363925320145685
4.2951	 0.4935337055639095
4.2915	 0.49332202641193684
4.288	 0.4932178903068673
4.2844	 0.49310646447522904
4.2809	 0.49295243151159085
4.2774	 0.49283231559842056
4.2738	 0.4927349556883558
4.2703	 0.49265158828465716
4.2668	 0.4925640987045196
4.2633	 0.4924643955534351
4.2598	 0.49235437676427585
4.2563	 0.4921011012354612
4.2528	 0.49198755139263717
4.2493	 0.4918898774436852
4.2458	 0.49177841563985364
4.2424	 0.4916027637846603
4.2389	 0.4914710405940727
4.2354	 0.49134594507154644
4.232	 0.4912039813178954
4.2285	 0.49103267675828544
4.2251	 0.490853032272912
4.2216	 0.4905788494745292
4.2182	 0.49045106047395426
4.2148	 0.49031837393307903
4.2113	 0.49018319312323433
4.2079	 0.4900442173928813
4.2045	 0.4898517865848142
4.2011	 0.4896997348820898
4.1977	 0.4895367334295162
4.1943	 0.4894023345773023
4.1909	 0.4892879689922242
4.1875	 0.4890308070903779
4.1841	 0.48886284183946155
4.1808	 0.48870334924544245
4.1774	 0.4885491071721587
4.174	 0.4883770862290218
4.1707	 0.48821689312469857
4.1673	 0.48808359327303924
4.164	 0.48790538573776604
4.1606	 0.48780220943800956
4.1573	 0.48753049294829837
4.154	 0.487386882316857
4.1506	 0.4872477779270244
4.1473	 0.48712749399987504
4.144	 0.48699359318443247
4.1407	 0.48685198473479135
4.1374	 0.48673063384334053
4.1341	 0.48660145119369963
4.1308	 0.48645938956352186
4.1275	 0.48626135991832636
4.1242	 0.48594522748006097
4.1209	 0.4858104724347934
4.1177	 0.48571364605906237
4.1144	 0.4856451826896377
4.1111	 0.4855711826695285
4.1079	 0.48547289514642905
4.1046	 0.4853560746250216
4.1014	 0.48525003577830267
4.0981	 0.4851668148691706
4.0949	 0.48508333303130724
4.0917	 0.4847882098380426
4.0884	 0.4846845739945381
4.0852	 0.484572399905694
4.082	 0.4844586107943368
4.0788	 0.48435833351098806
4.0756	 0.4842576068999613
4.0724	 0.48413879462566234
4.0692	 0.4840151402627543
4.066	 0.4839053823042863
4.0628	 0.48366925888963747
4.0596	 0.48359707554979375
4.0565	 0.4834458537436077
4.0533	 0.48333816135121077
4.0501	 0.48320110288306695
4.047	 0.483072025130501
4.0438	 0.48296634705890407
4.0406	 0.4828744079824152
4.0375	 0.4827694347849229
4.0344	 0.4824980890920863
4.0312	 0.4824084886331472
4.0281	 0.48232940360378845
4.025	 0.4822644868786904
4.0218	 0.4820650536768498
4.0187	 0.48195976233250115
4.0156	 0.4818499725484625
4.0125	 0.4817486719991285
4.0094	 0.48166896926133357
4.0063	 0.48158917374847426
4.0032	 0.4813521493996154
4.0001	 0.4812688440879002
3.997	 0.4811778014421581
3.994	 0.48108096124671773
3.9909	 0.48097583753257395
3.9878	 0.48077040502203305
3.9847	 0.48071814173779726
3.9817	 0.48068562188634967
3.9786	 0.48062624020917694
3.9756	 0.4804262473336231
3.9725	 0.48038680021204067
3.9695	 0.4803469554275505
3.9665	 0.48030131632418444
3.9634	 0.4802227270953594
3.9604	 0.48014973337711386
3.9574	 0.4799872519857484
3.9544	 0.479958028710385
3.9513	 0.47992176667995573
3.9483	 0.47971133009785716
3.9453	 0.4796715744822157
3.9423	 0.4796376337749757
3.9393	 0.47958605199508036
3.9363	 0.4795305360855798
3.9333	 0.4794747755461402
3.9304	 0.47943056491565567
3.9274	 0.47942039475882137
3.9244	 0.47926533015477474
3.9214	 0.4790499784750597
3.9185	 0.4789682847636904
3.9155	 0.4788887970443103
3.9126	 0.4788190190465183
3.9096	 0.47876201579464134
3.9067	 0.47871900202656653
3.9037	 0.47867663928461074
3.9008	 0.4786029455901854
3.8979	 0.4785077677646798
3.8949	 0.47826967499943285
3.892	 0.4780729055137082
3.8891	 0.4780217761664333
3.8862	 0.4779800547546663
3.8833	 0.47795938642063157
3.8804	 0.47792101340744614
3.8775	 0.47786243921318006
3.8746	 0.4778122512002703
3.8717	 0.47776433101675125
3.8688	 0.4775798063541929
3.8659	 0.47754872015354793
3.863	 0.47738026819594837
3.8601	 0.4773427351945151
3.8573	 0.47730894346985
3.8544	 0.4772859885047709
3.8515	 0.4772845416388355
3.8487	 0.47728688992698515
3.8458	 0.4772896460875055
3.843	 0.4771646360117377
3.8401	 0.4771778523385905
3.8373	 0.47720065135501616
3.8344	 0.4770430731635023
3.8316	 0.47704625390045335
3.8288	 0.4770568064611525
3.8259	 0.47706404534392316
3.8231	 0.4770713614610801
3.8203	 0.47709761015031055
3.8175	 0.47700136077261085
3.8147	 0.47702669711796725
3.8119	 0.4770471824799657
3.8091	 0.4770655279121678
3.8063	 0.4770893281495157
3.8035	 0.4769454590587281
3.8007	 0.47697396145191073
3.7979	 0.47700190069637105
3.7951	 0.47702374346720994
3.7924	 0.47691679335229553
3.7896	 0.4769644528553272
3.7868	 0.47698133149838
3.7841	 0.4769746892423077
3.7813	 0.4769781036210454
3.7785	 0.47699059221101264
3.7758	 0.476838915824834
3.773	 0.47684858787552276
3.7703	 0.47674483584648386
3.7676	 0.47677135932987674
3.7648	 0.4768114561036065
3.7621	 0.47688437540449335
3.7594	 0.4769259523074382
3.7566	 0.47694585417125557
3.7539	 0.47696911580514717
3.7512	 0.47700113098599756
3.7485	 0.4768962979980641
3.7458	 0.4768255310912286
3.7431	 0.47686249509558737
3.7404	 0.4769247962586175
3.7377	 0.47699892266028143
3.735	 0.4770642926593277
3.7323	 0.47712230612058804
3.7296	 0.4771589761784182
3.7269	 0.4771884117879048
3.7242	 0.4772565044529515
3.7216	 0.4771070859178681
3.7189	 0.4772190727860722
3.7162	 0.47732786619356204
3.7136	 0.4774172898173299
3.7109	 0.4774934325985662
3.7083	 0.4775603371364519
3.7056	 0.47763032531999755
3.703	 0.47772809699295204
3.7003	 0.4777709006337367
3.6977	 0.47791353009583315
3.695	 0.4778632394954747
3.6924	 0.4779974206242408
3.6898	 0.4781326216125078
3.6872	 0.47824961932476745
3.6845	 0.4783580661071346
3.6819	 0.4784834235183257
3.6793	 0.4786276988674352
3.6767	 0.4786982248059848
3.6741	 0.478867034027923
3.6715	 0.47901717796127485
3.6689	 0.47897014321590264
3.6663	 0.4790857395846023
3.6637	 0.47921399936104103
3.6611	 0.4793414291983285
3.6585	 0.47945001397611786
3.656	 0.47948402371322446
3.6534	 0.4796269854599743
3.6508	 0.4797794094789262
3.6482	 0.47992445875517037
3.6457	 0.480033947002113
3.6431	 0.47996652418408575
3.6406	 0.48007383301400897
3.638	 0.48017979630820784
3.6355	 0.48023713707312393
3.6329	 0.48039006220906605
3.6304	 0.4805235706233051
3.6278	 0.4806594192971639
3.6253	 0.48080066023544205
3.6227	 0.4809411497585857
3.6202	 0.481088218168957
3.6177	 0.4810746000194061
3.6152	 0.48122129934580904
3.6127	 0.4813153121660213
3.6101	 0.4814719233289252
3.6076	 0.48160935732360943
3.6051	 0.48174779385809
3.6026	 0.4819070447725233
3.6001	 0.48206544610862356
3.5976	 0.48221621859337255
3.5951	 0.48237968020638494
3.5926	 0.48229136981134735
3.5901	 0.48241616617544847
3.5876	 0.48255179974636164
3.5852	 0.4827286468142912
3.5827	 0.482907155047352
3.5802	 0.48306735188307853
3.5777	 0.483214599374776
3.5753	 0.4833770720386608
3.5728	 0.48347201881849367
3.5704	 0.4834667272561796
3.5679	 0.48361978817472057
3.5654	 0.48377799220541606
3.563	 0.483905640072131
3.5605	 0.4840327286854463
3.5581	 0.48417945550723523
3.5557	 0.48432443731370944
3.5532	 0.48439672965416164
3.5508	 0.4845392588467784
3.5484	 0.4846631732187833
3.5459	 0.4846414918071621
3.5435	 0.48478444459627734
3.5411	 0.484920242094119
3.5387	 0.485028826033997
3.5363	 0.4851481586614466
3.5338	 0.4852185944827678
3.5314	 0.4853636501592048
3.529	 0.48550831964637653
3.5266	 0.4856384862740761
3.5242	 0.48573267786408336
3.5218	 0.48567604421986205
3.5195	 0.48577649729746547
3.5171	 0.4858845260014118
3.5147	 0.48594526928690895
3.5123	 0.4860698610871687
3.5099	 0.4862164956018528
3.5075	 0.4863475893595087
3.5052	 0.4864534965080853
3.5028	 0.4865435057475396
3.5004	 0.4864964003905364
3.4981	 0.48656357760368674
3.4957	 0.4865507109537727
3.4934	 0.48660399267838206
3.491	 0.48664618569283324
3.4887	 0.4867095826940487
3.4863	 0.4868047859082115
3.484	 0.4868885455180362
3.4816	 0.48694327707343904
3.4793	 0.48700342525371243
3.477	 0.48690138524890886
3.4746	 0.4869404140901571
3.4723	 0.4869467590833142
3.47	 0.48698639205716765
3.4677	 0.4870546874278712
3.4653	 0.48710006505764913
3.463	 0.48712789417878605
3.4607	 0.48717433571510105
3.4584	 0.48724697631452146
3.4561	 0.487140757546704
3.4538	 0.48717721124452784
3.4515	 0.48719269851579694
3.4492	 0.48721955405773415
3.4469	 0.48726986275251954
3.4446	 0.487339888703806
3.4423	 0.4873981555645662
3.44	 0.4873774350497993
3.4378	 0.48743130254412986
3.4355	 0.487361956758235
3.4332	 0.48737298222638015
3.4309	 0.4873982215409219
3.4287	 0.4874195974193638
3.4264	 0.48742924074877403
3.4241	 0.487436690414563
3.4219	 0.4873288315747555
3.4196	 0.48731623472867713
3.4174	 0.4873114085925014
3.4151	 0.48729044193315424
3.4129	 0.4871685972361715
3.4106	 0.48712477993492104
3.4084	 0.4871027220894067
3.4061	 0.4870748809218233
3.4039	 0.48690828929783037
3.4017	 0.4868493471921186
3.3994	 0.48679134102416016
3.3972	 0.48676039214565053
3.395	 0.4867432558248409
3.3928	 0.4866486473991356
3.3906	 0.48664015582526654
3.3883	 0.4866328962641921
3.3861	 0.4864967569184474
3.3839	 0.48645971130675303
3.3817	 0.4864225935893294
3.3795	 0.48639513891961045
3.3773	 0.48634260884009145
3.3751	 0.48625530834650343
3.3729	 0.48610170757238924
3.3707	 0.48588100176611687
3.3685	 0.48576829223699186
3.3663	 0.4856482171548299
3.3641	 0.4855549921596034
3.362	 0.48547145336916947
3.3598	 0.485390005675446
3.3576	 0.4853172538282282
3.3554	 0.48522477456928287
3.3533	 0.48491858124829745
3.3511	 0.48478802358824685
3.3489	 0.4846604192724621
3.3468	 0.4845356722940819
3.3446	 0.4843843613178707
3.3425	 0.4842261571859182
3.3403	 0.4841139020672913
3.3382	 0.4839992371894757
3.336	 0.48370172839976466
3.3339	 0.4834982519575143
3.3317	 0.4833310569750569
3.3296	 0.4831730182353322
3.3274	 0.48301109384596375
3.3253	 0.4828348247423965
3.3232	 0.4826871387613667
3.321	 0.4823628597186194
3.3189	 0.48219136235344934
3.3168	 0.48199747721626374
3.3147	 0.48173914509879107
3.3126	 0.48154559099910577
3.3104	 0.48133801387345726
3.3083	 0.4811331551341236
3.3062	 0.48096893926592527
3.3041	 0.48060369776902634
3.302	 0.4803947249757364
3.2999	 0.4801750727557403
3.2978	 0.479962986594198
3.2957	 0.4796912891698893
3.2936	 0.47950707084655636
3.2915	 0.4793303550981468
3.2894	 0.47893448640608793
3.2874	 0.4786979048549449
3.2853	 0.47844735268064104
3.2832	 0.47821346614954335
3.2811	 0.47797380659690614
3.279	 0.47773163210544184
3.277	 0.4774298842368615
3.2749	 0.47719485235460285
3.2728	 0.4767764952071955
3.2708	 0.4765681709870632
3.2687	 0.4763373988599938
3.2666	 0.4761092449881415
3.2646	 0.47589923292912406
3.2625	 0.47570286833484804
3.2605	 0.4754787572330466
3.2584	 0.47497257470418885
3.2564	 0.4746193871226498
3.2543	 0.47435625367938117
3.2523	 0.474103630178843
3.2503	 0.4738391680414274
3.2482	 0.4735651377006215
3.2462	 0.47329920070720843
3.2442	 0.4730360923919301
3.2421	 0.4726061319245285
3.2401	 0.4723124893568402
3.2381	 0.47207730537643877
3.2361	 0.4718212367920509
3.234	 0.4715599364675077
3.232	 0.4713160262400284
3.23	 0.4710747012337318
3.228	 0.47065633096653425
3.226	 0.4704315796546663
3.224	 0.4702182791818352
3.222	 0.4699182063303302
3.22	 0.46969038120502493
3.218	 0.4694562250958467
3.216	 0.46923266976980943
3.214	 0.469027989909841
3.212	 0.46868830340458717
3.21	 0.46850775697206815
3.208	 0.4683141939772045
3.206	 0.46814945388225837
3.204	 0.46788237060473475
3.2021	 0.4676817884228591
3.2001	 0.46733878269955975
3.1981	 0.467165903080868
3.1961	 0.46696129852869933
3.1942	 0.4667477918507656
3.1922	 0.46654388160481586
3.1902	 0.46634218996895577
3.1883	 0.466135258586333
3.1863	 0.46585176786885163
3.1844	 0.4655221630680963
3.1824	 0.4653123867185468
3.1805	 0.46513449883909413
3.1785	 0.46496549393455383
3.1766	 0.4648317511599748
3.1746	 0.4647128965043665
3.1727	 0.4645663475210494
3.1707	 0.4642472142037969
3.1688	 0.4641627698432158
3.1669	 0.46409076418218487
3.1649	 0.46398621888098013
3.163	 0.463854153189508
3.1611	 0.46372849789389387
3.1591	 0.4636212602568788
3.1572	 0.463447056021938
3.1553	 0.46340053137607834
3.1534	 0.46326622289308167
3.1515	 0.46322245253564037
3.1495	 0.4631973043397188
3.1476	 0.4632009298196477
3.1457	 0.46319741914759205
3.1438	 0.4631174267379138
3.1419	 0.46312391888586385
3.14	 0.4631049536196841
3.1381	 0.463104594473691
3.1362	 0.46300392546977354
3.1343	 0.4630051313798108
3.1324	 0.46305250439062257
3.1305	 0.4630184137666546
3.1286	 0.46305189910427913
3.1268	 0.4631128707993897
3.1249	 0.4631836422657918
3.123	 0.4632346887588716
3.1211	 0.46315919621168544
3.1192	 0.4632115115590425
3.1174	 0.4632352860713083
3.1155	 0.4633587066854845
3.1136	 0.46347034903171874
3.1117	 0.4635758589043291
3.1099	 0.4636788762212853
3.108	 0.4637493385437613
3.1061	 0.4638235043313923
3.1043	 0.46376744639799045
3.1024	 0.4639371464025901
3.1006	 0.464135423989747
3.0987	 0.4643404259529351
3.0969	 0.46452314287228763
3.095	 0.4646965279519576
3.0932	 0.4648845588665975
3.0913	 0.46502145358466634
3.0895	 0.46506959243132895
3.0876	 0.46527024050373117
3.0858	 0.46549477015186197
3.084	 0.46574524267109657
3.0821	 0.46601354930678657
3.0803	 0.46624422339407146
3.0785	 0.46644941711140775
3.0766	 0.4666644222674098
3.0748	 0.4669085547509427
3.073	 0.4669934102226169
3.0712	 0.467242435877686
3.0694	 0.4675019932463341
3.0675	 0.4677465115002981
3.0657	 0.46797657913223756
3.0639	 0.46823953285391257
3.0621	 0.4685081373251423
3.0603	 0.4687795844618049
3.0585	 0.46890845330232744
3.0567	 0.46926840380996454
3.0549	 0.46960371560957587
3.0531	 0.4699198845752905
3.0513	 0.4702334321393113
3.0495	 0.47056871707232595
3.0477	 0.47089644078543746
3.0459	 0.4712163133055891
3.0441	 0.4715331906689761
3.0423	 0.47165112829931904
3.0406	 0.4719541365215666
3.0388	 0.47223853643246966
3.037	 0.4725534708123887
3.0352	 0.4729114876384515
3.0334	 0.47327824725685314
3.0317	 0.4736420974920235
3.0299	 0.47398609840720285
3.0281	 0.4740971827158067
3.0264	 0.47446753612753667
3.0246	 0.47483971115301954
3.0228	 0.47521951152949926
3.0211	 0.47562115249029013
3.0193	 0.47602661937954605
3.0176	 0.47640701913619127
3.0158	 0.47683084383690283
3.014	 0.47720109811188655
3.0123	 0.47736788777451467
3.0105	 0.47772795783942
3.0088	 0.47810391748329106
3.007	 0.4784949584122899
3.0053	 0.47890980657335724
3.0036	 0.4794565653485524
3.0018	 0.47994950974458506
3.0001	 0.4801994323250109
2.9984	 0.4806396821242064
2.9966	 0.48108413397817085
2.9949	 0.4815278768379777
2.9932	 0.4821186182751772
2.9914	 0.48259528908698124
2.9897	 0.4831076385952617
2.988	 0.4836401827285633
2.9863	 0.4841678072804043
2.9845	 0.4844310970827191
2.9828	 0.48496827332092807
2.9811	 0.4857002564657483
2.9794	 0.4862549341719406
2.9777	 0.4868238706532436
2.976	 0.48739960906515534
2.9743	 0.48800899330026337
2.9726	 0.48865103607751725
2.9709	 0.48907763288442824
2.9692	 0.48996956873422265
2.9675	 0.4906025362918347
2.9658	 0.49128645092597273
2.9641	 0.49202633497539167
2.9624	 0.492775736295626
2.9607	 0.4935287992669057
2.959	 0.4942877483055806
2.9573	 0.49527296159371237
2.9556	 0.4960371572855846
2.9539	 0.4968188271069578
2.9523	 0.4976621665688841
2.9506	 0.4985490900345192
2.9489	 0.4994658795757325
2.9472	 0.5010450568213454
2.9455	 0.5020564813120966
2.9439	 0.5029398562192735
2.9422	 0.504016709936948
2.9405	 0.5051420811250428
2.9389	 0.5062900582661631
2.9372	 0.5074870124693519
2.9355	 0.5096348921828711
2.9339	 0.5109532835147143
2.9322	 0.5122897926409908
2.9306	 0.5135335631847413
2.9289	 0.5150013974111215
2.9272	 0.5165006872989603
2.9256	 0.5180243406636971
2.9239	 0.520755578473593
2.9223	 0.5224198056673411
2.9207	 0.524112520110253
2.919	 0.5258168548162753
2.9174	 0.5274039366218878
2.9157	 0.5291459164014969
2.9141	 0.5322558175084532
2.9124	 0.5341043132835488
2.9108	 0.53595072459234
2.9092	 0.5378514134662193
2.9075	 0.5397994268231147
2.9059	 0.5417521819611222
2.9043	 0.5435674037024251
2.9027	 0.5469575034917389
2.901	 0.5489277014185489
2.8994	 0.5509173814645736
2.8978	 0.552974894826846
2.8962	 0.555073684027417
2.8946	 0.5571506604207549
2.8929	 0.5607265645763969
2.8913	 0.5627201417190973
2.8897	 0.5648803882010542
2.8881	 0.5670253803861345
2.8865	 0.5691565530940503
2.8849	 0.5712764851792336
2.8833	 0.5733922740483727
2.8817	 0.5771894921174103
2.8801	 0.579516866815753
2.8785	 0.581860184616396
2.8769	 0.5840837685937159
2.8753	 0.586424422624368
2.8737	 0.5887993975941903
2.8721	 0.5928916134488886
2.8705	 0.5952476267346422
2.8689	 0.5976475430151602
2.8673	 0.6000881539178057
2.8658	 0.6023914955625324
2.8642	 0.6047235835526121
2.8626	 0.6070567662919762
2.861	 0.6110230469557782
2.8594	 0.613377237832473
2.8579	 0.6156913482107036
2.8563	 0.6179847672696152
2.8547	 0.6202903027579003
2.8531	 0.6225825089881795
2.8516	 0.6262927569776794
2.85	 0.6285553242483412
2.8484	 0.630814930909382
2.8469	 0.6330668472174958
2.8453	 0.6352949701285105
2.8437	 0.6375034269104386
2.8422	 0.6410749922529468
2.8406	 0.6432423754919019
2.8391	 0.6453298555705068
2.8375	 0.647480857366538
2.836	 0.6495985981368517
2.8344	 0.6516809345687059
2.8329	 0.6537452776298577
2.8313	 0.6570308129687193
2.8298	 0.6590541859090477
2.8282	 0.6610475140371505
2.8267	 0.6630445219389719
2.8252	 0.6649809792952885
2.8236	 0.6680330256402818
2.8221	 0.6699172541425682
2.8205	 0.6717781142468986
2.819	 0.6736400631214241
2.8175	 0.6755019023450193
2.8159	 0.6772933586652707
2.8144	 0.6791083861033026
2.8129	 0.6819107304646578
2.8114	 0.683697697469176
2.8098	 0.6854720242435189
2.8083	 0.6872196595650224
2.8068	 0.6889337196865765
2.8053	 0.6905961605431673
2.8038	 0.6930889619715537
2.8022	 0.6946866861859541
2.8007	 0.6962752095632768
2.7992	 0.6978695688758821
2.7977	 0.699449787840979
2.7962	 0.7010100406833011
2.7947	 0.7025408061017472
2.7932	 0.7047598270103848
2.7917	 0.7062424332199831
2.7902	 0.7076907194863884
2.7887	 0.7090986143139425
2.7872	 0.7104870870496407
2.7857	 0.7118825628637047
2.7842	 0.7139331147076272
2.7827	 0.7152725548526527
2.7812	 0.7165805663244567
2.7797	 0.7178639909183321
2.7782	 0.7191214972518923
2.7767	 0.7203439522219701
2.7752	 0.7221374142364663
2.7738	 0.7232880712734922
2.7723	 0.724404851310537
2.7708	 0.7255013770773245
2.7693	 0.726602407321385
2.7678	 0.7276690059677445
2.7664	 0.7287081131465223
2.7649	 0.7302086877478786
2.7634	 0.7311576310671972
2.7619	 0.7320907832515228
2.7605	 0.7329942761585001
2.759	 0.7338448273128911
2.7575	 0.7351394255246443
2.7561	 0.7359424707183393
2.7546	 0.7367283800529614
2.7531	 0.7374836990737107
2.7517	 0.7381690152761347
2.7502	 0.7388045932744275
2.7488	 0.7394087231476437
2.7473	 0.7403813499417373
2.7458	 0.7408805414036509
2.7444	 0.7413438890986745
2.7429	 0.7417685158747367
2.7415	 0.7421387500920873
2.74	 0.7424753646432285
2.7386	 0.7430737901534844
2.7371	 0.7433003627764497
2.7357	 0.743578751784025
2.7343	 0.7437022187300741
2.7328	 0.7437919449521838
2.7314	 0.7438200457142977
2.7299	 0.7440260780871871
2.7285	 0.7439292333395056
2.7271	 0.7437987547638326
2.7256	 0.74362589001354
2.7242	 0.7435632591418049
2.7228	 0.7432971925130072
2.7213	 0.7431929133903825
2.7199	 0.7428376156601566
2.7185	 0.7424409568144927
2.7171	 0.7419963500024569
2.7156	 0.7415208881760875
2.7142	 0.7412108516685834
2.7128	 0.7408247494037197
2.7114	 0.7402294313911878
2.71	 0.7396187298802956
2.7085	 0.7389649799131435
2.7071	 0.7382836690571384
2.7057	 0.7375670424313512
2.7043	 0.7369631791400905
2.7029	 0.7364531754701263
2.7015	 0.7356509575099499
2.7001	 0.7348104963266642
2.6987	 0.7339218712356333
2.6973	 0.7329724240241329
2.6959	 0.7321223970132889
2.6945	 0.7311491142358918
2.6931	 0.7304843579243085
2.6917	 0.7294696785689417
2.6903	 0.7283963670371637
2.6889	 0.7272864949543069
2.6875	 0.7262679467321725
2.6861	 0.7251487620409623
2.6847	 0.7240147923446417
2.6833	 0.7228290910660641
2.6819	 0.7219759341355289
2.6805	 0.7207164712581956
2.6791	 0.7193183012705417
2.6778	 0.7179025580267365
2.6764	 0.716443342190281
2.675	 0.7149428916648304
2.6736	 0.7133934569552748
2.6722	 0.7123052253654274
2.6709	 0.710809956198881
2.6695	 0.7092206291496053
2.6681	 0.7075629274059432
2.6667	 0.7058836509710636
2.6654	 0.7042391243277352
2.664	 0.7025979292623965
2.6626	 0.7009947014835552
2.6613	 0.6998628138689911
2.6599	 0.6981509175511948
2.6585	 0.6964252445566574
2.6572	 0.694705033748519
2.6558	 0.692966249056094
2.6545	 0.6912787177516243
2.6531	 0.6895344497322934
2.6517	 0.6884183063830873
2.6504	 0.6866569883832154
2.649	 0.684880468318938
2.6477	 0.6831536391084737
2.6463	 0.6813651805986781
2.645	 0.6795834233397068
2.6436	 0.6778072936587691
2.6423	 0.6767140575055482
2.6409	 0.674935676149886
2.6396	 0.6731550402538121
2.6382	 0.671432913135564
2.6369	 0.6696416566430339
2.6356	 0.6678440786091635
2.6342	 0.6660511446289294
2.6329	 0.6642604764726603
2.6315	 0.6632789518176543
2.6302	 0.6614985721012333
2.6289	 0.6597185191302708
2.6275	 0.6579312252258085
2.6262	 0.6561716701163216
2.6249	 0.6544259355327046
2.6236	 0.6534590079827278
2.6222	 0.6517653201658875
2.6209	 0.6500106011041784
2.6196	 0.6482615086296403
2.6183	 0.6465128287494266
2.6169	 0.6448214200340142
2.6156	 0.6430854420526118
2.6143	 0.6413439246067083
2.613	 0.6404475772850974
2.6117	 0.6387040510181463
2.6103	 0.6369630056414007
2.609	 0.6352335916095094
2.6077	 0.6335737450395755
2.6064	 0.6318550336112239
2.6051	 0.6301590664631616
2.6038	 0.629361922070894
2.6025	 0.6276829020749735
2.6012	 0.6260021688178925
2.5999	 0.6243758010914889
2.5986	 0.6226763382014667
2.5973	 0.6209879869661648
2.596	 0.619327476716991
2.5947	 0.6177123245937294
2.5934	 0.6170930534825514
2.5921	 0.6154567850369107
2.5908	 0.6138178116323795
2.5895	 0.6122103703093349
2.5882	 0.6106090892391159
2.5869	 0.6090105281664627
2.5856	 0.6075257578699639
2.5843	 0.6068843468216513
2.583	 0.6053139933918751
2.5817	 0.6037605828068904
2.5805	 0.6022219517175841
2.5792	 0.6006810107688162
2.5779	 0.5992787805320596
2.5766	 0.597782630641801
2.5753	 0.5972379380128072
2.5741	 0.5957621893610737
2.5728	 0.5943065624078949
2.5715	 0.5930085857826948
2.5702	 0.591590163677807
2.569	 0.5901879451044187
2.5677	 0.5887940120420655
2.5664	 0.5874110054351088
2.5651	 0.5869813778764689
2.5639	 0.585789232042412
2.5626	 0.5844559159867274
2.5613	 0.5831436535896422
2.5601	 0.5818646798452024
2.5588	 0.5806122131405105
2.5575	 0.5802897357175035
2.5563	 0.5792193847482091
2.555	 0.5779878612168927
2.5538	 0.5767690755062495
2.5525	 0.5755755846398595
2.5513	 0.5744092432383284
2.55	 0.5734476971848591
2.5487	 0.5723135633579025
2.5475	 0.5720839967572692
2.5462	 0.5709873558494901
2.545	 0.5699126096018722
2.5437	 0.5688570750686399
2.5425	 0.5680229442255615
2.5413	 0.5670136599272648
2.54	 0.5660295977837835
2.5388	 0.5659050008610098
2.5375	 0.5649440666479094
2.5363	 0.5639985991954807
2.535	 0.5632930066524293
2.5338	 0.5624013303899662
2.5326	 0.5615291170654841
2.5313	 0.5607037593133678
2.5301	 0.5606848248021173
2.5289	 0.5598956129790508
2.5276	 0.5593316367191087
2.5264	 0.5585692575873027
2.5252	 0.5578234483394108
2.5239	 0.5570897289656815
2.5227	 0.5563864650541754
2.5215	 0.5566327444984145
2.5202	 0.555962018755064
2.519	 0.5553232674646108
2.5178	 0.5547104776812205
2.5166	 0.5541077072018727
2.5154	 0.5535223860664772
2.5141	 0.5531731952909871
2.5129	 0.5532719655086985
2.5117	 0.5527427935645711
2.5105	 0.5522190816161363
2.5093	 0.5517130187645434
2.5081	 0.5514554215603003
2.5068	 0.5509683608655882
2.5056	 0.550500936145536
2.5044	 0.5506541391479046
2.5032	 0.5502187969233487
2.502	 0.5500286865186718
2.5008	 0.5496291579678784
2.4996	 0.5492418617062146
2.4984	 0.5488834047159658
2.4972	 0.5485435343316611
2.496	 0.5487436799809043
2.4948	 0.5486574248627443
2.4936	 0.5483435227760565
2.4924	 0.5480445577508231
2.4912	 0.5477748121053024
2.49	 0.5475389694167709
2.4888	 0.5475586411733566
2.4876	 0.5478215902857991
2.4864	 0.5476017969310115
2.4852	 0.5473943273564683
2.484	 0.5472010091842845
2.4828	 0.5470380865735798
2.4816	 0.5471657636735003
2.4805	 0.5474766691669519
2.4793	 0.5473822565187835
2.4781	 0.5472907319808462
2.4769	 0.5472222278501235
2.4757	 0.5474409675205347
2.4745	 0.5474147518439724
2.4734	 0.5473976661816876
2.4722	 0.5473810337127694
2.471	 0.5477032741957254
2.4698	 0.5477049321817836
2.4686	 0.5480047178084038
2.4675	 0.5480658760579109
2.4663	 0.5481204352573238
2.4651	 0.5481806417325132
2.464	 0.548249759086077
2.4628	 0.5486151816346283
2.4616	 0.5489605472130135
2.4604	 0.5490557683585457
2.4593	 0.5491660953413761
2.4581	 0.5492950503299628
2.4569	 0.5494342648702039
2.4558	 0.549841278768136
2.4546	 0.5502262534894772
2.4535	 0.5503755152963465
2.4523	 0.5505309186613462
2.4511	 0.5507045775227553
2.45	 0.5511720502885757
2.4488	 0.5513670156326472
2.4477	 0.5517698343180601
2.4465	 0.5519691937731308
2.4454	 0.5521679705344723
2.4442	 0.552638162198197
2.4431	 0.5528514778336467
2.4419	 0.5530860926440156
2.4408	 0.5533220686701468
2.4396	 0.5535597022206
2.4385	 0.5539874913861552
2.4373	 0.5545290161790255
2.4362	 0.5547886886245273
2.435	 0.5550485817994062
2.4339	 0.5553164174170848
2.4327	 0.5556037231526271
2.4316	 0.5563475725255282
2.4305	 0.5566323231037428
2.4293	 0.5569112101495047
2.4282	 0.5572042670314273
2.427	 0.5574991705202307
2.4259	 0.5580733177541698
2.4248	 0.5583682993250079
2.4236	 0.558671395575005
2.4225	 0.5591125862721757
2.4214	 0.5594220950202415
2.4202	 0.5600280755256698
2.4191	 0.5603417806759001
2.418	 0.5606552096113495
2.4169	 0.5611065538460397
2.4157	 0.5614322041703828
2.4146	 0.5617533284290315
2.4135	 0.5623654099715638
2.4124	 0.5627006602866321
2.4112	 0.5630385740563403
2.4101	 0.5633695682607157
2.409	 0.5636955627592157
2.4079	 0.5641330394908429
2.4068	 0.5647566303233418
2.4056	 0.5650981045950384
2.4045	 0.5654333187604781
2.4034	 0.5657737645113273
2.4023	 0.5663705080958533
2.4012	 0.5667105806109626
2.4001	 0.5671424600907048
2.399	 0.5674998492182511
2.3979	 0.5678557848699685
2.3967	 0.5681998739976221
2.3956	 0.5687797309803967
2.3945	 0.5691165822849964
2.3934	 0.5695432482757496
2.3923	 0.5698868250794225
2.3912	 0.5702398626626043
2.3901	 0.5708204540164374
2.389	 0.5711523149511717
2.3879	 0.5714968187529567
2.3868	 0.5718284884236966
2.3857	 0.5722123193246943
2.3846	 0.5727853495303719
2.3835	 0.5731198323663499
2.3824	 0.5734461291126002
2.3813	 0.5737638388406365
2.3802	 0.5740878383729909
2.3791	 0.5744145335575739
2.3781	 0.5750202884477762
2.377	 0.5753122891191234
2.3759	 0.5756058113521133
2.3748	 0.5758963383076596
2.3737	 0.5761755358185826
2.3726	 0.5766820327906892
2.3715	 0.5770095099361705
2.3704	 0.5772783519572806
2.3694	 0.5775365228025228
2.3683	 0.5777932596519996
2.3672	 0.5782684807613881
2.3661	 0.5785229168828715
2.365	 0.5787727903996501
2.364	 0.5790632763830882
2.3629	 0.5792995016136128
2.3618	 0.5797421260518745
2.3607	 0.5799535583318871
2.3597	 0.5801503544526252
2.3586	 0.5803471738242132
2.3575	 0.5805595972616553
2.3564	 0.5810173317890052
2.3554	 0.5812023914729947
2.3543	 0.5813882333140344
2.3532	 0.5815711561914227
2.3522	 0.5817379178053554
2.3511	 0.5818977258232992
2.35	 0.5823068282169767
2.349	 0.5824663206871914
2.3479	 0.5826236227172682
2.3468	 0.5827816056953286
2.3458	 0.5829266887903339
2.3447	 0.5832474913564724
2.3436	 0.5833733954553781
2.3426	 0.5835618558013269
2.3415	 0.5836872446444767
2.3405	 0.5838031641502621
2.3394	 0.5840868129206523
2.3384	 0.5841920727334022
2.3373	 0.5843044692200438
2.3363	 0.5844182282810936
2.3352	 0.5847559484589538
2.3342	 0.5848572697963246
2.3331	 0.5849561913632225
2.3321	 0.5850465479417
2.331	 0.585119420585468
2.33	 0.5851838372041341
2.3289	 0.5853933116271518
2.3279	 0.5855457414518697
2.3268	 0.5856123692676786
2.3258	 0.5856763158441916
2.3247	 0.5857445380881421
2.3237	 0.585951439339887
2.3226	 0.5860050400246863
2.3216	 0.5861429751101556
2.3206	 0.5861906260379004
2.3195	 0.5862213013185399
2.3185	 0.5863592989797495
2.3175	 0.5863747505986356
2.3164	 0.5863934301282522
2.3154	 0.5864083385199818
2.3144	 0.586529557344755
2.3133	 0.5866772430517041
2.3123	 0.5866816373341636
2.3113	 0.5866826577310665
2.3102	 0.5866814652793109
2.3092	 0.5866648381728181
2.3082	 0.5868616706896909
2.3071	 0.5868405545181601
2.3061	 0.5868180827483319
2.3051	 0.5867864134991276
2.3041	 0.5867508328802906
2.303	 0.5868021522608556
2.302	 0.5868733348807809
2.301	 0.586820210279706
2.3	 0.5867661833918799
2.299	 0.5867115758021721
2.2979	 0.5867454911824009
2.2969	 0.5866775028520507
2.2959	 0.5866059186145376
2.2949	 0.5866495421078322
2.2939	 0.5865630489560051
2.2929	 0.5865583887983981
2.2918	 0.586461022790355
2.2908	 0.5863544258168244
2.2898	 0.5862415616114403
2.2888	 0.5862703628978427
2.2878	 0.5862347638190902
2.2868	 0.5861149722160826
2.2858	 0.5859832349388326
2.2848	 0.5858510518946386
2.2838	 0.5857127545260948
2.2828	 0.5856320089655033
2.2818	 0.5856267718901135
2.2808	 0.585463254296203
2.2798	 0.5852939950787966
2.2787	 0.585131745457218
2.2777	 0.584915808932962
2.2767	 0.584684692304302
2.2757	 0.5846093427012682
2.2747	 0.5843708332369647
2.2738	 0.5841402011352083
2.2728	 0.5839107202164704
2.2718	 0.583679554784048
2.2708	 0.583447026893842
2.2698	 0.5832017999154745
2.2688	 0.583118235522591
2.2678	 0.5828611802701987
2.2668	 0.5826081032238303
2.2658	 0.5823533888003563
2.2648	 0.5820927947568758
2.2638	 0.5818341533649029
2.2628	 0.581570406480979
2.2618	 0.5814869951015237
2.2609	 0.5812242905894088
2.2599	 0.5809572202727877
2.2589	 0.580675379324465
2.2579	 0.5803831077196681
2.2569	 0.5800945290899949
2.2559	 0.5799909018532532
2.255	 0.5797013215452985
2.254	 0.5794057492531735
2.253	 0.5791059298442182
2.252	 0.5787978603860862
2.251	 0.5784810991488055
2.2501	 0.5783595734634771
2.2491	 0.5780422234027769
2.2481	 0.5777249434720032
2.2471	 0.5774053047944947
2.2462	 0.577082734618322
2.2452	 0.576762995094766
2.2442	 0.576638690025018
2.2433	 0.5763174114139522
2.2423	 0.5759778498528905
2.2413	 0.5756288018573433
2.2403	 0.5752789434813272
2.2394	 0.5749216802260759
2.2384	 0.5745583420322011
2.2374	 0.5744004452856356
2.2365	 0.574036989350631
2.2355	 0.573675322625561
2.2345	 0.5733149495709979
2.2336	 0.572941027800338
2.2326	 0.572554925726733
2.2317	 0.5723798219579913
2.2307	 0.5719937698377415
2.2297	 0.57161182448694
2.2288	 0.5712255527658161
2.2278	 0.5708325984132048
2.2269	 0.5704423542050642
2.2259	 0.5702687942900253
2.225	 0.5698791361541774
2.224	 0.5694896431541471
2.2231	 0.5690950379018551
2.2221	 0.5686965929816442
2.2211	 0.568295765161186
2.2202	 0.568111859201274
2.2192	 0.567700239755246
2.2183	 0.5673018804989073
2.2173	 0.5669020838149996
2.2164	 0.5664918949345188
2.2155	 0.5660829751193807
2.2145	 0.5656711519120385
2.2136	 0.5654921180413907
2.2126	 0.5650781701286424
2.2117	 0.5646600961222129
2.2107	 0.5642395838560019
2.2098	 0.5638287112786663
2.2088	 0.5634191973825526
2.2079	 0.5629990486222508
2.207	 0.5628141044342992
2.206	 0.5623885596604332
2.2051	 0.5619639790000586
2.2041	 0.5615376724621766
2.2032	 0.5611191562787861
2.2023	 0.5609465009738387
2.2013	 0.5605360937543167
2.2004	 0.5601204319628575
2.1995	 0.5597023966408095
2.1985	 0.5592851810790568
2.1976	 0.558872595999155
2.1967	 0.5584673063493563
2.1957	 0.5583035384529305
2.1948	 0.5578742948827988
2.1939	 0.5574483862551238
2.193	 0.5570328086960575
2.192	 0.5566142784991985
2.1911	 0.5561915058462392
2.1902	 0.5560275862518856
2.1893	 0.5556174303058571
2.1883	 0.5551931244470432
2.1874	 0.5547658047446825
2.1865	 0.5543478990398961
2.1856	 0.553926213735257
2.1846	 0.5537442746522031
2.1837	 0.5533021685523493
2.1828	 0.5528618903550495
2.1819	 0.552433410141463
2.181	 0.5520067465971786
2.18	 0.551573256967494
2.1791	 0.5511353712688823
2.1782	 0.5509482826367076
2.1773	 0.5505288148294155
2.1764	 0.5501147035899833
2.1755	 0.5497016509023849
2.1746	 0.5492936819301864
2.1736	 0.5488795008856575
2.1727	 0.5486955335603018
2.1718	 0.5482692802437755
2.1709	 0.5478485595144238
2.17	 0.5474324084690402
2.1691	 0.5470084703743853
2.1682	 0.5465843323482739
2.1673	 0.5463985643817836
2.1664	 0.545970403119309
2.1655	 0.5455360274137343
2.1646	 0.5451011416978262
2.1637	 0.5446663697813492
2.1628	 0.5442373455262146
2.1619	 0.5440404541313291
2.161	 0.543618562406013
2.1601	 0.5431988746881954
2.1592	 0.5427822571998417
2.1583	 0.5423570793403893
2.1574	 0.5419286274397652
2.1565	 0.5417436766798561
2.1556	 0.5413489302595451
2.1547	 0.5409444472856766
2.1538	 0.5405285874371564
2.1529	 0.5401269618627689
2.152	 0.5397471914719567
2.1511	 0.5393650185336719
2.1502	 0.5391918991801384
2.1493	 0.5388040521282571
2.1484	 0.5384239144621898
2.1475	 0.5380310451119212
2.1466	 0.5376349347020589
2.1458	 0.5372333780792865
2.1449	 0.53705272135044
2.144	 0.5366738929853972
2.1431	 0.5362941602696487
2.1422	 0.53591492453586
2.1413	 0.5355352684706687
2.1404	 0.5351441487013573
2.1396	 0.5349800280200937
2.1387	 0.5346118378651953
2.1378	 0.5342358752488147
2.1369	 0.5338535025256899
2.136	 0.5334760684174026
2.1352	 0.5333159627864325
2.1343	 0.5329228720468385
2.1334	 0.5325333253418348
2.1325	 0.5321432002378644
2.1316	 0.5317463332651694
2.1308	 0.5313603343225304
2.1299	 0.5310034458636307
2.129	 0.5308635000993709
2.1281	 0.5304833584531913
2.1273	 0.5300905912348958
2.1264	 0.5296981981035049
2.1255	 0.5293146199501828
2.1247	 0.5289387115712691
2.1238	 0.5287926691038027
2.1229	 0.5284145450727115
2.122	 0.5280391062062421
2.1212	 0.5276641702561663
2.1203	 0.5273007819956399
2.1194	 0.526965336356938
2.1186	 0.5268566887929322
2.1177	 0.5265231648538674
2.1168	 0.5261644607870012
2.116	 0.5257941236860286
2.1151	 0.5254158369030013
2.1143	 0.5250282118017412
2.1134	 0.5248615773824928
2.1125	 0.5244935536147959
2.1117	 0.5241111726849561
2.1108	 0.5237268193583731
2.11	 0.5233740204765484
2.1091	 0.5230435957308579
2.1082	 0.5229128714676432
2.1074	 0.5225670367466185
2.1065	 0.5222543764957994
2.1057	 0.5219624658495534
2.1048	 0.5216396749941444
2.104	 0.5213221172160885
2.1031	 0.5212557072372088
2.1023	 0.5209690268869062
2.1014	 0.5206628661804817
2.1005	 0.5203526872045086
2.0997	 0.52004264931832
2.0988	 0.519706318015749
2.098	 0.5195919535652852
2.0971	 0.5192983973976213
2.0963	 0.5190099982400399
2.0955	 0.5187433299510645
2.0946	 0.5184456615169943
2.0938	 0.5181549029205254
2.0929	 0.5180597825458759
2.0921	 0.5177607935822737
2.0912	 0.5174014847324551
2.0904	 0.5169373894606555
2.0895	 0.5165128704966386
2.0887	 0.5161511925933538
2.0879	 0.515964732338391
2.087	 0.5156235876760641
2.0862	 0.5152691261306727
2.0853	 0.5148360157275594
2.0845	 0.5145073790085803
2.0837	 0.5141868975813793
2.0828	 0.5139905931043608
2.082	 0.5135240436113453
2.0812	 0.5129821247436963
2.0803	 0.5128775479462959
2.0795	 0.0
