25.0442	 1.0
24.9238	 0.49979129397734046
24.8045	 0.5042623727208145
24.6864	 0.5099111215062566
24.5694	 0.508383112573226
24.4536	 0.5023681807806437
24.3388	 0.5015279271122177
24.225	 0.5045724415430936
24.1124	 0.5068580808502351
24.0007	 0.5061823589348168
23.8901	 0.5040831881533101
23.7805	 0.5032027892645747
23.6719	 0.5068967353677372
23.5643	 0.5090837178642057
23.4577	 0.502287761131592
23.352	 0.5016648168701443
23.2473	 0.5031680761372747
23.1435	 0.5008731381612738
23.0407	 0.503610154356423
22.9387	 0.5049620548744892
22.8377	 0.5036211839259669
22.7375	 0.5014221810116907
22.6382	 0.5005442193892231
22.5398	 0.5003617493700572
22.4422	 0.5012028369501539
22.3455	 0.49911739299172475
22.2496	 0.4972488563013097
22.1545	 0.5003975945529546
22.0602	 0.5063825572325332
21.9668	 0.5099073502161829
21.8741	 0.5085000183058542
21.7822	 0.5068250331604969
21.691	 0.5064389998923845
21.6007	 0.5063795003020933
21.511	 0.5053721682847897
21.4221	 0.5027063837781351
21.334	 0.49858057856087085
21.2465	 0.4940145159770007
21.1598	 0.48973876150069134
21.0738	 0.4840362250224586
20.9885	 0.47633856645059763
20.9038	 0.4679209125869146
20.8199	 0.4618872813647161
20.7366	 0.45950427277751793
20.654	 0.45741997477628965
20.572	 0.45919249407767515
20.4907	 0.46957456791497265
20.41	 0.48511322749075636
20.33	 0.4969283799480616
20.2506	 0.5
20.1718	 0.5
20.0936	 0.5
20.016	 0.5
19.9391	 0.5
19.8627	 0.5
19.7869	 0.5
19.7116	 0.5
19.637	 0.5
19.5628	 0.5
19.4893	 0.5
19.4163	 0.5
19.3439	 0.5
19.2719	 0.5
19.2006	 0.5
19.1297	 0.5
19.0594	 0.5
18.9896	 0.5
18.9203	 0.5
18.8515	 0.5
18.7832	 0.5
18.7153	 0.5
18.648	 0.49999999999999994
18.5812	 0.49999999999999994
18.5148	 0.49999999999999994
18.4489	 0.5
18.3835	 0.5
18.3185	 0.5
18.2541	 0.5
18.19	 0.5
18.1264	 0.5
18.0633	 0.5
18.0005	 0.5
17.9382	 0.5
17.8764	 0.5
17.815	 0.5
17.7539	 0.5
17.6934	 0.5
17.6332	 0.5
17.5734	 0.5
17.514	 0.5
17.4551	 0.5
17.3965	 0.5
17.3383	 0.5
17.2805	 0.5
17.2231	 0.5
17.1661	 0.5
17.1094	 0.5
17.0531	 0.5
16.9972	 0.5
16.9417	 0.5
16.8865	 0.5
16.8317	 0.5
16.7772	 0.5
16.7231	 0.5
16.6693	 0.5
16.6159	 0.5
16.5628	 0.5
16.51	 0.5
16.4576	 0.5
16.4055	 0.5
16.3538	 0.5
16.3024	 0.5
16.2513	 0.5
16.2005	 0.5
16.15	 0.5
16.0998	 0.5
16.05	 0.5
16.0005	 0.5
15.9513	 0.5
15.9023	 0.5
15.8537	 0.5
15.8054	 0.5
15.7573	 0.5
15.7096	 0.5
15.6621	 0.5
15.6149	 0.5
15.568	 0.5
15.5214	 0.5
15.4751	 0.5
15.429	 0.5
15.3832	 0.5
15.3377	 0.5
15.2925	 0.5
15.2475	 0.5
15.2028	 0.5
15.1583	 0.5
15.1141	 0.5
15.0702	 0.5
15.0265	 0.5
14.9831	 0.5
14.9399	 0.5
14.897	 0.5
14.8543	 0.5
14.8119	 0.5
14.7697	 0.5
14.7277	 0.5
14.686	 0.5
14.6445	 0.5
14.6033	 0.5
14.5622	 0.5
14.5214	 0.5
14.4809	 0.5
14.4405	 0.5
14.4004	 0.5
14.3605	 0.5
14.3209	 0.5
14.2814	 0.5
14.2422	 0.5
14.2032	 0.5
14.1643	 0.5
14.1258	 0.5
14.0874	 0.5
14.0492	 0.5
14.0112	 0.5
13.9734	 0.5
13.9359	 0.5
13.8985	 0.5
13.8614	 0.5
13.8244	 0.5
13.7876	 0.5
13.7511	 0.5
13.7147	 0.5
13.6785	 0.5
13.6425	 0.5
13.6067	 0.5
13.5711	 0.5
13.5356	 0.5
13.5004	 0.5
13.4653	 0.5
13.4304	 0.5
13.3957	 0.5
13.3612	 0.5
13.3269	 0.5
13.2927	 0.5
13.2587	 0.5
13.2249	 0.5000000000000001
13.1912	 0.5000000000000001
13.1577	 0.5000000000000001
13.1244	 0.5000000000000001
13.0913	 0.5000000000000001
13.0583	 0.5000000000000001
13.0255	 0.5
12.9929	 0.5
12.9604	 0.5
12.9281	 0.5
12.8959	 0.5
12.8639	 0.5
12.8321	 0.5
12.8004	 0.5
12.7688	 0.5
12.7375	 0.5
12.7063	 0.5
12.6752	 0.5
12.6443	 0.5
12.6135	 0.5
12.5829	 0.5
12.5524	 0.5
12.5221	 0.5
12.4919	 0.5
12.4619	 0.5
12.432	 0.5
12.4023	 0.5
12.3727	 0.5
12.3432	 0.5
12.3139	 0.5
12.2847	 0.5
12.2557	 0.5
12.2268	 0.5
12.198	 0.5
12.1694	 0.5
12.1409	 0.5
12.1125	 0.5
12.0843	 0.5
12.0562	 0.5
12.0282	 0.5
12.0004	 0.5
11.9726	 0.5
11.945	 0.5
11.9176	 0.5
11.8903	 0.5
11.8631	 0.5
11.836	 0.5
11.809	 0.5
11.7822	 0.5
11.7555	 0.5
11.7289	 0.5
11.7024	 0.5
11.676	 0.5
11.6498	 0.5
11.6237	 0.5
11.5977	 0.5
11.5718	 0.5
11.546	 0.5
11.5203	 0.5
11.4948	 0.5
11.4694	 0.5
11.444	 0.5
11.4188	 0.5
11.3937	 0.5
11.3688	 0.5
11.3439	 0.5
11.3191	 0.5
11.2944	 0.5
11.2699	 0.5
11.2455	 0.5
11.2211	 0.5
11.1969	 0.5
11.1727	 0.5
11.1487	 0.5
11.1248	 0.5
11.101	 0.5
11.0773	 0.5
11.0536	 0.5
11.0301	 0.5
11.0067	 0.5
10.9834	 0.5
10.9602	 0.5
10.937	 0.5
10.914	 0.5
10.8911	 0.5
10.8682	 0.5
10.8455	 0.5
10.8229	 0.5
10.8003	 0.5
10.7779	 0.5
10.7555	 0.5
10.7332	 0.5
10.7111	 0.5
10.689	 0.5
10.667	 0.5
10.6451	 0.5
10.6233	 0.5
10.6015	 0.5
10.5799	 0.5
10.5584	 0.5
10.5369	 0.5
10.5155	 0.5
10.4942	 0.5
10.473	 0.5
10.4519	 0.5
10.4309	 0.5
10.4099	 0.5
10.3891	 0.5
10.3683	 0.5
10.3476	 0.500148703667987
10.327	 0.5007029494474384
10.3065	 0.5016869589149848
10.286	 0.5031109464879955
10.2656	 0.5063937864697408
10.2454	 0.5087302572144836
10.2251	 0.5114674589620429
10.205	 0.5145752643334297
10.185	 0.5180357746076771
10.165	 0.5216979159287313
10.1451	 0.5252098765369315
10.1253	 0.5283395366869608
10.1056	 0.5310401295534863
10.0859	 0.5333102786790487
10.0663	 0.5356764966060864
10.0468	 0.5373789952693714
10.0274	 0.5386623368478061
10.008	 0.539497640702327
9.9887	 0.5399202905698927
9.9695	 0.5399926643586234
9.9504	 0.5398270930646153
9.9313	 0.5395796258832668
9.9123	 0.5392500928810265
9.8934	 0.5388801524092955
9.8746	 0.5384869783198961
9.8558	 0.5380803595899797
9.8371	 0.537646181045529
9.8185	 0.5372502693304605
9.7999	 0.5384377938566748
9.7814	 0.5379850016302576
9.763	 0.5374694714609534
9.7447	 0.5369249214278018
9.7264	 0.5363970362683368
9.7082	 0.5358659856496254
9.69	 0.535272746876749
9.6719	 0.5345989405234495
9.6539	 0.5338356836212048
9.636	 0.5329698539073149
9.6181	 0.5319616028667967
9.6003	 0.532392470582316
9.5825	 0.531124810594267
9.5649	 0.5297898457306052
9.5472	 0.528393995207902
9.5297	 0.526934473015033
9.5122	 0.5254450811250353
9.4948	 0.5239877320111873
9.4774	 0.5225949733771071
9.4601	 0.521288473232739
9.4429	 0.5201063385952825
9.4257	 0.5191020845291798
9.4086	 0.5183041220848512
9.3916	 0.518479268505221
9.3746	 0.5180169906482525
9.3577	 0.5176164918782761
9.3408	 0.517206222418865
9.324	 0.5167303862554014
9.3073	 0.5160766702287392
9.2906	 0.5151398554911347
9.274	 0.5138911165226062
9.2574	 0.5122766572538284
9.2409	 0.5102283587298745
9.2245	 0.5076939564654337
9.2081	 0.5046325305847544
9.1918	 0.5017228431700315
9.1755	 0.4976778882422675
9.1593	 0.4932083968911164
9.1431	 0.4884277083707882
9.127	 0.48340966461393187
9.111	 0.4782791318853326
9.095	 0.47316783523376515
9.0791	 0.46817744581146686
9.0632	 0.4633856195388989
9.0474	 0.458906863587331
9.0316	 0.4528230867827041
9.0159	 0.4494716182963364
9.0003	 0.4467341754552152
8.9847	 0.44468684025334265
8.9691	 0.4433690185491167
8.9536	 0.4427515165146604
8.9382	 0.44281103826171125
8.9228	 0.4434958890033159
8.9075	 0.44473895092884375
8.8922	 0.44648242993423903
8.877	 0.44863375862572674
8.8618	 0.4511253818816634
8.8467	 0.4538176525076088
8.8316	 0.4540400303789718
8.8166	 0.4567879378592883
8.8016	 0.4595388246296106
8.7867	 0.46218523417597496
8.7718	 0.4646386999853286
8.757	 0.4668290388334291
8.7422	 0.46872529247369116
8.7275	 0.47034520180387646
8.7129	 0.4717342198998513
8.6982	 0.4721284091627729
8.6837	 0.4730946632392426
8.6692	 0.47386527167822334
8.6547	 0.4744636123856305
8.6403	 0.47495789865056975
8.6259	 0.4753541487617549
8.6116	 0.47562808927279715
8.5973	 0.47582861576482083
8.583	 0.4759777725832545
8.5688	 0.47608872464932156
8.5547	 0.4762218873875316
8.5406	 0.4763783200130496
8.5266	 0.4764945833549877
8.5126	 0.47654579554828386
8.4986	 0.47564751560426605
8.4847	 0.4756252249010435
8.4708	 0.4755854311802809
8.457	 0.4756235742955248
8.4432	 0.4757464255836896
8.4295	 0.47596077912744994
8.4158	 0.47629778447871296
8.4022	 0.47679824988178976
8.3886	 0.4779186532164964
8.375	 0.4794757957443453
8.3615	 0.4815080169522181
8.3481	 0.4840170692135558
8.3347	 0.4870409077086891
8.3213	 0.49058550242787
8.3079	 0.49466167774031056
8.2946	 0.4992056368448823
8.2814	 0.5041227468353175
8.2682	 0.5092821380107784
8.255	 0.5145170512822397
8.2419	 0.519722912723617
8.2288	 0.524733230189354
8.2158	 0.5293416858819173
8.2028	 0.5324553230381687
8.1898	 0.5353749671136941
8.1769	 0.5370753924411813
8.164	 0.5373247134322482
8.1512	 0.5336265270936968
8.1384	 0.5312187973022863
8.1256	 0.5279619909021898
8.1129	 0.5238598153496364
8.1002	 0.5189151535092857
8.0876	 0.5132056399189469
8.075	 0.5068117473947789
8.0624	 0.4999206815218429
8.0499	 0.49268604547796574
8.0374	 0.48534541514660223
8.025	 0.4781886263564651
8.0126	 0.47161150835451915
8.0002	 0.46606136095659273
7.9879	 0.46188954088532685
7.9756	 0.4594023807662107
7.9634	 0.45889059351688605
7.9512	 0.46100264282085135
7.939	 0.4621743681951518
7.9268	 0.4636767178015224
7.9147	 0.4655198738831528
7.9027	 0.46771758862663254
7.8906	 0.4702604701093144
7.8786	 0.47312633438442325
7.8667	 0.47628701185905986
7.8548	 0.4797005476964609
7.8429	 0.48328538928893716
7.831	 0.4869087270721192
7.8192	 0.49042545438296514
7.8075	 0.49364609641168883
7.7957	 0.4963722643494477
7.784	 0.4984429142077613
7.7723	 0.49969659866136484
7.7607	 0.5
7.7491	 0.5
7.7375	 0.5
7.726	 0.5
7.7145	 0.5
7.7031	 0.5
7.6916	 0.5
7.6802	 0.5
7.6689	 0.5
7.6575	 0.5
7.6462	 0.5
7.635	 0.5
7.6238	 0.5
7.6126	 0.5
7.6014	 0.5
7.5903	 0.5
7.5792	 0.5
7.5681	 0.5
7.5571	 0.5
7.5461	 0.5
7.5351	 0.5
7.5242	 0.5
7.5133	 0.5
7.5024	 0.5
7.4916	 0.5
7.4807	 0.5
7.47	 0.5
7.4592	 0.5
7.4485	 0.5
7.4378	 0.5
7.4272	 0.5
7.4165	 0.5
7.4059	 0.5
7.3954	 0.5
7.3848	 0.5
7.3743	 0.5
7.3639	 0.5
7.3534	 0.5
7.343	 0.5
7.3326	 0.5
7.3223	 0.5
7.3119	 0.5
7.3016	 0.5
7.2914	 0.5
7.2811	 0.5
7.2709	 0.5
7.2607	 0.5
7.2506	 0.5
7.2404	 0.5
7.2303	 0.5
7.2203	 0.5
7.2102	 0.5
7.2002	 0.5
7.1902	 0.5
7.1803	 0.5
7.1703	 0.5
7.1604	 0.5
7.1506	 0.5
7.1407	 0.5
7.1309	 0.5
7.1211	 0.5
7.1113	 0.5
7.1016	 0.5
7.0919	 0.5
7.0822	 0.5
7.0725	 0.5
7.0629	 0.5
7.0533	 0.5
7.0437	 0.5
7.0341	 0.5
7.0246	 0.5
7.0151	 0.5
7.0056	 0.5
6.9962	 0.5
6.9867	 0.5
6.9773	 0.5
6.9679	 0.5
6.9586	 0.5
6.9493	 0.5
6.94	 0.5
6.9307	 0.5
6.9214	 0.5
6.9122	 0.5
6.903	 0.5
6.8938	 0.5
6.8847	 0.5
6.8755	 0.5
6.8664	 0.5
6.8573	 0.5
6.8483	 0.5
6.8393	 0.5
6.8302	 0.5
6.8213	 0.5
6.8123	 0.49999999999999994
6.8034	 0.49999999999999994
6.7944	 0.49999999999999994
6.7855	 0.49999999999999994
6.7767	 0.49999999999999994
6.7678	 0.49999999999999994
6.759	 0.49999999999999994
6.7502	 0.49999999999999994
6.7414	 0.49999999999999994
6.7327	 0.49999999999999994
6.7239	 0.49999999999999994
6.7152	 0.49999999999999994
6.7065	 0.49999999999999994
6.6979	 0.49999999999999994
6.6892	 0.49999999999999994
6.6806	 0.49999999999999994
6.672	 0.5
6.6634	 0.5
6.6549	 0.5
6.6464	 0.5
6.6378	 0.5
6.6294	 0.5
6.6209	 0.5
6.6124	 0.5
6.604	 0.5
6.5956	 0.5
6.5872	 0.5
6.5789	 0.5
6.5705	 0.5
6.5622	 0.5
6.5539	 0.5
6.5456	 0.5
6.5374	 0.5
6.5292	 0.5
6.5209	 0.5
6.5128	 0.5
6.5046	 0.5
6.4964	 0.5
6.4883	 0.5
6.4802	 0.5
6.4721	 0.5
6.464	 0.5
6.456	 0.5
6.448	 0.5
6.4399	 0.5
6.432	 0.5
6.424	 0.5
6.416	 0.5
6.4081	 0.5000000000000001
6.4002	 0.5000000000000001
6.3923	 0.5000000000000001
6.3844	 0.5000000000000001
6.3766	 0.5000000000000001
6.3687	 0.5000000000000001
6.3609	 0.5000000000000001
6.3531	 0.5000000000000001
6.3454	 0.5000000000000001
6.3376	 0.5000000000000001
6.3299	 0.5000000000000001
6.3221	 0.5000000000000001
6.3144	 0.5000000000000001
6.3068	 0.5000000000000001
6.2991	 0.5000000000000001
6.2914	 0.5000000000000001
6.2838	 0.5000000000000001
6.2762	 0.5000000000000001
6.2686	 0.5000000000000001
6.2611	 0.5000000000000001
6.2535	 0.5000000000000001
6.246	 0.5000000000000001
6.2385	 0.5000000000000001
6.231	 0.5000000000000001
6.2235	 0.5000000000000001
6.216	 0.5000000000000001
6.2086	 0.5
6.2011	 0.5
6.1937	 0.5
6.1863	 0.5
6.179	 0.5
6.1716	 0.5
6.1643	 0.5
6.157	 0.5
6.1496	 0.5
6.1424	 0.5
6.1351	 0.5
6.1278	 0.5
6.1206	 0.5
6.1134	 0.5
6.1062	 0.5
6.099	 0.5
6.0918	 0.5
6.0847	 0.5
6.0776	 0.5
6.0704	 0.5
6.0633	 0.5
6.0563	 0.5
6.0492	 0.5
6.0421	 0.5
6.0351	 0.5
6.0281	 0.5
6.0211	 0.5
6.0141	 0.5
6.0071	 0.5
6.0002	 0.5
5.9932	 0.5
5.9863	 0.5
5.9794	 0.5
5.9725	 0.5
5.9657	 0.5
5.9588	 0.5
5.952	 0.5
5.9451	 0.5
5.9383	 0.5
5.9315	 0.5
5.9247	 0.5000161728177872
5.918	 0.500074721743489
5.9112	 0.5001703949244911
5.9045	 0.5002915508760954
5.8978	 0.5004375729009246
5.8911	 0.5005991496505492
5.8844	 0.5007750931963676
5.8777	 0.5011183168585484
5.8711	 0.5013156230243441
5.8644	 0.5015150072066556
5.8578	 0.5017131159007512
5.8512	 0.5019099519574617
5.8446	 0.5021010607200577
5.838	 0.5022864551920972
5.8314	 0.5024633660889994
5.8249	 0.5026295873298393
5.8184	 0.5027834732257678
5.8118	 0.5029250465702865
5.8053	 0.5030515530029968
5.7988	 0.5031496995165032
5.7924	 0.5032245118404816
5.7859	 0.5031763573227548
5.7794	 0.5031763573227548
5.773	 0.5031763573227548
5.7666	 0.5031763573227548
5.7602	 0.5031763573227548
5.7538	 0.5031763573227548
5.7474	 0.5031763573227548
5.741	 0.5031763573227548
5.7347	 0.5031763573227548
5.7283	 0.503161386398778
5.722	 0.503091000730235
5.7157	 0.5029438122894597
5.7094	 0.5027357963112278
5.7031	 0.5023955914256404
5.6969	 0.5021039134652675
5.6906	 0.501783524006705
5.6844	 0.5014387248737536
5.6782	 0.5011076328010015
5.6719	 0.5007354382835273
5.6657	 0.5003510878586437
5.6596	 0.4999655679929727
5.6534	 0.4995822347443604
5.6472	 0.4992052918020189
5.6411	 0.4988392053869438
5.6349	 0.49848660474125733
5.6288	 0.49816968002908174
5.6227	 0.49794543191931795
5.6166	 0.4977552509995034
5.6106	 0.49762134409572534
5.6045	 0.49756690391498104
5.5984	 0.4976010817234929
5.5924	 0.49772181870348964
5.5864	 0.4980482574016016
5.5804	 0.49836124118142144
5.5744	 0.49872547298308684
5.5684	 0.49913638788787085
5.5624	 0.4995962884898076
5.5564	 0.5001129933801819
5.5505	 0.5006906884289578
5.5445	 0.5013319663645558
5.5386	 0.502668893278504
5.5327	 0.5035186523636453
5.5268	 0.5044702783470675
5.5209	 0.5055528083531882
5.5151	 0.5067588238166955
5.5092	 0.5080858808731881
5.5033	 0.5094802409162364
5.4975	 0.5110128162458406
5.4917	 0.5126592101483677
5.4859	 0.5144150821536221
5.4801	 0.5162739309596736
5.4743	 0.5182295853523515
5.4685	 0.5202789538351134
5.4628	 0.5237471267565573
5.457	 0.5259777895012415
5.4513	 0.5282738789541087
5.4455	 0.5306223776341131
5.4398	 0.5330239302197742
5.4341	 0.5354581857571179
5.4284	 0.5378956177638422
5.4228	 0.5401926963846739
5.4171	 0.5425970791922365
5.4114	 0.5449703261232488
5.4058	 0.5472967591280039
5.4002	 0.5495497183801947
5.3945	 0.5517299201471254
5.3889	 0.5549770050316772
5.3833	 0.5569537593364741
5.3778	 0.5588643090910593
5.3722	 0.5607066626050219
5.3666	 0.562480141489926
5.3611	 0.5641748681331907
5.3555	 0.5657821576254348
5.35	 0.567296615002529
5.3445	 0.5687141289073683
5.339	 0.5701666815102778
5.3335	 0.5713788680988858
5.328	 0.5724743068596098
5.3225	 0.5742061625833217
5.3171	 0.5750321425020403
5.3116	 0.5757290819377605
5.3062	 0.5762977042627722
5.3008	 0.5767466748849429
5.2954	 0.5770653775438617
5.29	 0.577255170680774
5.2846	 0.5773210376944913
5.2792	 0.577272193753677
5.2738	 0.5771153046432397
5.2684	 0.5768587162788912
5.2631	 0.5771362505161545
5.2578	 0.5767568520494549
5.2524	 0.5771375438963354
5.2471	 0.5766387181125894
5.2418	 0.5760874222149366
5.2365	 0.575486539405134
5.2312	 0.5748599642607302
5.226	 0.5742252123802624
5.2207	 0.573595399279693
5.2154	 0.5729747215996633
5.2102	 0.5723779206427289
5.205	 0.5718205337300178
5.1998	 0.5713107526908655
5.1945	 0.5708513678640577
5.1893	 0.5727292215307589
5.1842	 0.5724293969334193
5.179	 0.5721881923744669
5.1738	 0.5720110222657343
5.1686	 0.5719045252311066
5.1635	 0.5718705395543896
5.1584	 0.57191505628691
5.1532	 0.5720370249189844
5.1481	 0.5722371530750885
5.143	 0.5725216222729578
5.1379	 0.5728952598829313
5.1328	 0.5733520640900395
5.1277	 0.5753774124668796
5.1227	 0.5771225080409473
5.1176	 0.5778212703981482
5.1126	 0.5785918551584255
5.1075	 0.5794355781016024
5.1025	 0.5803385421085464
5.0975	 0.5812975017574485
5.0925	 0.5823148521616949
5.0875	 0.5833816928410617
5.0825	 0.5844881442241987
5.0775	 0.5856248658838022
5.0726	 0.5867823741764676
5.0676	 0.5894367777251236
5.0627	 0.5905865560737809
5.0577	 0.5917297183571437
5.0528	 0.593582822106069
5.0479	 0.5946771439295541
5.043	 0.595742649191895
5.038	 0.5967758118331492
5.0332	 0.5977683473659289
5.0283	 0.5987087620569194
5.0234	 0.5995887780497217
5.0185	 0.6004058489780173
5.0137	 0.601155318992203
5.0088	 0.6028920679962531
5.004	 0.6034443265641385
4.9992	 0.6039103113252838
4.9944	 0.6042878834110194
4.9896	 0.605278940891432
4.9848	 0.6054891696431145
4.98	 0.6056060676605576
4.9752	 0.605626758771072
4.9704	 0.6055470496303307
4.9657	 0.605364278632857
4.9609	 0.6050772124377867
4.9562	 0.6046879860035912
4.9514	 0.6047945864223082
4.9467	 0.6041684240116295
4.942	 0.6034325907044845
4.9373	 0.6025881820661821
4.9326	 0.6016396781049002
4.9279	 0.6015699295713134
4.9232	 0.6004431932656404
4.9186	 0.5992147072805301
4.9139	 0.5978879658862173
4.9092	 0.5964665650705989
4.9046	 0.5949552545057523
4.9	 0.5933611445923718
4.8953	 0.5919738259100854
4.8907	 0.5902026789597856
4.8861	 0.5883621633595613
4.8815	 0.5864597604928978
4.8769	 0.5845026420468562
4.8723	 0.5824966991951666
4.8678	 0.5816770930715799
4.8632	 0.5796054167791793
4.8586	 0.5775044870633289
4.8541	 0.5753762335055608
4.8495	 0.5732253457077162
4.845	 0.5712152630456179
4.8405	 0.5690351866238225
4.836	 0.5668519255100305
4.8315	 0.5646734420315274
4.827	 0.5625082743028704
4.8225	 0.5603598949495038
4.818	 0.5582302649095356
4.8135	 0.5561242907975947
4.809	 0.555326669482724
4.8046	 0.5532710936403201
4.8001	 0.5512487115638484
4.7957	 0.5493829208424917
4.7913	 0.5474406047337472
4.7868	 0.5455395118126032
4.7824	 0.5436818374741414
4.778	 0.5418721799860606
4.7736	 0.5401136325457745
4.7692	 0.5384092951028757
4.7648	 0.5367601643557928
4.7605	 0.5351662795353769
4.7561	 0.5336284081461562
4.7517	 0.5332497950761252
4.7474	 0.5319709276655507
4.7431	 0.5306003706122794
4.7387	 0.5292973728267272
4.7344	 0.5280611130616115
4.7301	 0.5268928198012922
4.7258	 0.5257934128074058
4.7215	 0.5247633351163289
4.7172	 0.5238040755152338
4.7129	 0.5229167804242824
4.7086	 0.5221018898329184
4.7043	 0.5213591271416734
4.7	 0.5209634240105645
4.6958	 0.5210702666892633
4.6915	 0.5205197262234335
4.6873	 0.5200388888040194
4.6831	 0.5196263976520981
4.6788	 0.5192833386720188
4.6746	 0.5190058607228131
4.6704	 0.5187927806841326
4.6662	 0.5186433330303176
4.662	 0.518554944182307
4.6578	 0.5185250712708036
4.6536	 0.518978684142019
4.6495	 0.5190783191450035
4.6453	 0.5195913322384905
4.6411	 0.5197738589273654
4.637	 0.5200106683845673
4.6328	 0.520299637597304
4.6287	 0.5206357477428443
4.6246	 0.521015371007849
4.6205	 0.5214388647206264
4.6163	 0.5219068804712631
4.6122	 0.5224177575153305
4.6081	 0.523544246664476
4.604	 0.5241458936224385
4.6	 0.5247834060936001
4.5959	 0.5256420282775833
4.5918	 0.5263386054910867
4.5877	 0.5270687031050583
4.5837	 0.5278317903203055
4.5796	 0.5286268451762677
4.5756	 0.529449493507687
4.5716	 0.5302977373839232
4.5675	 0.5311703068914538
4.5635	 0.5327896580253945
4.5595	 0.5337214952176312
4.5555	 0.534674163068897
4.5515	 0.5356470127708874
4.5475	 0.5367592603808458
4.5435	 0.5377620372316834
4.5395	 0.5387797135372944
4.5356	 0.5398100899635385
4.5316	 0.5408525901651066
4.5276	 0.5419036217669493
4.5237	 0.54296240055574
4.5197	 0.5448441367021627
4.5158	 0.5459218855163742
4.5119	 0.5470004571047967
4.508	 0.5480781068043863
4.504	 0.5491528919722755
4.5001	 0.5503548453862779
4.4962	 0.5514236911569257
4.4923	 0.5524887952586022
4.4884	 0.553549033070649
4.4846	 0.5546011940231366
4.4807	 0.5564851300507251
4.4768	 0.557512958127975
4.473	 0.558526528021962
4.4691	 0.559523702333992
4.4652	 0.5605022636527703
4.4614	 0.5614658226728568
4.4576	 0.5624168292451349
4.4537	 0.5635608593845983
4.4499	 0.5644886919297695
4.4461	 0.5653990955117763
4.4423	 0.5671216805408805
4.4385	 0.5679888425110545
4.4347	 0.5688328869231779
4.4309	 0.5696533983396819
4.4271	 0.5704516918373731
4.4233	 0.5712264375020074
4.4196	 0.5719744630312159
4.4158	 0.5726949631561289
4.412	 0.573389818937135
4.4083	 0.5743792352227763
4.4045	 0.5758184575508948
4.4008	 0.5764363810910869
4.3971	 0.5770243615208379
4.3934	 0.5775817013603319
4.3896	 0.578107928572594
4.3859	 0.5786021943413714
4.3822	 0.5790657063675927
4.3785	 0.5794972857255015
4.3748	 0.5798983441226097
4.3711	 0.5802684507306107
4.3674	 0.5806051259944245
4.3638	 0.5820804384180986
4.3601	 0.5823588732960129
4.3564	 0.5826070170512826
4.3528	 0.582823586459117
4.3491	 0.5830085131219908
4.3455	 0.583163025068651
4.3418	 0.5832866160256346
4.3382	 0.5833801032913544
4.3346	 0.5834433926778355
4.331	 0.5834773220966095
4.3273	 0.5841318602055738
4.3237	 0.5841038924494893
4.3201	 0.5846234103650291
4.3165	 0.5845493670791991
4.3129	 0.5844492026656934
4.3094	 0.5843243999659223
4.3058	 0.5841771981412572
4.3022	 0.5840077402881708
4.2986	 0.5838173794873723
4.2951	 0.583602817977956
4.2915	 0.5839409801548353
4.288	 0.5836731641211291
4.2844	 0.5833833907212784
4.2809	 0.583735941336019
4.2774	 0.5834163657296267
4.2738	 0.5830797015325918
4.2703	 0.582728143639403
4.2668	 0.5823638788239032
4.2633	 0.5819855100334292
4.2598	 0.5815867630705298
4.2563	 0.5816703457573947
4.2528	 0.5812183060893727
4.2493	 0.5807470279820118
4.2458	 0.5802570148828273
4.2424	 0.5804682117729488
4.2389	 0.5799481345362603
4.2354	 0.57941194026047
4.232	 0.5788598653725957
4.2285	 0.5782910754060302
4.2251	 0.5777063765085946
4.2216	 0.5775205079914262
4.2182	 0.5768967497018912
4.2148	 0.5762579582734775
4.2113	 0.5756022857176424
4.2079	 0.5749305798131367
4.2045	 0.5749890135853097
4.2011	 0.5742870290807018
4.1977	 0.5735699825169059
4.1943	 0.5728390703345556
4.1909	 0.5720946670870537
4.1875	 0.5716265240096804
4.1841	 0.5708497711039304
4.1808	 0.5700643657719655
4.1774	 0.5692703722673125
4.174	 0.5684702423917863
4.1707	 0.5676658184117588
4.1673	 0.5668577280731154
4.164	 0.5667787988730519
4.1606	 0.5659608503209244
4.1573	 0.5653718066331809
4.154	 0.5645457448285472
4.1506	 0.563719269218489
4.1473	 0.5628924559154419
4.144	 0.5620653063289888
4.1407	 0.5612375627295524
4.1374	 0.5604093499169985
4.1341	 0.5595799168605549
4.1308	 0.5587482493635252
4.1275	 0.5586101749425522
4.1242	 0.557953946721275
4.1209	 0.5571030322054631
4.1177	 0.5562493517364709
4.1144	 0.5553931752030016
4.1111	 0.5545345790795163
4.1079	 0.5536726798918546
4.1046	 0.5528067197620098
4.1014	 0.5519376617051345
4.0981	 0.5510648889004219
4.0949	 0.5501903905328156
4.0917	 0.5500795550234279
4.0884	 0.5491879064791221
4.0852	 0.5482933472244231
4.082	 0.5473975499108802
4.0788	 0.5464979466366489
4.0756	 0.5455944762801891
4.0724	 0.5446870858665651
4.0692	 0.5437741887683133
4.066	 0.542856869977936
4.0628	 0.5419935001069986
4.0596	 0.5410697193828135
4.0565	 0.5407468849573955
4.0533	 0.5398196166667791
4.0501	 0.5388932913682613
4.047	 0.5379684649555877
4.0438	 0.5370451010459222
4.0406	 0.5361239874078487
4.0375	 0.5352059398022455
4.0344	 0.5342905132036215
4.0312	 0.5333753187665473
4.0281	 0.5324648241752771
4.025	 0.5315592304347357
4.0218	 0.5311954007501396
4.0187	 0.5302952107738754
4.0156	 0.5294020602498246
4.0125	 0.5285181531333795
4.0094	 0.5276442114161958
4.0063	 0.5267813055228213
4.0032	 0.5258696277145374
4.0001	 0.5250247322979179
3.997	 0.5241912090699872
3.994	 0.5233687840495372
3.9909	 0.5225574402706905
3.9878	 0.522222820297513
3.9847	 0.5214203999394904
3.9817	 0.5206231089931375
3.9786	 0.5198298470577803
3.9756	 0.5189157523998944
3.9725	 0.5181186561754644
3.9695	 0.5173211686337078
3.9665	 0.5165237307109497
3.9634	 0.5157246234801288
3.9604	 0.5149232786364575
3.9574	 0.5145180256068187
3.9544	 0.5137024832790354
3.9513	 0.5128811535647453
3.9483	 0.5118695768177196
3.9453	 0.5110325194084051
3.9423	 0.5101910618207737
3.9393	 0.5093463315760276
3.9363	 0.508499543904114
3.9333	 0.5076532299168526
3.9304	 0.506807609857118
3.9274	 0.5059635745290774
3.9244	 0.5054452018137527
3.9214	 0.5043570927161131
3.9185	 0.5035054747492312
3.9155	 0.502655713532955
3.9126	 0.5018082592362468
3.9096	 0.5009632603318662
3.9067	 0.5001210036189392
3.9037	 0.4992803807453216
3.9008	 0.4984430167672796
3.8979	 0.4976082081080102
3.8949	 0.4964834201114434
3.892	 0.4958955171293166
3.8891	 0.4950560518105395
3.8862	 0.49421986981419025
3.8833	 0.4933850903991733
3.8804	 0.4925525901760259
3.8775	 0.4917233864755938
3.8746	 0.49089725151516245
3.8717	 0.49007454761383257
3.8688	 0.48890935079315095
3.8659	 0.488087526234511
3.863	 0.48744264724989395
3.8601	 0.48661887568485795
3.8573	 0.48579716705479226
3.8544	 0.48497804427139507
3.8515	 0.4841613224292776
3.8487	 0.4833469684939235
3.8458	 0.4825348718679471
3.843	 0.48133144874110306
3.8401	 0.48051644914406444
3.8373	 0.47970242349674264
3.8344	 0.47899865727002483
3.8316	 0.47817758797035287
3.8288	 0.4773554009167756
3.8259	 0.47653230292255044
3.8231	 0.4757075669799234
3.8203	 0.47488240095670775
3.8175	 0.473614502935497
3.8147	 0.47278066761788196
3.8119	 0.471943821979726
3.8091	 0.4711035164663664
3.8063	 0.47025937613116847
3.8035	 0.469481964144807
3.8007	 0.4686279854080351
3.7979	 0.46777002807053825
3.7951	 0.4669094240901472
3.7924	 0.4655519755539097
3.7896	 0.4646788303510836
3.7868	 0.4638030273837991
3.7841	 0.46292653182638116
3.7813	 0.46204958040499783
3.7785	 0.461172058431581
3.7758	 0.4603358653129525
3.773	 0.4594546751555036
3.7703	 0.45803187552873914
3.7676	 0.45714658141374587
3.7648	 0.45626336724204963
3.7621	 0.45538188224037557
3.7594	 0.45450228929114767
3.7566	 0.4536245484612773
3.7539	 0.4527500760818323
3.7512	 0.45187853227223845
3.7485	 0.4509766807244342
3.7458	 0.4494936916402444
3.7431	 0.4486101392936174
3.7404	 0.44772696520735744
3.7377	 0.44684298462046407
3.735	 0.44595532137617516
3.7323	 0.44506378463249463
3.7296	 0.44416868929360614
3.7269	 0.4432697287741119
3.7242	 0.4423659464012468
3.7216	 0.4406621044956328
3.7189	 0.4397287829353609
3.7162	 0.4387898611977269
3.7136	 0.43784462265522306
3.7109	 0.4368928599214688
3.7083	 0.43593535508747455
3.7056	 0.4349736469080002
3.703	 0.4340085462001229
3.7003	 0.432276364467192
3.6977	 0.4313048431664943
3.695	 0.43017855089539236
3.6924	 0.42920441654290387
3.6898	 0.42823127765655244
3.6872	 0.4272582780881654
3.6845	 0.42628572677056153
3.6819	 0.42531415255456473
3.6793	 0.42434265001402943
3.6767	 0.42258388911281997
3.6741	 0.42161174336825413
3.6715	 0.42064048576439833
3.6689	 0.41945968809493345
3.6663	 0.41848168370586203
3.6637	 0.41750092528394145
3.6611	 0.41651841924983246
3.6585	 0.4155336955954306
3.656	 0.41372408957933515
3.6534	 0.4127234073339982
3.6508	 0.411717232053809
3.6482	 0.41070483143190284
3.6457	 0.4096859917490559
3.6431	 0.4083989936126483
3.6406	 0.40736284929794475
3.638	 0.40632056185231685
3.6355	 0.40438754966851
3.6329	 0.40332386136641496
3.6304	 0.40225384334612607
3.6278	 0.4011769696755075
3.6253	 0.4000925002637645
3.6227	 0.3989997216193387
3.6202	 0.39789765978074587
3.6177	 0.39647025442554085
3.6152	 0.3953495248062297
3.6127	 0.393267621571742
3.6101	 0.39213687381663187
3.6076	 0.3910047614201236
3.6051	 0.38987318977226704
3.6026	 0.38874078039967735
3.6001	 0.38760703138103897
3.5976	 0.3864720255114874
3.5951	 0.38533677660922455
3.5926	 0.3828617115798482
3.5901	 0.3817134638017399
3.5876	 0.3805622957860521
3.5852	 0.3794082156051738
3.5827	 0.3782516764547183
3.5802	 0.3770928550515313
3.5777	 0.3759322882803174
3.5753	 0.374770261736388
3.5728	 0.37261414586813774
3.5704	 0.3710364229270634
3.5679	 0.36986597398269816
3.5654	 0.36869564347152306
3.563	 0.36752625097292974
3.5605	 0.3663576187043175
3.5581	 0.365189749990923
3.5557	 0.3640226370370814
3.5532	 0.3618544909348579
3.5508	 0.3606885136211323
3.5484	 0.3595256621726775
3.5459	 0.35790657693855177
3.5435	 0.35674614856674935
3.5411	 0.355589927912935
3.5387	 0.35443893230543316
3.5363	 0.3532962999872161
3.5338	 0.3511455052042931
3.5314	 0.35001524718139565
3.529	 0.3488937404985237
3.5266	 0.3477828405000126
3.5242	 0.3466845132773973
3.5218	 0.3450878959760035
3.5195	 0.34400963289526065
3.5171	 0.3429439571124914
3.5147	 0.3408576010044409
3.5123	 0.3398162725354785
3.5099	 0.3387870978893517
3.5075	 0.33776776736752423
3.5052	 0.3367560173169771
3.5028	 0.3357491811410202
3.5004	 0.33418035391201967
3.4981	 0.33316857508641745
3.4957	 0.33110890570765783
3.4934	 0.3300868658905255
3.491	 0.3290582977038914
3.4887	 0.32802713317098114
3.4863	 0.32699528618687296
3.484	 0.3259616244664793
3.4816	 0.3249264806711106
3.4793	 0.3238892200654122
3.477	 0.321177888327933
3.4746	 0.3201265312394074
3.4723	 0.31907099098568176
3.47	 0.3180125628488983
3.4677	 0.316953494957223
3.4653	 0.315896979991484
3.463	 0.3148437430439828
3.4607	 0.3137934063997231
3.4584	 0.3127497586875295
3.4561	 0.3100032840246189
3.4538	 0.30897409709321694
3.4515	 0.3079549562938312
3.4492	 0.3069493842472811
3.4469	 0.30595784969067635
3.4446	 0.30498016070668726
3.4423	 0.3040168526725709
3.44	 0.3020450842005927
3.4378	 0.30111510277755965
3.4355	 0.2994786101762171
3.4332	 0.29859654615891756
3.4309	 0.2977481201857231
3.4287	 0.296934430079429
3.4264	 0.2961584046619656
3.4241	 0.2954209897087815
3.4219	 0.2938209894105076
3.4196	 0.293176196541698
3.4174	 0.2925668304092577
3.4151	 0.29198960959898945
3.4129	 0.2906423411705455
3.4106	 0.29011183502154014
3.4084	 0.2896057998918268
3.4061	 0.28912134775375214
3.4039	 0.28789567483705414
3.4017	 0.28747265735121846
3.3994	 0.2870736233698386
3.3972	 0.28669762018230577
3.395	 0.28634548760734146
3.3928	 0.2851562452256849
3.3906	 0.2848576467176015
3.3883	 0.28459289780134944
3.3861	 0.2837316757802641
3.3839	 0.28354761248745536
3.3817	 0.28339719488416903
3.3795	 0.28327951034143517
3.3773	 0.28319345609561436
3.3751	 0.28313942515560414
3.3729	 0.2821807724418101
3.3707	 0.2816621068164654
3.3685	 0.28170641752990067
3.3663	 0.2817815042978891
3.3641	 0.28188720769266074
3.362	 0.2820241346004625
3.3598	 0.28219384820571475
3.3576	 0.28239739004785275
3.3554	 0.282634984485886
3.3533	 0.2814996701775864
3.3511	 0.28181121931026626
3.3489	 0.28215772451122534
3.3468	 0.28253941431585206
3.3446	 0.28295611823554845
3.3425	 0.28340819294071184
3.3403	 0.28389723656133165
3.3382	 0.28442110406969623
3.336	 0.28468628351369135
3.3339	 0.2842339938980964
3.3317	 0.2848788835674191
3.3296	 0.2855611037026097
3.3274	 0.28628002460709484
3.3253	 0.2870349120162397
3.3232	 0.2878259377747283
3.321	 0.2884406695729771
3.3189	 0.2893171771184718
3.3168	 0.29023263436250774
3.3147	 0.2900872862214244
3.3126	 0.29107180244483294
3.3104	 0.29209506024411086
3.3083	 0.2931577328501974
3.3062	 0.29426081082988736
3.3041	 0.295271131033191
3.302	 0.2964699777045048
3.2999	 0.29771453446512425
3.2978	 0.29900570247966923
3.2957	 0.29917581318914976
3.2936	 0.30055020013802475
3.2915	 0.3019786836450997
3.2894	 0.3033759519778525
3.2874	 0.3049085713654915
3.2853	 0.30648911147788177
3.2832	 0.308118795383471
3.2811	 0.30979774004497557
3.279	 0.3115269149462106
3.277	 0.3120123729183062
3.2749	 0.31382678201822023
3.2728	 0.315654684338486
3.2708	 0.317575165468872
3.2687	 0.3195458172300579
3.2666	 0.3215649393707127
3.2646	 0.32363110631079217
3.2625	 0.3257462148524713
3.2605	 0.32790897958162785
3.2584	 0.3301026922633923
3.2564	 0.33092147773229647
3.2543	 0.33320368936785394
3.2523	 0.3355295780738308
3.2503	 0.33789667774175963
3.2482	 0.3403022384694628
3.2462	 0.342745819840775
3.2442	 0.34522774542061585
3.2421	 0.3477457202960396
3.2401	 0.3488044833102091
3.2381	 0.35138899360960724
3.2361	 0.35400144065349376
3.234	 0.3566172761149256
3.232	 0.3592253556887178
3.23	 0.36182438545269996
3.228	 0.36441224182674326
3.226	 0.36698591568353284
3.224	 0.3695449350449754
3.222	 0.37057351359362367
3.22	 0.373104157779942
3.218	 0.3756201297728337
3.216	 0.378122143737034
3.214	 0.3806131452894609
3.212	 0.38309464553533146
3.21	 0.3855683803791694
3.208	 0.3880341984525885
3.206	 0.39049536022918463
3.204	 0.3913976730965441
3.2021	 0.39383695663513724
3.2001	 0.39626686761406527
3.1981	 0.39868789079265293
3.1961	 0.4011010344353573
3.1942	 0.40350332170462266
3.1922	 0.40588936260380376
3.1902	 0.40825696543079154
3.1883	 0.4106049864323622
3.1863	 0.4113711224129756
3.1844	 0.4136841427892141
3.1824	 0.41597760168297937
3.1805	 0.41824977688628523
3.1785	 0.4205014751203641
3.1766	 0.4227335757380183
3.1746	 0.42494493382973786
3.1727	 0.42713597952836513
3.1707	 0.4277786531890517
3.1688	 0.4299333280974355
3.1669	 0.4320662333964391
3.1649	 0.43417801984052395
3.163	 0.4362685751564943
3.1611	 0.4383358808528984
3.1591	 0.44037856898394534
3.1572	 0.44239581513600656
3.1553	 0.44438693944454727
3.1534	 0.4448918741126219
3.1515	 0.4468399359173713
3.1495	 0.4487603126388624
3.1476	 0.450652501236301
3.1457	 0.45251557751319543
3.1438	 0.45434935308294794
3.1419	 0.4561529261463908
3.14	 0.4579242056338044
3.1381	 0.459665274828481
3.1362	 0.4600401352815002
3.1343	 0.4617319756897907
3.1324	 0.46338688278351564
3.1305	 0.46500727475866893
3.1286	 0.46659337397503753
3.1268	 0.46814513238510913
3.1249	 0.46966175539067373
3.123	 0.4711419897147869
3.1211	 0.47141407115706785
3.1192	 0.4728436899582515
3.1174	 0.4742365583119445
3.1155	 0.4755902153852699
3.1136	 0.4769083554849957
3.1117	 0.4781909601132053
3.1099	 0.4794343530772067
3.108	 0.4806397994988318
3.1061	 0.48180797134346265
3.1043	 0.4819815995230755
3.1024	 0.4831002107823244
3.1006	 0.48418132716221846
3.0987	 0.48522457220005455
3.0969	 0.48623203404537246
3.095	 0.4872040572077082
3.0932	 0.48813739664634737
3.0913	 0.48903043010745606
3.0895	 0.4891356380990063
3.0876	 0.48998399663526554
3.0858	 0.49079860637898315
3.084	 0.4915761444839027
3.0821	 0.49231690770530956
3.0803	 0.49302171446249954
3.0785	 0.4936904126056767
3.0766	 0.49432303373396036
3.0748	 0.4949209665629525
3.073	 0.4949697814769418
3.0712	 0.49552724013022403
3.0694	 0.4960509977173238
3.0675	 0.49654083643594404
3.0657	 0.4969973874161593
3.0639	 0.497420129528721
3.0621	 0.4978075469321512
3.0603	 0.4981614873147079
3.0585	 0.49817910094156614
3.0567	 0.4984973595622868
3.0549	 0.49878418777444783
3.0531	 0.4990404774341464
3.0513	 0.49926312790219074
3.0495	 0.4994562268864105
3.0477	 0.49961920386510783
3.0459	 0.49975283633600676
3.0441	 0.49985724451388047
3.0423	 0.4998586037054607
3.0406	 0.49993403062901476
3.0388	 0.49998078100441823
3.037	 0.5000000000000001
3.0352	 0.5000000000000001
3.0334	 0.5000000000000001
3.0317	 0.5000000000000001
3.0299	 0.5000000000000001
3.0281	 0.5000000000000001
3.0264	 0.5000000000000001
3.0246	 0.5000000000000001
3.0228	 0.5000000000000001
3.0211	 0.5000000000000001
3.0193	 0.5000000000000001
3.0176	 0.5000000000000001
3.0158	 0.5000000000000001
3.014	 0.5000000000000001
3.0123	 0.5000000000000001
3.0105	 0.5000000000000001
3.0088	 0.5000000000000001
3.007	 0.5000000000000001
3.0053	 0.5000000000000001
3.0036	 0.5000000000000001
3.0018	 0.5000000000000001
3.0001	 0.5000000000000001
2.9984	 0.5000000000000001
2.9966	 0.5000000000000001
2.9949	 0.5000000000000001
2.9932	 0.5000000000000001
2.9914	 0.5000000000000001
2.9897	 0.5000000000000001
2.988	 0.5000000000000001
2.9863	 0.5000000000000001
2.9845	 0.5000000000000001
2.9828	 0.5000000000000001
2.9811	 0.5000000000000001
2.9794	 0.5000000000000001
2.9777	 0.5000000000000001
2.976	 0.5000000000000001
2.9743	 0.5000000000000001
2.9726	 0.5000000000000001
2.9709	 0.5
2.9692	 0.5
2.9675	 0.5
2.9658	 0.5
2.9641	 0.5
2.9624	 0.5
2.9607	 0.5
2.959	 0.5
2.9573	 0.5
2.9556	 0.5
2.9539	 0.5
2.9523	 0.5
2.9506	 0.5
2.9489	 0.5
2.9472	 0.5
2.9455	 0.5
2.9439	 0.5
2.9422	 0.5
2.9405	 0.5
2.9389	 0.5
2.9372	 0.5
2.9355	 0.5
2.9339	 0.5
2.9322	 0.5
2.9306	 0.5
2.9289	 0.5
2.9272	 0.5
2.9256	 0.5
2.9239	 0.5
2.9223	 0.5
2.9207	 0.5
2.919	 0.5
2.9174	 0.5
2.9157	 0.5
2.9141	 0.5
2.9124	 0.5
2.9108	 0.5
2.9092	 0.5
2.9075	 0.5
2.9059	 0.5000212548830338
2.9043	 0.5001618657259562
2.9027	 0.5008064923615696
2.901	 0.501312245269974
2.8994	 0.5019419216203078
2.8978	 0.5026902716599172
2.8962	 0.5035545283563801
2.8946	 0.5045385264726067
2.8929	 0.5068114976800185
2.8913	 0.5081394934184762
2.8897	 0.5095803370891103
2.8881	 0.5111304837701443
2.8865	 0.5127848001694308
2.8849	 0.5145400887106
2.8833	 0.5163898850790174
2.8817	 0.5202056840707951
2.8801	 0.522284995314466
2.8785	 0.5244325773573671
2.8769	 0.5266436717267897
2.8753	 0.5289191279503549
2.8737	 0.5312659392161171
2.8721	 0.5360098361131949
2.8705	 0.5387066683066563
2.8689	 0.5415620166983109
2.8673	 0.5445458848095015
2.8658	 0.5476252329718714
2.8642	 0.5507690700195056
2.8626	 0.5539592746226304
2.861	 0.5600474989463113
2.8594	 0.5633073760264451
2.8579	 0.5665864845145298
2.8563	 0.5698789953720736
2.8547	 0.5731815064780035
2.8531	 0.5764895670352331
2.8516	 0.5826043681458947
2.85	 0.5858961806452911
2.8484	 0.5891825754566447
2.8469	 0.5924601335694941
2.8453	 0.5957266247273691
2.8437	 0.5989810862104699
2.8422	 0.6048416664571932
2.8406	 0.6080353002170951
2.8391	 0.6112092490548954
2.8375	 0.6143635219432745
2.836	 0.6174967976236381
2.8344	 0.620605878450625
2.8329	 0.6236918520561419
2.8313	 0.6290952842791724
2.8298	 0.6320931276259046
2.8282	 0.6350637289210651
2.8267	 0.6380067783966835
2.8252	 0.6409234220322648
2.8236	 0.6459270768807782
2.8221	 0.6487460396205075
2.8205	 0.6515356396452264
2.819	 0.6542959716713186
2.8175	 0.6570255032177377
2.8159	 0.6597264463430518
2.8144	 0.662397094181942
2.8129	 0.6668544681476907
2.8114	 0.6694286090148462
2.8098	 0.6719723679785546
2.8083	 0.6744863358472103
2.8068	 0.6769707262463013
2.8053	 0.6794260636816752
2.8038	 0.6834286108280472
2.8022	 0.6857921392756906
2.8007	 0.6881282254383094
2.7992	 0.6904366022957868
2.7977	 0.6927174059281956
2.7962	 0.6949704162173616
2.7947	 0.6971956676281252
2.7932	 0.7007248258043777
2.7917	 0.7028684191169193
2.7902	 0.7049853399884207
2.7887	 0.7070771180766577
2.7872	 0.7091433577614517
2.7857	 0.7111852037477111
2.7842	 0.7143418798796778
2.7827	 0.7163095787593174
2.7812	 0.718254541547833
2.7797	 0.7201769192531942
2.7782	 0.7220757830606881
2.7767	 0.7239522941199372
2.7752	 0.7267821701011578
2.7738	 0.7285934643675976
2.7723	 0.7303843241297974
2.7708	 0.7321546353205478
2.7693	 0.7339051846575086
2.7678	 0.7356365267922844
2.7664	 0.7373487996326785
2.7649	 0.739858693645587
2.7634	 0.7415152573983368
2.7619	 0.743154068162462
2.7605	 0.7447752760442592
2.759	 0.7463793694673028
2.7575	 0.748686797433342
2.7561	 0.750243944689288
2.7546	 0.751785126795894
2.7531	 0.7533111260686712
2.7517	 0.7548225225901186
2.7502	 0.7563198183557948
2.7488	 0.7578034414696729
2.7473	 0.7598841486590477
2.7458	 0.7613280123901389
2.7444	 0.7627597294910069
2.7429	 0.7641787968691443
2.7415	 0.7655852831574986
2.74	 0.76697964204172
2.7386	 0.768897705495747
2.7371	 0.7702585949813383
2.7357	 0.7716085999474844
2.7343	 0.772947966779092
2.7328	 0.7742766005920101
2.7314	 0.7755950032830078
2.7299	 0.7773746790693155
2.7285	 0.7786634196770403
2.7271	 0.7799424767734038
2.7256	 0.7812113943207838
2.7242	 0.7824709712199323
2.7228	 0.78372095197655
2.7213	 0.7853794960359256
2.7199	 0.7866024125830188
2.7185	 0.7878162914225169
2.7171	 0.7890213474329761
2.7156	 0.7902177073677958
2.7142	 0.7914050331699602
2.7128	 0.792953893207165
2.7114	 0.7941173848784953
2.71	 0.7952720616897166
2.7085	 0.7964183046258371
2.7071	 0.7975535900272063
2.7057	 0.7986507950943487
2.7043	 0.7999752795144555
2.7029	 0.8008648692790615
2.7015	 0.8016549170397272
2.7001	 0.8023456554392123
2.6987	 0.8029378613975737
2.6973	 0.8034362772906756
2.6959	 0.8041406148511876
2.6945	 0.8044490709367954
2.6931	 0.8046914668806112
2.6917	 0.8048207663920219
2.6903	 0.8048602883056909
2.6889	 0.8048127275674932
2.6875	 0.8049577671770892
2.6861	 0.8047412973098003
2.6847	 0.8044463718735909
2.6833	 0.8040776004169904
2.6819	 0.8037214116179517
2.6805	 0.8034917706037251
2.6791	 0.8029359706418795
2.6778	 0.8023237807575287
2.6764	 0.8016579988304405
2.675	 0.8009360570621875
2.6736	 0.8001506753299749
2.6722	 0.7994352630344289
2.6709	 0.7987294097526366
2.6695	 0.7976344257735881
2.6681	 0.796407498678467
2.6667	 0.795070771725535
2.6654	 0.7936481797659128
2.664	 0.7921613817688229
2.6626	 0.79088327718587
2.6613	 0.7895524402488603
2.6599	 0.7879441334550474
2.6585	 0.7862985017955124
2.6572	 0.7846187919937958
2.6558	 0.7829087934327182
2.6545	 0.7814404877523706
2.6531	 0.7796795724759338
2.6517	 0.7782426416313146
2.6504	 0.7764517727497611
2.649	 0.7746418615041814
2.6477	 0.7730954389934159
2.6463	 0.7712572637868492
2.645	 0.7694065540917262
2.6436	 0.7675441524707731
2.6423	 0.7661139397455704
2.6409	 0.7642472052402836
2.6396	 0.7623739699385846
2.6382	 0.7607972076980211
2.6369	 0.7589180414142435
2.6356	 0.7570367722646246
2.6342	 0.7551555340799384
2.6329	 0.7532742796026599
2.6315	 0.7522585872791132
2.6302	 0.7503996541038743
2.6289	 0.748544848109022
2.6275	 0.7466948984255605
2.6262	 0.7448506493794015
2.6249	 0.7430118490020166
2.6236	 0.7417941639803737
2.6222	 0.7403367359946332
2.6209	 0.7385427362986912
2.6196	 0.7367590065521824
2.6183	 0.7349861830543889
2.6169	 0.7335962604029287
2.6156	 0.7318512058159069
2.6143	 0.7301191813777066
2.613	 0.7290979542780447
2.6117	 0.7274048789301614
2.6103	 0.72572524155365
2.609	 0.7240609938861322
2.6077	 0.7228142560171372
2.6064	 0.7211840377989233
2.6051	 0.7195685532196048
2.6038	 0.7187296922451927
2.6025	 0.7171564580530347
2.6012	 0.7155990784760083
2.5999	 0.7144838380872842
2.5986	 0.7129613745215898
2.5973	 0.7114548913822141
2.596	 0.7099647189414988
2.5947	 0.7084911493773833
2.5934	 0.7083027477951968
2.5921	 0.7068719173040311
2.5908	 0.7054582568889809
2.5895	 0.7040614649806436
2.5882	 0.7026804061099616
2.5869	 0.701315936886106
2.5856	 0.7004263096596824
2.5843	 0.699969868345662
2.583	 0.6986629091995832
2.5817	 0.6973708971951695
2.5805	 0.696093629825503
2.5792	 0.6948318612162917
2.5779	 0.6940553978642454
2.5766	 0.6928263858760463
2.5753	 0.6925288677859618
2.5741	 0.6913362117980537
2.5728	 0.6901575894700854
2.5715	 0.6894669462705182
2.5702	 0.688318111690162
2.569	 0.6871823484902575
2.5677	 0.6860590693115713
2.5664	 0.68494906733151
2.5651	 0.6848118192846536
2.5639	 0.684212840348939
2.5626	 0.6831473747575041
2.5613	 0.6820938863493365
2.5601	 0.6810520790467661
2.5588	 0.6800213110756442
2.5575	 0.6799841432051559
2.5563	 0.6794532470689693
2.555	 0.6784555082809675
2.5538	 0.677467642203413
2.5525	 0.6764881487598883
2.5513	 0.6755167109083248
2.55	 0.6750224553109577
2.5487	 0.674064436628846
2.5475	 0.6741296255093011
2.5462	 0.6731898683739737
2.545	 0.6722562808842582
2.5437	 0.6713282068859365
2.5425	 0.6708653287866354
2.5413	 0.6699484739154192
2.54	 0.6690365783820708
2.5388	 0.669170117263464
2.5375	 0.6682720262563965
2.5363	 0.6673793159708697
2.535	 0.6669406935152329
2.5338	 0.6660547999984904
2.5326	 0.665172354516622
2.5313	 0.6642938510863975
2.5301	 0.6644822705129834
2.5289	 0.6636152485071115
2.5276	 0.6631886952402323
2.5264	 0.6623251726812548
2.5252	 0.6614647120386526
2.5239	 0.6606062947154944
2.5227	 0.6597498733125783
2.5215	 0.6604017906710563
2.5202	 0.659551685603559
2.519	 0.6587037904905957
2.5178	 0.6578574709286925
2.5166	 0.657012299651336
2.5154	 0.6561687573113905
2.5141	 0.6557318026066683
2.5129	 0.6559865059136768
2.5117	 0.6551460825001063
2.5105	 0.6543061491315569
2.5093	 0.6534673802131232
2.5081	 0.653015186806634
2.5068	 0.6521771402347196
2.5056	 0.6513630536969665
2.5044	 0.6516373207460886
2.5032	 0.6508508471372013
2.502	 0.6504524042377171
2.5008	 0.6497089956572037
2.4996	 0.6489882908599188
2.4984	 0.6482889562727902
2.4972	 0.6476106718606808
2.496	 0.6478939605639586
2.4948	 0.6475819283326728
2.4936	 0.6469462973863697
2.4924	 0.6463319430221806
2.4912	 0.6457386096163311
2.49	 0.6451657879364255
2.4888	 0.644932948088873
2.4876	 0.6452142537857796
2.4864	 0.6446774759851146
2.4852	 0.6441596215210601
2.484	 0.6436585012391082
2.4828	 0.6431728529671031
2.4816	 0.6429989504197219
2.4805	 0.6432735625036045
2.4793	 0.6428117439606769
2.4781	 0.6423629471084735
2.4769	 0.6419259534114873
2.4757	 0.641773852809914
2.4745	 0.6413575270218181
2.4734	 0.6409577214142896
2.4722	 0.6405816563539225
2.471	 0.6408391299602253
2.4698	 0.6404923982468871
2.4686	 0.6404213709397517
2.4675	 0.6401290538607894
2.4663	 0.6398572479646958
2.4651	 0.6396004319857784
2.464	 0.6393549103833277
2.4628	 0.639580929829025
2.4616	 0.6395559262283567
2.4604	 0.6393196889935273
2.4593	 0.6390906581434933
2.4581	 0.6388686240409094
2.4569	 0.6386518468655608
2.4558	 0.6386336285501338
2.4546	 0.6388185865845273
2.4535	 0.6386034093755497
2.4523	 0.6383922567870618
2.4511	 0.6381853474898149
2.45	 0.6381553017662865
2.4488	 0.637950122380969
2.4477	 0.6381016878857745
2.4465	 0.6378935583273415
2.4454	 0.6376863216042791
2.4442	 0.6376371309303711
2.4431	 0.6374283721315157
2.4419	 0.6372197773710266
2.4408	 0.6370108300571704
2.4396	 0.636800302342515
2.4385	 0.6369016248703995
2.4373	 0.6368211683486155
2.4362	 0.6365977152630211
2.435	 0.6363704938025119
2.4339	 0.6361398677751327
2.4327	 0.6359048958675305
2.4316	 0.636082845949871
2.4305	 0.6358327294657956
2.4293	 0.635577163714411
2.4282	 0.6353164152236708
2.427	 0.6350500425980964
2.4259	 0.6348868948056843
2.4248	 0.634606472118742
2.4236	 0.634318909598116
2.4225	 0.6343036906375717
2.4214	 0.634001618225819
2.4202	 0.6337896167485455
2.4191	 0.6334710390650284
2.418	 0.6331444346506538
2.4169	 0.6330865393575531
2.4157	 0.6327444348741545
2.4146	 0.632394660473236
2.4135	 0.6321231145008713
2.4124	 0.631755476007218
2.4112	 0.6313801484820151
2.4101	 0.6309967616189509
2.409	 0.6306047015278518
2.4079	 0.6304824980574248
2.4068	 0.630154569112567
2.4056	 0.6297388581533933
2.4045	 0.6293156636721909
2.4034	 0.6288838220264119
2.4023	 0.6285209427311937
2.4012	 0.6280725405150395
2.4001	 0.6279011352493439
2.399	 0.6274386878304965
2.3979	 0.6269679288446123
2.3967	 0.626489882256628
2.3956	 0.6260774184392623
2.3945	 0.6255832398514413
2.3934	 0.6253752418384928
2.3923	 0.6248682737765008
2.3912	 0.624353753185947
2.3901	 0.6239012037263784
2.389	 0.623371097040328
2.3879	 0.6228337293810017
2.3868	 0.6222888362577782
2.3857	 0.6220444354975944
2.3846	 0.621558870467668
2.3835	 0.6209966871851064
2.3824	 0.620428297386688
2.3813	 0.619854323455485
2.3802	 0.6192745717395115
2.3791	 0.6186885143428148
2.3781	 0.6184950392551503
2.377	 0.6179024098931533
2.3759	 0.6173041205646836
2.3748	 0.6167006904755957
2.3737	 0.6160920325942717
2.3726	 0.6155590531030491
2.3715	 0.6152786587460202
2.3704	 0.6146585938506147
2.3694	 0.6140330902021868
2.3683	 0.6134031568378072
2.3672	 0.6128528547270528
2.3661	 0.6122138194781107
2.365	 0.6115694897715884
2.364	 0.611271520682568
2.3629	 0.6106205394570023
2.3618	 0.6100526814480761
2.3607	 0.6093933312830635
2.3597	 0.60872949844505
2.3586	 0.6080624849537792
2.3575	 0.6073929105834074
2.3564	 0.6071712662961599
2.3554	 0.6064965247606386
2.3543	 0.605818091318545
2.3532	 0.6051368724066032
2.3522	 0.604452627227421
2.3511	 0.6037660620139512
2.35	 0.6035359497745475
2.349	 0.6028453808452445
2.3479	 0.6021527517586245
2.3468	 0.6014584385712438
2.3458	 0.6007619522496076
2.3447	 0.6001457228191679
2.3436	 0.5994448571535409
2.3426	 0.5991247370066642
2.3415	 0.5984205610739242
2.3405	 0.5977140381366703
2.3394	 0.5970839032237961
2.3384	 0.5963737631300084
2.3373	 0.5956610857334896
2.3363	 0.5949465546086699
2.3352	 0.5946923877760503
2.3342	 0.5939737459262505
2.3331	 0.5932537425459379
2.3321	 0.5925321873170069
2.331	 0.5918080870709129
2.33	 0.5910825743817916
2.3289	 0.5904256319128256
2.3279	 0.5900909642081482
2.3268	 0.5893635194623635
2.3258	 0.5886354247182044
2.3247	 0.5879067187538892
2.3237	 0.587241505894604
2.3226	 0.5865117914049065
2.3216	 0.5861774751699401
2.3206	 0.5854479040210552
2.3195	 0.5847184031152202
2.3185	 0.5840480314452358
2.3175	 0.583318942138354
2.3164	 0.5825897547272283
2.3154	 0.5818607136899853
2.3144	 0.5815317335002962
2.3133	 0.5808604564334867
2.3123	 0.5801359904047904
2.3113	 0.5794131909093044
2.3102	 0.5786914651202442
2.3092	 0.5779708886012892
2.3082	 0.5777014908985708
2.3071	 0.5769852730227623
2.3061	 0.5762715314698297
2.3051	 0.575559085450966
2.3041	 0.5748486805188037
2.303	 0.574186077264638
2.302	 0.5738803335260453
2.301	 0.5731766687433233
2.3	 0.5724749599158373
2.299	 0.5717763181964279
2.2979	 0.571121084663896
2.2969	 0.5704272442675759
2.2959	 0.5697353638149164
2.2949	 0.5694452789337181
2.2939	 0.5687574410265398
2.2929	 0.5681077047459738
2.2918	 0.5674241880101567
2.2908	 0.5667433520383505
2.2898	 0.5660656370335154
2.2888	 0.5657908055734386
2.2878	 0.5651514394995131
2.2868	 0.5644816405401589
2.2858	 0.563814119212039
2.2848	 0.5631488431700046
2.2838	 0.5624871473554003
2.2828	 0.561858087401357
2.2818	 0.5616017217594378
2.2808	 0.5609494760649828
2.2798	 0.5603009697513956
2.2787	 0.5596554986613219
2.2777	 0.5589873052226663
2.2767	 0.5583238287324629
2.2757	 0.5580637930972563
2.2747	 0.5574100361786153
2.2738	 0.5567614334210103
2.2728	 0.5561181569561774
2.2718	 0.5554800576978771
2.2708	 0.5548471384125178
2.2698	 0.5542199467049969
2.2688	 0.5539953666329368
2.2678	 0.5533800282126109
2.2668	 0.5527704383670873
2.2658	 0.5521666676202374
2.2648	 0.5515685963442801
2.2638	 0.5509765781285173
2.2628	 0.5503905958655888
2.2618	 0.5502020174773542
2.2609	 0.5496264788031174
2.2599	 0.5490568377823517
2.2589	 0.5484930380030991
2.2579	 0.5479353231040343
2.2569	 0.547383985639717
2.2559	 0.5472250239577118
2.255	 0.5466840516670163
2.254	 0.546148371806171
2.253	 0.5456180909056552
2.252	 0.5450929399182544
2.251	 0.5445730462064164
2.2501	 0.54443912395357
2.2491	 0.5439294086305093
2.2481	 0.5434248482137403
2.2471	 0.5429248109681825
2.2462	 0.5424298524163683
2.2452	 0.541940149752741
2.2442	 0.5418281310035251
2.2433	 0.5413474565616221
2.2423	 0.5408721023777768
2.2413	 0.5404016914519502
2.2403	 0.5399366539504401
2.2394	 0.5394772003629675
2.2384	 0.5390235834672489
2.2374	 0.5389363582342098
2.2365	 0.5384917827145523
2.2355	 0.538053455285457
2.2345	 0.5376211795405627
2.2336	 0.5371953860427962
2.2326	 0.5367759116418371
2.2317	 0.536710623768114
2.2307	 0.5363011422298073
2.2297	 0.5358986227207877
2.2288	 0.5355023422858505
2.2278	 0.5351121828585075
2.2269	 0.5347286275734874
2.2259	 0.5346849048259423
2.225	 0.534310801180041
2.224	 0.5339430394951424
2.2231	 0.5335815322818783
2.2221	 0.5332253737722764
2.2211	 0.5328746878655882
2.2202	 0.532848360619273
2.2192	 0.5325071863069731
2.2183	 0.5321718855030882
2.2173	 0.5318425807442787
2.2164	 0.5315189503188239
2.2155	 0.5312006677048283
2.2145	 0.530887652749922
2.2136	 0.5308778877275842
2.2126	 0.5305730825108858
2.2117	 0.5302732941563812
2.2107	 0.5299780028196635
2.2098	 0.5296878453068273
2.2088	 0.5294026704646044
2.2079	 0.5291222127236149
2.207	 0.5291221679374694
2.206	 0.5288463938531012
2.2051	 0.528574515190606
2.2041	 0.5283068113478492
2.2032	 0.5280430630381109
2.2023	 0.5280449033164444
2.2013	 0.5277858757089626
2.2004	 0.527530759601338
2.1995	 0.5272785495538235
2.1985	 0.5270303348356283
2.1976	 0.5267860417594107
2.1967	 0.5265453174348067
2.1957	 0.5265496233745538
2.1948	 0.5263138155977733
2.1939	 0.5260819669843709
2.193	 0.5258534325823323
2.192	 0.5256280951844169
2.1911	 0.5254073618077867
2.1902	 0.5254147114202801
2.1893	 0.525197764366949
2.1883	 0.5249836051082766
2.1874	 0.5247729233568772
2.1865	 0.5245654764583956
2.1856	 0.5243603124350963
2.1846	 0.5243645343282833
2.1837	 0.5241601923676348
2.1828	 0.523957999307289
2.1819	 0.5237568797158465
2.181	 0.5235562310483055
2.18	 0.52335609278139
2.1791	 0.5231556163116987
2.1782	 0.5231430511025966
2.1773	 0.5229383220780675
2.1764	 0.5227335503687063
2.1755	 0.5225284333242148
2.1746	 0.5223228379318177
2.1736	 0.5221169037460689
2.1727	 0.5220830346678131
2.1718	 0.5218705769305184
2.1709	 0.5216580522029183
2.17	 0.5214456521721348
2.1691	 0.5212329786131282
2.1682	 0.5210204885325087
2.1673	 0.5209664233586676
2.1664	 0.520750167175923
2.1655	 0.5205340032821965
2.1646	 0.5203179989085432
2.1637	 0.5201017917268881
2.1628	 0.5198847414592542
2.1619	 0.5198115474750379
2.161	 0.519591810697036
2.1601	 0.5193731563140839
2.1592	 0.5191546003068237
2.1583	 0.5189356405653247
2.1574	 0.5187177388087016
2.1565	 0.5186324001610569
2.1556	 0.5184128845996793
2.1547	 0.5181942948040642
2.1538	 0.5179762276663935
2.1529	 0.5177599927386279
2.152	 0.5175450026078878
2.1511	 0.5173306191353615
2.1502	 0.5172369952027991
2.1493	 0.517023822747692
2.1484	 0.51681177986402
2.1475	 0.5166007512557823
2.1466	 0.5163913438533125
2.1458	 0.5161830143246551
2.1449	 0.516084243931617
2.144	 0.5158767010500536
2.1431	 0.5156711406243826
2.1422	 0.5154676613196083
2.1413	 0.5152661299067183
2.1404	 0.5150654510975307
2.1396	 0.5149660150109746
2.1387	 0.5147675452122831
2.1378	 0.5145708101420278
2.1369	 0.514375158236929
2.136	 0.5141822084242779
2.1352	 0.5140821778932662
2.1343	 0.5138922309550255
2.1334	 0.513704314011549
2.1325	 0.5135191300207365
2.1316	 0.5133376283195767
2.1308	 0.5131588853955739
2.1299	 0.5129801058202453
2.129	 0.5128810727863383
2.1281	 0.5127046816296202
2.1273	 0.5125302072391229
2.1264	 0.5123573342999302
2.1255	 0.5121871815827258
2.1247	 0.5120188128825395
2.1238	 0.511923008479672
2.1229	 0.5117582848560478
2.122	 0.5115952521565991
2.1212	 0.51143417027184
2.1203	 0.5112755916750138
2.1194	 0.5111183509591605
2.1186	 0.5110265702537482
2.1177	 0.5108714269832085
2.1168	 0.510720629576307
2.116	 0.5105734126460757
2.1151	 0.5104255531752054
2.1143	 0.5102776521216755
2.1134	 0.5101889310633984
2.1125	 0.5100449971364326
2.1117	 0.5099032990925196
2.1108	 0.5097642347845073
2.11	 0.5096289672897345
2.1091	 0.5094915288736497
2.1082	 0.5094069325657709
2.1074	 0.5092717880851552
2.1065	 0.5091379551483293
2.1057	 0.5090062195661573
2.1048	 0.5088790139352595
2.104	 0.5087509121223858
2.1031	 0.5086714882890997
2.1023	 0.5085448199287984
2.1014	 0.5084186066485035
2.1005	 0.5082977308245666
2.0997	 0.5081794766875177
2.0988	 0.5080612424125687
2.098	 0.507987539727622
2.0971	 0.5078690942513661
2.0963	 0.5077518412453823
2.0955	 0.507639164747136
2.0946	 0.5075273621878439
2.0938	 0.5074189687222325
2.0929	 0.5073580089653137
2.0921	 0.5072569976206236
2.0912	 0.5071550534237371
2.0904	 0.5070536605485629
2.0895	 0.5069531741500831
2.0887	 0.5068512825996164
2.0879	 0.5067907603420612
2.087	 0.5066858254297621
2.0862	 0.506584935896338
2.0853	 0.5064930743603997
2.0845	 0.5064001001780702
2.0837	 0.5063040474152577
2.0828	 0.506234163955458
2.082	 0.5061290842010601
2.0812	 0.5060219474869063
2.0803	 0.5059169808032704
2.0795	 0.0
