25.0442	 1.0
24.9238	 0.5020109998589762
24.8045	 0.4900874551971326
24.6864	 0.48186100129834597
24.5694	 0.48189082355223595
24.4536	 0.46358457181004475
24.3388	 0.44740684093437155
24.225	 0.4563530368557465
24.1124	 0.4703640912532508
24.0007	 0.48027249748969914
23.8901	 0.49236590370113775
23.7805	 0.49782323392315697
23.6719	 0.49828035623778144
23.5643	 0.509707439696208
23.4577	 0.5140264463393535
23.352	 0.5090159711488923
23.2473	 0.4997508719481814
23.1435	 0.48603681322015974
23.0407	 0.4804965172352206
22.9387	 0.48819055792424065
22.8377	 0.483409501132916
22.7375	 0.4669404804035429
22.6382	 0.4604812223332857
22.5398	 0.47179589396053423
22.4422	 0.4871063466339626
22.3455	 0.4939215433506897
22.2496	 0.501042891694588
22.1545	 0.5132401054831545
22.0602	 0.5164929221990563
21.9668	 0.5003927295255163
21.8741	 0.4792352487273575
21.7822	 0.4725860851831517
21.691	 0.4822107239342461
21.6007	 0.49529071297027094
21.511	 0.5020896297695504
21.4221	 0.5007880921060428
21.334	 0.4925788830590096
21.2465	 0.48270367577298273
21.1598	 0.4792151933054805
21.0738	 0.48440791453505866
20.9885	 0.49014267268791234
20.9038	 0.492495236106398
20.8199	 0.49389848493780586
20.7366	 0.5001343002954606
20.654	 0.5077649575715674
20.572	 0.5156105457909342
20.4907	 0.5265964703401917
20.41	 0.5359197372264514
20.33	 0.5413049565947914
20.2506	 0.5417779576419803
20.1718	 0.5406351396234128
20.0936	 0.5415151969872258
20.016	 0.5426219576080866
19.9391	 0.5437099201745723
19.8627	 0.5433094652960916
19.7869	 0.539346829862521
19.7116	 0.5328476889900031
19.637	 0.5252147606952253
19.5628	 0.5187939053507598
19.4893	 0.5146739203801449
19.4163	 0.5109958182343582
19.3439	 0.5067252363674538
19.2719	 0.5015688120171
19.2006	 0.4946424113419265
19.1297	 0.4873701922598246
19.0594	 0.4811897388740889
18.9896	 0.4756037679998607
18.9203	 0.47056087738716296
18.8515	 0.46653023897334417
18.7832	 0.46373795518977207
18.7153	 0.4636198131778263
18.648	 0.470174602228711
18.5812	 0.4842677395501575
18.5148	 0.49953715889497796
18.4489	 0.5073593353389113
18.3835	 0.5170331159802605
18.3185	 0.523560614305927
18.2541	 0.527918299356613
18.19	 0.5313603269408722
18.1264	 0.5340399821367589
18.0633	 0.5355932461751868
18.0005	 0.5353106441185009
17.9382	 0.532308030372152
17.8764	 0.5265396143715196
17.815	 0.5184319691528924
17.7539	 0.5091020252542002
17.6934	 0.4992945373827786
17.6332	 0.49025302014330746
17.5734	 0.4820732133117602
17.514	 0.4743463717341881
17.4551	 0.4670776860138317
17.3965	 0.4595396699144959
17.3383	 0.4523839150542318
17.2805	 0.44627537355032554
17.2231	 0.4416805450850334
17.1661	 0.43891839397893845
17.1094	 0.43676573110588957
17.0531	 0.43475505593211
16.9972	 0.43276911863233775
16.9417	 0.43270234014011033
16.8865	 0.43728714888662495
16.8317	 0.4478764816515768
16.7772	 0.46182510689336304
16.7231	 0.473167423623747
16.6693	 0.47716730387745665
16.6159	 0.4729549583863048
16.5628	 0.4623898875027312
16.51	 0.44971285116025905
16.4576	 0.4407090785126135
16.4055	 0.43819363606768846
16.3538	 0.44689622734616236
16.3024	 0.4668318601323869
16.2513	 0.4939814659931083
16.2005	 0.5220789351307251
16.15	 0.5488234704826641
16.0998	 0.557759248777295
16.05	 0.5568587317641198
16.0005	 0.5501442913349067
15.9513	 0.551046874804532
15.9023	 0.5475868380217244
15.8537	 0.5485654348756281
15.8054	 0.5544132532681092
15.7573	 0.5623603055109904
15.7096	 0.5694770690323612
15.6621	 0.5737012795931073
15.6149	 0.5735547359094295
15.568	 0.5694395488191752
15.5214	 0.562643468245695
15.4751	 0.5539686752029885
15.429	 0.5441608623957077
15.3832	 0.5330997761877148
15.3377	 0.5208127348230176
15.2925	 0.5078278593900497
15.2475	 0.4938236775348803
15.2028	 0.47897254624720165
15.1583	 0.46384761096838567
15.1141	 0.44843344477603014
15.0702	 0.4329962139163311
15.0265	 0.4196158704843956
14.9831	 0.4107630000492838
14.9399	 0.4073093220338983
14.897	 0.4102398478613702
14.8543	 0.41902585764147277
14.8119	 0.4312424787175564
14.7697	 0.44573058146084993
14.7277	 0.4621349826971327
14.686	 0.47888544117953313
14.6445	 0.494120128226759
14.6033	 0.5073595241024944
14.5622	 0.5172213630489587
14.5214	 0.5217826740110165
14.4809	 0.5215191137670725
14.4405	 0.5168878514693874
14.4004	 0.5094701087513896
14.3605	 0.5006691994803478
14.3209	 0.4925194523705454
14.2814	 0.48667122125739715
14.2422	 0.4789483837920184
14.2032	 0.472274806486166
14.1643	 0.4675958474945385
14.1258	 0.46269762672341735
14.0874	 0.45693061540817304
14.0492	 0.4534780211643735
14.0112	 0.4527115333482386
13.9734	 0.45411360938285117
13.9359	 0.4582416687795375
13.8985	 0.46675072041615173
13.8614	 0.4767596161919518
13.8244	 0.4852147042385904
13.7876	 0.4919291031515298
13.7511	 0.4971717534697947
13.7147	 0.5
13.6785	 0.5
13.6425	 0.5
13.6067	 0.5
13.5711	 0.5
13.5356	 0.5
13.5004	 0.5
13.4653	 0.5
13.4304	 0.5
13.3957	 0.5
13.3612	 0.5
13.3269	 0.5
13.2927	 0.5007577666675376
13.2587	 0.5024702376371714
13.2249	 0.5060946065048154
13.1912	 0.5086863945948872
13.1577	 0.511811466251854
13.1244	 0.5151772991005208
13.0913	 0.5172488463713519
13.0583	 0.5186383462183298
13.0255	 0.52107224227792
12.9929	 0.5229423513826656
12.9604	 0.524127088148794
12.9281	 0.5243549814772317
12.8959	 0.5247415317094296
12.8639	 0.525203672489529
12.8321	 0.5244986437884247
12.8004	 0.5229749746628206
12.7688	 0.5218902442775328
12.7375	 0.5211825709145081
12.7063	 0.5206981078926707
12.6752	 0.5202192574206226
12.6443	 0.5203667531558847
12.6135	 0.5213886023500666
12.5829	 0.5223495032810791
12.5524	 0.5228322187663459
12.5221	 0.5233715135573092
12.4919	 0.5242517749041018
12.4619	 0.5254614654763445
12.432	 0.5268640772323997
12.4023	 0.5282797526564407
12.3727	 0.5301786304401847
12.3432	 0.5322267762656341
12.3139	 0.5338755195745544
12.2847	 0.5351908899133124
12.2557	 0.5381628235345083
12.2268	 0.5381403053348957
12.198	 0.5376729584756252
12.1694	 0.5360274350777248
12.1409	 0.5332671404188121
12.1125	 0.5293084478087178
12.0843	 0.5242223141622031
12.0562	 0.5207170984073702
12.0282	 0.5144429135733707
12.0004	 0.5085070117131719
11.9726	 0.5039644954401536
11.945	 0.5016729936135055
11.9176	 0.5023016665901798
11.8903	 0.5061162399238867
11.8631	 0.5123596356290628
11.836	 0.5199158609290667
11.809	 0.5269396007076067
11.7822	 0.5317009592543079
11.7555	 0.5335293764026932
11.7289	 0.5324182301344683
11.7024	 0.5289099824196053
11.676	 0.5244137267038029
11.6498	 0.5202839315432414
11.6237	 0.518328013787758
11.5977	 0.5208568552865607
11.5718	 0.5283515993609986
11.546	 0.5395055820911872
11.5203	 0.552500986623899
11.4948	 0.5651170830769902
11.4694	 0.5789391342359856
11.444	 0.5845699657825002
11.4188	 0.58559344062319
11.3937	 0.5810134754297807
11.3688	 0.571680761874587
11.3439	 0.5591580884382533
11.3191	 0.5450687520687846
11.2944	 0.5309974819412986
11.2699	 0.5243164604866732
11.2455	 0.512402931787024
11.2211	 0.5020040579776849
11.1969	 0.493711279106773
11.1727	 0.48777392455025614
11.1487	 0.4835991662707183
11.1248	 0.4805055423541554
11.101	 0.4778315796997718
11.0773	 0.4748742220436682
11.0536	 0.47147378350633956
11.0301	 0.46822752227160286
11.0067	 0.4656817168173926
10.9834	 0.4639013448275148
10.9602	 0.4635026422054417
10.937	 0.4655316838268102
10.914	 0.47050637959374003
10.8911	 0.4788325674203587
10.8682	 0.4908026002175932
10.8455	 0.5058320740706123
10.8229	 0.5296209763523102
10.8003	 0.5474341133633999
10.7779	 0.5648964843305648
10.7555	 0.580853428547445
10.7332	 0.5944903102034514
10.7111	 0.6052903846670123
10.689	 0.612792703676796
10.667	 0.6168115427580715
10.6451	 0.617454570334645
10.6233	 0.619821119952868
10.6015	 0.6160128112906009
10.5799	 0.6097963323611534
10.5584	 0.6015357281931464
10.5369	 0.5914233216316463
10.5155	 0.5796167040605493
10.4942	 0.5664418101298705
10.473	 0.5522544969039435
10.4519	 0.5374959706823851
10.4309	 0.522610542680014
10.4099	 0.5080290185849364
10.3891	 0.49421002135330233
10.3683	 0.48153321051349235
10.3476	 0.4703532367760548
10.327	 0.4610240225161253
10.3065	 0.4537334845838014
10.286	 0.44853792314976043
10.2656	 0.44264122507926573
10.2454	 0.43979211257264283
10.2251	 0.43697474984377044
10.205	 0.43322855115211933
10.185	 0.4275679562618384
10.165	 0.4192278621325903
10.1451	 0.40764557469327534
10.1253	 0.3923723936793884
10.1056	 0.37313658127328375
10.0859	 0.35161155112342596
10.0663	 0.3262755362315788
10.0468	 0.3040908499543002
10.0274	 0.28349067782042375
10.008	 0.2661164243209989
9.9887	 0.25362351258432025
9.9695	 0.24739906670402226
9.9504	 0.2482553713061394
9.9313	 0.2573282345261393
9.9123	 0.27831776367213534
9.8934	 0.3094428344889866
9.8746	 0.34931911089396833
9.8558	 0.39681465895844054
9.8371	 0.4491538428288066
9.8185	 0.5026629150794547
9.7999	 0.5637533014243966
9.7814	 0.6060080193078556
9.763	 0.6408561602564575
9.7447	 0.6675626683814221
9.7264	 0.6846752963903069
9.7082	 0.6898964320674635
9.69	 0.6871813009163676
9.6719	 0.6780074843991046
9.6539	 0.6637447846625859
9.636	 0.6463028486474011
9.6181	 0.6274051232288764
9.6003	 0.6170308404980044
9.5825	 0.6001847872563968
9.5649	 0.5838205611548982
9.5472	 0.5679289112594986
9.5297	 0.5528056668006697
9.5122	 0.5397699408864383
9.4948	 0.5289325401954879
9.4774	 0.5205249936899797
9.4601	 0.5143307014198696
9.4429	 0.5098459250984356
9.4257	 0.5068443775869699
9.4086	 0.5049261447620202
9.3916	 0.504289182085762
9.3746	 0.5032382500019225
9.3577	 0.5023661546234485
9.3408	 0.501419871821472
9.324	 0.5004518637671936
9.3073	 0.4994247535300467
9.2906	 0.49816282386480354
9.274	 0.49655219046486093
9.2574	 0.4946128191817967
9.2409	 0.4922473833131395
9.2245	 0.48935166282213044
9.2081	 0.48601193530693226
9.1918	 0.4821978508756272
9.1755	 0.47871333756336815
9.1593	 0.4755383042241602
9.1431	 0.4729473594156553
9.127	 0.47084726569910834
9.111	 0.4691257001642534
9.095	 0.46768601660152803
9.0791	 0.4663441036948053
9.0632	 0.46498010246141624
9.0474	 0.4635593351611754
9.0316	 0.45974484166380786
9.0159	 0.45823886899094257
9.0003	 0.45660370105883974
8.9847	 0.4548013775984188
8.9691	 0.4525816043681723
8.9536	 0.4495156884497845
8.9382	 0.4454552451186831
8.9228	 0.44051943758979445
8.9075	 0.4347106111257173
8.8922	 0.42816225679835085
8.877	 0.42100487333234904
8.8618	 0.41323647652907736
8.8467	 0.40576951726730814
8.8316	 0.3968750164888685
8.8166	 0.3894858462067376
8.8016	 0.3822978183531398
8.7867	 0.3754858919752442
8.7718	 0.3692498653466235
8.757	 0.3640557644279667
8.7422	 0.36069644725938366
8.7275	 0.35963459259688346
8.7129	 0.3610894970814479
8.6982	 0.3651986238730966
8.6837	 0.3723561896926111
8.6692	 0.3820436711323156
8.6547	 0.3928181085563349
8.6403	 0.40377536800700614
8.6259	 0.4150107635021497
8.6116	 0.42654682041434117
8.5973	 0.43825710562552483
8.583	 0.44990031438052613
8.5688	 0.461305882113876
8.5547	 0.4720224851680316
8.5406	 0.4813319735141948
8.5266	 0.488942306506584
8.5126	 0.49468418185630164
8.4986	 0.4950601318035678
8.4847	 0.498460905255715
8.4708	 0.5
8.457	 0.5
8.4432	 0.5
8.4295	 0.5
8.4158	 0.5
8.4022	 0.5
8.3886	 0.5
8.375	 0.5
8.3615	 0.5
8.3481	 0.5
8.3347	 0.5
8.3213	 0.5
8.3079	 0.5
8.2946	 0.5
8.2814	 0.5
8.2682	 0.5
8.255	 0.5
8.2419	 0.5
8.2288	 0.5
8.2158	 0.5
8.2028	 0.5
8.1898	 0.5
8.1769	 0.5
8.164	 0.5
8.1512	 0.5
8.1384	 0.5
8.1256	 0.5
8.1129	 0.5
8.1002	 0.5
8.0876	 0.5
8.075	 0.5
8.0624	 0.5
8.0499	 0.5
8.0374	 0.5
8.025	 0.5
8.0126	 0.5
8.0002	 0.5
7.9879	 0.5
7.9756	 0.5
7.9634	 0.5
7.9512	 0.5
7.939	 0.5
7.9268	 0.5
7.9147	 0.5
7.9027	 0.5
7.8906	 0.5
7.8786	 0.5
7.8667	 0.5
7.8548	 0.5
7.8429	 0.5
7.831	 0.5
7.8192	 0.5
7.8075	 0.5
7.7957	 0.5
7.784	 0.5
7.7723	 0.5
7.7607	 0.5
7.7491	 0.5
7.7375	 0.5
7.726	 0.5
7.7145	 0.5
7.7031	 0.5
7.6916	 0.5
7.6802	 0.5000506291496479
7.6689	 0.500251081551368
7.6575	 0.5006058027031586
7.6462	 0.5010739670957678
7.635	 0.5016232298803187
7.6238	 0.5023097377585515
7.6126	 0.5031335419574045
7.6014	 0.5040950482698332
7.5903	 0.5052138733916112
7.5792	 0.5064626392497277
7.5681	 0.5077833275507774
7.5571	 0.5092147701813828
7.5461	 0.5107618949781213
7.5351	 0.512382926035173
7.5242	 0.514044448864226
7.5133	 0.5158093458755455
7.5024	 0.5177066236483289
7.4916	 0.5197096920016014
7.4807	 0.5226608052406478
7.47	 0.5245206608761394
7.4592	 0.5261406835406374
7.4485	 0.5275738740754387
7.4378	 0.5288460349050681
7.4272	 0.5299147781447316
7.4165	 0.5307405379030682
7.4059	 0.5312881252906587
7.3954	 0.5316023562606892
7.3848	 0.5317063269304505
7.3743	 0.5315607197157413
7.3639	 0.5312248330899729
7.3534	 0.5307150311697858
7.343	 0.5300641354707825
7.3326	 0.5293326907264304
7.3223	 0.5285165798974771
7.3119	 0.5275471650273026
7.3016	 0.5269354129678638
7.2914	 0.5258383846273196
7.2811	 0.5257748154345108
7.2709	 0.5247497491115217
7.2607	 0.5238692151110579
7.2506	 0.5231291044096261
7.2404	 0.522516109631976
7.2303	 0.5220619873447218
7.2203	 0.5217983943416011
7.2102	 0.5216836277349489
7.2002	 0.5216930987508447
7.1902	 0.5218187876482984
7.1803	 0.5220974951699406
7.1703	 0.5224947708476352
7.1604	 0.5229731421458006
7.1506	 0.5235186503230187
7.1407	 0.5240811645740876
7.1309	 0.5246143747496916
7.1211	 0.5256776861088317
7.1113	 0.5261669183833981
7.1016	 0.5269484393181093
7.0919	 0.5271931193106574
7.0822	 0.5273688558715619
7.0725	 0.5274725684188212
7.0629	 0.5274602725339174
7.0533	 0.5272958299381895
7.0437	 0.5270128937438557
7.0341	 0.5265413744507754
7.0246	 0.5258921179736167
7.0151	 0.5251760844834954
7.0056	 0.5244456928818276
6.9962	 0.5236723416984121
6.9867	 0.5228226209891066
6.9773	 0.5219440630277192
6.9679	 0.5211201984590189
6.9586	 0.5206550345764615
6.9493	 0.5198660156613535
6.94	 0.5190997858982244
6.9307	 0.5183305895302063
6.9214	 0.5184210984024405
6.9122	 0.517681529125752
6.903	 0.5169839470059922
6.8938	 0.5163648699528659
6.8847	 0.5157551903583015
6.8755	 0.5151475815517785
6.8664	 0.5145924679131192
6.8573	 0.5140936921351048
6.8483	 0.5135990418580706
6.8393	 0.5131500610544013
6.8302	 0.5128221898771996
6.8213	 0.512564405962096
6.8123	 0.5123060925569005
6.8034	 0.5119354596309194
6.7944	 0.5116224167067807
6.7855	 0.5113295675592652
6.7767	 0.5109656440801673
6.7678	 0.5105759674295487
6.759	 0.5105104631594827
6.7502	 0.5101179708548624
6.7414	 0.5097123208157712
6.7327	 0.5093260511021099
6.7239	 0.5090127993207494
6.7152	 0.5087650580792664
6.7065	 0.5085724309455336
6.6979	 0.5084524133457158
6.6892	 0.5084365961702767
6.6806	 0.5085114271920924
6.672	 0.5091304528660651
6.6634	 0.50941160010571
6.6549	 0.509789272538332
6.6464	 0.5103287397016997
6.6378	 0.5109510651549226
6.6294	 0.5116255463198899
6.6209	 0.5123943313310043
6.6124	 0.513523587494281
6.604	 0.5145093016214881
6.5956	 0.5155771896936211
6.5872	 0.5166872804036735
6.5789	 0.5177950124937724
6.5705	 0.5188737019667033
6.5622	 0.5199430454897875
6.5539	 0.5210253268262512
6.5456	 0.5220561581466012
6.5374	 0.5235297437955415
6.5292	 0.5243395888376751
6.5209	 0.525045092003391
6.5128	 0.5256731053186325
6.5046	 0.5262161204652669
6.4964	 0.526637002365012
6.4883	 0.5269252275433471
6.4802	 0.5271309429216441
6.4721	 0.5274166861075205
6.464	 0.5273626198382552
6.456	 0.5272112853529205
6.448	 0.5268961166490341
6.4399	 0.5264284165109303
6.432	 0.5258279556869909
6.424	 0.525088767574061
6.416	 0.5242250947322078
6.4081	 0.5233824580035599
6.4002	 0.5223405493474708
6.3923	 0.5211603712862357
6.3844	 0.5199161995384448
6.3766	 0.5186796744369142
6.3687	 0.5174014687016988
6.3609	 0.5160379950274042
6.3531	 0.5146096775315137
6.3454	 0.5131816905939547
6.3376	 0.5124366372861328
6.3299	 0.5110232102950318
6.3221	 0.509597289246826
6.3144	 0.5081569877151768
6.3068	 0.5066500461192072
6.2991	 0.5051249586153399
6.2914	 0.5030329197537533
6.2838	 0.5014559631227932
6.2762	 0.4998181500385768
6.2686	 0.49820560298074945
6.2611	 0.4965745151706074
6.2535	 0.49486715919095614
6.246	 0.4930660092682931
6.2385	 0.49114609008090404
6.231	 0.4891228154983012
6.2235	 0.4869754339315082
6.216	 0.48462883893849507
6.2086	 0.48223873100594467
6.2011	 0.4794263698043406
6.1937	 0.4764269406138047
6.1863	 0.47325614550916406
6.179	 0.4679220042800121
6.1716	 0.46437949570762005
6.1643	 0.4607669388788296
6.157	 0.4571611314323115
6.1496	 0.453591685521063
6.1424	 0.45002582360827237
6.1351	 0.4464851317317433
6.1278	 0.4430434159849889
6.1206	 0.4397514684221871
6.1134	 0.4366375883694995
6.1062	 0.4337023144915531
6.099	 0.43089766120126904
6.0918	 0.42820460148108686
6.0847	 0.42570119768543246
6.0776	 0.4227130711289812
6.0704	 0.42082488685213126
6.0633	 0.41909616102673103
6.0563	 0.4176333605029928
6.0492	 0.4164871976168675
6.0421	 0.41570636183228904
6.0351	 0.41530032128058175
6.0281	 0.4152418774723829
6.0211	 0.4155667588806499
6.0141	 0.41634254634233986
6.0071	 0.4175686970712636
6.0002	 0.4192554301132561
5.9932	 0.42138340244943523
5.9863	 0.42389532832901083
5.9794	 0.4255543745945173
5.9725	 0.4287887032848178
5.9657	 0.4322209832044507
5.9588	 0.43589204278813426
5.952	 0.4396913924452497
5.9451	 0.44356996616216504
5.9383	 0.44757008580981555
5.9315	 0.4516561281442812
5.9247	 0.455679767643846
5.918	 0.4595753941184594
5.9112	 0.46337785569809287
5.9045	 0.46710137717904937
5.8978	 0.4707082681005195
5.8911	 0.4741702677721055
5.8844	 0.4774653672610659
5.8777	 0.4783763150586234
5.8711	 0.4812914513197116
5.8644	 0.48406698790864605
5.8578	 0.48671828982173093
5.8512	 0.48920810597745623
5.8446	 0.4915035507411167
5.838	 0.493598071881448
5.8314	 0.49553113201253857
5.8249	 0.4973182836826429
5.8184	 0.49894969071999645
5.8118	 0.5004169967589526
5.8053	 0.5017433529928628
5.7988	 0.5029535723400954
5.7924	 0.5040774875150577
5.7859	 0.505874827097686
5.7794	 0.5070013414607532
5.773	 0.5079659842873214
5.7666	 0.5092881343334278
5.7602	 0.5106523234944561
5.7538	 0.5121154442819646
5.7474	 0.5137369985380572
5.741	 0.5154576099304313
5.7347	 0.5172163893177225
5.7283	 0.5190714394769538
5.722	 0.5211268593799513
5.7157	 0.5233493440323314
5.7094	 0.5256353049060558
5.7031	 0.5297985280393266
5.6969	 0.5323034373168324
5.6906	 0.534967616716947
5.6844	 0.5377824357598884
5.6782	 0.5408321395958295
5.6719	 0.5437987528241598
5.6657	 0.5468623497113867
5.6596	 0.549986873543788
5.6534	 0.5531429774027035
5.6472	 0.5562724601828143
5.6411	 0.5593559802731116
5.6349	 0.562392606462724
5.6288	 0.5653755231736458
5.6227	 0.5695519285800719
5.6166	 0.572241479972347
5.6106	 0.5747921855970709
5.6045	 0.5771691891279465
5.5984	 0.5793554497161654
5.5924	 0.5813357648450993
5.5864	 0.5831491369225114
5.5804	 0.5847198237249088
5.5744	 0.5860280231513321
5.5684	 0.5870096041170542
5.5624	 0.5876386378319113
5.5564	 0.5879285114407139
5.5505	 0.5878684233117176
5.5445	 0.5874580200336817
5.5386	 0.5869970931068232
5.5327	 0.5861056354607146
5.5268	 0.5849521624045996
5.5209	 0.5835423092411623
5.5151	 0.5819628554383135
5.5092	 0.5802189497409636
5.5033	 0.5791014741697557
5.4975	 0.5770831635393355
5.4917	 0.5748556065704412
5.4859	 0.5723784467025005
5.4801	 0.569669690522569
5.4743	 0.5667753425384772
5.4685	 0.563693126469666
5.4628	 0.5599859937753452
5.457	 0.5564882588994422
5.4513	 0.5528890142771639
5.4455	 0.5492214455840975
5.4398	 0.5455155669126037
5.4341	 0.5417690837763703
5.4284	 0.5380024694745507
5.4228	 0.5358508944008455
5.4171	 0.5321588699392796
5.4114	 0.528498484902566
5.4058	 0.5249252371564899
5.4002	 0.5214696140974222
5.3945	 0.5181322287289528
5.3889	 0.5148390038077556
5.3833	 0.5119604762779235
5.3778	 0.5093138368613277
5.3722	 0.5069464720594156
5.3666	 0.5048924450329872
5.3611	 0.5031499003691066
5.3555	 0.5016900223209311
5.35	 0.5004843098150975
5.3445	 0.49947919680183384
5.339	 0.4996935591072247
5.3335	 0.49889471148223763
5.328	 0.4982163552884288
5.3225	 0.4983027163397687
5.3171	 0.4977993148685582
5.3116	 0.4973662461509354
5.3062	 0.49704471651935345
5.3008	 0.496814358446184
5.2954	 0.49668260260327807
5.29	 0.4967127830105748
5.2846	 0.4969177931647034
5.2792	 0.4972935571577266
5.2738	 0.4978529813133402
5.2684	 0.4986226512296944
5.2631	 0.4997228769808019
5.2578	 0.5007384134687681
5.2524	 0.502101863160051
5.2471	 0.5033378118097313
5.2418	 0.504662138989363
5.2365	 0.5060815359508976
5.2312	 0.5075908011649074
5.226	 0.5091315552980846
5.2207	 0.5106941179506086
5.2154	 0.5122710541458793
5.2102	 0.5137980638300998
5.205	 0.5152005443317892
5.1998	 0.5164364793453304
5.1945	 0.5174677145771562
5.1893	 0.5173333412475792
5.1842	 0.5176872181321266
5.179	 0.5177229920768646
5.1738	 0.5174602413127123
5.1686	 0.5169071571709796
5.1635	 0.516069232187266
5.1584	 0.5149971732876423
5.1532	 0.5137526862592706
5.1481	 0.512395902675619
5.143	 0.5109578580688534
5.1379	 0.5094764591868195
5.1328	 0.5079963531720384
5.1277	 0.50604630812844
5.1227	 0.5044808294127611
5.1176	 0.5031530597696899
5.1126	 0.5018981460691623
5.1075	 0.5006632177041574
5.1025	 0.4994633933015391
5.0975	 0.49831859122783506
5.0925	 0.4971765025093323
5.0875	 0.49603705351770566
5.0825	 0.4949527889292781
5.0775	 0.4939384327254889
5.0726	 0.49298290154517455
5.0676	 0.49265512931839806
5.0627	 0.4920743833757881
5.0577	 0.4916109634053888
5.0528	 0.4917508919541405
5.0479	 0.49150175956685865
5.043	 0.49129033342421863
5.038	 0.4910924018068447
5.0332	 0.4908883840364574
5.0283	 0.4907004930838032
5.0234	 0.4905476504593616
5.0185	 0.4904485659284684
5.0137	 0.49043506229434963
5.0088	 0.49166782892330146
5.004	 0.49211226400307767
4.9992	 0.4928798753994149
4.9944	 0.49402749526563844
4.9896	 0.49611850379725947
4.9848	 0.49801302403975606
4.98	 0.5003408896810752
4.9752	 0.503087909373577
4.9704	 0.50621298996911
4.9657	 0.5096801845340253
4.9609	 0.5134347845461463
4.9562	 0.5174138983304292
4.9514	 0.5236653886021088
4.9467	 0.5279181312659983
4.942	 0.5322187982637847
4.9373	 0.5365263427967779
4.9326	 0.5407971563899644
4.9279	 0.5445729345435222
4.9232	 0.5486729966250388
4.9186	 0.5526804376466432
4.9139	 0.5565743529459192
4.9092	 0.5603615955567673
4.9046	 0.564087072387178
4.9	 0.5677419678840542
4.8953	 0.5726219343812815
4.8907	 0.5760913205018003
4.8861	 0.5794574211609845
4.8815	 0.5826701527767607
4.8769	 0.5856862824596814
4.8723	 0.5884737906444155
4.8678	 0.5904919727950692
4.8632	 0.5927829447380679
4.8586	 0.5948398529976227
4.8541	 0.5966985749010717
4.8495	 0.598390739706808
4.845	 0.6006616166372346
4.8405	 0.6020146334722892
4.836	 0.6032748569342918
4.8315	 0.6044403798879953
4.827	 0.6055090004078759
4.8225	 0.6064789779417572
4.818	 0.6073541825609995
4.8135	 0.6081154986848323
4.809	 0.6085968319674157
4.8046	 0.6091598648599353
4.8001	 0.6095660132993833
4.7957	 0.6101611552184397
4.7913	 0.6102370791118408
4.7868	 0.6101166520447215
4.7824	 0.6097992235790385
4.778	 0.6092548032295513
4.7736	 0.6085009254210939
4.7692	 0.6075521407178875
4.7648	 0.6064122087566847
4.7605	 0.6051226470477186
4.7561	 0.6037212885250562
4.7517	 0.6032786715997275
4.7474	 0.6029620572137968
4.7431	 0.6014821394222798
4.7387	 0.6000017603812985
4.7344	 0.59854354836169
4.7301	 0.5971397457270489
4.7258	 0.5958215744692861
4.7215	 0.5946129578798189
4.7172	 0.5935284831304666
4.7129	 0.5925708166506078
4.7086	 0.5917120008217341
4.7043	 0.590929281496753
4.7	 0.5917406862794861
4.6958	 0.5926107706667035
4.6915	 0.5920661590585333
4.6873	 0.5915764922941338
4.6831	 0.5911444973228468
4.6788	 0.5907935389996604
4.6746	 0.5905313979514455
4.6704	 0.5903624389937723
4.6662	 0.5902846542872479
4.662	 0.5903025525923765
4.6578	 0.590403644268697
4.6536	 0.5919183637479895
4.6495	 0.5921307419304305
4.6453	 0.5936309721738666
4.6411	 0.5940079937653441
4.637	 0.5944651864492755
4.6328	 0.5950023862662419
4.6287	 0.5956299052881884
4.6246	 0.5963391634813282
4.6205	 0.5971149889171987
4.6163	 0.597943214700689
4.6122	 0.5988126909566732
4.6081	 0.6005636606973934
4.604	 0.6013611625933581
4.6	 0.6021302756343032
4.5959	 0.6039467426007425
4.5918	 0.6045307035215245
4.5877	 0.6050416084424035
4.5837	 0.6054641837524884
4.5796	 0.6058046234859628
4.5756	 0.6060713643068872
4.5716	 0.6062691768406894
4.5675	 0.6064037393152277
4.5635	 0.6070055213019414
4.5595	 0.6069889888784481
4.5555	 0.6069031134429717
4.5515	 0.60674953292329
4.5475	 0.6069538441924093
4.5435	 0.6066340846877586
4.5395	 0.6062306084825607
4.5356	 0.605748818174164
4.5316	 0.6051854487605369
4.5276	 0.6045285884223344
4.5237	 0.6037719343878721
4.5197	 0.6032162603068995
4.5158	 0.6022319449651221
4.5119	 0.6011314407422438
4.508	 0.5999314919330885
4.504	 0.5986458956604339
4.5001	 0.5979207083963463
4.4962	 0.5964877727122666
4.4923	 0.5949756339077849
4.4884	 0.5933913151166871
4.4846	 0.5917482326369086
4.4807	 0.5902466258945241
4.4768	 0.5885070820788078
4.473	 0.5867322067463218
4.4691	 0.5849394171192239
4.4652	 0.5831123406537354
4.4614	 0.5812515416496377
4.4576	 0.5793762169984025
4.4537	 0.5784221658478128
4.4499	 0.5765429580478748
4.4461	 0.5746336883757222
4.4423	 0.5728240328095416
4.4385	 0.5708498036267281
4.4347	 0.568848053911953
4.4309	 0.5668093764467568
4.4271	 0.5647383821769144
4.4233	 0.5626460455355052
4.4196	 0.5605392549834594
4.4158	 0.5584211713277033
4.412	 0.5563156523291911
4.4083	 0.5556985377262319
4.4045	 0.5538108608393254
4.4008	 0.5518066453972337
4.3971	 0.5498522028889252
4.3934	 0.5479637958883278
4.3896	 0.5461323668088648
4.3859	 0.5443572150023157
4.3822	 0.5426534238903473
4.3785	 0.5410197410346685
4.3748	 0.5394549937747992
4.3711	 0.5379610504554836
4.3674	 0.5365320570195792
4.3638	 0.53639916683144
4.3601	 0.5350432601617793
4.3564	 0.5337425775786042
4.3528	 0.5325050527635941
4.3491	 0.5313166796877886
4.3455	 0.530173136564821
4.3418	 0.5290848119521613
4.3382	 0.5280507637973205
4.3346	 0.527066876341163
4.331	 0.5261342331903155
4.3273	 0.5253781279490513
4.3237	 0.5245310753008622
4.3201	 0.5244396374928372
4.3165	 0.5236510034544425
4.3129	 0.5229072863494539
4.3094	 0.5222141326900114
4.3058	 0.521565892815365
4.3022	 0.5209543580959034
4.2986	 0.5203843645655393
4.2951	 0.5198623615189427
4.2915	 0.5194871539072167
4.288	 0.5190455667875968
4.2844	 0.5186302921881496
4.2809	 0.5186472825076658
4.2774	 0.5182679878268693
4.2738	 0.5179176016185407
4.2703	 0.5175844079840612
4.2668	 0.5172697122768904
4.2633	 0.5169754432853538
4.2598	 0.5166878669598183
4.2563	 0.5164370249537633
4.2528	 0.516155078482403
4.2493	 0.5158805242610324
4.2458	 0.515613286562764
4.2424	 0.5156155002902857
4.2389	 0.5153483707303471
4.2354	 0.5150777913394153
4.232	 0.5148038465976542
4.2285	 0.514531056899273
4.2251	 0.5142551382463203
4.2216	 0.5139147608104645
4.2182	 0.5135991579305405
4.2148	 0.5132752503388592
4.2113	 0.5129283232530326
4.2079	 0.512554270252442
4.2045	 0.5123579964597841
4.2011	 0.5119542781927481
4.1977	 0.5115249631894949
4.1943	 0.5110598527024905
4.1909	 0.5105648384422801
4.1875	 0.5097994656809436
4.1841	 0.5092497738633661
4.1808	 0.5087039901521385
4.1774	 0.5081704045672959
4.174	 0.5076525756490629
4.1707	 0.5071512522299282
4.1673	 0.5066627862970912
4.164	 0.5063239694953758
4.1606	 0.5058653961993943
4.1573	 0.5053378730250656
4.154	 0.5049421186687032
4.1506	 0.5045590002784983
4.1473	 0.5041946173307232
4.144	 0.5038504723120909
4.1407	 0.5035175650146329
4.1374	 0.5031946926273607
4.1341	 0.5028806884990623
4.1308	 0.5025769344383669
4.1275	 0.5024042895357914
4.1242	 0.5021988774038931
4.1209	 0.5019443047673063
4.1177	 0.5016992684983528
4.1144	 0.5014642641090817
4.1111	 0.5012298285738889
4.1079	 0.5010005746035123
4.1046	 0.5007878855024019
4.1014	 0.5005882131582413
4.0981	 0.5003905089056292
4.0949	 0.5001904089192997
4.0917	 0.5002553614275084
4.0884	 0.5000641396671167
4.0852	 0.4998877410585061
4.082	 0.4997209300679823
4.0788	 0.4995572388143881
4.0756	 0.4993968471115682
4.0724	 0.49924395404016336
4.0692	 0.49910163767334004
4.066	 0.49896459644578667
4.0628	 0.49896584474968886
4.0596	 0.4988537267234334
4.0565	 0.498888356301005
4.0533	 0.49879930748089985
4.0501	 0.4987212268071473
4.047	 0.4986530073011433
4.0438	 0.49859264623485644
4.0406	 0.49854408794450134
4.0375	 0.4985135126288022
4.0344	 0.49862479670634746
4.0312	 0.4986314809271175
4.0281	 0.4986510932483823
4.025	 0.4986932755735306
4.0218	 0.49886613576269906
4.0187	 0.49896449738885584
4.0156	 0.49908941344934993
4.0125	 0.4992433952280726
4.0094	 0.49943561562433836
4.0063	 0.49966825265892295
4.0032	 0.5000257252573445
4.0001	 0.5003292819737487
3.997	 0.5006921781165298
3.994	 0.5011120905294569
3.9909	 0.5015880915724295
3.9878	 0.5021424554437484
3.9847	 0.5027017999121736
3.9817	 0.5032733508913877
3.9786	 0.5038329567222577
3.9756	 0.5044265864271416
3.9725	 0.5049251453212794
3.9695	 0.5053966112905007
3.9665	 0.5058419540844178
3.9634	 0.5062595447436692
3.9604	 0.5066511838732086
3.9574	 0.5069645718658107
3.9544	 0.5072829311760823
3.9513	 0.5075720594874584
3.9483	 0.5078332557232786
3.9453	 0.508052898456649
3.9423	 0.50824303492897
3.9393	 0.5084049142030928
3.9363	 0.508539637004247
3.9333	 0.5086517820103847
3.9304	 0.508740219873175
3.9274	 0.5088004116992526
3.9244	 0.508747055740949
3.9214	 0.5086814547018617
3.9185	 0.5086532698939409
3.9155	 0.5086042037476899
3.9126	 0.508539995921027
3.9096	 0.5084621199165171
3.9067	 0.5083651849077973
3.9037	 0.5082457755033868
3.9008	 0.5081135226811533
3.8979	 0.5079747400494579
3.8949	 0.5077158607721842
3.892	 0.5074670218851124
3.8891	 0.507306595620998
3.8862	 0.5071363595459099
3.8833	 0.5069537092890484
3.8804	 0.5067639018835973
3.8775	 0.5065735812117049
3.8746	 0.5063773767483791
3.8717	 0.5061733672650939
3.8688	 0.5058569174269683
3.8659	 0.5056544976977801
3.863	 0.5053850996399482
3.8601	 0.5051763784008086
3.8573	 0.5049653207736747
3.8544	 0.5047533318455336
3.8515	 0.5045426826694482
3.8487	 0.5043323881108182
3.8458	 0.5041235250884679
3.843	 0.5038533222532392
3.8401	 0.5036393156987627
3.8373	 0.5034152500672303
3.8344	 0.5031689622293617
3.8316	 0.502935369176763
3.8288	 0.5026944512271525
3.8259	 0.5024457147818958
3.8231	 0.5021849066279531
3.8203	 0.5019097492626391
3.8175	 0.5015478775066915
3.8147	 0.5012407013777763
3.8119	 0.5009206954974162
3.8091	 0.5005795284228578
3.8063	 0.500216028271163
3.8035	 0.49995285977698023
3.8007	 0.49956874476182095
3.7979	 0.49915486859173863
3.7951	 0.49871024196454095
3.7924	 0.49813505198731683
3.7896	 0.4976247236293653
3.7868	 0.4970905297317864
3.7841	 0.4965423020384305
3.7813	 0.4959922945362469
3.7785	 0.49544784712654494
3.7758	 0.495155220491271
3.773	 0.4946186886547681
3.7703	 0.49398412862853813
3.7676	 0.49347485941362373
3.7648	 0.4929794127714126
3.7621	 0.49249604282927717
3.7594	 0.49202029331908864
3.7566	 0.4915618555422213
3.7539	 0.49112171669508026
3.7512	 0.4906949579677564
3.7485	 0.49043073242392166
3.7458	 0.48989048055954326
3.7431	 0.48949990100670976
3.7404	 0.4891224857632017
3.7377	 0.4887620137989215
3.735	 0.4884176025696763
3.7323	 0.4880865981563896
3.7296	 0.48776940083196413
3.7269	 0.48746970632594694
3.7242	 0.48719151285102863
3.7216	 0.4867976065375434
3.7189	 0.4865320458081056
3.7162	 0.4862787688785339
3.7136	 0.4860359038564524
3.7109	 0.48579631551050767
3.7083	 0.4855585327140336
3.7056	 0.4853312666117979
3.703	 0.485106670866308
3.7003	 0.4846361078647884
3.6977	 0.48439652458191307
3.695	 0.48414645102413395
3.6924	 0.48389605757608245
3.6898	 0.4836405183797309
3.6872	 0.4833762111835084
3.6845	 0.4831058092164461
3.6819	 0.4828299365255695
3.6793	 0.48254448901427216
3.6767	 0.48192812639633825
3.6741	 0.481622313866856
3.6715	 0.4813076764609338
3.6689	 0.48094857720218204
3.6663	 0.48060929620457427
3.6637	 0.48025623933676265
3.6611	 0.4798950794383137
3.6585	 0.4795221367965397
3.656	 0.47877908793746254
3.6534	 0.4783706996430696
3.6508	 0.4779433329444126
3.6482	 0.47749549437292993
3.6457	 0.4770268130745395
3.6431	 0.4764914579574259
3.6406	 0.4759993135787906
3.638	 0.4755006757175263
3.6355	 0.4746032042766516
3.6329	 0.47407561889072464
3.6304	 0.4735365504136948
3.6278	 0.4729891468089601
3.6253	 0.4724335794648026
3.6227	 0.47186702499815325
3.6202	 0.47129402942118015
3.6177	 0.4706435728705813
3.6152	 0.4700629184462701
3.6127	 0.46906144791507604
3.6101	 0.46848002127597194
3.6076	 0.467903626235081
3.6051	 0.46733299295859837
3.6026	 0.4667703041930919
3.6001	 0.4662187308117257
3.5976	 0.4656781476859335
3.5951	 0.4651503662051737
3.5926	 0.4641938342360902
3.5901	 0.46370314049304817
3.5876	 0.4632220833566404
3.5852	 0.46275316031780284
3.5827	 0.4622935098197322
3.5802	 0.4618384140815458
3.5777	 0.4613901310739129
3.5753	 0.4609525075570678
3.5728	 0.4602223711970385
3.5704	 0.45966020697703136
3.5679	 0.4592157347269583
3.5654	 0.4587662563508882
3.563	 0.45831419943777163
3.5605	 0.45785979290055
3.5581	 0.45739990766286337
3.5557	 0.4569334066341409
3.5532	 0.4561332374098233
3.5508	 0.45564361052128793
3.5484	 0.45514637057770474
3.5459	 0.45452499447030215
3.5435	 0.45403011997234594
3.5411	 0.45353731882655696
3.5387	 0.4530358058173435
3.5363	 0.45252177462316795
3.5338	 0.45163425667194956
3.5314	 0.4511066485862985
3.529	 0.4505719349224535
3.5266	 0.45002929695836735
3.5242	 0.44947907909027673
3.5218	 0.448824324967461
3.5195	 0.44827335310685046
3.5171	 0.44771749443703596
3.5147	 0.44676348354808826
3.5123	 0.44620652083630696
3.5099	 0.4456558546371
3.5075	 0.44510692250002837
3.5052	 0.44456026727845954
3.5028	 0.44402644058466206
3.5004	 0.44340643870927715
3.4981	 0.44288840301862176
3.4957	 0.4419468378380301
3.4934	 0.44143655203641846
3.491	 0.44092469652530936
3.4887	 0.4404127942267105
3.4863	 0.439902825943457
3.484	 0.43939752715277164
3.4816	 0.43889629426258414
3.4793	 0.4383929124985258
3.477	 0.43722375621010123
3.4746	 0.4366908349882099
3.4723	 0.43615458822690956
3.47	 0.4356193594035754
3.4677	 0.4350792842394711
3.4653	 0.43453971754427095
3.463	 0.4340003297794355
3.4607	 0.43345861322540796
3.4584	 0.4329220648724104
3.4561	 0.43159732983468674
3.4538	 0.4310683775784582
3.4515	 0.4305486531310766
3.4492	 0.43004103449846126
3.4469	 0.42954940938517
3.4446	 0.4290744613252303
3.4423	 0.4286101675480545
3.44	 0.4275490596174466
3.4378	 0.4271118048519157
3.4355	 0.4264466588989073
3.4332	 0.42603355809721855
3.4309	 0.42563348648340726
3.4287	 0.42524518622467006
3.4264	 0.424870574988196
3.4241	 0.4245123748414543
3.4219	 0.42355112423132735
3.4196	 0.4231907344980541
3.4174	 0.42282544885408174
3.4151	 0.42245449999053886
3.4129	 0.4217707487418812
3.4106	 0.42137562095180686
3.4084	 0.42096446755364103
3.4061	 0.4205336989027294
3.4039	 0.41940452760438035
3.4017	 0.4189242460778334
3.3994	 0.4184156432178092
3.3972	 0.4178752220642291
3.395	 0.4172940014530574
3.3928	 0.4163407161779052
3.3906	 0.41568398464319234
3.3883	 0.4149926571751233
3.3861	 0.4135088001899864
3.3839	 0.4127332030837585
3.3817	 0.4119298775129739
3.3795	 0.4111010014421494
3.3773	 0.4102486821748746
3.3751	 0.4093728230746488
3.3729	 0.4081236003363142
3.3707	 0.4064366733282353
3.3685	 0.40553713039674927
3.3663	 0.4046358019327011
3.3641	 0.4037382127525356
3.362	 0.40284703585687365
3.3598	 0.40196103379607934
3.3576	 0.4010797787743716
3.3554	 0.4002048686618263
3.3533	 0.39819435843363216
3.3511	 0.39734246600429063
3.3489	 0.39649680717213653
3.3468	 0.3956531671125341
3.3446	 0.3948105414559128
3.3425	 0.3939615308579354
3.3403	 0.39311434173473436
3.3382	 0.392281016233092
3.336	 0.390718105193255
3.3339	 0.38947511496878706
3.3317	 0.38864222347488875
3.3296	 0.38780930026615723
3.3274	 0.3869677704980099
3.3253	 0.38611955985701363
3.3232	 0.385268086328745
3.321	 0.3836505735131611
3.3189	 0.3827794728495495
3.3168	 0.38189410635286086
3.3147	 0.3805735510653071
3.3126	 0.3796692536619191
3.3104	 0.3787514974725966
3.3083	 0.377819603899533
3.3062	 0.376875440088855
3.3041	 0.37510711283560505
3.302	 0.3741336712874527
3.2999	 0.37315521908557087
3.2978	 0.3721723950889687
3.2957	 0.3707805663586071
3.2936	 0.3697959848121629
3.2915	 0.3688227279373104
3.2894	 0.3670661495222039
3.2874	 0.3661312368460329
3.2853	 0.36521277324698637
3.2832	 0.3643048087207923
3.2811	 0.36342060918788094
3.279	 0.3625733067360799
3.277	 0.3613772111533924
3.2749	 0.36059147741380665
3.2728	 0.3590815827401098
3.2708	 0.35835907487829355
3.2687	 0.35766016862522954
3.2666	 0.3569859912666328
3.2646	 0.3563356564393919
3.2625	 0.3557045569352968
3.2605	 0.355087044459472
3.2584	 0.35377909280919323
3.2564	 0.35278320110321865
3.2543	 0.35217998847248144
3.2523	 0.35158612156877245
3.2503	 0.35100365754698626
3.2482	 0.35042308154281526
3.2462	 0.3498355257820049
3.2442	 0.34924753531525576
3.2421	 0.3480269580213808
3.2401	 0.3470305427124481
3.2381	 0.3464414865977184
3.2361	 0.34583665071713177
3.234	 0.34523562136277713
3.232	 0.3446382628158531
3.23	 0.344041225588341
3.228	 0.3428882355237824
3.226	 0.34229177355453727
3.224	 0.34169919205571603
3.222	 0.3407262086288083
3.22	 0.340173064434372
3.218	 0.3396448331629109
3.216	 0.3391412541556991
3.214	 0.338662634793549
3.212	 0.33770915357213716
3.21	 0.3372805897118573
3.208	 0.3368905708993406
3.206	 0.33653384202610254
3.204	 0.3357428059968909
3.2021	 0.3354149343449465
3.2001	 0.3346659052318641
3.1981	 0.3344100475320108
3.1961	 0.33419324531425626
3.1942	 0.3340118042560486
3.1922	 0.3338717339915252
3.1902	 0.3337632537169941
3.1883	 0.33369216620444053
3.1863	 0.333075492793756
3.1844	 0.33258810518649107
3.1824	 0.33263439239105064
3.1805	 0.3327324502161279
3.1785	 0.33286465898695833
3.1766	 0.33303489216362087
3.1746	 0.33324421764733875
3.1727	 0.33348704144334235
3.1707	 0.33262954377918524
3.1688	 0.33290124754810513
3.1669	 0.3331915059501339
3.1649	 0.33348498679654737
3.163	 0.3337805810752953
3.1611	 0.33407952661127005
3.1591	 0.33438334431730216
3.1572	 0.3342586399482165
3.1553	 0.3345234995694485
3.1534	 0.3340226973746637
3.1515	 0.3342668447695651
3.1495	 0.33450999249547325
3.1476	 0.3347530989234335
3.1457	 0.33498935020843484
3.1438	 0.33479213767819604
3.1419	 0.3350805986542536
3.14	 0.3353785164387562
3.1381	 0.33569861208899365
3.1362	 0.3352624640756753
3.1343	 0.33565983164684216
3.1324	 0.33609365760920173
3.1305	 0.33625639676906005
3.1286	 0.3367924482343767
3.1268	 0.33739877322710815
3.1249	 0.3380571782644351
3.123	 0.3387570106776957
3.1211	 0.3386604567356167
3.1192	 0.33946516357942036
3.1174	 0.3402335510515436
3.1155	 0.3411828977920945
3.1136	 0.34218143913602633
3.1117	 0.3432477388326579
3.1099	 0.3443820360303845
3.108	 0.3455668656371013
3.1061	 0.3467966711260422
3.1043	 0.3471738898757356
3.1024	 0.34850005980191473
3.1006	 0.3498732760611993
3.0987	 0.3512800835196205
3.0969	 0.35271269899730845
3.095	 0.35417205118063905
3.0932	 0.3556504380268527
3.0913	 0.3572280057190344
3.0895	 0.3577977473691914
3.0876	 0.35934515884388357
3.0858	 0.36090853159277136
3.084	 0.362492365874993
3.0821	 0.36408006515588776
3.0803	 0.36565906885672195
3.0785	 0.3672394384011484
3.0766	 0.36895756909176314
3.0748	 0.3705543238801353
3.073	 0.3712463661926924
3.0712	 0.3728542417153163
3.0694	 0.3744747416311312
3.0675	 0.3761018113553788
3.0657	 0.37795992291609676
3.0639	 0.37963102504995844
3.0621	 0.3813143476332711
3.0603	 0.38302620474011884
3.0585	 0.38385688587817607
3.0567	 0.385614525836947
3.0549	 0.38740588933886205
3.0531	 0.3892173682318264
3.0513	 0.39144276639055625
3.0495	 0.39333747629829435
3.0477	 0.39526882274450414
3.0459	 0.3972348729349672
3.0441	 0.3992474443841875
3.0423	 0.40032408769078315
3.0406	 0.4024304290741551
3.0388	 0.4051919865683372
3.037	 0.40742905264629087
3.0352	 0.4097261382613216
3.0334	 0.4120545504499235
3.0317	 0.41443861456830255
3.0299	 0.4168963625366258
3.0281	 0.4192856421106725
3.0264	 0.4219146101081956
3.0246	 0.4245988990610445
3.0228	 0.4273221010923184
3.0211	 0.4300773863673668
3.0193	 0.43284110463647546
3.0176	 0.43562024658076615
3.0158	 0.4396170741757028
3.014	 0.44254036864768703
3.0123	 0.4444587852776265
3.0105	 0.4474989579031874
3.0088	 0.45057243253205354
3.007	 0.45366227708479945
3.0053	 0.4567757500547688
3.0036	 0.4612777312879833
3.0018	 0.4643973871597598
3.0001	 0.4665022043658428
2.9984	 0.4696910221007899
2.9966	 0.4729421843100072
2.9949	 0.47623928504608104
2.9932	 0.4810365412252805
2.9914	 0.48437433413532793
2.9897	 0.4877225009078469
2.988	 0.49106809319582784
2.9863	 0.49441170705206927
2.9845	 0.4968563136811016
2.9828	 0.5002268745602299
2.9811	 0.5050155812049181
2.9794	 0.5083428744787222
2.9777	 0.5116863801681035
2.976	 0.5150338975310904
2.9743	 0.5183767786334434
2.9726	 0.5217259539637011
2.9709	 0.5242762627217827
2.9692	 0.5292253185378718
2.9675	 0.5326816489726449
2.9658	 0.5361714198579507
2.9641	 0.5396998584391539
2.9624	 0.5432647860754384
2.9607	 0.5468630197034977
2.959	 0.5504974544960094
2.9573	 0.5550477635244059
2.9556	 0.5587898916315525
2.9539	 0.5625880607701819
2.9523	 0.5664120970742978
2.9506	 0.570254257002189
2.9489	 0.5741096433888343
2.9472	 0.5796623506310864
2.9455	 0.5835207440351347
2.9439	 0.5865292197498537
2.9422	 0.5903322856025583
2.9405	 0.5941109796979005
2.9389	 0.597869132223842
2.9372	 0.6015832636786551
2.9355	 0.6068117607023923
2.9339	 0.6103983085576307
2.9322	 0.6139422076928747
2.9306	 0.6166894059304004
2.9289	 0.6201543962730918
2.9272	 0.6235292329690229
2.9256	 0.6268162626696476
2.9239	 0.6314829860749842
2.9223	 0.6346387134357904
2.9207	 0.637734048910953
2.919	 0.640761463477493
2.9174	 0.6431287914996454
2.9157	 0.6460673754917469
2.9141	 0.6503397278224735
2.9124	 0.6531734916926029
2.9108	 0.6559433036949476
2.9092	 0.6586519035185838
2.9075	 0.6613277422752473
2.9059	 0.66397147065729
2.9043	 0.6661434265974683
2.9027	 0.6700411437196607
2.901	 0.6725617519271442
2.8994	 0.6750400715892154
2.8978	 0.6774923871549118
2.8962	 0.679919257841931
2.8946	 0.6823175248508502
2.8929	 0.6859261721801316
2.8913	 0.6879356359364409
2.8897	 0.6902097388749415
2.8881	 0.6924529544381092
2.8865	 0.6946592870973443
2.8849	 0.6968204497211262
2.8833	 0.6989404988756275
2.8817	 0.7020928957806655
2.8801	 0.7041378320498031
2.8785	 0.7061425738028865
2.8769	 0.7079018829121445
2.8753	 0.7098502928090021
2.8737	 0.7117689262265366
2.8721	 0.7146036323899465
2.8705	 0.7164545984218833
2.8689	 0.7182789664252716
2.8673	 0.7200725483057506
2.8658	 0.721655778124048
2.8642	 0.7233892095714269
2.8626	 0.7250925262649559
2.861	 0.7276227009288578
2.8594	 0.729240295330502
2.8579	 0.7308213193945251
2.8563	 0.7323589527855044
2.8547	 0.7338567290419801
2.8531	 0.7353264537297632
2.8516	 0.7373680112143634
2.85	 0.7387258419501829
2.8484	 0.7400392428111333
2.8469	 0.741304469867934
2.8453	 0.7425280811634688
2.8437	 0.7436947087685388
2.8422	 0.745439256334175
2.8406	 0.7464798297446762
2.8391	 0.7473840797776463
2.8375	 0.748332703686419
2.836	 0.7492105101095641
2.8344	 0.7500387239620114
2.8329	 0.7508204392062872
2.8313	 0.7520741787518418
2.8298	 0.7527025272508866
2.8282	 0.7532316106623258
2.8267	 0.7537371759592735
2.8252	 0.7541771347039784
2.8236	 0.7550464494938888
2.8221	 0.7553833122002489
2.8205	 0.7556791711728799
2.819	 0.7559513823204385
2.8175	 0.756187841588373
2.8159	 0.7564062747592646
2.8144	 0.7565335898459418
2.8129	 0.756987977449109
2.8114	 0.7569682896180772
2.8098	 0.7568954354182792
2.8083	 0.7567763193832456
2.8068	 0.7566218744081689
2.8053	 0.7564318128101957
2.8038	 0.7567186859656987
2.8022	 0.7565096741209332
2.8007	 0.7562937080177063
2.7992	 0.756046524523288
2.7977	 0.7557399836631018
2.7962	 0.755368840522871
2.7947	 0.7549438644505306
2.7932	 0.7550570633302168
2.7917	 0.754592190776345
2.7902	 0.7540987403292017
2.7887	 0.7535877125288538
2.7872	 0.7530643764889744
2.7857	 0.7525180690977434
2.7842	 0.7522343370721332
2.7827	 0.7516417937278299
2.7812	 0.7513920182065343
2.7797	 0.7507809472603376
2.7782	 0.7501425422988031
2.7767	 0.7494683239207329
2.7752	 0.7490036293869107
2.7738	 0.7482611889588804
2.7723	 0.747478465270221
2.7708	 0.7466504946318935
2.7693	 0.7462237590264359
2.7678	 0.7453202108985567
2.7664	 0.7443647579375604
2.7649	 0.7435513561571225
2.7634	 0.742492644325405
2.7619	 0.7413855341675719
2.7605	 0.7402271519308892
2.759	 0.7390197057041847
2.7575	 0.7384862467073764
2.7561	 0.7371946055059926
2.7546	 0.7358472683228979
2.7531	 0.7344586367704602
2.7517	 0.7330393892027108
2.7502	 0.7315823076063017
2.7488	 0.7300941186151627
2.7473	 0.7293942038644494
2.7458	 0.7278703040837156
2.7444	 0.7263347448006213
2.7429	 0.7247932470856661
2.7415	 0.723236616366191
2.74	 0.7216632120120887
2.7386	 0.7201972148633554
2.7371	 0.7186012475254819
2.7357	 0.7177366567859554
2.7343	 0.7161367600064388
2.7328	 0.7145250172082642
2.7314	 0.7128951122785964
2.7299	 0.711351841199908
2.7285	 0.7097125350559382
2.7271	 0.7080839564980105
2.7256	 0.7064627448501364
2.7242	 0.7055940284050114
2.7228	 0.7039715218967232
2.7213	 0.7024307907614618
2.7199	 0.700794696926245
2.7185	 0.6991465535637604
2.7171	 0.6974799146523757
2.7156	 0.6957941215649158
2.7142	 0.6948744900343319
2.7128	 0.6932395301899905
2.7114	 0.6915135287089199
2.71	 0.6897737820533855
2.7085	 0.6880163488760431
2.7071	 0.686234833188119
2.7057	 0.6844363668336506
2.7043	 0.6827010389845521
2.7029	 0.6817040155778299
2.7015	 0.6798828384710884
2.7001	 0.6780555581172661
2.6987	 0.6762154195723852
2.6973	 0.6743603313987641
2.6959	 0.6725850520242105
2.6945	 0.6707095955241323
2.6931	 0.6697019016886647
2.6917	 0.6678216233133407
2.6903	 0.665948830497969
2.6889	 0.66408037991089
2.6875	 0.6622963536457483
2.6861	 0.6604299206754359
2.6847	 0.658575709500725
2.6833	 0.656729927368283
2.6819	 0.6558272061362782
2.6805	 0.65409465939459
2.6791	 0.6522874931899244
2.6778	 0.6504893868632936
2.6764	 0.6486895708666512
2.675	 0.6468885099563356
2.6736	 0.6450930031313897
2.6722	 0.6442672301504833
2.6709	 0.6425682140032437
2.6695	 0.6407648796923398
2.6681	 0.6389564544268178
2.6667	 0.6371450041732287
2.6654	 0.6353306015616947
2.664	 0.6335111135181629
2.6626	 0.6317744307732781
2.6613	 0.6309375201867556
2.6599	 0.6291225764246747
2.6585	 0.6273119061019244
2.6572	 0.6255120640897726
2.6558	 0.6237245623563582
2.6545	 0.6220418358231091
2.6531	 0.6202763134213323
2.6517	 0.6195212625346477
2.6504	 0.6177965616913845
2.649	 0.6160836711159549
2.6477	 0.6144804531318817
2.6463	 0.6127993134141347
2.645	 0.6111379699579628
2.6436	 0.6094998269449348
2.6423	 0.6088517895108675
2.6409	 0.6072506839450544
2.6396	 0.6056683051460614
2.6382	 0.6041993980265563
2.6369	 0.6026646137084742
2.6356	 0.601150887021567
2.6342	 0.5996490933252246
2.6329	 0.5981635248689322
2.6315	 0.5977164788779131
2.6302	 0.5962720588108544
2.6289	 0.5948453522588469
2.6275	 0.5934380380125523
2.6262	 0.5920584764348854
2.6249	 0.5906931079880402
2.6236	 0.5902129894590462
2.6222	 0.5889481042696141
2.6209	 0.587618976846466
2.6196	 0.5862979720190282
2.6183	 0.5849863704668447
2.6169	 0.5837553876904293
2.6156	 0.5824833150715052
2.6143	 0.5812348592802864
2.613	 0.5808287865207789
2.6117	 0.5796107949393648
2.6103	 0.5784102007772918
2.609	 0.577226354419343
2.6077	 0.576093728096249
2.6064	 0.5749183499570544
2.6051	 0.5737519466635631
2.6038	 0.5733808751120957
2.6025	 0.572215798345882
2.6012	 0.5710471270878513
2.5999	 0.5698940973478059
2.5986	 0.568730165584876
2.5973	 0.5675788911457392
2.596	 0.5664410828791443
2.5947	 0.5653076477854942
2.5934	 0.5649037822526266
2.5921	 0.5637617333174493
2.5908	 0.5626234662106968
2.5895	 0.5614839943746607
2.5882	 0.5603437381890886
2.5869	 0.5592016744731234
2.5856	 0.5579961374349479
2.5843	 0.5575882061251093
2.583	 0.556438892528273
2.5817	 0.5552888804023713
2.5805	 0.5541378456507311
2.5792	 0.5529895425218111
2.5779	 0.5517319954611081
2.5766	 0.5505906531293637
2.5753	 0.5501629188587603
2.5741	 0.5490219618890919
2.5728	 0.5478834162627683
2.5715	 0.5465556504254765
2.5702	 0.5454129533037271
2.569	 0.5442750204600766
2.5677	 0.543144407546573
2.5664	 0.5420217498098674
2.5651	 0.5415256046103991
2.5639	 0.5400674058326567
2.5626	 0.538892530220848
2.5613	 0.537711341193919
2.5601	 0.5365225108267214
2.5588	 0.5353205319330894
2.5575	 0.5346743017803944
2.5563	 0.5329488675474515
2.555	 0.5316808521901215
2.5538	 0.5303990039868103
2.5525	 0.5290997563799144
2.5513	 0.5277854144672361
2.55	 0.5257971839057708
2.5487	 0.524429044149157
2.5475	 0.523553080985165
2.5462	 0.5221570816962373
2.545	 0.5207441164878541
2.5437	 0.5193160253836846
2.5425	 0.51710726799337
2.5413	 0.5156633549333456
2.54	 0.5142155633951485
2.5388	 0.5132320159870847
2.5375	 0.5117871442811571
2.5363	 0.5103489748410818
2.535	 0.5081322258360582
2.5338	 0.5067112315099424
2.5326	 0.5053103745344895
2.5313	 0.5039310425399496
2.5301	 0.502984262793572
2.5289	 0.5016273419320889
2.5276	 0.4995952332969238
2.5264	 0.4982868217808299
2.5252	 0.49699646278172177
2.5239	 0.49573047153519506
2.5227	 0.49448974267811685
2.5215	 0.4930809904814724
2.5202	 0.49188870261113304
2.519	 0.49072244169997153
2.5178	 0.4895857610225388
2.5166	 0.48847385644342883
2.5154	 0.4873891753609294
2.5141	 0.48587500352359564
2.5129	 0.48518923352911686
2.5117	 0.48418866366172153
2.5105	 0.483214184627439
2.5093	 0.4822644875881261
2.5081	 0.48102069563884947
2.5068	 0.4801515386905283
2.5056	 0.47931166893866156
2.5044	 0.47876483118614166
2.5032	 0.47795837861985235
2.502	 0.4769817487182671
2.5008	 0.47623564354921105
2.4996	 0.47550658020232994
2.4984	 0.4747992192080308
2.4972	 0.47410597355046075
2.496	 0.4736465263280127
2.4948	 0.4728873432980916
2.4936	 0.47224348164215607
2.4924	 0.47161179649330004
2.4912	 0.470995397946424
2.49	 0.4703864817675221
2.4888	 0.46975797276703846
2.4876	 0.46936292651947237
2.4864	 0.4687875370018791
2.4852	 0.4682229943120694
2.484	 0.4676631199068203
2.4828	 0.4671030983444204
2.4816	 0.4665888456050499
2.4805	 0.4662402055504535
2.4793	 0.46571110515099606
2.4781	 0.4651756790581923
2.4769	 0.4646471146512938
2.4757	 0.464196082437962
2.4745	 0.4636855882905817
2.4734	 0.4631742364768531
2.4722	 0.4626588918450089
2.471	 0.46229699953692655
2.4698	 0.4617847570218675
2.4686	 0.4613322776863908
2.4675	 0.4608215916652306
2.4663	 0.460317545727975
2.4651	 0.4598151134147798
2.464	 0.45931053830254304
2.4628	 0.4589098729072467
2.4616	 0.45841117683803084
2.4604	 0.4578814042609783
2.4593	 0.4573424746288476
2.4581	 0.4567890082749634
2.4569	 0.45621966909823713
2.4558	 0.4555903769473164
2.4546	 0.45506433221971365
2.4535	 0.45444571688904717
2.4523	 0.45381917628923496
2.4511	 0.45318630413689603
2.45	 0.4525131697709721
2.4488	 0.4519197769736075
2.4477	 0.4514297655448008
2.4465	 0.45088282295509463
2.4454	 0.4503553915900246
2.4442	 0.44993677855804054
2.4431	 0.4494690060817618
2.4419	 0.4490225440403529
2.4408	 0.4485983495304719
2.4396	 0.448191763201421
2.4385	 0.4478853391349722
2.4373	 0.4477402688778217
2.4362	 0.44739691504410495
2.435	 0.4470733146523623
2.4339	 0.4467680112973527
2.4327	 0.44647523962452057
2.4316	 0.446576256959421
2.4305	 0.4463093757109026
2.4293	 0.4460581642367723
2.4282	 0.4458273004106291
2.427	 0.44560162315665813
2.4259	 0.44572859368478224
2.4248	 0.4455258744948903
2.4236	 0.44532827082814924
2.4225	 0.44521573339278836
2.4214	 0.44503493930261484
2.4202	 0.44523631625541155
2.4191	 0.44507132449399694
2.418	 0.44491380807957603
2.4169	 0.4448422377609357
2.4157	 0.44469502978517944
2.4146	 0.4445558633434748
2.4135	 0.44482187199877143
2.4124	 0.44469717914342677
2.4112	 0.4445808975333307
2.4101	 0.44447096628768257
2.409	 0.4443686939885422
2.4079	 0.4443501945420738
2.4068	 0.4446494843363982
2.4056	 0.4445708017701852
2.4045	 0.4444950729296475
2.4034	 0.4444325198640961
2.4023	 0.44477446708366
2.4012	 0.4447393206541982
2.4001	 0.4447780088524549
2.399	 0.4447647880165045
2.3979	 0.44476368640235936
2.3967	 0.44477182680686506
2.3956	 0.4451794439333163
2.3945	 0.44522116117350113
2.3934	 0.4453341888427761
2.3923	 0.4454048207755406
2.3912	 0.4454863343832244
2.3901	 0.445973601397343
2.389	 0.4460772587907371
2.3879	 0.4461982357391719
2.3868	 0.4463399731401061
2.3857	 0.44654781091819
2.3846	 0.4471103375195211
2.3835	 0.44730044913599937
2.3824	 0.4475136994703341
2.3813	 0.4477446149980562
2.3802	 0.4479897047651215
2.3791	 0.44825395910518584
2.3781	 0.44895387713269
2.377	 0.44925830240370157
2.3759	 0.44958437173758464
2.3748	 0.4499360570832592
2.3737	 0.45031869368251704
2.3726	 0.4511052666264012
2.3715	 0.4515864015524201
2.3704	 0.45205938472599017
2.3694	 0.4525662353627257
2.3683	 0.45310485226723607
2.3672	 0.4540411742675698
2.3661	 0.4546451403249446
2.365	 0.4552949388659558
2.364	 0.4560338408733634
2.3629	 0.45679051029574097
2.3618	 0.4579484670595275
2.3607	 0.45880004334190155
2.3597	 0.4597060241061592
2.3586	 0.4606737045207347
2.3575	 0.46169844089011086
2.3564	 0.46314414234693
2.3554	 0.46427698707485077
2.3543	 0.4654668746256972
2.3532	 0.46671530868869704
2.3522	 0.46802055156519096
2.3511	 0.46937887072567924
2.35	 0.47109725278136816
2.349	 0.4725461681224273
2.3479	 0.47403818884217735
2.3468	 0.4755738760275557
2.3458	 0.4771534635976916
2.3447	 0.47904723687005835
2.3436	 0.48069086541972267
2.3426	 0.48233495898088813
2.3415	 0.48401884572115905
2.3405	 0.48572066991027635
2.3394	 0.487691176575931
2.3384	 0.48941083748962383
2.3373	 0.49113171183844895
2.3363	 0.49285668573661034
2.3352	 0.49475858094362896
2.3342	 0.4964708452314478
2.3331	 0.4981709715021208
2.3321	 0.4998544901249357
2.331	 0.501520288844153
2.33	 0.5031671902125417
2.3289	 0.50499454415752
2.3279	 0.506493498251813
2.3268	 0.5080621188904174
2.3258	 0.5096041232919037
2.3247	 0.5111136298796193
2.3237	 0.5127641073322702
2.3226	 0.5142115301146358
2.3216	 0.5155038741298367
2.3206	 0.5168979136505688
2.3195	 0.5182643136657005
2.3185	 0.519761991750872
2.3175	 0.5210698354398667
2.3164	 0.5223473734855447
2.3154	 0.5235982247430107
2.3144	 0.5246674531259158
2.3133	 0.5260155618187301
2.3123	 0.5271821325709937
2.3113	 0.5283225486784986
2.3102	 0.5294324724175145
2.3092	 0.5305100413635747
2.3082	 0.531498530342466
2.3071	 0.532504083128968
2.3061	 0.5334799100557618
2.3051	 0.5344215644839515
2.3041	 0.5353291530978531
2.303	 0.5363248062724182
2.302	 0.5369536220865837
2.301	 0.5377687170029144
2.3	 0.5385651930824825
2.299	 0.5393371158658634
2.2979	 0.5401907932603832
2.2969	 0.5409152538018671
2.2959	 0.5416252324747953
2.2949	 0.5420734573451533
2.2939	 0.5427541465395269
2.2929	 0.5435228601734448
2.2918	 0.544176063599058
2.2908	 0.5448155010690756
2.2898	 0.5454454739410253
2.2888	 0.5457978390439101
2.2878	 0.5465001031982776
2.2868	 0.5470961305627058
2.2858	 0.5476768231792147
2.2848	 0.5482424991935637
2.2838	 0.5487976389869159
2.2828	 0.5494307536968027
2.2818	 0.5496732483679507
2.2808	 0.5501873094090171
2.2798	 0.5506872856575296
2.2787	 0.551181340739415
2.2777	 0.5516017913107375
2.2767	 0.5520165759877516
2.2757	 0.5521227275174174
2.2747	 0.5525351990127562
2.2738	 0.5529465640130236
2.2728	 0.5533670580148603
2.2718	 0.5537992749161055
2.2708	 0.5542394543659298
2.2698	 0.5546879139838706
2.2688	 0.5548207218824954
2.2678	 0.5552881849030115
2.2668	 0.5557626429614083
2.2658	 0.5562470097825594
2.2648	 0.5567487026375816
2.2638	 0.5572700391816555
2.2628	 0.5578095133437319
2.2618	 0.5580313366947035
2.2609	 0.5586028012536524
2.2599	 0.5591990223467387
2.2589	 0.5598205093468188
2.2579	 0.5604705719275206
2.2569	 0.5611465936569793
2.2559	 0.5614904176332488
2.255	 0.562220640366441
2.254	 0.5629759797852414
2.253	 0.5637457460828637
2.252	 0.5645282628951838
2.251	 0.5653131086385671
2.2501	 0.5657120322129962
2.2491	 0.5664650159648263
2.2481	 0.5671889604126054
2.2471	 0.5678753974547122
2.2462	 0.5685247375678946
2.2452	 0.5691422549739771
2.2442	 0.5693367184193057
2.2433	 0.5698844453440167
2.2423	 0.5704021600488054
2.2413	 0.5708830743563962
2.2403	 0.5713303469575092
2.2394	 0.5717473860407272
2.2384	 0.5721344815650383
2.2374	 0.5720927898307271
2.2365	 0.5724255925870628
2.2355	 0.5727302060761985
2.2345	 0.5730061849839683
2.2336	 0.5732607372967536
2.2326	 0.5735000489315615
2.2317	 0.5733218058556953
2.2307	 0.5735347084285325
2.2297	 0.573729421846737
2.2288	 0.5739024925423392
2.2278	 0.5740578143795889
2.2269	 0.5742067967733366
2.2259	 0.5739561045894577
2.225	 0.57408890663364
2.224	 0.5742123260839994
2.2231	 0.5743267273428668
2.2221	 0.5744294451154296
2.2211	 0.5745232838835009
2.2202	 0.5742230415588075
2.2192	 0.5743087462429239
2.2183	 0.5743906486149899
2.2173	 0.5744640458281771
2.2164	 0.5745330013205879
2.2155	 0.5745993615050113
2.2145	 0.5746490610334459
2.2136	 0.5743142930294634
2.2126	 0.574357432962447
2.2117	 0.5743993113027294
2.2107	 0.5744330230553211
2.2098	 0.5744609170396434
2.2088	 0.5744853071084309
2.2079	 0.5745112557119084
2.207	 0.5741825698497588
2.206	 0.5742057120622391
2.2051	 0.5742260479553118
2.2041	 0.5742447948583961
2.2032	 0.574253878699334
2.2023	 0.5739222523441638
2.2013	 0.5739232670279415
2.2004	 0.573923953241133
2.1995	 0.5739153942142622
2.1985	 0.5738962573075138
2.1976	 0.5738728770156786
2.1967	 0.5738473097418608
2.1957	 0.5735106554317037
2.1948	 0.5734728467697762
2.1939	 0.5734204536074774
2.193	 0.5733606873611607
2.192	 0.5732945027154651
2.1911	 0.573221687536034
2.1902	 0.5728725821916508
2.1893	 0.5727985916636521
2.1883	 0.5727202191042149
2.1874	 0.5726327562230474
2.1865	 0.5725308786106109
2.1856	 0.5724165212244593
2.1846	 0.5720735810797478
2.1837	 0.5719598196063359
2.1828	 0.5718337859161311
2.1819	 0.571698053775257
2.181	 0.5715607791315491
2.18	 0.5714140640405906
2.1791	 0.5712533585643329
2.1782	 0.5709240087812726
2.1773	 0.5707563660389003
2.1764	 0.5705783382855096
2.1755	 0.5703882343876643
2.1746	 0.5701812348772383
2.1736	 0.5699533837601252
2.1727	 0.5696239827444335
2.1718	 0.5693777502728281
2.1709	 0.5691127994010586
2.17	 0.568824797963438
2.1691	 0.5685181332399829
2.1682	 0.5681948246295419
2.1673	 0.5678590494867547
2.1664	 0.5675213142140995
2.1655	 0.5671613447297703
2.1646	 0.566764434901323
2.1637	 0.5663338970696662
2.1628	 0.565885861919965
2.1619	 0.5655502802498824
2.161	 0.5650801428299416
2.1601	 0.5645874440685099
2.1592	 0.5640652653247851
2.1583	 0.5635078723338298
2.1574	 0.5629207415549352
2.1565	 0.5625887838663317
2.1556	 0.5619762163891484
2.1547	 0.5613427596007755
2.1538	 0.5606839024402094
2.1529	 0.559998583093573
2.152	 0.5592923260590122
2.1511	 0.5585670190880743
2.1502	 0.5582897286436042
2.1493	 0.5575520083161045
2.1484	 0.5567946895524937
2.1475	 0.5560129967263712
2.1466	 0.555208200847492
2.1458	 0.5543910817414466
2.1449	 0.554142961782334
2.144	 0.5533248526546777
2.1431	 0.5524959315404887
2.1422	 0.5516554226941941
2.1413	 0.55081022577253
2.1404	 0.5499577270720598
2.1396	 0.5497272706487905
2.1387	 0.548872469026151
2.1378	 0.5480175137982846
2.1369	 0.5471642307626886
2.136	 0.5463023713825647
2.1352	 0.5460736311986987
2.1343	 0.5452200944028609
2.1334	 0.5443771676402058
2.1325	 0.543541058684198
2.1316	 0.5427181393725208
2.1308	 0.5419120882890294
2.1299	 0.5411200572581932
2.129	 0.5409462731462767
2.1281	 0.5401721503127425
2.1273	 0.5394038586142044
2.1264	 0.5386540726424941
2.1255	 0.537929789624878
2.1247	 0.5372358952263646
2.1238	 0.5370924595062162
2.1229	 0.5363938653530796
2.122	 0.5357076629024838
2.1212	 0.5350383687530768
2.1203	 0.5343863613030746
2.1194	 0.5337428288550635
2.1186	 0.5336093278597795
2.1177	 0.5329822203515617
2.1168	 0.5323787953496363
2.116	 0.5317977158296026
2.1151	 0.5312127479378795
2.1143	 0.5306222250656941
2.1134	 0.5304920931538283
2.1125	 0.5299269395239982
2.1117	 0.529373051355531
2.1108	 0.5288351525220406
2.11	 0.52831504856958
2.1091	 0.5278042720330988
2.1082	 0.5276943669047769
2.1074	 0.5272046337841777
2.1065	 0.5267108433521523
2.1057	 0.5262351499517764
2.1048	 0.5258100539870975
2.104	 0.5254071842229062
2.1031	 0.5253282247609155
2.1023	 0.5249361337575054
2.1014	 0.5245542426296717
2.1005	 0.5241786574141278
2.0997	 0.5238081186140687
2.0988	 0.523455210172431
2.098	 0.5233879235295829
2.0971	 0.5230746910534924
2.0963	 0.5227601144421972
2.0955	 0.5224152741715965
2.0946	 0.5220715077213052
2.0938	 0.5217621752864059
2.0929	 0.5216755144616593
2.0921	 0.5213502087488718
2.0912	 0.5210183944636019
2.0904	 0.5206916845073604
2.0895	 0.5203370822800307
2.0887	 0.519976939676792
2.0879	 0.5198349538752564
2.087	 0.5194635970304581
2.0862	 0.5190747169638086
2.0853	 0.5186563590993509
2.0845	 0.5183521111883644
2.0837	 0.5180858819803964
2.0828	 0.5178128285009083
2.082	 0.5172970998058106
2.0812	 0.516779736749653
2.0803	 0.5163209332143329
2.0795	 0.0
