15.3853	 1.0
15.3397	 0.5
15.2945	 0.5
15.2495	 0.5
15.2048	 0.5
15.1603	 0.5
15.1161	 0.5
15.0722	 0.5
15.0285	 0.5
14.9851	 0.5
14.9419	 0.5
14.8989	 0.5
14.8563	 0.5
14.8138	 0.5
14.7716	 0.5
14.7296	 0.5
14.6879	 0.5
14.6464	 0.5
14.6052	 0.5
14.5641	 0.5
14.5233	 0.5
14.4828	 0.5
14.4424	 0.5
14.4023	 0.5
14.3624	 0.5
14.3227	 0.5
14.2833	 0.5
14.244	 0.5
14.205	 0.5
14.1662	 0.5
14.1276	 0.5
14.0892	 0.5
14.051	 0.5
14.0131	 0.5
13.9753	 0.5
13.9377	 0.5
13.9004	 0.5
13.8632	 0.5
13.8262	 0.5
13.7895	 0.5
13.7529	 0.5
13.7165	 0.5
13.6803	 0.5
13.6443	 0.5
13.6085	 0.5
13.5729	 0.5
13.5374	 0.5
13.5022	 0.5
13.4671	 0.5
13.4322	 0.5
13.3975	 0.5
13.363	 0.5
13.3286	 0.5
13.2944	 0.5
13.2604	 0.5
13.2266	 0.49999999999999994
13.193	 0.49999999999999994
13.1595	 0.49999999999999994
13.1262	 0.49999999999999994
13.093	 0.49999999999999994
13.06	 0.49999999999999994
13.0272	 0.5
12.9946	 0.5
12.9621	 0.5
12.9298	 0.5
12.8976	 0.5
12.8656	 0.5
12.8337	 0.5
12.8021	 0.5
12.7705	 0.5
12.7391	 0.5
12.7079	 0.5
12.6769	 0.5
12.6459	 0.5
12.6152	 0.5
12.5845	 0.5
12.5541	 0.5
12.5238	 0.5
12.4936	 0.5
12.4635	 0.5
12.4337	 0.5
12.4039	 0.5
12.3743	 0.5
12.3448	 0.5
12.3155	 0.5
12.2863	 0.5
12.2573	 0.5
12.2284	 0.5
12.1996	 0.5
12.171	 0.5
12.1425	 0.5
12.1141	 0.5
12.0859	 0.5
12.0578	 0.5
12.0298	 0.5
12.0019	 0.5
11.9742	 0.5
11.9466	 0.5
11.9192	 0.5
11.8918	 0.5
11.8646	 0.5
11.8375	 0.5
11.8106	 0.5
11.7837	 0.5
11.757	 0.5
11.7304	 0.5
11.7039	 0.5
11.6776	 0.5
11.6513	 0.5
11.6252	 0.5
11.5992	 0.5
11.5733	 0.5
11.5475	 0.5
11.5219	 0.5
11.4963	 0.5
11.4709	 0.5
11.4455	 0.5
11.4203	 0.5
11.3952	 0.5
11.3702	 0.5
11.3454	 0.5
11.3206	 0.5
11.2959	 0.5
11.2714	 0.5
11.2469	 0.5
11.2226	 0.5
11.1983	 0.5
11.1742	 0.5
11.1502	 0.5
11.1263	 0.5
11.1024	 0.5
11.0787	 0.5
11.0551	 0.5
11.0316	 0.5
11.0081	 0.5
10.9848	 0.5
10.9616	 0.5
10.9385	 0.5
10.9154	 0.5
10.8925	 0.5
10.8697	 0.5
10.8469	 0.5
10.8243	 0.5
10.8017	 0.5
10.7793	 0.5
10.7569	 0.5
10.7346	 0.5
10.7125	 0.5
10.6904	 0.5
10.6684	 0.5
10.6465	 0.5
10.6247	 0.5
10.6029	 0.5
10.5813	 0.5
10.5597	 0.5
10.5383	 0.5
10.5169	 0.5
10.4956	 0.5
10.4744	 0.5
10.4533	 0.5
10.4323	 0.5
10.4113	 0.5
10.3904	 0.5
10.3697	 0.5
10.349	 0.5
10.3284	 0.5
10.3078	 0.5
10.2874	 0.5
10.267	 0.5
10.2467	 0.5
10.2265	 0.5
10.2064	 0.5
10.1863	 0.5
10.1663	 0.5
10.1464	 0.5
10.1266	 0.5
10.1069	 0.5
10.0872	 0.5
10.0676	 0.5
10.0481	 0.5
10.0287	 0.5
10.0093	 0.5
9.9901	 0.5
9.9708	 0.5
9.9517	 0.5
9.9326	 0.5
9.9136	 0.5
9.8947	 0.5
9.8759	 0.5
9.8571	 0.5
9.8384	 0.5
9.8198	 0.5
9.8012	 0.5
9.7827	 0.5
9.7643	 0.5
9.7459	 0.5
9.7276	 0.5
9.7094	 0.5
9.6913	 0.5
9.6732	 0.5
9.6552	 0.5
9.6372	 0.5
9.6194	 0.5
9.6015	 0.5
9.5838	 0.5007908152248031
9.5661	 0.5029856876477227
9.5485	 0.5063641471905467
9.5309	 0.5109850014796743
9.5135	 0.5169430357195222
9.496	 0.5238391920177438
9.4787	 0.53147062968603
9.4614	 0.5397062176335905
9.4441	 0.5483166635851475
9.427	 0.5572221992663324
9.4099	 0.5664726680799382
9.3928	 0.5790188555289436
9.3758	 0.5860324134258535
9.3589	 0.5910572655524141
9.342	 0.5942570913869312
9.3252	 0.5954862274650832
9.3085	 0.5949697504605719
9.2918	 0.5932556151960782
9.2752	 0.5905361493363299
9.2586	 0.5869595980064508
9.2421	 0.5826647349766909
9.2257	 0.5777667111258528
9.2093	 0.5723518397254086
9.193	 0.5719225577872711
9.1767	 0.5667397832838919
9.1605	 0.5621694141544128
9.1443	 0.5581427939081506
9.1282	 0.5547547856955597
9.1122	 0.5521617880741653
9.0962	 0.5499987178172121
9.0803	 0.5481004349401577
9.0644	 0.5464097283854028
9.0486	 0.5448359430407487
9.0328	 0.5447884838909287
9.0171	 0.5434586695687518
9.0015	 0.5420591137041978
8.9858	 0.5407495082751771
8.9703	 0.5394858641648513
8.9548	 0.5381274844754231
8.9394	 0.536641650247964
8.924	 0.5348429580234654
8.9086	 0.5326450548684158
8.8934	 0.5301042482543483
8.8781	 0.5272675299355395
8.863	 0.5242201370645728
8.8478	 0.5207794784220148
8.8328	 0.5181998609066423
8.8177	 0.5132906609875189
8.8028	 0.507694082654249
8.7879	 0.501074283013516
8.773	 0.4932721112406665
8.7582	 0.48449327814321186
8.7434	 0.4749655481382736
8.7287	 0.46495928875936554
8.714	 0.45472701186332426
8.6994	 0.44033017561928844
8.6848	 0.4310618363886515
8.6703	 0.4221212730209392
8.6558	 0.41336121855778907
8.6414	 0.4052267202729261
8.627	 0.39823957194899906
8.6127	 0.392518603061543
8.5984	 0.3883322992233285
8.5842	 0.38609848008856307
8.57	 0.38582804174850627
8.5558	 0.38721673422541414
8.5417	 0.3899450732546323
8.5277	 0.3937294070896993
8.5137	 0.3982730039608167
8.4997	 0.39870715516556676
8.4858	 0.40270926293556025
8.4719	 0.40677282752638344
8.4581	 0.4113119015463392
8.4444	 0.41647859996447545
8.4306	 0.4219652196781375
8.4169	 0.42740636041262586
8.4033	 0.4335656199115224
8.3897	 0.4397277567714029
8.3761	 0.4455179566834861
8.3626	 0.45091010375920165
8.3492	 0.4559495552185875
8.3357	 0.46057644157087013
8.3224	 0.46480147955664397
8.309	 0.46895970542370913
8.2957	 0.47321450710042984
8.2825	 0.4775622132807094
8.2693	 0.4817365252834415
8.2561	 0.4853692705545792
8.243	 0.48835276413054485
8.2299	 0.4908173673941315
8.2169	 0.49042706700915156
8.2038	 0.49208270702157997
8.1909	 0.49300174833284527
8.178	 0.493327681857403
8.1651	 0.4932043906985815
8.1523	 0.492633428491185
8.1395	 0.49163115627513915
8.1267	 0.4909420200103347
8.114	 0.4902433004265697
8.1013	 0.4895542839370813
8.0887	 0.4890597774019271
8.0761	 0.48881596939328276
8.0635	 0.48880653216733666
8.051	 0.4890811608843593
8.0385	 0.48964354143942285
8.0261	 0.49040522250147023
8.0137	 0.4912146233235863
8.0013	 0.49206883829737125
7.989	 0.4929120372583281
7.9767	 0.49368139197306193
7.9644	 0.4944661888974999
7.9522	 0.4953413892481977
7.94	 0.49563000765852194
7.9279	 0.4964075709378174
7.9158	 0.49712362509196345
7.9037	 0.4978440277313623
7.8917	 0.4984540182094823
7.8797	 0.49897039981807256
7.8677	 0.4994378703943992
7.8558	 0.4997838190250297
7.8439	 0.499947856585581
7.8321	 0.5
7.8203	 0.5
7.8085	 0.5
7.7967	 0.5
7.785	 0.5
7.7734	 0.5
7.7617	 0.5
7.7501	 0.5
7.7386	 0.5
7.727	 0.5
7.7155	 0.5
7.7041	 0.5
7.6926	 0.5
7.6812	 0.5
7.6699	 0.5
7.6585	 0.5
7.6472	 0.5
7.636	 0.5
7.6247	 0.5
7.6136	 0.5
7.6024	 0.5
7.5913	 0.5
7.5802	 0.5
7.5691	 0.5
7.5581	 0.5
7.5471	 0.5
7.5361	 0.5
7.5252	 0.5
7.5142	 0.5
7.5034	 0.5
7.4925	 0.5
7.4817	 0.5000000000000001
7.4709	 0.5000000000000001
7.4602	 0.5000000000000001
7.4495	 0.5000000000000001
7.4388	 0.5000000000000001
7.4281	 0.5000000000000001
7.4175	 0.5000000000000001
7.4069	 0.5000000000000001
7.3963	 0.5000000000000001
7.3858	 0.5000000000000001
7.3753	 0.5000000000000001
7.3648	 0.5000000000000001
7.3544	 0.5000000000000001
7.344	 0.5000000000000001
7.3336	 0.5000000000000001
7.3232	 0.5000000000000001
7.3129	 0.5000000000000001
7.3026	 0.5000000000000001
7.2923	 0.5000000000000001
7.2821	 0.5
7.2718	 0.5
7.2617	 0.5
7.2515	 0.5
7.2414	 0.5
7.2313	 0.5
7.2212	 0.5
7.2112	 0.5
7.2012	 0.5
7.1912	 0.5
7.1812	 0.5
7.1713	 0.5
7.1614	 0.5
7.1515	 0.5
7.1416	 0.5
7.1318	 0.5
7.122	 0.5000458222338999
7.1123	 0.5002224980855838
7.1025	 0.5003175829200547
7.0928	 0.5003175829200547
7.0831	 0.5003175829200547
7.0734	 0.5003175829200547
7.0638	 0.5003175829200547
7.0542	 0.5003175829200547
7.0446	 0.5003865454108986
7.0351	 0.5018894289249776
7.0255	 0.5045539566344145
7.016	 0.5080347907768602
7.0065	 0.511928832027146
6.9971	 0.5161286046080432
6.9877	 0.5207179226986065
6.9782	 0.5256824520737815
6.9689	 0.5309311952044057
6.9595	 0.5406844090272909
6.9502	 0.5467031605469393
6.9409	 0.5528557081190728
6.9316	 0.5590457456258312
6.9223	 0.5652487436156978
6.9131	 0.571354202375145
6.9039	 0.5773733161477166
6.8947	 0.5833966626444431
6.8856	 0.589438710097668
6.8764	 0.5954478235896272
6.8673	 0.6012827866496174
6.8582	 0.6068729178930815
6.8492	 0.6121722587473705
6.8402	 0.6164260255580202
6.8311	 0.6185365373453326
6.8221	 0.6187781466696999
6.8132	 0.6171650483293765
6.8042	 0.6144580771904531
6.7953	 0.6107219411683801
6.7864	 0.6058167543441225
6.7776	 0.5997471027811524
6.7687	 0.5924748109098448
6.7599	 0.5853544928511859
6.7511	 0.5755941439707675
6.7423	 0.5651519564447572
6.7336	 0.5542597865469696
6.7248	 0.542987409517085
6.7161	 0.5313471247886193
6.7074	 0.5194405834856578
6.6988	 0.5072796877652744
6.6901	 0.49492057965554737
6.6815	 0.48231387698709793
6.6729	 0.46957004978822403
6.6643	 0.45472681266519244
6.6558	 0.4425494715019874
6.6472	 0.4305865707268992
6.6387	 0.4195696102534691
6.6302	 0.4095819107457926
6.6217	 0.40082938401916623
6.6133	 0.3952730622774109
6.6049	 0.388696153739132
6.5965	 0.3834150372944572
6.5881	 0.37959982151623073
6.5797	 0.377357553691555
6.5714	 0.37677781337274263
6.5631	 0.37801996154587414
6.5548	 0.3810956752451919
6.5465	 0.385134523505871
6.5382	 0.38948992425090273
6.53	 0.39409937168871617
6.5218	 0.3989923647307414
6.5136	 0.40418801182308467
6.5054	 0.4096618972889753
6.4973	 0.41532115910053563
6.4892	 0.4212400957410791
6.481	 0.42747959154272097
6.4729	 0.43390581739762824
6.4649	 0.4363089409655637
6.4568	 0.442630477025379
6.4488	 0.44901895286549776
6.4408	 0.45555154394028674
6.4328	 0.4622192558766786
6.4248	 0.4687395914849287
6.4169	 0.4748783951372545
6.4089	 0.48060586097644464
6.401	 0.4857842641790992
6.3931	 0.49031694205419757
6.3853	 0.494090884800405
6.3774	 0.49702464617615755
6.3696	 0.499003915753565
6.3618	 0.49996810220546034
6.354	 0.5
6.3462	 0.5
6.3384	 0.5
6.3307	 0.5
6.323	 0.5
6.3153	 0.5
6.3076	 0.5
6.2999	 0.5
6.2923	 0.5
6.2847	 0.5
6.277	 0.5
6.2694	 0.5
6.2619	 0.5
6.2543	 0.5006276199383347
6.2468	 0.502124312526316
6.2393	 0.5042779092079199
6.2318	 0.5070492606926448
6.2243	 0.5106024293677022
6.2168	 0.5149000754350233
6.2094	 0.5198272737126336
6.202	 0.5251639762286656
6.1945	 0.5308489443245918
6.1871	 0.5368811963680008
6.1798	 0.547696317973205
6.1724	 0.5536807999300125
6.1651	 0.5594205089380913
6.1578	 0.5647010559175161
6.1505	 0.5694395534995754
6.1432	 0.5737882601982631
6.1359	 0.578332259501687
6.1286	 0.5834445273953697
6.1214	 0.5889609744653496
6.1142	 0.5946880740065178
6.107	 0.6004341072364261
6.0998	 0.60614378584992
6.0926	 0.611833705059745
6.0855	 0.6174216468733996
6.0784	 0.6250624277388894
6.0712	 0.6302387993207681
6.0641	 0.6353212609404031
6.0571	 0.6399990527174831
6.05	 0.6435676653255116
6.0429	 0.6458998661489337
6.0359	 0.6472323537043164
6.0289	 0.647559996139057
6.0219	 0.6467544898114285
6.0149	 0.6447911736777433
6.0079	 0.6417981327321917
6.001	 0.638060824518681
5.994	 0.6336833250299222
5.9871	 0.6287523295092179
5.9802	 0.6248982210688204
5.9733	 0.6201501861266194
5.9664	 0.6154811277179673
5.9596	 0.6112310525525765
5.9527	 0.6076504169111243
5.9459	 0.6048213257026097
5.9391	 0.6022193267455032
5.9323	 0.5990026053088048
5.9255	 0.5948730261915026
5.9188	 0.5901036162003961
5.912	 0.5850226627052821
5.9053	 0.5798451933352712
5.8986	 0.5745473180408712
5.8919	 0.5691851461033705
5.8852	 0.5638161875814957
5.8785	 0.5621001780459622
5.8718	 0.5569450270245028
5.8652	 0.5519072461859281
5.8586	 0.5469387324992262
5.852	 0.5424121266589352
5.8454	 0.5385114782523154
5.8388	 0.5351453245828648
5.8322	 0.5322019928254567
5.8257	 0.5297554569775513
5.8191	 0.5279200519356235
5.8126	 0.5268165517718609
5.8061	 0.5263276765581301
5.7996	 0.5263115854243766
5.7931	 0.5266846922859449
5.7866	 0.5278387439831029
5.7802	 0.5284658452659015
5.7738	 0.5295669339172802
5.7673	 0.5297954679305555
5.7609	 0.5298031351495145
5.7545	 0.5296119222897925
5.7481	 0.5291112478299338
5.7418	 0.5283321806830051
5.7354	 0.527706554328958
5.7291	 0.5275136681587151
5.7228	 0.5276748570490556
5.7165	 0.5280452031264812
5.7102	 0.5284593305204254
5.7039	 0.5295325793055397
5.6976	 0.530074990235143
5.6914	 0.5306106781197669
5.6851	 0.5311935253557373
5.6789	 0.5318192300787893
5.6727	 0.5323031646422031
5.6665	 0.5326461356335261
5.6603	 0.5329474766937017
5.6541	 0.5331614405906903
5.648	 0.5332700367803941
5.6418	 0.5332707417598187
5.6357	 0.5332198549254958
5.6296	 0.5331616457791039
5.6235	 0.533048945716753
5.6174	 0.5328180579542169
5.6113	 0.5322193953179947
5.6052	 0.5314186933096446
5.5992	 0.5304754545878319
5.5931	 0.5294387449353658
5.5871	 0.5291441506877443
5.5811	 0.5280158147213865
5.5751	 0.5268877304656703
5.5691	 0.52587133916098
5.5631	 0.5249928780055372
5.5572	 0.5241502151586312
5.5512	 0.5233476287916704
5.5453	 0.5226647591510422
5.5393	 0.5225519562098411
5.5334	 0.5221114959509011
5.5275	 0.5217366056984941
5.5217	 0.5214222270648544
5.5158	 0.5211976576067637
5.5099	 0.5210878590092936
5.5041	 0.5215386993362467
5.4982	 0.5216015098941015
5.4924	 0.5218084245411019
5.4866	 0.5221793562959671
5.4808	 0.5226464861621478
5.475	 0.523270462392374
5.4692	 0.5240608127928678
5.4635	 0.5261709191022795
5.4577	 0.5271993418096098
5.452	 0.5283416939949003
5.4463	 0.5295480719753974
5.4405	 0.5307705464620199
5.4348	 0.5319647331709717
5.4291	 0.5331450206042987
5.4235	 0.5343243776167796
5.4178	 0.535975168913175
5.4121	 0.5372241224693864
5.4065	 0.5385250603058342
5.4009	 0.5398704044251671
5.3952	 0.5412529042640629
5.3896	 0.5431560884786518
5.384	 0.544448665626515
5.3785	 0.5457326818926825
5.3729	 0.5469559061787113
5.3673	 0.548066498007559
5.3618	 0.5490388744321465
5.3562	 0.5498100268142342
5.3507	 0.5503063576529047
5.3452	 0.5504917231670579
5.3397	 0.5504483597394757
5.3342	 0.5501031678080861
5.3287	 0.5496297145824306
5.3232	 0.5485339811685692
5.3178	 0.5476388655656792
5.3123	 0.5464680313365461
5.3069	 0.545013694077649
5.3015	 0.5432980050939523
5.2961	 0.541288044282481
5.2907	 0.538930709129072
5.2852	 0.5362094300767536
5.2799	 0.5331362095440254
5.2745	 0.529676633461129
5.2691	 0.5257879164192732
5.2638	 0.5218785629564863
5.2584	 0.5169442246145202
5.2531	 0.5076647714029627
5.2478	 0.5008059669145081
5.2425	 0.49381969427239847
5.2372	 0.48672410590652065
5.2319	 0.47952474380416343
5.2267	 0.47223543591449935
5.2214	 0.46487139009610845
5.2161	 0.4576525063622714
5.2109	 0.4509860860907337
5.2057	 0.4448825875501874
5.2004	 0.4392765777353231
5.1952	 0.4340544334076765
5.19	 0.42969429650468227
5.1848	 0.42500269566621196
5.1796	 0.42035143026969823
5.1745	 0.41572840961818613
5.1693	 0.41113489736135156
5.1642	 0.40657352908714117
5.159	 0.4020893895999915
5.1539	 0.39775645696137235
5.1488	 0.3936530351897728
5.1437	 0.3897944750815894
5.1386	 0.3860075866881736
5.1335	 0.3820335309762724
5.1284	 0.3765826958782462
5.1234	 0.37253203280296265
5.1183	 0.36779345695967464
5.1132	 0.3630158737774727
5.1082	 0.3582241402329691
5.1032	 0.3534272166200195
5.0982	 0.3486840612548334
5.0932	 0.3442759094430835
5.0882	 0.3402770717700175
5.0832	 0.3367478176816467
5.0782	 0.33377324390580654
5.0732	 0.3314782534855314
5.0683	 0.32846454193118885
5.0633	 0.3281887250593896
5.0584	 0.32924987879584855
5.0534	 0.3311547150240514
5.0485	 0.3350830226590699
5.0436	 0.3395967671594812
5.0387	 0.34424872285907726
5.0338	 0.3490399636539995
5.0289	 0.3539656261364063
5.0241	 0.3590353938786091
5.0192	 0.3638562873452183
5.0144	 0.3676099524791754
5.0095	 0.36849205084130465
5.0047	 0.36955860922976036
4.9998	 0.36956697380425546
4.995	 0.36882252588258313
4.9902	 0.36512318830719015
4.9854	 0.3636587844176049
4.9806	 0.3621272355703588
4.9759	 0.36061635276918264
4.9711	 0.35920088059477406
4.9663	 0.3579445902013923
4.9616	 0.3568851379883869
4.9568	 0.35604149563603116
4.9521	 0.3549527058508209
4.9474	 0.3545899930718195
4.9426	 0.35448072997783686
4.9379	 0.3548251622303517
4.9332	 0.35580952378612873
4.9286	 0.3545059646826414
4.9239	 0.356650883185679
4.9192	 0.35944103946123596
4.9145	 0.3628928898803768
4.9099	 0.3670181164311138
4.9052	 0.3717923002232934
4.9006	 0.3771402736732346
4.896	 0.38266101866359975
4.8914	 0.3880841975397531
4.8867	 0.39334494114385926
4.8821	 0.3983855562428691
4.8776	 0.40313036388740964
4.873	 0.4074549826107989
4.8684	 0.40925854638660975
4.8638	 0.41293725771984713
4.8593	 0.4158647622729715
4.8547	 0.4178421607539383
4.8502	 0.4187553697226704
4.8456	 0.4187553697226704
4.8411	 0.4187553697226704
4.8366	 0.4187553697226704
4.8321	 0.4187553697226704
4.8276	 0.4187553697226704
4.8231	 0.4187553697226704
4.8186	 0.41916956279232553
4.8141	 0.4205985586756721
4.8097	 0.4221576249028041
4.8052	 0.42451371775023566
4.8008	 0.4277124554612568
4.7963	 0.43157598790762247
4.7919	 0.43588410251336973
4.7875	 0.44044438287713944
4.7831	 0.445147323323968
4.7786	 0.44992409622580287
4.7743	 0.4547072227379493
4.7699	 0.45944238044516095
4.7655	 0.4640810722357778
4.7611	 0.46858853234299
4.7567	 0.4729351542332382
4.7524	 0.4735176852841496
4.748	 0.4775806582440339
4.7437	 0.48142159645702687
4.7393	 0.4849824231054507
4.735	 0.4882338324624116
4.7307	 0.49114039371912516
4.7264	 0.4936785282886104
4.7221	 0.49583640071499596
4.7178	 0.49758071098770856
4.7135	 0.4988416146088445
4.7092	 0.499640566013125
4.7049	 0.5
4.7007	 0.5
4.6964	 0.5
4.6922	 0.5
4.6879	 0.5
4.6837	 0.5
4.6795	 0.5
4.6752	 0.5
4.671	 0.5
4.6668	 0.5
4.6626	 0.5
4.6584	 0.5
4.6543	 0.5
4.6501	 0.5
4.6459	 0.5
4.6418	 0.5
4.6376	 0.5
4.6334	 0.5
4.6293	 0.5
4.6252	 0.5
4.6211	 0.5
4.617	 0.5
4.6128	 0.5
4.6087	 0.5
4.6047	 0.5
4.6006	 0.5
4.5965	 0.5
4.5924	 0.5
4.5884	 0.5
4.5843	 0.5
4.5802	 0.5
4.5762	 0.5
4.5722	 0.5
4.5681	 0.5
4.5641	 0.5
4.5601	 0.5
4.5561	 0.5
4.5521	 0.5
4.5481	 0.5
4.5441	 0.5
4.5401	 0.5
4.5362	 0.5
4.5322	 0.5
4.5282	 0.5
4.5243	 0.5
4.5203	 0.5
4.5164	 0.5
4.5125	 0.5
4.5085	 0.5
4.5046	 0.5
4.5007	 0.5
4.4968	 0.5
4.4929	 0.5
4.489	 0.5
4.4851	 0.5
4.4813	 0.5
4.4774	 0.5
4.4735	 0.5
4.4697	 0.5
4.4658	 0.5
4.462	 0.5
4.4581	 0.5
4.4543	 0.5
4.4505	 0.5
4.4467	 0.5
4.4429	 0.5
4.4391	 0.5
4.4353	 0.5
4.4315	 0.5
4.4277	 0.5
4.4239	 0.5
4.4201	 0.5
4.4164	 0.5
4.4126	 0.5
4.4089	 0.5
4.4051	 0.5
4.4014	 0.5
4.3976	 0.5
4.3939	 0.5
4.3902	 0.5
4.3865	 0.5
4.3828	 0.5
4.3791	 0.5
4.3754	 0.5
4.3717	 0.5
4.368	 0.5
4.3643	 0.5
4.3607	 0.5
4.357	 0.5
4.3533	 0.5
4.3497	 0.5
4.346	 0.5
4.3424	 0.5
4.3388	 0.5
4.3351	 0.5
4.3315	 0.5
4.3279	 0.5
4.3243	 0.5
4.3207	 0.5000661732864755
4.3171	 0.500350996267612
4.3135	 0.500863809498523
4.3099	 0.5016399008021449
4.3063	 0.5026907556918842
4.3028	 0.5040061856859661
4.2992	 0.5056181272915562
4.2956	 0.5075330001292433
4.2921	 0.5119486190061983
4.2885	 0.5146406039709245
4.285	 0.5175940030048063
4.2815	 0.520776953537741
4.2779	 0.5241726515227275
4.2744	 0.5277730668868024
4.2709	 0.5315726709548212
4.2674	 0.5355335915888964
4.2638	 0.5396362177299958
4.2603	 0.5438770944606494
4.2568	 0.5518983917597137
4.2534	 0.5563515668614791
4.2499	 0.5608770884658246
4.2464	 0.5654574419870504
4.2429	 0.5700858048339909
4.2394	 0.5747516515068236
4.236	 0.5794418358650771
4.2325	 0.5841725398693722
4.2291	 0.5889543878363432
4.2256	 0.5937848548415442
4.2222	 0.6021819223639915
4.2187	 0.6070092804816597
4.2153	 0.6118226409320694
4.2119	 0.6166262517074725
4.2085	 0.621410871515998
4.2051	 0.6261696186857716
4.2016	 0.6308996852187161
4.1982	 0.635588610399773
4.1948	 0.6402256377853567
4.1915	 0.6448102141903964
4.1881	 0.6521004834549715
4.1847	 0.6564779535501762
4.1813	 0.6607675726411195
4.178	 0.6649866913714605
4.1746	 0.6691589924020099
4.1712	 0.6732892133549788
4.1679	 0.6773699716552649
4.1645	 0.6813937492080393
4.1612	 0.6853554685400653
4.1578	 0.6911721325362086
4.1545	 0.694910600732309
4.1512	 0.6985867620230048
4.1479	 0.7022005282426182
4.1445	 0.70575207818435
4.1412	 0.7092417606325044
4.1379	 0.7126760213164729
4.1346	 0.7160504288070065
4.1313	 0.7193688867330813
4.128	 0.7226333693442261
4.1248	 0.7270621286581962
4.1215	 0.7301601277305697
4.1182	 0.7331083216417271
4.115	 0.7357876653414769
4.1117	 0.7381851251975561
4.1084	 0.7402848255309874
4.1052	 0.7420890168498064
4.1019	 0.7436024132410715
4.0987	 0.7448031309654339
4.0954	 0.7465710305695558
4.0922	 0.7472916469931509
4.089	 0.7476387123061271
4.0858	 0.7476934166593425
4.0826	 0.7474827059563542
4.0793	 0.7470285369475798
4.0761	 0.7463333606696185
4.0729	 0.7453971244887371
4.0697	 0.7442240735614182
4.0665	 0.7428366068380287
4.0633	 0.7417452945823824
4.0602	 0.7399011207448855
4.057	 0.738454293449554
4.0538	 0.7363596573461837
4.0507	 0.7341616165570586
4.0475	 0.7318581446830665
4.0443	 0.7294641543634336
4.0412	 0.7269778612250565
4.038	 0.724395176071531
4.0349	 0.7217040005594029
4.0317	 0.719196441639175
4.0286	 0.7162485831306665
4.0255	 0.7132083186334249
4.0224	 0.7112098473950476
4.0193	 0.7080994417417636
4.0161	 0.7049569823908435
4.013	 0.7017733537597224
4.0099	 0.6985413802343192
4.0068	 0.6952654329908401
4.0037	 0.6923817492478007
4.0006	 0.6890286352242648
3.9976	 0.6856556236672655
3.9945	 0.6822750248889146
3.9914	 0.6788846471736705
3.9883	 0.6771178728707159
3.9853	 0.6737806265779323
3.9822	 0.6704909658446961
3.9792	 0.6672525701727708
3.9761	 0.6645423651644611
3.9731	 0.6613190278783914
3.97	 0.658081843369454
3.967	 0.6548389916938058
3.9639	 0.651597655521512
3.9609	 0.6483676029113116
3.9579	 0.6471623429601933
3.9549	 0.6440173723618171
3.9519	 0.640882581615087
3.9489	 0.6381783987863144
3.9458	 0.635042704669557
3.9428	 0.6319161517440944
3.9398	 0.6287981301613587
3.9369	 0.6256854276108285
3.9339	 0.6225821301315486
3.9309	 0.6194850964875273
3.9279	 0.6163906672739495
3.9249	 0.6156083047472403
3.922	 0.6128084838808155
3.919	 0.6097333773142237
3.916	 0.606723281015545
3.9131	 0.6037913153351799
3.9101	 0.6009526288651728
3.9072	 0.5982017369124863
3.9042	 0.5955284067999258
3.9013	 0.5929331189104114
3.8984	 0.5904142017490529
3.8954	 0.5900506855599946
3.8925	 0.5876050079313165
3.8896	 0.5852348268466478
3.8867	 0.5829475206833685
3.8838	 0.5807395513418162
3.8809	 0.578612031709008
3.878	 0.5765779606175534
3.8751	 0.5746510979695855
3.8722	 0.5728445968638118
3.8693	 0.571403578490161
3.8664	 0.5698583754960084
3.8635	 0.569748498621929
3.8606	 0.5684387793382571
3.8578	 0.5672507411456762
3.8549	 0.5661508286889876
3.852	 0.565101148419276
3.8492	 0.5640888075857744
3.8463	 0.5630987733423147
3.8435	 0.5623787853658735
3.8406	 0.5614550341132553
3.8378	 0.5605971366084923
3.8349	 0.5598289565008389
3.8321	 0.5600869111902441
3.8293	 0.5594216060614438
3.8264	 0.5587744283192659
3.8236	 0.5581127824281363
3.8208	 0.5574231759473439
3.818	 0.5568944023053589
3.8152	 0.5561382940294132
3.8124	 0.5553793960399797
3.8096	 0.5546200148330414
3.8068	 0.5538693729678901
3.804	 0.5537793188460375
3.8012	 0.5530265776902805
3.7984	 0.5522823728398149
3.7956	 0.5516500343264243
3.7929	 0.5508865039149519
3.7901	 0.5501182083082292
3.7873	 0.5493336392247656
3.7845	 0.5485133082448632
3.7818	 0.5476445356961147
3.779	 0.5467421454062819
3.7763	 0.5463667864995555
3.7735	 0.5454293531567095
3.7708	 0.5445377028404889
3.7681	 0.5436039963465201
3.7653	 0.542675718233262
3.7626	 0.5417552799717061
3.7599	 0.5408390503372245
3.7571	 0.5399259142337433
3.7544	 0.5390239708628503
3.7517	 0.538143664912719
3.749	 0.5377604271655647
3.7463	 0.536909388585218
3.7436	 0.5360837623421334
3.7409	 0.5352816273238004
3.7382	 0.5345045001770542
3.7355	 0.5337489659433069
3.7328	 0.5330168589975504
3.7301	 0.5323113398763504
3.7274	 0.5316376774500539
3.7247	 0.530978455213615
3.7221	 0.530784809387472
3.7194	 0.5301908255793809
3.7167	 0.529618797137063
3.7141	 0.5290525590553519
3.7114	 0.5284794852848202
3.7088	 0.527893607675028
3.7061	 0.5272969258694411
3.7035	 0.5267021183466011
3.7008	 0.5260396476614109
3.6982	 0.5254724817279582
3.6955	 0.5252376945926454
3.6929	 0.5247013198123296
3.6903	 0.5241760031377428
3.6877	 0.5236594072984722
3.685	 0.5231457037852046
3.6824	 0.5226326531766982
3.6798	 0.5221151349090087
3.6772	 0.5214925992851359
3.6746	 0.520940429259568
3.672	 0.5203618739423488
3.6694	 0.520064066884364
3.6668	 0.5194466187025761
3.6642	 0.5187991426395525
3.6616	 0.5181136821413058
3.659	 0.5173860953089161
3.6564	 0.5165283101114244
3.6539	 0.5157348367264515
3.6513	 0.5149290940736971
3.6487	 0.5141208677166669
3.6462	 0.5133183278502517
3.6436	 0.5128949404067433
3.641	 0.5120801909028561
3.6385	 0.5112559569622895
3.6359	 0.510309384443228
3.6334	 0.509441390035137
3.6308	 0.5085529332212827
3.6283	 0.5076627662957519
3.6258	 0.5067940686240628
3.6232	 0.5059556029511327
3.6207	 0.5051473147835742
3.6182	 0.5046943002378507
3.6156	 0.503926748939503
3.6131	 0.5030584201545677
3.6106	 0.5023416598191565
3.6081	 0.501656306276405
3.6056	 0.5009962792870946
3.6031	 0.5003565744586368
3.6006	 0.4997337868469254
3.5981	 0.4991384674964739
3.5956	 0.49881485457352903
3.5931	 0.49820719508184214
3.5906	 0.49769104642466366
3.5881	 0.49720302102157427
3.5856	 0.4967424276727744
3.5832	 0.4963092842100354
3.5807	 0.49590168018578373
3.5782	 0.4955084071546497
3.5758	 0.4951269286350795
3.5733	 0.49475804037786403
3.5708	 0.4943616334950393
3.5684	 0.49394334401475537
3.5659	 0.4935092247386373
3.5635	 0.4930716204816073
3.561	 0.4926525550405407
3.5586	 0.49227354689496
3.5561	 0.4919413011635213
3.5537	 0.49164907247267636
3.5513	 0.4913685401855783
3.5488	 0.4911678590681074
3.5464	 0.49108463103678474
3.544	 0.49092953421718605
3.5415	 0.49078118626150247
3.5391	 0.4906400499408688
3.5367	 0.49050283269918454
3.5343	 0.49036998631960604
3.5319	 0.49028037662895074
3.5295	 0.49012897379547293
3.5271	 0.48996967547907944
3.5247	 0.48993089218334057
3.5223	 0.4897675975310617
3.5199	 0.48960082816427863
3.5175	 0.48943274777254325
3.5151	 0.48928263584021275
3.5128	 0.4891098089672636
3.5104	 0.4889488507948841
3.508	 0.48880061126325397
3.5056	 0.48865623103678074
3.5033	 0.4885018706647437
3.5009	 0.48842988893424033
3.4985	 0.4882337836393553
3.4962	 0.48800296297177337
3.4938	 0.48748127192177043
3.4915	 0.48710655723291796
3.4891	 0.4866877534899897
3.4868	 0.48622981280094263
3.4844	 0.48573459369129013
3.4821	 0.48519883576746053
3.4798	 0.4846209997390996
3.4774	 0.48350178279815414
3.4751	 0.48286631973933547
3.4728	 0.48224850173038375
3.4704	 0.48165730581265415
3.4681	 0.4810875461917032
3.4658	 0.4805310011110435
3.4635	 0.4799855536044091
3.4612	 0.4794545891098861
3.4589	 0.47893837468910333
3.4566	 0.47797164626500693
3.4543	 0.47748419865982206
3.452	 0.47702422603545697
3.4497	 0.4765936899297976
3.4474	 0.47619053073559403
3.4451	 0.4758191128252813
3.4428	 0.4754855825965424
3.4405	 0.47518683047512683
3.4382	 0.4746543089694746
3.4359	 0.47433852409114685
3.4337	 0.474126388095806
3.4314	 0.47394392250187684
3.4291	 0.4737926646648749
3.4269	 0.4736655841183761
3.4246	 0.4735607794369324
3.4223	 0.4733553979163721
3.4201	 0.4733163621564838
3.4178	 0.4732879839472357
3.4156	 0.47326701051844494
3.4133	 0.4731315361040911
3.4111	 0.47312592945555004
3.4088	 0.47311053245581886
3.4066	 0.47307846779959456
3.4043	 0.47295949724311226
3.4021	 0.47289354234204856
3.3999	 0.4728075874810624
3.3977	 0.4726958914164751
3.3954	 0.4725592771779407
3.3932	 0.4722804986424779
3.391	 0.47210358632662947
3.3888	 0.4719074776583263
3.3866	 0.47155409634473927
3.3844	 0.47133049131052407
3.3822	 0.4711125080294415
3.3799	 0.470900443042804
3.3777	 0.4707000740445632
3.3755	 0.47051111543580565
3.3733	 0.47033525876851995
3.3712	 0.4700889312676241
3.369	 0.46985357513110787
3.3668	 0.4698410279539932
3.3646	 0.4698727200319593
3.3624	 0.4699152234820016
3.3602	 0.46992512885579607
3.358	 0.46987187381339873
3.3559	 0.4697492848812275
3.3537	 0.469442819980632
3.3515	 0.4690797689004034
3.3494	 0.46877460680505106
3.3472	 0.46842633697694214
3.3451	 0.468043500829705
3.3429	 0.4676366966932927
3.3407	 0.46721222438557075
3.3386	 0.4667697912278561
3.3364	 0.4662370593023526
3.3343	 0.46578867727230505
3.3321	 0.4652512349686546
3.33	 0.4648154466948953
3.3279	 0.46438379578241085
3.3257	 0.4639531225095831
3.3236	 0.46352380917315705
3.3215	 0.4630791578901163
3.3194	 0.4626681752549625
3.3172	 0.4622698990771467
3.3151	 0.46181129652486913
3.313	 0.46146472800148897
3.3109	 0.46113997725891354
3.3088	 0.4608400937491653
3.3066	 0.46056853552492355
3.3045	 0.46036308846312884
3.3024	 0.4601873816309896
3.3003	 0.4600733300256154
3.2982	 0.46002980315318526
3.2961	 0.46006560466213114
3.294	 0.46013241030264856
3.292	 0.460363178853457
3.2899	 0.46074286288775074
3.2878	 0.4611773620780088
3.2857	 0.46171008799959845
3.2836	 0.46233874168612743
3.2815	 0.46305825226432096
3.2795	 0.4638658186320612
3.2774	 0.4646452774810381
3.2753	 0.4655430212805184
3.2732	 0.46644143157939316
3.2712	 0.467301851780179
3.2691	 0.4681318450527766
3.2671	 0.4689346835961434
3.265	 0.46972447345692925
3.263	 0.47050980022996414
3.2609	 0.4712960776615938
3.2588	 0.47213067443578227
3.2568	 0.4727909401019461
3.2548	 0.47360711374978415
3.2527	 0.4744166914614788
3.2507	 0.47520802779804927
3.2486	 0.47597447303070944
3.2466	 0.47670378368849314
3.2446	 0.47738246481213886
3.2426	 0.4780633377434141
3.2405	 0.4786476468477086
3.2385	 0.4790159313104604
3.2365	 0.4795258809044039
3.2345	 0.480002061133885
3.2324	 0.48045011181885117
3.2304	 0.48086959473107865
3.2284	 0.48129973444134805
3.2264	 0.48167408498235437
3.2244	 0.4820176174509315
3.2224	 0.4821557523763559
3.2204	 0.4824340026149771
3.2184	 0.4826866603005814
3.2164	 0.4829204304400407
3.2144	 0.48318468846744034
3.2124	 0.48340391157939916
3.2104	 0.4836119836434391
3.2084	 0.48382017830492596
3.2064	 0.48404152407298856
3.2045	 0.48407010340661033
3.2025	 0.4843183901528627
3.2005	 0.4846378479600518
3.1985	 0.4849381786029727
3.1966	 0.4852606900054663
3.1946	 0.4856124521695197
3.1926	 0.48599648251924654
3.1907	 0.4864087804174237
3.1887	 0.4868483588084743
3.1867	 0.48705805454997453
3.1848	 0.48761620983577736
3.1828	 0.4881137712522786
3.1809	 0.48862239983478256
3.1789	 0.48914111238806285
3.177	 0.4896662740600341
3.175	 0.49019544115973473
3.1731	 0.4907246976529378
3.1711	 0.4913212754120353
3.1692	 0.49163879189604354
3.1673	 0.49211533017714465
3.1653	 0.49256266754699635
3.1634	 0.49299452021566276
3.1615	 0.4934246972824705
3.1596	 0.4938723733415454
3.1576	 0.4944486168213424
3.1557	 0.49496355326871666
3.1538	 0.495238107374772
3.1519	 0.49579122486003063
3.15	 0.496375556692565
3.1481	 0.49698434806759234
3.1461	 0.4976156318738606
3.1442	 0.49826353736514317
3.1423	 0.49903233230227406
3.1404	 0.4997080244175749
3.1385	 0.5003962024407992
3.1366	 0.5006730675400055
3.1347	 0.5013578619076441
3.1328	 0.5020421590832335
3.1309	 0.502725650890488
3.129	 0.5035349969360428
3.1272	 0.5042285462403416
3.1253	 0.5049226816675741
3.1234	 0.5056062100175946
3.1215	 0.505836059634542
3.1196	 0.5065074458735822
3.1178	 0.5071824536688923
3.1159	 0.5079687244049672
3.114	 0.5086089005208249
3.1121	 0.5092326848971576
3.1103	 0.5098456754823893
3.1084	 0.5104469876480493
3.1065	 0.511026963446853
3.1047	 0.5113354537185046
3.1028	 0.5118683756053642
3.101	 0.5123736217409601
3.0991	 0.5128379152508413
3.0973	 0.5132630349553224
3.0954	 0.5136473250126378
3.0936	 0.5139837402260705
3.0917	 0.5143919051637923
3.0899	 0.5145538029118298
3.088	 0.5147866297467037
3.0862	 0.5149632294715967
3.0844	 0.5150934055614415
3.0825	 0.5151869329143349
3.0807	 0.5152460509325851
3.0789	 0.515269214990135
3.077	 0.5153890924935828
3.0752	 0.515383637686162
3.0734	 0.5156087636689506
3.0716	 0.5156287562106875
3.0698	 0.5156630546215395
3.068	 0.515711598710451
3.0661	 0.5157689978888342
3.0643	 0.5159553097151889
3.0625	 0.5160137601816003
3.0607	 0.516062238839662
3.0589	 0.5162545075018916
3.0571	 0.5162770423765578
3.0553	 0.5162899637921909
3.0535	 0.5163004533360354
3.0517	 0.5164428883961363
3.0499	 0.5164593354761159
3.0481	 0.5164875538233705
3.0463	 0.5165389576474395
3.0445	 0.5166149586162815
3.0427	 0.5167897780371085
3.041	 0.5170053650103732
3.0392	 0.51712673474812
3.0374	 0.5172664439282489
3.0356	 0.5174239847932746
3.0338	 0.5175994283823512
3.0321	 0.5177873015186593
3.0303	 0.517992965884045
3.0285	 0.5183253101424711
3.0268	 0.5185417196544572
3.025	 0.5187648737010717
3.0232	 0.519002229822472
3.0215	 0.5192573681818445
3.0197	 0.5195368782388027
3.0179	 0.5198385751185206
3.0162	 0.5202870022869447
3.0144	 0.5205172977025361
3.0127	 0.5208194231259007
3.0109	 0.5211288020646264
3.0092	 0.5214530640354956
3.0074	 0.521785632985569
3.0057	 0.5221148018314219
3.004	 0.5226074864917187
3.0022	 0.5229412854578446
3.0005	 0.5231956357908097
2.9987	 0.5235135573695456
2.997	 0.5238310463716525
2.9953	 0.5241443411478128
2.9935	 0.5246256414176615
2.9918	 0.5249160751685302
2.9901	 0.5251980422775527
2.9884	 0.5254778735276744
2.9867	 0.5257532247527391
2.9849	 0.5260342018977482
2.9832	 0.5262891049510303
2.9815	 0.526764418802718
2.9798	 0.5270132356313407
2.9781	 0.5272547248152952
2.9764	 0.5274983603789891
2.9747	 0.5277391092104128
2.9729	 0.5279746849084743
2.9712	 0.5282839007318466
2.9695	 0.5287920586432423
2.9678	 0.5290438808124718
2.9661	 0.5292947926665821
2.9645	 0.5295441410068707
2.9628	 0.529801928119456
2.9611	 0.530072193011256
2.9594	 0.5303472827199166
2.9577	 0.5309657810663073
2.956	 0.5312556912128769
2.9543	 0.5315418213145555
2.9526	 0.5318219857854284
2.951	 0.5321058608543258
2.9493	 0.5323882178839752
2.9476	 0.5329735554767577
2.9459	 0.5332567826117319
2.9442	 0.5335403768700937
2.9426	 0.5338983775159708
2.9409	 0.5341926976216023
2.9392	 0.53448783975593
2.9376	 0.5347797164717629
2.9359	 0.5353789852804436
2.9343	 0.5356740616844092
2.9326	 0.535963220749519
2.9309	 0.5362470331698415
2.9293	 0.5366040373758901
2.9276	 0.536877180445003
2.926	 0.5371516351022514
2.9243	 0.5377528882962891
2.9227	 0.538047444243583
2.921	 0.5383442927160055
2.9194	 0.5386333192038442
2.9177	 0.5389107516651447
2.9161	 0.5392638173525773
2.9145	 0.539833349948545
2.9128	 0.5401122995557536
2.9112	 0.5404000232593569
2.9096	 0.5406829353251799
2.9079	 0.5409540659455598
2.9063	 0.5412245348154313
2.9047	 0.5415796064433525
2.903	 0.5421389238439738
2.9014	 0.5424194763936234
2.8998	 0.5426970930646583
2.8982	 0.5429734355315692
2.8966	 0.543250800510714
2.8949	 0.5435310143353393
2.8933	 0.5440886530231217
2.8917	 0.5444428097279347
2.8901	 0.5447151737132051
2.8885	 0.5449832721615655
2.8869	 0.5452525010040545
2.8853	 0.5455217922037504
2.8837	 0.5457812504217662
2.8821	 0.546270794626743
2.8805	 0.5465063509465706
2.8789	 0.5467418091919346
2.8773	 0.5470861385408994
2.8757	 0.5473301755549331
2.8741	 0.5475632483919641
2.8725	 0.548006725865477
2.8709	 0.5482348811958688
2.8693	 0.5484651794002839
2.8677	 0.5486867369559013
2.8661	 0.5489137329818741
2.8645	 0.5492497532449616
2.863	 0.549469619040659
2.8614	 0.5498814228948348
2.8598	 0.550092228404977
2.8582	 0.5503087438039428
2.8567	 0.5505248071245491
2.8551	 0.5507373694443772
2.8535	 0.5509407844405051
2.8519	 0.5514203040051747
2.8504	 0.5516237544077733
2.8488	 0.5518283920758222
2.8472	 0.5520306551135498
2.8457	 0.5522293035223855
2.8441	 0.5524255446996322
2.8426	 0.5526201992557676
2.841	 0.5530706462890088
2.8394	 0.5532591244208229
2.8379	 0.5534420027968022
2.8363	 0.5536239448835987
2.8348	 0.553800531483695
2.8332	 0.5539742526147658
2.8317	 0.5542817056483988
2.8302	 0.5544436257209124
2.8286	 0.5547124735888549
2.8271	 0.5548622174272879
2.8255	 0.5550119239157625
2.824	 0.555158633697478
2.8224	 0.5554169426054653
2.8209	 0.5555520004343362
2.8194	 0.5556737182670876
2.8178	 0.5557785012043617
2.8163	 0.5560151014905302
2.8148	 0.5561196794186088
2.8133	 0.5563189894583777
2.8117	 0.556415667872743
2.8102	 0.5565015258730774
2.8087	 0.556574672104819
2.8072	 0.5566406310697416
2.8056	 0.5567021180204527
2.8041	 0.5568862534722497
2.8026	 0.5569998286904839
2.8011	 0.5570188233923132
2.7996	 0.5570358464009519
2.7981	 0.5570462353810877
2.7966	 0.5570452938223746
2.7951	 0.5570448255655983
2.7936	 0.557260803154927
2.7921	 0.5572318059971428
2.7906	 0.5571890512185731
2.789	 0.5571321384331899
2.7875	 0.5570589845872569
2.786	 0.5569783934167872
2.7845	 0.5569556066336058
2.7831	 0.5568704211715942
2.7816	 0.5569062753857276
2.7801	 0.5567942676570233
2.7786	 0.5566723690966422
2.7771	 0.5565376600515173
2.7756	 0.5564334125116127
2.7741	 0.5562766742661613
2.7726	 0.556107563244727
2.7712	 0.5559177452504673
2.7697	 0.5558609681701837
2.7682	 0.5556568567806714
2.7667	 0.5554419629900503
2.7652	 0.5552511398212907
2.7638	 0.555022567261615
2.7623	 0.5547790160117594
2.7608	 0.5545299594771048
2.7594	 0.5542771105787084
2.7579	 0.5541815953928494
2.7564	 0.5538981745250582
2.755	 0.5536060877042432
2.7535	 0.5533140498581892
2.752	 0.553019096225835
2.7506	 0.5527122247270881
2.7491	 0.552410615238769
2.7477	 0.5522365872606642
2.7462	 0.5519034539848333
2.7447	 0.5515663707713334
2.7433	 0.5512188922131092
2.7418	 0.5508603544139866
2.7404	 0.5504854269672804
2.7389	 0.5501082211939698
2.7375	 0.5497237709363462
2.7361	 0.549506613646625
2.7346	 0.5491134580329423
2.7332	 0.548716789172782
2.7317	 0.5483216146988952
2.7303	 0.5479371008195152
2.7289	 0.54754101955448
2.7274	 0.5471393314834854
2.726	 0.546724573721398
2.7246	 0.546467664425959
2.7231	 0.5460312425965032
2.7217	 0.5456001909752213
2.7203	 0.5451616942040075
2.7188	 0.5447268588961799
2.7174	 0.5443022312732728
2.716	 0.5438793578313368
2.7146	 0.5436350829142028
2.7132	 0.5432103789435119
2.7117	 0.5427651260832408
2.7103	 0.5423087977481664
2.7089	 0.5418574846351889
2.7075	 0.5414121809968211
2.7061	 0.5409695679387022
2.7047	 0.5405276385791434
2.7033	 0.5402877643092954
2.7018	 0.5398432835710532
2.7004	 0.539395481436123
2.699	 0.5389497146157962
2.6976	 0.5385011134041646
2.6962	 0.5380430002186016
2.6948	 0.5375775303410982
2.6934	 0.5373135556710061
2.692	 0.5368453275393539
2.6906	 0.5363814914693681
2.6892	 0.5359188638555763
2.6878	 0.535446810972993
2.6864	 0.5349804668766501
2.685	 0.5345160662105245
2.6837	 0.5340538097535692
2.6823	 0.5338143511524036
2.6809	 0.5333541145896338
2.6795	 0.5328838450980337
2.6781	 0.532417816112399
2.6767	 0.5319463962109162
2.6753	 0.5314729737849547
2.674	 0.5310081495525892
2.6726	 0.5307820062140625
2.6712	 0.5303098153299031
2.6698	 0.5298333319543075
2.6685	 0.5293620055978223
2.6671	 0.5288934089450275
2.6657	 0.5284221739164532
2.6644	 0.5279560284456216
2.663	 0.5274943229780784
2.6616	 0.5272888526510342
2.6603	 0.5268464040720039
2.6589	 0.5264059848356281
2.6575	 0.5259686172963557
2.6562	 0.5255309194552381
2.6548	 0.5250989466798187
2.6534	 0.5246737239325104
2.6521	 0.524493188776821
2.6507	 0.5240643424576412
2.6494	 0.52363748951361
2.648	 0.5232137689800517
2.6467	 0.5227864047046886
2.6453	 0.5223651995874722
2.644	 0.521949230945931
2.6426	 0.5215308259518546
2.6413	 0.5213726796903034
2.6399	 0.5209616453417624
2.6386	 0.5205529153338895
2.6372	 0.5201436173773825
2.6359	 0.5197335399238384
2.6346	 0.5193258413221405
2.6332	 0.5189180939007226
2.6319	 0.5187777667206768
2.6306	 0.5183688262050956
2.6292	 0.5179593441229409
2.6279	 0.5175559477169227
2.6266	 0.5171567979753356
2.6252	 0.5167601473986569
2.6239	 0.516366048925637
2.6226	 0.5162414671677922
2.6212	 0.5158483615067221
2.6199	 0.5154532990328493
2.6186	 0.5150636338226461
2.6173	 0.5146760199858095
2.616	 0.5142875200209049
2.6146	 0.5139091217331205
2.6133	 0.513803092318212
2.612	 0.513436042562845
2.6107	 0.5130706213690174
2.6094	 0.51270840574428
2.6081	 0.5123505187098252
2.6067	 0.5119945456976847
2.6054	 0.5116385298558086
2.6041	 0.5112905960327506
2.6028	 0.5111931956622913
2.6015	 0.5108592609664449
2.6002	 0.510533817384478
2.5989	 0.5102115839140795
2.5976	 0.5098905256997702
2.5963	 0.5095623290906304
2.595	 0.5092229211376421
2.5937	 0.5091188918309426
2.5924	 0.5088007109145708
2.5911	 0.5085063040005787
2.5898	 0.5082203326951437
2.5885	 0.5079405517597527
2.5872	 0.5076641957159681
2.5859	 0.5073877457977065
2.5847	 0.5073211034244989
2.5834	 0.507041735902412
2.5821	 0.506773385826556
2.5808	 0.5065174753731154
2.5795	 0.5062666191768603
2.5782	 0.506020716900529
2.577	 0.505782125286723
2.5757	 0.5057310822862844
2.5744	 0.5054988953329418
2.5731	 0.5052696282391397
2.5718	 0.5050512838910151
2.5706	 0.5048411555585495
2.5693	 0.5046341102953302
2.568	 0.5044319310519169
2.5667	 0.5042368282281214
2.5655	 0.5042000391110122
2.5642	 0.5040062321114883
2.5629	 0.503820223175757
2.5617	 0.5036376938681776
2.5604	 0.5034530926252752
2.5591	 0.5032773125932769
2.5579	 0.5032484491221377
2.5566	 0.5030960104037373
2.5554	 0.5029475745602346
2.5541	 0.502799910080027
2.5528	 0.5026499703978132
2.5516	 0.5025064833898155
2.5503	 0.502368883433906
2.5491	 0.5023543834127527
2.5478	 0.5022288327442149
2.5466	 0.5021072197404484
2.5453	 0.5019863360748833
2.5441	 0.5018689315739314
2.5428	 0.5017559637618974
2.5416	 0.5016496239156555
2.5403	 0.5015560035167594
2.5391	 0.5015504772197326
2.5379	 0.5014622120874004
2.5366	 0.5013696451174946
2.5354	 0.5012891164567445
2.5341	 0.5012062719544035
2.5329	 0.5011202404943641
2.5317	 0.5010380290018684
2.5304	 0.5010295146985347
2.5292	 0.5009539929655958
2.528	 0.5008792066159901
2.5267	 0.5008124303853406
2.5255	 0.5007550668666719
2.5243	 0.50070489534805
2.523	 0.5006528980848428
2.5218	 0.5006602645083895
2.5206	 0.5006095587719126
2.5194	 0.500560150459776
2.5181	 0.5005047258957267
2.5169	 0.500448081695785
2.5157	 0.5004000947727786
2.5145	 0.5003530267710786
2.5133	 0.5003508105732288
2.512	 0.5003034662339921
2.5108	 0.5002664882329837
2.5096	 0.5002333266143265
2.5084	 0.5002033298482902
2.5072	 0.5001684932785022
2.506	 0.5001336468717421
2.5048	 0.5001377327904787
2.5035	 0.5000983264562744
2.5023	 0.5000603070546574
2.5011	 0.5000304970075524
2.4999	 0.5000005248227501
2.4987	 0.49997160099150434
2.4975	 0.4999485805870169
2.4963	 0.4999584580510789
2.4951	 0.4999488816881643
2.4939	 0.499936344422156
2.4927	 0.49992702265034744
2.4915	 0.49991616005843925
2.4903	 0.49990841221335053
2.4891	 0.4999055661357822
2.4879	 0.49992911609662194
2.4867	 0.49992597613102346
2.4855	 0.4999232453447198
2.4844	 0.49991986440003844
2.4832	 0.499917220317797
2.482	 0.49992319339333696
2.4808	 0.4999290416866967
2.4796	 0.4999523803036082
2.4784	 0.49996376319823077
2.4772	 0.49997397998268195
2.476	 0.49998969729849074
2.4749	 0.500000419787671
2.4737	 0.500008790670709
2.4725	 0.5000184640518567
2.4713	 0.50003765578439
2.4701	 0.5000551474466199
2.469	 0.5000791736269495
2.4678	 0.5000918541426367
2.4666	 0.500108522398533
2.4655	 0.5001233638671768
2.4643	 0.500135917208308
2.4631	 0.5001577882790903
2.4619	 0.5001682930998236
2.4608	 0.5001763466655361
2.4596	 0.5001820799860399
2.4584	 0.5001858644235625
2.4573	 0.5001902314607896
2.4561	 0.5002023320643461
2.4549	 0.5002111965960451
2.4538	 0.5002133776520602
2.4526	 0.5002171276474568
2.4515	 0.5002217921607557
2.4503	 0.500231451108595
2.4491	 0.5002354495612858
2.448	 0.5002402848882307
2.4468	 0.5002519091113138
2.4457	 0.5002606710997105
2.4445	 0.5002696662979089
2.4434	 0.5002852409540796
2.4422	 0.5002924630162316
2.4411	 0.5002966047006121
2.4399	 0.500303507233399
2.4388	 0.500308715521245
2.4376	 0.5003204884691813
2.4365	 0.5003277912912141
2.4353	 0.5003372412438605
2.4342	 0.5003498306212419
2.4331	 0.5003584359002019
2.4319	 0.5003709403953319
2.4308	 0.5003820331128654
2.4296	 0.50039844216334
2.4285	 0.5004154381344521
2.4274	 0.5004315408231566
2.4262	 0.5004455904898519
2.4251	 0.5004589795663202
2.424	 0.5004672235324615
2.4228	 0.5004790521842354
2.4217	 0.5004941560738928
2.4206	 0.5005149777136237
2.4194	 0.5005395677047507
2.4183	 0.5005577288646912
2.4172	 0.5005819435138229
2.416	 0.5006045355355042
2.4149	 0.5006180808636826
2.4138	 0.500631008107714
2.4127	 0.50064756334631
2.4116	 0.5006622385356961
2.4104	 0.5006797188349987
2.4093	 0.5006985029740731
2.4082	 0.5007140039026717
2.4071	 0.50072521087432
2.4059	 0.5007413483580408
2.4048	 0.5007616637937834
2.4037	 0.5007824169792066
2.4026	 0.5008049788106068
2.4015	 0.5008293931167653
2.4004	 0.5008386854445682
2.3993	 0.5008486630888609
2.3982	 0.5008622039065348
2.3971	 0.5008820579433421
2.396	 0.5009116965241075
2.3948	 0.5009442610637943
2.3937	 0.5009715377907021
2.3926	 0.5009852605550675
2.3915	 0.50099995390842
2.3904	 0.5010189324190877
2.3893	 0.50103199253633
2.3882	 0.5010458422667821
2.3871	 0.5010616496426528
2.386	 0.5010734514524837
2.3849	 0.5010917254483177
2.3838	 0.5011171100563513
2.3827	 0.5011371512291946
2.3816	 0.5011522330266548
2.3805	 0.5011657341976574
2.3795	 0.5011770022515933
2.3784	 0.5011898406472701
2.3773	 0.501202647243819
2.3762	 0.5012174225121897
2.3751	 0.5012320480540049
2.374	 0.5012494594623436
2.3729	 0.5012701637094463
2.3718	 0.501282934993204
2.3708	 0.5012949924341038
2.3697	 0.501308891787874
2.3686	 0.5013216026326528
2.3675	 0.5013409035491566
2.3664	 0.5013576452021745
2.3653	 0.5013748020595441
2.3643	 0.501387734599874
2.3632	 0.501406694786449
2.3621	 0.5014278414435904
2.361	 0.5014442016043851
2.36	 0.5014597773014721
2.3589	 0.5014726712419976
2.3578	 0.5014821845762286
2.3567	 0.5014899194867345
2.3557	 0.5014944276704434
2.3546	 0.5014996211568481
2.3535	 0.5015069140241115
2.3525	 0.5015139297061373
2.3514	 0.501523611006292
2.3503	 0.5015300663034287
2.3493	 0.5015358947674586
2.3482	 0.5015432932312537
2.3471	 0.5015497228739162
2.3461	 0.501554005810544
2.345	 0.5015597686860525
2.344	 0.5015690058204487
2.3429	 0.5015791679196986
2.3418	 0.5015917796474993
2.3408	 0.5015993196252627
2.3397	 0.5016038144007218
2.3387	 0.5016017195456876
2.3376	 0.5016034047601492
2.3366	 0.5016071833009488
2.3355	 0.5016078511483515
2.3345	 0.5016136844033899
2.3334	 0.5016231189299196
2.3324	 0.5016320831516466
2.3313	 0.5016366630378888
2.3303	 0.5016391970719752
2.3292	 0.5016400399902627
2.3282	 0.5016456943717446
2.3271	 0.5016479014430091
2.3261	 0.5016499061949399
2.325	 0.5016531643942851
2.324	 0.5016587110926014
2.323	 0.5016613492694041
2.3219	 0.5016638627897066
2.3209	 0.5016656681513834
2.3198	 0.5016685440640611
2.3188	 0.5016758922158637
2.3178	 0.5016816614600679
2.3167	 0.5016892262068697
2.3157	 0.5016957227583171
2.3147	 0.5017006294103171
2.3136	 0.5017090685082329
2.3126	 0.50171544969629
2.3116	 0.5017198439974447
2.3105	 0.5017237175062713
2.3095	 0.5017293114559376
2.3085	 0.5017319011430508
2.3074	 0.5017404202951611
2.3064	 0.5017441086454346
2.3054	 0.5017474674565233
2.3044	 0.5017517677480106
2.3034	 0.5017613039183092
2.3023	 0.5017681912703488
2.3013	 0.5017724670691514
2.3003	 0.5017786207608343
2.2993	 0.5017815537124765
2.2982	 0.501782537114833
2.2972	 0.5017779233460218
2.2962	 0.5017685763798931
2.2952	 0.501763770902198
2.2942	 0.5017669418908851
2.2932	 0.5017716377178277
2.2921	 0.501776199389089
2.2911	 0.5017748134629083
2.2901	 0.50177013092966
2.2891	 0.5017631515790274
2.2881	 0.5017637710814099
2.2871	 0.5017634577006582
2.2861	 0.5017598126505853
2.2851	 0.501755218533877
2.2841	 0.5017508818152187
2.2831	 0.5017488415348912
2.2821	 0.5017556611783357
2.2811	 0.501747694896307
2.2801	 0.5017360358783918
2.279	 0.5017200741479004
2.278	 0.5017141772691569
2.2771	 0.5017084226421288
2.2761	 0.5017119695625553
2.275	 0.5017055568651947
2.274	 0.5016991351091643
2.2731	 0.5016912415614297
2.2721	 0.5016802829952409
2.2711	 0.501669814730905
2.2701	 0.5016619891849609
2.2691	 0.5016592745569044
2.2681	 0.5016508412092193
2.2671	 0.5016449361452964
2.2661	 0.5016397911157379
2.2651	 0.5016360279115615
2.2641	 0.5016321102758564
2.2631	 0.5016300207055515
2.2621	 0.5016193803884341
2.2612	 0.5016123943054966
2.2602	 0.5016091117666172
2.2592	 0.5016077792897953
2.2582	 0.5016126153961697
2.2572	 0.5016076786250092
2.2562	 0.5016038118064289
2.2553	 0.5015994065331887
2.2543	 0.5015982105401041
2.2533	 0.5015963756758323
2.2523	 0.5015964061980384
2.2513	 0.5015964829034174
2.2504	 0.5015953046443453
2.2494	 0.5015946229183423
2.2484	 0.5015948369156235
2.2474	 0.5015931486955254
2.2465	 0.5015903485488821
2.2455	 0.5015838695628511
2.2445	 0.5015734683561499
2.2435	 0.5015677944427873
2.2426	 0.5015619103736478
2.2416	 0.50155879737343
2.2406	 0.5015531585031002
2.2397	 0.5015461604109025
2.2387	 0.5015393840732892
2.2377	 0.501539724022624
2.2368	 0.501539903113438
2.2358	 0.501539660077866
2.2348	 0.5015328329637013
2.2339	 0.5015219758570938
2.2329	 0.5015176456883617
2.232	 0.5015122080601186
2.231	 0.5015022509539911
2.23	 0.5014934567810306
2.2291	 0.5014876917482507
2.2281	 0.5014783332445456
2.2272	 0.5014697983668154
2.2262	 0.5014650624191103
2.2252	 0.5014692848613489
2.2243	 0.5014674605141786
2.2233	 0.5014611707235073
2.2224	 0.5014519057283591
2.2214	 0.5014419210673455
2.2205	 0.5014374651381973
2.2195	 0.5014387285905275
2.2186	 0.5014345170948283
2.2176	 0.5014293242550162
2.2167	 0.5014200210192765
2.2157	 0.5014095725557142
2.2148	 0.5014029297416808
2.2138	 0.5013971424682491
2.2129	 0.501395453872074
2.212	 0.5013898522121795
2.211	 0.5013857295389319
2.2101	 0.5013725557968193
2.2091	 0.5013627714503367
2.2082	 0.5013649014954439
2.2073	 0.5013626689455567
2.2063	 0.5013586099388153
2.2054	 0.5013521619135363
2.2044	 0.5013416253849731
2.2035	 0.5013281745265867
2.2026	 0.5013152746666732
2.2016	 0.5013115056691373
2.2007	 0.5013036722753892
2.1998	 0.5012976293995829
2.1988	 0.501288708622689
2.1979	 0.5012783199755092
2.197	 0.5012669770083201
2.196	 0.5012653642604862
2.1951	 0.5012583943950775
2.1942	 0.5012503456505515
2.1932	 0.5012408129992068
2.1923	 0.501232430941023
2.1914	 0.5012235936944153
2.1905	 0.5012170857486186
2.1895	 0.5012036694405017
2.1886	 0.5011920825015357
2.1877	 0.5011829572800369
2.1868	 0.5011732215243653
2.1858	 0.5011604854277769
2.1849	 0.5011470425313947
2.184	 0.5011411394990694
2.1831	 0.5011301367112069
2.1822	 0.5011185110143415
2.1812	 0.5011078118218845
2.1803	 0.5010971854231687
2.1794	 0.5010874431204049
2.1785	 0.5010900650225613
2.1776	 0.5010875578999497
2.1767	 0.5010809817328552
2.1758	 0.50107086098694
2.1749	 0.5010580398907686
2.1739	 0.5010451711515851
2.173	 0.5010399044564152
2.1721	 0.5010323145502742
2.1712	 0.5010219402997392
2.1703	 0.5010119250383116
2.1694	 0.5010066953681813
2.1685	 0.5010016384857017
2.1676	 0.500998838267173
2.1667	 0.500985066652202
2.1658	 0.5009708902422012
2.1649	 0.5009578425038523
2.1639	 0.5009444997680758
2.1631	 0.5009310678514612
2.1622	 0.5009261348045786
2.1612	 0.5009176838220318
2.1604	 0.5009114943989103
2.1595	 0.5009047919388234
2.1585	 0.5008963436138217
2.1576	 0.5008897927377743
2.1568	 0.5008877659501121
2.1559	 0.5008818916381506
2.155	 0.5008772511761094
2.1541	 0.5008711009946835
2.1532	 0.500865254306859
2.1523	 0.5008613729381292
2.1514	 0.5008611602905318
2.1505	 0.500856140243377
2.1496	 0.5008500415708478
2.1487	 0.5008409826325658
2.1478	 0.5008311471510709
2.1469	 0.5008251116313716
2.146	 0.5008231682236035
2.1452	 0.500824086064199
2.1443	 0.5008164750302299
2.1434	 0.5008042675469399
2.1425	 0.5007918213226826
2.1416	 0.5007829660432641
2.1407	 0.5007761344679231
2.1398	 0.5007737752682768
2.139	 0.5007723419843086
2.1381	 0.500770637440452
2.1372	 0.5007656162262402
2.1363	 0.5007588727065266
2.1354	 0.5007534597272751
2.1345	 0.5007511251205936
2.1337	 0.5007415395409033
2.1328	 0.500729737285463
2.1319	 0.5007229313777742
2.1311	 0.5007211721526299
2.1302	 0.5007219141210599
2.1293	 0.5007253016179565
2.1284	 0.5007204967205712
2.1275	 0.5007161693211919
2.1267	 0.500711802430613
2.1258	 0.500704301712506
2.1249	 0.5006969407695664
2.1241	 0.500693991874477
2.1232	 0.5006851053891048
2.1223	 0.5006737415816116
2.1214	 0.5006631820503215
2.1206	 0.5006557780125114
2.1197	 0.5006477318639931
2.1189	 0.5006470110728729
2.118	 0.5006438840599329
2.1171	 0.5006364202227471
2.1163	 0.5006238325549293
2.1154	 0.5006106382987636
2.1145	 0.5006000160743863
2.1137	 0.5005940108125306
2.1128	 0.5005855752049205
2.112	 0.5005809806657102
2.1111	 0.5005776222257533
2.1102	 0.500571774211318
2.1094	 0.5005656181360192
2.1085	 0.5005576328009209
2.1077	 0.5005527590139196
2.1068	 0.5005424285500819
2.1059	 0.5005332235450439
2.1051	 0.5005267617906967
2.1042	 0.5005208501750674
2.1034	 0.5005185645182645
2.1025	 0.5005108567076847
2.1017	 0.5005041262884187
2.1008	 0.5004953759507046
2.1	 0.5004888972958899
2.0991	 0.5004858488966425
2.0983	 0.5004878392879268
2.0974	 0.500487580665169
2.0966	 0.5004955959371792
2.0957	 0.5005032212479332
2.0949	 0.5004986890467077
2.094	 0.5004859405205415
2.0932	 0.5004748754966591
2.0924	 0.500471398607168
2.0915	 0.5004648789241037
2.0907	 0.5004595195389231
2.0898	 0.5004545199643479
2.089	 0.5004487325485013
2.0881	 0.5004384809324369
2.0873	 0.500434912583284
2.0865	 0.5004290798767166
2.0856	 0.5004270338447567
2.0848	 0.5004289963535284
2.0839	 0.5004271032132848
2.0831	 0.5004187680185891
2.0823	 0.5004140997712954
2.0814	 0.5004087842213437
2.0806	 0.5004104371617544
2.0798	 0.5004194963203286
2.0789	 0.500420567608277
2.0781	 0.5004146657952137
2.0773	 0.5004072918986137
2.0764	 0.500398598471161
2.0756	 0.5003962058126782
2.0748	 0.5003968126036049
2.0739	 0.5003972900694877
2.0731	 0.5004023375458742
2.0723	 0.5004102270056572
2.0715	 0.500419020361604
2.0706	 0.5004213341977652
2.0698	 0.5004217453296632
2.069	 0.5004265647285229
2.0681	 0.500430412787201
2.0673	 0.5004316597823494
2.0665	 0.5004317447278479
2.0657	 0.5004335609804347
2.0648	 0.5004284458903219
2.064	 0.5004231982121609
2.0632	 0.5004301656972758
2.0624	 0.5004416497847919
2.0616	 0.5004512266046331
2.0607	 0.5004518159022475
2.0599	 0.5004463190961964
2.0591	 0.500433447631415
2.0583	 0.5004218257742047
2.0575	 0.5004152171529737
2.0567	 0.5004182785969
2.0558	 0.5004186552923715
2.055	 0.5004103501366863
2.0542	 0.5004034324567381
2.0534	 0.5004007636374563
2.0526	 0.5003877864486833
2.0518	 0.5003761605771401
2.051	 0.5003744310624367
2.0501	 0.5003671662312408
2.0493	 0.5003562330701924
2.0485	 0.500358338494707
2.0477	 0.5003526667024322
2.0469	 0.5003429616377681
2.0461	 0.5003409311106738
2.0453	 0.5003481948414304
2.0445	 0.5003538385380344
2.0437	 0.5003597873791408
2.0429	 0.5003606290414064
2.0421	 0.5003606684118693
2.0413	 0.5003685364548673
2.0405	 0.5003742024339765
2.0397	 0.500380066298213
2.0389	 0.5003819165183604
2.0381	 0.5003731654156749
2.0373	 0.5003558324811452
2.0365	 0.5003340672549423
2.0357	 0.5003226650566878
2.0349	 0.5003253396427557
2.0341	 0.5003378868943071
2.0333	 0.5003435048286924
2.0325	 0.5003513988823278
2.0317	 0.5003738024463069
2.0309	 0.5003924537934652
2.0301	 0.5003970789968337
2.0293	 0.5003895317297576
2.0285	 0.5003945831799052
2.0277	 0.5004014845960384
2.0269	 0.500402399408057
2.0261	 0.5003975813909045
2.0253	 0.5003840964658761
2.0245	 0.5003800734160305
2.0237	 0.5003962939371133
2.0229	 0.5004153890807337
2.0222	 0.5004266199681346
2.0214	 0.5004314786423696
2.0206	 0.5004252230359181
2.0198	 0.5004172073912284
2.019	 0.5004116755560659
2.0182	 0.5003850320326706
2.0174	 0.5003657057688548
2.0167	 0.5003824682731505
2.0159	 0.5003734025926129
2.0151	 0.5003357460725424
2.0143	 0.5003208477564947
2.0135	 0.5003238391508174
2.0128	 0.5003049893957072
2.012	 0.5002612102391756
2.0112	 0.5002430286268588
2.0104	 0.5002686622091842
2.0096	 0.5002700463220126
2.0088	 0.5002005582032951
2.0081	 0.5001809203358679
2.0073	 0.5002001073726455
2.0065	 0.5001958497224656
2.0057	 0.5001965858043304
2.005	 0.5002727188713934
2.0042	 0.5003804074510154
2.0034	 0.5005043448651519
2.0026	 0.5005905259703237
2.0019	 0.5004702798481864
2.0011	 0.500417418467977
2.0003	 0.0
