15.3853	 1.0
15.3397	 0.5
15.2945	 0.5
15.2495	 0.5
15.2048	 0.5
15.1603	 0.5
15.1161	 0.5
15.0722	 0.5
15.0285	 0.5
14.9851	 0.5
14.9419	 0.5
14.8989	 0.5
14.8563	 0.5
14.8138	 0.5
14.7716	 0.5
14.7296	 0.5
14.6879	 0.5
14.6464	 0.5
14.6052	 0.5
14.5641	 0.5
14.5233	 0.5
14.4828	 0.5
14.4424	 0.5
14.4023	 0.5
14.3624	 0.5
14.3227	 0.5
14.2833	 0.5
14.244	 0.5
14.205	 0.5
14.1662	 0.5
14.1276	 0.5
14.0892	 0.5
14.051	 0.5
14.0131	 0.5
13.9753	 0.5
13.9377	 0.5
13.9004	 0.5
13.8632	 0.5
13.8262	 0.5
13.7895	 0.5
13.7529	 0.5
13.7165	 0.5
13.6803	 0.5
13.6443	 0.5
13.6085	 0.5
13.5729	 0.5
13.5374	 0.5
13.5022	 0.5
13.4671	 0.5
13.4322	 0.5
13.3975	 0.5
13.363	 0.5
13.3286	 0.5
13.2944	 0.5
13.2604	 0.5
13.2266	 0.49999999999999994
13.193	 0.49999999999999994
13.1595	 0.49999999999999994
13.1262	 0.49999999999999994
13.093	 0.49999999999999994
13.06	 0.49999999999999994
13.0272	 0.5
12.9946	 0.5
12.9621	 0.5
12.9298	 0.5
12.8976	 0.5
12.8656	 0.5
12.8337	 0.5
12.8021	 0.5
12.7705	 0.5
12.7391	 0.5
12.7079	 0.5
12.6769	 0.5
12.6459	 0.5
12.6152	 0.5
12.5845	 0.5
12.5541	 0.5
12.5238	 0.5
12.4936	 0.5
12.4635	 0.5
12.4337	 0.5
12.4039	 0.5
12.3743	 0.5
12.3448	 0.5
12.3155	 0.5
12.2863	 0.5
12.2573	 0.5
12.2284	 0.5
12.1996	 0.5
12.171	 0.5
12.1425	 0.5
12.1141	 0.5
12.0859	 0.5
12.0578	 0.5
12.0298	 0.5
12.0019	 0.5
11.9742	 0.5
11.9466	 0.5
11.9192	 0.5
11.8918	 0.5
11.8646	 0.5
11.8375	 0.5
11.8106	 0.5
11.7837	 0.5
11.757	 0.5
11.7304	 0.5
11.7039	 0.5
11.6776	 0.5
11.6513	 0.5
11.6252	 0.5
11.5992	 0.5
11.5733	 0.5
11.5475	 0.5
11.5219	 0.5
11.4963	 0.5
11.4709	 0.5
11.4455	 0.5
11.4203	 0.5
11.3952	 0.5
11.3702	 0.5
11.3454	 0.5
11.3206	 0.5
11.2959	 0.5
11.2714	 0.5
11.2469	 0.5
11.2226	 0.5
11.1983	 0.5
11.1742	 0.5
11.1502	 0.5
11.1263	 0.5
11.1024	 0.5
11.0787	 0.5
11.0551	 0.5000191535389243
11.0316	 0.5004239564339334
11.0081	 0.5014045331284219
10.9848	 0.5031067544708168
10.9616	 0.5058386830115985
10.9385	 0.5092708330731465
10.9154	 0.5137964155795807
10.8925	 0.520121523226557
10.8697	 0.5273875455638574
10.8469	 0.5346741024010867
10.8243	 0.5463085081123847
10.8017	 0.5537594466032024
10.7793	 0.5609444635304225
10.7569	 0.5676559625487791
10.7346	 0.5741987179389576
10.7125	 0.5798693477987403
10.6904	 0.5849531663777321
10.6684	 0.5906454487873517
10.6465	 0.5978000156027262
10.6247	 0.6095080591415101
10.6029	 0.6193490115921501
10.5813	 0.630292300115204
10.5597	 0.6412734834790886
10.5383	 0.6502093281950148
10.5169	 0.6556473450719518
10.4956	 0.6580311493485461
10.4744	 0.6572120530156791
10.4533	 0.6526638571940347
10.4323	 0.644350172936668
10.4113	 0.6324472584562548
10.3904	 0.6171737208756523
10.3697	 0.5996006887948803
10.349	 0.5823604133154856
10.3284	 0.5691997250702
10.3078	 0.5617747939704685
10.2874	 0.5589264722241644
10.267	 0.5631901982884056
10.2467	 0.5627983038673912
10.2265	 0.5641518666881763
10.2064	 0.5672445766427878
10.1863	 0.5709932389368522
10.1663	 0.5736322828578494
10.1464	 0.5729673591495376
10.1266	 0.567228096275437
10.1069	 0.5569500398015794
10.0872	 0.5441329607580423
10.0676	 0.5346788996139675
10.0481	 0.5220573405295387
10.0287	 0.5084508050821449
10.0093	 0.4920554942602742
9.9901	 0.47187114713347245
9.9708	 0.4482194285442408
9.9517	 0.4216341658400655
9.9326	 0.39339808370135765
9.9136	 0.3661904667596476
9.8947	 0.3390841894550071
9.8759	 0.3115725753803204
9.8571	 0.2843370323571389
9.8384	 0.2591536167545505
9.8198	 0.2385006177199997
9.8012	 0.22968271750907196
9.7827	 0.23617437288670373
9.7643	 0.2571128329224448
9.7459	 0.2906846866890034
9.7276	 0.33117392868975737
9.7094	 0.3764808535431892
9.6913	 0.4271234629210666
9.6732	 0.48206032787513753
9.6552	 0.5385263433293617
9.6372	 0.5933072567640691
9.6194	 0.6419926763391598
9.6015	 0.657044012274792
9.5838	 0.6810748441942097
9.5661	 0.6885875627678681
9.5485	 0.6800035302673482
9.5309	 0.6599995202393792
9.5135	 0.6361261101817939
9.496	 0.6089633389611886
9.4787	 0.579173465051784
9.4614	 0.5482329570775419
9.4441	 0.5177933457701818
9.427	 0.4896701294293141
9.4099	 0.46672490296362545
9.3928	 0.46006082885103633
9.3758	 0.4560496469473444
9.3589	 0.45963958708980257
9.342	 0.46915813709050486
9.3252	 0.4828270989922358
9.3085	 0.4991224144808068
9.2918	 0.5168286200002721
9.2752	 0.5345611338154895
9.2586	 0.5507148741418764
9.2421	 0.5645147110752166
9.2257	 0.575166349789628
9.2093	 0.581769092375007
9.193	 0.5773927399254466
9.1767	 0.5768281809754292
9.1605	 0.5720759866713552
9.1443	 0.563674946238724
9.1282	 0.5526096200230599
9.1122	 0.5395866056743834
9.0962	 0.5255433590973656
9.0803	 0.5115080143107723
9.0644	 0.49775118790745093
9.0486	 0.4841573482302568
9.0328	 0.46207160285691706
9.0171	 0.44640121533674687
9.0015	 0.42918287509584874
8.9858	 0.4105201003939408
8.9703	 0.3914561309232441
8.9548	 0.3725156934093819
8.9394	 0.3541908580512055
8.924	 0.3377056002484207
8.9086	 0.32381781207513183
8.8934	 0.31226564482054814
8.8781	 0.3035362928845819
8.863	 0.29825291088642775
8.8478	 0.296674087795788
8.8328	 0.2970706818171759
8.8177	 0.30235368754831443
8.8028	 0.31202541981185816
8.7879	 0.3256207524339059
8.773	 0.3417539909056047
8.7582	 0.35936574209608657
8.7434	 0.3782247740171571
8.7287	 0.3977483765534232
8.714	 0.41659335380306256
8.6994	 0.4343093683568269
8.6848	 0.45100274661895245
8.6703	 0.4656885568403224
8.6558	 0.47765161001934964
8.6414	 0.4870738415693348
8.627	 0.4941823955321797
8.6127	 0.49834803207088896
8.5984	 0.5
8.5842	 0.5
8.57	 0.5
8.5558	 0.5
8.5417	 0.5
8.5277	 0.5
8.5137	 0.5
8.4997	 0.5
8.4858	 0.5
8.4719	 0.5
8.4581	 0.5
8.4444	 0.5
8.4306	 0.5
8.4169	 0.5000000000000001
8.4033	 0.5000000000000001
8.3897	 0.5000000000000001
8.3761	 0.5000000000000001
8.3626	 0.5000000000000001
8.3492	 0.5000000000000001
8.3357	 0.5000000000000001
8.3224	 0.5000000000000001
8.309	 0.5000000000000001
8.2957	 0.5000000000000001
8.2825	 0.5000000000000001
8.2693	 0.5000000000000001
8.2561	 0.5000000000000001
8.243	 0.5000000000000001
8.2299	 0.5000000000000001
8.2169	 0.5
8.2038	 0.5
8.1909	 0.5
8.178	 0.5
8.1651	 0.5
8.1523	 0.5
8.1395	 0.5
8.1267	 0.5
8.114	 0.5
8.1013	 0.5
8.0887	 0.5
8.0761	 0.5
8.0635	 0.5
8.051	 0.5
8.0385	 0.5
8.0261	 0.5
8.0137	 0.5
8.0013	 0.5
7.989	 0.5
7.9767	 0.5
7.9644	 0.5
7.9522	 0.5
7.94	 0.5
7.9279	 0.5
7.9158	 0.5
7.9037	 0.5
7.8917	 0.5
7.8797	 0.5
7.8677	 0.5
7.8558	 0.5
7.8439	 0.5
7.8321	 0.5
7.8203	 0.5
7.8085	 0.5
7.7967	 0.5
7.785	 0.5
7.7734	 0.5
7.7617	 0.5
7.7501	 0.5
7.7386	 0.5
7.727	 0.5
7.7155	 0.5
7.7041	 0.5
7.6926	 0.5
7.6812	 0.5
7.6699	 0.5
7.6585	 0.5
7.6472	 0.5
7.636	 0.5
7.6247	 0.5
7.6136	 0.5
7.6024	 0.5
7.5913	 0.5
7.5802	 0.5
7.5691	 0.5
7.5581	 0.5
7.5471	 0.5
7.5361	 0.5
7.5252	 0.5
7.5142	 0.5
7.5034	 0.5
7.4925	 0.5
7.4817	 0.5
7.4709	 0.5
7.4602	 0.5
7.4495	 0.5
7.4388	 0.5
7.4281	 0.5
7.4175	 0.5
7.4069	 0.5
7.3963	 0.5
7.3858	 0.5
7.3753	 0.5
7.3648	 0.5
7.3544	 0.5
7.344	 0.5
7.3336	 0.5
7.3232	 0.5
7.3129	 0.5
7.3026	 0.5
7.2923	 0.5
7.2821	 0.5
7.2718	 0.5
7.2617	 0.5
7.2515	 0.5
7.2414	 0.5
7.2313	 0.5
7.2212	 0.5
7.2112	 0.5
7.2012	 0.5
7.1912	 0.5
7.1812	 0.5
7.1713	 0.5
7.1614	 0.5
7.1515	 0.5
7.1416	 0.5
7.1318	 0.5
7.122	 0.5
7.1123	 0.5
7.1025	 0.5
7.0928	 0.5
7.0831	 0.5
7.0734	 0.5
7.0638	 0.5
7.0542	 0.5
7.0446	 0.5
7.0351	 0.5
7.0255	 0.5
7.016	 0.5
7.0065	 0.5
6.9971	 0.5
6.9877	 0.5
6.9782	 0.5
6.9689	 0.5
6.9595	 0.5
6.9502	 0.5
6.9409	 0.5
6.9316	 0.5
6.9223	 0.5
6.9131	 0.5
6.9039	 0.5
6.8947	 0.5
6.8856	 0.5
6.8764	 0.5
6.8673	 0.5
6.8582	 0.5
6.8492	 0.5
6.8402	 0.5
6.8311	 0.5
6.8221	 0.5
6.8132	 0.49999999999999994
6.8042	 0.49999999999999994
6.7953	 0.49999999999999994
6.7864	 0.49999999999999994
6.7776	 0.49999999999999994
6.7687	 0.49999999999999994
6.7599	 0.49999999999999994
6.7511	 0.49999999999999994
6.7423	 0.49999999999999994
6.7336	 0.49999999999999994
6.7248	 0.49999999999999994
6.7161	 0.49999999999999994
6.7074	 0.49999999999999994
6.6988	 0.49999999999999994
6.6901	 0.49999999999999994
6.6815	 0.49999999999999994
6.6729	 0.49999999999999994
6.6643	 0.49999999999999994
6.6558	 0.49999999999999994
6.6472	 0.49999999999999994
6.6387	 0.49999999999999994
6.6302	 0.49999999999999994
6.6217	 0.49999999999999994
6.6133	 0.5
6.6049	 0.5
6.5965	 0.5
6.5881	 0.5
6.5797	 0.5
6.5714	 0.5
6.5631	 0.5
6.5548	 0.5
6.5465	 0.5
6.5382	 0.5
6.53	 0.5
6.5218	 0.5
6.5136	 0.5
6.5054	 0.5
6.4973	 0.5
6.4892	 0.5
6.481	 0.5
6.4729	 0.5
6.4649	 0.5
6.4568	 0.5
6.4488	 0.5
6.4408	 0.5
6.4328	 0.5
6.4248	 0.5
6.4169	 0.5
6.4089	 0.5
6.401	 0.5
6.3931	 0.5
6.3853	 0.5
6.3774	 0.5
6.3696	 0.5
6.3618	 0.5
6.354	 0.5
6.3462	 0.5
6.3384	 0.5
6.3307	 0.5
6.323	 0.5
6.3153	 0.5
6.3076	 0.5
6.2999	 0.5
6.2923	 0.49999999999999994
6.2847	 0.49999999999999994
6.277	 0.49999999999999994
6.2694	 0.49999999999999994
6.2619	 0.49999999999999994
6.2543	 0.49999999999999994
6.2468	 0.49999999999999994
6.2393	 0.49999999999999994
6.2318	 0.49999999999999994
6.2243	 0.49999999999999994
6.2168	 0.49999999999999994
6.2094	 0.49999999999999994
6.202	 0.49999999999999994
6.1945	 0.49999999999999994
6.1871	 0.49999999999999994
6.1798	 0.49999999999999994
6.1724	 0.49999999999999994
6.1651	 0.49999999999999994
6.1578	 0.49999999999999994
6.1505	 0.49999999999999994
6.1432	 0.49999999999999994
6.1359	 0.49999999999999994
6.1286	 0.49999999999999994
6.1214	 0.49999999999999994
6.1142	 0.49999999999999994
6.107	 0.49999999999999994
6.0998	 0.49999999999999994
6.0926	 0.5
6.0855	 0.5
6.0784	 0.5
6.0712	 0.5
6.0641	 0.5
6.0571	 0.5
6.05	 0.5
6.0429	 0.5
6.0359	 0.5
6.0289	 0.5
6.0219	 0.5
6.0149	 0.5
6.0079	 0.5
6.001	 0.5
5.994	 0.5
5.9871	 0.5
5.9802	 0.5
5.9733	 0.5
5.9664	 0.5
5.9596	 0.5
5.9527	 0.5
5.9459	 0.5
5.9391	 0.5
5.9323	 0.5
5.9255	 0.5
5.9188	 0.5
5.912	 0.5
5.9053	 0.5
5.8986	 0.5
5.8919	 0.5
5.8852	 0.5
5.8785	 0.5
5.8718	 0.5
5.8652	 0.5
5.8586	 0.5
5.852	 0.5
5.8454	 0.5
5.8388	 0.5
5.8322	 0.5
5.8257	 0.5
5.8191	 0.5
5.8126	 0.5
5.8061	 0.5
5.7996	 0.5
5.7931	 0.5
5.7866	 0.5
5.7802	 0.5
5.7738	 0.500158103155766
5.7673	 0.5003056080590126
5.7609	 0.5003523804699163
5.7545	 0.500427085984597
5.7481	 0.5006607157823555
5.7418	 0.500989635018982
5.7354	 0.5013255536955651
5.7291	 0.5016079259321725
5.7228	 0.5018517666841517
5.7165	 0.5021209867102241
5.7102	 0.5024280452667897
5.7039	 0.5030113050477355
5.6976	 0.5033876069502715
5.6914	 0.5037047861501512
5.6851	 0.5041138633064491
5.6789	 0.5046554870591992
5.6727	 0.5052934455957847
5.6665	 0.5060046951900218
5.6603	 0.5068009046233845
5.6541	 0.5077075543739039
5.648	 0.5087781811849307
5.6418	 0.5100158162631551
5.6357	 0.5114837958983688
5.6296	 0.5131418407183906
5.6235	 0.514996630597865
5.6174	 0.5188752331042138
5.6113	 0.5212625109927679
5.6052	 0.5238921184648198
5.5992	 0.5266749712938628
5.5931	 0.5295895963877187
5.5871	 0.5327161358444827
5.5811	 0.5360658845357035
5.5751	 0.5394476708109691
5.5691	 0.5428165501570351
5.5631	 0.5463607905733415
5.5572	 0.550070812596579
5.5512	 0.5537107247734432
5.5453	 0.5572123942305933
5.5393	 0.5631228413978647
5.5334	 0.5666600812492465
5.5275	 0.5704581398043799
5.5217	 0.5743836027941049
5.5158	 0.5783719825819369
5.5099	 0.582517496897002
5.5041	 0.586887403006709
5.4982	 0.5912591871426042
5.4924	 0.5957702819929247
5.4866	 0.6003921997089897
5.4808	 0.6048689625799417
5.475	 0.6092498774781765
5.4692	 0.6135392702731869
5.4635	 0.620223544174578
5.4577	 0.6240517158441495
5.452	 0.6276049605276528
5.4463	 0.6308453606314928
5.4405	 0.6337495344718521
5.4348	 0.6362493592410484
5.4291	 0.6383202027573036
5.4235	 0.6398875543508188
5.4178	 0.6414307888332548
5.4121	 0.6422236695699218
5.4065	 0.6425318363142599
5.4009	 0.6424183865902905
5.3952	 0.6420766216372735
5.3896	 0.6418984620417527
5.384	 0.6409193792759577
5.3785	 0.639598975739947
5.3729	 0.6381818442427987
5.3673	 0.6365783262317577
5.3618	 0.634737677013895
5.3562	 0.6327455522888605
5.3507	 0.6306423261796619
5.3452	 0.6283502947800074
5.3397	 0.6270568119188316
5.3342	 0.6243627224594638
5.3287	 0.6212583853480715
5.3232	 0.6169982296349859
5.3178	 0.6130249254542657
5.3123	 0.6087158074821178
5.3069	 0.6039763508569026
5.3015	 0.5988845464589179
5.2961	 0.5934305356677197
5.2907	 0.5875490354035514
5.2852	 0.5813449371697116
5.2799	 0.5748970232532932
5.2745	 0.5681857168813504
5.2691	 0.561280185861397
5.2638	 0.5565284466707304
5.2584	 0.54942191808804
5.2531	 0.5408801578942108
5.2478	 0.5337825723805153
5.2425	 0.5266902238782302
5.2372	 0.5196972903520619
5.2319	 0.5129634213884197
5.2267	 0.5066660802185025
5.2214	 0.5009199057893773
5.2161	 0.4956525123346946
5.2109	 0.49098758097395834
5.2057	 0.4869002148858072
5.2004	 0.4831375487881075
5.1952	 0.4796205037799137
5.19	 0.4785165250116389
5.1848	 0.47564139897059365
5.1796	 0.47298597567637873
5.1745	 0.47048763386256853
5.1693	 0.468110226771745
5.1642	 0.4659111565002703
5.159	 0.46387642902922804
5.1539	 0.462021651959377
5.1488	 0.4604021067991295
5.1437	 0.459107417586079
5.1386	 0.4581048252073677
5.1335	 0.45742400382299964
5.1284	 0.4578627503015489
5.1234	 0.4587073046918474
5.1183	 0.4586582890316618
5.1132	 0.4587696134977327
5.1082	 0.4590564533200885
5.1032	 0.45947234401526815
5.0982	 0.4600525534560792
5.0932	 0.46082676205156053
5.0882	 0.46183429563917217
5.0832	 0.4631288186438789
5.0782	 0.46473530878287955
5.0732	 0.4665060442462762
5.0683	 0.4678021772592865
5.0633	 0.4698481020435409
5.0584	 0.47210495824777965
5.0534	 0.4735714448138984
5.0485	 0.4759916800918983
5.0436	 0.47856501479276653
5.0387	 0.4812901608346287
5.0338	 0.4840015924535092
5.0289	 0.4864924249116847
5.0241	 0.48855772650144835
5.0192	 0.49014154706003893
5.0144	 0.4912194616649545
5.0095	 0.49032854894913674
5.0047	 0.49031125770734935
4.9998	 0.48993646943809527
4.995	 0.48907371023790464
4.9902	 0.48665191755531667
4.9854	 0.4848957559619768
4.9806	 0.48284431568798614
4.9759	 0.4804702325476294
4.9711	 0.47776959063071317
4.9663	 0.4746047123722542
4.9616	 0.4711501920196058
4.9568	 0.46752537556699814
4.9521	 0.4617016793690438
4.9474	 0.45782692860653895
4.9426	 0.4537686290364775
4.9379	 0.44959276602604226
4.9332	 0.44532018399794554
4.9286	 0.4405042557641334
4.9239	 0.4363541790732562
4.9192	 0.4323120936220301
4.9145	 0.42838096334870346
4.9099	 0.4245678479631379
4.9052	 0.4209209318468485
4.9006	 0.4161400923495359
4.896	 0.4128034203007971
4.8914	 0.40962228575337584
4.8867	 0.4064921674052638
4.8821	 0.40329927718763875
4.8776	 0.40015300954632227
4.873	 0.39714994558804056
4.8684	 0.3947796867693406
4.8638	 0.39200161874434103
4.8593	 0.3892118140532781
4.8547	 0.38643287042443614
4.8502	 0.38367748659377604
4.8456	 0.3803658354465542
4.8411	 0.3776723796068548
4.8366	 0.3750423045645288
4.8321	 0.3725651611723944
4.8276	 0.37036481991839854
4.8231	 0.36853255981584293
4.8186	 0.3670275203815343
4.8141	 0.36586183033092456
4.8097	 0.3652692141176229
4.8052	 0.36465275016489335
4.8008	 0.36434164913774747
4.7963	 0.36437444547747566
4.7919	 0.36513869057979514
4.7875	 0.36660879458424145
4.7831	 0.36868728511452464
4.7786	 0.37140864429183207
4.7743	 0.37482526292083196
4.7699	 0.3790612154582913
4.7655	 0.38390263094735827
4.7611	 0.38910608048670403
4.7567	 0.3945583222498283
4.7524	 0.39837576675722686
4.748	 0.40588542141764344
4.7437	 0.41192957997025054
4.7393	 0.4181399243372879
4.735	 0.4245156632917343
4.7307	 0.4310489511320254
4.7264	 0.43772367952345315
4.7221	 0.4444801589606002
4.7178	 0.45131206992575584
4.7135	 0.458194000790358
4.7092	 0.4651250704520117
4.7049	 0.47210075195296924
4.7007	 0.4769760231312548
4.6964	 0.4869327164552632
4.6922	 0.4942921295907086
4.6879	 0.5016689909562281
4.6837	 0.5091677971296543
4.6795	 0.5168068228161319
4.6752	 0.524493846550423
4.671	 0.5322731554586915
4.6668	 0.54012528969674
4.6626	 0.548024295621361
4.6584	 0.5559808268301465
4.6543	 0.5640287741112643
4.6501	 0.5758554328542834
4.6459	 0.5819585735959506
4.6418	 0.5901923440169551
4.6376	 0.5983859832000575
4.6334	 0.6064877134984501
4.6293	 0.6145207528789977
4.6252	 0.6224135156005124
4.6211	 0.6301406602860701
4.617	 0.6377193316884411
4.6128	 0.6450840782563568
4.6087	 0.6552724007410825
4.6047	 0.6620901364901619
4.6006	 0.6687019374992844
4.5965	 0.6737857199742076
4.5924	 0.6798702728557147
4.5884	 0.6854322467309637
4.5843	 0.6904391725006641
4.5802	 0.6949328979356153
4.5762	 0.6988554759728187
4.5722	 0.7022518398536256
4.5681	 0.7050828230688473
4.5641	 0.7094052160104324
4.5601	 0.7116151607194037
4.5561	 0.7136420484379358
4.5521	 0.7154932639514209
4.5481	 0.7173612916069734
4.5441	 0.7188844324303675
4.5401	 0.7202668765737344
4.5362	 0.721477716747282
4.5322	 0.7225077040451867
4.5282	 0.7233577823951571
4.5243	 0.7239997864575519
4.5203	 0.7254301606079964
4.5164	 0.7256119637449727
4.5125	 0.725637491271998
4.5085	 0.7254985112841866
4.5046	 0.7251865316673046
4.5007	 0.7246821944775136
4.4968	 0.7247339657901212
4.4929	 0.723917127548224
4.489	 0.7228666306095889
4.4851	 0.7216071500252009
4.4813	 0.7207960626990425
4.4774	 0.7192058552367697
4.4735	 0.7174136303290144
4.4697	 0.7153943827462729
4.4658	 0.7132288918671291
4.462	 0.7109533770276047
4.4581	 0.708514834109951
4.4543	 0.7059048084055528
4.4505	 0.7045261852566647
4.4467	 0.7015664713387417
4.4429	 0.69838684325436
4.4391	 0.6956994454925804
4.4353	 0.6922284001136114
4.4315	 0.6886456863147371
4.4277	 0.6849581187118644
4.4239	 0.681190229730111
4.4201	 0.6773752646664947
4.4164	 0.6735489538865496
4.4126	 0.6697332069729517
4.4089	 0.6680616875817572
4.4051	 0.664339673455305
4.4014	 0.6614901425489628
4.3976	 0.6577990329540375
4.3939	 0.6541671653468369
4.3902	 0.6506579422073904
4.3865	 0.6473074875582622
4.3828	 0.6440813349378788
4.3791	 0.6409810599784932
4.3754	 0.6380023374583209
4.3717	 0.6351453628975017
4.368	 0.6323999809124362
4.3643	 0.6328653141599915
4.3607	 0.6303583703715752
4.357	 0.6279828107688833
4.3533	 0.6257173550005704
4.3497	 0.6235887505814729
4.346	 0.6215613983356629
4.3424	 0.6195976974585213
4.3388	 0.6177310784836817
4.3351	 0.6159934021276486
4.3315	 0.6143523141728213
4.3279	 0.6140392583699718
4.3243	 0.6126413573750636
4.3207	 0.6133408429892021
4.3171	 0.6121589446454697
4.3135	 0.6110585913940247
4.3099	 0.6100648944935576
4.3063	 0.6091639461427216
4.3028	 0.6083460652659411
4.2992	 0.6076226195631633
4.2956	 0.6069659643410428
4.2921	 0.6073952389766398
4.2885	 0.6068636752877875
4.285	 0.6063950508739351
4.2815	 0.6075471430352452
4.2779	 0.6070498498757768
4.2744	 0.6065870151547754
4.2709	 0.6061722783848716
4.2674	 0.6057351808398588
4.2638	 0.6052232945602503
4.2603	 0.6046629564166441
4.2568	 0.6046319618381885
4.2534	 0.6039477946175071
4.2499	 0.6033334637360853
4.2464	 0.6028331570960042
4.2429	 0.6024329430590827
4.2394	 0.6030434492080866
4.236	 0.6027444775194266
4.2325	 0.6025282787040424
4.2291	 0.6023722185906462
4.2256	 0.602222625369162
4.2222	 0.6025514664780891
4.2187	 0.6023474370748466
4.2153	 0.6021099652571859
4.2119	 0.6018437846390192
4.2085	 0.6015342643084673
4.2051	 0.6011883264926181
4.2016	 0.6014332208375671
4.1982	 0.6010528114723844
4.1948	 0.6006501811257962
4.1915	 0.6002199967248398
4.1881	 0.6001409774941793
4.1847	 0.5996686143024318
4.1813	 0.5991512555450187
4.178	 0.5985749114075846
4.1746	 0.5979617102088348
4.1712	 0.5973138815090101
4.1679	 0.5966200863567269
4.1645	 0.596506986224051
4.1612	 0.5957143477741085
4.1578	 0.5950706452169567
4.1545	 0.5940986959135159
4.1512	 0.5930237849212364
4.1479	 0.5918631753035715
4.1445	 0.5906399057452894
4.1412	 0.5893547900238305
4.1379	 0.5879777137657836
4.1346	 0.5865262042091303
4.1313	 0.5850199622162615
4.128	 0.5841992249386314
4.1248	 0.5827198669529794
4.1215	 0.5810641737619344
4.1182	 0.5793490439035246
4.115	 0.5775961543287642
4.1117	 0.5758089911240638
4.1084	 0.5739792122515447
4.1052	 0.5721167871301154
4.1019	 0.5702362027216251
4.0987	 0.5683401001834371
4.0954	 0.5664438560469971
4.0922	 0.5655102805317876
4.089	 0.5636052009779097
4.0858	 0.5616840267583275
4.0826	 0.5597735149473273
4.0793	 0.5578889170337625
4.0761	 0.5560251816746932
4.0729	 0.5541673239974703
4.0697	 0.5523422251989302
4.0665	 0.5505859473214034
4.0633	 0.548755963280597
4.0602	 0.5471217324234511
4.057	 0.5464538879247746
4.0538	 0.544973507817181
4.0507	 0.5435305942308296
4.0475	 0.5420807252405762
4.0443	 0.5406040276513848
4.0412	 0.5390597531544817
4.038	 0.5374275948024448
4.0349	 0.5357071216863255
4.0317	 0.5335734994016523
4.0286	 0.5318354428688592
4.0255	 0.5301259330530872
4.0224	 0.5293058758264393
4.0193	 0.5276101836937261
4.0161	 0.5259374617567947
4.013	 0.5242724833535316
4.0099	 0.5226140154741392
4.0068	 0.5209797982699854
4.0037	 0.5190558678612736
4.0006	 0.5174173520828864
3.9976	 0.5157771499597538
3.9945	 0.5141486290670857
3.9914	 0.5125266149774792
3.9883	 0.5116531356988351
3.9853	 0.5100229392220302
3.9822	 0.5084189796491279
3.9792	 0.5068627294027785
3.9761	 0.5050505347370619
3.9731	 0.5035468177192036
3.97	 0.5020538076081341
3.967	 0.5005674260051295
3.9639	 0.4991002311230049
3.9609	 0.4976688027743326
3.9579	 0.4968483238445052
3.9549	 0.4954471790037924
3.9519	 0.49407943231063023
3.9489	 0.4924047169406423
3.9458	 0.49109326942026366
3.9428	 0.4898060601704038
3.9398	 0.48854384930227257
3.9369	 0.487315093155877
3.9339	 0.48610511927668204
3.9309	 0.4849065410571228
3.9279	 0.483717304217617
3.9249	 0.4827980094954814
3.922	 0.48117809771372794
3.919	 0.48000632114208674
3.916	 0.47885429829596293
3.9131	 0.47770251373391387
3.9101	 0.4765600824090646
3.9072	 0.47543691116604375
3.9042	 0.47430398164970966
3.9013	 0.4731677302854043
3.8984	 0.47204476912903
3.8954	 0.47054379208555264
3.8925	 0.4694164784603888
3.8896	 0.4682945309535236
3.8867	 0.46718083653959586
3.8838	 0.4660862750063111
3.8809	 0.46500569175322487
3.878	 0.46392492480634434
3.8751	 0.46285970816386424
3.8722	 0.46182126158209924
3.8693	 0.46025958870297784
3.8664	 0.45925936326774486
3.8635	 0.4584225432797366
3.8606	 0.4574879409321893
3.8578	 0.45656257548730206
3.8549	 0.45563931048446277
3.852	 0.4547248397746951
3.8492	 0.45383715136936564
3.8463	 0.4529967200796595
3.8435	 0.45179130789678146
3.8406	 0.45114940294788214
3.8378	 0.4506155722472891
3.8349	 0.45015865155807283
3.8321	 0.4497864733506344
3.8293	 0.4493149396365742
3.8264	 0.44879896697917293
3.8236	 0.44827189568073394
3.8208	 0.4477465487331054
3.818	 0.44685811110180645
3.8152	 0.4463453715866973
3.8124	 0.44587070904296683
3.8096	 0.44540639731809967
3.8068	 0.44495197972264405
3.804	 0.44441753746238544
3.8012	 0.4439856892046713
3.7984	 0.44357656808078416
3.7956	 0.44280855943329517
3.7929	 0.44237812131359977
3.7901	 0.44194034583351344
3.7873	 0.44151450015083
3.7845	 0.44109550621992283
3.7818	 0.44065434130941317
3.779	 0.44017693712577177
3.7763	 0.43948305301814156
3.7735	 0.4389620687564057
3.7708	 0.4379606528111239
3.7681	 0.4374160714640189
3.7653	 0.43688112451995814
3.7626	 0.43633604728520287
3.7599	 0.43577807393744294
3.7571	 0.4352292588054493
3.7544	 0.43469009837702466
3.7517	 0.43415328676385523
3.749	 0.43333558548857615
3.7463	 0.4322072121241504
3.7436	 0.431661399366368
3.7409	 0.43113558201627405
3.7382	 0.4306228594395896
3.7355	 0.4301142399698618
3.7328	 0.42961711342935316
3.7301	 0.4291404207754573
3.7274	 0.42869043494298764
3.7247	 0.427595972060844
3.7221	 0.4267975177684432
3.7194	 0.42635995828823525
3.7167	 0.4259247248822489
3.7141	 0.4255148847481971
3.7114	 0.42513309646118236
3.7088	 0.42475155734655107
3.7061	 0.4243848996071999
3.7035	 0.4240396149183131
3.7008	 0.42291675720023714
3.6982	 0.42256262288879126
3.6955	 0.4218052773573161
3.6929	 0.42146654069194217
3.6903	 0.4211159042072154
3.6877	 0.42076107291836184
3.685	 0.4204044762708861
3.6824	 0.42003096862450423
3.6798	 0.41965350568190163
3.6772	 0.418392529600858
3.6746	 0.41798050851050683
3.672	 0.4175501542666363
3.6694	 0.41664660987878727
3.6668	 0.4161547607827676
3.6642	 0.4155974367576952
3.6616	 0.41500119815061404
3.659	 0.41438010629639316
3.6564	 0.41275544829979993
3.6539	 0.4120420667086509
3.6513	 0.41129211562676815
3.6487	 0.4104897413958334
3.6462	 0.4096241547909271
3.6436	 0.40832002672299483
3.641	 0.40735083450758913
3.6385	 0.40630407642976485
3.6359	 0.40414367256941863
3.6334	 0.40294658147674517
3.6308	 0.40169346478969326
3.6283	 0.4004424633962517
3.6258	 0.3991984344542331
3.6232	 0.3979311808885481
3.6207	 0.3966330598077757
3.6182	 0.39486764048003786
3.6156	 0.393516552417861
3.6131	 0.39096466106872496
3.6106	 0.3895057068032736
3.6081	 0.3880159871279546
3.6056	 0.3864929659923908
3.6031	 0.3849485968716604
3.6006	 0.3833821661899498
3.5981	 0.3817934360894209
3.5956	 0.37970048197259626
3.5931	 0.376847875572062
3.5906	 0.3752162422207359
3.5881	 0.37358466223792314
3.5856	 0.37193414630846605
3.5832	 0.37026217992176974
3.5807	 0.3685863954418525
3.5782	 0.36690345374299926
3.5758	 0.36522579186771775
3.5733	 0.3635567145323537
3.5708	 0.36007201893149143
3.5684	 0.35836999877270737
3.5659	 0.35666457440439087
3.5635	 0.354959793387837
3.561	 0.3532558944996385
3.5586	 0.3515330077850182
3.5561	 0.3497816739271325
3.5537	 0.3480178973906639
3.5513	 0.34489035950414726
3.5488	 0.3431148182894599
3.5464	 0.3408245607008909
3.544	 0.3390511315007772
3.5415	 0.33724695454928233
3.5391	 0.33540584029667236
3.5367	 0.33353440971578185
3.5343	 0.33167715353435123
3.5319	 0.3284408087296127
3.5295	 0.3266188806991245
3.5271	 0.3247874681579977
3.5247	 0.32247636588799916
3.5223	 0.3206502967019825
3.5199	 0.3188443638976238
3.5175	 0.31706180211014773
3.5151	 0.3140407582586656
3.5128	 0.31224365117581815
3.5104	 0.310458614926362
3.508	 0.30869819399387083
3.5056	 0.3069501848511746
3.5033	 0.3052318532300776
3.5009	 0.3031182075563
3.4985	 0.30145299049561447
3.4962	 0.29978052175767805
3.4938	 0.29709693790849007
3.4915	 0.29549679497148695
3.4891	 0.29392982199314033
3.4868	 0.29238236843535426
3.4844	 0.2908674501817501
3.4821	 0.2893862750007855
3.4798	 0.2879224488727207
3.4774	 0.2852051514245289
3.4751	 0.2838198444783306
3.4728	 0.2824613200206123
3.4704	 0.2811239018404046
3.4681	 0.279828647835519
3.4658	 0.2786061072689434
3.4635	 0.27741979243189274
3.4612	 0.2762466953674706
3.4589	 0.27510399234097815
3.4566	 0.27284327164839295
3.4543	 0.2718326336172758
3.452	 0.2708610858896276
3.4497	 0.26992440370047077
3.4474	 0.269029989514811
3.4451	 0.26819270214537433
3.4428	 0.267396932346732
3.4405	 0.2666445829763846
3.4382	 0.2654428191975212
3.4359	 0.26414594670561864
3.4337	 0.2635623526428375
3.4314	 0.2630763681562983
3.4291	 0.2626550664446267
3.4269	 0.2622661121939217
3.4246	 0.26192561229177
3.4223	 0.2612801667037289
3.4201	 0.2610784651991768
3.4178	 0.26092950390964176
3.4156	 0.2608842049230608
3.4133	 0.2600451217969922
3.4111	 0.26011666282766777
3.4088	 0.2602492400069815
3.4066	 0.26045549297889303
3.4043	 0.26047540222163856
3.4021	 0.2608009879660219
3.3999	 0.2611755805215755
3.3977	 0.2616757562671026
3.3954	 0.2622863539677942
3.3932	 0.26192912905072663
3.391	 0.26263822353459115
3.3888	 0.26337222088214873
3.3866	 0.2640205623452138
3.3844	 0.26490662186896
3.3822	 0.26589383575737346
3.3799	 0.26699512755921484
3.3777	 0.2681727471570106
3.3755	 0.2694078542829794
3.3733	 0.27070502646007755
3.3712	 0.2709276058835746
3.369	 0.2723666490379562
3.3668	 0.27394692168859663
3.3646	 0.27558459895519827
3.3624	 0.2772960175201159
3.3602	 0.2791079056222894
3.358	 0.2810442789048617
3.3559	 0.2830940145326032
3.3537	 0.2851716260519988
3.3515	 0.28604492474589094
3.3494	 0.2882816775758325
3.3472	 0.29058910389627307
3.3451	 0.2929640561455347
3.3429	 0.2954399545863584
3.3407	 0.2980403697666661
3.3386	 0.30077801473306137
3.3364	 0.3035674632955252
3.3343	 0.30637410014953226
3.3321	 0.3077282857458272
3.33	 0.3105412959823708
3.3279	 0.3133681632474078
3.3257	 0.31622123456288753
3.3236	 0.3190974719559359
3.3215	 0.32199465220225926
3.3194	 0.3248980351200253
3.3172	 0.3278057697240366
3.3151	 0.329079152451142
3.313	 0.3320140924890818
3.3109	 0.3349843178205889
3.3088	 0.33795542354827673
3.3066	 0.34093375746902216
3.3045	 0.34391349374030294
3.3024	 0.34688959192935964
3.3003	 0.34986308473293737
3.2982	 0.3528509144677867
3.2961	 0.35586068972515644
3.294	 0.35700420839991154
3.292	 0.3599953082338002
3.2899	 0.3629795859318297
3.2878	 0.3659664197572346
3.2857	 0.36895776987245055
3.2836	 0.37193888894247074
3.2815	 0.37491438807860256
3.2795	 0.3778945081842275
3.2774	 0.37891136882257187
3.2753	 0.3818687019195692
3.2732	 0.3848178693672838
3.2712	 0.3877708595267399
3.2691	 0.39072371932862154
3.2671	 0.3936558821313766
3.265	 0.3965555880081351
3.263	 0.39947086824078426
3.2609	 0.40239693463703047
3.2588	 0.4053081756067254
3.2568	 0.406144230784547
3.2548	 0.4089989327607931
3.2527	 0.4118208532632432
3.2507	 0.4146356012992161
3.2486	 0.41744573171639016
3.2466	 0.42024513406154956
3.2446	 0.4230116677203964
3.2426	 0.4257687077598194
3.2405	 0.42850905002457046
3.2385	 0.42916887132157394
3.2365	 0.431862367946811
3.2345	 0.43454772013553983
3.2324	 0.437183041072584
3.2304	 0.43975746684389483
3.2284	 0.4423191465675544
3.2264	 0.44487051572383074
3.2244	 0.44738777448887435
3.2224	 0.447889145653451
3.2204	 0.4503367717911911
3.2184	 0.45276349645611147
3.2164	 0.4551451997863662
3.2144	 0.4574426545652521
3.2124	 0.45969067247702367
3.2104	 0.4619196428917565
3.2084	 0.4640897591946842
3.2064	 0.46621273365065347
3.2045	 0.46654459189044395
3.2025	 0.4686152084582164
3.2005	 0.4706485289496456
3.1985	 0.47265023971358655
3.1966	 0.474516123470827
3.1946	 0.4762972919599884
3.1926	 0.47803677872511485
3.1907	 0.4797308122079673
3.1887	 0.48140770868269717
3.1867	 0.48159424911136833
3.1848	 0.4832160832502986
3.1828	 0.48475120882139044
3.1809	 0.48619179934223894
3.1789	 0.4875252836694734
3.177	 0.48880848240155267
3.175	 0.49004066424249404
3.1731	 0.4912175014903346
3.1711	 0.49231547657827873
3.1692	 0.4923934932655304
3.1673	 0.4933542870251329
3.1653	 0.4942707385989357
3.1634	 0.4951450775374669
3.1615	 0.4959492144034607
3.1596	 0.4966580859439016
3.1576	 0.4972686734351026
3.1557	 0.49779138345526763
3.1538	 0.49781382181941186
3.1519	 0.498316061978455
3.15	 0.4987595627103004
3.1481	 0.4991207242423142
3.1461	 0.4994440336312159
3.1442	 0.4997055504179703
3.1423	 0.4998964404924159
3.1404	 0.49999999999999983
3.1385	 0.49999999999999983
3.1366	 0.49999999999999983
3.1347	 0.49999999999999983
3.1328	 0.49999999999999983
3.1309	 0.49999999999999983
3.129	 0.4999999999999998
3.1272	 0.4999999999999998
3.1253	 0.4999999999999998
3.1234	 0.4999999999999998
3.1215	 0.4999999999999998
3.1196	 0.4999999999999998
3.1178	 0.4999999999999998
3.1159	 0.4999999999999998
3.114	 0.4999999999999998
3.1121	 0.4999999999999998
3.1103	 0.4999999999999998
3.1084	 0.4999999999999998
3.1065	 0.4999999999999998
3.1047	 0.4999999999999998
3.1028	 0.4999999999999998
3.101	 0.4999999999999998
3.0991	 0.4999999999999998
3.0973	 0.4999999999999998
3.0954	 0.4999999999999998
3.0936	 0.4999999999999998
3.0917	 0.4999999999999998
3.0899	 0.49999999999999983
3.088	 0.49999999999999983
3.0862	 0.49999999999999983
3.0844	 0.49999999999999983
3.0825	 0.49999999999999983
3.0807	 0.49999999999999983
3.0789	 0.49999999999999983
3.077	 0.49999999999999983
3.0752	 0.49999999999999983
3.0734	 0.49999999999999983
3.0716	 0.49999999999999983
3.0698	 0.49999999999999983
3.068	 0.49999999999999983
3.0661	 0.49999999999999983
3.0643	 0.49999999999999983
3.0625	 0.49999999999999983
3.0607	 0.49999999999999983
3.0589	 0.49999999999999983
3.0571	 0.49999999999999983
3.0553	 0.49999999999999983
3.0535	 0.49999999999999983
3.0517	 0.4999999999999998
3.0499	 0.4999999999999998
3.0481	 0.4999999999999998
3.0463	 0.4999999999999998
3.0445	 0.4999999999999998
3.0427	 0.4999999999999998
3.041	 0.4999999999999998
3.0392	 0.4999999999999998
3.0374	 0.4999999999999998
3.0356	 0.4999999999999998
3.0338	 0.4999999999999998
3.0321	 0.4999999999999998
3.0303	 0.4999999999999998
3.0285	 0.4999999999999998
3.0268	 0.4999999999999998
3.025	 0.4999999999999998
3.0232	 0.4999999999999998
3.0215	 0.4999999999999998
3.0197	 0.4999999999999998
3.0179	 0.4999999999999998
3.0162	 0.4999999999999998
3.0144	 0.49999999999999983
3.0127	 0.49999999999999983
3.0109	 0.49999999999999983
3.0092	 0.49999999999999983
3.0074	 0.49999999999999983
3.0057	 0.49999999999999983
3.004	 0.49999999999999983
3.0022	 0.49999999999999983
3.0005	 0.49999999999999983
2.9987	 0.49999999999999983
2.997	 0.49999999999999983
2.9953	 0.49999999999999983
2.9935	 0.49999999999999983
2.9918	 0.49999999999999983
2.9901	 0.49999999999999983
2.9884	 0.49999999999999983
2.9867	 0.49999999999999983
2.9849	 0.49999999999999983
2.9832	 0.49999999999999983
2.9815	 0.49999999999999983
2.9798	 0.49999999999999983
2.9781	 0.49999999999999983
2.9764	 0.49999999999999983
2.9747	 0.49999999999999983
2.9729	 0.49999999999999983
2.9712	 0.49999999999999983
2.9695	 0.49999999999999983
2.9678	 0.49999999999999983
2.9661	 0.49999999999999983
2.9645	 0.49999999999999983
2.9628	 0.49999999999999983
2.9611	 0.49999999999999983
2.9594	 0.49999999999999983
2.9577	 0.4999999999999998
2.956	 0.4999999999999998
2.9543	 0.4999999999999998
2.9526	 0.4999999999999998
2.951	 0.4999999999999998
2.9493	 0.4999999999999998
2.9476	 0.4999999999999998
2.9459	 0.4999999999999998
2.9442	 0.4999999999999998
2.9426	 0.4999999999999998
2.9409	 0.4999999999999998
2.9392	 0.4999999999999998
2.9376	 0.4999999999999998
2.9359	 0.4999999999999998
2.9343	 0.4999999999999998
2.9326	 0.4999999999999998
2.9309	 0.4999999999999998
2.9293	 0.49999999999999983
2.9276	 0.49999999999999983
2.926	 0.49999999999999983
2.9243	 0.5001653467944642
2.9227	 0.5005226909168076
2.921	 0.5010664911620917
2.9194	 0.5018273748709912
2.9177	 0.5027695973733474
2.9161	 0.5039001135425821
2.9145	 0.5068662089282214
2.9128	 0.508748011895754
2.9112	 0.5109041995074017
2.9096	 0.5132634495299992
2.9079	 0.5157734435961707
2.9063	 0.5184224665454508
2.9047	 0.5212406633330411
2.903	 0.5271167475473135
2.9014	 0.5302968969614045
2.8998	 0.5335911864780866
2.8982	 0.5369646091359304
2.8966	 0.5404246030620079
2.8949	 0.5439635612495825
2.8933	 0.5508157201472038
2.8917	 0.554401712589493
2.8901	 0.5579823684929988
2.8885	 0.5615297229177435
2.8869	 0.5650353976055129
2.8853	 0.5685128733336128
2.8837	 0.5719766334151402
2.8821	 0.5782324008071182
2.8805	 0.5815357555986378
2.8789	 0.5847915216605376
2.8773	 0.5879906515087454
2.8757	 0.5911845565118784
2.8741	 0.5943126202739311
2.8725	 0.5998653659301744
2.8709	 0.6029605882259199
2.8693	 0.606042268859358
2.8677	 0.6090681489177825
2.8661	 0.6121313413021239
2.8645	 0.615230241850337
2.863	 0.6183022537140375
2.8614	 0.6236589262774709
2.8598	 0.6266622862193308
2.8582	 0.6296455576352377
2.8567	 0.6326175368721662
2.8551	 0.6355930281295178
2.8535	 0.6385443650005851
2.8519	 0.6436113515235772
2.8504	 0.6464467755884452
2.8488	 0.649238675980034
2.8472	 0.6519823714433987
2.8457	 0.6546832089692305
2.8441	 0.6573524514462232
2.8426	 0.6599845067179834
2.841	 0.6643528678149526
2.8394	 0.6668794744103618
2.8379	 0.669386226261555
2.8363	 0.6718978117547829
2.8348	 0.6744034327778353
2.8332	 0.6769198322696234
2.8317	 0.6811371594860715
2.8302	 0.6836887672053495
2.8286	 0.6862144572329802
2.8271	 0.6887241348041888
2.8255	 0.6912424439130359
2.824	 0.6937512781690413
2.8224	 0.6978644145114465
2.8209	 0.7003474625808831
2.8194	 0.7028228891947531
2.8178	 0.7052545934491242
2.8163	 0.7076765211641756
2.8148	 0.7100609666447676
2.8133	 0.7137873949034905
2.8117	 0.7160245774692461
2.8102	 0.7182205034086696
2.8087	 0.7203719237168525
2.8072	 0.7224700298092047
2.8056	 0.7245223160678732
2.8041	 0.7265307080890031
2.8026	 0.7294714328418295
2.8011	 0.7312950585494512
2.7996	 0.7330438162174083
2.7981	 0.7347284984587836
2.7966	 0.7363584438811076
2.7951	 0.7379461331446002
2.7936	 0.7401144583510473
2.7921	 0.7415202491048697
2.7906	 0.7428716018311123
2.789	 0.7441900650455474
2.7875	 0.7454874909283022
2.786	 0.7467684060520173
2.7845	 0.7484268409078949
2.7831	 0.7497057506231607
2.7816	 0.7509880089632416
2.7801	 0.7522841808068906
2.7786	 0.7536081725414305
2.7771	 0.7549594539638008
2.7756	 0.7568798788263522
2.7741	 0.758317371663048
2.7726	 0.759781195995409
2.7712	 0.7612599091003058
2.7697	 0.7627668451385259
2.7682	 0.7642960687031204
2.7667	 0.7658395329655767
2.7652	 0.7681157350627538
2.7638	 0.7697181605492605
2.7623	 0.7713357983098756
2.7608	 0.7729629391643549
2.7594	 0.7745998197652948
2.7579	 0.7770491485800712
2.7564	 0.7786987150596884
2.755	 0.7803536510497814
2.7535	 0.7820134822397741
2.752	 0.7836765276312734
2.7506	 0.785340826036676
2.7491	 0.7878419269340253
2.7477	 0.7894899369289787
2.7462	 0.7911293626953554
2.7447	 0.7927641732999214
2.7433	 0.7943889982496034
2.7418	 0.7959985347684434
2.7404	 0.7975935820116885
2.7389	 0.7999363761837791
2.7375	 0.8014883915731484
2.7361	 0.8030198769280953
2.7346	 0.8045314295731022
2.7332	 0.806024537362007
2.7317	 0.8074979707975204
2.7303	 0.8096075455082827
2.7289	 0.8110352585382765
2.7274	 0.8124467595516537
2.726	 0.8138366671457462
2.7246	 0.8151848746652857
2.7231	 0.8163957911016504
2.7217	 0.8180194734585019
2.7203	 0.8189267999887878
2.7188	 0.8196697154613358
2.7174	 0.8202724591912011
2.716	 0.8207302538147022
2.7146	 0.8210277219842235
2.7132	 0.8216159647629159
2.7117	 0.8215183944703406
2.7103	 0.8212337160443706
2.7089	 0.8208101044786859
2.7075	 0.8202744219333705
2.7061	 0.8196281974586672
2.7047	 0.8193098046480616
2.7033	 0.8185107961857809
2.7018	 0.8175264210142144
2.7004	 0.8164494505870608
2.699	 0.8152699986853628
2.6976	 0.8140094231997079
2.6962	 0.813062381016513
2.6948	 0.8116239261384478
2.6934	 0.8103224404579691
2.692	 0.8087924189053043
2.6906	 0.8072284715769701
2.6892	 0.8056352099431285
2.6878	 0.804325726116972
2.6864	 0.8026980053307377
2.685	 0.8010478856199638
2.6837	 0.7993757665179256
2.6823	 0.7980301629599336
2.6809	 0.7963797775852071
2.6795	 0.7948606003768666
2.6781	 0.793170613644505
2.6767	 0.791471058275366
2.6753	 0.7897373897278069
2.674	 0.7880161229065117
2.6726	 0.7866974646030335
2.6712	 0.784920093634779
2.6698	 0.7830724320040013
2.6685	 0.781203083760465
2.6671	 0.7793251734881568
2.6657	 0.7773741965421155
2.6644	 0.7753648982614708
2.663	 0.7732593829565275
2.6616	 0.7717526096601044
2.6603	 0.7697349379695472
2.6589	 0.7677009164831338
2.6575	 0.7656589660152423
2.6562	 0.7636001604107858
2.6548	 0.7614542803044552
2.6534	 0.7593719417113216
2.6521	 0.7578815136380421
2.6507	 0.755814953098601
2.6494	 0.7537646479517279
2.648	 0.7517252142985152
2.6467	 0.7495951917605194
2.6453	 0.7475573828731655
2.644	 0.7455106941610824
2.6426	 0.7434601192519533
2.6413	 0.7420818889793406
2.6399	 0.7398080515491405
2.6386	 0.7377085653769679
2.6372	 0.7355791661747813
2.6359	 0.7334024672721025
2.6346	 0.7311819447928446
2.6332	 0.7289097034607972
2.6319	 0.7270560498782553
2.6306	 0.7246822950107483
2.6292	 0.7222655746087834
2.6279	 0.7198524545980913
2.6266	 0.7174233265121208
2.6252	 0.7149613440613489
2.6239	 0.7122476836007541
2.6226	 0.7106275604256364
2.6212	 0.7081875789200323
2.6199	 0.7057222709329287
2.6186	 0.7032677781649168
2.6173	 0.7008471727906312
2.616	 0.698441966825166
2.6146	 0.6960569682786734
2.6133	 0.6947193386157106
2.612	 0.69254764387614
2.6107	 0.6904262876553272
2.6094	 0.688361068875868
2.6081	 0.6864997671581617
2.6067	 0.6846118680562604
2.6054	 0.6827921708852137
2.6041	 0.6810489052377291
2.6028	 0.6803691244492953
2.6015	 0.6788179816888643
2.6002	 0.6776779598444655
2.5989	 0.6763570327068495
2.5976	 0.6751253306493676
2.5963	 0.6739679534272828
2.595	 0.6728695943039171
2.5937	 0.6728377378849952
2.5924	 0.6722820020873012
2.5911	 0.6714743877990792
2.5898	 0.6707400581174071
2.5885	 0.6700441466584227
2.5872	 0.669375290480724
2.5859	 0.6690928622106579
2.5847	 0.6694654587268044
2.5834	 0.6687983704841717
2.5821	 0.6681046180968003
2.5808	 0.6673900164576698
2.5795	 0.6670058698933549
2.5782	 0.6661963936529035
2.577	 0.665328311037475
2.5757	 0.6654441450844903
2.5744	 0.6644615934405735
2.5731	 0.663417099995912
2.5718	 0.6623199564958944
2.5706	 0.66156070110459
2.5693	 0.6603592133175493
2.568	 0.659106015737503
2.5667	 0.657813276040337
2.5655	 0.6575609794772088
2.5642	 0.6565986524787629
2.5629	 0.6551678655185994
2.5617	 0.6536915259941954
2.5604	 0.6521753164891786
2.5591	 0.6506187836015073
2.5579	 0.6501328188643194
2.5566	 0.6489629233095628
2.5554	 0.6473201162512324
2.5541	 0.6456429677132449
2.5528	 0.6439296142714556
2.5516	 0.6421833759949719
2.5503	 0.6404034409693218
2.5491	 0.6401858529628373
2.5478	 0.6383738148848157
2.5466	 0.6365590434554549
2.5453	 0.6347266605285182
2.5441	 0.6328802477124482
2.5428	 0.631504523031416
2.5416	 0.6296584692057406
2.5403	 0.6278130027382243
2.5391	 0.6271500004812388
2.5379	 0.6253221124446471
2.5366	 0.6235083284641904
2.5354	 0.6222235170444922
2.5341	 0.6204543208942541
2.5329	 0.6187000052817836
2.5317	 0.6169557091119855
2.5304	 0.6164279997990343
2.5292	 0.6152301388646159
2.528	 0.6135229438935356
2.5267	 0.611833221040723
2.5255	 0.6101686102694143
2.5243	 0.6085572035856012
2.523	 0.6069930017842959
2.5218	 0.6071448684061587
2.5206	 0.6056318500734741
2.5194	 0.6041744224076704
2.5181	 0.6027727531726509
2.5169	 0.6014219161253876
2.5157	 0.6006823420011995
2.5145	 0.5994436140551632
2.5133	 0.5991669662086442
2.512	 0.5979944287720433
2.5108	 0.5968759819951263
2.5096	 0.5957992010146903
2.5084	 0.5953127824320843
2.5072	 0.5942987516667837
2.506	 0.5933267441764823
2.5048	 0.5931090274791865
2.5035	 0.5921986088323545
2.5023	 0.5913199482446304
2.5011	 0.5910152140831041
2.4999	 0.5902185423146776
2.4987	 0.5894631518610778
2.4975	 0.5887427846380461
2.4963	 0.5886387533187846
2.4951	 0.5884887112156255
2.4939	 0.587864850740501
2.4927	 0.5872836183184811
2.4915	 0.5867401740416539
2.4903	 0.5862404479921101
2.4891	 0.5857758318723199
2.4879	 0.5863349247049856
2.4867	 0.5859242964450584
2.4855	 0.5855594709549083
2.4844	 0.5852436218160132
2.4832	 0.5849574254263419
2.482	 0.5851023053313654
2.4808	 0.5848905122112579
2.4796	 0.5852665655071715
2.4784	 0.5851440628118038
2.4772	 0.5850646385048821
2.476	 0.5854100491496361
2.4749	 0.5854361057617898
2.4737	 0.585503942480424
2.4725	 0.5856302292640737
2.4713	 0.5863474510380892
2.4701	 0.5865865040031364
2.469	 0.5872015524834789
2.4678	 0.5875129166446766
2.4666	 0.5878821503758979
2.4655	 0.5882938501788147
2.4643	 0.5887262096037263
2.4631	 0.5899815152768524
2.4619	 0.5904325637467078
2.4608	 0.5908870027548686
2.4596	 0.5913384606879509
2.4584	 0.5917884529259265
2.4573	 0.5922452811743236
2.4561	 0.5930155451783893
2.4549	 0.593874974584904
2.4538	 0.5943137631700297
2.4526	 0.5947512832105019
2.4515	 0.595185739345847
2.4503	 0.5958963683318995
2.4491	 0.5963294422510885
2.448	 0.5967726512814234
2.4468	 0.5976418781235895
2.4457	 0.5981154697307822
2.4445	 0.5986143868700999
2.4434	 0.5993798667163719
2.4422	 0.5999247341787847
2.4411	 0.6005015744070058
2.4399	 0.6015242999326567
2.4388	 0.6021748186067866
2.4376	 0.6030460333682327
2.4365	 0.6037635550950197
2.4353	 0.604513694062647
2.4342	 0.6052982429549728
2.4331	 0.6061025337533812
2.4319	 0.6073796927259264
2.4308	 0.6082028351614764
2.4296	 0.6090455541693517
2.4285	 0.6098702620383568
2.4274	 0.6106805319073645
2.4262	 0.6114868257783918
2.4251	 0.6123554791636086
2.424	 0.6133378760176714
2.4228	 0.6140454557878332
2.4217	 0.6147147506763436
2.4206	 0.6153629632446742
2.4194	 0.6159914374408506
2.4183	 0.6165323123314517
2.4172	 0.6170313741390551
2.416	 0.6174675978166407
2.4149	 0.6180098161766414
2.4138	 0.618309384408842
2.4127	 0.6184918482890013
2.4116	 0.6186548283804911
2.4104	 0.6187590045825196
2.4093	 0.6188000446508863
2.4082	 0.6188656074635085
2.4071	 0.6187611220626359
2.4059	 0.618590919880304
2.4048	 0.6183547934563425
2.4037	 0.6180507140888924
2.4026	 0.6176908625534281
2.4015	 0.617090205364252
2.4004	 0.6168887880893646
2.3993	 0.6163448792179005
2.3982	 0.615754355960246
2.3971	 0.6151253221444251
2.396	 0.6142927948577322
2.3948	 0.6136042853530568
2.3937	 0.6128685067229321
2.3926	 0.6125435610551032
2.3915	 0.6117720579116794
2.3904	 0.6108164239626858
2.3893	 0.6100012465061013
2.3882	 0.6091849024605651
2.3871	 0.6083627534515742
2.386	 0.6080420240157399
2.3849	 0.6072234876689855
2.3838	 0.6063138091601964
2.3827	 0.6055358293573205
2.3816	 0.6047650982534848
2.3805	 0.6039999980336441
2.3795	 0.6037067444459899
2.3784	 0.6028789005094553
2.3773	 0.6021515828293225
2.3762	 0.6014435510339442
2.3751	 0.6007516948722298
2.374	 0.6000754345918842
2.3729	 0.5993386625006921
2.3718	 0.5986824785206856
2.3708	 0.5983535169976426
2.3697	 0.5977072417082455
2.3686	 0.5970691666319956
2.3675	 0.5963653751022517
2.3664	 0.5957413788404613
2.3653	 0.5951229973824523
2.3643	 0.5947298341908299
2.3632	 0.5941133504595594
2.3621	 0.5934328064886482
2.361	 0.592835561941071
2.36	 0.5922499625995933
2.3589	 0.5916773142440434
2.3578	 0.5911081310164112
2.3567	 0.5905894479279682
2.3557	 0.5900297357439622
2.3546	 0.5894824809323226
2.3535	 0.5889466437840357
2.3525	 0.5884212050855135
2.3514	 0.5878525431153765
2.3503	 0.5873564943130738
2.3493	 0.5868929064104296
2.3482	 0.5864032947944098
2.3471	 0.5859125063293615
2.3461	 0.5854325712633939
2.345	 0.5849128697936897
2.344	 0.5844364803735056
2.3429	 0.5839444304102677
2.3418	 0.5834628266010948
2.3408	 0.5829817952059154
2.3397	 0.5824702172051716
2.3387	 0.5819797397783386
2.3376	 0.5814823931314528
2.3366	 0.5809732833755414
2.3355	 0.5804174184994548
2.3345	 0.5798361067270004
2.3334	 0.5792856533265304
2.3324	 0.5787314426076311
2.3313	 0.5781768218028354
2.3303	 0.5776176528723154
2.3292	 0.5769740480319139
2.3282	 0.5763967421219692
2.3271	 0.5758056930502079
2.3261	 0.5752001547454486
2.325	 0.5745838334395414
2.324	 0.5738954628746995
2.323	 0.5732548664410446
2.3219	 0.5725756268817419
2.3209	 0.5719207895436199
2.3198	 0.57126045410194
2.3188	 0.5705162643950892
2.3178	 0.569825467261007
2.3167	 0.5691306586596526
2.3157	 0.5684068777691066
2.3147	 0.5676901217211302
2.3136	 0.5668685523354284
2.3126	 0.5661315263508565
2.3116	 0.5653901374286997
2.3105	 0.564642917333169
2.3095	 0.5638820781891604
2.3085	 0.563084096616765
2.3074	 0.5621842532930639
2.3064	 0.5613938389452999
2.3054	 0.5605943356046041
2.3044	 0.55978428406574
2.3034	 0.5588051119725757
2.3023	 0.5579667945663509
2.3013	 0.5571123280100461
2.3003	 0.5562548354715667
2.2993	 0.5553810405237654
2.2982	 0.5543059597828827
2.2972	 0.5534146881133726
2.2962	 0.5525098122770502
2.2952	 0.5516351977045095
2.2942	 0.550731655937709
2.2932	 0.5498192141543017
2.2921	 0.5486630439564014
2.2911	 0.5477218477102274
2.2901	 0.5467668231901722
2.2891	 0.5458058266803781
2.2881	 0.5449589216334064
2.2871	 0.543773603877217
2.2861	 0.5428125299519536
2.2851	 0.5418334092151615
2.2841	 0.540844503738813
2.2831	 0.5398552852917691
2.2821	 0.5388230667960412
2.2811	 0.537837803856669
2.2801	 0.5368425156405529
2.279	 0.5358347174262189
2.278	 0.5345846957753243
2.2771	 0.5335430473758904
2.2761	 0.5328152691513965
2.275	 0.5317859081941507
2.274	 0.5307380976619687
2.2731	 0.529464363763208
2.2721	 0.5283721841375739
2.2711	 0.5272613850620127
2.2701	 0.5261427700372932
2.2691	 0.5254436893567477
2.2681	 0.5243133991244746
2.2671	 0.5229854636140238
2.2661	 0.5218262710632277
2.2651	 0.5206630532698536
2.2641	 0.5194911605619578
2.2631	 0.5186251841862637
2.2621	 0.5174441671146583
2.2612	 0.5162653280912294
2.2602	 0.5150913377916223
2.2592	 0.5139176503649092
2.2582	 0.5125785417381757
2.2572	 0.5113878853933749
2.2562	 0.5106826681063352
2.2553	 0.5095091786720157
2.2543	 0.5083323273997368
2.2533	 0.5069984206807178
2.2523	 0.5058298063585782
2.2513	 0.5046693525700486
2.2504	 0.5039952392997743
2.2494	 0.5028353130778833
2.2484	 0.5014993658291967
2.2474	 0.5003228299016284
2.2465	 0.4991378678865267
2.2455	 0.4979465724611614
2.2445	 0.4965553482610016
2.2435	 0.49587701054840216
2.2426	 0.4946584974864768
2.2416	 0.4934341929795211
2.2406	 0.4921917146770902
2.2397	 0.49093864706000667
2.2387	 0.48945533372956845
2.2377	 0.4887958324139158
2.2368	 0.48750879094612465
2.2358	 0.4862087254543066
2.2348	 0.48463429084484977
2.2339	 0.483306625278736
2.2329	 0.481983393549369
2.232	 0.48131887130707934
2.231	 0.47998750105124205
2.23	 0.47834494090260815
2.2291	 0.47701059294572534
2.2281	 0.4756866611485077
2.2272	 0.4743698167196624
2.2262	 0.4730672636002844
2.2252	 0.47207658838111977
2.2243	 0.47078723401315986
2.2233	 0.4695106802463143
2.2224	 0.4682530158192096
2.2214	 0.467021999581961
2.2205	 0.4654400220802877
2.2195	 0.46483686151054265
2.2186	 0.4636677627644653
2.2176	 0.46253587360551707
2.2167	 0.4610490414195063
2.2157	 0.45997395533573726
2.2148	 0.4589325761535793
2.2138	 0.4579249467123542
2.2129	 0.4574291736979946
2.212	 0.4564738798175207
2.211	 0.4551670137957636
2.2101	 0.45428396313506086
2.2091	 0.4534387892391244
2.2082	 0.4530471877908024
2.2073	 0.4522664801458025
2.2063	 0.45111988363501937
2.2054	 0.450412035854081
2.2044	 0.44974427707978876
2.2035	 0.44910025012525
2.2026	 0.4480998010869417
2.2016	 0.44783071703592414
2.2007	 0.44727277703807616
2.1998	 0.4467355407334668
2.1988	 0.4465683504478452
2.1979	 0.4464106726749781
2.197	 0.4462582138218953
2.196	 0.44636885974678386
2.1951	 0.44621502266033497
2.1942	 0.44606485298637444
2.1932	 0.4459146317416555
2.1923	 0.44575758882528654
2.1914	 0.44559701082626973
2.1905	 0.44566054256214294
2.1895	 0.4454819932817855
2.1886	 0.4452834323755525
2.1877	 0.4450695849065837
2.1868	 0.44485072306199974
2.1858	 0.4446260568773371
2.1849	 0.4443888683870351
2.184	 0.44434467421086316
2.1831	 0.4440682033112557
2.1822	 0.44377826187293234
2.1812	 0.44348590764793955
2.1803	 0.4431914228185465
2.1794	 0.44288844810452366
2.1785	 0.44276971244347546
2.1776	 0.44245188862384127
2.1767	 0.4421304388640943
2.1758	 0.44180654354414084
2.1749	 0.4414834791070046
2.1739	 0.4411629958384616
2.173	 0.44101074449833005
2.1721	 0.4406861329378616
2.1712	 0.4403649701071858
2.1703	 0.4400441507333815
2.1694	 0.43972938821776814
2.1685	 0.4394191775168589
2.1676	 0.43925446258223105
2.1667	 0.43894012754268297
2.1658	 0.43863125920726825
2.1649	 0.43832434782201973
2.1639	 0.43801866960032054
2.1631	 0.437716962596575
2.1622	 0.4375262178302812
2.1612	 0.4372183082511994
2.1604	 0.4369086911295893
2.1595	 0.4365944712353767
2.1585	 0.43628196422569493
2.1576	 0.43597813540097474
2.1568	 0.43576075710971657
2.1559	 0.4354397950370522
2.155	 0.43511207021249076
2.1541	 0.43478081208012714
2.1532	 0.4344476919337775
2.1523	 0.4341130104853392
2.1514	 0.4338436095112153
2.1505	 0.43349430069040285
2.1496	 0.4331394220609324
2.1487	 0.4327773456584105
2.1478	 0.43240875798395045
2.1469	 0.4320278175589563
2.146	 0.4316414063957141
2.1452	 0.43131191722697276
2.1443	 0.4309262658907402
2.1434	 0.43053422335646296
2.1425	 0.43013757832295546
2.1416	 0.4297359565656423
2.1407	 0.4293220464760766
2.1398	 0.4289300170191463
2.139	 0.428509748121524
2.1381	 0.4280901785829797
2.1372	 0.42766993913764334
2.1363	 0.42725533761560636
2.1354	 0.4268490949009234
2.1345	 0.42644484024087903
2.1337	 0.4260369173703452
2.1328	 0.4256237927259381
2.1319	 0.4252050653314344
2.1311	 0.42478596781300887
2.1302	 0.42436939984334293
2.1293	 0.42393369890387533
2.1284	 0.42351806141338544
2.1275	 0.4231120616189094
2.1267	 0.4227135460386982
2.1258	 0.42231290847333697
2.1249	 0.42191827201671406
2.1241	 0.42148807177256054
2.1232	 0.4211043967647444
2.1223	 0.4207298357080919
2.1214	 0.4203629275388168
2.1206	 0.41999745097174385
2.1197	 0.41962997723439194
2.1189	 0.41920037131816135
2.118	 0.418843649401803
2.1171	 0.4184817100738485
2.1163	 0.4181138845123521
2.1154	 0.4177600913858666
2.1145	 0.41743107712422534
2.1137	 0.4170202668196133
2.1128	 0.41670020342313524
2.112	 0.4163844660233807
2.1111	 0.4160745489016244
2.1102	 0.415781260034187
2.1094	 0.4155128248401553
2.1085	 0.4152570723895748
2.1077	 0.41490257330610714
2.1068	 0.41467526873310345
2.1059	 0.4144592351763333
2.1051	 0.41424821836568204
2.1042	 0.41405624250051043
2.1034	 0.41377593038067956
2.1025	 0.4136480152993834
2.1017	 0.41353314160771854
2.1008	 0.4134285185726785
2.1	 0.41333953736609885
2.0991	 0.4132733712043941
2.0983	 0.4130975631946593
2.0974	 0.41307235727301084
2.0966	 0.41306696436085377
2.0957	 0.4130781250887369
2.0949	 0.41310053667830116
2.094	 0.4131287065355149
2.0932	 0.4131752057071788
2.0924	 0.41309973348935614
2.0915	 0.4131552544136522
2.0907	 0.41321647173634385
2.0898	 0.41328742622228637
2.089	 0.4133652459679103
2.0881	 0.41344623932955205
2.0873	 0.41337956721707375
2.0865	 0.41344768893203954
2.0856	 0.4135325071084416
2.0848	 0.41362549395810566
2.0839	 0.4137088128059986
2.0831	 0.41379493783435123
2.0823	 0.41375771257920113
2.0814	 0.4138238943075587
2.0806	 0.41385921269115966
2.0798	 0.4138852295976981
2.0789	 0.413914335544584
2.0781	 0.41380958427847453
2.0773	 0.41383441146837857
2.0764	 0.4138208864841989
2.0756	 0.4137457918304766
2.0748	 0.41364868605151106
2.0739	 0.41356282160591445
2.0731	 0.4133314111623268
2.0723	 0.41323740042084706
2.0715	 0.41313173744587417
2.0706	 0.41299166729837505
2.0698	 0.412823839925701
2.069	 0.4126344279918524
2.0681	 0.41242716599261037
2.0673	 0.41201860121773054
2.0665	 0.4117524294946383
2.0657	 0.4114679808167404
2.0648	 0.4111620411864925
2.064	 0.4108427815809118
2.0632	 0.4103210955759062
2.0624	 0.40996132489191217
2.0616	 0.4095824894759215
2.0607	 0.409188528127734
2.0599	 0.40878203199938307
2.0591	 0.40835026535128743
2.0583	 0.4077101953297045
2.0575	 0.40727347775900824
2.0567	 0.4068037146968311
2.0558	 0.40629628401695966
2.055	 0.4057793737715829
2.0542	 0.40524774361025023
2.0534	 0.4044674285821855
2.0526	 0.403880261580233
2.0518	 0.4032562653023517
2.051	 0.40259965101190154
2.0501	 0.4019401766562365
2.0493	 0.4012926983250725
2.0485	 0.40039484218666427
2.0477	 0.3996968020767045
2.0469	 0.39900596311916026
2.0461	 0.39829817052760336
2.0453	 0.39758415736579106
2.0445	 0.39665200503730347
2.0437	 0.39593521153095335
2.0429	 0.395194174661751
2.0421	 0.3944280201821433
2.0413	 0.39364798419685665
2.0405	 0.39286052160646806
2.0397	 0.39208869880448305
2.0389	 0.39113540438050565
2.0381	 0.39041715282662776
2.0373	 0.3897101076521093
2.0365	 0.3890044247758904
2.0357	 0.38833592645116427
2.0349	 0.38750433660716965
2.0341	 0.3868967164442325
2.0333	 0.3863008035138288
2.0325	 0.3857764970280791
2.0317	 0.38527586982438644
2.0309	 0.3847997704394705
2.0301	 0.38415115950463896
2.0293	 0.38374340978159727
2.0285	 0.3833747345485574
2.0277	 0.3830395914818022
2.0269	 0.38271364033366867
2.0261	 0.38246926897399763
2.0253	 0.3820988102119279
2.0245	 0.38192306445088714
2.0237	 0.38185326868161845
2.0229	 0.38188452314863575
2.0222	 0.3818973381751588
2.0214	 0.3819063675548972
2.0206	 0.3818352358024889
2.0198	 0.3820600251867835
2.019	 0.38230408429191143
2.0182	 0.3824682220382699
2.0174	 0.38259401154640205
2.0167	 0.38270158061650744
2.0159	 0.3831261607203146
2.0151	 0.38355186195138086
2.0143	 0.3839518750855351
2.0135	 0.3843951790617549
2.0128	 0.38488367554288083
2.012	 0.3852836065714667
2.0112	 0.38555783285029754
2.0104	 0.38609842216123114
2.0096	 0.3867325993917506
2.0088	 0.3872337133693984
2.0081	 0.3877299595023446
2.0073	 0.3884257826358948
2.0065	 0.38928035413704315
2.0057	 0.3900950138658838
2.005	 0.39067941434814557
2.0042	 0.39127210332334544
2.0034	 0.3921793557286884
2.0026	 0.3936603352874597
2.0019	 0.39520751591265213
2.0011	 0.3963161642371444
2.0003	 0.0
