0.4	 1.0
0.401	 0.5795493119929516
0.402	 0.578908023257672
0.403	 0.5785359563099979
0.404	 0.5781300518693124
0.405	 0.5782212924746989
0.406	 0.5781856409741291
0.407	 0.5780958572253316
0.408	 0.577973602075013
0.409	 0.5778433595219071
0.41	 0.5777445479297374
0.411	 0.5777016473396774
0.412	 0.5776348001492045
0.413	 0.5775956710567338
0.414	 0.5775140032473063
0.415	 0.5774437510966343
0.416	 0.5774027719077872
0.417	 0.5772568201782242
0.418	 0.577226062455881
0.419	 0.5771653503076085
0.42	 0.5770415962882983
0.421	 0.576913829549021
0.422	 0.5767335254161027
0.423	 0.5765931915526878
0.424	 0.57645045765554
0.425	 0.5762625988694587
0.426	 0.5761026591872288
0.427	 0.5758796463882462
0.428	 0.5756888522055867
0.429	 0.5755047330733463
0.43	 0.5752486953970395
0.431	 0.57503028502237
0.432	 0.5747971331577914
0.433	 0.5745371235113156
0.434	 0.574269119941739
0.435	 0.5739643260021731
0.436	 0.5736952070683384
0.437	 0.5734088377678989
0.438	 0.573103733196739
0.439	 0.572802624020568
0.44	 0.5724975237635197
0.441	 0.5721776859134532
0.442	 0.5718940215550463
0.443	 0.571564570651108
0.444	 0.5712833671196667
0.445	 0.5710092887830612
0.446	 0.5707325098724672
0.447	 0.5704561835755194
0.448	 0.5701745787058234
0.449	 0.5699131384222775
0.45	 0.5696704761135565
0.451	 0.5694146909047539
0.452	 0.569185215888502
0.453	 0.5689553604573805
0.454	 0.5687389852141966
0.455	 0.5685224135140912
0.456	 0.5683112505033029
0.457	 0.5681227933227972
0.458	 0.5679395992472465
0.459	 0.5677690738799778
0.46	 0.567615856970594
0.461	 0.5674630972517489
0.462	 0.5673022180946935
0.463	 0.567162873441276
0.464	 0.5670373891647222
0.465	 0.566918532676822
0.466	 0.5667831064996368
0.467	 0.5666590295710431
0.468	 0.5665570653929126
0.469	 0.5663826820429878
0.47	 0.5662904056047631
0.471	 0.5662124861266926
0.472	 0.5661235428772413
0.473	 0.5660308711397664
0.474	 0.5659602005732379
0.475	 0.5658776299189653
0.476	 0.5658135351841249
0.477	 0.565755713374559
0.478	 0.565692029222885
0.479	 0.5656221900903887
0.48	 0.5655417379721306
0.481	 0.5654835027289378
0.482	 0.5654298296377912
0.483	 0.5653739369692703
0.484	 0.5653158301624859
0.485	 0.5652433295675205
0.486	 0.5651713969626941
0.487	 0.5651081867413756
0.488	 0.5650861701412035
0.489	 0.5650175834755042
0.49	 0.5649526951527052
0.491	 0.5648872019144946
0.492	 0.5648052218852827
0.493	 0.5647226105799136
0.494	 0.5646420431151882
0.495	 0.5645583864775833
0.496	 0.5644757902169191
0.497	 0.5643852064069452
0.498	 0.5642817029470778
0.499	 0.5641707895832284
0.5	 0.5640608723167484
0.501	 0.5639394761378929
0.502	 0.5638286365074492
0.503	 0.5637215235982079
0.504	 0.5636079245667607
0.505	 0.5634846950013979
0.506	 0.5633528239978998
0.507	 0.5632225403229963
0.508	 0.5630903560676334
0.509	 0.5629480181078153
0.51	 0.5628066108752603
0.511	 0.5626615403550518
0.512	 0.5625089055687056
0.513	 0.5623546548262109
0.514	 0.5621958621286963
0.515	 0.5620468971988754
0.516	 0.5618993352594092
0.517	 0.5617420502979315
0.518	 0.5615787365134622
0.519	 0.561397512673156
0.52	 0.5612161290510032
0.521	 0.5610412452998152
0.522	 0.5608596515894028
0.523	 0.5606851680092165
0.524	 0.5605089010429934
0.525	 0.5603285855118655
0.526	 0.560142610938132
0.527	 0.559950620448537
0.528	 0.5597617614628246
0.529	 0.5595777316285253
0.53	 0.5593843913890358
0.531	 0.5591923668792188
0.532	 0.5589895943688656
0.533	 0.5587891580507258
0.534	 0.5585888622939961
0.535	 0.5583812873363474
0.536	 0.5581855767378099
0.537	 0.5579823230961864
0.538	 0.5577730733424431
0.539	 0.5575585048858596
0.54	 0.5573389352359435
0.541	 0.5571324843447811
0.542	 0.556924864999409
0.543	 0.5567137811679658
0.544	 0.5564997642158455
0.545	 0.5562813718178494
0.546	 0.5560627064581354
0.547	 0.5558439829641978
0.548	 0.5556175613132432
0.549	 0.5554022639913606
0.55	 0.5551845468228682
0.551	 0.5549661296640214
0.552	 0.554743191035085
0.553	 0.5545153119806873
0.554	 0.5542920424911639
0.555	 0.5540716907692057
0.556	 0.5538490246981643
0.557	 0.5536269301036821
0.558	 0.5533968884308507
0.559	 0.5531750586473011
0.56	 0.5529668646025777
0.561	 0.5527410568082199
0.562	 0.5525071688313524
0.563	 0.5522510728797146
0.564	 0.5520150771320186
0.565	 0.5517830777058309
0.566	 0.5515520476971664
0.567	 0.5513156891634359
0.568	 0.5510827429365791
0.569	 0.5508519672606833
0.57	 0.5506187451896882
0.571	 0.5503905622176404
0.572	 0.5501690285522772
0.573	 0.5499524350855525
0.574	 0.549736751078652
0.575	 0.5495153030246248
0.576	 0.5493021688524059
0.577	 0.54908900677023
0.578	 0.5488802473152675
0.579	 0.5486785171414477
0.58	 0.5484638671757954
0.581	 0.5482489970257879
0.582	 0.5480414866296616
0.583	 0.5478366806424793
0.584	 0.5476345799386813
0.585	 0.5474303001341326
0.586	 0.5472290907793964
0.587	 0.5470310044479545
0.588	 0.5468286847242578
0.589	 0.5466272114096098
0.59	 0.5464219451155419
0.591	 0.5462226762400578
0.592	 0.54602702417969
0.593	 0.5458234407960715
0.594	 0.5456223442538088
0.595	 0.5454288243729762
0.596	 0.5452417482218863
0.597	 0.5450538648460858
0.598	 0.5448635203355636
0.599	 0.5446738675152311
0.6	 0.5444822730810183
0.601	 0.5439647976138576
0.602	 0.5434422051991933
0.603	 0.5429216495063698
0.604	 0.5424087600530363
0.605	 0.5419132277481484
0.606	 0.5414018767359232
0.607	 0.5408962661267298
0.608	 0.5403973368506997
0.609	 0.5399204336226993
0.61	 0.5394335148666679
0.611	 0.5389444719111026
0.612	 0.53846385820874
0.613	 0.5380018544001468
0.614	 0.5375329482336816
0.615	 0.5370687451200034
0.616	 0.5366146383888354
0.617	 0.5361645102979224
0.618	 0.5357143282697225
0.619	 0.5352695211231372
0.62	 0.5348479301468632
0.621	 0.5344162424079232
0.622	 0.5339938752442898
0.623	 0.5335755194458571
0.624	 0.5331675290273784
0.625	 0.5327592121814287
0.626	 0.5323572647974064
0.627	 0.5319667986905806
0.628	 0.5315899249056518
0.629	 0.5311986537662786
0.63	 0.5308198787399024
0.631	 0.5304396391814902
0.632	 0.5300805730871935
0.633	 0.5297203605022531
0.634	 0.5293634270257834
0.635	 0.5290154756336093
0.636	 0.5286794140251214
0.637	 0.5283338595352406
0.638	 0.527997330233732
0.639	 0.5276666840259877
0.64	 0.5273540848301048
0.641	 0.5270419448836113
0.642	 0.5267190176521066
0.643	 0.5264092974071602
0.644	 0.5261083178409194
0.645	 0.5258015761549697
0.646	 0.5254965690121051
0.647	 0.5251935946096369
0.648	 0.5249051530902453
0.649	 0.5246078670155891
0.65	 0.5243097735855139
0.651	 0.5240226087436259
0.652	 0.523744390989699
0.653	 0.5234589749307406
0.654	 0.5231756488650003
0.655	 0.5228904415199378
0.656	 0.5226244977255381
0.657	 0.5223474787261739
0.658	 0.5220743720232485
0.659	 0.5218001811104804
0.66	 0.5215255397843526
0.661	 0.5212438963547775
0.662	 0.5209722275655879
0.663	 0.5207002645850325
0.664	 0.5204389860327706
0.665	 0.5201671171007411
0.666	 0.5199033246686842
0.667	 0.5196411565916897
0.668	 0.5193781691547407
0.669	 0.5189180772480088
0.67	 0.518651593265109
0.671	 0.5183935376772557
0.672	 0.5181454863075199
0.673	 0.5178788222823311
0.674	 0.5176159209642702
0.675	 0.5173555802166632
0.676	 0.5171002231693418
0.677	 0.5168471084761178
0.678	 0.5165970710598878
0.679	 0.5163550227794735
0.68	 0.5161166443046417
0.681	 0.5158704114825816
0.682	 0.5156262725990356
0.683	 0.5153824689884879
0.684	 0.5151539045490539
0.685	 0.5149239649041035
0.686	 0.5146822865172364
0.687	 0.5144516676078772
0.688	 0.514401373092863
0.689	 0.5141744195225627
0.69	 0.5139446280416761
0.691	 0.5137132301087715
0.692	 0.5134898074619295
0.693	 0.5132670632435816
0.694	 0.513046465088318
0.695	 0.5128314614140431
0.696	 0.5126139807839074
0.697	 0.5124083046245795
0.698	 0.5122069621236711
0.699	 0.5120071907475814
0.7	 0.511806739549827
0.701	 0.5116194563980591
0.702	 0.5114303696141429
0.703	 0.511243053928637
0.704	 0.511053573239256
0.705	 0.510864510147291
0.706	 0.5106810491415635
0.707	 0.5105002937196671
0.708	 0.5103163969638133
0.709	 0.5101430048902031
0.71	 0.5099693831991556
0.711	 0.5097992810582141
0.712	 0.5096297664973445
0.713	 0.5094569964644141
0.714	 0.5092886520732265
0.715	 0.5091266496576987
0.716	 0.5089640771293936
0.717	 0.5088082025971271
0.718	 0.5086490366188972
0.719	 0.5085009245774549
0.72	 0.5083593136259498
0.721	 0.5082109186592131
0.722	 0.5080662402055597
0.723	 0.507920253907144
0.724	 0.5077767820215898
0.725	 0.5076362355023414
0.726	 0.5074972416022764
0.727	 0.5073673284796617
0.728	 0.5072407060920715
0.729	 0.5071032462457942
0.73	 0.5069721454165091
0.731	 0.5068389612202825
0.732	 0.5067182809322649
0.733	 0.506613929799882
0.734	 0.5064994277148369
0.735	 0.5063946398657053
0.736	 0.5062836761616903
0.737	 0.5061800425136713
0.738	 0.5060803129436438
0.739	 0.5059799477686349
0.74	 0.5058874385277526
0.741	 0.5057849347237517
0.742	 0.5056829311164193
0.743	 0.5055851517777933
0.744	 0.5054891520049466
0.745	 0.5053983697493778
0.746	 0.5053117745516513
0.747	 0.5052227857212261
0.748	 0.5051423455313262
0.749	 0.50505230448582
0.75	 0.5049674971936902
0.751	 0.5048924416162566
0.752	 0.5048196568250788
0.753	 0.5047475921684398
0.754	 0.5046693539058157
0.755	 0.5045907368810015
0.756	 0.5045229999327205
0.757	 0.5044524501168491
0.758	 0.50438909347539
0.759	 0.504323333987963
0.76	 0.5042413317647971
0.761	 0.5041728491575795
0.762	 0.504109961984202
0.763	 0.5040130317392009
0.764	 0.5039642399588423
0.765	 0.5039095603659209
0.766	 0.5038588893849381
0.767	 0.5038047559396162
0.768	 0.5037564599145212
0.769	 0.5037147371923293
0.77	 0.5036690329741033
0.771	 0.5036132683924135
0.772	 0.5035604608112367
0.773	 0.5035053457933406
0.774	 0.5034599781242817
0.775	 0.503407140492833
0.776	 0.5033689793673425
0.777	 0.5033224410963343
0.778	 0.5032578204100728
0.779	 0.5032059240703598
0.78	 0.5031764712853857
0.781	 0.5031368781919688
0.782	 0.5030982471564237
0.783	 0.5030556576438594
0.784	 0.5030232656746486
0.785	 0.5029751849769483
0.786	 0.5029353519105576
0.787	 0.502911723511785
0.788	 0.5028973139457433
0.789	 0.5028787181835698
0.79	 0.502851433368824
0.791	 0.5028268697063933
0.792	 0.502815651433039
0.793	 0.5028046270406625
0.794	 0.5027857604548898
0.795	 0.5027472926209942
0.796	 0.5027211938804298
0.797	 0.5026984752615796
0.798	 0.502675660077096
0.799	 0.5026571497499724
0.8	 0.5026184686741144
0.804	 0.502509594724869
0.808	 0.5024269103195732
0.812	 0.5023624122656108
0.816	 0.5023058465834535
0.82	 0.5022475194350485
0.824	 0.5021668962137072
0.828	 0.5020774286423338
0.832	 0.5019874946188606
0.836	 0.5019092006212212
0.84	 0.501850895510713
0.844	 0.5017962658401853
0.848	 0.5017425097154317
0.852	 0.5016757648195974
0.856	 0.501604702229982
0.86	 0.501539160942504
0.864	 0.5015055674207413
0.868	 0.501486336041347
0.872	 0.5014625307457963
0.876	 0.5014601961839387
0.88	 0.501431290349704
0.884	 0.5014061640327425
0.888	 0.501376447473453
0.892	 0.5013840086412779
0.896	 0.5013922382516536
0.9	 0.5013791223142208
0.904	 0.5013747359388753
0.908	 0.5013775083000181
0.912	 0.5013746023073751
0.916	 0.5013957046788579
0.92	 0.5014134071027198
0.924	 0.501459625178871
0.928	 0.5015430095177221
0.932	 0.5015872572055685
0.936	 0.5015998760594734
0.94	 0.5016310244010077
0.944	 0.5016808614807245
0.948	 0.5017333825415292
0.952	 0.5017781374474262
0.956	 0.5018301304728092
0.96	 0.5018637504893124
0.964	 0.5019153723913011
0.968	 0.5019565113584048
0.972	 0.5020040702015696
0.976	 0.5020749016785376
0.98	 0.5021211471168515
0.984	 0.5021443670431677
0.988	 0.5021683621772789
0.992	 0.5021762744989637
0.996	 0.5021857788368085
1.0	 0.5021985112255506
1.004	 0.5022769132741953
1.008	 0.5023394351110385
1.012	 0.5023820094085888
1.016	 0.5023898546344412
1.02	 0.5024157562014495
1.024	 0.5024549724085159
1.028	 0.5025042894072207
1.032	 0.5025597155303212
1.036	 0.5025828828591467
1.04	 0.5025929067060971
1.044	 0.5025967162454686
1.048	 0.5026146779869961
1.052	 0.5026568287690949
1.056	 0.5027050863574885
1.06	 0.5027330960161212
1.064	 0.5027370369999351
1.068	 0.5027284953136414
1.072	 0.5027152669984846
1.076	 0.5027038004402531
1.08	 0.5026957670462998
1.084	 0.5026945239806678
1.088	 0.5026920765960518
1.092	 0.5026595820095512
1.096	 0.5026362909206702
1.1	 0.5025973075604895
1.104	 0.5025638889013734
1.108	 0.5025526784835574
1.112	 0.5025346560864231
1.116	 0.5025143317639031
1.12	 0.5024801435355684
1.124	 0.5024189722680484
1.128	 0.5023863457621064
1.132	 0.5023237207198955
1.136	 0.5022820302012284
1.14	 0.5022303194688384
1.144	 0.5021776720834024
1.148	 0.5021120965189784
1.152	 0.5020455594284601
1.156	 0.5019839778331195
1.16	 0.5019194072810186
1.164	 0.5018547142834918
1.168	 0.5018091421582421
1.172	 0.5017364100919628
1.176	 0.501633970756773
1.18	 0.5015190950745693
1.184	 0.5013826344282901
1.188	 0.5012283844912747
1.192	 0.5010444407044778
1.196	 0.5008257981725504
1.2	 0.5006021519007402
1.204	 0.5003873150842882
1.208	 0.5001921949054482
1.212	 0.5000336872475935
1.216	 0.4998989294448255
1.22	 0.4997948760635232
1.224	 0.49967893199303975
1.228	 0.499582817222415
1.232	 0.49946488877614115
1.236	 0.4993687857101805
1.24	 0.49928555149281084
1.244	 0.499205282788526
1.248	 0.4991260161796008
1.252	 0.4990378307890184
1.256	 0.4989318102546216
1.26	 0.4988228113010115
1.264	 0.49873266204387223
1.268	 0.49865039477439205
1.272	 0.4985771133236097
1.276	 0.4985107163028508
1.28	 0.49843841034929676
1.284	 0.4983789525417549
1.288	 0.4982917297524395
1.292	 0.498219462846521
1.296	 0.49816796827781085
1.3	 0.4981353634951332
1.304	 0.49811355899289406
1.308	 0.49807796716296054
1.312	 0.4980245220809688
1.316	 0.49797895737977765
1.32	 0.4979265033098673
1.324	 0.4978988225084552
1.328	 0.49788538950621875
1.332	 0.49787134455065524
1.336	 0.49786325736664117
1.34	 0.4978512726306158
1.344	 0.4978273026003226
1.348	 0.49780234825382685
1.352	 0.4977773815134183
1.356	 0.49776538409159193
1.36	 0.49776933056464934
1.364	 0.49777141105471817
1.368	 0.4977613474105208
1.372	 0.497767509636761
1.376	 0.497755820290762
1.38	 0.49781384504013426
1.384	 0.4979333399785641
1.388	 0.498109464710655
1.392	 0.4983357940311795
1.396	 0.49860607037196464
1.4	 0.4988980861069889
1.404	 0.49919487762778897
1.408	 0.49946966811407545
1.412	 0.4996985808324104
1.416	 0.4998854933827634
1.42	 0.5000282747522804
1.424	 0.5001341595441561
1.428	 0.5002339051455167
1.432	 0.5003181525348134
1.436	 0.500412335165053
1.44	 0.5004807396849124
1.444	 0.5005501378814042
1.448	 0.5006165717027291
1.452	 0.5006869588835778
1.456	 0.5007731989421053
1.46	 0.5008713443683794
1.464	 0.500954661982247
1.468	 0.5010181441819059
1.472	 0.5010885772751067
1.476	 0.5011450903877841
1.48	 0.5012184458222874
1.484	 0.501277940701172
1.488	 0.5013384199902444
1.492	 0.5014059147567509
1.496	 0.501442648047418
1.5	 0.5014783658851455
1.504	 0.5014922294999394
1.508	 0.5015239337916702
1.512	 0.5015605542644573
1.516	 0.5016071304640948
1.52	 0.5016448248990202
1.524	 0.5016736136173453
1.528	 0.50168452988826
1.532	 0.5017003599012503
1.536	 0.5017171841352809
1.54	 0.5017280317886469
1.544	 0.5017409305055441
1.548	 0.5017706800759828
1.552	 0.5017935290186849
1.556	 0.501826250416409
1.56	 0.5018460574478801
1.564	 0.5018460062022636
1.568	 0.5018667925074503
1.572	 0.5018687678821754
1.576	 0.5019174918066022
1.58	 0.5018979468605631
1.584	 0.5018475330982043
1.588	 0.5017671330443948
1.592	 0.5016543317969032
1.596	 0.5015213387230975
1.6	 0.5013834854295027
1.604	 0.5012399857483864
1.608	 0.5011126489892683
1.612	 0.5009946664359631
1.616	 0.5008959634074103
1.62	 0.5008275491844297
1.624	 0.5007623876330756
1.628	 0.500763589216984
1.632	 0.5006966750066312
1.636	 0.5006258176026958
1.64	 0.5005749674360087
1.644	 0.5005260641382372
1.648	 0.5004802056629586
1.652	 0.5004191474941312
1.656	 0.5003370534042395
1.66	 0.5002460842244003
1.664	 0.500165263468246
1.668	 0.5001123482768318
1.672	 0.50004518352871
1.676	 0.4999317314294646
1.68	 0.49984069532040015
1.684	 0.4997357968544981
1.688	 0.4996417643403119
1.692	 0.4995338525944913
1.696	 0.49943382481035103
1.7	 0.49932779864450927
1.704	 0.4992118312447521
1.708	 0.4990819182461568
1.712	 0.4989460337586179
1.716	 0.4987932565033369
1.72	 0.49865233384069
1.724	 0.4985321722859063
1.728	 0.498408940860183
1.732	 0.49828661857035766
1.736	 0.49815833371350143
1.74	 0.4980270088501895
1.744	 0.4979016150123323
1.748	 0.49778406711507966
1.752	 0.49766356067794454
1.756	 0.4975449171943159
1.76	 0.4974223426099874
1.764	 0.497295697547159
1.768	 0.49716793518535074
1.772	 0.4970522019564557
1.776	 0.49693627085631376
1.78	 0.49681746438780416
1.784	 0.49669952560651187
1.788	 0.4965707320080259
1.792	 0.49645769521460675
1.796	 0.4963616326303267
1.8	 0.4962655238413574
1.804	 0.4961763248541869
1.808	 0.49610192127413527
1.812	 0.4960245415382655
1.816	 0.4959660719974514
1.82	 0.49590756473216946
1.824	 0.49585410595881396
1.828	 0.4958067135272015
1.832	 0.49577668242039225
1.836	 0.49574362228645213
1.84	 0.4957054904281444
1.844	 0.49565930955387216
1.848	 0.4956090789999561
1.852	 0.495595092667718
1.856	 0.4955901896822519
1.86	 0.4955832669004776
1.864	 0.49556624336882993
1.868	 0.49554415631474263
1.872	 0.49554828936858425
1.876	 0.49553453622404203
1.88	 0.49554910023595133
1.884	 0.4955887932893088
1.888	 0.49562633014190993
1.892	 0.4956875270760287
1.896	 0.4957606279521807
1.9	 0.4958470437062028
1.904	 0.49595345689208203
1.908	 0.4960740803960058
1.912	 0.4962115748288696
1.916	 0.4963502946586298
1.92	 0.496504205293446
1.924	 0.49663590822965376
1.928	 0.49676697001304304
1.932	 0.4969018529089157
1.936	 0.4970274111537434
1.94	 0.49711921752850824
1.944	 0.49720789728358183
1.948	 0.4972629337715758
1.952	 0.49728404784146735
1.956	 0.49725393476905166
1.96	 0.4971772452163948
1.964	 0.497052259678816
1.968	 0.4968938648401937
1.972	 0.49670916887438604
1.976	 0.4964731444031746
1.98	 0.49623313397192637
1.984	 0.4959650773153022
1.988	 0.4957045952268318
1.992	 0.49543441019200557
1.996	 0.4951584983933895
2.0	 0.4948722832272865
2.004	 0.49459490082174373
2.008	 0.4943003566043661
2.012	 0.4940220756185322
2.016	 0.4937370423155849
2.02	 0.49347198522480706
2.024	 0.49322749014521033
2.028	 0.4929924895780946
2.032	 0.49276879660149636
2.036	 0.4925398144466192
2.04	 0.49232203779715455
2.044	 0.4920968753766639
2.048	 0.49190795042072666
2.052	 0.49162796119840735
2.056	 0.4914296238693571
2.06	 0.4912496595895419
2.064	 0.49105801991841697
2.068	 0.4908787890590569
2.072	 0.49070686104798567
2.076	 0.4905816397292334
2.08	 0.4903875289999212
2.084	 0.490193414957225
2.088	 0.48997595134394367
2.092	 0.489732515722402
2.096	 0.4894667788396228
2.1	 0.4891883984319988
2.104	 0.4888814044782427
2.108	 0.48853633250129036
2.112	 0.4881865952666076
2.116	 0.487796412709145
2.12	 0.4873868718543673
2.124	 0.48695516876429207
2.128	 0.4865124953353565
2.132	 0.4860593552590682
2.136	 0.4856209653515358
2.14	 0.4851955694023487
2.144	 0.4847680631382715
2.148	 0.4843857227083715
2.152	 0.4840568764179381
2.156	 0.4838198672296096
2.16	 0.4836745917691072
2.164	 0.4836251264096096
2.168	 0.4836524092825886
2.172	 0.48376888090032744
2.176	 0.4839554528026804
2.18	 0.48419027793793745
2.184	 0.484452943154032
2.188	 0.48472593921379653
2.192	 0.48501763093065225
2.196	 0.48532264826611915
2.2	 0.4856208962557479
2.204	 0.4859221676882334
2.208	 0.48621478784695676
2.212	 0.4864934147664719
2.216	 0.48674419643172734
2.22	 0.4869422686868368
2.224	 0.4870990339499562
2.228	 0.48719909719268284
2.232	 0.4872747518448403
2.236	 0.487321209781231
2.24	 0.4873691496798383
2.244	 0.4873898951839184
2.248	 0.487398398186541
2.252	 0.4873238784982642
2.256	 0.4872847261183821
2.26	 0.4872161354008731
2.264	 0.4871305729987365
2.268	 0.4870439648997798
2.272	 0.4869370198591228
2.276	 0.48681954819647466
2.28	 0.48668599112234334
2.284	 0.4865526130437878
2.288	 0.48642875544087344
2.292	 0.4863498563351072
2.296	 0.4862954909854795
2.3	 0.4862823027459192
2.304	 0.486291668497609
2.308	 0.4863879538862752
2.312	 0.48651368791608474
2.316	 0.48666647746981334
2.32	 0.48687370638367783
2.324	 0.4871237262952481
2.328	 0.48740993426846496
2.332	 0.4877209535105383
2.336	 0.48808293781004164
2.34	 0.4884832522599534
2.344	 0.4889470449142922
2.348	 0.48944195161505205
2.352	 0.4899536155171332
2.356	 0.490452307875294
2.36	 0.4909295604710572
2.364	 0.49136809898117706
2.368	 0.4917481740757116
2.372	 0.4920649540542009
2.376	 0.4922873275225256
2.38	 0.4924397579786301
2.384	 0.4925457203588542
2.388	 0.492632043139785
2.392	 0.49267807228347277
2.396	 0.49267726850556254
2.4	 0.4926554615939099
2.404	 0.4926103184939996
2.408	 0.4925703753242256
2.412	 0.492536988028658
2.416	 0.4925045251237785
2.42	 0.49249652326248455
2.424	 0.49249669393894013
2.428	 0.49254630769400354
2.432	 0.49265126954913074
2.436	 0.4927945302993932
2.44	 0.4929491913271334
2.444	 0.49311243361310464
2.448	 0.4932633114485168
2.452	 0.4935968062729834
2.456	 0.4938326513608039
2.46	 0.49413769372667843
2.464	 0.4944426627225633
2.468	 0.4947285906697131
2.472	 0.4949820414678833
2.476	 0.49533656027832396
2.48	 0.49578321048079355
2.484	 0.4962989543275578
2.488	 0.4968041536914297
2.492	 0.4973720627432803
2.496	 0.49767513772961575
2.5	 0.0
