0.4	 1.0
0.401	 0.5383898054805949
0.402	 0.5385555952987973
0.403	 0.5384899312844955
0.404	 0.5382883690251719
0.405	 0.5381764710094533
0.406	 0.538227983906015
0.407	 0.53816520718849
0.408	 0.5381619793783954
0.409	 0.5381307805321313
0.41	 0.5380985310450326
0.411	 0.538045548864171
0.412	 0.5379552906276486
0.413	 0.5378960047803728
0.414	 0.53787079271383
0.415	 0.5378410500903388
0.416	 0.5377780730736474
0.417	 0.5377220283810729
0.418	 0.5376694064633986
0.419	 0.5376121692393936
0.42	 0.5375419611032503
0.421	 0.5374613346183449
0.422	 0.5374144045719266
0.423	 0.5373563251475749
0.424	 0.5372600476246508
0.425	 0.5371762671183942
0.426	 0.5371043466749867
0.427	 0.5370194728186228
0.428	 0.536905565999046
0.429	 0.5367983726995461
0.43	 0.5367015863694365
0.431	 0.536598976954145
0.432	 0.5364765437267923
0.433	 0.5363581375146411
0.434	 0.5362449317855413
0.435	 0.5361337189591843
0.436	 0.5360261897160069
0.437	 0.5359079746278049
0.438	 0.5357937505256692
0.439	 0.5356779237178618
0.44	 0.5355504026541607
0.441	 0.5354084732137412
0.442	 0.5352759770910692
0.443	 0.5351476560616155
0.444	 0.5350093711187806
0.445	 0.5348670131410042
0.446	 0.5347357389820057
0.447	 0.5346112725098309
0.448	 0.5344847784297067
0.449	 0.5343333134252897
0.45	 0.5342043717829436
0.451	 0.5340875469395421
0.452	 0.533959955702854
0.453	 0.5338177005449328
0.454	 0.5336855315380818
0.455	 0.5335603751326446
0.456	 0.533431416385883
0.457	 0.533306494412335
0.458	 0.5331822230612878
0.459	 0.5330612070785327
0.46	 0.5329362607633309
0.461	 0.532815895589939
0.462	 0.5326939951631122
0.463	 0.5325784454605894
0.464	 0.5324688295057918
0.465	 0.5323468651099765
0.466	 0.5322330599337902
0.467	 0.5321258283563002
0.468	 0.5320204342607691
0.469	 0.531887879224956
0.47	 0.5317776565316547
0.471	 0.5316742027391331
0.472	 0.5315784724062173
0.473	 0.5314795002230617
0.474	 0.5313690204495808
0.475	 0.531261678483586
0.476	 0.5311629264042347
0.477	 0.5310610461289077
0.478	 0.5309502805624089
0.479	 0.5308473191527245
0.48	 0.5307448678052934
0.481	 0.530641752524296
0.482	 0.5305359482051448
0.483	 0.530426559444004
0.484	 0.5303279177885534
0.485	 0.5302316915462765
0.486	 0.5301283770047535
0.487	 0.5300213112809586
0.488	 0.5299418541733169
0.489	 0.5298401909751824
0.49	 0.5297333513821569
0.491	 0.5296231966280666
0.492	 0.5295197097319198
0.493	 0.5294175357612068
0.494	 0.5293155204190959
0.495	 0.5292075000220657
0.496	 0.5291059215510797
0.497	 0.5290018170666905
0.498	 0.5288972812640452
0.499	 0.5287926196659939
0.5	 0.5286879979439731
0.501	 0.5285843142335557
0.502	 0.5284757665532406
0.503	 0.528360942663707
0.504	 0.5282430467735135
0.505	 0.5281277976202662
0.506	 0.5280129281694309
0.507	 0.52789493319285
0.508	 0.5277736429082258
0.509	 0.5276586774348475
0.51	 0.5275462982740128
0.511	 0.5274293361791049
0.512	 0.5273063288873372
0.513	 0.5271859969793796
0.514	 0.5270704568887681
0.515	 0.5269500538742566
0.516	 0.5268240047906994
0.517	 0.5267034342420477
0.518	 0.5265830755692327
0.519	 0.5264579093929308
0.52	 0.5263287396797468
0.521	 0.5262070947040166
0.522	 0.5260836052193231
0.523	 0.5259618320639571
0.524	 0.5258368389797914
0.525	 0.5257155111832736
0.526	 0.5255963744104496
0.527	 0.5254749096549192
0.528	 0.5253474317932038
0.529	 0.525225248843213
0.53	 0.52510586397866
0.531	 0.5249859945359948
0.532	 0.5248613273837964
0.533	 0.5247430237315177
0.534	 0.5246303399398078
0.535	 0.5245246527066814
0.536	 0.524410793903689
0.537	 0.5242980169182134
0.538	 0.5241868879739747
0.539	 0.5240719628786594
0.54	 0.5239528401230615
0.541	 0.5238374187024006
0.542	 0.5237256701436566
0.543	 0.5236141109942265
0.544	 0.5235026274555893
0.545	 0.5233909012017953
0.546	 0.5232851017223953
0.547	 0.52318443841159
0.548	 0.5230753070541224
0.549	 0.5229622712641091
0.55	 0.5228530924765552
0.551	 0.5227424541389423
0.552	 0.5226246989635497
0.553	 0.5225095477644561
0.554	 0.522394011689774
0.555	 0.5222832468438044
0.556	 0.5221697854535243
0.557	 0.5220569198728573
0.558	 0.5219527316191143
0.559	 0.5218495100458493
0.56	 0.5217449759160551
0.561	 0.5216322469813441
0.562	 0.5215178264069266
0.563	 0.5213947781992361
0.564	 0.521284081510669
0.565	 0.5211772388679512
0.566	 0.5210718500990225
0.567	 0.5209682661327829
0.568	 0.5208666013161403
0.569	 0.5207668093020941
0.57	 0.5206681984246287
0.571	 0.5205711425831308
0.572	 0.5204783205153722
0.573	 0.5203913607593204
0.574	 0.5203052412592455
0.575	 0.5202200413913769
0.576	 0.5201327234663031
0.577	 0.520051158942649
0.578	 0.5199703650154617
0.579	 0.5198881556962821
0.58	 0.5198052527755213
0.581	 0.519728708216282
0.582	 0.5196515212218145
0.583	 0.5195751612051378
0.584	 0.5194967046765293
0.585	 0.5194204387299348
0.586	 0.5193441577535372
0.587	 0.5192667354426727
0.588	 0.5191893093158155
0.589	 0.5191163156639701
0.59	 0.5190443653937892
0.591	 0.5189699484174102
0.592	 0.5188968126341895
0.593	 0.51882458685389
0.594	 0.5187541230928031
0.595	 0.5186830447942842
0.596	 0.5186133839480712
0.597	 0.5185456014224333
0.598	 0.5184750876956088
0.599	 0.5184066238908036
0.6	 0.5183374708954844
0.601	 0.5180886816466251
0.602	 0.5178315814535471
0.603	 0.5175794057475437
0.604	 0.5173292178055802
0.605	 0.5170928660642846
0.606	 0.5168452388576635
0.607	 0.5166023412574949
0.608	 0.5163594322661756
0.609	 0.5161313612848685
0.61	 0.5158957906644833
0.611	 0.5156659818567673
0.612	 0.5154378490256739
0.613	 0.5152212690946459
0.614	 0.5149971753758754
0.615	 0.5147784178621181
0.616	 0.5145754382597353
0.617	 0.5143593724845427
0.618	 0.514146307075435
0.619	 0.513937557679939
0.62	 0.5137400127859408
0.621	 0.5135348397867693
0.622	 0.5133295449021648
0.623	 0.5131295894245053
0.624	 0.5129445147663186
0.625	 0.5127495753834456
0.626	 0.5125578708137238
0.627	 0.5123740680749445
0.628	 0.5122088590158305
0.629	 0.5120306856913671
0.63	 0.5118537689273449
0.631	 0.5116796857448985
0.632	 0.5115169471327963
0.633	 0.5113452028793741
0.634	 0.511172345363174
0.635	 0.511004314194138
0.636	 0.5108504984036771
0.637	 0.5106885445172751
0.638	 0.5105261018804746
0.639	 0.510370887353033
0.64	 0.5102321815995414
0.641	 0.510085871412912
0.642	 0.5099405306878118
0.643	 0.5097981277377696
0.644	 0.5096700904300806
0.645	 0.509534130441697
0.646	 0.509394346149537
0.647	 0.5092576065401891
0.648	 0.5091350227727353
0.649	 0.5090106229166554
0.65	 0.5088795657184706
0.651	 0.5087466610359245
0.652	 0.5086289013577484
0.653	 0.5085089289568133
0.654	 0.508387273393105
0.655	 0.5082685447249301
0.656	 0.508162800385791
0.657	 0.5080466820270314
0.658	 0.5079304347326747
0.659	 0.5078152525829038
0.66	 0.5077175963721998
0.661	 0.5076118123418165
0.662	 0.5075014594362424
0.663	 0.507390609576586
0.664	 0.5072878385554345
0.665	 0.5071861377919924
0.666	 0.5070858562729511
0.667	 0.5069827348211389
0.668	 0.5068854357984155
0.669	 0.5067032682904887
0.67	 0.5066037825100966
0.671	 0.506500021797562
0.672	 0.5064047406593957
0.673	 0.5063130067460229
0.674	 0.5062237335447143
0.675	 0.5061303472187021
0.676	 0.5060403979852462
0.677	 0.5059546915021625
0.678	 0.5058700118416959
0.679	 0.5057808147378473
0.68	 0.505693524045411
0.681	 0.5056067415073174
0.682	 0.5055255296396111
0.683	 0.5054400928582559
0.684	 0.5053539735928758
0.685	 0.5052727287705435
0.686	 0.505198148299778
0.687	 0.5051157579683541
0.688	 0.5051033908975036
0.689	 0.50502644023291
0.69	 0.5049538117477472
0.691	 0.5048851406981915
0.692	 0.5048109596212713
0.693	 0.5047385031293302
0.694	 0.5046669942054473
0.695	 0.5045985327218432
0.696	 0.5045277576417003
0.697	 0.5044579029954929
0.698	 0.5043926939376432
0.699	 0.5043278828351021
0.7	 0.5042643782210962
0.701	 0.5041993910024986
0.702	 0.5041424603837895
0.703	 0.5040916283524324
0.704	 0.5040422740034324
0.705	 0.503987799472925
0.706	 0.503937687193874
0.707	 0.5038892503279064
0.708	 0.5038431123254176
0.709	 0.5037890038139425
0.71	 0.5037384846791512
0.711	 0.5036926280360505
0.712	 0.503652172182248
0.713	 0.5036037455038996
0.714	 0.5035591752048725
0.715	 0.5035190074897994
0.716	 0.5034850934021166
0.717	 0.5034357052687746
0.718	 0.5033966870930284
0.719	 0.5033620109423628
0.72	 0.5033325504727539
0.721	 0.5032885375275612
0.722	 0.503257162561745
0.723	 0.5032283865554822
0.724	 0.5032033479707062
0.725	 0.503164531700763
0.726	 0.5031368002152483
0.727	 0.503111413526897
0.728	 0.5030942104575763
0.729	 0.5030573201093188
0.73	 0.5030327856142328
0.731	 0.5030080844696342
0.732	 0.5029924469540734
0.733	 0.502958400117714
0.734	 0.5029335485923949
0.735	 0.5029002023260801
0.736	 0.5028778459121497
0.737	 0.5028409464806346
0.738	 0.5028139948604516
0.739	 0.5027893289528895
0.74	 0.5027538030808801
0.741	 0.5027394184991623
0.742	 0.5027192574906701
0.743	 0.5027013386160077
0.744	 0.5026597945865316
0.745	 0.5026440582838048
0.746	 0.5026227778830995
0.747	 0.5025922527636192
0.748	 0.5025413762866607
0.749	 0.5025273525085073
0.75	 0.5025080840338894
0.751	 0.5024835081034417
0.752	 0.5024360146320284
0.753	 0.5024224785678183
0.754	 0.502410790616924
0.755	 0.5023940039931247
0.756	 0.5023398619832787
0.757	 0.5023280280337008
0.758	 0.5023071313685651
0.759	 0.5022853995730707
0.76	 0.5022219801983457
0.761	 0.5022080851955445
0.762	 0.5021928454147223
0.763	 0.5021719927668465
0.764	 0.5021090034074982
0.765	 0.5020979227252161
0.766	 0.5020803146322189
0.767	 0.5020609344352552
0.768	 0.5019920263756217
0.769	 0.5019728010917984
0.77	 0.5019445192962292
0.771	 0.5019135416735419
0.772	 0.5018255910600712
0.773	 0.501797296191699
0.774	 0.501760262668832
0.775	 0.5017254407006169
0.776	 0.5016260211169019
0.777	 0.5015985025494152
0.778	 0.501568353792597
0.779	 0.5015393913793418
0.78	 0.5014343210086348
0.781	 0.501403335765033
0.782	 0.5013661996944621
0.783	 0.5013246481132246
0.784	 0.5012029289964127
0.785	 0.5011674269842065
0.786	 0.501130962054669
0.787	 0.5010874966549221
0.788	 0.5009504605079099
0.789	 0.5009038680632426
0.79	 0.5008640838650673
0.791	 0.5008132561020191
0.792	 0.5006716607438345
0.793	 0.5006197218754452
0.794	 0.5005679642157568
0.795	 0.5005086690010986
0.796	 0.500346775512786
0.797	 0.5002941928476056
0.798	 0.5002371899906567
0.799	 0.5001710563708666
0.8	 0.5000036112770754
0.804	 0.49980002518135036
0.808	 0.49958675098221905
0.812	 0.4993663157540889
0.816	 0.4992719977756319
0.82	 0.4990416330032401
0.824	 0.49879935581335993
0.828	 0.4985266471697595
0.832	 0.4982522019479412
0.836	 0.49796865479367763
0.84	 0.4976642967703774
0.844	 0.49733831088317787
0.848	 0.49700352712585205
0.852	 0.4966479766564148
0.856	 0.49628136655822025
0.86	 0.4958927604588712
0.864	 0.49549212854710517
0.868	 0.4950857436351412
0.872	 0.4946746581535046
0.876	 0.4942470227667756
0.88	 0.4938153672279439
0.884	 0.4933810937178684
0.888	 0.49292583787684907
0.892	 0.4924618496249948
0.896	 0.49198563829810016
0.9	 0.49149199053055703
0.904	 0.49097259218980577
0.908	 0.4904435436671428
0.912	 0.4899111516461661
0.916	 0.4893723928751829
0.92	 0.4888145460671864
0.924	 0.4882425075542821
0.928	 0.4873367966816567
0.932	 0.4867380990266762
0.936	 0.4861305024864452
0.94	 0.4855416403846147
0.944	 0.48492471767969014
0.948	 0.48432551704192833
0.952	 0.48372661527042277
0.956	 0.48312559432619007
0.96	 0.4825419391419818
0.964	 0.4819639393934409
0.968	 0.48138008267901655
0.972	 0.48082571221781095
0.976	 0.48028785879372654
0.98	 0.4797437878084024
0.984	 0.47922246242308114
0.988	 0.4787288096031126
0.992	 0.4782648720218741
0.996	 0.4778303603638077
1.0	 0.4774315455397396
1.004	 0.47694050818002964
1.008	 0.4764548373937607
1.012	 0.4759809832489766
1.016	 0.4755740681009758
1.02	 0.4751182850308535
1.024	 0.4746881990550579
1.028	 0.474277270307348
1.032	 0.47387674655631334
1.036	 0.47350493193699283
1.04	 0.47315757962642097
1.044	 0.4728348060032531
1.048	 0.47254030246851464
1.052	 0.4722765905592137
1.056	 0.47203444634456
1.06	 0.4718345176510915
1.064	 0.4716465004923693
1.068	 0.4714803587374321
1.072	 0.471338336549794
1.076	 0.47121653831925825
1.08	 0.4711186441618837
1.084	 0.47105209524945063
1.088	 0.47100942589930006
1.092	 0.47101208442798437
1.096	 0.4710343466562438
1.1	 0.4710913476272997
1.104	 0.4711819611173499
1.108	 0.47129697196168885
1.112	 0.47143619476858273
1.116	 0.4716017486193942
1.12	 0.47179959335130145
1.124	 0.4720172427447264
1.128	 0.4721101317475454
1.132	 0.47236748647670784
1.136	 0.4726675857778568
1.14	 0.47299602678704833
1.144	 0.47334062799013654
1.148	 0.4737211649989315
1.152	 0.47412331695383664
1.156	 0.4745462890710673
1.16	 0.47499015757159124
1.164	 0.4754574345471341
1.168	 0.4759503129481761
1.172	 0.4764639275884614
1.176	 0.4770293558550559
1.18	 0.47758065020807916
1.184	 0.47813731327528797
1.188	 0.4786789435777483
1.192	 0.4791810409727703
1.196	 0.4796585055390919
1.2	 0.4800986268617065
1.204	 0.48051459824874243
1.208	 0.48092138591158734
1.212	 0.48138231277981613
1.216	 0.481907405240014
1.22	 0.48250913389571115
1.224	 0.48316597953527674
1.228	 0.48385835098686303
1.232	 0.4845884569298586
1.236	 0.485329026505497
1.24	 0.486090785850812
1.244	 0.4868607355965343
1.248	 0.48764913488271644
1.252	 0.4884328358208955
1.256	 0.4892217126984073
1.26	 0.49000637441307204
1.264	 0.4907970893119684
1.268	 0.49160274846841784
1.272	 0.4924089223108582
1.276	 0.49322057448048684
1.28	 0.49402892222258
1.284	 0.4948417072219489
1.288	 0.4956545632174549
1.292	 0.4964569086464322
1.296	 0.4972633372016478
1.3	 0.4980776148171275
1.304	 0.49888186069239804
1.308	 0.4996810402160783
1.312	 0.5004800792554871
1.316	 0.5012737708365842
1.32	 0.5020661682540921
1.324	 0.502858905834948
1.328	 0.5038690244395184
1.332	 0.5046330990349215
1.336	 0.5053805005235104
1.34	 0.5061217204378055
1.344	 0.5068464010616786
1.348	 0.5075514789797012
1.352	 0.508246572640953
1.356	 0.5089391201827913
1.36	 0.5096149421977977
1.364	 0.5102760270839438
1.368	 0.5109281611817559
1.372	 0.5115772413245835
1.376	 0.5117574859586662
1.38	 0.5124053735940225
1.384	 0.5130735952156397
1.388	 0.5137887838532854
1.392	 0.5145695211412541
1.396	 0.5154368995160206
1.4	 0.5163802658211187
1.404	 0.5174013349727986
1.408	 0.5184538545621182
1.412	 0.5194683217668447
1.416	 0.52039421396292
1.42	 0.5212002891449347
1.424	 0.5218786282956891
1.428	 0.5227061557291658
1.432	 0.523217443227963
1.436	 0.5236876011761208
1.44	 0.5241117986397161
1.444	 0.5244976426516956
1.448	 0.5248478726851891
1.452	 0.5251624243320273
1.456	 0.525461679532563
1.46	 0.5257399972809574
1.464	 0.5259916779524623
1.468	 0.5262048138657103
1.472	 0.5263944994675273
1.476	 0.5265597978133356
1.48	 0.5267012352664758
1.484	 0.5268146637593297
1.488	 0.5269011223459186
1.492	 0.5269552774198561
1.496	 0.5269906590999827
1.5	 0.5269790239359856
1.504	 0.5269447761410497
1.508	 0.5268907346680011
1.512	 0.5268139308086673
1.516	 0.5267240964435246
1.52	 0.5266046140613061
1.524	 0.5264561942232031
1.528	 0.5262883898001941
1.532	 0.5260970853351489
1.536	 0.5258940356229073
1.54	 0.5256810550948771
1.544	 0.5254524096768047
1.548	 0.5252100640534872
1.552	 0.524953347504507
1.556	 0.5246794750218109
1.56	 0.5243848933920428
1.564	 0.5240829899059942
1.568	 0.5237631366081349
1.572	 0.5234265366126557
1.576	 0.5228779147528003
1.58	 0.5225053956824759
1.584	 0.5220956054557366
1.588	 0.5216390704691901
1.592	 0.521133054685477
1.596	 0.5205754422294814
1.6	 0.5199645602036805
1.604	 0.5193186587509458
1.608	 0.5186637769121654
1.612	 0.5180228165461261
1.616	 0.5174298166717698
1.62	 0.5168826854216235
1.624	 0.5163766915182129
1.628	 0.5162097817550123
1.632	 0.515748600943223
1.636	 0.515295403842317
1.64	 0.5148536063362562
1.644	 0.5144303653756691
1.648	 0.5140031886598844
1.652	 0.5135942712910292
1.656	 0.5131767088978951
1.66	 0.5127601885185139
1.664	 0.5123417604851144
1.668	 0.5119201586246745
1.672	 0.511487745518744
1.676	 0.510962596417971
1.68	 0.5104369009209787
1.684	 0.50986990428175
1.688	 0.5092516689908013
1.692	 0.5085784443433072
1.696	 0.5078412133508508
1.7	 0.5070598854271084
1.704	 0.5062392635068109
1.708	 0.5054021063904128
1.712	 0.5045602408727097
1.716	 0.5037247245429229
1.72	 0.5029067654966937
1.724	 0.5021359917255875
1.728	 0.5013980823702268
1.732	 0.5007022099539586
1.736	 0.500046974394409
1.74	 0.4994096937530595
1.744	 0.49878738639326275
1.748	 0.49819448613347156
1.752	 0.4976264371388673
1.756	 0.4970741700544829
1.76	 0.4965536694889421
1.764	 0.4960420922991052
1.768	 0.49556159612648376
1.772	 0.49510991503221363
1.776	 0.4946710946519787
1.78	 0.49425507090697485
1.784	 0.493859697035904
1.788	 0.49350081856154676
1.792	 0.4931518696374517
1.796	 0.4928304944083772
1.8	 0.4925297958589216
1.804	 0.4922519838410438
1.808	 0.4919873861056041
1.812	 0.4917459465279895
1.816	 0.49152326477135555
1.82	 0.49133223160543993
1.824	 0.4911525150868832
1.828	 0.4909016282185583
1.832	 0.4907378491278952
1.836	 0.4906009776390464
1.84	 0.4904649596489182
1.844	 0.4903497912897984
1.848	 0.4902460078206673
1.852	 0.49016234470097003
1.856	 0.4900946135608066
1.86	 0.4900461529926681
1.864	 0.490023773613277
1.868	 0.4900449640792775
1.872	 0.4901157063339651
1.876	 0.49002200627788045
1.88	 0.4902467045942637
1.884	 0.4905713266319664
1.888	 0.4910177340790109
1.892	 0.4915999922839873
1.896	 0.49232405285351966
1.9	 0.4931820049628584
1.904	 0.4941542198509782
1.908	 0.4952075271408727
1.912	 0.49629880965628076
1.916	 0.4974052680067597
1.92	 0.49850736694572173
1.924	 0.4995616364702715
1.928	 0.500572272736564
1.932	 0.5015291978476968
1.936	 0.502419558992653
1.94	 0.5032700511312395
1.944	 0.5040814056249545
1.948	 0.5048407532133753
1.952	 0.5055482308982274
1.956	 0.5062138088920058
1.96	 0.5068232052103806
1.964	 0.5073635964631351
1.968	 0.5078526649604448
1.972	 0.5082494754849439
1.976	 0.5085601564865723
1.98	 0.5087856206967201
1.984	 0.5089340251281425
1.988	 0.5089863302714078
1.992	 0.5089634817507961
1.996	 0.5088836940220921
2.0	 0.5087594599791302
2.004	 0.5086021470832593
2.008	 0.5084398042719375
2.012	 0.5082777578325165
2.016	 0.5081288983245624
2.02	 0.5079958331634737
2.024	 0.5078714134155682
2.028	 0.5077636420465297
2.032	 0.5076686721254076
2.036	 0.5075789424695359
2.04	 0.5074744596172113
2.044	 0.5073775407642804
2.048	 0.5072719909874893
2.052	 0.5071721186739874
2.056	 0.5070575378827082
2.06	 0.5069376683041037
2.064	 0.5068037878326535
2.068	 0.5066461218014112
2.072	 0.5064667708171549
2.076	 0.5063775343681868
2.08	 0.5060560856926148
2.084	 0.505665517802424
2.088	 0.5051862431098888
2.092	 0.5046166717881595
2.096	 0.5039549129710589
2.1	 0.5032179206056844
2.104	 0.5024137131676163
2.108	 0.5015395097258408
2.112	 0.5006169503152237
2.116	 0.4996629045821805
2.12	 0.4986970449344008
2.124	 0.4977271834338905
2.128	 0.49674747300629274
2.132	 0.49578445475982147
2.136	 0.4948317543964744
2.14	 0.4938929372936723
2.144	 0.4929962371788282
2.148	 0.49215296867242275
2.152	 0.4913623177123036
2.156	 0.4906219595100193
2.16	 0.4899732175650086
2.164	 0.4894060129607162
2.168	 0.48893960817395005
2.172	 0.4885967610072127
2.176	 0.4883744684566145
2.18	 0.4882701841647217
2.184	 0.48827354767425124
2.188	 0.4883764757433607
2.192	 0.48855026919726785
2.196	 0.48876412430603705
2.2	 0.488982382923171
2.204	 0.48917181947492366
2.208	 0.4892988496752485
2.212	 0.4893409209366726
2.216	 0.4892857864087494
2.22	 0.48913972149643004
2.224	 0.4889021246617474
2.228	 0.488602645946824
2.232	 0.48823559372096836
2.236	 0.48783173622745063
2.24	 0.4873914890089888
2.244	 0.4869187995318856
2.248	 0.48641508540687506
2.252	 0.48613257226004886
2.256	 0.48558923937067944
2.26	 0.4850387768247499
2.264	 0.4844724233086368
2.268	 0.4838981018095345
2.272	 0.48332232577279455
2.276	 0.48274007310065786
2.28	 0.4821707673631542
2.284	 0.4816245062361475
2.288	 0.4811096200942644
2.292	 0.4806314604074014
2.296	 0.4801988599961066
2.3	 0.4798019462653216
2.304	 0.47942372187632504
2.308	 0.4793039767640721
2.312	 0.47924376796003154
2.316	 0.4792346843920373
2.32	 0.4792696655940121
2.324	 0.4793403019343602
2.328	 0.4794706736302697
2.332	 0.47963947907062754
2.336	 0.4798386674998538
2.34	 0.4800666142829421
2.344	 0.4802938493127825
2.348	 0.4804999844272211
2.352	 0.48067214019621723
2.356	 0.48082498099536736
2.36	 0.480939777163975
2.364	 0.4809900582306732
2.368	 0.4809916339570459
2.372	 0.4809258421565284
2.376	 0.4807930928857345
2.38	 0.4805890651742765
2.384	 0.48034005418850384
2.388	 0.4800536774717172
2.392	 0.4797379114278466
2.396	 0.47940309777051393
2.4	 0.4790813255935855
2.404	 0.47879320715552676
2.408	 0.4785660723579698
2.412	 0.4784149270765595
2.416	 0.47834552308888717
2.42	 0.47837769085165294
2.424	 0.4785030177694819
2.428	 0.47869864364191195
2.432	 0.4789737767999861
2.436	 0.4793201718645524
2.44	 0.47972151992618084
2.444	 0.48015899857951727
2.448	 0.4806453888723907
2.452	 0.48143737605542936
2.456	 0.4819622560350737
2.46	 0.4825297394332105
2.464	 0.483120263941266
2.468	 0.48371835032083516
2.472	 0.48439467568138594
2.476	 0.4851315455063195
2.48	 0.4858354117418159
2.484	 0.4865423973879014
2.488	 0.4872574595799005
2.492	 0.4879431115950103
2.496	 0.4883257640953979
2.5	 0.0
