25.0442	 1.0
24.9238	 0.4955658386262522
24.8045	 0.4910513195794989
24.6864	 0.4903964703844469
24.5694	 0.4969240934034898
24.4536	 0.5022906131397429
24.3388	 0.5002685321618905
24.225	 0.49568934189350544
24.1124	 0.49466890157811644
24.0007	 0.49887333799860045
23.8901	 0.5010365402356507
23.7805	 0.4984716149524952
23.6719	 0.496565336152965
23.5643	 0.49783661768197396
23.4577	 0.49624745688776695
23.352	 0.491094295060114
23.2473	 0.4871443352302121
23.1435	 0.48647543001731053
23.0407	 0.4835382240713318
22.9387	 0.4783572905285476
22.8377	 0.4635777707274884
22.7375	 0.4615894524142597
22.6382	 0.4584144599050492
22.5398	 0.4640720894536265
22.4422	 0.46922114515213326
22.3455	 0.4741430795956269
22.2496	 0.4821993681974004
22.1545	 0.49299926726610743
22.0602	 0.5028892148369258
21.9668	 0.5099489803185382
21.8741	 0.5137999607876088
21.7822	 0.5159750123837306
21.691	 0.5166461458704598
21.6007	 0.5161105674243404
21.511	 0.5140879381747879
21.4221	 0.5080347409342411
21.334	 0.5002771172652996
21.2465	 0.4955817921522457
21.1598	 0.49552698362447095
21.0738	 0.498082003633559
20.9885	 0.50024745049067
20.9038	 0.5003835500777397
20.8199	 0.49795309025257706
20.7366	 0.49421058635637694
20.654	 0.49148893312789227
20.572	 0.4915071846053214
20.4907	 0.4942263708389274
20.41	 0.49736483051981056
20.33	 0.4994157450660678
20.2506	 0.5017534004734582
20.1718	 0.5046481699079958
20.0936	 0.5061034086109201
20.016	 0.5064490156765546
19.9391	 0.5074225109621177
19.8627	 0.5076725880060574
19.7869	 0.5068118285217935
19.7116	 0.5071412693119929
19.637	 0.5083698500208965
19.5628	 0.5082722393343426
19.4893	 0.5072031537270092
19.4163	 0.5067226788727948
19.3439	 0.5064836003051106
19.2719	 0.5059381627680662
19.2006	 0.5066329678955369
19.1297	 0.5090147957309298
19.0594	 0.512061431322134
18.9896	 0.5158876646657886
18.9203	 0.5199116313765996
18.8515	 0.5234704607395008
18.7832	 0.5262662180048379
18.7153	 0.5271840139372262
18.648	 0.5246528413807617
18.5812	 0.5139450933505012
18.5148	 0.4992421743780587
18.4489	 0.48592055803839485
18.3835	 0.46845624333679925
18.3185	 0.45411881865150006
18.2541	 0.4452876871346805
18.19	 0.44251031098890675
18.1264	 0.44596285861054463
18.0633	 0.45533379439404414
18.0005	 0.4687184602449549
17.9382	 0.4838483364495025
17.8764	 0.49774460080398447
17.815	 0.5079527250282675
17.7539	 0.5133240494193472
17.6934	 0.5145292387927208
17.6332	 0.5126615847535743
17.5734	 0.5079842546240545
17.514	 0.5009363343657673
17.4551	 0.49277700674784136
17.3965	 0.4846706109497855
17.3383	 0.4783465014544112
17.2805	 0.4765239523938174
17.2231	 0.4798103362417996
17.1661	 0.48660316114222224
17.1094	 0.4950646597883324
17.0531	 0.5033373286180329
16.9972	 0.5104669057278972
16.9417	 0.5160767320883939
16.8865	 0.5207180765016383
16.8317	 0.5241845380070259
16.7772	 0.5258861083043107
16.7231	 0.5267594929113595
16.6693	 0.5268268437363965
16.6159	 0.5258377200138769
16.5628	 0.5236941211449242
16.51	 0.520254413528242
16.4576	 0.5157484547164741
16.4055	 0.5106358826330463
16.3538	 0.5056352728612276
16.3024	 0.5012369825774642
16.2513	 0.49767843613990753
16.2005	 0.4952059775535693
16.15	 0.49262696537248013
16.0998	 0.4921437231435133
16.05	 0.4924349832712431
16.0005	 0.4936656800821057
15.9513	 0.4951720016384305
15.9023	 0.4981586868960818
15.8537	 0.5013540995546093
15.8054	 0.5046788362653444
15.7573	 0.5068415611442199
15.7096	 0.5067297819468151
15.6621	 0.5042475761992976
15.6149	 0.49938800489596086
15.568	 0.49169975795655846
15.5214	 0.48220894861883684
15.4751	 0.47234540498623195
15.429	 0.4620951642185965
15.3832	 0.45234025793327015
15.3377	 0.4451756951261069
15.2925	 0.44118513975592444
15.2475	 0.44112334641413437
15.2028	 0.44635106260147417
15.1583	 0.45638422111204824
15.1141	 0.46891969784303617
15.0702	 0.4819433623154216
15.0265	 0.4936029240171808
14.9831	 0.5019420965735755
14.9399	 0.5062731404306094
14.897	 0.507780394329778
14.8543	 0.5074684156680492
14.8119	 0.5054566422850282
14.7697	 0.5029829966043607
14.7277	 0.5007589950747905
14.686	 0.49815415119279916
14.6445	 0.49574051920746076
14.6033	 0.49447227923482506
14.5622	 0.49395971452837606
14.5214	 0.49408161773353293
14.4809	 0.4953497514266703
14.4405	 0.497045734744558
14.4004	 0.4985000769191324
14.3605	 0.49999037628717163
14.3209	 0.5014041047008239
14.2814	 0.5024907541158271
14.2422	 0.5038873753223513
14.2032	 0.5053790954259548
14.1643	 0.506865332448984
14.1258	 0.5082510291701267
14.0874	 0.5096132369290847
14.0492	 0.5107387378850203
14.0112	 0.5118533962742755
13.9734	 0.5131225226639458
13.9359	 0.5142819295674345
13.8985	 0.5150781390162876
13.8614	 0.5156438213047926
13.8244	 0.5157992290406509
13.7876	 0.515066896905029
13.7511	 0.5135631606605559
13.7147	 0.511556050074678
13.6785	 0.5090579190370661
13.6425	 0.5063257029066262
13.6067	 0.5038607997216541
13.5711	 0.5016610655091572
13.5356	 0.499689661890027
13.5004	 0.49836790315169
13.4653	 0.49754300032624055
13.4304	 0.4966794208083576
13.3957	 0.49597701541632255
13.3612	 0.4958182056528604
13.3269	 0.4957683538010527
13.2927	 0.49553414920845146
13.2587	 0.49557618674647597
13.2249	 0.49576718763803684
13.1912	 0.4961118888553139
13.1577	 0.4961066223044232
13.1244	 0.49599579391337445
13.0913	 0.4957779919329142
13.0583	 0.49523585231200656
13.0255	 0.4940817550205557
12.9929	 0.4926155527426824
12.9604	 0.4910544144101425
12.9281	 0.489490488887476
12.8959	 0.48800979485769974
12.8639	 0.4868612889148975
12.8321	 0.4862228712371656
12.8004	 0.48665266230275234
12.7688	 0.4883221931411259
12.7375	 0.4909169860247143
12.7063	 0.49418763409401206
12.6752	 0.4980209359276722
12.6443	 0.5022082771326117
12.6135	 0.5063943765213401
12.5829	 0.510016474127434
12.5524	 0.5131111834873591
12.5221	 0.5157239439579402
12.4919	 0.5177931611997199
12.4619	 0.5193632467904864
12.432	 0.5204107679318267
12.4023	 0.5211143171147521
12.3727	 0.5215811317712192
12.3432	 0.5217994248032721
12.3139	 0.5217395377771781
12.2847	 0.5216636145844804
12.2557	 0.5227634721121467
12.2268	 0.5223134767601315
12.198	 0.5218894061992753
12.1694	 0.5214259185448221
12.1409	 0.5208575917244036
12.1125	 0.5202254257501783
12.0843	 0.5196511392530174
12.0562	 0.5206570130080924
12.0282	 0.5201726657098037
12.0004	 0.5196934343380533
11.9726	 0.5191559467039588
11.945	 0.5186820905433872
11.9176	 0.5182915882997909
11.8903	 0.5178747776645521
11.8631	 0.5173902721914362
11.836	 0.5169998521167471
11.809	 0.5167280869524654
11.7822	 0.5165118153943751
11.7555	 0.5164466808846606
11.7289	 0.516531394841311
11.7024	 0.5167429122508392
11.676	 0.5171671218192491
11.6498	 0.5177330791772169
11.6237	 0.5184051365443415
11.5977	 0.519374775693931
11.5718	 0.5205927614215626
11.546	 0.5218321842497188
11.5203	 0.5231353642924172
11.4948	 0.5246027764632579
11.4694	 0.5284577239827629
11.444	 0.5302206401345487
11.4188	 0.5320024335215473
11.3937	 0.5336256827806732
11.3688	 0.5351404565342257
11.3439	 0.5366254518892486
11.3191	 0.5379432203889158
11.2944	 0.5390408369721053
11.2699	 0.5418025982184926
11.2455	 0.5425024315497268
11.2211	 0.5428392003839763
11.1969	 0.5429403585828024
11.1727	 0.5428372825800336
11.1487	 0.5424633130217876
11.1248	 0.5419263517640347
11.101	 0.5412514464207804
11.0773	 0.5402754664735204
11.0536	 0.5390340476756799
11.0301	 0.5377955733043572
11.0067	 0.5364578809906495
10.9834	 0.534823385493654
10.9602	 0.5329885720500709
10.937	 0.5309679837492038
10.914	 0.5285800287004304
10.8911	 0.525994483905276
10.8682	 0.5234536267877025
10.8455	 0.520812785394327
10.8229	 0.5182983698183199
10.8003	 0.5156492847928362
10.7779	 0.5132221391992717
10.7555	 0.5109439980314245
10.7332	 0.5089559984483608
10.7111	 0.5073205657232798
10.689	 0.5058036212208917
10.667	 0.5042982024755052
10.6451	 0.502889412520856
10.6233	 0.5018997611934621
10.6015	 0.5001170566536904
10.5799	 0.4981173569498729
10.5584	 0.49595900044491786
10.5369	 0.4936502276552453
10.5155	 0.491149956776861
10.4942	 0.48861846651396584
10.473	 0.4862243100411039
10.4519	 0.4840560042953147
10.4309	 0.48225804443300746
10.4099	 0.481015121274733
10.3891	 0.48039540787670465
10.3683	 0.4803986164721243
10.3476	 0.4810520618800103
10.327	 0.4823912940308914
10.3065	 0.48430748536402685
10.286	 0.4866280746399157
10.2656	 0.4896474312077354
10.2454	 0.49247062354800397
10.2251	 0.49516771901739104
10.205	 0.4976034897036655
10.185	 0.499713251236838
10.165	 0.5013509277295628
10.1451	 0.5024014913264425
10.1253	 0.5028261384247689
10.1056	 0.5026350677261211
10.0859	 0.5018333730101989
10.0663	 0.5004539876952897
10.0468	 0.498685403535255
10.0274	 0.4964791418328045
10.008	 0.4939931458698971
9.9887	 0.49125951075711766
9.9695	 0.48833325044465226
9.9504	 0.4853909866664203
9.9313	 0.48254080111266134
9.9123	 0.47982877145210023
9.8934	 0.4773099105219299
9.8746	 0.47504783238773607
9.8558	 0.4730761025402324
9.8371	 0.47142904439428135
9.8185	 0.47006801026382006
9.7999	 0.467535090009505
9.7814	 0.4668174866829274
9.763	 0.466406863536135
9.7447	 0.4662053233322205
9.7264	 0.4662448462991331
9.7082	 0.46655380546607755
9.69	 0.46709515949634817
9.6719	 0.46786157677833395
9.6539	 0.4688655638742003
9.636	 0.47007909928210306
9.6181	 0.4714888827777269
9.6003	 0.47154686616222274
9.5825	 0.47335962023864875
9.5649	 0.4752311242935089
9.5472	 0.4772219005451226
9.5297	 0.4793648603471004
9.5122	 0.48148780470388597
9.4948	 0.48357768522007993
9.4774	 0.4857021734640299
9.4601	 0.4877729883066062
9.4429	 0.48974674591669465
9.4257	 0.49171266859753404
9.4086	 0.49367777915611244
9.3916	 0.4961646508491039
9.3746	 0.4983206989845453
9.3577	 0.5006024926989779
9.3408	 0.5029467262301641
9.324	 0.5054414505146514
9.3073	 0.5081713199234933
9.2906	 0.5110160925790422
9.274	 0.5139399439203182
9.2574	 0.5169847452192223
9.2409	 0.5200361830900082
9.2245	 0.5229443453622024
9.2081	 0.5257314657271078
9.1918	 0.5283835118541452
9.1755	 0.5307020335699332
9.1593	 0.5326218098779856
9.1431	 0.5341505755612609
9.127	 0.5351921265072899
9.111	 0.5356152227050897
9.095	 0.5354519063350762
9.0791	 0.5347362415820682
9.0632	 0.5334465075464212
9.0474	 0.531609745215203
9.0316	 0.5292646084836874
9.0159	 0.5265424658917987
9.0003	 0.5235323465687859
8.9847	 0.5203383613082208
8.9691	 0.5170427181433774
8.9536	 0.5136581079147634
8.9382	 0.510261540389934
8.9228	 0.5069788117612053
8.9075	 0.5038848763088858
8.8922	 0.5009972064516701
8.877	 0.4983686809818251
8.8618	 0.4960599090630238
8.8467	 0.4940486373374556
8.8316	 0.49295102038378613
8.8166	 0.49125379176924516
8.8016	 0.48973322333814323
8.7867	 0.4883375799175782
8.7718	 0.4870450262788752
8.757	 0.4858540101069889
8.7422	 0.4847252224482168
8.7275	 0.48362622798108135
8.7129	 0.48254777763261386
8.6982	 0.4803583715900824
8.6837	 0.47925830806500136
8.6692	 0.4781562167741455
8.6547	 0.4770415258312922
8.6403	 0.47600507228665984
8.6259	 0.47509711609964106
8.6116	 0.4743271759761059
8.5973	 0.47376267810812744
8.583	 0.4734648327995444
8.5688	 0.47342800637170757
8.5547	 0.47369949394149746
8.5406	 0.47432383350513463
8.5266	 0.47525847493527795
8.5126	 0.47649587536635446
8.4986	 0.477101150168956
8.4847	 0.4786241211939564
8.4708	 0.4800889157815002
8.457	 0.481391362999167
8.4432	 0.4823568777603394
8.4295	 0.48275895503746136
8.4158	 0.48247349945155305
8.4022	 0.4783896435777317
8.3886	 0.47577327197120206
8.375	 0.47209420367260346
8.3615	 0.46731221057116423
8.3481	 0.461283836193601
8.3347	 0.4539127687682371
8.3213	 0.445204423760311
8.3079	 0.43511790782979193
8.2946	 0.42372125266242083
8.2814	 0.4111874987724651
8.2682	 0.39770797240430017
8.255	 0.38347485461762476
8.2419	 0.3687382721315646
8.2288	 0.35374858366587775
8.2158	 0.3386557468134001
8.2028	 0.3231537584840186
8.1898	 0.30814178437767503
8.1769	 0.29348516543391967
8.164	 0.2793110967604454
8.1512	 0.25859455532692677
8.1384	 0.24669617400826221
8.1256	 0.2361169103161516
8.1129	 0.22708981991681604
8.1002	 0.21985181343390622
8.0876	 0.21457507167383888
8.075	 0.21145526712732762
8.0624	 0.2106770869016383
8.0499	 0.21240528894029378
8.0374	 0.21684403926543397
8.025	 0.22427266321034886
8.0126	 0.2349403302241962
8.0002	 0.2490173174588766
7.9879	 0.26653140746647785
7.9756	 0.287361206821167
7.9634	 0.3111877125720955
7.9512	 0.32539295224896575
7.939	 0.3523715671077881
7.9268	 0.3805414027903434
7.9147	 0.40925715897050996
7.9027	 0.4406869957054562
7.8906	 0.4680027656591526
7.8786	 0.49371298517157314
7.8667	 0.5171760252437347
7.8548	 0.537965066339408
7.8429	 0.5557750653202482
7.831	 0.5703383088292314
7.8192	 0.5814296453804363
7.8075	 0.5890549867521507
7.7957	 0.5934544982413371
7.784	 0.5950209833814939
7.7723	 0.5942568587450715
7.7607	 0.5918552936231839
7.7491	 0.5884268226515241
7.7375	 0.5844014707118395
7.726	 0.5801300004712961
7.7145	 0.5758159617041972
7.7031	 0.5752142143773311
7.6916	 0.5711720689431509
7.6802	 0.5684722774072345
7.6689	 0.5649486352589023
7.6575	 0.5618207641525601
7.6462	 0.5590096263126901
7.635	 0.5564234792792003
7.6238	 0.5540767083207289
7.6126	 0.5520038178519172
7.6014	 0.550138054152289
7.5903	 0.5483859349543545
7.5792	 0.5467128860070344
7.5681	 0.5451117893851213
7.5571	 0.5435707084298234
7.5461	 0.5421039975100698
7.5351	 0.5406758823847868
7.5242	 0.5393282304036904
7.5133	 0.538128514222372
7.5024	 0.5370193263221552
7.4916	 0.5359431011002258
7.4807	 0.5367884287962689
7.47	 0.5358036695696289
7.4592	 0.5348519198943167
7.4485	 0.5338826509135499
7.4378	 0.5329216072336371
7.4272	 0.5320314975200253
7.4165	 0.5311717770087497
7.4059	 0.5302525846916015
7.3954	 0.5293745880857457
7.3848	 0.5286377781778746
7.3743	 0.5279994718910206
7.3639	 0.5274068617060094
7.3534	 0.5268459147345543
7.343	 0.5263414171831385
7.3326	 0.5259347771213544
7.3223	 0.5255549930848536
7.3119	 0.5251534756048161
7.3016	 0.5252965620128424
7.2914	 0.524977226409625
7.2811	 0.5254366837407498
7.2709	 0.5250420392159177
7.2607	 0.5245950423556626
7.2506	 0.5240934473053641
7.2404	 0.5235520528086453
7.2303	 0.5229556868587818
7.2203	 0.5222838067770884
7.2102	 0.5216147314151699
7.2002	 0.5210035759938894
7.1902	 0.5203779482529509
7.1803	 0.5197161163626419
7.1703	 0.5190808356094758
7.1604	 0.5185075206432234
7.1506	 0.5179580200650427
7.1407	 0.5174275981468295
7.1309	 0.5169137906913013
7.1211	 0.5168072274858336
7.1113	 0.5163062593102069
7.1016	 0.5164307111790188
7.0919	 0.5159471282052994
7.0822	 0.5154847321597604
7.0725	 0.5150679231829992
7.0629	 0.5146830053861667
7.0533	 0.5144030724041248
7.0437	 0.5142826841276938
7.0341	 0.5142541505685937
7.0246	 0.514264563181716
7.0151	 0.5143390778621026
7.0056	 0.5144241704815916
6.9962	 0.514471514385271
6.9867	 0.5144790147534624
6.9773	 0.5144773172836709
6.9679	 0.5144800253022963
6.9586	 0.5147671022977633
6.9493	 0.5147550731278148
6.94	 0.5147160471007859
6.9307	 0.5146683686383496
6.9214	 0.5149099366912894
6.9122	 0.5148993567286594
6.903	 0.5149366569309295
6.8938	 0.514967614072716
6.8847	 0.5149537415745209
6.8755	 0.5149360802729125
6.8664	 0.5149756123207633
6.8573	 0.5150526150697925
6.8483	 0.5150481060412798
6.8393	 0.514870371124215
6.8302	 0.5146305580186876
6.8213	 0.5144550392431055
6.8123	 0.5146066069209766
6.8034	 0.5144437146447637
6.7944	 0.5143593138979125
6.7855	 0.5143553933384725
6.7767	 0.5143189838686042
6.7678	 0.5142249000744711
6.759	 0.514508932940374
6.7502	 0.5144048512014678
6.7414	 0.5143002837929852
6.7327	 0.5141960016982045
6.7239	 0.5140842377736784
6.7152	 0.5139153424786036
6.7065	 0.513689064247333
6.6979	 0.5133890412806863
6.6892	 0.5130425744206167
6.6806	 0.5127321082312061
6.672	 0.5126078323383998
6.6634	 0.5122713755951765
6.6549	 0.5119200139282422
6.6464	 0.5116583061540978
6.6378	 0.51149787212412
6.6294	 0.5113012295481048
6.6209	 0.510973957424417
6.6124	 0.5108377039829411
6.604	 0.5104609726900897
6.5956	 0.5101444816831464
6.5872	 0.5097972622871558
6.5789	 0.5094542083692162
6.5705	 0.5091474617316541
6.5622	 0.5088409259711377
6.5539	 0.5085515359132892
6.5456	 0.5082454247057144
6.5374	 0.5079959306626038
6.5292	 0.5076933286582468
6.5209	 0.5074038488913326
6.5128	 0.5071715783782077
6.5046	 0.5069878231531184
6.4964	 0.506899455105278
6.4883	 0.5068607587766658
6.4802	 0.5067880831022806
6.4721	 0.5068883436202376
6.464	 0.5067521086947853
6.456	 0.5066047771676556
6.448	 0.5064518852494233
6.4399	 0.5062674528839312
6.432	 0.5060878375357457
6.424	 0.5060124996714069
6.416	 0.5060674358365272
6.4081	 0.506273167462334
6.4002	 0.5062883188620301
6.3923	 0.5062011129698567
6.3844	 0.5060721978319463
6.3766	 0.5059717791783587
6.3687	 0.5058943312291474
6.3609	 0.5058085851374118
6.3531	 0.5057269826202105
6.3454	 0.5057305885247629
6.3376	 0.505859949627423
6.3299	 0.5058446899371821
6.3221	 0.5058246073119497
6.3144	 0.5057548301479184
6.3068	 0.505655231090555
6.2991	 0.5055728060046687
6.2914	 0.5055474095924932
6.2838	 0.5054256668749026
6.2762	 0.5052909420750025
6.2686	 0.5051620881984502
6.2611	 0.5050877701955215
6.2535	 0.5049845442190657
6.246	 0.5048327013305788
6.2385	 0.5047331509339689
6.231	 0.5046607642113875
6.2235	 0.5045486036574084
6.216	 0.5043572687473566
6.2086	 0.5043322765540591
6.2011	 0.5041166857629926
6.1937	 0.503980393281244
6.1863	 0.5038938367327059
6.179	 0.5038030661932673
6.1716	 0.5036463377065791
6.1643	 0.5034822825430595
6.157	 0.5033716944240606
6.1496	 0.5032215254686074
6.1424	 0.5029953988305279
6.1351	 0.5027399533777831
6.1278	 0.502511794118928
6.1206	 0.5023466397013925
6.1134	 0.5022556789618061
6.1062	 0.5021482683362007
6.099	 0.5019576622822924
6.0918	 0.501804987247218
6.0847	 0.501571108020506
6.0776	 0.5013129862416168
6.0704	 0.5011840835940229
6.0633	 0.5010404891666489
6.0563	 0.5009161340705598
6.0492	 0.5008995143662324
6.0421	 0.5008924010557319
6.0351	 0.500784377797441
6.0281	 0.5006220555060064
6.0211	 0.5004596502970138
6.0141	 0.5003528823594143
6.0071	 0.5003156731015815
6.0002	 0.5003003652846422
5.9932	 0.5002887403684313
5.9863	 0.5002826672856371
5.9794	 0.5003769396761515
5.9725	 0.5004736090974793
5.9657	 0.5005169952082907
5.9588	 0.5005735320654128
5.952	 0.5006399028736199
5.9451	 0.5007407709931085
5.9383	 0.500940647118737
5.9315	 0.5011930571950849
5.9247	 0.5013798792502885
5.918	 0.5014706585511819
5.9112	 0.5015231453689296
5.9045	 0.5016346906991522
5.8978	 0.5018369499604984
5.8911	 0.5020649202050715
5.8844	 0.5023057403495289
5.8777	 0.5025970433379638
5.8711	 0.5027825807558084
5.8644	 0.502937905568355
5.8578	 0.5031012758618859
5.8512	 0.5031945265344506
5.8446	 0.5032197324259796
5.838	 0.5032920449109609
5.8314	 0.5034411654059258
5.8249	 0.5036449088875474
5.8184	 0.503854317398469
5.8118	 0.5039942547948066
5.8053	 0.5040831161196009
5.7988	 0.5041530487694649
5.7924	 0.50420315821079
5.7859	 0.5042903692715845
5.7794	 0.50431744438044
5.773	 0.5043873105479535
5.7666	 0.5044615148436122
5.7602	 0.5045139686366495
5.7538	 0.5045239773687358
5.7474	 0.5045056846919579
5.741	 0.5044641032651602
5.7347	 0.504357445863826
5.7283	 0.5042721666869883
5.722	 0.5042477456045132
5.7157	 0.5042648836456053
5.7094	 0.5043065519260437
5.7031	 0.5043848616965001
5.6969	 0.5043443856698205
5.6906	 0.5043168837924551
5.6844	 0.5042594663429797
5.6782	 0.5043126292768554
5.6719	 0.5042665275897037
5.6657	 0.5042462236083649
5.6596	 0.5042204720576313
5.6534	 0.5042232114594487
5.6472	 0.5042443500948534
5.6411	 0.5042742210711787
5.6349	 0.504293221244603
5.6288	 0.5042645816273559
5.6227	 0.5042258580841309
5.6166	 0.5041543636027831
5.6106	 0.5041351887622046
5.6045	 0.5041233807347242
5.5984	 0.5041057436327161
5.5924	 0.504096658868587
5.5864	 0.5041534070877256
5.5804	 0.5041489499551659
5.5744	 0.504132663424953
5.5684	 0.5040772100009648
5.5624	 0.5039987809319912
5.5564	 0.5039593808617981
5.5505	 0.5039473745808739
5.5445	 0.503919163495508
5.5386	 0.5039287545837483
5.5327	 0.5039040905453257
5.5268	 0.5038709450215901
5.5209	 0.5038274678019764
5.5151	 0.5037552625653582
5.5092	 0.5036715526053493
5.5033	 0.5036631831466893
5.4975	 0.5036061159926394
5.4917	 0.5035341091243126
5.4859	 0.5034502770916695
5.4801	 0.5033925198824846
5.4743	 0.5033372521263432
5.4685	 0.5032797524028273
5.4628	 0.5032595122281901
5.457	 0.503199875180026
5.4513	 0.5031176365925898
5.4455	 0.5030245654869163
5.4398	 0.5029310327275883
5.4341	 0.5028564064139737
5.4284	 0.5027966951379099
5.4228	 0.5028084147379139
5.4171	 0.5027668357138003
5.4114	 0.5026892754286912
5.4058	 0.5026091611624076
5.4002	 0.5025384925132114
5.3945	 0.5024640389003256
5.3889	 0.5024054299116287
5.3833	 0.5023265891900104
5.3778	 0.502255443963343
5.3722	 0.5021936599339852
5.3666	 0.5021452133825228
5.3611	 0.5021017115184843
5.3555	 0.5020529736200972
5.35	 0.5020047140471193
5.3445	 0.5019637372145881
5.339	 0.5019567101754941
5.3335	 0.5019019986257806
5.328	 0.5018515896184687
5.3225	 0.5018172955711363
5.3171	 0.5017595582380131
5.3116	 0.5017065698860438
5.3062	 0.5016617878471713
5.3008	 0.5016046441254765
5.2954	 0.5015464941272293
5.29	 0.5015103259504969
5.2846	 0.5014828232066527
5.2792	 0.501431285143884
5.2738	 0.501364197705115
5.2684	 0.5012991847691629
5.2631	 0.5012668278938254
5.2578	 0.5011997401456808
5.2524	 0.5011431102659557
5.2471	 0.5010944604226135
5.2418	 0.5010526327627765
5.2365	 0.5010056651457805
5.2312	 0.5009490721371472
5.226	 0.5008944563940774
5.2207	 0.5008307771009038
5.2154	 0.5007862973951981
5.2102	 0.5007581379713327
5.205	 0.5007201986820089
5.1998	 0.5006816388999387
5.1945	 0.5006481126079926
5.1893	 0.5006359280546903
5.1842	 0.5005992526173226
5.179	 0.5005602658962216
5.1738	 0.500524986849058
5.1686	 0.5004864957292178
5.1635	 0.5004513297972053
5.1584	 0.5004201802153936
5.1532	 0.5003874590175513
5.1481	 0.5003603876973108
5.143	 0.5003423399289315
5.1379	 0.5003225924157616
5.1328	 0.500294428632142
5.1277	 0.5002849078653803
5.1227	 0.5002762094911338
5.1176	 0.5002638581198641
5.1126	 0.5002720341907242
5.1075	 0.5002772689061622
5.1025	 0.500270148610809
5.0975	 0.5002701049667657
5.0925	 0.5002645180276833
5.0875	 0.5002387783486621
5.0825	 0.500222821286454
5.0775	 0.5002314408613446
5.0726	 0.5002529556850944
5.0676	 0.5002873503421551
5.0627	 0.5003076245836806
5.0577	 0.5003242395335862
5.0528	 0.5003437485479532
5.0479	 0.5003657642718922
5.043	 0.5003812500313403
5.038	 0.5003979543625491
5.0332	 0.5004279479321979
5.0283	 0.5004616822031707
5.0234	 0.5004982369307804
5.0185	 0.5005354728030266
5.0137	 0.5005704482215331
5.0088	 0.500630574985141
5.004	 0.5006636855730762
4.9992	 0.5006932536028492
4.9944	 0.5007290051747563
4.9896	 0.5007640817077457
4.9848	 0.5007985442236221
4.98	 0.5008334116135853
4.9752	 0.5008670014105867
4.9704	 0.5008938059298588
4.9657	 0.5009253643076728
4.9609	 0.5009574166388183
4.9562	 0.5009928938988032
4.9514	 0.5010353033756589
4.9467	 0.5010532574465831
4.942	 0.501075289005069
4.9373	 0.5011111263475909
4.9326	 0.5011461293261233
4.9279	 0.5011653483979452
4.9232	 0.501184836244676
4.9186	 0.5012074934667142
4.9139	 0.5012170187997209
4.9092	 0.5012110790618864
4.9046	 0.5012173766920457
4.9	 0.5012425786137438
4.8953	 0.501268875145005
4.8907	 0.5012891204465186
4.8861	 0.5013078818824979
4.8815	 0.5013135771603304
4.8769	 0.5013141392710467
4.8723	 0.5013181581092795
4.8678	 0.5013324406787194
4.8632	 0.5013337511179883
4.8586	 0.5013490370439432
4.8541	 0.5013690927600066
4.8495	 0.5013696426562843
4.845	 0.5013759293898941
4.8405	 0.5013717453925919
4.836	 0.5013621025512879
4.8315	 0.5013412084251914
4.827	 0.5013135632536263
4.8225	 0.5012739557011908
4.818	 0.5012332947892912
4.8135	 0.5011941306463367
4.809	 0.5011755507967378
4.8046	 0.5011502339353118
4.8001	 0.5011244848359759
4.7957	 0.5011075141810011
4.7913	 0.501081429480379
4.7868	 0.5010568189159487
4.7824	 0.5010334377025984
4.778	 0.5010079664824979
4.7736	 0.5009901235920109
4.7692	 0.5009728721646811
4.7648	 0.5009497388600888
4.7605	 0.5009237850684504
4.7561	 0.5008924313461719
4.7517	 0.5008817894215178
4.7474	 0.5008623854042517
4.7431	 0.5008346216022302
4.7387	 0.5008054425003952
4.7344	 0.5007671540403168
4.7301	 0.5007325251495853
4.7258	 0.5007129263943281
4.7215	 0.5006908143069697
4.7172	 0.5006641760798015
4.7129	 0.5006458214799321
4.7086	 0.5006319241329372
4.7043	 0.5006004022136541
4.7	 0.5005658629090162
4.6958	 0.5005596132080066
4.6915	 0.5005338478696237
4.6873	 0.5005132409777266
4.6831	 0.5004940477212234
4.6788	 0.5004645199643721
4.6746	 0.5004295063131738
4.6704	 0.5003957934031878
4.6662	 0.5003686735238956
4.662	 0.5003336197620207
4.6578	 0.5002870500566043
4.6536	 0.5002326743192639
4.6495	 0.5002017868176348
4.6453	 0.5001862873848104
4.6411	 0.5001542111501145
4.637	 0.5001331563597992
4.6328	 0.5001175947188374
4.6287	 0.5001072247150811
4.6246	 0.5001092557643326
4.6205	 0.5001163885023651
4.6163	 0.5001173375919041
4.6122	 0.5001069555424484
4.6081	 0.5000983162294208
4.604	 0.5000830614896417
4.6	 0.5000657705210165
4.5959	 0.5000561796416781
4.5918	 0.500036465464019
4.5877	 0.5000189451089286
4.5837	 0.4999988454036317
4.5796	 0.4999865004695147
4.5756	 0.49998209290421686
4.5716	 0.49996903525119435
4.5675	 0.49995996222225797
4.5635	 0.49995593256160814
4.5595	 0.49994672879313634
4.5555	 0.4999425395134953
4.5515	 0.49994085569086444
4.5475	 0.4999432972552781
4.5435	 0.49994287385878405
4.5395	 0.4999414334056337
4.5356	 0.49994406590478624
4.5316	 0.499954945808083
4.5276	 0.4999631454900374
4.5237	 0.4999602441742682
4.5197	 0.4999726266235293
4.5158	 0.4999831802936941
4.5119	 0.49998894372688835
4.508	 0.500002838617456
4.504	 0.5000257432611356
4.5001	 0.5000379067462343
4.4962	 0.5000496020299412
4.4923	 0.5000665760463816
4.4884	 0.5000799755738211
4.4846	 0.5000917721266535
4.4807	 0.5001220024050428
4.4768	 0.500154530986741
4.473	 0.5001818226796085
4.4691	 0.5002019137788003
4.4652	 0.5002245346582942
4.4614	 0.500255894868848
4.4576	 0.5002907072111192
4.4537	 0.5003263485801009
4.4499	 0.5003632567613687
4.4461	 0.5003918611554925
4.4423	 0.5004316649768429
4.4385	 0.5004655688549752
4.4347	 0.5004877014767015
4.4309	 0.50050821127039
4.4271	 0.5005290440212723
4.4233	 0.5005393898839724
4.4196	 0.5005545421252414
4.4158	 0.5005778150482845
4.412	 0.5005996257106162
4.4083	 0.5006143231492338
4.4045	 0.5006483536049314
4.4008	 0.5006749406189208
4.3971	 0.5007005616991634
4.3934	 0.5007248471037626
4.3896	 0.5007548360440413
4.3859	 0.5007885533742916
4.3822	 0.5008100688167787
4.3785	 0.5008179789439985
4.3748	 0.5008260382619826
4.3711	 0.5008344705906045
4.3674	 0.5008410650095709
4.3638	 0.5008438850780965
4.3601	 0.5008569798068397
4.3564	 0.5008615600520999
4.3528	 0.5008610590762395
4.3491	 0.5008583705932437
4.3455	 0.5008572926939365
4.3418	 0.5008676142574667
4.3382	 0.5008783071258541
4.3346	 0.5008758010291504
4.331	 0.5008647594817608
4.3273	 0.5008586539798364
4.3237	 0.5008562009946441
4.3201	 0.5008514703643574
4.3165	 0.5008428951242603
4.3129	 0.5008314888806973
4.3094	 0.5008117260453172
4.3058	 0.5007841708996156
4.3022	 0.5007578602786278
4.2986	 0.5007345761158951
4.2951	 0.5007072068038894
4.2915	 0.5006641825849865
4.288	 0.5006315524422041
4.2844	 0.500596296733533
4.2809	 0.5005733145082679
4.2774	 0.5005340100604234
4.2738	 0.5004954457852653
4.2703	 0.5004615778631595
4.2668	 0.5004232109417174
4.2633	 0.5003795192747144
4.2598	 0.500339839025957
4.2563	 0.5002812288562485
4.2528	 0.5002237584521246
4.2493	 0.5001696270546142
4.2458	 0.5001276348863721
4.2424	 0.5000886205824308
4.2389	 0.5000223972723709
4.2354	 0.49996348348187974
4.232	 0.4999182541106907
4.2285	 0.49986704170769425
4.2251	 0.49980656041927596
4.2216	 0.4997174259669891
4.2182	 0.4996513761859289
4.2148	 0.4995842594601173
4.2113	 0.49951951489393925
4.2079	 0.4994527385659672
4.2045	 0.49939407588636864
4.2011	 0.4993258488376214
4.1977	 0.49925189540576653
4.1943	 0.4991771762184903
4.1909	 0.49909742324485973
4.1875	 0.4989799641883674
4.1841	 0.4988955355284663
4.1808	 0.49882365164699827
4.1774	 0.4987534510221721
4.174	 0.49867918699473385
4.1707	 0.4986123886088276
4.1673	 0.49854426382514144
4.164	 0.49848422355198285
4.1606	 0.4984146620745052
4.1573	 0.4983157334563029
4.154	 0.4982473834228724
4.1506	 0.49818374857077474
4.1473	 0.49812294851671124
4.144	 0.4980505537188162
4.1407	 0.4979707222337754
4.1374	 0.497896952094327
4.1341	 0.49783442386879967
4.1308	 0.4977767495899205
4.1275	 0.49772189585672677
4.1242	 0.4976259882654781
4.1209	 0.4975648850359864
4.1177	 0.49749896492777496
4.1144	 0.4974333226912945
4.1111	 0.49737877864600777
4.1079	 0.4973312814298887
4.1046	 0.49728451843645555
4.1014	 0.4972395339965588
4.0981	 0.4971943404339135
4.0949	 0.497142222684035
4.0917	 0.4970742778748603
4.0884	 0.4970365103589185
4.0852	 0.49699981762347833
4.082	 0.49696355588395247
4.0788	 0.49692405479201623
4.0756	 0.49688286201191373
4.0724	 0.4968463295974831
4.0692	 0.49681096167976363
4.066	 0.49677173977415745
4.0628	 0.49670088945049296
4.0596	 0.496658271547445
4.0565	 0.4966162564306488
4.0533	 0.496583483759011
4.0501	 0.49656103380530303
4.047	 0.4965321150072613
4.0438	 0.4965017571306987
4.0406	 0.4964846856037805
4.0375	 0.4964655461392932
4.0344	 0.4964115392676646
4.0312	 0.49637991775360346
4.0281	 0.49635467456711707
4.025	 0.4963360468998241
4.0218	 0.4963105532024132
4.0187	 0.4962984429892046
4.0156	 0.4962897116198041
4.0125	 0.4962820136388804
4.0094	 0.49627538184968684
4.0063	 0.4962652883455191
4.0032	 0.4962295254774778
4.0001	 0.496217029296204
3.997	 0.49621194114094336
3.994	 0.49621252645656416
3.9909	 0.4962095307007426
3.9878	 0.4961841358711944
3.9847	 0.4961966853528652
3.9817	 0.4962055509243054
3.9786	 0.49620948256374703
3.9756	 0.49618668567020024
3.9725	 0.49619149662592094
3.9695	 0.49619063025402255
3.9665	 0.49618630292542143
3.9634	 0.49618275979805154
3.9604	 0.49617821117145405
3.9574	 0.4961445123742206
3.9544	 0.496137011818391
3.9513	 0.49613410743300995
3.9483	 0.49609356595056003
3.9453	 0.4960835731411522
3.9423	 0.4960802190991621
3.9393	 0.49608017208528576
3.9363	 0.4960748555231826
3.9333	 0.49606274462030897
3.9304	 0.49605057994334006
3.9274	 0.4960408733637883
3.9244	 0.4960001721904328
3.9214	 0.49594322050590683
3.9185	 0.4959274403735216
3.9155	 0.49591962075840557
3.9126	 0.4959003782656129
3.9096	 0.49587011733163283
3.9067	 0.4958420094437917
3.9037	 0.49581739544910325
3.9008	 0.4957900610641077
3.8979	 0.49576703802005956
3.8949	 0.4957067403717618
3.892	 0.49564425632290826
3.8891	 0.4956089670989959
3.8862	 0.4955734485939051
3.8833	 0.49553755472124855
3.8804	 0.4955006289730743
3.8775	 0.49547217649930675
3.8746	 0.49544319840997214
3.8717	 0.49540480123275465
3.8688	 0.49531142497950065
3.8659	 0.4952814919867714
3.863	 0.4952186130263483
3.8601	 0.4951854875360144
3.8573	 0.495150804874619
3.8544	 0.49511597100481464
3.8515	 0.4950780027910537
3.8487	 0.49503786292295154
3.8458	 0.49500076858809067
3.843	 0.49490843841221654
3.8401	 0.4948664873072173
3.8373	 0.4948338209008543
3.8344	 0.494765356293543
3.8316	 0.49473039416863007
3.8288	 0.49470013834367665
3.8259	 0.49466743519584927
3.8231	 0.49463099185546566
3.8203	 0.4945971575539965
3.8175	 0.4945094206139743
3.8147	 0.49447154860450304
3.8119	 0.49443239102578285
3.8091	 0.4943983791322158
3.8063	 0.49436478317521126
3.8035	 0.4942947692000685
3.8007	 0.49425637761704905
3.7979	 0.49422395129388114
3.7951	 0.49418919293959096
3.7924	 0.49410709944399017
3.7896	 0.4940745294076625
3.7868	 0.49403625420349057
3.7841	 0.4939928201420088
3.7813	 0.4939498808414128
3.7785	 0.49390715468364615
3.7758	 0.49384083977472104
3.773	 0.4937924178924761
3.7703	 0.49371017795106564
3.7676	 0.4936723310417445
3.7648	 0.4936315011986011
3.7621	 0.4935937795044047
3.7594	 0.49356008413768926
3.7566	 0.4935277520757256
3.7539	 0.49349416297667115
3.7512	 0.4934540107211366
3.7485	 0.4933811712053592
3.7458	 0.49329368969048615
3.7431	 0.49325953123612387
3.7404	 0.49322254564985984
3.7377	 0.4931866355586054
3.735	 0.4931516290584035
3.7323	 0.49311542651446044
3.7296	 0.4930797402814585
3.7269	 0.4930412547179304
3.7242	 0.4930058091987134
3.7216	 0.4928872769862994
3.7189	 0.4928620835636885
3.7162	 0.4928337912010043
3.7136	 0.4928122340569744
3.7109	 0.4928082963778938
3.7083	 0.49280781743405305
3.7056	 0.4927973030652947
3.703	 0.4927734757520547
3.7003	 0.49266699084974125
3.6977	 0.4926179269102951
3.695	 0.49252280610434285
3.6924	 0.4924658590789804
3.6898	 0.4924142046493056
3.6872	 0.49235742599912646
3.6845	 0.49229507623865265
3.6819	 0.4922383848487875
3.6793	 0.492175951244814
3.6767	 0.4920017106538179
3.6741	 0.49193750581159695
3.6715	 0.49188472773622366
3.6689	 0.49179365771542166
3.6663	 0.49173993931800686
3.6637	 0.49168026664107
3.6611	 0.4916230804329693
3.6585	 0.4915680450812591
3.656	 0.49142934539374583
3.6534	 0.49137156210910293
3.6508	 0.4913179160342527
3.6482	 0.49126483366082396
3.6457	 0.49121148978074347
3.6431	 0.4911166694458141
3.6406	 0.49107537199851786
3.638	 0.49102859476279787
3.6355	 0.4909313935372507
3.6329	 0.4909075862217177
3.6304	 0.4908908511932497
3.6278	 0.4908817658060125
3.6253	 0.49087730818418357
3.6227	 0.49086844554644327
3.6202	 0.49084993174719793
3.6177	 0.49078517754628503
3.6152	 0.49076023711849054
3.6127	 0.4906556065982451
3.6101	 0.490600756157187
3.6076	 0.49053330898165665
3.6051	 0.4904615743955223
3.6026	 0.4903952580738538
3.6001	 0.49032367534469506
3.5976	 0.49024772616644074
3.5951	 0.4901656237802415
3.5926	 0.4899396973041147
3.5901	 0.4898685763087175
3.5876	 0.489792206538221
3.5852	 0.48971598483338485
3.5827	 0.48964408490592415
3.5802	 0.4895758208745732
3.5777	 0.48951056525304787
3.5753	 0.4894447638966136
3.5728	 0.48929903880478326
3.5704	 0.4891737323976546
3.5679	 0.4890966756325259
3.5654	 0.48902902241307467
3.563	 0.48897152009672
3.5605	 0.48891816059851845
3.5581	 0.4888645605235197
3.5557	 0.4888087358016776
3.5532	 0.4886927996894718
3.5508	 0.4886521255548036
3.5484	 0.4886109374541207
3.5459	 0.4885227454665635
3.5435	 0.4884845471153143
3.5411	 0.48845027287204285
3.5387	 0.488417632788275
3.5363	 0.4883834531767253
3.5338	 0.48830763028221924
3.5314	 0.4882887896289907
3.529	 0.48826762570681614
3.5266	 0.4882437374069244
3.5242	 0.488216587044579
3.5218	 0.48813315510272437
3.5195	 0.4880987398575978
3.5171	 0.4880656981154773
3.5147	 0.487987298155071
3.5123	 0.48793471044974956
3.5099	 0.48787468298301634
3.5075	 0.48781914632911877
3.5052	 0.48778518133562887
3.5028	 0.48777302395986366
3.5004	 0.48772382708769346
3.4981	 0.48773145547653063
3.4957	 0.4877157963718195
3.4934	 0.487752530232065
3.491	 0.4877893145919911
3.4887	 0.48783273722348847
3.4863	 0.4878875036396331
3.484	 0.48794687197078207
3.4816	 0.4880027197011
3.4793	 0.4880624446222803
3.477	 0.4880294970379794
3.4746	 0.4880960280193381
3.4723	 0.48815421300380263
3.47	 0.48820272706413703
3.4677	 0.4882530537977542
3.4653	 0.4883128237145027
3.463	 0.4883682795073712
3.4607	 0.48842057006862305
3.4584	 0.48846716304890936
3.4561	 0.48838939884417704
3.4538	 0.48843527548071997
3.4515	 0.488480689095398
3.4492	 0.48851865278783224
3.4469	 0.4885591325708675
3.4446	 0.4885959239124878
3.4423	 0.48862076134539645
3.44	 0.48856621671408995
3.4378	 0.4885733995657404
3.4355	 0.4884962758358414
3.4332	 0.4884668228484065
3.4309	 0.48842151632210656
3.4287	 0.48835753460996123
3.4264	 0.4882805432988663
3.4241	 0.4882085799033204
3.4219	 0.4880750129295853
3.4196	 0.4880231190078295
3.4174	 0.48798312670208066
3.4151	 0.4879499545422606
3.4129	 0.4878657200259885
3.4106	 0.48787189257901725
3.4084	 0.48789376935224515
3.4061	 0.4879300818073803
3.4039	 0.4878916922479589
3.4017	 0.4879301410488407
3.3994	 0.4879696551847173
3.3972	 0.48801806770368555
3.395	 0.48807662883190467
3.3928	 0.4880541897777042
3.3906	 0.4880896898577768
3.3883	 0.48811600289208745
3.3861	 0.48805483317256954
3.3839	 0.4880867623521801
3.3817	 0.48810724515174814
3.3795	 0.4881203803200185
3.3773	 0.4881313870566193
3.3751	 0.48814360561051373
3.3729	 0.48807598792155993
3.3707	 0.4879915442769035
3.3685	 0.48801547363078385
3.3663	 0.4880390061023973
3.3641	 0.48804922849514837
3.362	 0.48804643924489527
3.3598	 0.4880306321910869
3.3576	 0.48801344238477035
3.3554	 0.4879956941080176
3.3533	 0.48777573003568814
3.3511	 0.48774580576674614
3.3489	 0.4877144139807738
3.3468	 0.48767849011127773
3.3446	 0.48762986815237774
3.3425	 0.487577105145881
3.3403	 0.48752157637178356
3.3382	 0.4874632891280926
3.336	 0.4872930219227787
3.3339	 0.48713950315062815
3.3317	 0.4870622578371337
3.3296	 0.4869821820414522
3.3274	 0.4869004921845271
3.3253	 0.4868231937496275
3.3232	 0.48675055440975085
3.321	 0.4865576104462466
3.3189	 0.4864827979260635
3.3168	 0.48639668216590215
3.3147	 0.48622231630603824
3.3126	 0.48614327928389
3.3104	 0.48606716334438155
3.3083	 0.48599096405265846
3.3062	 0.48590565731131624
3.3041	 0.4856751106932657
3.302	 0.4855656955924572
3.2999	 0.48545814264331716
3.2978	 0.48534105185572934
3.2957	 0.4851559745952378
3.2936	 0.485027394352941
3.2915	 0.4848886799579415
3.2894	 0.48461926877028727
3.2874	 0.48447137610605806
3.2853	 0.4843167505468982
3.2832	 0.484170847083774
3.2811	 0.48402392690654256
3.279	 0.4838656885363191
3.277	 0.4836614653858142
3.2749	 0.4835004002293433
3.2728	 0.4832046518132391
3.2708	 0.48305859761727804
3.2687	 0.4829113012439135
3.2666	 0.4827474561781979
3.2646	 0.482580532167404
3.2625	 0.4824186054142764
3.2605	 0.48225609463239766
3.2584	 0.48196579195152733
3.2564	 0.4817738570218929
3.2543	 0.48162050862664785
3.2523	 0.4814549476100311
3.2503	 0.4812965020108176
3.2482	 0.4811436823524804
3.2462	 0.4809849735340674
3.2442	 0.48083323713623194
3.2421	 0.48055693119348
3.2401	 0.48036305715252764
3.2381	 0.4802307865717715
3.2361	 0.48010875070914266
3.234	 0.4799981617819046
3.232	 0.4798945246017822
3.23	 0.47980490595462705
3.228	 0.4796020295483131
3.226	 0.47951912022550264
3.224	 0.4794241400248073
3.222	 0.4792351053489635
3.22	 0.47914012051641686
3.218	 0.47903827228162754
3.216	 0.4789312524295559
3.214	 0.47881802717205413
3.212	 0.47856152790174916
3.21	 0.4784272262630639
3.208	 0.4782907913479184
3.206	 0.47815375232175167
3.204	 0.47797073269120127
3.2021	 0.477831962939034
3.2001	 0.4775663707852855
3.1981	 0.4774165436258619
3.1961	 0.47727016822587875
3.1942	 0.47713463019656527
3.1922	 0.47701130032772043
3.1902	 0.47689270895807423
3.1883	 0.47677232677208703
3.1863	 0.47660806795322813
3.1844	 0.47636938339414786
3.1824	 0.4762546997296843
3.1805	 0.47614848005222216
3.1785	 0.4760530928696185
3.1766	 0.475960707558992
3.1746	 0.47586884047732664
3.1727	 0.4757712481528297
3.1707	 0.4755065075883177
3.1688	 0.4754030156555024
3.1669	 0.47530641946481555
3.1649	 0.47521314069473136
3.163	 0.4751183021071436
3.1611	 0.4750334159724584
3.1591	 0.47495516046548103
3.1572	 0.47477340748023056
3.1553	 0.47470084915656235
3.1534	 0.47456791318799724
3.1515	 0.4745126595309579
3.1495	 0.4744572791890051
3.1476	 0.47440009856132953
3.1457	 0.47434711706910093
3.1438	 0.47419319891602774
3.1419	 0.4741442798958554
3.14	 0.47409743589453984
3.1381	 0.4740533029162862
3.1362	 0.473926883154632
3.1343	 0.47388471851007014
3.1324	 0.4738463744460741
3.1305	 0.47370700028276913
3.1286	 0.4736781906436139
3.1268	 0.4736577619133607
3.1249	 0.47363071772239507
3.123	 0.47359308926282095
3.1211	 0.4734699107387215
3.1192	 0.473446007391655
3.1174	 0.4733217358095394
3.1155	 0.4733031588927472
3.1136	 0.4732812968364416
3.1117	 0.4732619640159575
3.1099	 0.4732420407112727
3.108	 0.47322554166798897
3.1061	 0.47321587228178513
3.1043	 0.4729899081943894
3.1024	 0.47298120823539497
3.1006	 0.47296441566393777
3.0987	 0.4729503225253806
3.0969	 0.47294474013571364
3.095	 0.4729392246818567
3.0932	 0.4729404522153209
3.0913	 0.47284790237560287
3.0895	 0.47275537857675
3.0876	 0.4727734864764846
3.0858	 0.4727940076666741
3.084	 0.472807034601205
3.0821	 0.4728162033372213
3.0803	 0.47283458899119557
3.0785	 0.47285973585010327
3.0766	 0.4727804883543664
3.0748	 0.472805283849092
3.073	 0.4727190704203699
3.0712	 0.4727409173964456
3.0694	 0.4727578041667371
3.0675	 0.4727833618887347
3.0657	 0.47271363619485873
3.0639	 0.4727541372486665
3.0621	 0.47280128410939926
3.0603	 0.47285286805536764
3.0585	 0.4727768861972565
3.0567	 0.4728095848316577
3.0549	 0.47284235678146336
3.0531	 0.47288998627003453
3.0513	 0.4728498463260895
3.0495	 0.4729077723401735
3.0477	 0.4729565322507764
3.0459	 0.4730089632061101
3.0441	 0.47306644888095284
3.0423	 0.47300501899580294
3.0406	 0.4730719154490312
3.0388	 0.4730349461832428
3.037	 0.47308268402923054
3.0352	 0.47313855340191074
3.0334	 0.4732052309255573
3.0317	 0.47326683702254413
3.0299	 0.4733217691805938
3.0281	 0.4731617527094252
3.0264	 0.47322223202463587
3.0246	 0.4732972574243486
3.0228	 0.4733867073885804
3.0211	 0.47347422899841013
3.0193	 0.47355031983395934
3.0176	 0.47362991721795883
3.0158	 0.47364044185091164
3.014	 0.4737320933908631
3.0123	 0.4736964788315797
3.0105	 0.47379850201418233
3.0088	 0.4738962396398704
3.007	 0.47398475134998697
3.0053	 0.4740761050553938
3.0036	 0.474097912900227
3.0018	 0.47417952970581295
3.0001	 0.47413653603067074
2.9984	 0.47424447606308207
2.9966	 0.4743525027438257
2.9949	 0.47444256271410956
2.9932	 0.4744532552208506
2.9914	 0.47454243557813636
2.9897	 0.47464400503011844
2.988	 0.4747472932828595
2.9863	 0.47484552715615674
2.9845	 0.47480221944261564
2.9828	 0.4749013810378316
2.9811	 0.47493626800515404
2.9794	 0.47503341797595333
2.9777	 0.47512750806073034
2.976	 0.4752172228499394
2.9743	 0.47531067604761135
2.9726	 0.47540570966927703
2.9709	 0.47536635867554533
2.9692	 0.47540911372859007
2.9675	 0.4755046316836934
2.9658	 0.47559022015870817
2.9641	 0.47567895569919383
2.9624	 0.4757826820937636
2.9607	 0.4758832791668497
2.959	 0.4759812741413303
2.9573	 0.47588716061356234
2.9556	 0.4759777218344303
2.9539	 0.4760727831008653
2.9523	 0.476163402300033
2.9506	 0.4762474037517623
2.9489	 0.4763375873091099
2.9472	 0.47637831096722444
2.9455	 0.47647573582289593
2.9439	 0.47644434487851584
2.9422	 0.4765385325036068
2.9405	 0.47663525402799467
2.9389	 0.4767311186505826
2.9372	 0.47682616134302414
2.9355	 0.47687934524354086
2.9339	 0.4769821475787395
2.9322	 0.4770879068641222
2.9306	 0.4770622104731375
2.9289	 0.47717069462518036
2.9272	 0.4772694198393625
2.9256	 0.47736350407986555
2.9239	 0.47740150865368225
2.9223	 0.4775139943994272
2.9207	 0.47761001491783456
2.919	 0.4776930348731862
2.9174	 0.47766024166829707
2.9157	 0.47775868010948164
2.9141	 0.4778070951289181
2.9124	 0.4779144541659758
2.9108	 0.47802388721494227
2.9092	 0.4781330392805398
2.9075	 0.4782389731664564
2.9059	 0.4783427822357909
2.9043	 0.47832226362010194
2.9027	 0.4783476530688825
2.901	 0.478445322161053
2.8994	 0.478539548623173
2.8978	 0.47863081243357075
2.8962	 0.4787163106032193
2.8946	 0.478802026283971
2.8929	 0.4787948028811995
2.8913	 0.4787497448613325
2.8897	 0.47881581094246
2.8881	 0.4788851722962872
2.8865	 0.4789551818207877
2.8849	 0.4790309021539174
2.8833	 0.47910796782126047
2.8817	 0.4790892102511502
2.8801	 0.47916723112960935
2.8785	 0.47924406694460836
2.8769	 0.4792025003923099
2.8753	 0.4792811465559222
2.8737	 0.4793489327903058
2.8721	 0.4793230515118629
2.8705	 0.47938078364751924
2.8689	 0.4794462126379169
2.8673	 0.47951464228841373
2.8658	 0.47946197078352576
2.8642	 0.47951785184092705
2.8626	 0.47956914692433733
2.861	 0.4795263165840584
2.8594	 0.4795807921507227
2.8579	 0.4796435427189064
2.8563	 0.47971295796557306
2.8547	 0.47977505119196695
2.8531	 0.4798267905549088
2.8516	 0.47966369917225843
2.85	 0.47970304993848595
2.8484	 0.47975366522802937
2.8469	 0.4798066474070891
2.8453	 0.47985599146564584
2.8437	 0.47988891067686273
2.8422	 0.47978961813679577
2.8406	 0.47981696322478473
2.8391	 0.4797442484721219
2.8375	 0.47977950813804
2.836	 0.4798084682974683
2.8344	 0.4798216686310917
2.8329	 0.4798305242643921
2.8313	 0.4797242560793738
2.8298	 0.4797225497589645
2.8282	 0.4796151672066175
2.8267	 0.4796187828347712
2.8252	 0.4796059698559953
2.8236	 0.4794476630441037
2.8221	 0.47940524943391694
2.8205	 0.47936222545057033
2.819	 0.4793279391337481
2.8175	 0.47929418012064945
2.8159	 0.47915621582668283
2.8144	 0.47911253795644615
2.8129	 0.47892095147365615
2.8114	 0.47885851599085144
2.8098	 0.4788000175017282
2.8083	 0.47874930868672305
2.8068	 0.4786945150582709
2.8053	 0.4786284279523713
2.8038	 0.4783242735201242
2.8022	 0.4782776028661638
2.8007	 0.478230085156912
2.7992	 0.4781745991696744
2.7977	 0.47809928807230995
2.7962	 0.47801715150946583
2.7947	 0.4779430445724865
2.7932	 0.4776048329247617
2.7917	 0.47753092343560927
2.7902	 0.4774345929578745
2.7887	 0.47732848433331565
2.7872	 0.4772307198698873
2.7857	 0.47713710526600933
2.7842	 0.4768933554418721
2.7827	 0.47678469406375285
2.7812	 0.47658110129817405
2.7797	 0.47646156386916894
2.7782	 0.4763352971622868
2.7767	 0.4762048551426166
2.7752	 0.4759256301249821
2.7738	 0.47579964957509896
2.7723	 0.4756791289462486
2.7708	 0.47556522841779364
2.7693	 0.47536137650672666
2.7678	 0.4752382279768566
2.7664	 0.47511689108067845
2.7649	 0.474855080945728
2.7634	 0.47472595750124946
2.7619	 0.47459115508881006
2.7605	 0.4744596237024345
2.759	 0.47432920709951043
2.7575	 0.47395288729698526
2.7561	 0.47383154538906713
2.7546	 0.4737020088612103
2.7531	 0.47356657609261144
2.7517	 0.4734343286455541
2.7502	 0.4732987718707255
2.7488	 0.4731569980094716
2.7473	 0.4727810119711691
2.7458	 0.4726345077391836
2.7444	 0.4724806962408948
2.7429	 0.4723265038301862
2.7415	 0.472169531236473
2.74	 0.472012538350797
2.7386	 0.4717035942860083
2.7371	 0.47153594122696335
2.7357	 0.4712680986220247
2.7343	 0.4710927047843581
2.7328	 0.47091908573603874
2.7314	 0.4707343742897513
2.7299	 0.4703776821569875
2.7285	 0.4701868524030474
2.7271	 0.47000207271854516
2.7256	 0.4698187034765934
2.7242	 0.4695642954524975
2.7228	 0.4693804297074198
2.7213	 0.4690318557358401
2.7199	 0.4688613747242389
2.7185	 0.46868778083283114
2.7171	 0.46850290892657687
2.7156	 0.46831471959156556
2.7142	 0.4680497439857944
2.7128	 0.467702809623569
2.7114	 0.4675147106068561
2.71	 0.4673302827926581
2.7085	 0.4671552901062937
2.7071	 0.46698346411196406
2.7057	 0.4668142219973104
2.7043	 0.46648198640110106
2.7029	 0.46623960626483424
2.7015	 0.4660725553396141
2.7001	 0.4659114677887322
2.6987	 0.46574021836830154
2.6973	 0.4655737779694423
2.6959	 0.46525024874637955
2.6945	 0.46508746502265397
2.6931	 0.4648668474436885
2.6917	 0.4647029487308268
2.6903	 0.4645412251616292
2.6889	 0.4643744821156317
2.6875	 0.46404745364212135
2.6861	 0.4638717668298467
2.6847	 0.46369897288598955
2.6833	 0.4635325204409394
2.6819	 0.46330258591474643
2.6805	 0.46298977499299365
2.6791	 0.4628222263038347
2.6778	 0.46264755508992483
2.6764	 0.4624719639739117
2.675	 0.46229173527301537
2.6736	 0.4621186451562067
2.6722	 0.46189243389393875
2.6709	 0.4615838315013943
2.6695	 0.46143300603783965
2.6681	 0.4612727603434812
2.6667	 0.4611148383506048
2.6654	 0.46095463139230625
2.664	 0.4607941550934821
2.6626	 0.4604769459408749
2.6613	 0.46024179858227
2.6599	 0.4600642876652728
2.6585	 0.4598794311424332
2.6572	 0.4596962954578217
2.6558	 0.4595211832651107
2.6545	 0.45918433247914253
2.6531	 0.4590057291132553
2.6517	 0.45877618997561526
2.6504	 0.4586075832068917
2.649	 0.4584299986946631
2.6477	 0.4580961853775634
2.6463	 0.457919330760061
2.645	 0.457750036134472
2.6436	 0.457601330456757
2.6423	 0.45739053301061683
2.6409	 0.45723413896102644
2.6396	 0.4570664347973508
2.6382	 0.4567460974916051
2.6369	 0.45657912956116076
2.6356	 0.4564253297531838
2.6342	 0.4562809151770216
2.6329	 0.4561345123799697
2.6315	 0.45578163746157335
2.6302	 0.4556669460506763
2.6289	 0.4555509618201179
2.6275	 0.45541890285748715
2.6262	 0.4552950970756402
2.6249	 0.45517522322987874
2.6236	 0.45497235534781766
2.6222	 0.45470460950495895
2.6209	 0.4546142957854763
2.6196	 0.45451983865234097
2.6183	 0.45442376802436946
2.6169	 0.45418824614611414
2.6156	 0.45409394866983716
2.6143	 0.45400390568549487
2.613	 0.4538321923800466
2.6117	 0.45375185443054533
2.6103	 0.4536621012838056
2.609	 0.4535696182834562
2.6077	 0.45334046891309077
2.6064	 0.4532604277834204
2.6051	 0.4531898669026177
2.6038	 0.45302457747916547
2.6025	 0.45293301182809126
2.6012	 0.4528387206560701
2.5999	 0.4526023222586497
2.5986	 0.45251891620111506
2.5973	 0.45245934508048946
2.596	 0.4524219889989815
2.5947	 0.4523837675445304
2.5934	 0.4520746839145983
2.5921	 0.4520018162132201
2.5908	 0.4519365011057261
2.5895	 0.4518899604337861
2.5882	 0.45183768024020526
2.5869	 0.4517769098143935
2.5856	 0.45156961683411256
2.5843	 0.45141690542143276
2.583	 0.45137220744456835
2.5817	 0.4513279442026245
2.5805	 0.45128994816207474
2.5792	 0.45126282137453655
2.5779	 0.45110934104875416
2.5766	 0.45109725741102297
2.5753	 0.4509636113947821
2.5741	 0.4509432032155998
2.5728	 0.450922382891717
2.5715	 0.4507463437070911
2.5702	 0.45069848093481885
2.569	 0.45065181193748427
2.5677	 0.45062399377149454
2.5664	 0.4506037912033585
2.5651	 0.4504542755726595
2.5639	 0.45027794200411164
2.5626	 0.4502535658034141
2.5613	 0.4502216860872837
2.5601	 0.4501895885563881
2.5588	 0.4501659728313641
2.5575	 0.45000577885128346
2.5563	 0.44983400686967856
2.555	 0.4498047954975012
2.5538	 0.4497898629436308
2.5525	 0.44977635385963927
2.5513	 0.4497545100637993
2.55	 0.44958515448765635
2.5487	 0.4495623672413127
2.5475	 0.44939450523493263
2.5462	 0.44937717789164383
2.545	 0.449369569319651
2.5437	 0.449359565041454
2.5425	 0.44921717094499725
2.5413	 0.4492152735120005
2.54	 0.44921009385291666
2.5388	 0.44906753268201466
2.5375	 0.44908812868155695
2.5363	 0.4491224852324004
2.535	 0.44901442400876845
2.5338	 0.44903291530644185
2.5326	 0.4490617450339402
2.5313	 0.44910308683554157
2.5301	 0.4489801112404225
2.5289	 0.44901105742826847
2.5276	 0.4489068281265648
2.5264	 0.4489534183566359
2.5252	 0.44900095042189936
2.5239	 0.4490354138479978
2.5227	 0.4490732784450741
2.5215	 0.4488417491080553
2.5202	 0.44889273859055434
2.519	 0.44894496363699854
2.5178	 0.44898978675206047
2.5166	 0.4490244280536023
2.5154	 0.4490740018066075
2.5141	 0.44900569543194246
2.5129	 0.44888689322760955
2.5117	 0.44893643314578957
2.5105	 0.44898065822647815
2.5093	 0.44901445670663015
2.5081	 0.4489099274679628
2.5068	 0.44892394727356294
2.5056	 0.4489384687364492
2.5044	 0.448808051505064
2.5032	 0.4488436971248473
2.502	 0.44873447441174275
2.5008	 0.4487662704186737
2.4996	 0.4488082294193708
2.4984	 0.4488619186367395
2.4972	 0.44891527938087994
2.496	 0.4488086498864316
2.4948	 0.44873642925742896
2.4936	 0.44878383315190584
2.4924	 0.4488280414209022
2.4912	 0.4488752323835447
2.49	 0.448930589052133
2.4888	 0.4488764392178115
2.4876	 0.44876381939455395
2.4864	 0.4488290899232718
2.4852	 0.44890335373372814
2.484	 0.4489642859593868
2.4828	 0.4490249935802573
2.4816	 0.44895115505692723
2.4805	 0.44882145467657253
2.4793	 0.44886890963489195
2.4781	 0.4489262384705331
2.4769	 0.44899651748887504
2.4757	 0.44895876358336
2.4745	 0.4490268089557799
2.4734	 0.44909679747546627
2.4722	 0.4491718635829874
2.471	 0.44907618771016244
2.4698	 0.44912298056727346
2.4686	 0.44905437336374365
2.4675	 0.44910653853548654
2.4663	 0.44916859933924747
2.4651	 0.44924711996487776
2.464	 0.4493208261138595
2.4628	 0.44922595123752024
2.4616	 0.4492042594961492
2.4604	 0.4492939250595725
2.4593	 0.4493950982009338
2.4581	 0.449493418019161
2.4569	 0.44958101199872386
2.4558	 0.44956204841990627
2.4546	 0.44948570321552245
2.4535	 0.44956735248930046
2.4523	 0.44965622599686067
2.4511	 0.44974914954882117
2.45	 0.44973686908132415
2.4488	 0.4498457420140362
2.4477	 0.4497579633381859
2.4465	 0.4498572951175372
2.4454	 0.44996018378161895
2.4442	 0.4499376551118747
2.4431	 0.4500346577930576
2.4419	 0.45013858232736514
2.4408	 0.4502460675960981
2.4396	 0.45035008089840306
2.4385	 0.4502867242316829
2.4373	 0.4503014151221901
2.4362	 0.4504159623845031
2.435	 0.4505213190212773
2.4339	 0.4506236023525267
2.4327	 0.4507161211305797
2.4316	 0.4505191565141026
2.4305	 0.45060056982272373
2.4293	 0.45067534412302607
2.4282	 0.4507599092818085
2.427	 0.45085375144250195
2.4259	 0.45085281747118905
2.4248	 0.4509559224952591
2.4236	 0.45106649264829546
2.4225	 0.45099832101470616
2.4214	 0.45107337077237664
2.4202	 0.4510323846715923
2.4191	 0.45111193838052815
2.418	 0.4511931268706309
2.4169	 0.45109672948210283
2.4157	 0.4511785500828762
2.4146	 0.4512668475556755
2.4135	 0.45124729504842553
2.4124	 0.45132305733308964
2.4112	 0.4514050328805182
2.4101	 0.4514970387829394
2.409	 0.4515977244506351
2.4079	 0.4515254047772775
2.4068	 0.4515299747289356
2.4056	 0.451601586342021
2.4045	 0.4516697130310374
2.4034	 0.4517532996800065
2.4023	 0.4517552232700747
2.4012	 0.45185212519586726
2.4001	 0.4517652781341025
2.399	 0.45183916824184783
2.3979	 0.45190453152982807
2.3967	 0.45195282858417013
2.3956	 0.4518945656164932
2.3945	 0.45197079072454127
2.3934	 0.4519153308733252
2.3923	 0.45201764939056377
2.3912	 0.4521306042367886
2.3901	 0.4521436372425919
2.389	 0.4522249598031625
2.3879	 0.4523348018267377
2.3868	 0.45244819542395515
2.3857	 0.4523981886802708
2.3846	 0.45239472388659685
2.3835	 0.45248544103458344
2.3824	 0.45258111465683
2.3813	 0.4526862436256695
2.3802	 0.45279017046876047
2.3791	 0.4528974146432681
2.3781	 0.45274158174501267
2.377	 0.452832159080013
2.3759	 0.45291641141529243
2.3748	 0.45300629267144066
2.3737	 0.45309702197960816
2.3726	 0.4531023639503152
2.3715	 0.45303580510910674
2.3704	 0.45313004385526484
2.3694	 0.4532517639788263
2.3683	 0.45338074900364633
2.3672	 0.45336646530966035
2.3661	 0.4534536181906749
2.365	 0.45354898316622017
2.364	 0.4534945013538448
2.3629	 0.45360508100026653
2.3618	 0.45363973602276225
2.3607	 0.4537390933013195
2.3597	 0.4538304928779079
2.3586	 0.45393874818706265
2.3575	 0.4540675255232539
2.3564	 0.45393608731452945
2.3554	 0.45402843303244644
2.3543	 0.45410333451588636
2.3532	 0.45417287543644314
2.3522	 0.4542498348308488
2.3511	 0.45434345075979005
2.35	 0.4541771913502796
2.349	 0.4542733596307699
2.3479	 0.45438177891626497
2.3468	 0.45449477708569186
2.3458	 0.4545849100875216
2.3447	 0.4546003084717447
2.3436	 0.4547198082462837
2.3426	 0.4546747681647791
2.3415	 0.4547759186056807
2.3405	 0.45487629551602976
2.3394	 0.4548702054818648
2.3384	 0.45494864327318174
2.3373	 0.4550179496032789
2.3363	 0.4551013136078722
2.3352	 0.4549529365343653
2.3342	 0.4550455675117062
2.3331	 0.4551381170950277
2.3321	 0.45521067506869933
2.331	 0.45529453819333976
2.33	 0.45539473015110105
2.3289	 0.4553945205378531
2.3279	 0.4553334084517674
2.3268	 0.45541978201199346
2.3258	 0.45549430276321223
2.3247	 0.4555809149600472
2.3237	 0.4556218460177689
2.3226	 0.4557037603273879
2.3216	 0.45563189206274124
2.3206	 0.4557092072139877
2.3195	 0.4557780394663522
2.3185	 0.45576066895573425
2.3175	 0.4558392847271172
2.3164	 0.4559154546810337
2.3154	 0.455981208398594
2.3144	 0.4559013137261733
2.3133	 0.45589939854267525
2.3123	 0.4559846625188095
2.3113	 0.4560542558438383
2.3102	 0.45611883882206933
2.3092	 0.45618835141853714
2.3082	 0.45600760265348256
2.3071	 0.45610386670877984
2.3061	 0.4562064213497296
2.3051	 0.456315807745464
2.3041	 0.45641896634210655
2.303	 0.45643768344255564
2.302	 0.4563986983485188
2.301	 0.45648227218399173
2.3	 0.4565407387126316
2.299	 0.45659976292994137
2.2979	 0.4565833589452683
2.2969	 0.4566495609915561
2.2959	 0.45671717008764257
2.2949	 0.45663943550315944
2.2939	 0.45670504576304527
2.2929	 0.4566841424854782
2.2918	 0.45675160417515825
2.2908	 0.4568170879745726
2.2898	 0.45686539851019997
2.2888	 0.45678271554969613
2.2878	 0.4567665431780721
2.2868	 0.45682035959978545
2.2858	 0.4568727928217832
2.2848	 0.4569365325386432
2.2838	 0.4569970053139133
2.2828	 0.4569304160202416
2.2818	 0.4568505318072451
2.2808	 0.456925061206108
2.2798	 0.4569972961706397
2.2787	 0.45706079053134596
2.2777	 0.4572082653923377
2.2767	 0.45735844495124983
2.2757	 0.45737070869590046
2.2747	 0.45752499659034246
2.2738	 0.4576795099408794
2.2728	 0.45782608995164964
2.2718	 0.45796594006970315
2.2708	 0.4581271609399799
2.2698	 0.4583017841150305
2.2688	 0.4583323032287603
2.2678	 0.45850167819103255
2.2668	 0.45866826031357466
2.2658	 0.4588119338635102
2.2648	 0.45895204717716526
2.2638	 0.4591012190731062
2.2628	 0.4592471059549211
2.2618	 0.459251305781796
2.2609	 0.45939075862420503
2.2599	 0.4595264559892744
2.2589	 0.45965737492350983
2.2579	 0.45979954863304495
2.2569	 0.4599510812640126
2.2559	 0.45995764407036904
2.255	 0.4600922674062667
2.254	 0.46024891221748765
2.253	 0.4604098093897706
2.252	 0.46055523413616367
2.251	 0.46070187927174366
2.2501	 0.4607135975206122
2.2491	 0.46083901602294
2.2481	 0.4609795348822483
2.2471	 0.46112060752674056
2.2462	 0.46124692061107003
2.2452	 0.46138688747406914
2.2442	 0.4614052953552523
2.2433	 0.4615331785530737
2.2423	 0.4616384651539813
2.2413	 0.4617485468915298
2.2403	 0.46186597378881056
2.2394	 0.4619789261375836
2.2384	 0.46208294395898136
2.2374	 0.46207899947317366
2.2365	 0.4621928610322218
2.2355	 0.4623011353616894
2.2345	 0.46240778303856406
2.2336	 0.46252949879700284
2.2326	 0.46266889134584516
2.2317	 0.46267770168758443
2.2307	 0.46280861474160295
2.2297	 0.4629355214611273
2.2288	 0.4630664292389636
2.2278	 0.46319603437893214
2.2269	 0.4633172319488125
2.2259	 0.4633080756278986
2.225	 0.46343389887365677
2.224	 0.4635561377759774
2.2231	 0.4636788351297214
2.2221	 0.4638221889628332
2.2211	 0.46398571351334894
2.2202	 0.4640105382921772
2.2192	 0.46414381797881205
2.2183	 0.4642706116417676
2.2173	 0.4644110673432213
2.2164	 0.4645431929683066
2.2155	 0.4646593658592193
2.2145	 0.4647701049399798
2.2136	 0.4647755698413394
2.2126	 0.46491510764484945
2.2117	 0.46505351454754096
2.2107	 0.46517821152774863
2.2098	 0.46528412474879816
2.2088	 0.4653764159307997
2.2079	 0.46546618883806146
2.207	 0.4654402195501517
2.206	 0.46557599587781173
2.2051	 0.4657304824822585
2.2041	 0.4658818917362385
2.2032	 0.46601307936881986
2.2023	 0.4660096104393562
2.2013	 0.4661242831182953
2.2004	 0.46626183826247325
2.1995	 0.4664267854769056
2.1985	 0.4665967188353191
2.1976	 0.4667578276364208
2.1967	 0.46692262511196564
2.1957	 0.4669479821221988
2.1948	 0.4670799975810939
2.1939	 0.46719632693529156
2.193	 0.46731846152335565
2.192	 0.4674302676474948
2.1911	 0.467513755030061
2.1902	 0.4674936215295046
2.1893	 0.4676259581742664
2.1883	 0.46773631222493656
2.1874	 0.4678234719355941
2.1865	 0.46791167224023916
2.1856	 0.4680139217950582
2.1846	 0.46801294565189516
2.1837	 0.4681338030791646
2.1828	 0.46825214490195277
2.1819	 0.4683593965581879
2.181	 0.46845170218105253
2.18	 0.46852462258078936
2.1791	 0.46860680700753565
2.1782	 0.46858818681329734
2.1773	 0.46867325882247435
2.1764	 0.4687475986019475
2.1755	 0.4688287671064346
2.1746	 0.4689132919422834
2.1736	 0.46899799892572946
2.1727	 0.46897371359335827
2.1718	 0.46908514144194396
2.1709	 0.4692138777380051
2.17	 0.46930441825158076
2.1691	 0.46933363137658396
2.1682	 0.4693995243451631
2.1673	 0.46940197389107186
2.1664	 0.46951444873550785
2.1655	 0.4696218192718486
2.1646	 0.46971755588297415
2.1637	 0.4697963225129654
2.1628	 0.46984726408628086
2.1619	 0.4698049498356995
2.161	 0.46991682261591344
2.1601	 0.47006192369218075
2.1592	 0.47017251524563475
2.1583	 0.4702295021477206
2.1574	 0.4702643309197475
2.1565	 0.47021669007055256
2.1556	 0.47033437194666877
2.1547	 0.47048245391505694
2.1538	 0.4706311030841989
2.1529	 0.470780225985762
2.152	 0.47092723051398705
2.1511	 0.4710515919279775
2.1502	 0.47107474934919313
2.1493	 0.47121997634287216
2.1484	 0.4713370812920622
2.1475	 0.4714092475781103
2.1466	 0.471511776159963
2.1458	 0.47162611141327143
2.1449	 0.4715805279461757
2.144	 0.4716275045370595
2.1431	 0.47167104153811146
2.1422	 0.47176257454765197
2.1413	 0.4718870238393783
2.1404	 0.4720079298483209
2.1396	 0.4720393576732008
2.1387	 0.4721661056715457
2.1378	 0.47228846647301836
2.1369	 0.47237958597854174
2.136	 0.47243848272831435
2.1352	 0.47242309217374656
2.1343	 0.4725162501918701
2.1334	 0.47260361609277307
2.1325	 0.47272683027569073
2.1316	 0.4728446248843684
2.1308	 0.4729335003743668
2.1299	 0.4730281676136232
2.129	 0.4730435888536451
2.1281	 0.47317783175654493
2.1273	 0.47328675507098905
2.1264	 0.47337783071322803
2.1255	 0.47344370772778266
2.1247	 0.4734385981153401
2.1238	 0.47328906401428955
2.1229	 0.47334520413044706
2.122	 0.4734282430013187
2.1212	 0.47346565117096423
2.1203	 0.4735004977604766
2.1194	 0.4735567089980182
2.1186	 0.47353292525879337
2.1177	 0.4736877652658087
2.1168	 0.47384153964872344
2.116	 0.47398074529618317
2.1151	 0.4740802096140126
2.1143	 0.47413871381758915
2.1134	 0.4740462259241354
2.1125	 0.47402744843264916
2.1117	 0.4740623951999328
2.1108	 0.47416368075442006
2.11	 0.47433008656925085
2.1091	 0.47448319972123915
2.1082	 0.4745055353147431
2.1074	 0.47457359891632495
2.1065	 0.47461249797760663
2.1057	 0.47461188039626584
2.1048	 0.47461352301241305
2.104	 0.47464546884189424
2.1031	 0.4745038626548092
2.1023	 0.47446528600906107
2.1014	 0.4745733730127383
2.1005	 0.47476912727795634
2.0997	 0.4748823825152549
2.0988	 0.47488728063207464
2.098	 0.47472611513498547
2.0971	 0.4747633077438606
2.0963	 0.47491354246893347
2.0955	 0.47492870856677466
2.0946	 0.47484904019390906
2.0938	 0.47477705137471793
2.0929	 0.4746277826383995
2.0921	 0.47468405502268707
2.0912	 0.474772564500736
2.0904	 0.4749294212537344
2.0895	 0.47496038787993006
2.0887	 0.47467912537774737
2.0879	 0.4746788273534375
2.087	 0.47505419030335155
2.0862	 0.4749299348662966
2.0853	 0.47447216294244837
2.0845	 0.4742849303402684
2.0837	 0.4745140293629287
2.0828	 0.47502492067796387
2.082	 0.4756571807279237
2.0812	 0.47711374114171307
2.0803	 0.47838142672637873
2.0795	 0.0
