0.4	 1.0
0.401	 0.5046390491326995
0.402	 0.5046704952281114
0.403	 0.5046266967395099
0.404	 0.5045197072985034
0.405	 0.5044896812002557
0.406	 0.5043795077177016
0.407	 0.5042359431897031
0.408	 0.5041318495027126
0.409	 0.5040940645048306
0.41	 0.5040523187498542
0.411	 0.5040816190237506
0.412	 0.5040871319378356
0.413	 0.5040997868420738
0.414	 0.5041046718976481
0.415	 0.504081574324666
0.416	 0.5040717784917329
0.417	 0.5040473544373867
0.418	 0.5040184677019359
0.419	 0.5039951550971025
0.42	 0.5039512700134112
0.421	 0.5039128732469085
0.422	 0.5038679324023353
0.423	 0.5038347498430017
0.424	 0.5038140951930352
0.425	 0.5038254792772451
0.426	 0.5038475392475484
0.427	 0.503861027877671
0.428	 0.5038667621777403
0.429	 0.5038735055466276
0.43	 0.5038773301843515
0.431	 0.5038572690248153
0.432	 0.5038412678279528
0.433	 0.5038479828221639
0.434	 0.5038484693226839
0.435	 0.5038564821614075
0.436	 0.5038719336872856
0.437	 0.5038763653404598
0.438	 0.503881634982812
0.439	 0.5038733846275322
0.44	 0.5038574584767809
0.441	 0.5038421840237556
0.442	 0.5038322842438944
0.443	 0.5038108343231372
0.444	 0.5037847788427874
0.445	 0.5037539139755225
0.446	 0.503722372863511
0.447	 0.5036945038804211
0.448	 0.5036684636018183
0.449	 0.5036482938839122
0.45	 0.503634857826447
0.451	 0.5036292751231147
0.452	 0.5036217080517178
0.453	 0.503611643268446
0.454	 0.5035990577221366
0.455	 0.503584149961865
0.456	 0.5035638123005461
0.457	 0.5035394185783134
0.458	 0.5035217094035783
0.459	 0.503501921649016
0.46	 0.5034830009413517
0.461	 0.503468147560255
0.462	 0.5034614715248997
0.463	 0.5034631052957831
0.464	 0.5034720706151656
0.465	 0.5034872323364336
0.466	 0.5034986707720942
0.467	 0.5035035144886923
0.468	 0.5035049939370582
0.469	 0.5035095482590822
0.47	 0.5035061699577954
0.471	 0.5034978095747461
0.472	 0.503493763583815
0.473	 0.5034907243256592
0.474	 0.5034911666321824
0.475	 0.5034853061964096
0.476	 0.5034759950053203
0.477	 0.5034602047677568
0.478	 0.5034424824635667
0.479	 0.5034236532415605
0.48	 0.5034064382273107
0.481	 0.50339269562048
0.482	 0.5033761830832166
0.483	 0.5033538441778316
0.484	 0.503326199595829
0.485	 0.5032918656601946
0.486	 0.5032548770205394
0.487	 0.503221619526063
0.488	 0.5031926489963129
0.489	 0.50317182484272
0.49	 0.5031592261231324
0.491	 0.5031500498134516
0.492	 0.503135698977458
0.493	 0.5031171252068902
0.494	 0.5030966183945829
0.495	 0.5030706502493956
0.496	 0.5030470683393877
0.497	 0.5030272924228099
0.498	 0.5030035837043613
0.499	 0.5029824016351637
0.5	 0.5029658472242545
0.501	 0.5029516824783419
0.502	 0.5029331414633167
0.503	 0.5029165280477015
0.504	 0.5029041708438144
0.505	 0.5028933890532272
0.506	 0.5028874086993769
0.507	 0.5028830997808648
0.508	 0.5028729688569508
0.509	 0.50285807322038
0.51	 0.502841324563215
0.511	 0.5028294886785355
0.512	 0.5028163683674007
0.513	 0.5028062774663917
0.514	 0.5027999177773117
0.515	 0.502790654637351
0.516	 0.5027771272948588
0.517	 0.5027696805302473
0.518	 0.5027595784919158
0.519	 0.5027400016403102
0.52	 0.5027187019816228
0.521	 0.5027027344368105
0.522	 0.5026882481864476
0.523	 0.5026708963329912
0.524	 0.5026488577198669
0.525	 0.5026268009167518
0.526	 0.5026096492032907
0.527	 0.5025945898833685
0.528	 0.5025846735995889
0.529	 0.5025793466338692
0.53	 0.5025741954492132
0.531	 0.5025638982324538
0.532	 0.5025540604404469
0.533	 0.5025448289283683
0.534	 0.5025371811869691
0.535	 0.502528097609658
0.536	 0.5025270035240273
0.537	 0.5025295806324143
0.538	 0.5025303343223357
0.539	 0.5025259555501165
0.54	 0.5025161102126474
0.541	 0.5025084222358586
0.542	 0.5024964190805546
0.543	 0.5024833984680926
0.544	 0.5024682550418391
0.545	 0.5024563267163327
0.546	 0.5024437751254159
0.547	 0.5024267299263774
0.548	 0.5024078914924732
0.549	 0.5023905856162795
0.55	 0.5023726733126703
0.551	 0.5023591784089405
0.552	 0.5023447113350884
0.553	 0.5023328149300155
0.554	 0.5023213716195928
0.555	 0.5023078789550852
0.556	 0.5022913225023095
0.557	 0.5022713814596405
0.558	 0.502252761643045
0.559	 0.5022359099141773
0.56	 0.5022221215149032
0.561	 0.5021997132979235
0.562	 0.5021711143405351
0.563	 0.5021398043937243
0.564	 0.5021102141246094
0.565	 0.5020828945503523
0.566	 0.5020568004902427
0.567	 0.5020350183966216
0.568	 0.5020198619910132
0.569	 0.502005474908377
0.57	 0.5019911831542749
0.571	 0.5019789571061225
0.572	 0.5019642708682303
0.573	 0.501952064936139
0.574	 0.50194021183227
0.575	 0.5019282614037812
0.576	 0.5019217636989217
0.577	 0.5019128246217361
0.578	 0.5019030265269339
0.579	 0.5018964554951236
0.58	 0.5018942907128635
0.581	 0.5018944195292496
0.582	 0.5018945498689268
0.583	 0.5018991685403749
0.584	 0.5019018452096434
0.585	 0.5018973862765319
0.586	 0.5018894064162643
0.587	 0.5018789700744853
0.588	 0.5018699172324156
0.589	 0.5018643481807871
0.59	 0.5018579333730032
0.591	 0.5018536426140634
0.592	 0.5018498786866824
0.593	 0.5018497477275188
0.594	 0.5018445878701346
0.595	 0.5018396953860063
0.596	 0.5018340410495749
0.597	 0.5018275945494196
0.598	 0.5018225588139289
0.599	 0.5018160370444428
0.6	 0.5018126461958498
0.601	 0.5017875140020195
0.602	 0.5017513580887275
0.603	 0.5017182493662153
0.604	 0.5016871046277377
0.605	 0.5016667113117239
0.606	 0.5016421978482437
0.607	 0.5016216637573406
0.608	 0.5016006575164949
0.609	 0.5015800530521889
0.61	 0.501546213856783
0.611	 0.5015091164953854
0.612	 0.5014770909908702
0.613	 0.5014535254772721
0.614	 0.5014239568741029
0.615	 0.501399934229402
0.616	 0.501385391844282
0.617	 0.5013650183779712
0.618	 0.5013472753474812
0.619	 0.5013288884726612
0.62	 0.5013260650156698
0.621	 0.5013137813215184
0.622	 0.5012993863753096
0.623	 0.5012807231774989
0.624	 0.5012731237039465
0.625	 0.5012495642167359
0.626	 0.5012236896579858
0.627	 0.5012010013519014
0.628	 0.5011884939780856
0.629	 0.5011661887130805
0.63	 0.5011461319887991
0.631	 0.5011317418650653
0.632	 0.5011271762460598
0.633	 0.5011045805325629
0.634	 0.5010777279294847
0.635	 0.5010500641566259
0.636	 0.5010365893619616
0.637	 0.5010193091881231
0.638	 0.5010025439883532
0.639	 0.5009881693386414
0.64	 0.5009874342349381
0.641	 0.5009770426774218
0.642	 0.5009664893807594
0.643	 0.5009586462456431
0.644	 0.500960612680977
0.645	 0.5009526938319961
0.646	 0.5009420062090033
0.647	 0.5009317586325017
0.648	 0.5009321065098672
0.649	 0.5009177176048959
0.65	 0.5009036768346858
0.651	 0.5008888494366173
0.652	 0.5008876136511813
0.653	 0.5008758805076886
0.654	 0.5008654811083965
0.655	 0.5008558217929653
0.656	 0.5008545033127809
0.657	 0.5008408384336956
0.658	 0.5008246739598957
0.659	 0.5008125341135066
0.66	 0.5008126309557549
0.661	 0.500802232302503
0.662	 0.5007926903833901
0.663	 0.5007828987926709
0.664	 0.5007832289290813
0.665	 0.5007671704577241
0.666	 0.5007497006694934
0.667	 0.5007334679253485
0.668	 0.5007351982588716
0.669	 0.5007106069517957
0.67	 0.500700852872893
0.671	 0.5006892594181447
0.672	 0.5006886682867988
0.673	 0.5006724588554496
0.674	 0.5006604597149916
0.675	 0.500651059706179
0.676	 0.5006575979503656
0.677	 0.5006572064155225
0.678	 0.5006570355829351
0.679	 0.5006524448082093
0.68	 0.500653342783221
0.681	 0.50064229707468
0.682	 0.500637078923383
0.683	 0.5006345590875018
0.684	 0.5006441519974762
0.685	 0.5006466115517338
0.686	 0.500648602873896
0.687	 0.5006529798286234
0.688	 0.5006539021094495
0.689	 0.5006588952376756
0.69	 0.500654880116951
0.691	 0.5006488455335508
0.692	 0.5006452887085233
0.693	 0.5006546062546294
0.694	 0.5006491365452876
0.695	 0.5006462080072872
0.696	 0.5006447591075893
0.697	 0.5006525071851728
0.698	 0.500654203044625
0.699	 0.5006587715835286
0.7	 0.5006607939159035
0.701	 0.5006678065169806
0.702	 0.5006705700877562
0.703	 0.5006754422207655
0.704	 0.5006771253493101
0.705	 0.5006896543569421
0.706	 0.5006892004927441
0.707	 0.500683387633879
0.708	 0.5006779042738938
0.709	 0.5006834846480122
0.71	 0.5006803700679318
0.711	 0.500676987259975
0.712	 0.5006744540036201
0.713	 0.5006794529953884
0.714	 0.500676236196315
0.715	 0.5006754503210555
0.716	 0.5006798479699127
0.717	 0.5006875358260884
0.718	 0.5006831597599066
0.719	 0.5006828334950119
0.72	 0.5006849071179897
0.721	 0.500696163716034
0.722	 0.5006943715096326
0.723	 0.5006932779596643
0.724	 0.5006956024929088
0.725	 0.500710517294596
0.726	 0.5007205032447252
0.727	 0.5007307815454031
0.728	 0.5007374044771816
0.729	 0.5007494341869384
0.73	 0.5007446311984807
0.731	 0.5007432806179827
0.732	 0.50073986514739
0.733	 0.5007467747002174
0.734	 0.500741556973964
0.735	 0.500743182827927
0.736	 0.5007418548390775
0.737	 0.5007418918655939
0.738	 0.5007388582163014
0.739	 0.5007393401271939
0.74	 0.5007517413902
0.741	 0.5007516062274817
0.742	 0.5007522388078609
0.743	 0.5007531143019468
0.744	 0.5007695694036718
0.745	 0.5007734234592087
0.746	 0.5007754816692649
0.747	 0.5007808570623496
0.748	 0.5008021323361407
0.749	 0.5008157491319819
0.75	 0.5008336133849036
0.751	 0.5008471689899083
0.752	 0.5008671298442781
0.753	 0.5008777241482788
0.754	 0.5008852908096791
0.755	 0.5008913552704161
0.756	 0.5009031168269094
0.757	 0.5009089162938335
0.758	 0.5009193220271424
0.759	 0.5009333637598516
0.76	 0.5009520551726527
0.761	 0.5009685122677188
0.762	 0.5009870028480726
0.763	 0.5010199439844746
0.764	 0.501046217624704
0.765	 0.5010672379611321
0.766	 0.5010846224845215
0.767	 0.5010962919166111
0.768	 0.5011175323564724
0.769	 0.5011299974448946
0.77	 0.5011350225207927
0.771	 0.5011484480634458
0.772	 0.5011758212106895
0.773	 0.5012006116950838
0.774	 0.5012266614104635
0.775	 0.5012484215972167
0.776	 0.5012712005323948
0.777	 0.5012903604603464
0.778	 0.5013026144161751
0.779	 0.5013106696210897
0.78	 0.5013180730640304
0.781	 0.5013294909704031
0.782	 0.501336021897986
0.783	 0.5013395918624486
0.784	 0.5013539311091028
0.785	 0.50137587002424
0.786	 0.5014007833052848
0.787	 0.5014269671564655
0.788	 0.5014441546320815
0.789	 0.5014630538950174
0.79	 0.5014809749636173
0.791	 0.501504371732743
0.792	 0.501516065808025
0.793	 0.501530914564188
0.794	 0.5015477505903486
0.795	 0.5015705180007479
0.796	 0.501601683039136
0.797	 0.5016328711582351
0.798	 0.5016600687048431
0.799	 0.5016780259886097
0.8	 0.5016615915005908
0.804	 0.501648816538638
0.808	 0.5016307509826995
0.812	 0.5016377912736324
0.816	 0.501632657700765
0.82	 0.5015980130234088
0.824	 0.5015654173416885
0.828	 0.5015373460992782
0.832	 0.5015042817991993
0.836	 0.5014913458527889
0.84	 0.5014564418279999
0.844	 0.5014164203578437
0.848	 0.5013883912243643
0.852	 0.5013641719641505
0.856	 0.5013298655857695
0.86	 0.5013088545408773
0.864	 0.5012708983138332
0.868	 0.5012276571903971
0.872	 0.5011877035154597
0.876	 0.5011658146692574
0.88	 0.5011149336174275
0.884	 0.5010899673217151
0.888	 0.5010639176069519
0.892	 0.5010243081541487
0.896	 0.5009966987769517
0.9	 0.5009612819087704
0.904	 0.5009200938432885
0.908	 0.50087677938377
0.912	 0.5008552321028081
0.916	 0.5008222383248718
0.92	 0.5007916518130142
0.924	 0.5007723390426218
0.928	 0.5007366034098348
0.932	 0.5007081302337478
0.936	 0.5006837884669206
0.94	 0.5006546543028743
0.944	 0.5006244131746392
0.948	 0.5005841084073521
0.952	 0.5005156650355321
0.956	 0.5004494565559465
0.96	 0.5003960209610399
0.964	 0.5003200972555489
0.968	 0.5002513243307815
0.972	 0.5001926807675309
0.976	 0.5000860552463002
0.98	 0.5000110229481846
0.984	 0.49995138522592025
0.988	 0.49983997687709775
0.992	 0.49973614040658676
0.996	 0.4996465277907554
1.0	 0.49951867340178874
1.004	 0.49952901313587544
1.008	 0.49953330929430506
1.012	 0.49952293945213094
1.016	 0.4995096155528897
1.02	 0.4995064949407103
1.024	 0.49950930835033674
1.028	 0.49951304933741925
1.032	 0.49951248792050273
1.036	 0.4995144064355262
1.04	 0.49952416313613723
1.044	 0.4995148681020352
1.048	 0.4995158752955633
1.052	 0.4995238576352647
1.056	 0.49952233713743227
1.06	 0.49952344038100527
1.064	 0.4995427519525527
1.068	 0.49955961739618565
1.072	 0.4995564505827807
1.076	 0.4995626117146061
1.08	 0.49957940016130487
1.084	 0.4995717844770939
1.088	 0.49956400702198384
1.092	 0.49956605750244726
1.096	 0.4995549990414795
1.1	 0.4995386568610556
1.104	 0.4995292924214829
1.108	 0.4995217836695336
1.112	 0.49950281140881947
1.116	 0.49948902520915905
1.12	 0.4994762290565222
1.124	 0.499438100191926
1.128	 0.49940987039715834
1.132	 0.4993720162307807
1.136	 0.4993577934868954
1.14	 0.49934015777460455
1.144	 0.4993135719068607
1.148	 0.4992984814892931
1.152	 0.49929133707186063
1.156	 0.49927528083308625
1.16	 0.49928013609509153
1.164	 0.49928513294897364
1.168	 0.4992751353813841
1.172	 0.49925975546191664
1.176	 0.49925311461578625
1.18	 0.4992331699388784
1.184	 0.4992296825531312
1.188	 0.4992305404545517
1.192	 0.49923655146058166
1.196	 0.49923043932403177
1.2	 0.4992330134529613
1.204	 0.4992303701141474
1.208	 0.4992052496761328
1.212	 0.4992052276819459
1.216	 0.49921211083377887
1.22	 0.4992120672207856
1.224	 0.4992180634268198
1.228	 0.4992258307830441
1.232	 0.4992283923918799
1.236	 0.49923527030253545
1.24	 0.499238709543468
1.244	 0.4992421620873418
1.248	 0.49924036614697803
1.252	 0.4992282134699247
1.256	 0.49922646962119516
1.26	 0.4992264294614427
1.264	 0.49921859180378086
1.268	 0.4992142664294467
1.272	 0.49921597540966595
1.276	 0.49921158170038726
1.28	 0.4991942449529963
1.284	 0.4991898993605745
1.288	 0.4991915799678018
1.292	 0.499190687802843
1.296	 0.49920364247009347
1.3	 0.4992200498267836
1.304	 0.49923645883110684
1.308	 0.4992511457902274
1.312	 0.4992649516114789
1.316	 0.49928049580852013
1.32	 0.49929432219430303
1.324	 0.49931246839432797
1.328	 0.49936703325975645
1.332	 0.4993962374950248
1.336	 0.49940350172381026
1.34	 0.49941767306306506
1.344	 0.49943990148007916
1.348	 0.4994419661010141
1.352	 0.4994508276269169
1.356	 0.49946945091396344
1.36	 0.4994757753319618
1.364	 0.49947851994440184
1.368	 0.49950580437605385
1.372	 0.49952891450577264
1.376	 0.4995283421102269
1.38	 0.4995449647058066
1.384	 0.49955579633782066
1.388	 0.4995546610533573
1.392	 0.4995484265039949
1.396	 0.49955881743758396
1.4	 0.4995769067612455
1.404	 0.49957944731151416
1.408	 0.4995905720298695
1.412	 0.4996041627046081
1.416	 0.4996102069485667
1.42	 0.49962154386326446
1.424	 0.4996318628701222
1.428	 0.49963761205416746
1.432	 0.49963240393952
1.436	 0.4996332575572352
1.44	 0.49963063925420337
1.444	 0.4996184834369786
1.448	 0.4996132755732365
1.452	 0.4996314647584922
1.456	 0.49963577583216545
1.46	 0.49963663610016
1.464	 0.4996522387671387
1.468	 0.4996539468274989
1.472	 0.49964092547555683
1.476	 0.49964959634192446
1.48	 0.49967386703489614
1.484	 0.4996859961209244
1.488	 0.49969640192914877
1.492	 0.49971287549552823
1.496	 0.4997163374040795
1.5	 0.49971025858120394
1.504	 0.49971372555823507
1.508	 0.4997102485269521
1.512	 0.49970850944221196
1.516	 0.49971370767645135
1.52	 0.49971630491929
1.524	 0.4997154338939053
1.528	 0.4997241096898229
1.532	 0.49972497488335277
1.536	 0.49972844240462944
1.54	 0.4997353749086826
1.544	 0.49972842732524336
1.548	 0.4997353629692101
1.552	 0.49974576344720467
1.556	 0.49973708004394135
1.56	 0.4997362072855382
1.564	 0.49974054012776875
1.568	 0.4997353253068925
1.572	 0.49971622909250585
1.576	 0.49970692995964316
1.58	 0.49968854403502044
1.584	 0.49969238353536494
1.588	 0.4996934849177716
1.592	 0.499687554936515
1.596	 0.49968668639123487
1.6	 0.499679820878258
1.604	 0.4996807392478994
1.608	 0.4996782495642498
1.612	 0.49967935045639805
1.616	 0.4996672054498933
1.62	 0.4996445521729444
1.624	 0.49963245476840673
1.628	 0.4996299706613013
1.632	 0.4996297804899881
1.636	 0.4996136685286607
1.64	 0.49960461044914345
1.644	 0.4996078709638683
1.648	 0.49960571528691466
1.652	 0.4995851826181946
1.656	 0.4995779909248462
1.66	 0.4995723421095789
1.664	 0.49953498606305496
1.668	 0.499511975948541
1.672	 0.4995213282576176
1.676	 0.49949086157342903
1.68	 0.4994639043403766
1.684	 0.49943520105104755
1.688	 0.4994090902771021
1.692	 0.4993734237827825
1.696	 0.4993464529428739
1.7	 0.4993220716100975
1.704	 0.49929419536533237
1.708	 0.49927852436501463
1.712	 0.49926631408016325
1.716	 0.49923495823567476
1.72	 0.4992062125820089
1.724	 0.49918965541226723
1.728	 0.4991582901464299
1.732	 0.4991112672528941
1.736	 0.49909035251883654
1.74	 0.49906595375340496
1.744	 0.49904502473542495
1.748	 0.4990284303714233
1.752	 0.49901099302563073
1.756	 0.4989900501234383
1.76	 0.4989664712125694
1.764	 0.4989437820606516
1.768	 0.49892196937662164
1.772	 0.4989140762861409
1.776	 0.4989192481726418
1.78	 0.4989252626797248
1.784	 0.49892434564359983
1.788	 0.4989260226283725
1.792	 0.49892946292112134
1.796	 0.4989145742989995
1.8	 0.49890933653191644
1.804	 0.49891626610585244
1.808	 0.4989066623954539
1.812	 0.49890662432447486
1.816	 0.4989205338830485
1.82	 0.49893792613537435
1.824	 0.49896140030748815
1.828	 0.4989841808099525
1.832	 0.4989930466506901
1.836	 0.49902133350457345
1.84	 0.499050408149297
1.844	 0.49907063012073855
1.848	 0.4991006071861018
1.852	 0.49913157525968066
1.856	 0.49914921132433515
1.86	 0.499190544927884
1.864	 0.49924706596700136
1.868	 0.4992788093640549
1.872	 0.49930773852543947
1.876	 0.499327019052137
1.88	 0.4993699539624941
1.884	 0.4994183283613707
1.888	 0.4994737405565824
1.892	 0.4995344116992007
1.896	 0.4995968235826107
1.9	 0.4996576287650839
1.904	 0.49972545018332754
1.908	 0.49979578809888364
1.912	 0.49984788204176417
1.916	 0.4999105636628745
1.92	 0.4999933541768147
1.924	 0.5000726576542271
1.928	 0.5001388756417668
1.932	 0.5002332128500956
1.936	 0.5003202889881885
1.94	 0.5003891007170178
1.944	 0.500453420100812
1.948	 0.5005239472848594
1.952	 0.5005838068884844
1.956	 0.5006366920733587
1.96	 0.5007133838338982
1.964	 0.5007828545700955
1.968	 0.5008329214822689
1.972	 0.5008741671785665
1.976	 0.5009128710429362
1.98	 0.5009393222917299
1.984	 0.5009612396182499
1.988	 0.5009876470488133
1.992	 0.5009998288586036
1.996	 0.501013883708601
2.0	 0.5010346907150433
2.004	 0.5010390241288678
2.008	 0.5010371806311035
2.012	 0.5010387701143781
2.016	 0.5010288768522573
2.02	 0.5010058675399194
2.024	 0.5009828852096548
2.028	 0.5009625618884345
2.032	 0.5009466572760898
2.036	 0.5009262597180145
2.04	 0.5008988523713661
2.044	 0.5008724331180815
2.048	 0.500844224511969
2.052	 0.5007968342602155
2.056	 0.5007776916578852
2.06	 0.50074984715659
2.064	 0.5007097831634207
2.068	 0.5006688660282247
2.072	 0.5006296954991142
2.076	 0.5005860036887536
2.08	 0.5005430587732076
2.084	 0.5004877149097138
2.088	 0.5004305517625177
2.092	 0.5003716092918462
2.096	 0.5003222414424358
2.1	 0.5002535934748179
2.104	 0.5001779257589218
2.108	 0.5001223765689662
2.112	 0.5000606983455745
2.116	 0.49999278399101044
2.12	 0.4999291416996459
2.124	 0.49986463615809373
2.128	 0.4997957998421203
2.132	 0.49971800633499575
2.136	 0.49964921891774355
2.14	 0.4995891176259264
2.144	 0.49953699523713235
2.148	 0.4994891234347278
2.152	 0.4994493077293136
2.156	 0.4993972965205198
2.16	 0.49934501026843864
2.164	 0.4993138936047751
2.168	 0.4992891106614362
2.172	 0.4992731504743853
2.176	 0.4992606012743982
2.18	 0.4992472274306468
2.184	 0.499240135424335
2.188	 0.4992398789914343
2.192	 0.4992486225812654
2.196	 0.49924677416829033
2.2	 0.4992617224662394
2.204	 0.49927743558289484
2.208	 0.49929583788899584
2.212	 0.4993264971656423
2.216	 0.49938082812658
2.22	 0.49941776868080173
2.224	 0.49944596919598666
2.228	 0.4994880564979968
2.232	 0.4995196288889058
2.236	 0.49955308743561233
2.24	 0.4995926741641511
2.244	 0.4996286476970742
2.248	 0.4996620585789985
2.252	 0.4996981656760632
2.256	 0.49972980332686157
2.26	 0.4997756689666456
2.264	 0.4998036243547841
2.268	 0.4998343005378832
2.272	 0.49988347882412715
2.276	 0.4999175279184419
2.28	 0.4999437325820026
2.284	 0.4999964133397907
2.288	 0.5000472669040262
2.292	 0.5000963823862149
2.296	 0.500143724665731
2.3	 0.500199244437252
2.304	 0.5002616068438184
2.308	 0.5003014639582889
2.312	 0.500331306614413
2.316	 0.5003564042668628
2.32	 0.5003689934138157
2.324	 0.5003802048525231
2.328	 0.5003890063592693
2.332	 0.5004026249455376
2.336	 0.5004188733771046
2.34	 0.5004389452604575
2.344	 0.500441651509682
2.348	 0.500439461890805
2.352	 0.500436569924177
2.356	 0.500440481843703
2.36	 0.5004490127937551
2.364	 0.500450238250861
2.368	 0.5004549518517206
2.372	 0.5004536122686012
2.376	 0.5004465971131195
2.38	 0.5004443195873837
2.384	 0.5004399125350726
2.388	 0.5004383056228989
2.392	 0.500433042252413
2.396	 0.5004363558048983
2.4	 0.5004291890329579
2.404	 0.5004318589288883
2.408	 0.5004283968646754
2.412	 0.5004118166368223
2.416	 0.5003695402653809
2.42	 0.5003364154735451
2.424	 0.5003295951728394
2.428	 0.5003139110767092
2.432	 0.5002911961691526
2.436	 0.5002813123733496
2.44	 0.5002613656339873
2.444	 0.5002454017627157
2.448	 0.5002362155919426
2.452	 0.5002229947709428
2.456	 0.5001839460536833
2.46	 0.5001991136026992
2.464	 0.5002494155155978
2.468	 0.5002541722073841
2.472	 0.500320333643906
2.476	 0.500490968747422
2.48	 0.5005507653065749
2.484	 0.5006135992026756
2.488	 0.5007097622148835
2.492	 0.5008130989127071
2.496	 0.5007303074026935
2.5	 0.0
