2.501	 1.0
2.503	 0.5105453615669024
2.504	 0.5093263191257814
2.505	 0.5079515716552503
2.506	 0.5073004777034256
2.507	 0.5071268649689546
2.509	 0.5064274601422
2.51	 0.5054766407975382
2.511	 0.505128812865051
2.512	 0.5055856820140759
2.514	 0.5048538866535279
2.515	 0.5044674092468098
2.516	 0.5046285878914141
2.517	 0.5040533573880356
2.518	 0.5040670856892713
2.52	 0.5027475286273855
2.521	 0.5027314571821343
2.522	 0.5019415863349628
2.523	 0.5003379912392995
2.525	 0.5001715436531065
2.526	 0.49920520939237406
2.527	 0.4982898487239918
2.528	 0.4982531941689824
2.53	 0.4964348690538239
2.531	 0.495378402945402
2.532	 0.4951657619564594
2.533	 0.4940982204108098
2.534	 0.4939030076783792
2.536	 0.49172353270970715
2.537	 0.49048877344304614
2.538	 0.49027165908066483
2.539	 0.487955434524147
2.541	 0.4876877984646251
2.542	 0.4863773421709729
2.543	 0.48505869871522517
2.544	 0.48482966378703934
2.546	 0.48231791394688395
2.547	 0.480744298283413
2.548	 0.48032210184880125
2.549	 0.4787980283805906
2.551	 0.47615790379729006
2.552	 0.4745694897730943
2.553	 0.4741508029541936
2.554	 0.47371137481266284
2.556	 0.4708782605527555
2.557	 0.4703776301227989
2.558	 0.4686832258115047
2.559	 0.4669860129163174
2.561	 0.4652389849484319
2.562	 0.46345597152395196
2.563	 0.4616599588517098
2.565	 0.45981693894138276
2.566	 0.4592074983659747
2.567	 0.456010422095739
2.568	 0.4552929762785472
2.57	 0.45338077580241054
2.571	 0.45151328347324055
2.572	 0.4495721210530236
2.573	 0.44884420307220413
2.575	 0.4455358507008654
2.576	 0.44355244710318875
2.577	 0.44282337895230833
2.579	 0.4394226533963574
2.58	 0.4372763706893702
2.581	 0.4364598499867782
2.582	 0.43564950853337064
2.584	 0.432193804677443
2.585	 0.4312875779852534
2.586	 0.42901696355089775
2.588	 0.42538379778502067
2.589	 0.4244224789999407
2.59	 0.42217304633358854
2.591	 0.4199470069096848
2.593	 0.4176797006316189
2.594	 0.41665301675043326
2.595	 0.41297757671149693
2.597	 0.4119341676676383
2.598	 0.40957420622018087
2.599	 0.4072130577258772
2.601	 0.4048253503997523
2.602	 0.4024102661841681
2.603	 0.39998174154191424
2.604	 0.39751931350469943
2.606	 0.3963260659613144
2.607	 0.3938458565323354
2.608	 0.3914067330780596
2.61	 0.3889727041837437
2.611	 0.3864831462275729
2.612	 0.38393453127476457
2.614	 0.3826555382531432
2.615	 0.3787665693665656
2.616	 0.3773991648011475
2.618	 0.37475564234106684
2.619	 0.3720884835608626
2.62	 0.369410971615743
2.622	 0.3667143345913611
2.623	 0.3640158696429262
2.624	 0.3613291869585404
2.626	 0.35993218813402655
2.627	 0.357252239152574
2.628	 0.35453896079080316
2.63	 0.35180781539467354
2.631	 0.35030770866010336
2.632	 0.3463711418543779
2.634	 0.34476947424225524
2.635	 0.3420104754988471
2.636	 0.3392185110851777
2.638	 0.33637110868132497
2.639	 0.3335163162444393
2.64	 0.33062713662572396
2.642	 0.32771032487171503
2.643	 0.3259824574625328
2.644	 0.32189599221697107
2.646	 0.3200633166484661
2.647	 0.3170322677704101
2.648	 0.3140448634252305
2.65	 0.3110981800438161
2.651	 0.30924377842626366
2.652	 0.3051889395356545
2.654	 0.3032952724452709
2.655	 0.3002966026684999
2.657	 0.297269159943239
2.658	 0.29419578076999237
2.659	 0.29217940896740463
2.661	 0.2880945315969979
2.662	 0.28605830930589415
2.663	 0.2829474405033241
2.665	 0.2797875812642675
2.666	 0.27661698488873065
2.667	 0.2734084313199546
2.669	 0.27016345095335087
2.67	 0.267899654814727
2.672	 0.26387741354463523
2.673	 0.26170512921194533
2.674	 0.2585626795750212
2.676	 0.25463008959754435
2.677	 0.25233413256059356
2.678	 0.2500158091643005
2.68	 0.24611751901038106
2.681	 0.24305091983856597
2.683	 0.23991131464512833
2.684	 0.23670356501683928
2.685	 0.23430740297102898
2.687	 0.2311812429846196
2.688	 0.22802363325916597
2.69	 0.22472275592524568
2.691	 0.2214854949922031
2.692	 0.21836899853778288
2.694	 0.21596941257776084
2.695	 0.21286263979082196
2.697	 0.209105676278052
2.698	 0.20667382843378265
2.699	 0.20421626615453908
2.701	 0.20057091739322008
2.702	 0.19826561976173485
2.704	 0.1947685714052384
2.705	 0.1919451753889585
2.706	 0.1897084651083404
2.708	 0.18626537742657454
2.709	 0.18409990658696507
2.711	 0.1814044903345618
2.712	 0.17876686931322405
2.713	 0.17626479877003004
2.715	 0.1742837125863464
2.716	 0.1717167065259844
2.718	 0.16991631436716856
2.719	 0.16787801640070285
2.721	 0.16551854847830122
2.722	 0.16400360581878184
2.723	 0.16258390777342394
2.725	 0.16069927833662612
2.726	 0.15943676501605236
2.728	 0.15776780584969077
2.729	 0.15664486346467715
2.731	 0.15531291374877984
2.732	 0.15406420015993394
2.734	 0.15292487158778337
2.735	 0.15215799457173024
2.736	 0.15091157605837183
2.738	 0.15026886586115307
2.739	 0.1493229317273963
2.741	 0.14834652680969632
2.742	 0.1479824005822241
2.744	 0.1474444708718441
2.745	 0.14675004860067314
2.747	 0.1462895085102759
2.748	 0.14601843423112376
2.749	 0.14577232387817296
2.751	 0.1451918636225394
2.752	 0.1449678946700286
2.754	 0.14523615142455532
2.755	 0.14509309024391534
2.757	 0.1449034025097332
2.758	 0.14494932368402202
2.76	 0.14491224351092333
2.761	 0.14490081487206613
2.763	 0.14496197040513942
2.764	 0.1451083637126514
2.766	 0.1453214355325145
2.767	 0.14540783251749706
2.769	 0.1463754141363373
2.77	 0.14665579668522424
2.772	 0.1473668639700015
2.773	 0.14777435119316948
2.774	 0.14801188679584337
2.776	 0.14822804920971583
2.777	 0.1488390689658873
2.779	 0.14923833252758054
2.78	 0.14982614271744324
2.782	 0.15113097460600894
2.783	 0.1512462286876914
2.785	 0.15183753067260713
2.786	 0.152701695804992
2.788	 0.1533194058205042
2.789	 0.154969797639996
2.791	 0.1558093295413489
2.792	 0.15663883658867658
2.794	 0.15767802127723882
2.795	 0.15788049902631998
2.797	 0.15882236602803482
2.798	 0.15986496700681369
2.8	 0.1605544510773741
2.801	 0.16128405925743847
2.803	 0.16235459600488591
2.804	 0.16324444423624446
2.806	 0.1651811761696428
2.808	 0.1662710032468671
2.809	 0.16705992699270952
2.811	 0.16804533695322135
2.812	 0.16918408320923967
2.814	 0.1709273738887519
2.815	 0.17154219591668382
2.817	 0.17385562718305989
2.818	 0.17523969892986158
2.82	 0.17673528274508907
2.821	 0.17819091141924503
2.823	 0.17941046796170262
2.824	 0.18096975979420984
2.826	 0.18320607742336298
2.827	 0.18488160252561894
2.829	 0.18666051798600125
2.831	 0.18929750813346277
2.832	 0.18979544163422374
2.834	 0.19335045115364988
2.835	 0.1951632574952225
2.837	 0.19738808858961607
2.838	 0.1998073491919676
2.84	 0.2018952739703114
2.841	 0.20410237480940915
2.843	 0.2074698972769072
2.844	 0.20795715516518776
2.846	 0.21125896063743868
2.848	 0.2139524750843976
2.849	 0.21784481720556914
2.851	 0.22388724770982008
2.852	 0.22476458801718194
2.854	 0.23070167114640405
2.855	 0.2332502472305812
2.857	 0.23613500196938395
2.859	 0.24068292586811196
2.86	 0.24117646542706467
2.862	 0.24542591677133893
2.863	 0.2484551541206715
2.865	 0.25163393167509157
2.866	 0.2548727793052814
2.868	 0.25877877073543704
2.87	 0.2650045104200817
2.871	 0.2658325251484344
2.873	 0.2715798138639434
2.874	 0.27513042737789706
2.876	 0.2757723533674078
2.878	 0.28465186343538335
2.879	 0.28551532012787934
2.881	 0.2893035839652182
2.882	 0.2931258972034568
2.884	 0.29720545152095684
2.886	 0.3041352358373602
2.887	 0.3079268305738918
2.889	 0.31233942444574075
2.89	 0.3168609161302541
2.892	 0.3211480165712615
2.894	 0.32970253339035055
2.895	 0.3343884482690892
2.897	 0.33582465101839704
2.899	 0.34756472210797484
2.9	 0.34859852926199614
2.902	 0.3574624638369852
2.903	 0.358408028027504
2.905	 0.3631349051178091
2.907	 0.3714366949146006
2.908	 0.3726013019707285
2.91	 0.38145111576998114
2.912	 0.3864856982029043
2.913	 0.39127746397220536
2.915	 0.4004863116968112
2.916	 0.4009834611576136
2.918	 0.40855080692220486
2.92	 0.41286100545835563
2.921	 0.41382163636773306
2.923	 0.42482947162919243
2.925	 0.425774938161343
2.926	 0.4328585492476218
2.928	 0.4332914460262332
2.93	 0.4406680814454083
2.931	 0.4443729484923695
2.933	 0.44781035952050413
2.935	 0.45443704740425617
2.936	 0.4553218032703199
2.938	 0.4614140395442894
2.94	 0.46430903052683214
2.941	 0.46527710783751614
2.943	 0.469278063252535
2.945	 0.47169361400796617
2.946	 0.47354563194090227
2.948	 0.4752347954875335
2.95	 0.4785895624626208
2.951	 0.48123372425779926
2.953	 0.48293839601650507
2.955	 0.48585402157651436
2.956	 0.4864517328734745
2.958	 0.49065911727742556
2.96	 0.49246306540025203
2.961	 0.4940161075565309
2.963	 0.49830333782294967
2.965	 0.5010347575934622
2.967	 0.5046675743325773
2.968	 0.5037047961621357
2.97	 0.503369716180077
2.972	 0.5040644996181595
2.973	 0.504202747413443
2.975	 0.505403559231789
2.977	 0.5073489404546181
2.978	 0.5084575230108717
2.98	 0.510746331092001
2.982	 0.5127247141402569
2.984	 0.5155277117334399
2.985	 0.5168427989606429
2.987	 0.5203815523474814
2.989	 0.5199834264260568
2.99	 0.5203695012597149
2.992	 0.5224392161536753
2.994	 0.5247369572268837
2.996	 0.5271436084865084
2.997	 0.5284805275629679
2.999	 0.5308268993926712
3.001	 0.532649646962333
3.003	 0.5353478804661637
3.004	 0.5357949006822904
3.006	 0.5361341448678688
3.008	 0.5384236823849071
3.01	 0.5403638990439589
3.011	 0.5416250534035304
3.013	 0.5428497972736369
3.015	 0.5442265115036009
3.017	 0.544198269893576
3.018	 0.5448818911551455
3.02	 0.54583093258397
3.022	 0.5470655741115464
3.024	 0.5490904751375626
3.025	 0.5498119202490546
3.027	 0.5512807691052353
3.029	 0.5517540386375809
3.031	 0.5525398192386765
3.032	 0.5530736016397308
3.034	 0.5524965663600772
3.036	 0.5523163023110221
3.038	 0.5518955642679293
3.04	 0.5514677960244515
3.041	 0.5518372288285804
3.043	 0.5532652891223416
3.045	 0.5547615742526671
3.047	 0.5553004310403874
3.048	 0.5529483381257498
3.05	 0.5481326658466553
3.052	 0.5431603622749257
3.054	 0.5412665867323599
3.056	 0.5423335291210918
3.057	 0.5424065524707661
3.059	 0.543736720417183
3.061	 0.5452556919020392
3.063	 0.5470146999344834
3.065	 0.5473942592714136
3.067	 0.547484184073811
3.068	 0.5464074114743296
3.07	 0.5458573801092371
3.072	 0.5473484910605722
3.074	 0.5473449072430517
3.076	 0.5488335699979402
3.077	 0.5484725071410729
3.079	 0.5489506972611775
3.081	 0.5494741081353065
3.083	 0.5499764821073961
3.085	 0.5502743622778863
3.087	 0.5509675029822454
3.088	 0.5517234485215592
3.09	 0.5517584772108606
3.092	 0.5528291804822224
3.094	 0.5525083873822051
3.096	 0.5519986437631174
3.098	 0.5522511639188691
3.1	 0.5525576107786175
3.101	 0.5525157958270599
3.103	 0.5531617698947885
3.105	 0.5537131118971776
3.107	 0.5553699493549977
3.109	 0.5555778430192692
3.111	 0.5565786525339821
3.113	 0.5561063757304939
3.114	 0.5560225381910521
3.116	 0.5565705542591319
3.118	 0.5573215707101423
3.12	 0.5581689081928689
3.122	 0.5582487553310367
3.124	 0.5588316573623464
3.126	 0.5586684433437143
3.128	 0.5590937987463145
3.129	 0.5587004582086639
3.131	 0.558709493867722
3.133	 0.5585743650881667
3.135	 0.5588096778222975
3.137	 0.5582459886248594
3.139	 0.5587527380073051
3.141	 0.5594307304144162
3.143	 0.5607064223383736
3.145	 0.5620873446783878
3.147	 0.5639136075699176
3.148	 0.5656792077106457
3.15	 0.5672125666119413
3.152	 0.5676402741454611
3.154	 0.5683431883750568
3.156	 0.5683824541603864
3.158	 0.5684967450822342
3.16	 0.5668602331655187
3.162	 0.5651162033455149
3.164	 0.5635430017993104
3.166	 0.5617743083086236
3.168	 0.5622973223039277
3.17	 0.5633763228108007
3.172	 0.5653793716605925
3.173	 0.5667684712600644
3.175	 0.5683745940821381
3.177	 0.5680822532755258
3.179	 0.567383994803632
3.181	 0.565926067410488
3.183	 0.5643000868514244
3.185	 0.5604300694790783
3.187	 0.5589341689080777
3.189	 0.5578802182348968
3.191	 0.5575197094961267
3.193	 0.5563921966376709
3.195	 0.5547679809023428
3.197	 0.5523069637489285
3.199	 0.5517876613153314
3.201	 0.5495191632224302
3.203	 0.5492832691723344
3.205	 0.5476046923846586
3.207	 0.5466847816107444
3.209	 0.5445367984016216
3.211	 0.544032020713338
3.213	 0.5427622767513927
3.215	 0.5427482557407121
3.217	 0.5420627092665219
3.219	 0.5413089339478101
3.221	 0.5406610228827917
3.223	 0.5395694084806701
3.225	 0.5370957922813593
3.227	 0.5367186149634168
3.229	 0.5354365430917372
3.231	 0.5352128694297599
3.233	 0.534257385022848
3.235	 0.5339501388007061
3.237	 0.5332337316237151
3.239	 0.5334966244564406
3.241	 0.5321334459526136
3.243	 0.5320420519421457
3.245	 0.5295863267647207
3.247	 0.5296780551649947
3.249	 0.5313382573159662
3.251	 0.5336500335265627
3.253	 0.535580335415835
3.255	 0.534667893767163
3.257	 0.5336363156997537
3.259	 0.5329838314227625
3.261	 0.5308088496732339
3.263	 0.5303961413111461
3.265	 0.5288333018179787
3.267	 0.5278868274757474
3.27	 0.5271161684963684
3.272	 0.5256911982887017
3.274	 0.5239260859810493
3.276	 0.5228820237811873
3.278	 0.5217547600994873
3.28	 0.5206449440696282
3.282	 0.5194541601353986
3.284	 0.5183645270009436
3.286	 0.5175210087227341
3.288	 0.5166282585509112
3.29	 0.5149110315506111
3.292	 0.513814318685702
3.294	 0.5124960265100642
3.297	 0.511593921909764
3.299	 0.5104818148277792
3.301	 0.5091198584614565
3.303	 0.5082338668347568
3.305	 0.5063483724196868
3.307	 0.5053921764946341
3.309	 0.5030985700345765
3.311	 0.5020183581905885
3.313	 0.5010547716630463
3.316	 0.5004717179083854
3.318	 0.4997787101978687
3.32	 0.49913377098155204
3.322	 0.49798400903456064
3.324	 0.4978304933080508
3.326	 0.4974603511772209
3.328	 0.4967741158464875
3.33	 0.4971016234212601
3.333	 0.4964824010876734
3.335	 0.4954638101647156
3.337	 0.49640387283376936
3.339	 0.49486067343559836
3.341	 0.49447077430312825
3.343	 0.49420169731435604
3.345	 0.49375881190079957
3.348	 0.49341813974087784
3.35	 0.49185844878152307
3.352	 0.4912283726908862
3.354	 0.49192190159919696
3.356	 0.4920022322648369
3.358	 0.4921624345974144
3.361	 0.49488320370387057
3.363	 0.49529918083355035
3.365	 0.4968421913284
3.367	 0.4987305951199483
3.369	 0.49975730006503355
3.372	 0.5002420435337144
3.374	 0.49958424647053745
3.376	 0.4991060494692456
3.378	 0.5005521012820457
3.38	 0.5029712329241536
3.383	 0.5053127729787439
3.385	 0.5073455889309195
3.387	 0.5102651481361179
3.389	 0.5112947131002877
3.391	 0.512920170872651
3.394	 0.5163341437808538
3.396	 0.5173857923558279
3.398	 0.5193463142038187
3.4	 0.5215307699511434
3.403	 0.5240850214830555
3.405	 0.5265062567465204
3.407	 0.5287617709082066
3.409	 0.5301334000468573
3.411	 0.5319561458152469
3.414	 0.5344627468799661
3.416	 0.535275505923382
3.418	 0.5370964976478153
3.42	 0.5387482871209474
3.423	 0.5405995548214475
3.425	 0.5427280941040281
3.427	 0.544960551842657
3.43	 0.5467584227451155
3.432	 0.5486816555108289
3.434	 0.5508642235078347
3.436	 0.55226799708725
3.439	 0.554867914036167
3.441	 0.5561191306571408
3.443	 0.5576938365883098
3.445	 0.5595672469722526
3.448	 0.5612388743061268
3.45	 0.5630663511207555
3.452	 0.5638877747582756
3.455	 0.5659784259430948
3.457	 0.5666311757489649
3.459	 0.5690282803065868
3.462	 0.570172990624239
3.464	 0.5710059695623881
3.466	 0.5728574569966708
3.469	 0.5749682377295005
3.471	 0.5772607222216402
3.473	 0.5794036137925038
3.476	 0.5816684143768642
3.478	 0.583489844269892
3.48	 0.5848050192979403
3.483	 0.5871836735611157
3.485	 0.5882567855176838
3.487	 0.5897263816295293
3.49	 0.5917045604797726
3.492	 0.5935640998075601
3.494	 0.5953272491626732
3.497	 0.5966847735865565
3.499	 0.5988475412112191
3.501	 0.5998834955382991
3.504	 0.6020289076201983
3.506	 0.6037934667333634
3.508	 0.6057638708314117
3.511	 0.6083355048803016
3.513	 0.6097045151280956
3.516	 0.6111391782738729
3.518	 0.6118586153146597
3.52	 0.6128410419624316
3.523	 0.614347662305243
3.525	 0.6148061414851299
3.528	 0.6160019421410322
3.53	 0.6165172117185098
3.532	 0.6173488326479135
3.535	 0.6183272031457522
3.537	 0.618205248107436
3.54	 0.6188917239336653
3.542	 0.6191472560616808
3.544	 0.6190323241352367
3.547	 0.6192167015782347
3.549	 0.6188290700949821
3.552	 0.619816399851323
3.554	 0.619450268804302
3.557	 0.6193706947493602
3.559	 0.619291222695615
3.561	 0.6188854856063736
3.564	 0.6187340856757755
3.566	 0.617689216310027
3.569	 0.6170079954264999
3.571	 0.6167754388519159
3.574	 0.6157525479446377
3.576	 0.6146287939856536
3.579	 0.6141814826828
3.581	 0.6130640298848133
3.584	 0.6123040018654134
3.586	 0.6114901711776263
3.589	 0.6099954269288562
3.591	 0.6088626149966637
3.594	 0.6080201712048047
3.596	 0.6065206810069538
3.599	 0.6056300523451894
3.601	 0.6039635904982853
3.604	 0.6030617617331665
3.606	 0.6015528591697789
3.609	 0.5995956365018973
3.611	 0.5986608611953999
3.614	 0.5986251815366509
3.616	 0.5971615809287402
3.619	 0.5962297175119314
3.621	 0.5949869669538912
3.624	 0.5943906525063051
3.626	 0.5929458300753462
3.629	 0.591984625088242
3.631	 0.5910504971082003
3.634	 0.5900126670644553
3.636	 0.5879187836366627
3.639	 0.5878878500629391
3.641	 0.5857161436484134
3.644	 0.5852922253143303
3.647	 0.5839336518237023
3.649	 0.5828629533905517
3.652	 0.5818213190055046
3.654	 0.5814495524422085
3.657	 0.5802104343053788
3.659	 0.580308043918582
3.662	 0.5798152418112065
3.665	 0.5784887308782809
3.667	 0.5771622313879369
3.67	 0.5761753361795887
3.672	 0.5752838545448881
3.675	 0.5745534816523804
3.678	 0.5738617953512208
3.68	 0.572317781914041
3.683	 0.5724798431685763
3.685	 0.5710336504657268
3.688	 0.5704388322398621
3.691	 0.569798111040753
3.693	 0.569172096236452
3.696	 0.5684713247660355
3.699	 0.5673310346948905
3.701	 0.5655262531194729
3.704	 0.5648542989425737
3.707	 0.5640910820171872
3.709	 0.563260061712172
3.712	 0.5624366360486192
3.715	 0.5617584465675449
3.717	 0.5612546591616894
3.72	 0.5599231418680342
3.723	 0.5602680939981123
3.725	 0.5591530298021264
3.728	 0.5586490389095919
3.731	 0.5578259629162909
3.733	 0.5575544742311629
3.736	 0.5575388730904712
3.739	 0.5574560510418787
3.741	 0.5572709971859442
3.744	 0.5566023602431346
3.747	 0.5571004620700121
3.749	 0.5566765742643126
3.752	 0.556688710083717
3.755	 0.5559214698949336
3.758	 0.5558312655086849
3.76	 0.5558293754946313
3.763	 0.5557766872036174
3.766	 0.5554352132795638
3.769	 0.5554776273797397
3.771	 0.555908651510451
3.774	 0.5550849194886949
3.777	 0.5555318656644503
3.779	 0.5555174355190347
3.782	 0.5551566962821048
3.785	 0.5552762677467039
3.788	 0.5552904612797344
3.791	 0.5553583069159281
3.793	 0.5555949761943446
3.796	 0.5557463155642335
3.799	 0.5556716862778768
3.802	 0.5554177418363556
3.804	 0.5557206513276682
3.807	 0.5553976209729045
3.81	 0.5552617745314511
3.813	 0.5546060586547611
3.816	 0.5544691149594049
3.818	 0.5544936951117584
3.821	 0.5542420161416056
3.824	 0.5547003994232862
3.827	 0.5544583267635337
3.83	 0.5545127387888817
3.833	 0.5546554530481643
3.835	 0.5544627232356036
3.838	 0.5546264479252979
3.841	 0.5542832903657415
3.844	 0.5546226079767835
3.847	 0.5544324076790209
3.85	 0.5545313641001745
3.852	 0.5549807076803153
3.855	 0.554697023478263
3.858	 0.5546970923767361
3.861	 0.5547245984255934
3.864	 0.5542810257100548
3.867	 0.5541440263568952
3.87	 0.5542449023054907
3.873	 0.5542821419569771
3.876	 0.5543788980295445
3.878	 0.5544589347483545
3.881	 0.5545511441160047
3.884	 0.5546933567494935
3.887	 0.554840277351449
3.89	 0.5549957105092693
3.893	 0.554644893746838
3.896	 0.5548218941767958
3.899	 0.5546105066328079
3.902	 0.554797255682514
3.905	 0.5550243002581845
3.908	 0.5553322110518722
3.911	 0.5556134345019847
3.914	 0.5558608364973195
3.917	 0.5560809489677906
3.919	 0.5562481436875426
3.922	 0.55633961081752
3.925	 0.5560078609903953
3.928	 0.5562292312553025
3.931	 0.5561963649267025
3.934	 0.5563969686352741
3.937	 0.5565919719143009
3.94	 0.5568270875427074
3.943	 0.5570480401179395
3.946	 0.5571979602226926
3.949	 0.5573315158797969
3.952	 0.556598323858261
3.955	 0.5567967804837555
3.958	 0.5569726303983008
3.961	 0.5571627611137463
3.964	 0.5573124249372509
3.967	 0.557415456190642
3.97	 0.5574641553438586
3.974	 0.5571717374508399
3.977	 0.5576879681121415
3.98	 0.5574921497328349
3.983	 0.5575203491470812
3.986	 0.5575884391767573
3.989	 0.5573708352460772
3.992	 0.5576210242032278
3.995	 0.5578078983678719
3.998	 0.5579847440282507
4.001	 0.5581746309484029
4.004	 0.5583661294903596
4.007	 0.5586337885322651
4.01	 0.5589638857007974
4.014	 0.5590262705056406
4.017	 0.5592965620681788
4.02	 0.5596604645043181
4.023	 0.5593545631663847
4.026	 0.5598027856918825
4.029	 0.5601406773961959
4.032	 0.5604329991960026
4.035	 0.5603328903832796
4.039	 0.5606720335486678
4.042	 0.5611109982824249
4.045	 0.5614740542023942
4.048	 0.5617856359931936
4.051	 0.56193379897099
4.054	 0.5619410598982109
4.057	 0.5619532425456438
4.061	 0.5615584971048608
4.064	 0.5612178854686152
4.067	 0.5612513944987555
4.07	 0.5612742261933573
4.073	 0.5612629682454101
4.077	 0.5612887836220298
4.08	 0.5613314727857955
4.083	 0.5612035994994822
4.086	 0.5609367306094847
4.089	 0.5606696469949042
4.093	 0.5597904180174201
4.096	 0.5595941884456112
4.099	 0.5593719445487457
4.102	 0.5590076082135503
4.106	 0.5585260289290824
4.109	 0.5579958974566058
4.112	 0.5574637095555709
4.115	 0.5569813973853134
4.119	 0.556627766686445
4.122	 0.5563761151619754
4.125	 0.5555166122157292
4.129	 0.5551725393627569
4.132	 0.554603295325321
4.135	 0.5539916785356669
4.138	 0.5533672930900185
4.142	 0.5527305717689952
4.145	 0.5520973276412934
4.148	 0.5514910397258377
4.152	 0.5504622066580178
4.155	 0.5498347698928521
4.158	 0.5492159149900899
4.162	 0.5485944466231919
4.165	 0.5480296787434745
4.168	 0.5473641351947517
4.172	 0.5466582354913327
4.175	 0.5459536104501272
4.178	 0.545201007313148
4.182	 0.5444751962627139
4.185	 0.5438207049068468
4.189	 0.5425934733364236
4.192	 0.5418813654790017
4.195	 0.5410570420874647
4.199	 0.5401340730819731
4.202	 0.5393398518872838
4.206	 0.5383150705062405
4.209	 0.537447619527048
4.212	 0.5364247659872411
4.216	 0.5353500720607514
4.219	 0.534074558811221
4.223	 0.5320309284229279
4.226	 0.5305553473955078
4.23	 0.5291351455780146
4.233	 0.5275899857156877
4.236	 0.526138933256202
4.24	 0.5245939419898371
4.243	 0.5229375076545517
4.247	 0.5215017440801386
4.25	 0.5200964414655636
4.254	 0.5189205529555698
4.257	 0.5178363480703578
4.261	 0.5163188683497062
4.264	 0.5151872314396486
4.268	 0.5141294013332869
4.271	 0.5131467503221597
4.275	 0.5120834588751301
4.278	 0.5109465248711023
4.282	 0.5098276705968381
4.285	 0.5089203574421903
4.289	 0.5080597390129321
4.293	 0.5066481444756868
4.296	 0.50566783772169
4.3	 0.5047817194641789
4.303	 0.5039488298192578
4.307	 0.5031627943041965
4.31	 0.5024289596168647
4.314	 0.501703848369232
4.318	 0.5009238861770988
4.321	 0.5001347736642308
4.325	 0.49880132894545454
4.328	 0.4984112244827663
4.332	 0.49726876760534483
4.336	 0.49665538171183415
4.339	 0.49606608527619483
4.343	 0.4955053761560792
4.347	 0.4949051407960325
4.35	 0.49424761205772755
4.354	 0.49359970739689796
4.358	 0.4929598110426734
4.361	 0.492496500558369
4.365	 0.49163495148015113
4.369	 0.4912360299829553
4.372	 0.49079210555683145
4.376	 0.49030417148553157
4.38	 0.48979117608358647
4.383	 0.4891763526575813
4.387	 0.48852288001189526
4.391	 0.48790821152189634
4.394	 0.48740212206743444
4.398	 0.4870246349599223
4.402	 0.48641499702371166
4.406	 0.4860150491746199
4.409	 0.4856871595942799
4.413	 0.48527172756480685
4.417	 0.4849705108964906
4.421	 0.48480349445935145
4.424	 0.48473491760082305
4.428	 0.4846420975185993
4.432	 0.48464571359625414
4.436	 0.4849192570893367
4.44	 0.48485219809882274
4.443	 0.48455062654956765
4.447	 0.4847888359437169
4.451	 0.48485624068116406
4.455	 0.4846470879395297
4.459	 0.4843820766032049
4.463	 0.48417363175844946
4.466	 0.484000326024941
4.47	 0.4837025114790957
4.474	 0.48337879912474346
4.478	 0.48349503992280124
4.482	 0.4833823481410141
4.486	 0.4832235533208694
4.49	 0.4831007588220793
4.493	 0.4829543751266229
4.497	 0.4829599267449107
4.501	 0.4826451696526071
4.505	 0.48268528028957736
4.509	 0.48262362921793855
4.513	 0.4825328765216487
4.517	 0.48233020409332145
4.521	 0.4823065229871791
4.525	 0.4821983526500138
4.529	 0.482153150383283
4.533	 0.48208319084583157
4.537	 0.4819955382864934
4.541	 0.48189955565287307
4.545	 0.4818637475025386
4.549	 0.4818742246660996
4.553	 0.4820048765014873
4.557	 0.4819251744105878
4.561	 0.4821388302080224
4.565	 0.4821450918992823
4.569	 0.48217444534920034
4.573	 0.48219216478193716
4.577	 0.48219192909420766
4.581	 0.4822588735682908
4.585	 0.48253572795697625
4.589	 0.4828781634789544
4.593	 0.48324622631958203
4.597	 0.48353101745087346
4.601	 0.4837707165288967
4.605	 0.4842348049489627
4.609	 0.48490429209069535
4.613	 0.4852819518090494
4.617	 0.4855878916408193
4.622	 0.4858550208112208
4.626	 0.4860374794453001
4.63	 0.48618251365104753
4.634	 0.48637194185554933
4.638	 0.4866482662260133
4.642	 0.4870114928733464
4.646	 0.4874080562712711
4.651	 0.48793141490699854
4.655	 0.4883252759414043
4.659	 0.48879838755781074
4.663	 0.48921245861428736
4.667	 0.48962446215717015
4.672	 0.49013139454495974
4.676	 0.49057790620830255
4.68	 0.4908779818734492
4.684	 0.4911399640303318
4.688	 0.4914534924339807
4.693	 0.49187029819264355
4.697	 0.49250058109864653
4.701	 0.4927876845131408
4.705	 0.4933813036282216
4.71	 0.49365931671275065
4.714	 0.49401315200083595
4.718	 0.4945794626257929
4.723	 0.49522013028447226
4.727	 0.4957330701185811
4.731	 0.4961942484361162
4.736	 0.4966336323575829
4.74	 0.49710267142962505
4.744	 0.4975399382064796
4.749	 0.49793085545375954
4.753	 0.49841756466831527
4.757	 0.49870206454298327
4.762	 0.4993286567771973
4.766	 0.49967066271682614
4.77	 0.5001050015970707
4.775	 0.5007115882279537
4.779	 0.5013428273264737
4.784	 0.5017963354820203
4.788	 0.5020595556743384
4.792	 0.5022036728499749
4.797	 0.502287121298523
4.801	 0.5025251435456944
4.806	 0.5026699941590407
4.81	 0.5027422065399265
4.815	 0.5031903288399712
4.819	 0.5034075217795744
4.824	 0.5038795468221046
4.828	 0.5043654589374994
4.833	 0.5048155006928652
4.837	 0.5052556842078373
4.842	 0.5056320126042
4.846	 0.5059898691718764
4.851	 0.5063708726388979
4.855	 0.5067240351851713
4.86	 0.507075364963069
4.864	 0.5072532959722095
4.869	 0.507512850295761
4.874	 0.5077704488172482
4.878	 0.5081140165938584
4.883	 0.5084631267102645
4.887	 0.5088124609572865
4.892	 0.509101611909378
4.897	 0.5093719133118043
4.901	 0.5095323692914581
4.906	 0.5098387935800036
4.91	 0.5102132281570967
4.915	 0.5104646721427635
4.92	 0.510605326867379
4.924	 0.5106791831174541
4.929	 0.5106947467437146
4.934	 0.5107176663120416
4.939	 0.5107533791506806
4.943	 0.5107567962891053
4.948	 0.5108258001237719
4.953	 0.5108162777751567
4.957	 0.5108225852413406
4.962	 0.5108436241820717
4.967	 0.510817884623218
4.972	 0.51064869656466
4.976	 0.510386679841464
4.981	 0.510144422457565
4.986	 0.5100719352584633
4.991	 0.5099657969652546
4.996	 0.5101734453028759
5.0	 0.5101898543345755
5.005	 0.5101737047693242
5.01	 0.5100519742766163
5.015	 0.5101053971014371
5.02	 0.509872141012426
5.025	 0.5096116948161008
5.03	 0.5093144436394859
5.034	 0.5090009900292105
5.039	 0.5086773610359985
5.044	 0.5085019935685317
5.049	 0.5083932003299837
5.054	 0.5081410687353558
5.059	 0.5078203482786534
5.064	 0.5073166043042155
5.069	 0.5070124334069612
5.074	 0.5066675294109859
5.079	 0.5062697268029233
5.084	 0.5058718892582595
5.089	 0.5054681559140031
5.094	 0.5050405939174849
5.099	 0.5046660333025604
5.104	 0.5044016238787188
5.109	 0.50410216605598
5.114	 0.5037124815764421
5.119	 0.5032628555540924
5.124	 0.5029664631471923
5.129	 0.5027061404056785
5.134	 0.5022950557220546
5.139	 0.5020015024438957
5.144	 0.5017176214659644
5.149	 0.5013780233670043
5.155	 0.5009150590105401
5.16	 0.5004288243894595
5.165	 0.4999548602079774
5.17	 0.4995632798858178
5.175	 0.49912289548928385
5.18	 0.49866802866478566
5.185	 0.4984297306328744
5.191	 0.49749596844537297
5.196	 0.4971869779681376
5.201	 0.49645578511224
5.206	 0.49583867476479
5.211	 0.4951044184117986
5.217	 0.4942898908998597
5.222	 0.4935415991150573
5.227	 0.49296329914603726
5.233	 0.49247241370459205
5.238	 0.4919267315483638
5.243	 0.4910773679681134
5.248	 0.49005642280389883
5.254	 0.4890117926422171
5.259	 0.4880329255312288
5.264	 0.48773376344468033
5.27	 0.48675008408673565
5.275	 0.4858896850110385
5.28	 0.4850089848802206
5.286	 0.4840253208909461
5.291	 0.48290390988937737
5.297	 0.4817034801513173
5.302	 0.48024714518686773
5.308	 0.47859370123773504
5.313	 0.4768541723356236
5.318	 0.47511271108855274
5.324	 0.4732497187919692
5.329	 0.47114680535665615
5.335	 0.46900803639364275
5.34	 0.46831221926687877
5.346	 0.46593313066036623
5.351	 0.4634949293827608
5.357	 0.4610447154667108
5.362	 0.4585198967888196
5.368	 0.45587322944010455
5.374	 0.45308452202185756
5.379	 0.45009713744250773
5.385	 0.44708425078242015
5.39	 0.4437908961182248
5.396	 0.4406995095208747
5.401	 0.43718180807513424
5.407	 0.43355213438974477
5.413	 0.4299246872969905
5.418	 0.428744480690155
5.424	 0.42234718696757256
5.43	 0.42068953834294714
5.435	 0.416430225760085
5.441	 0.41222300936073175
5.447	 0.4079726755032647
5.453	 0.403650570993808
5.458	 0.39929607041169424
5.464	 0.39520431518479626
5.47	 0.39062521401900996
5.476	 0.385768117207164
5.481	 0.3808102707173269
5.487	 0.37590920589512083
5.493	 0.370986366513555
5.499	 0.36602476905863357
5.505	 0.3640643385201833
5.511	 0.35917289770031074
5.516	 0.35432687485981024
5.522	 0.34957558174182535
5.528	 0.3451104292940279
5.534	 0.34068924880057844
5.54	 0.3372370501613708
5.546	 0.33311284906260785
5.552	 0.3289152729785112
5.558	 0.3250441148380939
5.564	 0.3214530730693725
5.57	 0.3182004970596272
5.576	 0.3153759136593633
5.582	 0.3128240263760975
5.588	 0.3102947872763818
5.594	 0.3080858351605515
5.6	 0.30796345885797527
5.606	 0.3065676167833627
5.612	 0.30534449798170327
5.618	 0.3060248953641186
5.624	 0.3038134089426023
5.63	 0.30539900331855707
5.636	 0.30544310216684384
5.642	 0.30564131502181574
5.649	 0.3062645974243574
5.655	 0.30743308139127823
5.661	 0.3088964484726711
5.667	 0.3109828349949548
5.673	 0.31366713368392385
5.68	 0.3165130926854363
5.686	 0.3199615556522832
5.692	 0.323841200661937
5.698	 0.32834374922176945
5.705	 0.33628900852643273
5.711	 0.3416438774275145
5.717	 0.347543891331518
5.723	 0.35359496519715766
5.73	 0.35965214228653447
5.736	 0.36607064411813883
5.742	 0.37291612125346163
5.749	 0.38020653308987423
5.755	 0.38719400735650705
5.762	 0.39408310641214384
5.768	 0.40095115775114865
5.774	 0.4074987515820614
5.781	 0.413703296097249
5.787	 0.42000540885351095
5.794	 0.4264384300615996
5.8	 0.4358047272866316
5.807	 0.4407437645679438
5.813	 0.4455440315307882
5.82	 0.4502467123165829
5.826	 0.4550429715879417
5.833	 0.45961895975111405
5.839	 0.46400714204222443
5.846	 0.46814961912885694
5.853	 0.471411154965042
5.859	 0.47446896538879574
5.866	 0.47731355969755446
5.873	 0.4826149967940554
5.879	 0.4824593133490856
5.886	 0.48629675079875734
5.893	 0.48755604363857247
5.899	 0.4892412470643521
5.906	 0.4909485750506082
5.913	 0.49184323992295
5.919	 0.49225897360498083
5.926	 0.49252563860235526
5.933	 0.49259923997147176
5.94	 0.4925158338328764
5.947	 0.49262594159760675
5.953	 0.4931230774670297
5.96	 0.4940670506835426
5.967	 0.4944615954121542
5.974	 0.4948365038071151
5.981	 0.4953479623200917
5.988	 0.49564217112274334
5.995	 0.49605367336594536
6.002	 0.4982223417463581
6.009	 0.5006640713186198
6.016	 0.5027526191836004
6.023	 0.5049741898024103
6.03	 0.5068657293857289
6.037	 0.5088849588895563
6.044	 0.5112119248217758
6.051	 0.5140425630927902
6.058	 0.5172292651881858
6.065	 0.5200364335663931
6.072	 0.5224321999600101
6.079	 0.5254648651747663
6.086	 0.5281341766388378
6.093	 0.5294451256960832
6.101	 0.5301036012595873
6.108	 0.5307010165975614
6.115	 0.5320393212083121
6.122	 0.5339267456252355
6.129	 0.5359661747076998
6.137	 0.5383010297169543
6.144	 0.5402316084421165
6.151	 0.5406446438530762
6.158	 0.5401437112223784
6.166	 0.5400579882204445
6.173	 0.5405713217706322
6.18	 0.5410763851339172
6.188	 0.5419529090298657
6.195	 0.5416375087473757
6.203	 0.5402801562398074
6.21	 0.5391517506322873
6.218	 0.5376105442426741
6.225	 0.5363337468749176
6.232	 0.5352081553529084
6.24	 0.5339434665808321
6.248	 0.5322698483223248
6.255	 0.5302631278753502
6.263	 0.5281824756387625
6.27	 0.526254173537096
6.278	 0.5244659957381046
6.285	 0.5225833974973307
6.293	 0.5204457171142829
6.301	 0.5197908943334418
6.308	 0.5184187509838242
6.316	 0.5167407490044882
6.324	 0.5144215486811745
6.331	 0.5118839083749649
6.339	 0.5091590259699357
6.347	 0.507693636731999
6.355	 0.506642431221801
6.362	 0.5063144220939438
6.37	 0.5056444775801469
6.378	 0.5049026356446851
6.386	 0.5039055184038603
6.394	 0.5026625008289296
6.402	 0.5025552542929915
6.41	 0.5019383259526696
6.418	 0.5018859899855802
6.426	 0.5014988124927858
6.434	 0.5015388321634252
6.442	 0.5018667632554122
6.45	 0.5018744926126135
6.458	 0.5020142241073233
6.466	 0.5032733898068557
6.474	 0.5035986181378671
6.482	 0.5039303971358081
6.49	 0.503773104748451
6.498	 0.5037245566806692
6.506	 0.5041774105027856
6.514	 0.5050260133036896
6.523	 0.5057474032152512
6.531	 0.5062138871247286
6.539	 0.5066924237665652
6.547	 0.506814247447696
6.556	 0.5061624550174368
6.564	 0.5049536774169796
6.572	 0.5034254204269041
6.58	 0.5010523437789252
6.589	 0.4990244759623924
6.597	 0.49666164560826315
6.606	 0.4943610549417055
6.614	 0.494080532005989
6.623	 0.4922361818524806
6.631	 0.48954574142702245
6.639	 0.486511023326191
6.648	 0.4835209592544925
6.657	 0.48005014027705173
6.665	 0.475859563603198
6.674	 0.4714785229459899
6.682	 0.4690953316686013
6.691	 0.4667033193594942
6.7	 0.46415904765072236
6.708	 0.46097736204758544
6.717	 0.4580821941864684
6.726	 0.45544071625943616
6.734	 0.4533068497074507
6.743	 0.45077785580869134
6.752	 0.4488299664522938
6.761	 0.44754877007754607
6.769	 0.44729272314731017
6.778	 0.44821705646802473
6.787	 0.45006784599821736
6.796	 0.45232388845335425
6.805	 0.454411134440919
6.814	 0.45621260926691803
6.823	 0.45855245683930945
6.832	 0.4612555654496883
6.841	 0.4634853310031282
6.85	 0.46687657697363477
6.859	 0.47134304724876047
6.868	 0.47567876220895994
6.877	 0.4779827839283981
6.886	 0.4797940769174385
6.896	 0.48122023885309767
6.905	 0.4832495233333953
6.914	 0.48540160623777506
6.923	 0.4879031006329953
6.932	 0.4900488868907399
6.942	 0.4929080107928843
6.951	 0.49630817885869943
6.96	 0.49877935768588333
6.97	 0.501849999206009
6.979	 0.502025597006113
6.988	 0.5016758387343532
6.998	 0.5009378730176776
7.007	 0.5013747812847956
7.017	 0.5017419546214011
7.026	 0.5016313278452977
7.036	 0.5017906547395483
7.045	 0.5022241643129737
7.055	 0.4998826414850444
7.065	 0.4978714534608422
7.074	 0.49732119353405585
7.084	 0.49818653700472304
7.094	 0.49893138994826874
7.103	 0.49975061510297225
7.113	 0.49992691423953567
7.123	 0.500114666805048
7.133	 0.5006701482023128
7.142	 0.4998685766031251
7.152	 0.4995730643638826
7.162	 0.4989749577438801
7.172	 0.49921311196495155
7.182	 0.49954629916899357
7.192	 0.5003342460768858
7.202	 0.5001400050986932
7.212	 0.4993646759847522
7.222	 0.4982998061461213
7.232	 0.4977265206625365
7.242	 0.4958963398926444
7.252	 0.4952145635829801
7.262	 0.4955820256036381
7.273	 0.49647258050764115
7.283	 0.49709872593476834
7.293	 0.49684269701899714
7.303	 0.49781225733229795
7.314	 0.49792895542447546
7.324	 0.4975271970944916
7.334	 0.4967584237301042
7.345	 0.4965923729942929
7.355	 0.49623765817344695
7.366	 0.4968789066281668
7.376	 0.4966105899848762
7.387	 0.49597842443995965
7.397	 0.4952422782618213
7.408	 0.4953316746088643
7.418	 0.49556551890114
7.429	 0.49664716792695107
7.44	 0.4977047371635562
7.45	 0.49980086341110863
7.461	 0.5007079854169116
7.472	 0.5011590853480015
7.483	 0.49969161927528405
7.493	 0.4975622919852479
7.504	 0.4959989269921669
7.515	 0.49476499639074767
7.526	 0.49461009368953457
7.537	 0.49392979165591705
7.548	 0.49381178427197575
7.559	 0.4924161752658691
7.57	 0.49132878381437184
7.581	 0.49049135711855735
7.592	 0.4910841086923305
7.603	 0.490926062360852
7.614	 0.49063114936846286
7.626	 0.48931982180341643
7.637	 0.48863178520236383
7.648	 0.4875049801925999
7.659	 0.4876802151349739
7.671	 0.4867995050892176
7.682	 0.4869360322759707
7.694	 0.48929035790049963
7.705	 0.4896534356314968
7.716	 0.49021404870615654
7.728	 0.4899552355900134
7.739	 0.49008812205621427
7.751	 0.4897644387392725
7.763	 0.4905334686745737
7.774	 0.4909857909347123
7.786	 0.4910856441036428
7.798	 0.48967790863109595
7.809	 0.48905464967391404
7.821	 0.4891051656384513
7.833	 0.4903320408954037
7.845	 0.49000438837916604
7.857	 0.4892259879491929
7.869	 0.4883559758160863
7.881	 0.48946213259884885
7.893	 0.49003740976467314
7.905	 0.4915513929951013
7.917	 0.49371546738182176
7.929	 0.4958615419388865
7.941	 0.4965692832175377
7.953	 0.4975510224652201
7.965	 0.4985730920371839
7.978	 0.4988416798996291
7.99	 0.5000930683554604
8.002	 0.5026111525579771
8.015	 0.5053577855400013
8.027	 0.5048772208418046
8.039	 0.5064212761654363
8.052	 0.5090714279542267
8.064	 0.5119909761043733
8.077	 0.5110912804190512
8.09	 0.5098667405553776
8.102	 0.5079537745169657
8.115	 0.506512526756389
8.128	 0.5045309905921417
8.14	 0.5055940383677054
8.153	 0.5068280429321763
8.166	 0.5070122472230134
8.179	 0.5069540315127729
8.192	 0.5058288086873204
8.205	 0.5034046969990761
8.218	 0.5042059619368936
8.231	 0.5051230264166058
8.244	 0.5038235543891006
8.257	 0.5015755942822566
8.27	 0.5007964036383662
8.283	 0.5026591711922184
8.297	 0.5016997345222609
8.31	 0.5012737680078495
8.323	 0.500210110723465
8.337	 0.4996226673984633
8.35	 0.4956971076995349
8.364	 0.49445507438791053
8.377	 0.4944182834588547
8.391	 0.4950086335175312
8.404	 0.4945492440587168
8.418	 0.49349749777648455
8.432	 0.4892269473891335
8.445	 0.4881493806618599
8.459	 0.4868373870142074
8.473	 0.48445275171440594
8.487	 0.48370230281455107
8.501	 0.4855393159532399
8.515	 0.48754231381919555
8.529	 0.4877806110175607
8.543	 0.4897048915240534
8.557	 0.49090262435077425
8.571	 0.4931247173387989
8.585	 0.4937952296364182
8.599	 0.49537209006973626
8.614	 0.4961381129489503
8.628	 0.4974770556049432
8.642	 0.49741151179956045
8.657	 0.49887585332951806
8.671	 0.49916631440514775
8.686	 0.5025221932472298
8.7	 0.5029011989798411
8.715	 0.5026096895040955
8.73	 0.5022202059361295
8.744	 0.5019461118877286
8.759	 0.4995448024718605
8.774	 0.49584056414070454
8.789	 0.4943655003710523
8.804	 0.49385329872968176
8.819	 0.4926696262194454
8.834	 0.49458312308925245
8.849	 0.49534348686329543
8.864	 0.49443741225748544
8.879	 0.4950831181668275
8.894	 0.49450173674662085
8.91	 0.4966832106794455
8.925	 0.49546387459472324
8.94	 0.4950522762063497
8.956	 0.4951264481370224
8.971	 0.49946673362250277
8.987	 0.49997974511249554
9.002	 0.499556566468078
9.018	 0.5007715223672446
9.034	 0.5033605054915579
9.05	 0.5060984701637193
9.065	 0.5073630239074703
9.081	 0.506257859752081
9.097	 0.5039134403855076
9.113	 0.5033592880978865
9.129	 0.505558276563219
9.145	 0.5065006791754362
9.162	 0.5064016674110465
9.178	 0.5067062981529954
9.194	 0.5097810692788859
9.21	 0.5106869522156956
9.227	 0.5084633096406046
9.243	 0.5081707457518079
9.26	 0.506937126104354
9.276	 0.5095923135759265
9.293	 0.5102382607596536
9.31	 0.5123084215515878
9.326	 0.5115802611593213
9.343	 0.5142770474441057
9.36	 0.5130767384339223
9.377	 0.5109983389116801
9.394	 0.5075369071308274
9.411	 0.5072869084242254
9.428	 0.5077610135061794
9.445	 0.5093103871403153
9.462	 0.5104224058769513
9.48	 0.5108764519535374
9.497	 0.5142882926242329
9.515	 0.5168313290714828
9.532	 0.5169295540796964
9.55	 0.518616130582291
9.567	 0.5249999999999999
9.585	 0.5303825199619497
9.603	 0.5336665898351964
9.62	 0.5338604351016655
9.638	 0.5350405747918013
9.656	 0.5310664090744758
9.674	 0.529316958476698
9.692	 0.5237726944824512
9.711	 0.5197040183387271
9.729	 0.5144225586373647
9.747	 0.5114357931076998
9.765	 0.5041873388681936
9.784	 0.4990963684659559
9.802	 0.49484605426983364
9.821	 0.4900237030814006
9.839	 0.4885481366459627
9.858	 0.49117375643735295
9.877	 0.49564368445187346
9.896	 0.5003467662205434
9.915	 0.5030949461523688
9.934	 0.5056607124358082
9.953	 0.5096057220547379
9.972	 0.5140360716710453
9.991	 0.5160752735746099
10.01	 0.5184134728426993
10.03	 0.5225957322420345
10.049	 0.5258100979653353
10.069	 0.5258280048854084
10.088	 0.5219227531496569
10.108	 0.5235350324438088
10.128	 0.5242718446601942
10.148	 0.5247638593541368
10.167	 0.5203864650685524
10.187	 0.518249386768964
10.207	 0.515598540044943
10.228	 0.5139518043884613
10.248	 0.5074508987608366
10.268	 0.5038614232949495
10.289	 0.5009852366083609
10.309	 0.4983093449833927
10.33	 0.4980308817191517
10.35	 0.4999779116170169
10.371	 0.5021658461583951
10.392	 0.5049185141682573
10.412	 0.50839578231093
10.433	 0.5127077436679004
10.454	 0.5186212303805556
10.476	 0.5218300314329384
10.497	 0.52140860977976
10.518	 0.5195326024235429
10.539	 0.5183604248408284
10.561	 0.5179937820303516
10.582	 0.5163462907589349
10.604	 0.5126962534716318
10.626	 0.5083950197112794
10.648	 0.5013719224382989
10.67	 0.4984263951371836
10.692	 0.4982235886628562
10.714	 0.5022935423177994
10.736	 0.502220133588116
10.758	 0.5008675344894695
10.78	 0.49748401146526416
10.803	 0.49919381846932537
10.825	 0.5002969326170121
10.848	 0.5025917348080225
10.871	 0.4994764896249762
10.894	 0.49561015664477004
10.917	 0.4965949290155682
10.94	 0.49826790735246146
10.963	 0.4995488768589385
10.986	 0.50064540209328
11.009	 0.49930654033753563
11.033	 0.5004499053647337
11.056	 0.5063677019017997
11.08	 0.5101897946484132
11.104	 0.5092333432364392
11.127	 0.50648908161685
11.151	 0.5040050720603699
11.175	 0.5025713312060474
11.2	 0.5032022099106467
11.224	 0.5047376149625165
11.248	 0.4992004719544191
11.273	 0.4911994278073204
11.297	 0.4886066192768561
11.322	 0.48344885561565176
11.347	 0.4859339632809973
11.372	 0.4849573903719171
11.397	 0.4827892465527253
11.422	 0.47357726858632104
11.447	 0.4739649736496905
11.472	 0.4778252326280063
11.498	 0.48661148977604674
11.523	 0.49012560460359034
11.549	 0.4869022553538573
11.575	 0.4888355890583062
11.6	 0.4957279595060037
11.626	 0.498710987852037
11.653	 0.49771725133648115
11.679	 0.4977762172284644
11.705	 0.5007108822625269
11.732	 0.5038896199396238
11.758	 0.5030491936576772
11.785	 0.49691448721716136
11.812	 0.4960147030373381
11.839	 0.4992449944109976
11.866	 0.49581991027135996
11.893	 0.48518167329069745
11.92	 0.4770437853674198
11.948	 0.4768238532478752
11.976	 0.4864619154907309
12.003	 0.4923141587606581
12.031	 0.4869634817408704
12.059	 0.4891952085716006
12.087	 0.49008607986015834
12.115	 0.4998006745865297
12.144	 0.49880884616195487
12.172	 0.4929872349516638
12.201	 0.47952775330396474
12.23	 0.4807509622759674
12.259	 0.48218444917984044
12.288	 0.4813150959969883
12.317	 0.47784312731328904
12.346	 0.4790248413697433
12.376	 0.48616631595355
12.405	 0.4964379161161628
12.435	 0.5040398394227349
12.465	 0.5122318026869862
12.495	 0.5216621355348814
12.525	 0.531189374720191
12.555	 0.5362942332081665
12.586	 0.5306951549804394
12.617	 0.5174992446369222
12.647	 0.5027945562545427
12.678	 0.49031051253273467
12.709	 0.47916926065194115
12.741	 0.4709816452403954
12.772	 0.4683332100682888
12.803	 0.4727689471323932
12.835	 0.48124684502776377
12.867	 0.48704901685034135
12.899	 0.49034298602649523
12.931	 0.4916785544460294
12.964	 0.4923914784558705
12.996	 0.49319709742823603
13.029	 0.49716466161428796
13.061	 0.4982130732508382
13.094	 0.4987948763827347
13.128	 0.5057127625100614
13.161	 0.5082902704244998
13.194	 0.5146060318964156
13.228	 0.49724514160461664
13.262	 0.4841241293613682
13.296	 0.47714559957634123
13.33	 0.4755260675838293
13.364	 0.4695099758462098
13.399	 0.4726025180438231
13.434	 0.4860872204796114
13.469	 0.49883213161368944
13.504	 0.5031192913521526
13.539	 0.5135413894064413
13.574	 0.5271418574427672
13.61	 0.5314315053107852
13.646	 0.5308899160210924
13.682	 0.5239541269584881
13.718	 0.5097729715206878
13.754	 0.4934527911784976
13.791	 0.4801340826185547
13.828	 0.47153615418980155
13.865	 0.47156973918678113
13.902	 0.48228421859039833
13.939	 0.49181425558271114
13.977	 0.4962645314750913
14.015	 0.4915254237288135
14.053	 0.48744363510232397
14.091	 0.48213904504376287
14.129	 0.482869562241161
14.168	 0.48398201489391596
14.207	 0.4936245855125969
14.246	 0.5038468294396627
14.285	 0.5073098902639975
14.324	 0.5072766773627613
14.364	 0.4941193344807802
14.404	 0.5027204562065201
14.444	 0.4933777738794843
14.484	 0.5057805958062682
14.525	 0.509277172001407
14.566	 0.5030876718503493
14.607	 0.49375312343828087
14.648	 0.475915401099413
14.69	 0.4640069384215091
14.731	 0.4753600869643989
14.773	 0.4808717065957603
14.815	 0.47910288154092834
14.858	 0.4914251993164264
14.901	 0.4887465716439265
14.944	 0.485791400691138
14.987	 0.5112051414014266
15.03	 0.5278668735029969
15.074	 0.5327872841420601
15.118	 0.5322951950768164
15.162	 0.5223412563251018
15.206	 0.5036153050759474
15.251	 0.4812237158338127
15.296	 0.5102458124864042
15.341	 0.0
