14.983	 1.0
14.94	 0.5
14.897	 0.5
14.854	 0.5
14.812	 0.5
14.77	 0.5
14.728	 0.5
14.686	 0.5
14.645	 0.5
14.603	 0.5
14.562	 0.5
14.521	 0.5
14.481	 0.5
14.441	 0.5
14.4	 0.5
14.361	 0.5
14.321	 0.5
14.281	 0.5
14.242	 0.5
14.203	 0.5
14.164	 0.5
14.126	 0.5
14.087	 0.5
14.049	 0.5
14.011	 0.5
13.973	 0.5
13.936	 0.5
13.899	 0.5
13.861	 0.5
13.824	 0.5
13.788	 0.5
13.751	 0.5
13.715	 0.5
13.679	 0.5
13.643	 0.5
13.607	 0.5
13.571	 0.5
13.536	 0.5
13.5	 0.5
13.465	 0.5
13.43	 0.5
13.396	 0.5
13.361	 0.5
13.327	 0.5003803121758666
13.293	 0.5004481459951443
13.259	 0.5013586518336288
13.225	 0.5063455024906462
13.191	 0.5103734982758356
13.158	 0.5152226718944514
13.124	 0.5216264994089664
13.091	 0.5292721894670122
13.058	 0.5353868292797607
13.026	 0.5392208963754321
12.993	 0.5396998929081943
12.96	 0.5359958171953894
12.928	 0.5279540714774517
12.896	 0.5149767942254525
12.864	 0.49921042118801245
12.832	 0.48430406693855643
12.8	 0.47270468356269385
12.769	 0.4666717463997392
12.737	 0.4664886148777247
12.706	 0.47064726417023217
12.675	 0.4766269232823001
12.644	 0.48349992161101785
12.614	 0.4893385930627576
12.583	 0.49215543168667025
12.552	 0.49114158372203254
12.522	 0.4879978551662417
12.492	 0.4861794172353945
12.462	 0.4863918964349034
12.432	 0.4875443813875103
12.402	 0.4895608865033323
12.373	 0.492544190277836
12.343	 0.4961076875495576
12.314	 0.49913296617251945
12.285	 0.5
12.256	 0.5
12.227	 0.5
12.198	 0.5
12.169	 0.5
12.141	 0.5
12.113	 0.5
12.084	 0.5
12.056	 0.5
12.028	 0.5
12.0	 0.5
11.973	 0.5
11.945	 0.5003458594811991
11.918	 0.5012005419218886
11.89	 0.5027475480821972
11.863	 0.5051201044200686
11.836	 0.508048685948955
11.809	 0.5113922312573617
11.782	 0.5154423408504805
11.755	 0.5198061656731625
11.729	 0.5237858480484003
11.702	 0.5271187639446403
11.676	 0.5295408733632581
11.65	 0.5313428009460054
11.624	 0.532737953001244
11.598	 0.5334526686567752
11.572	 0.5332923043026458
11.546	 0.5327211503287591
11.52	 0.5317696952404216
11.495	 0.5308672811572511
11.469	 0.5317047485280767
11.444	 0.5307299106421682
11.419	 0.5295234443113946
11.394	 0.5285208408610642
11.369	 0.5278777412725423
11.344	 0.5278930812745146
11.319	 0.5285962124050252
11.294	 0.5295623127950193
11.27	 0.5322507652369328
11.245	 0.5332256274807133
11.221	 0.5344012685958642
11.197	 0.5357872559909364
11.173	 0.5371525489944549
11.149	 0.5377772029846134
11.125	 0.5369540190774326
11.101	 0.534906103796126
11.077	 0.5318100237293564
11.054	 0.5282091685722353
11.03	 0.5239948578797815
11.007	 0.5190229173275722
10.983	 0.5135907354583161
10.96	 0.5083861379071578
10.937	 0.5040991535350644
10.914	 0.5012375789413382
10.891	 0.500039610546488
10.868	 0.5001019807728775
10.846	 0.5011501769053819
10.823	 0.5033364457135033
10.8	 0.5076699201055336
10.778	 0.511029682186275
10.755	 0.514543437801331
10.733	 0.5179050831949983
10.711	 0.5208459908398061
10.689	 0.523298655346677
10.667	 0.5256358818696938
10.645	 0.5276788895021003
10.623	 0.5293165171019334
10.602	 0.532188212671532
10.58	 0.5343420002239001
10.558	 0.536685363894934
10.537	 0.5389965793052789
10.516	 0.5413025401023503
10.494	 0.543561988807893
10.473	 0.5456488940870896
10.452	 0.5475350447399784
10.431	 0.5493887893666985
10.41	 0.5510532042264743
10.389	 0.5523230123057833
10.368	 0.553152861505079
10.348	 0.5536736968449931
10.327	 0.5538792922464542
10.306	 0.5564745543246531
10.286	 0.5563935739532784
10.266	 0.5562894606750551
10.245	 0.5562120651071435
10.225	 0.5562478750286297
10.205	 0.5564416836205229
10.185	 0.5568144131031336
10.165	 0.5573768655436357
10.145	 0.5580788554207797
10.125	 0.5587606644630289
10.106	 0.5617085986130507
10.086	 0.5616763829811894
10.066	 0.561153040963746
10.047	 0.5600623416018669
10.027	 0.5582867804392911
10.008	 0.5558629421113594
9.9887	 0.5529554529292222
9.9695	 0.5497471719751864
9.9504	 0.5464866790907995
9.9313	 0.5434164283824807
9.9123	 0.5409549012576206
9.8934	 0.539370030981685
9.8746	 0.5387031678342978
9.8558	 0.5389376544751404
9.8371	 0.5399809009528912
9.8185	 0.5416185842280603
9.7999	 0.5455646930011153
9.7814	 0.5472420655777731
9.763	 0.548709038906231
9.7447	 0.5496271756091706
9.7264	 0.5496711705667336
9.7082	 0.5486236662947716
9.69	 0.5466103870990827
9.6719	 0.543802130126175
9.6539	 0.5402796271035333
9.636	 0.5363956048512936
9.6181	 0.5325551457416239
9.6003	 0.5317355096893964
9.5825	 0.5287457696291801
9.5649	 0.5261989570277682
9.5472	 0.5242119111470931
9.5297	 0.5228302317787489
9.5122	 0.5220812953391816
9.4948	 0.5217414058155889
9.4774	 0.5215290039468218
9.4601	 0.5214054458446735
9.4429	 0.5212411932724862
9.4257	 0.5208237862039123
9.4086	 0.5199446992584674
9.3916	 0.5176545287589086
9.3746	 0.5151822672830643
9.3577	 0.5121262599169937
9.3408	 0.5086205499534194
9.324	 0.5047549905816229
9.3073	 0.5006500821727541
9.2906	 0.49653592007780223
9.274	 0.49256474979133974
9.2574	 0.48873320824191036
9.2409	 0.4850063078378021
9.2245	 0.48136425153443985
9.2081	 0.4779545240051684
9.1918	 0.475433304436542
9.1755	 0.4726871652002605
9.1593	 0.4705629296360361
9.1431	 0.46902417848958544
9.127	 0.46804892208026466
9.111	 0.4676686953574231
9.095	 0.46780794423929617
9.0791	 0.46834582296833044
9.0632	 0.4691499766789954
9.0474	 0.47024680051587614
9.0316	 0.47148397672928666
9.0159	 0.4734259155917664
9.0003	 0.4755695647955844
8.9847	 0.47767301078911567
8.9691	 0.47947620411341724
8.9536	 0.4807974343838809
8.9382	 0.48151457298995637
8.9228	 0.4815449286847504
8.9075	 0.4808412468815835
8.8922	 0.4793854745367019
8.877	 0.4771822672023314
8.8618	 0.4740883862412725
8.8467	 0.46976518008564494
8.8316	 0.46353440366212767
8.8166	 0.4576098265264446
8.8016	 0.4522046552182177
8.7867	 0.4480469966969433
8.7718	 0.44512025677008793
8.757	 0.4432048610503091
8.7422	 0.442215099614532
8.7275	 0.44205848236206685
8.7129	 0.4427154236190701
8.6982	 0.4449523152959485
8.6837	 0.4473287086747411
8.6692	 0.4509677893267712
8.6547	 0.45632101338353503
8.6403	 0.46370476636803676
8.6259	 0.4724320734896969
8.6116	 0.48080294624481684
8.5973	 0.48733316187254483
8.583	 0.49160732951936875
8.5688	 0.49412163794997116
8.5547	 0.4954899106211669
8.5406	 0.4960439688321838
8.5266	 0.49609968738687665
8.5126	 0.49585688113119286
8.4986	 0.4931854067190198
8.4847	 0.4927667839861739
8.4708	 0.49196009919495337
8.457	 0.49058744440399354
8.4432	 0.4883672973816782
8.4295	 0.4853136386547185
8.4158	 0.4821404931246126
8.4022	 0.47958116200123363
8.3886	 0.4784703254312426
8.375	 0.47837855208401886
8.3615	 0.4787824840165839
8.3481	 0.4792652389733131
8.3347	 0.47949546597472237
8.3213	 0.47915273112092993
8.3079	 0.4780380005105492
8.2946	 0.4761735752633777
8.2814	 0.4735321675761138
8.2682	 0.4699969124024572
8.255	 0.46562113017143386
8.2419	 0.4604803631359653
8.2288	 0.4544932812949829
8.2158	 0.4476394413947635
8.2028	 0.4394076432855542
8.1898	 0.4312297786122692
8.1769	 0.42253764024595286
8.164	 0.413473863431926
8.1512	 0.40004277922506853
8.1384	 0.3911614132224912
8.1256	 0.38272992160279706
8.1129	 0.3750221692850367
8.1002	 0.36812945425393273
8.0876	 0.3620961252388779
8.075	 0.35704515558952143
8.0624	 0.3528792140959314
8.0499	 0.3494651705498296
8.0374	 0.34692917048707034
8.025	 0.34531665658067817
8.0126	 0.3446219122027372
8.0002	 0.3448516201851158
7.9879	 0.345991464889522
7.9756	 0.3480391683864539
7.9634	 0.3509696111346916
7.9512	 0.34938083684914356
7.939	 0.3537473741914843
7.9268	 0.35898413259776185
7.9147	 0.36504508177706824
7.9027	 0.37119297695141495
7.8906	 0.37850499935617016
7.8786	 0.38615178077771234
7.8667	 0.39401010849107004
7.8548	 0.40218014748759773
7.8429	 0.4106033451858612
7.831	 0.41911950793729175
7.8192	 0.42768360594772376
7.8075	 0.436161976827715
7.7957	 0.4443563779361644
7.784	 0.4521766269836276
7.7723	 0.4595654415250758
7.7607	 0.4664134829670072
7.7491	 0.47263997870304825
7.7375	 0.4782199988047575
7.726	 0.4830656532562402
7.7145	 0.4871331599155479
7.7031	 0.4878716736575109
7.6916	 0.49108171724707295
7.6802	 0.4936770520879556
7.6689	 0.4957686790918678
7.6575	 0.4973911461012214
7.6462	 0.4985607623448382
7.635	 0.4993642586578136
7.6238	 0.4998176882811453
7.6126	 0.49998473838309015
7.6014	 0.5
7.5903	 0.5
7.5792	 0.5
7.5681	 0.5
7.5571	 0.5
7.5461	 0.5
7.5351	 0.5
7.5242	 0.5
7.5133	 0.5
7.5024	 0.5
7.4916	 0.5
7.4807	 0.5
7.47	 0.5
7.4592	 0.5
7.4485	 0.5
7.4378	 0.5
7.4272	 0.5
7.4165	 0.5
7.4059	 0.5
7.3954	 0.5
7.3848	 0.5
7.3743	 0.5
7.3639	 0.5
7.3534	 0.5
7.343	 0.5
7.3326	 0.5
7.3223	 0.5
7.3119	 0.5
7.3016	 0.5
7.2914	 0.5
7.2811	 0.5
7.2709	 0.5
7.2607	 0.5
7.2506	 0.5
7.2404	 0.5
7.2303	 0.5
7.2203	 0.5
7.2102	 0.5
7.2002	 0.5
7.1902	 0.5
7.1803	 0.5
7.1703	 0.5
7.1604	 0.5
7.1506	 0.5
7.1407	 0.5
7.1309	 0.5
7.1211	 0.5
7.1113	 0.5
7.1016	 0.5
7.0919	 0.5
7.0822	 0.5
7.0725	 0.5
7.0629	 0.5
7.0533	 0.5
7.0437	 0.5
7.0341	 0.5
7.0246	 0.5
7.0151	 0.5
7.0056	 0.5
6.9962	 0.5
6.9867	 0.5
6.9773	 0.5
6.9679	 0.5
6.9586	 0.5
6.9493	 0.5
6.94	 0.5
6.9307	 0.5
6.9214	 0.5
6.9122	 0.5
6.903	 0.5
6.8938	 0.5
6.8847	 0.5
6.8755	 0.5
6.8664	 0.5
6.8573	 0.5
6.8483	 0.5
6.8393	 0.5
6.8302	 0.5
6.8213	 0.5
6.8123	 0.5
6.8034	 0.5
6.7944	 0.5
6.7855	 0.5
6.7767	 0.5
6.7678	 0.5
6.759	 0.5
6.7502	 0.5
6.7414	 0.5
6.7327	 0.5
6.7239	 0.5
6.7152	 0.5
6.7065	 0.5
6.6979	 0.5
6.6892	 0.5
6.6806	 0.5
6.672	 0.5
6.6634	 0.5
6.6549	 0.5
6.6464	 0.5
6.6378	 0.5
6.6294	 0.5
6.6209	 0.5
6.6124	 0.5
6.604	 0.5
6.5956	 0.5
6.5872	 0.5
6.5789	 0.5
6.5705	 0.5
6.5622	 0.5
6.5539	 0.5
6.5456	 0.5
6.5374	 0.5
6.5292	 0.5
6.5209	 0.5
6.5128	 0.5
6.5046	 0.5
6.4964	 0.5
6.4883	 0.5
6.4802	 0.5
6.4721	 0.5
6.464	 0.5
6.456	 0.5
6.448	 0.5
6.4399	 0.5
6.432	 0.5
6.424	 0.5
6.416	 0.5
6.4081	 0.5
6.4002	 0.5
6.3923	 0.5
6.3844	 0.5
6.3766	 0.5
6.3687	 0.5
6.3609	 0.5
6.3531	 0.5
6.3454	 0.5
6.3376	 0.5
6.3299	 0.5
6.3221	 0.5
6.3144	 0.5
6.3068	 0.5
6.2991	 0.5
6.2914	 0.5
6.2838	 0.5
6.2762	 0.5
6.2686	 0.5
6.2611	 0.5
6.2535	 0.5
6.246	 0.5
6.2385	 0.5
6.231	 0.5
6.2235	 0.5
6.216	 0.5
6.2086	 0.5
6.2011	 0.5
6.1937	 0.5
6.1863	 0.5
6.179	 0.5000000000000001
6.1716	 0.5000000000000001
6.1643	 0.5000000000000001
6.157	 0.5000000000000001
6.1496	 0.5000000000000001
6.1424	 0.5000000000000001
6.1351	 0.5000000000000001
6.1278	 0.5000000000000001
6.1206	 0.5000000000000001
6.1134	 0.5000000000000001
6.1062	 0.5000000000000001
6.099	 0.5000000000000001
6.0918	 0.5000000000000001
6.0847	 0.5000000000000001
6.0776	 0.5000000000000001
6.0704	 0.5000000000000001
6.0633	 0.5000000000000001
6.0563	 0.5000000000000001
6.0492	 0.5000000000000001
6.0421	 0.5000000000000001
6.0351	 0.5000000000000001
6.0281	 0.5000000000000001
6.0211	 0.5000000000000001
6.0141	 0.5000000000000001
6.0071	 0.5000000000000001
6.0002	 0.5000000000000001
5.9932	 0.5000000000000001
5.9863	 0.5000000000000001
5.9794	 0.5000039931737718
5.9725	 0.5001229511159601
5.9657	 0.5001852196452596
5.9588	 0.5003584574309342
5.952	 0.500606188863853
5.9451	 0.5008731833729974
5.9383	 0.5011926000353031
5.9315	 0.5015646569810112
5.9247	 0.5019889781198388
5.918	 0.5024376825337217
5.9112	 0.5029029803633284
5.9045	 0.5033943626433526
5.8978	 0.5039163859173764
5.8911	 0.5044274900219429
5.8844	 0.5048875564135687
5.8777	 0.5054230910996466
5.8711	 0.5057002293427267
5.8644	 0.5059299517027928
5.8578	 0.5060198180279145
5.8512	 0.5060198180279145
5.8446	 0.5060198180279145
5.838	 0.5060198180279145
5.8314	 0.5060198180279145
5.8249	 0.5060198180279145
5.8184	 0.5060198180279145
5.8118	 0.5060198180279145
5.8053	 0.5060198180279145
5.7988	 0.5060198180279145
5.7923	 0.5058338936506779
5.7859	 0.5058303587378727
5.7794	 0.5057778150791777
5.773	 0.5056643897086512
5.7666	 0.5055412218465498
5.7602	 0.5053199841123723
5.7538	 0.5049190560350457
5.7474	 0.5044254412607723
5.741	 0.5038636083519433
5.7347	 0.5031998345115158
5.7283	 0.5024338231457792
5.722	 0.501591485603547
5.7157	 0.5007077549477296
5.7094	 0.4997813240274959
5.7031	 0.4989844298083887
5.6969	 0.4982719547686106
5.6906	 0.49770294363615386
5.6844	 0.49733308874049503
5.6782	 0.49731208690003487
5.6719	 0.49731636121390677
5.6657	 0.4974837912847003
5.6596	 0.4979154258700249
5.6534	 0.4986166114157509
5.6472	 0.4994076917891549
5.6411	 0.5002087682688521
5.6349	 0.5010151273029259
5.6288	 0.5017491466824928
5.6227	 0.5025708037592946
5.6166	 0.5029445770498312
5.6106	 0.5032012882021445
5.6045	 0.5033010786072603
5.5984	 0.5033010786072603
5.5924	 0.5034870205442109
5.5864	 0.503487020544211
5.5804	 0.5034905557658972
5.5744	 0.5035391109324959
5.5684	 0.5035996758436927
5.5624	 0.5036567704478738
5.5564	 0.5038157568725088
5.5505	 0.5040434750992009
5.5445	 0.5042893842698701
5.5386	 0.5043227042321058
5.5327	 0.5046670654068347
5.5268	 0.5050610041390499
5.5209	 0.5054789825431166
5.5151	 0.5059139483713357
5.5092	 0.5063094088745114
5.5033	 0.5061528162430246
5.4975	 0.5061935017350088
5.4917	 0.5060486699940443
5.4859	 0.505694830543842
5.4801	 0.5051440352574236
5.4743	 0.5044049555339235
5.4685	 0.5034684607767734
5.4628	 0.5021750223365672
5.457	 0.5009653177838757
5.4513	 0.4997851620134224
5.4455	 0.49873577866882624
5.4398	 0.4978338112184697
5.4341	 0.49720557508034796
5.4284	 0.49698577872654476
5.4228	 0.4974499716540127
5.4171	 0.49811643662795047
5.4114	 0.49913610632637345
5.4058	 0.5005262264704801
5.4002	 0.5022572364426215
5.3945	 0.5041388439422946
5.3889	 0.5075776795707052
5.3833	 0.5094796851968918
5.3778	 0.5113626413333202
5.3722	 0.5132523617737411
5.3666	 0.5151372468377688
5.3611	 0.5170112856820797
5.3555	 0.5188842375235733
5.35	 0.5207201790274715
5.3445	 0.5225370456978052
5.339	 0.5246082850549959
5.3335	 0.5264216218629794
5.328	 0.5282153928339155
5.3225	 0.530836779047517
5.3171	 0.5326456132154784
5.3116	 0.5344271657830338
5.3062	 0.5362647800425039
5.3008	 0.5382016750914185
5.2954	 0.5401554439944974
5.29	 0.5421125657877912
5.2846	 0.544086883867296
5.2792	 0.5460536008412921
5.2738	 0.5480313043014083
5.2684	 0.5500321775716899
5.2631	 0.5515684938918236
5.2578	 0.5534804222069861
5.2524	 0.55508887852477
5.2471	 0.5564476304579165
5.2418	 0.5575500643121792
5.2365	 0.5583364945585005
5.2312	 0.5586759676770982
5.226	 0.5585659830494059
5.2207	 0.5579924233967879
5.2154	 0.5570033697253717
5.2102	 0.5556438217715084
5.205	 0.5539781524194284
5.1998	 0.5521082128300822
5.1945	 0.5501880916517994
5.1893	 0.5487025055594196
5.1842	 0.5469202637278895
5.179	 0.5452181036604457
5.1738	 0.543625357293616
5.1686	 0.5421793654229337
5.1635	 0.5409028336760006
5.1584	 0.5397880879405913
5.1532	 0.5388376664525981
5.1481	 0.5380402289092788
5.143	 0.5373501117069925
5.1379	 0.5367296438601009
5.1328	 0.5361636671968358
5.1277	 0.5368149790509232
5.1227	 0.5373589442056674
5.1176	 0.5370680947201228
5.1126	 0.5369226491042334
5.1075	 0.5369792378328828
5.1025	 0.5372568316489393
5.0975	 0.5378229927737773
5.0925	 0.5387296233246568
5.0875	 0.5399451944696559
5.0825	 0.5414303345988443
5.0775	 0.5431966192031794
5.0726	 0.5451870551440097
5.0676	 0.5499015612195821
5.0627	 0.5521504914597192
5.0577	 0.5545603521541725
5.0528	 0.5582843284706658
5.0479	 0.5609830489829999
5.043	 0.5637990625313708
5.038	 0.5667459991552682
5.0332	 0.5698665182610564
5.0283	 0.5731575310030408
5.0234	 0.5765541117885727
5.0185	 0.5800969531477352
5.0137	 0.5837545115801916
5.0088	 0.589350923867838
5.004	 0.5930020308365952
4.9992	 0.596625719450448
4.9944	 0.6001968855747771
4.9896	 0.6036426642587117
4.9848	 0.6070022806080286
4.98	 0.6102168613761807
4.9752	 0.6132774452955176
4.9704	 0.6161441379830862
4.9657	 0.6187681164722685
4.9609	 0.621144447494992
4.9562	 0.6232967304324721
4.9514	 0.6263829491621069
4.9467	 0.6281367001997632
4.942	 0.629777120897795
4.9373	 0.6313394540395927
4.9326	 0.6328313665033187
4.9279	 0.6343902927928174
4.9232	 0.6357400879077312
4.9186	 0.636933804471931
4.9139	 0.6379333767612989
4.9092	 0.638672171179979
4.9046	 0.6391294980416838
4.9	 0.6392565625497534
4.8953	 0.6396311800789443
4.8907	 0.6389210693196101
4.8861	 0.6378774752177947
4.8815	 0.6365246117945107
4.8769	 0.6348952073339265
4.8723	 0.6330880351873893
4.8678	 0.6320744869818086
4.8632	 0.630093561024278
4.8586	 0.6280458843457524
4.8541	 0.6259368874234336
4.8495	 0.6237328049998797
4.845	 0.6221734519410969
4.8405	 0.6199155609815037
4.836	 0.6176450547386574
4.8315	 0.6153459634584136
4.827	 0.613042832689052
4.8225	 0.6107414390328455
4.818	 0.6084350476108503
4.8135	 0.6061492141510538
4.809	 0.6056303494776798
4.8046	 0.6034425569977532
4.8001	 0.6012777840480259
4.7957	 0.5999407157792369
4.7913	 0.5978498480177638
4.7868	 0.5958037016812718
4.7824	 0.593811309099429
4.778	 0.5918557412759601
4.7736	 0.5899672155166501
4.7692	 0.5881679834852017
4.7648	 0.5864470200649327
4.7605	 0.5847909946498528
4.7561	 0.5831869298961448
4.7517	 0.5832936130471151
4.7474	 0.5823932271098758
4.7431	 0.5807968050733936
4.7387	 0.5791847739607993
4.7344	 0.5775508129931192
4.7301	 0.575884015829257
4.7258	 0.574200337402272
4.7215	 0.5725401725267459
4.7172	 0.5709220900507226
4.7129	 0.5693500357721365
4.7086	 0.5678219900012738
4.7043	 0.5663767969814222
4.7	 0.5651835366056911
4.6958	 0.565192019865737
4.6915	 0.5639858742056948
4.6873	 0.562907246319451
4.6831	 0.5619366749650825
4.6788	 0.5610556873828548
4.6746	 0.5602022348053131
4.6704	 0.5593288939686308
4.6662	 0.5584449925738327
4.662	 0.557548736151318
4.6578	 0.5566353293888618
4.6536	 0.5558100409341228
4.6495	 0.554957010115604
4.6453	 0.5547998885206377
4.6411	 0.5539238233350541
4.637	 0.5530223112743788
4.6328	 0.5521063190044194
4.6287	 0.5511821613946564
4.6246	 0.5502465742899776
4.6205	 0.5493013751800218
4.6163	 0.548344350430836
4.6122	 0.5473807479760789
4.6081	 0.546738280318235
4.604	 0.5458035784110519
4.6	 0.5448743796439143
4.5959	 0.5446004257172177
4.5918	 0.5436821026527507
4.5877	 0.542776064547274
4.5837	 0.5418838154474586
4.5796	 0.5410193985544666
4.5756	 0.5401812257827316
4.5716	 0.5393582238082048
4.5675	 0.5385557851133614
4.5635	 0.5383877953562375
4.5595	 0.5376734609894118
4.5555	 0.5369932165554996
4.5515	 0.53634473160664
4.5475	 0.5363785276422558
4.5435	 0.5358208966267544
4.5395	 0.5353285617078282
4.5356	 0.5348957526038451
4.5316	 0.5345271405134197
4.5276	 0.5342231020797152
4.5237	 0.5339796133563697
4.5197	 0.5344045912130923
4.5158	 0.5342781546078729
4.5119	 0.5342291252604753
4.508	 0.5342551160658778
4.504	 0.5343457983988227
4.5001	 0.5351340527092957
4.4962	 0.5353418031267889
4.4923	 0.5355556423599818
4.4884	 0.5357765966416945
4.4846	 0.5360101531511149
4.4807	 0.5366123413572105
4.4768	 0.5368453612934991
4.473	 0.5371114979677463
4.4691	 0.5374164973383628
4.4652	 0.5377589249081334
4.4614	 0.5381390985790917
4.4576	 0.5385482224870078
4.4537	 0.5394442071262987
4.4499	 0.5398046125644332
4.4461	 0.5401479365272248
4.4423	 0.5407849199773789
4.4385	 0.5410851200775173
4.4347	 0.5413849780703379
4.4309	 0.541684672299038
4.4271	 0.541977805752082
4.4233	 0.542268342134713
4.4196	 0.5425579721383775
4.4158	 0.5428253050361019
4.412	 0.543068404830736
4.4083	 0.5434943790918527
4.4045	 0.5439192978891397
4.4008	 0.5440600049954761
4.3971	 0.5441737679325073
4.3934	 0.5442612605303581
4.3896	 0.5443134969222174
4.3859	 0.5443328944866422
4.3822	 0.5443226065970378
4.3785	 0.5442757642844724
4.3748	 0.5441897025086151
4.3711	 0.5440690446172836
4.3674	 0.5439181772417152
4.3638	 0.5440202123561523
4.3601	 0.5437858325580647
4.3564	 0.5435220664530296
4.3528	 0.5432361123656562
4.3491	 0.5429279587650855
4.3455	 0.5425913244147585
4.3418	 0.5422260589178525
4.3382	 0.5418362570177996
4.3346	 0.5414137551708943
4.331	 0.5409596320797948
4.3273	 0.5407035292471073
4.3237	 0.5402174325861988
4.3201	 0.5399676679530016
4.3165	 0.5394668961541165
4.3129	 0.5389516727687209
4.3094	 0.5384234670264563
4.3058	 0.5378773375382129
4.3022	 0.5373035716144007
4.2986	 0.5367208408318289
4.2951	 0.5361525083381489
4.2915	 0.535783251475907
4.288	 0.5352059958832504
4.2844	 0.5346398591156715
4.2809	 0.5346875586380554
4.2774	 0.534173342670862
4.2738	 0.5336685612435065
4.2703	 0.5331761085068695
4.2668	 0.5326844510459684
4.2633	 0.5321802863962437
4.2598	 0.5316364981124794
4.2563	 0.5312077475407208
4.2528	 0.5306126140156449
4.2493	 0.5300200806835902
4.2458	 0.5294355579944455
4.2424	 0.5294262560512978
4.2389	 0.5288693012010675
4.2354	 0.5283214180968059
4.232	 0.5277767619713826
4.2285	 0.5272396450544927
4.2251	 0.5267070539727118
4.2216	 0.5262431494439926
4.2182	 0.5256958206785123
4.2148	 0.5251620613056971
4.2113	 0.5246386878347012
4.2079	 0.5241372669335702
4.2045	 0.524098714756908
4.2011	 0.5236079585667844
4.1977	 0.5231305550974742
4.1943	 0.5226680162610029
4.1909	 0.5222189234731969
4.1875	 0.521825082640033
4.1841	 0.5214068341166361
4.1808	 0.5209976664558515
4.1774	 0.5206018973303074
4.174	 0.5202268191566514
4.1707	 0.519864030735535
4.1673	 0.5195099189878675
4.164	 0.5194160236611103
4.1606	 0.5190855236514459
4.1573	 0.5187854170509874
4.154	 0.5184640981637452
4.1506	 0.5181435910557639
4.1473	 0.5178350523596033
4.144	 0.5175315047657721
4.1407	 0.5172314406179631
4.1374	 0.5169388655835991
4.1341	 0.51665332276104
4.1308	 0.5163642450759767
4.1275	 0.516220034619838
4.1242	 0.515910936239515
4.1209	 0.515591637448117
4.1177	 0.5152648127606692
4.1144	 0.5149256064298413
4.1111	 0.5145641158193404
4.1079	 0.5141894364905603
4.1046	 0.5138111193449953
4.1014	 0.5134173918500642
4.0981	 0.5129880439618113
4.0949	 0.5125377969614211
4.0917	 0.5122588273843679
4.0884	 0.511807600831538
4.0852	 0.5113458721812573
4.082	 0.5108538279384388
4.0788	 0.5103382934270514
4.0756	 0.5098176813255576
4.0724	 0.5092879704648026
4.0692	 0.5087475795866356
4.066	 0.5082052149817173
4.0628	 0.5075776176461003
4.0596	 0.5070604478422522
4.0565	 0.5067725458964931
4.0533	 0.5062743639784248
4.0501	 0.5057872366973064
4.047	 0.5053103566203714
4.0438	 0.5048361162173448
4.0406	 0.5043586445745344
4.0375	 0.5038859704215091
4.0344	 0.5032957512892883
4.0312	 0.5028285336406985
4.0281	 0.5023701844673745
4.025	 0.5019294709604557
4.0218	 0.5016658601332732
4.0187	 0.5012313453297715
4.0156	 0.5008084257782457
4.0125	 0.5003923374186812
4.0094	 0.49996734438232854
4.0063	 0.4995321529778852
4.0032	 0.49895436109893165
4.0001	 0.4985344004276365
3.997	 0.49811770015226636
3.994	 0.49770328957081644
3.9909	 0.4972863912226569
3.9878	 0.4970108457190066
3.9847	 0.4965899773243479
3.9817	 0.49616963637758144
3.9786	 0.49574162845905406
3.9756	 0.49511953786625085
3.9725	 0.49467502655858664
3.9695	 0.494238321050888
3.9665	 0.4938005054817385
3.9634	 0.49335054675011086
3.9604	 0.49289372066172754
3.9574	 0.492535834474718
3.9544	 0.4920735355431277
3.9513	 0.4916172827635165
3.9483	 0.4909370548918694
3.9453	 0.490471294992371
3.9423	 0.48999561560112814
3.9393	 0.4895112442766243
3.9363	 0.489020409375432
3.9333	 0.48852849547950816
3.9304	 0.48803823750962033
3.9274	 0.4875462993835575
3.9244	 0.4871124312289237
3.9214	 0.48639046149389914
3.9185	 0.4859079274778023
3.9155	 0.48542509453921007
3.9126	 0.4849496680938624
3.9096	 0.4844786458259862
3.9067	 0.48400686787065206
3.9037	 0.4835405124136751
3.9008	 0.4830943289047806
3.8979	 0.4826613221649861
3.8949	 0.4819688299917095
3.892	 0.4815455257076426
3.8891	 0.4811119223506927
3.8862	 0.48067538065768256
3.8833	 0.4802461860359582
3.8804	 0.47983770264001807
3.8775	 0.4794357119632046
3.8746	 0.4790313733026047
3.8717	 0.4786266803965024
3.8688	 0.4779543800345735
3.8659	 0.47755645645206146
3.863	 0.47714161858118476
3.8601	 0.4767562975767651
3.8573	 0.47637759798404045
3.8544	 0.47599829142281574
3.8515	 0.47561605024607645
3.8487	 0.475234123493508
3.8458	 0.4748464814494802
3.843	 0.4741597645840346
3.8401	 0.47377168003164216
3.8373	 0.4733774310457978
3.8344	 0.47293776640431767
3.8316	 0.47253494588693334
3.8288	 0.4721235671198105
3.8259	 0.4716981032614646
3.8231	 0.4712622014680986
3.8203	 0.47083011265072083
3.8175	 0.47004978969331507
3.8147	 0.4695895101549519
3.8119	 0.46912828882526253
3.8091	 0.4686793393984976
3.8063	 0.46823067473385127
3.8035	 0.4677068595485528
3.8007	 0.46723414015873893
3.7979	 0.4667513050977146
3.7951	 0.466267278671531
3.7924	 0.4653801378845553
3.7896	 0.4648842700769367
3.7868	 0.46438239299498535
3.7841	 0.46387342682138855
3.7813	 0.4633729605668566
3.7785	 0.46287941503550195
3.7758	 0.46228747681777094
3.773	 0.461787761413938
3.7703	 0.4608240098084663
3.7676	 0.4603017203820019
3.7648	 0.45977431320310425
3.7621	 0.4592480773397738
3.7594	 0.45872036982303954
3.7566	 0.458192256314618
3.7539	 0.4576655407843784
3.7512	 0.4571397806084955
3.7485	 0.4564735573440929
3.7458	 0.45540736307070256
3.7431	 0.4548617115868671
3.7404	 0.4543270372159663
3.7377	 0.45379922862648114
3.735	 0.45327276523263854
3.7323	 0.4527516250793171
3.7296	 0.4522307857058374
3.7269	 0.45170924684997527
3.7242	 0.45118470015107504
3.7216	 0.44993092128980133
3.7189	 0.4493886024813482
3.7162	 0.4488593385958811
3.7136	 0.44833320862377934
3.7109	 0.44779611429661936
3.7083	 0.4472447327180596
3.7056	 0.44669108032765686
3.703	 0.446132432208874
3.7003	 0.44504950831871076
3.6977	 0.4445103012973645
3.695	 0.4437762563718697
3.6924	 0.4432606373045503
3.6898	 0.4427447647762124
3.6872	 0.4422396503845441
3.6845	 0.4417544907543917
3.6819	 0.4412697424276713
3.6793	 0.4407719039658773
3.6767	 0.4398403990476705
3.6741	 0.4393594606522271
3.6715	 0.43888872620076913
3.6689	 0.43818971211492014
3.6663	 0.4377184408225953
3.6637	 0.43725015800781636
3.6611	 0.4367770835584862
3.6585	 0.4363011644019569
3.656	 0.4354187882580098
3.6534	 0.4349546615006473
3.6508	 0.43449382813597476
3.6482	 0.4340353003903215
3.6457	 0.4335826242355259
3.6431	 0.4328822305750428
3.6406	 0.43241650984775776
3.638	 0.43196107639414144
3.6355	 0.4310952957361161
3.6329	 0.430631547662338
3.6304	 0.4301695069607188
3.6278	 0.42971461106065517
3.6253	 0.429259010606719
3.6227	 0.4288004439355189
3.6202	 0.42834098384098046
3.6177	 0.4275956608533249
3.6152	 0.4271281645582768
3.6127	 0.4261797524368286
3.6101	 0.4257468774780502
3.6076	 0.4253140077691498
3.6051	 0.42490067188647374
3.6026	 0.4245120990571168
3.6001	 0.42415009144229254
3.5976	 0.4238000618185548
3.5951	 0.4234606101246266
3.5926	 0.4223772309681418
3.5901	 0.4220753089165058
3.5876	 0.42179171142286165
3.5852	 0.4215173542774625
3.5827	 0.4212483444142321
3.5802	 0.4209851900406168
3.5777	 0.42073230658971994
3.5753	 0.4204917664320186
3.5728	 0.4198096913099925
3.5704	 0.4192742390164857
3.5679	 0.4190915130604056
3.5654	 0.41893866501653254
3.563	 0.41880683003284247
3.5605	 0.41869390358274644
3.5581	 0.41859986749036143
3.5557	 0.4185082633035119
3.5532	 0.41795639188517253
3.5508	 0.41788040355128875
3.5484	 0.4178247992642145
3.5459	 0.4174187250046429
3.5435	 0.4173936155354061
3.5411	 0.41738148239248923
3.5387	 0.4173778398018509
3.5363	 0.4173712849237776
3.5338	 0.4168809905825439
3.5314	 0.41687414542973894
3.529	 0.4168744112727636
3.5266	 0.41688237862250765
3.5242	 0.41690313335225765
3.5218	 0.4165024678904193
3.5195	 0.41652220654125893
3.5171	 0.4165435676644407
3.5147	 0.4160635107306181
3.5123	 0.41609267150944873
3.5099	 0.416154247749133
3.5075	 0.4162260305648039
3.5052	 0.41628848369436855
3.5028	 0.4163524021524686
3.5004	 0.41593466871337104
3.4981	 0.4159577036250277
3.4957	 0.41545717469968896
3.4934	 0.41543310109463416
3.491	 0.4153875702724745
3.4887	 0.415329968955842
3.4863	 0.4152573957237135
3.484	 0.4151625620961513
3.4816	 0.41507217491091375
3.4793	 0.4149847421799223
3.477	 0.41387847023347923
3.4746	 0.41376824085195124
3.4723	 0.4136455981751019
3.47	 0.4135270924284335
3.4677	 0.413414508786455
3.4653	 0.413291993816478
3.463	 0.41316675769726996
3.4607	 0.4130428699513106
3.4584	 0.4129314390320112
3.4561	 0.41184983627814753
3.4538	 0.4117713403684604
3.4515	 0.4116835996869843
3.4492	 0.41161053606937836
3.4469	 0.4115555334495378
3.4446	 0.41152152316124785
3.4423	 0.41151395178436373
3.44	 0.41109583950444445
3.4378	 0.41107581906151336
3.4355	 0.4104955720519132
3.4332	 0.41051888969867156
3.4309	 0.41056786522369715
3.4287	 0.4106321271981433
3.4264	 0.4107228281466626
3.4241	 0.410837330976101
3.4219	 0.4105891503733104
3.4196	 0.41076882736255926
3.4174	 0.41096492596476664
3.4151	 0.411170166116428
3.4129	 0.4107965395988575
3.4106	 0.41097491994061586
3.4084	 0.41115197408177784
3.4061	 0.4113278298812552
3.4039	 0.41110421561568355
3.4017	 0.41124685259031085
3.3994	 0.41136381851498666
3.3972	 0.4114788162915743
3.395	 0.4115830198390651
3.3928	 0.4111103582340281
3.3906	 0.41120425340387334
3.3883	 0.41128692430213243
3.3861	 0.4109416916845168
3.3839	 0.4110087559302176
3.3817	 0.41108550392954535
3.3795	 0.41117782828255783
3.3773	 0.41128617057384115
3.3751	 0.41138168477275544
3.3729	 0.4109295385192373
3.3707	 0.410595029619767
3.3685	 0.4106565496856084
3.3663	 0.41070353587720276
3.3641	 0.4107464460405869
3.362	 0.41077737768429534
3.3598	 0.41078551865859764
3.3576	 0.4107995639405532
3.3554	 0.41082577612138477
3.3533	 0.40992183055111076
3.3511	 0.40992970161258363
3.3489	 0.40993280681704103
3.3468	 0.40992898038445846
3.3446	 0.4099097540431176
3.3425	 0.4098677520576594
3.3403	 0.409827084653841
3.3382	 0.409792167865705
3.336	 0.40931631225765597
3.3339	 0.40885196172624083
3.3317	 0.40882730854113336
3.3296	 0.40881123044259954
3.3274	 0.40879210970421337
3.3253	 0.40875810590248995
3.3232	 0.40872925112422126
3.321	 0.40824428722746003
3.3189	 0.4082108771458126
3.3168	 0.40818636769292055
3.3147	 0.4077342330566384
3.3126	 0.40772073049170776
3.3104	 0.40768238492871456
3.3083	 0.4076321060901172
3.3062	 0.4076068394320062
3.3041	 0.40710588842133894
3.302	 0.4070899607536663
3.2999	 0.40708775182993184
3.2978	 0.4071123871781602
3.2957	 0.40666056123668426
3.2936	 0.40665875723851036
3.2915	 0.40669042800317035
3.2894	 0.406225584526061
3.2874	 0.406274381850255
3.2853	 0.4063165237272363
3.2832	 0.4063655137578602
3.2811	 0.40643595324087095
3.279	 0.40650624000985
3.277	 0.40601806127133544
3.2749	 0.40608911521152935
3.2728	 0.4056244540698718
3.2708	 0.4056906414127182
3.2687	 0.405734443185151
3.2666	 0.40577905849889334
3.2646	 0.4058540707072047
3.2625	 0.40593874122839246
3.2605	 0.40601580151538647
3.2584	 0.4055145272741728
3.2564	 0.40489587818140405
3.2543	 0.4048680243083235
3.2523	 0.4048529546761651
3.2503	 0.40483809845835717
3.2482	 0.4048151200908825
3.2462	 0.4047693334359478
3.2442	 0.4046751825043187
3.2421	 0.4040263181195575
3.2401	 0.40334952131307794
3.2381	 0.40325167317073596
3.2361	 0.40314735833532356
3.234	 0.4030360322938323
3.232	 0.40289648576804576
3.23	 0.40274999465501926
3.228	 0.4021170787442409
3.226	 0.4019652851646138
3.224	 0.4017872366256924
3.222	 0.40107623803065945
3.22	 0.4008514131186157
3.218	 0.40062818014755786
3.216	 0.4004113237415736
3.214	 0.4001798656654144
3.212	 0.39949361552447193
3.21	 0.39928166101576146
3.208	 0.399071558578458
3.206	 0.3988767898214445
3.204	 0.3981800965365574
3.2021	 0.3979824862303728
3.2001	 0.3973731744474127
3.1981	 0.39720561571181984
3.1961	 0.3970418301169922
3.1942	 0.3969134969974914
3.1922	 0.39676982414408674
3.1902	 0.3966129437098845
3.1883	 0.39648875263160444
3.1863	 0.3958857491725729
3.1844	 0.395409501827006
3.1824	 0.3953474419904537
3.1805	 0.3952536322222969
3.1785	 0.3951273089606051
3.1766	 0.39500939973620086
3.1746	 0.3949200879713405
3.1727	 0.39482779484058916
3.1707	 0.3938533654866553
3.1688	 0.39379092436133273
3.1669	 0.3937459679322309
3.1649	 0.3936844084562149
3.163	 0.3936124579240495
3.1611	 0.3935674968845045
3.1591	 0.39352665605460996
3.1572	 0.3931071945614281
3.1553	 0.39308325255061344
3.1534	 0.39261986865886483
3.1515	 0.3926472730350853
3.1495	 0.3926746304146938
3.1476	 0.39269154896961317
3.1457	 0.3927318420287672
3.1438	 0.39250271604174264
3.1419	 0.39258234368133554
3.14	 0.3926569560950019
3.1381	 0.39273859887996554
3.1362	 0.39236017999017975
3.1343	 0.3924700972934188
3.1324	 0.3926037772103894
3.1305	 0.3924788522044419
3.1286	 0.39260949364358233
3.1268	 0.39275943925247825
3.1249	 0.39293819390434154
3.123	 0.39313401641736645
3.1211	 0.39286265443999585
3.1192	 0.3930727756842591
3.1174	 0.3931058357243467
3.1155	 0.3933437998470407
3.1136	 0.3935801164437578
3.1117	 0.393841568183166
3.1099	 0.3941353126383623
3.108	 0.3944321154238253
3.1061	 0.3947088264436169
3.1043	 0.3944220395071493
3.1024	 0.3947607837915792
3.1006	 0.3951191103117853
3.0987	 0.3954885883996633
3.0969	 0.3958845432346939
3.095	 0.39632284737172396
3.0932	 0.3967701115346456
3.0913	 0.3971714674924917
3.0895	 0.39722523909778773
3.0876	 0.3977128895722357
3.0858	 0.39824584599874274
3.084	 0.39882072416765035
3.0821	 0.39940204657074385
3.0803	 0.39998603970828994
3.0785	 0.4005924034202735
3.0766	 0.4011803034547971
3.0748	 0.40183488797245154
3.073	 0.4020727740813151
3.0712	 0.40276555327381214
3.0694	 0.4034819058895907
3.0675	 0.4042326733775357
3.0657	 0.40503147821005137
3.0639	 0.4057693010925478
3.0621	 0.4065012238141145
3.0603	 0.40725476157980856
3.0585	 0.407570196980717
3.0567	 0.4083921519466853
3.0549	 0.4092383507653239
3.0531	 0.4100924638191878
3.0513	 0.4109946791434637
3.0495	 0.41186089292412287
3.0477	 0.41271449815219363
3.0459	 0.413596335931837
3.0441	 0.41452852088715747
3.0423	 0.4149067670310296
3.0406	 0.41583138082901905
3.0388	 0.41671572810050084
3.037	 0.4176661816991884
3.0352	 0.4185932187168025
3.0334	 0.419522711876276
3.0317	 0.4204573425295431
3.0299	 0.4213655245783555
3.0281	 0.42160581471223785
3.0264	 0.42250136010667283
3.0246	 0.4234121643085591
3.0228	 0.4243515048536262
3.0211	 0.42532184889676505
3.0193	 0.42629776850617507
3.0176	 0.4272471110562465
3.0158	 0.4281502653741905
3.014	 0.4291206224854437
3.0123	 0.42946490591560343
3.0105	 0.43043788974875685
3.0088	 0.4314295539071717
3.007	 0.4324037706953731
3.0053	 0.4333773056045752
3.0036	 0.4343139128105807
3.0018	 0.43528297860423754
3.0001	 0.4356249593040392
2.9984	 0.436618605316866
2.9966	 0.4376295039308037
2.9949	 0.43862160217027607
2.9932	 0.43955372000086695
2.9914	 0.44055566417425424
2.9897	 0.4415556595108269
2.988	 0.44252121474641076
2.9863	 0.4434705769673022
2.9845	 0.4438083747381932
2.9828	 0.44474097265767093
2.9811	 0.4456435762680865
2.9794	 0.44661508942920647
2.9777	 0.44759202277861593
2.976	 0.4485508171958442
2.9743	 0.4495098357206694
2.9726	 0.45050230018178045
2.9709	 0.4508650860067434
2.9692	 0.4518008325154253
2.9675	 0.45272899997774385
2.9658	 0.4536634510542271
2.9641	 0.45463115712601165
2.9624	 0.45560082902409516
2.9607	 0.45655870185988834
2.959	 0.457543797058134
2.9573	 0.457886870512477
2.9556	 0.45886310677471365
2.9539	 0.4597947813497127
2.9523	 0.46070205653836616
2.9506	 0.4616088832816011
2.9489	 0.46252152247907585
2.9472	 0.4634118406189425
2.9455	 0.4643054891794471
2.9439	 0.4646183251205697
2.9422	 0.4655019194974991
2.9405	 0.46639470985415
2.9389	 0.46728552033883997
2.9372	 0.46815525520988216
2.9355	 0.4689895310564978
2.9339	 0.4698266753409862
2.9322	 0.47070976098883355
2.9306	 0.4710933914232963
2.9289	 0.4720884907112481
2.9272	 0.473137246225716
2.9256	 0.4742437848595167
2.9239	 0.47579197084015407
2.9223	 0.47706663313163816
2.9207	 0.4784358838497254
2.919	 0.47991488529641
2.9174	 0.4810111434943367
2.9157	 0.48270652784795504
2.9141	 0.48559878762567277
2.9124	 0.4875464018164317
2.9108	 0.48951478048778024
2.9092	 0.49150472462732325
2.9075	 0.49352638014321926
2.9059	 0.49554023923634805
2.9043	 0.49705008079244994
2.9027	 0.5004574740059023
2.901	 0.502721210361908
2.8994	 0.5051676266778063
2.8978	 0.5078202106382648
2.8962	 0.5106748184476301
2.8946	 0.5137495659515515
2.8929	 0.5198624902377266
2.8913	 0.5232385541100935
2.8897	 0.5272767891275341
2.8881	 0.5315815864020311
2.8865	 0.5361139354539822
2.8849	 0.5408104144957677
2.8833	 0.5456239298532563
2.8817	 0.5547877780083007
2.8801	 0.5598499245570406
2.8785	 0.5649333082145006
2.8769	 0.5696922767353961
2.8753	 0.5747528149475927
2.8737	 0.579799751481119
2.8721	 0.5889894120419797
2.8705	 0.5938863036029717
2.8689	 0.5987346324321183
2.8673	 0.603530273402054
2.8658	 0.6079595254495488
2.8642	 0.6126171976001763
2.8626	 0.6172663598379386
2.861	 0.625519864622735
2.8594	 0.6299890769157376
2.8579	 0.6343736082213202
2.8563	 0.6387060659715627
2.8547	 0.6429654547744376
2.8531	 0.647134483010336
2.8516	 0.6540883508669655
2.85	 0.6580294879362678
2.8484	 0.6619368732790459
2.8469	 0.6657842365848183
2.8453	 0.6695476121413639
2.8437	 0.6732287262452219
2.8422	 0.6794234278408635
2.8406	 0.6829328632617695
2.8391	 0.6862459432093891
2.8375	 0.6896357460099971
2.836	 0.6929493519366474
2.8344	 0.6962316697686532
2.8329	 0.6994436141143412
2.8313	 0.704649112349069
2.8298	 0.7076974644010321
2.8282	 0.710597670529234
2.8267	 0.713566624343689
2.8252	 0.7164653117666575
2.8236	 0.721076448070767
2.8221	 0.7238244952394451
2.8205	 0.7264932044093533
2.819	 0.7291179619771473
2.8175	 0.7317108010924758
2.8159	 0.7341727426782658
2.8144	 0.7366659596768474
2.8129	 0.7405374656422927
2.8114	 0.7429324735452048
2.8098	 0.7452598785410096
2.8083	 0.7475379148405608
2.8068	 0.749790514680347
2.8053	 0.7519923636986182
2.8038	 0.7552518642445692
2.8022	 0.7573715649455781
2.8007	 0.7594603413796513
2.7992	 0.7615062853115822
2.7977	 0.7635092075844314
2.7962	 0.7654712892773025
2.7947	 0.7673955625040193
2.7932	 0.7701606068787477
2.7917	 0.7720226610608435
2.7902	 0.7738565209283468
2.7887	 0.7756672315607533
2.7872	 0.7774505191658255
2.7857	 0.7791983750956597
2.7842	 0.7817058834565818
2.7827	 0.7833946219757492
2.7812	 0.7850272050915338
2.7797	 0.7866583227756574
2.7782	 0.7882660916657516
2.7767	 0.7898605711012672
2.7752	 0.7920846342617351
2.7738	 0.7935987360027801
2.7723	 0.7950874020278206
2.7708	 0.7965646325777731
2.7693	 0.798011085195642
2.7678	 0.7994560770176099
2.7664	 0.8008880474266206
2.7649	 0.8028252044134894
2.7634	 0.8041824352743089
2.7619	 0.8055239912491474
2.7605	 0.8068443187793836
2.759	 0.8081417734978581
2.7575	 0.8098996336643868
2.7561	 0.8111533832302228
2.7546	 0.8124035797058619
2.7531	 0.8136365488903017
2.7517	 0.8148535267421745
2.7502	 0.8160589336860004
2.7488	 0.8172406917215024
2.7473	 0.8187852331655678
2.7458	 0.8199279608090623
2.7444	 0.8210582126665413
2.7429	 0.8221698248257995
2.7415	 0.8232694824679511
2.74	 0.824355647769303
2.7386	 0.8257289363062205
2.7371	 0.8267813794227469
2.7357	 0.8278367955126289
2.7343	 0.8288662169708547
2.7328	 0.829877982252223
2.7314	 0.8308396244441519
2.7299	 0.8319888405373308
2.7285	 0.8328466977557736
2.7271	 0.8336553363747224
2.7256	 0.8344090942057808
2.7242	 0.835128806515241
2.7228	 0.8357881868289428
2.7213	 0.836571287982937
2.7199	 0.8370900542026005
2.7185	 0.8375127710342658
2.7171	 0.8378490119695317
2.7156	 0.8381181388582507
2.7142	 0.8383589300646361
2.7128	 0.8386481581788809
2.7114	 0.838736727226919
2.71	 0.8387960940501781
2.7085	 0.8388229767623911
2.7071	 0.8388251620671441
2.7057	 0.8388285917710673
2.7043	 0.8389380614590665
2.7029	 0.8389453868573926
2.7015	 0.8388144600053109
2.7001	 0.8385814619586226
2.6987	 0.8382157555087277
2.6973	 0.8377054395655117
2.6959	 0.8371231820102933
2.6945	 0.8362879908458002
2.6931	 0.8354066848102549
2.6917	 0.8342414351918511
2.6903	 0.8328866357882947
2.6889	 0.8313282635390951
2.6875	 0.8296436483295162
2.6861	 0.8277150113659785
2.6847	 0.8256235970353608
2.6833	 0.82339752050863
2.6819	 0.8212637537045884
2.6805	 0.8188881148473164
2.6791	 0.8163507529736183
2.6778	 0.8137422120579214
2.6764	 0.811083027620576
2.675	 0.808376480663067
2.6736	 0.8056040888765833
2.6722	 0.8031173275029306
2.6709	 0.8003473097697617
2.6695	 0.7975132190703338
2.6681	 0.794646614050323
2.6667	 0.7917576414182274
2.6654	 0.7888695506962344
2.664	 0.7859604623578286
2.6626	 0.7830647829429997
2.6613	 0.7805696571708168
2.6599	 0.7775978747202864
2.6585	 0.7746264222681072
2.6572	 0.7716458609185248
2.6558	 0.7686604487563956
2.6545	 0.7657480856859108
2.6531	 0.7627875851008896
2.6517	 0.7604467830990453
2.6504	 0.7575187895292758
2.649	 0.7545816670063255
2.6477	 0.7517024115977585
2.6463	 0.7487812822465567
2.645	 0.745875647112412
2.6436	 0.7429832486113125
2.6423	 0.7408280042564741
2.6409	 0.737973900277003
2.6396	 0.7351273394188205
2.6382	 0.7323590725075682
2.6369	 0.72954767537855
2.6356	 0.7267487732116202
2.6342	 0.7239648190209962
2.6329	 0.7212077563564483
2.6315	 0.7194025765024359
2.6302	 0.7167150695458997
2.6289	 0.7140482422693628
2.6275	 0.7113787261254463
2.6262	 0.708726887631381
2.6249	 0.7061000636184928
2.6236	 0.7044036894501884
2.6222	 0.7018846342999863
2.6209	 0.6993161442580443
2.6196	 0.6967914028617711
2.6183	 0.6942838928560487
2.6169	 0.6918651150827302
2.6156	 0.6893890071859111
2.6143	 0.686925148138817
2.613	 0.6854768354674367
2.6117	 0.6830444404845797
2.6103	 0.680625243351629
2.609	 0.6782364988777501
2.6077	 0.6759597639760735
2.6064	 0.6736207548510074
2.6051	 0.6713078089219021
2.6038	 0.6700793176234683
2.6025	 0.6677964544910556
2.6012	 0.6655156358661007
2.5999	 0.6633248146224137
2.5986	 0.6610664338607789
2.5973	 0.6588231312722426
2.596	 0.6566133751529933
2.5947	 0.6544535780935686
2.5934	 0.6535030804767167
2.5921	 0.6513455012686837
2.5908	 0.6491780172652702
2.5895	 0.6470188818430581
2.5882	 0.6448767747953739
2.5869	 0.6427553672293725
2.5856	 0.6407077883018638
2.5843	 0.6397706759787523
2.583	 0.6376868198293479
2.5817	 0.6356036261115642
2.5805	 0.6335258468466497
2.5792	 0.6314620277559555
2.5779	 0.6294448362224419
2.5766	 0.6273909168120815
2.5753	 0.6265492029972185
2.5741	 0.6245266441439499
2.5728	 0.6225133522044172
2.5715	 0.6205169858322243
2.5702	 0.6184994477974954
2.569	 0.6164995406704502
2.5677	 0.6145056973446024
2.5664	 0.6125094230459125
2.5651	 0.6117563067654681
2.5639	 0.6097785134605835
2.5626	 0.6078162561603723
2.5613	 0.6058586014011242
2.5601	 0.6039016595326496
2.5588	 0.6019411774197684
2.5575	 0.6012395757728966
2.5563	 0.5992521307667759
2.555	 0.5973081585123524
2.5538	 0.5953738252683719
2.5525	 0.5934511630270647
2.5513	 0.5915367633994959
2.55	 0.5895795051586556
2.5487	 0.587675526454181
2.5475	 0.5870668959034546
2.5462	 0.5851922356491379
2.545	 0.5833286351307254
2.5437	 0.5814748253467881
2.5425	 0.5795895061180357
2.5413	 0.5777582460149376
2.54	 0.5759382145078628
2.5388	 0.5754295846690739
2.5375	 0.5736376495991073
2.5363	 0.5718644980858335
2.535	 0.57009162202767
2.5338	 0.5683474289026457
2.5326	 0.5666284319800711
2.5313	 0.5649341890787735
2.5301	 0.5645503742155835
2.5289	 0.5628977857473477
2.5276	 0.5612833130969835
2.5264	 0.5596761064487914
2.5252	 0.5580904472418018
2.5239	 0.5565303905434958
2.5227	 0.5549966115323951
2.5215	 0.5547499524016032
2.5202	 0.5532571427345079
2.519	 0.5518035998810091
2.5178	 0.5503840273178591
2.5166	 0.5489910327748106
2.5154	 0.5476247603809239
2.5141	 0.546342622550473
2.5129	 0.5461558293824315
2.5117	 0.5448548333376407
2.5105	 0.5435772987554428
2.5093	 0.5423195186934848
2.5081	 0.5411501514466897
2.5068	 0.5399180491557506
2.5056	 0.5386977426799435
2.5044	 0.5386023976999076
2.5032	 0.5374177808277496
2.502	 0.5363512120873856
2.5008	 0.5352257289276006
2.4996	 0.5341427629095014
2.4984	 0.5331052729611923
2.4972	 0.5321169905730039
2.496	 0.5320948118858938
2.4948	 0.5312746194180931
2.4936	 0.5304076936943138
2.4924	 0.5296027590788112
2.4912	 0.5288589170738975
2.49	 0.5281694751422795
2.4888	 0.527651626578435
2.4876	 0.5276846156053399
2.4864	 0.5271110937701685
2.4852	 0.5265873259364763
2.484	 0.5261108199695765
2.4828	 0.5256810924594426
2.4816	 0.5254070271191683
2.4805	 0.5254604965923363
2.4793	 0.5251010951362086
2.4781	 0.5247684956260269
2.4769	 0.524456787533046
2.4757	 0.5242729266210553
2.4745	 0.5240143870915352
2.4734	 0.5237729916176919
2.4722	 0.5235400777094075
2.471	 0.5235920929704285
2.4698	 0.5233643589865122
2.4686	 0.5232432868468188
2.4675	 0.5230441423195902
2.4663	 0.5228466165827621
2.4651	 0.5226578077297462
2.464	 0.5224818780395941
2.4628	 0.5225150084851332
2.4616	 0.5224034043266987
2.4604	 0.5222361141949586
2.4593	 0.5220742033734764
2.4581	 0.5219213914467735
2.4569	 0.5217749311709035
2.4558	 0.5216673776024869
2.4546	 0.5216710464107012
2.4535	 0.5215167981930033
2.4523	 0.521365643695965
2.4511	 0.5212175140566752
2.45	 0.5211223766466024
2.4488	 0.520998265565589
2.4477	 0.5210023425206272
2.4465	 0.5208799065252366
2.4454	 0.5207578374476687
2.4442	 0.5206901332986467
2.4431	 0.520584767211368
2.4419	 0.5204877957553022
2.4408	 0.52039680602748
2.4396	 0.5203086121702
2.4385	 0.5203291857229982
2.4373	 0.5203077154682404
2.4362	 0.5202235440133184
2.435	 0.52013881909343
2.4339	 0.520049808523092
2.4327	 0.5199545305496424
2.4316	 0.5200197162306746
2.4305	 0.5199109922156797
2.4293	 0.5197902879254583
2.4282	 0.5196749913191551
2.427	 0.5195617962167715
2.4259	 0.5194739123650502
2.4248	 0.5193479299064502
2.4236	 0.5192225884727093
2.4225	 0.5191854015458693
2.4214	 0.5190513703186546
2.4202	 0.5189322644233828
2.4191	 0.5187836850719715
2.418	 0.5186408025971521
2.4169	 0.5185933350442175
2.4157	 0.51844618357292
2.4146	 0.5183008155634403
2.4135	 0.5181920449546231
2.4124	 0.5180565630682508
2.4112	 0.5179252861402495
2.4101	 0.5177911989359988
2.409	 0.5176576023188204
2.4079	 0.517625026928179
2.4068	 0.517555261472324
2.4056	 0.5174376493037615
2.4045	 0.5173209884831992
2.4034	 0.5172126129975883
2.4023	 0.5171927278472966
2.4012	 0.5171098198219083
2.4001	 0.5171285905115919
2.399	 0.5170607929704638
2.3979	 0.516997121867361
2.3967	 0.5169361614981283
2.3956	 0.5169768511240368
2.3945	 0.5169130999644507
2.3934	 0.5169708711645666
2.3923	 0.5169328268527146
2.3912	 0.5169084492028372
2.3901	 0.5170139067644192
2.389	 0.5170054150290095
2.3879	 0.5170025915783526
2.3868	 0.5170004821633392
2.3857	 0.517095159316371
2.3846	 0.5172414841311505
2.3835	 0.5172616226952002
2.3824	 0.5172951088790626
2.3813	 0.5173401575519831
2.3802	 0.5173863388133191
2.3791	 0.5174391650225874
2.3781	 0.5177286657603072
2.377	 0.5178004161920147
2.3759	 0.5178759426396434
2.3748	 0.5179578920741024
2.3737	 0.5180440209498747
2.3726	 0.5182879675100158
2.3715	 0.5184763979457734
2.3704	 0.518602680505256
2.3694	 0.5187315885279578
2.3683	 0.5188679833329665
2.3672	 0.519152494077149
2.3661	 0.5193119054829418
2.365	 0.5194734164298175
2.364	 0.5197162709621717
2.3629	 0.5198965455326523
2.3618	 0.5202238024539463
2.3607	 0.5204208194027422
2.3597	 0.5206322726231343
2.3586	 0.5208540539482185
2.3575	 0.5210853191030591
2.3564	 0.5215170746150914
2.3554	 0.5217605533391362
2.3543	 0.5220054897427021
2.3532	 0.5222546445810512
2.3522	 0.5225096730768426
2.3511	 0.5227711427517884
2.35	 0.5232176683894736
2.349	 0.5234864307682384
2.3479	 0.5237575819790721
2.3468	 0.5240223766014271
2.3458	 0.5242869559305047
2.3447	 0.5246758266982594
2.3436	 0.5249396832150618
2.3426	 0.5252489556793454
2.3415	 0.5255066735417332
2.3405	 0.5257603930537613
2.3394	 0.5261217149161105
2.3384	 0.5263607067692272
2.3373	 0.526587387095566
2.3363	 0.5268063773152022
2.3352	 0.5271708554866312
2.3342	 0.5273799543721387
2.3331	 0.527579549079883
2.3321	 0.5277698773818726
2.331	 0.5279534231144316
2.33	 0.5281298968340036
2.3289	 0.5283940824575812
2.3279	 0.5285922740865056
2.3268	 0.5287441804975215
2.3258	 0.5288965508873984
2.3247	 0.5290398107935848
2.3237	 0.5292574641954962
2.3226	 0.5293867045664424
2.3216	 0.5295437655531774
2.3206	 0.5296619644559354
2.3195	 0.5297731104357005
2.3185	 0.5299643708294427
2.3175	 0.5300665790870162
2.3164	 0.530160232457335
2.3154	 0.5302447200801923
2.3144	 0.5303590383296495
2.3133	 0.5305105173435823
2.3123	 0.5305772047897835
2.3113	 0.5306397905572248
2.3102	 0.5306967854893275
2.3092	 0.530748526016834
2.3082	 0.5309132090271531
2.3071	 0.5309540262745083
2.3061	 0.5309920125827395
2.3051	 0.5310273360438331
2.3041	 0.531055245290016
2.303	 0.53115002248206
2.302	 0.5312088290142726
2.301	 0.5312247210097175
2.3	 0.5312386765894276
2.299	 0.5312484616656277
2.2979	 0.531331520230372
2.2969	 0.5313365235426574
2.2959	 0.5313331498345599
2.2949	 0.5313714285385593
2.2939	 0.5313626023042703
2.2929	 0.5314215839686742
2.2918	 0.5313997145029138
2.2908	 0.5313822838198969
2.2898	 0.5313650614727751
2.2888	 0.5313877514521385
2.2878	 0.5314378828189597
2.2868	 0.5314156720422241
2.2858	 0.5313967848570391
2.2848	 0.5313767295104339
2.2838	 0.531348727181413
2.2828	 0.5313845815404944
2.2818	 0.5314016756220938
2.2808	 0.5313680980757046
2.2798	 0.5313433245125412
2.2787	 0.5313178707980869
2.2777	 0.5312188608046077
2.2767	 0.5311211507000047
2.2757	 0.5310733541799771
2.2747	 0.5309704647961928
2.2738	 0.5308720414870122
2.2728	 0.5307825954529092
2.2718	 0.5307002739921328
2.2708	 0.5306207247919118
2.2698	 0.5305402114893548
2.2688	 0.530518524660649
2.2678	 0.5304526338908937
2.2668	 0.5303964242893756
2.2658	 0.5303451567074159
2.2648	 0.5303003409287697
2.2638	 0.5302657445363401
2.2628	 0.5302403427383369
2.2618	 0.5302728083457611
2.2609	 0.5302605474796942
2.2599	 0.5302549129216065
2.2589	 0.5302523699776792
2.2579	 0.5302544606579301
2.2569	 0.5302651397318989
2.2559	 0.530330526534532
2.255	 0.5303539995725067
2.254	 0.530383355319747
2.253	 0.5304166297670845
2.252	 0.5304556808970361
2.251	 0.5304948632306318
2.2501	 0.5305730662328745
2.2491	 0.5306048985357962
2.2481	 0.5306403345380698
2.2471	 0.530676182036106
2.2462	 0.5307092331072533
2.2452	 0.5307403316125131
2.2442	 0.5308035236674505
2.2433	 0.5308216497379995
2.2423	 0.5308342766111214
2.2413	 0.5308406482419009
2.2403	 0.5308421071654733
2.2394	 0.5308423464497631
2.2384	 0.5308451430189451
2.2374	 0.5308828516671888
2.2365	 0.5308776376308622
2.2355	 0.5308742875753766
2.2345	 0.5308760347717253
2.2336	 0.5308841572669614
2.2326	 0.5308970908975759
2.2317	 0.5309486823343911
2.2307	 0.5309746538700439
2.2297	 0.5310107466097083
2.2288	 0.531055307925803
2.2278	 0.5311025595344788
2.2269	 0.531159979843793
2.2259	 0.5312579218763553
2.225	 0.5313372438022954
2.224	 0.5314217153293196
2.2231	 0.5315106154102143
2.2221	 0.5316044696333827
2.2211	 0.531705651315286
2.2202	 0.5318325042972486
2.2192	 0.5319398515389094
2.2183	 0.532047360268208
2.2173	 0.5321590509344075
2.2164	 0.5322743364069926
2.2155	 0.5323904119063338
2.2145	 0.5325081864378428
2.2136	 0.5326395793979519
2.2126	 0.5327504088423867
2.2117	 0.5328588635052784
2.2107	 0.5329689595957345
2.2098	 0.5330760003755134
2.2088	 0.533174896028069
2.2079	 0.5332668700905224
2.207	 0.5333631268314599
2.206	 0.5334383615136105
2.2051	 0.533505418141529
2.2041	 0.5335683051236444
2.2032	 0.5336219474246815
2.2023	 0.5336822459902435
2.2013	 0.5337177167531778
2.2004	 0.5337372037555289
2.1995	 0.5337444174829801
2.1985	 0.533750465211323
2.1976	 0.5337535148021735
2.1967	 0.5337457158194658
2.1957	 0.5337441868119176
2.1948	 0.5337127263505688
2.1939	 0.5336737901728427
2.193	 0.5336273222069576
2.192	 0.5335757787306518
2.1911	 0.533518011328761
2.1902	 0.5334777840145796
2.1893	 0.5334075692273738
2.1883	 0.5333246721409952
2.1874	 0.5332350554454476
2.1865	 0.5331404151579093
2.1856	 0.5330402422791224
2.1846	 0.5329664418817021
2.1837	 0.5328539247582069
2.1828	 0.532730860939849
2.1819	 0.5326018717947957
2.181	 0.5324734356052035
2.18	 0.5323442765082179
2.1791	 0.5322045319396005
2.1782	 0.5321028099459785
2.1773	 0.5319510053132368
2.1764	 0.5317975065324355
2.1755	 0.5316391582864536
2.1746	 0.5314779611511646
2.1736	 0.5313111734289291
2.1727	 0.5312018961209839
2.1718	 0.5310249880194843
2.1709	 0.5308414546541622
2.17	 0.5306557295074906
2.1691	 0.5304669530656458
2.1682	 0.5302777651865527
2.1673	 0.5301753964303195
2.1664	 0.5299815120027641
2.1655	 0.5297855926696705
2.1646	 0.5295880157644537
2.1637	 0.5293797928683186
2.1628	 0.5291622000059455
2.1619	 0.5290488264550987
2.161	 0.5288283480916892
2.1601	 0.5286011990726126
2.1592	 0.5283711712324209
2.1583	 0.5281385442747842
2.1574	 0.5278996129948051
2.1565	 0.5277905621997324
2.1556	 0.5275519846011717
2.1547	 0.5273159341485875
2.1538	 0.5270772199664526
2.1529	 0.5268326970833358
2.152	 0.526582485159879
2.1511	 0.5263268207285197
2.1502	 0.526218499151479
2.1493	 0.5259661079754288
2.1484	 0.5257105716408204
2.1475	 0.5254642514831478
2.1466	 0.5252207701295263
2.1458	 0.5249663258464321
2.1449	 0.5248579845737346
2.144	 0.5246058526569662
2.1431	 0.5243563494892935
2.1422	 0.5241089219850883
2.1413	 0.523863775353669
2.1404	 0.5236204385156752
2.1396	 0.5235260676704608
2.1387	 0.5232972796266648
2.1378	 0.5230805721130356
2.1369	 0.5228668291223922
2.136	 0.5226472511238889
2.1352	 0.5225565144803629
2.1343	 0.522331317592806
2.1334	 0.5221170145128966
2.1325	 0.5219137386117731
2.1316	 0.5217171964885248
2.1308	 0.52152436601683
2.1299	 0.5213334023512937
2.129	 0.5212663302938212
2.1281	 0.5210891094854152
2.1273	 0.5209212663623397
2.1264	 0.5207450309627565
2.1255	 0.520570961738216
2.1247	 0.520420753176321
2.1238	 0.5203800158621064
2.1229	 0.5202177246195389
2.122	 0.5200640723338498
2.1212	 0.5199124516702912
2.1203	 0.5197625471344536
2.1194	 0.5196157721744505
2.1186	 0.519569601469487
2.1177	 0.5194205062602333
2.1168	 0.5192841644510572
2.116	 0.5191621875429969
2.1151	 0.519045957047736
2.1143	 0.5189335565223835
2.1134	 0.5189305518527639
2.1125	 0.51884629721293
2.1117	 0.5187494459234169
2.1108	 0.5186417826974022
2.11	 0.5185402602184513
2.1091	 0.5184393998501472
2.1082	 0.5184215820379662
2.1074	 0.5183299096418913
2.1065	 0.5182368411207315
2.1057	 0.518140769131478
2.1048	 0.5180612132953631
2.104	 0.5179906641560171
2.1031	 0.5179976613405705
2.1023	 0.5179184639862358
2.1014	 0.5178345017853623
2.1005	 0.5177594470229699
2.0997	 0.5177024894975752
2.0988	 0.5176543476607439
2.098	 0.5176580002782747
2.0971	 0.5175628938285148
2.0963	 0.5174588023923495
2.0955	 0.517384336933167
2.0946	 0.5173262335718022
2.0938	 0.5172680055773755
2.0929	 0.5172645718557296
2.0921	 0.5171852807602592
2.0912	 0.5170887971257763
2.0904	 0.5169888147544891
2.0895	 0.5169057682095457
2.0887	 0.5168302669234889
2.0879	 0.516789324097238
2.087	 0.5166810059828778
2.0862	 0.5165393117590448
2.0853	 0.5163742348628563
2.0845	 0.5163199078728297
2.0837	 0.5164159853580322
2.0828	 0.5164961744252341
2.082	 0.5163876952925408
2.0812	 0.5163689089592077
2.0803	 0.5161363195199594
2.0795	 0.0
