0.35	 1.0
0.351	 0.5663247760679405
0.352	 0.5680788664477444
0.353	 0.5698228050231989
0.354	 0.571553232503443
0.355	 0.5732680910869107
0.356	 0.5749660668372555
0.357	 0.5766453873537284
0.358	 0.5783041724510942
0.359	 0.5799412634000789
0.36	 0.581555703709092
0.361	 0.5831459185699505
0.362	 0.584709415068251
0.363	 0.5873885599904081
0.364	 0.5888588732953238
0.365	 0.5902976590886378
0.366	 0.5917053134913364
0.367	 0.5930825278635888
0.368	 0.5944281359949044
0.369	 0.5957419117513982
0.37	 0.5970242355577625
0.371	 0.5982757745549238
0.372	 0.5994959811414337
0.373	 0.6006853548967656
0.374	 0.6018448211550033
0.375	 0.6029755723090454
0.376	 0.6040802278340968
0.377	 0.605160329926614
0.378	 0.6062173841812805
0.379	 0.6072537226967201
0.38	 0.6082699132000465
0.381	 0.6092663679300656
0.382	 0.6102441958785517
0.383	 0.6112046230939759
0.384	 0.6121489903201117
0.385	 0.6130787507488396
0.386	 0.6139951905484762
0.387	 0.614898881220869
0.388	 0.6157898338608894
0.389	 0.616668059050528
0.39	 0.6175343835597581
0.391	 0.6183900255419165
0.392	 0.6192353718400109
0.393	 0.620070265115659
0.394	 0.6208958880866029
0.395	 0.6217132698312909
0.396	 0.6225232892592985
0.397	 0.6233272065443493
0.398	 0.6241254718775745
0.399	 0.6249174807378958
0.4	 0.6257015959805112
0.401	 0.6264772464693042
0.402	 0.6272437412131469
0.403	 0.6280004004317324
0.404	 0.6287459138347691
0.405	 0.6294788638507279
0.406	 0.6301982361806672
0.407	 0.6309036649322801
0.408	 0.6315947884046974
0.409	 0.6322717520826512
0.41	 0.6329351992285807
0.411	 0.6335852625928615
0.412	 0.6342202040153232
0.413	 0.6348386796431736
0.414	 0.6354404742227213
0.415	 0.6360273448616087
0.416	 0.6365995489256497
0.417	 0.6371580733505643
0.418	 0.6377049902184786
0.419	 0.6382410055931478
0.42	 0.6387670588732144
0.421	 0.639283956496497
0.422	 0.6397927363789241
0.423	 0.6402944241551309
0.424	 0.6407900336432096
0.425	 0.6412802080144664
0.426	 0.6417657026826159
0.427	 0.6422472648007658
0.428	 0.6427255146835289
0.429	 0.6432011844906245
0.43	 0.6436744078701945
0.431	 0.644144963565227
0.432	 0.6446122800811883
0.433	 0.6450757919146299
0.434	 0.6455342378920058
0.435	 0.6459866029639468
0.436	 0.646431882168111
0.437	 0.6468686160460804
0.438	 0.6472955903652454
0.439	 0.6477117170884951
0.44	 0.6481156866217023
0.441	 0.6485065444742019
0.442	 0.648883916013607
0.443	 0.6492474273413763
0.444	 0.6495965907171504
0.445	 0.6499305772442227
0.446	 0.6502496993583499
0.447	 0.6505552865522858
0.448	 0.6508478620003336
0.449	 0.651128509046939
0.45	 0.6513984148716213
0.451	 0.6516587574347067
0.452	 0.6519098041458796
0.453	 0.6521517069454269
0.454	 0.6523846156406007
0.455	 0.652608116473897
0.456	 0.6528200121462496
0.457	 0.653013740480535
0.458	 0.6531841297123024
0.459	 0.6533350282245137
0.46	 0.6534662009227313
0.461	 0.6535725631804556
0.462	 0.6536604654197702
0.463	 0.6537314354215084
0.464	 0.6537810427235138
0.465	 0.6538106510009551
0.466	 0.6538264056191657
0.467	 0.6538330138683894
0.468	 0.6538308429458325
0.469	 0.6542872387681425
0.47	 0.6542756090068133
0.471	 0.6542609314639868
0.472	 0.654237041138451
0.473	 0.6542028432059399
0.474	 0.6541636236660345
0.475	 0.6541256271743708
0.476	 0.6540859006097737
0.477	 0.6540429124941299
0.478	 0.6539990580502143
0.479	 0.6539587059056884
0.48	 0.6539175024675953
0.481	 0.653874173924589
0.482	 0.6538322328450449
0.483	 0.6537938936192347
0.484	 0.6537576366038284
0.485	 0.6537281504574998
0.486	 0.653712833295481
0.487	 0.6537118250851696
0.488	 0.6533912445142486
0.489	 0.6534743360015045
0.49	 0.6535906362296348
0.491	 0.6537457482612259
0.492	 0.653946834510649
0.493	 0.6541997134565769
0.494	 0.6545061848321345
0.495	 0.6548708799051628
0.496	 0.6552972320912823
0.497	 0.6557858444002226
0.498	 0.6563378874767654
0.499	 0.6569538166411852
0.5	 0.6576320993349528
0.501	 0.6583679068384886
0.502	 0.6591547885416498
0.503	 0.6599883569344525
0.504	 0.6608638680786553
0.505	 0.661772803477108
0.506	 0.6627073696861339
0.507	 0.6636606958546476
0.508	 0.6646264469457001
0.509	 0.6656004929042648
0.51	 0.6665741775006965
0.511	 0.6675390896684847
0.512	 0.6684907547065398
0.513	 0.6694236558162507
0.514	 0.6703321592511625
0.515	 0.6712108090851803
0.516	 0.6720525236688293
0.517	 0.6728533745387001
0.518	 0.6736112069254427
0.519	 0.6743217816991124
0.52	 0.6749844378102935
0.521	 0.6755995482369664
0.522	 0.6761659954444632
0.523	 0.676683951591498
0.524	 0.6771553010333671
0.525	 0.6775809597009038
0.526	 0.6779624798067421
0.527	 0.6783038660013029
0.528	 0.6786089520758288
0.529	 0.6788816430529401
0.53	 0.6791265225524588
0.531	 0.6793450302936898
0.532	 0.6795398854985952
0.533	 0.6797158246022419
0.534	 0.6798765063934966
0.535	 0.6800244312033388
0.536	 0.6801626553785071
0.537	 0.6802940775198776
0.538	 0.6804191767355081
0.539	 0.6805394690121385
0.54	 0.6806567547079994
0.541	 0.6807699031774963
0.542	 0.6808780719221376
0.543	 0.6809825512869234
0.544	 0.6810854929109745
0.545	 0.6811891679715572
0.546	 0.6812950305382997
0.547	 0.6814063219996123
0.548	 0.6815267870070515
0.549	 0.6816558802588686
0.55	 0.681544612413474
0.551	 0.681431542309916
0.552	 0.6813169980827538
0.553	 0.6812033935039647
0.554	 0.6810941857604832
0.555	 0.6809917502696703
0.556	 0.6808981480244138
0.557	 0.6808159723036025
0.558	 0.6807473428194544
0.559	 0.6806933903269614
0.56	 0.6806554786445589
0.561	 0.6806366703891008
0.562	 0.6806401410556021
0.563	 0.6796730067581919
0.564	 0.6797454197367274
0.565	 0.6798453727795901
0.566	 0.6799733405167007
0.567	 0.6801286685916325
0.568	 0.6803114250317627
0.569	 0.6805230695214635
0.57	 0.6807636846540335
0.571	 0.6810325487935144
0.572	 0.681329388934553
0.573	 0.6816552057092159
0.574	 0.6820090293637449
0.575	 0.6823894521847113
0.576	 0.6827945260628979
0.577	 0.6832212161477552
0.578	 0.6836676599276622
0.579	 0.6841318563552532
0.58	 0.6846115533907116
0.581	 0.6851056204505701
0.582	 0.6856134994981409
0.583	 0.6861340648529971
0.584	 0.6866655034626542
0.585	 0.6872060346140204
0.586	 0.6877538500625234
0.587	 0.688307593343287
0.588	 0.6888672416539813
0.589	 0.689432364902236
0.59	 0.6900026019758739
0.591	 0.6905773631629155
0.592	 0.6911553707419728
0.593	 0.6917363238493529
0.594	 0.6923198706263751
0.595	 0.6929045165281187
0.596	 0.6934889198555008
0.597	 0.6940718881831134
0.598	 0.6946523720272445
0.599	 0.6952301576106653
0.6	 0.6958063950025436
0.601	 0.6963828919955646
0.602	 0.6969608940523935
0.603	 0.6975414801545425
0.604	 0.698125655726989
0.605	 0.6987148831936089
0.606	 0.6993106627654887
0.607	 0.6999144196860732
0.608	 0.7005265863078322
0.609	 0.7011473434291671
0.61	 0.7017763695989309
0.611	 0.702413476603595
0.612	 0.7030591629086884
0.613	 0.7043747173547209
0.614	 0.7050313928423588
0.615	 0.7056994458261802
0.616	 0.7063768677544617
0.617	 0.7070633721074125
0.618	 0.7077573414219517
0.619	 0.7084566595723848
0.62	 0.7091603982989142
0.621	 0.7098672980637494
0.622	 0.710576452145869
0.623	 0.7112868424801381
0.624	 0.7119971642126457
0.625	 0.7127060082327792
0.626	 0.7134126974305012
0.627	 0.7141164181014495
0.628	 0.7148161179126834
0.629	 0.7155113732080512
0.63	 0.716201577362076
0.631	 0.7168864901405996
0.632	 0.7175663537112075
0.633	 0.718242410922842
0.634	 0.718916080660383
0.635	 0.719588605973816
0.636	 0.7202610460533901
0.637	 0.7209350781542273
0.638	 0.7216125973783735
0.639	 0.722294870892007
0.64	 0.7229833557239932
0.641	 0.7236796848638714
0.642	 0.7243848927672439
0.643	 0.7250992673231602
0.644	 0.7258231687205281
0.645	 0.7265575395523945
0.646	 0.7273033026241301
0.647	 0.728059042200881
0.648	 0.7288234805638234
0.649	 0.7295960469282295
0.65	 0.7303756882207304
0.651	 0.731160763958501
0.652	 0.7319499489007205
0.653	 0.7327430008842415
0.654	 0.7335400950325425
0.655	 0.7343409795207843
0.656	 0.7351463066102072
0.657	 0.7359582458762486
0.658	 0.7367791668391173
0.659	 0.7376091385831687
0.66	 0.7384484413188412
0.661	 0.7392987941533382
0.662	 0.740159265836712
0.663	 0.7410289465718372
0.664	 0.7419084073393419
0.665	 0.7427967189312582
0.666	 0.7436919679213353
0.667	 0.7445915466515977
0.668	 0.7454941847546674
0.669	 0.7459680318691322
0.67	 0.7468741250158919
0.671	 0.7477801931255719
0.672	 0.7486855597699991
0.673	 0.7495887331265656
0.674	 0.7504869466417404
0.675	 0.7513803153088366
0.676	 0.7522687745790231
0.677	 0.7531514418945865
0.678	 0.7540265258567541
0.679	 0.7548941493922815
0.68	 0.7557537176838299
0.681	 0.7566037658136112
0.682	 0.7574420959397165
0.683	 0.7582675842986255
0.684	 0.7590776969783586
0.685	 0.7598672006007413
0.686	 0.7606336005408165
0.687	 0.7613726663925051
0.688	 0.7623807340269304
0.689	 0.7630486371542164
0.69	 0.7636718878773471
0.691	 0.7642444186518286
0.692	 0.7647587873927401
0.693	 0.7652077515845278
0.694	 0.7655864578784176
0.695	 0.7658897658403867
0.696	 0.7661123244531383
0.697	 0.7662509166949443
0.698	 0.7663031839296032
0.699	 0.7662672630265182
0.7	 0.7661416980780827
0.701	 0.7659268506057914
0.702	 0.7656249754610885
0.703	 0.7652386855914243
0.704	 0.7647699959190302
0.705	 0.764222722038319
0.706	 0.7636012966416359
0.707	 0.7629100122622097
0.708	 0.7621532194543085
0.709	 0.7613342945139111
0.71	 0.7604567738313341
0.711	 0.759526622736449
0.712	 0.7585471506131491
0.713	 0.757521586011407
0.714	 0.7564541586522603
0.715	 0.7553487819262344
0.716	 0.7542095852897673
0.717	 0.7530401659001543
0.718	 0.7518430186879307
0.719	 0.7506217136010132
0.72	 0.7493787405132417
0.721	 0.7481166661112931
0.722	 0.7468376631035492
0.723	 0.7455442927061751
0.724	 0.7442385054345486
0.725	 0.7429217257657287
0.726	 0.7415958773820566
0.727	 0.7402621265175141
0.728	 0.7389217868298584
0.729	 0.7375760834389083
0.73	 0.7362247314629613
0.731	 0.7348687985339379
0.732	 0.7335098428013571
0.733	 0.7321478122965006
0.734	 0.7307827043155719
0.735	 0.729415105152686
0.736	 0.7280459617360717
0.737	 0.7266752103436837
0.738	 0.7253135376436176
0.739	 0.7239394426721595
0.74	 0.7225646768593181
0.741	 0.7211902529727183
0.742	 0.7198170499560222
0.743	 0.7184457993777357
0.744	 0.7170760083553308
0.745	 0.7157073462912259
0.746	 0.7143400881176005
0.747	 0.7129738463008111
0.748	 0.7116073244595605
0.749	 0.7102407637374039
0.75	 0.7088747437390149
0.751	 0.7075094188859538
0.752	 0.7061450729989529
0.753	 0.7047812205464582
0.754	 0.703416895361632
0.755	 0.7020522733202326
0.756	 0.7006867193308504
0.757	 0.6993191196412089
0.758	 0.6979486734951339
0.759	 0.6965761598995799
0.76	 0.6952012131041849
0.761	 0.6938232412317795
0.762	 0.6924413252351646
0.763	 0.6909673030280329
0.764	 0.6895601383340489
0.765	 0.6881469040155898
0.766	 0.6867283061954742
0.767	 0.6853045715677629
0.768	 0.6838753929724165
0.769	 0.6824404371625262
0.77	 0.6809994134948297
0.771	 0.67955340069183
0.772	 0.6781016526693585
0.773	 0.6766435977653484
0.774	 0.6751800247548558
0.775	 0.6737115971850192
0.776	 0.6722397134834369
0.777	 0.6707650223211469
0.778	 0.6692874507653931
0.779	 0.6678080846179694
0.78	 0.6663278770898261
0.781	 0.6648473512568613
0.782	 0.6633659054184694
0.783	 0.6618840155359655
0.784	 0.6604029536293673
0.785	 0.6589232373630336
0.786	 0.6574445610654394
0.787	 0.6559677122405393
0.788	 0.654493420583981
0.789	 0.653022253433507
0.79	 0.6515533853236806
0.791	 0.6500872753251181
0.792	 0.6486251535678288
0.793	 0.6471670671912527
0.794	 0.6457137094377946
0.795	 0.6442657056350017
0.796	 0.6428235445971756
0.797	 0.6413876734851137
0.798	 0.6399581426931633
0.799	 0.6385349531701625
0.8	 0.6371174939509384
0.801	 0.6357052850579157
0.802	 0.6342974968314999
0.803	 0.6328938501064596
0.804	 0.6314941624702053
0.805	 0.6300983702561428
0.806	 0.6287060486382212
0.807	 0.6273167699604305
0.808	 0.625930522001503
0.809	 0.6245475343485698
0.81	 0.6231660300590278
0.811	 0.621786413349454
0.812	 0.6204082091967767
0.813	 0.6196596435086054
0.814	 0.6182779250406383
0.815	 0.6169296487391057
0.816	 0.615549302713747
0.817	 0.6142063795700723
0.818	 0.6128292124445888
0.819	 0.6114926210554948
0.82	 0.6101208274473854
0.821	 0.6087929593094098
0.822	 0.6074283027539114
0.823	 0.6061103353602445
0.824	 0.6047536315306643
0.825	 0.6034463269350714
0.826	 0.6020999013639431
0.827	 0.6008057289528935
0.828	 0.5994708827828651
0.829	 0.5981912979950101
0.83	 0.5968689541789632
0.831	 0.5956039621945578
0.832	 0.5942949593445556
0.833	 0.5930450465346689
0.834	 0.5917479417195731
0.835	 0.5905099485929793
0.836	 0.5892220707231048
0.837	 0.5879950541910768
0.838	 0.5867147348238168
0.839	 0.5854956941248203
0.84	 0.5842205403485841
0.841	 0.5830072124773673
0.842	 0.5817348425361903
0.843	 0.58052463400272
0.844	 0.5792542936425908
0.845	 0.5780469662053233
0.846	 0.5767772300480751
0.847	 0.5755709686342536
0.848	 0.5743028372181921
0.849	 0.5731001636578826
0.85	 0.571834546800482
0.851	 0.5706352948911962
0.852	 0.569373614361142
0.853	 0.5681801716336107
0.854	 0.566923711760526
0.855	 0.5657348619479303
0.856	 0.5644831560892274
0.857	 0.5632987358793435
0.858	 0.5620508465838212
0.859	 0.5608698508843232
0.86	 0.5596236070009626
0.861	 0.5584436250589881
0.862	 0.5571986179397943
0.863	 0.5560189855504261
0.864	 0.5547750559702516
0.865	 0.5535969494349755
0.866	 0.5523555178193841
0.867	 0.5511795072771984
0.868	 0.5499418767154708
0.869	 0.5487695640617418
0.87	 0.5475376017232743
0.871	 0.5463699697290089
0.872	 0.5451450778388769
0.873	 0.5439850624671517
0.874	 0.542769481460353
0.875	 0.5416172276528559
0.876	 0.5404108832071476
0.877	 0.5392670647625366
0.878	 0.5380711907254656
0.879	 0.5369361112624379
0.88	 0.5357513730866406
0.881	 0.5346267169942551
0.882	 0.533454794085061
0.883	 0.532342074889253
0.884	 0.5311859221901483
0.885	 0.5300899781361197
0.886	 0.5289539210613752
0.887	 0.5278776074367717
0.888	 0.5257908753547261
0.889	 0.5247539148726054
0.89	 0.5236904854113719
0.891	 0.522693431956067
0.892	 0.5216769937178981
0.893	 0.520729376018153
0.894	 0.519767568404496
0.895	 0.5188756409461771
0.896	 0.5179746497475912
0.897	 0.5171433661885153
0.898	 0.5163075383577156
0.899	 0.515540284230955
0.9	 0.5147726611352493
0.901	 0.514071502739351
0.902	 0.5133702825978812
0.903	 0.5127317035249604
0.904	 0.5120946080579115
0.905	 0.5115168299121935
0.906	 0.5109400349605059
0.907	 0.5104182177406911
0.908	 0.5098968541338471
0.909	 0.5094266046909564
0.91	 0.5089569919006112
0.911	 0.5085339663691393
0.912	 0.5081123506812647
0.913	 0.5077329947857654
0.914	 0.5073550478862713
0.915	 0.5070153516719329
0.916	 0.5066781737541287
0.917	 0.5063746723243949
0.918	 0.5060746312538618
0.919	 0.5058041840530825
0.92	 0.505538672063241
0.921	 0.5052966573278623
0.922	 0.5050614921111082
0.923	 0.5048442929628048
0.924	 0.5046372695694337
0.925	 0.50444158414652
0.926	 0.5042566806567528
0.927	 0.5040813474129853
0.928	 0.5039144122268497
0.929	 0.5037551891735946
0.93	 0.5036033783746555
0.931	 0.5034580258029508
0.932	 0.5033182831193482
0.933	 0.5031836823104172
0.934	 0.503053690590919
0.935	 0.5029271546825527
0.936	 0.5028028851153054
0.937	 0.5026804166272502
0.938	 0.5026250314067615
0.939	 0.5025480458796336
0.94	 0.5023810557502476
0.941	 0.5023153389897034
0.942	 0.5021407121890528
0.943	 0.5020864728103487
0.944	 0.5019042844966679
0.945	 0.5018609132696886
0.946	 0.5016713359812256
0.947	 0.5016382659190541
0.948	 0.5014421919990706
0.949	 0.5014197376482269
0.95	 0.501218400503517
0.951	 0.5012061945568539
0.952	 0.501002032013553
0.953	 0.500999898015991
0.954	 0.5007963765834281
0.955	 0.5008048887446988
0.956	 0.5006026314479677
0.957	 0.5006204660242303
0.958	 0.5004225170019552
0.959	 0.5004494031291921
0.96	 0.5002543378228361
0.961	 0.5002876455652244
0.962	 0.5000959460722781
0.963	 0.5001341175931469
0.964	 0.49994523099969773
0.965	 0.4999875406373245
0.966	 0.49980108576102783
0.967	 0.4998455915713934
0.968	 0.4996605305908597
0.969	 0.49970597849764964
0.97	 0.4995222482383574
0.971	 0.49956933275867915
0.972	 0.49938682890856356
0.973	 0.49943499371195266
0.974	 0.49925479557735114
0.975	 0.49930424887033253
0.976	 0.4991246884834914
0.977	 0.4991733691820186
0.978	 0.498993240402926
0.979	 0.49904200865865467
0.98	 0.49886110393744937
0.981	 0.4989073279303262
0.982	 0.49872406825869353
0.983	 0.49876954423895165
0.984	 0.4985852894616841
0.985	 0.4986286017425
0.986	 0.4984429547184642
0.987	 0.49848614925993956
0.988	 0.49829917497839915
0.989	 0.49833782524357373
0.99	 0.49814666470085983
0.991	 0.498182214771853
0.992	 0.49798819453307197
0.993	 0.49801710838398777
0.994	 0.4978169130801881
0.995	 0.4978378556533661
0.996	 0.49763186514979724
0.997	 0.4976445474260067
0.998	 0.4974331715016865
0.999	 0.49743765323709943
1.0	 0.4972210228518224
1.001	 0.4972169479667172
1.002	 0.4969958230312956
1.003	 0.49698370746904935
1.004	 0.4967585643315733
1.005	 0.496737916649272
1.006	 0.4965082238347537
1.007	 0.4964786231845333
1.008	 0.4962449287655423
1.009	 0.4962063037422977
1.01	 0.49597057651600374
1.011	 0.49592790180776786
1.012	 0.49569408400498843
1.013	 0.495646856039354
1.014	 0.4954207029285856
1.015	 0.4953617451002393
1.016	 0.4951361221178396
1.017	 0.49507302517652324
1.018	 0.4948478547871454
1.019	 0.49478102775585775
1.02	 0.4945568896720684
1.021	 0.4944859575270111
1.022	 0.4942622841468237
1.023	 0.4941875166520836
1.024	 0.4939653065007247
1.025	 0.4938872487518859
1.026	 0.49366557543449835
1.027	 0.4935837874186423
1.028	 0.4933619325758242
1.029	 0.493276221665762
1.03	 0.49305413338776327
1.031	 0.49296487334771927
1.032	 0.4927420111578687
1.033	 0.4926494331091126
1.034	 0.4924263001915924
1.035	 0.49233006766984055
1.036	 0.49210667826829557
1.037	 0.4920067340071848
1.038	 0.49178265094858226
1.039	 0.4916789728357281
1.04	 0.4914546475225075
1.041	 0.4913477126740317
1.042	 0.4911237932763627
1.043	 0.49101403756242656
1.044	 0.49079040690616665
1.045	 0.4906779028539051
1.046	 0.49045457715019325
1.047	 0.4903392322954636
1.048	 0.49011604221002697
1.049	 0.489998144086474
1.05	 0.48977556669526645
1.051	 0.48961208383913474
1.052	 0.48943314186145526
1.053	 0.4892690747488006
1.054	 0.48908870570364665
1.055	 0.4889246936043895
1.056	 0.4887434832788433
1.057	 0.4885794935962293
1.058	 0.48839673274368994
1.059	 0.4882320992765392
1.06	 0.48804840159011426
1.061	 0.4878833328222713
1.062	 0.48769887823680985
1.063	 0.48753383187426924
1.064	 0.4873488476628187
1.065	 0.4871835010558558
1.066	 0.4869979274174876
1.067	 0.4868326303221885
1.068	 0.4866472286398758
1.069	 0.48648226039335585
1.07	 0.48629728253683746
1.071	 0.48613251494469173
1.072	 0.48594771118337043
1.073	 0.48578288766144756
1.074	 0.48559748891036336
1.075	 0.4854326359017595
1.076	 0.48524781920508003
1.077	 0.4850829886716132
1.078	 0.48489870375594224
1.079	 0.48473409667349293
1.08	 0.4845506845474117
1.081	 0.48438606342370444
1.082	 0.4842035184365254
1.083	 0.4840386043058651
1.084	 0.4838560282478248
1.085	 0.48369066608552874
1.086	 0.4835083255622674
1.087	 0.48334237819692416
1.088	 0.4831608200461574
1.089	 0.48299399725328795
1.09	 0.48281226938895877
1.091	 0.4826441432462533
1.092	 0.4824615658512326
1.093	 0.4822916757210586
1.094	 0.482108583598243
1.095	 0.48193660983932635
1.096	 0.4817537130401962
1.097	 0.48158036543591926
1.098	 0.48139720068858805
1.099	 0.4812218923824129
1.1	 0.4810366843899585
1.101	 0.48085818771116035
1.102	 0.48067147211381955
1.103	 0.4804898897750149
1.104	 0.48030115686872255
1.105	 0.48011572448087797
1.106	 0.4799242909552104
1.107	 0.4797345236725379
1.108	 0.47954034928985906
1.109	 0.47934602921209973
1.11	 0.47914914606290426
1.111	 0.47895038275351387
1.112	 0.4787502010516032
1.113	 0.4785465796030774
1.114	 0.4783431060384564
1.115	 0.4781340953161706
1.116	 0.47792616056915666
1.117	 0.47771196406833183
1.118	 0.4775000429775285
1.119	 0.47728081697098845
1.12	 0.4770643814682397
1.121	 0.47684026610467584
1.122	 0.476620286163954
1.123	 0.47639160651205115
1.124	 0.4761674084594895
1.125	 0.4759350136999876
1.126	 0.4758167776754264
1.127	 0.47547283415369734
1.128	 0.4753599122300515
1.129	 0.4750081052337088
1.13	 0.4749024651141892
1.131	 0.4745435482131997
1.132	 0.4744465889018404
1.133	 0.4740826432348982
1.134	 0.4739963053033838
1.135	 0.47362863396873955
1.136	 0.47355495583292634
1.137	 0.473186219970521
1.138	 0.47312766181533855
1.139	 0.4727579636872346
1.14	 0.4727155595555071
1.141	 0.47234700002242486
1.142	 0.4723222603935664
1.143	 0.4719534507027001
1.144	 0.4719464240723316
1.145	 0.47157713452139527
1.146	 0.47158710323355557
1.147	 0.4712163219394223
1.148	 0.4712426794784295
1.149	 0.4708686142944141
1.15	 0.4709095814613483
1.151	 0.4705297639021031
1.152	 0.4705824638552834
1.153	 0.470193880455316
1.154	 0.4702557238042931
1.155	 0.4698542799951453
1.156	 0.4699229690367809
1.157	 0.46950683827991235
1.158	 0.4695798224180635
1.159	 0.469146503532842
1.16	 0.4692218777402071
1.161	 0.46877088007268114
1.162	 0.4688472068408673
1.163	 0.46837756487086607
1.164	 0.46845349574321943
1.165	 0.4679629083932472
1.166	 0.4680374211597046
1.167	 0.4675240287502104
1.168	 0.46759647746958094
1.169	 0.4670578961749109
1.17	 0.4671277871181273
1.171	 0.46655921509060216
1.172	 0.4666261207442762
1.173	 0.4660240714560012
1.174	 0.46608759648678555
1.175	 0.4654469467151948
1.176	 0.46516684713054995
1.177	 0.464824847687388
1.178	 0.46451859749256424
1.179	 0.46415094966028003
1.18	 0.4638157066096636
1.181	 0.4634218110008352
1.182	 0.4630546573259107
1.183	 0.4626303821215139
1.184	 0.4622290934965921
1.185	 0.46177358670210394
1.186	 0.46133612418538994
1.187	 0.4608451853716738
1.188	 0.46036977155912895
1.189	 0.459846810826988
1.19	 0.45933234868169176
1.191	 0.4587751437318127
1.192	 0.45822151779964193
1.193	 0.4576334186807781
1.194	 0.45704040185853034
1.195	 0.4564224318503749
1.196	 0.45579004545505925
1.197	 0.4551431397959088
1.198	 0.45447295548667144
1.199	 0.453799052718743
1.2	 0.4530931131494353
1.201	 0.45239397568706013
1.202	 0.45165384723987445
1.203	 0.45093154209724473
1.204	 0.4501593706389121
1.205	 0.4494160630725465
1.206	 0.44861406652807134
1.207	 0.4478520832864581
1.208	 0.4470224073375074
1.209	 0.4462436353707051
1.21	 0.44538791127506544
1.211	 0.4445893572712174
1.212	 0.44370928029662354
1.213	 0.44289287493934254
1.214	 0.4419901884353467
1.215	 0.44115764745766944
1.216	 0.44023388856920426
1.217	 0.4393862041073642
1.218	 0.4384422426805762
1.219	 0.43757990836673094
1.22	 0.4366166386244008
1.221	 0.43574081725873715
1.222	 0.43475886924485524
1.223	 0.4338701139479437
1.224	 0.4328705332786678
1.225	 0.43196915010194975
1.226	 0.43095269343457454
1.227	 0.4300399229546065
1.228	 0.4290072060729723
1.229	 0.4280837429923504
1.23	 0.42703531581257753
1.231	 0.42610153324635514
1.232	 0.4250380695708157
1.233	 0.4240940399609093
1.234	 0.4230157957203484
1.235	 0.42206231736602384
1.236	 0.4209697695926201
1.237	 0.42000739955373034
1.238	 0.4189010990109408
1.239	 0.4179301186414578
1.24	 0.4168100026628109
1.241	 0.4158301232358276
1.242	 0.4146966831569709
1.243	 0.4137080614244475
1.244	 0.4125618457803131
1.245	 0.41156471904745456
1.246	 0.4104058825636107
1.247	 0.4094004448545039
1.248	 0.40822900597897827
1.249	 0.40721500504683833
1.25	 0.4060311593076707
1.251	 0.4056581384801812
1.252	 0.4038130542672974
1.253	 0.40342264921567217
1.254	 0.40157561705021844
1.255	 0.4011674584105316
1.256	 0.3993188445475839
1.257	 0.39889265202736296
1.258	 0.3970430991921504
1.259	 0.396598921740955
1.26	 0.3947503756576969
1.261	 0.3942885240263489
1.262	 0.3924422160363367
1.263	 0.3919624926100622
1.264	 0.39012000088972903
1.265	 0.38962247162254604
1.266	 0.3877854597049687
1.267	 0.3872699524338935
1.268	 0.38543990288006647
1.269	 0.38490628259138165
1.27	 0.3830847627848485
1.271	 0.38253304681548495
1.272	 0.38072198527198386
1.273	 0.3801523861078049
1.274	 0.37835365809360355
1.275	 0.3777665962731911
1.276	 0.3759818254159455
1.277	 0.3753773422939456
1.278	 0.37360753622359066
1.279	 0.3729852123864193
1.28	 0.37123174943695547
1.281	 0.3705922264415241
1.282	 0.3688568036729257
1.283	 0.3682005498284012
1.284	 0.36648449245640935
1.285	 0.3658117128790318
1.286	 0.36411668660489516
1.287	 0.36342818491811196
1.288	 0.3617558553614361
1.289	 0.3610526139722115
1.29	 0.35940493141849034
1.291	 0.35868790495375347
1.292	 0.35706666585713986
1.293	 0.35633689802780044
1.294	 0.3547436428795026
1.295	 0.35400178323822024
1.296	 0.35243821681624354
1.297	 0.35168453629094915
1.298	 0.35015141576725667
1.299	 0.3493871279548304
1.3	 0.34788684702329575
1.301	 0.346764363213511
1.302	 0.34564867445861636
1.303	 0.3445400220636645
1.304	 0.34343865680799235
1.305	 0.34234505966216333
1.306	 0.34125951355403206
1.307	 0.3401823737245959
1.308	 0.3391142260955921
1.309	 0.3380553958295872
1.31	 0.337006015737579
1.311	 0.33596638592103906
1.312	 0.33493700746531796
1.313	 0.33391798691271624
1.314	 0.3329096631562377
1.315	 0.3319127123022151
1.316	 0.33092727962567364
1.317	 0.3299533784881275
1.318	 0.32899139134844696
1.319	 0.3280416042594358
1.32	 0.327104135228295
1.321	 0.3261794090467081
1.322	 0.3252678520391217
1.323	 0.3243694525360536
1.324	 0.32348457674379094
1.325	 0.3226131820202159
1.326	 0.3218630498798692
1.327	 0.3209111693961739
1.328	 0.32018640020402034
1.329	 0.31926373022653115
1.33	 0.31856361796265414
1.331	 0.31767117464478606
1.332	 0.31699449460849083
1.333	 0.31613274953666687
1.334	 0.31547821086721284
1.335	 0.31464782455876095
1.336	 0.31401454748516844
1.337	 0.31321617863764484
1.338	 0.3126023719730154
1.339	 0.3118359836159111
1.34	 0.31124024505191905
1.341	 0.31050557561854253
1.342	 0.30992703373651376
1.343	 0.30922432913167935
1.344	 0.3086631783216091
1.345	 0.30799233396953757
1.346	 0.30744890535822206
1.347	 0.30680973106349463
1.348	 0.306284195365251
1.349	 0.3056763414706766
1.35	 0.3051700210934955
1.351	 0.30459317875497766
1.352	 0.3041085995739552
1.353	 0.3035631091501883
1.354	 0.303103032287926
1.355	 0.3025894482814729
1.356	 0.3021567467723708
1.357	 0.3016757073225172
1.358	 0.30127333517324184
1.359	 0.3008255156438354
1.36	 0.30045604070198423
1.361	 0.3000429180970872
1.362	 0.29970967173147606
1.363	 0.29933336187717524
1.364	 0.2990398957254759
1.365	 0.2987029836973308
1.366	 0.2984535303247929
1.367	 0.2981597549426809
1.368	 0.29795942304427564
1.369	 0.29771354747402107
1.37	 0.29756745676757373
1.371	 0.29737448654994675
1.372	 0.29728856437514806
1.373	 0.2971544560449262
1.374	 0.2971359339477919
1.375	 0.2970673664845826
1.376	 0.2966351685087679
1.377	 0.29712827577858586
1.378	 0.2967627693844817
1.379	 0.2973545858344042
1.38	 0.29706515208070483
1.381	 0.2977637341152918
1.382	 0.2975593610521294
1.383	 0.29837084235857536
1.384	 0.29825905601047586
1.385	 0.2991879377420833
1.386	 0.2991751264837727
1.387	 0.30022534139712576
1.388	 0.3003167105111632
1.389	 0.3014892447000335
1.39	 0.3016874528247402
1.391	 0.30298152262685113
1.392	 0.3032869318388979
1.393	 0.30470062805689246
1.394	 0.30511306658959014
1.395	 0.30664310233522213
1.396	 0.3071609915828476
1.397	 0.3088018035386457
1.398	 0.30942030855562797
1.399	 0.3111636072719503
1.4	 0.31187631259721826
1.401	 0.31371371856237507
1.402	 0.31451460981857715
1.403	 0.31643778562451985
1.404	 0.31732013274568605
1.405	 0.3193205620626778
1.406	 0.32027747489472813
1.407	 0.322346124893752
1.408	 0.3233705198063729
1.409	 0.3254995012846732
1.41	 0.32658552900423515
1.411	 0.32876732062246145
1.412	 0.3299094739241574
1.413	 0.33213747117900366
1.414	 0.3333306309389979
1.415	 0.33559885929301436
1.416	 0.33683827309610587
1.417	 0.3391414989413717
1.418	 0.3404237054130918
1.419	 0.342757806663393
1.42	 0.3440798257285831
1.421	 0.3464415079995622
1.422	 0.34780085735312766
1.423	 0.3501869982753402
1.424	 0.351581091251773
1.425	 0.3539887452810747
1.426	 0.3559092346650398
1.427	 0.35784209038660847
1.428	 0.35978689090951316
1.429	 0.3617433929112669
1.43	 0.3637112486564259
1.431	 0.36569000965491943
1.432	 0.36767931138277515
1.433	 0.3696789981335995
1.434	 0.371688670206561
1.435	 0.3737082635329966
1.436	 0.3757374950743919
1.437	 0.3777761873067255
1.438	 0.3798240368863223
1.439	 0.3818807545240346
1.44	 0.3839462392327064
1.441	 0.38602013708324523
1.442	 0.3881022327000894
1.443	 0.3901921103830796
1.444	 0.3922896539599172
1.445	 0.39439454085216413
1.446	 0.396506449685795
1.447	 0.3986252846839358
1.448	 0.400750899581285
1.449	 0.40288299902142266
1.45	 0.40502138720489933
1.451	 0.40766521464097466
1.452	 0.40931587177384454
1.453	 0.41199071963622624
1.454	 0.4136316535231834
1.455	 0.4163365374802422
1.456	 0.41796636638665113
1.457	 0.42070066008289914
1.458	 0.42231771103251775
1.459	 0.42508053840663323
1.46	 0.4266829470895552
1.461	 0.4294722938257096
1.462	 0.43105846429617795
1.463	 0.43387276846300277
1.464	 0.4354406455010703
1.465	 0.4382783964098078
1.466	 0.43982591898728396
1.467	 0.4426854914659719
1.468	 0.4442107932479509
1.469	 0.44709049266128154
1.47	 0.44859137442511665
1.471	 0.45148910537831455
1.472	 0.4529634105052531
1.473	 0.4558776164606056
1.474	 0.4573234484645258
1.475	 0.4602516266069867
1.476	 0.46166682475108184
1.477	 0.4646068857344894
1.478	 0.4659896264678609
1.479	 0.4689406557039564
1.48	 0.47028931273515767
1.481	 0.47324909591204856
1.482	 0.4745621851072956
1.483	 0.4775289678228378
1.484	 0.4788052219497056
1.485	 0.48177754922752897
1.486	 0.48301564438692307
1.487	 0.4859913473821821
1.488	 0.4871902960761565
1.489	 0.4901672627800593
1.49	 0.49132642689445416
1.491	 0.4943029170775346
1.492	 0.4954220001794222
1.493	 0.4983961127854534
1.494	 0.4994743507084463
1.495	 0.5024443752267168
1.496	 0.5034810106201414
1.497	 0.5064457700732419
1.498	 0.507440856995897
1.499	 0.510398158788385
1.5	 0.5113509549447587
1.501	 0.5131844080198128
1.502	 0.5152075334972502
1.503	 0.5170242655773076
1.504	 0.5190086347643404
1.505	 0.5208075106633637
1.506	 0.5227523305648782
1.507	 0.5245319156165502
1.508	 0.5264357608862228
1.509	 0.5281943175202044
1.51	 0.5300561465749435
1.511	 0.531792019066396
1.512	 0.5336115132841507
1.513	 0.5353232521248524
1.514	 0.5370996614963378
1.515	 0.5387862229692548
1.516	 0.5405185407457045
1.517	 0.5421779883138154
1.518	 0.5438657716217212
1.519	 0.5454971118581649
1.52	 0.5471392537826565
1.521	 0.5487412816435057
1.522	 0.5503376934436057
1.523	 0.551908842462174
1.524	 0.5534583657618126
1.525	 0.5549973263500977
1.526	 0.556499017306193
1.527	 0.5580048042902005
1.528	 0.5594585925574971
1.529	 0.5609302030500579
1.53	 0.5623360011146119
1.531	 0.563772385616071
1.532	 0.5651293439111545
1.533	 0.5665299169917406
1.534	 0.5678376631393939
1.535	 0.5692015658916614
1.536	 0.5704591207731304
1.537	 0.5717852976311706
1.538	 0.5729920333324694
1.539	 0.5742805606074761
1.54	 0.5754359267355045
1.541	 0.5766867199973643
1.542	 0.5777903194921759
1.543	 0.5790030933419218
1.544	 0.5800539536462885
1.545	 0.5812282907637504
1.546	 0.5822258983549307
1.547	 0.5833619634598307
1.548	 0.5843060117599278
1.549	 0.5854040797657696
1.55	 0.5862949715430197
1.551	 0.587255489003059
1.552	 0.5881933275815503
1.553	 0.5891082321246702
1.554	 0.5900000336257164
1.555	 0.5908687701893032
1.556	 0.5917142540577522
1.557	 0.5925364632383003
1.558	 0.5933353499681713
1.559	 0.5941108714035223
1.56	 0.5948630669561705
1.561	 0.5955917174594471
1.562	 0.5962965412223312
1.563	 0.5969771635796584
1.564	 0.5976332700394413
1.565	 0.598264453286196
1.566	 0.5988700682259332
1.567	 0.5994496138196872
1.568	 0.6000021102429561
1.569	 0.6005265730768169
1.57	 0.6010224900148625
1.571	 0.6014888690358445
1.572	 0.6019246859052693
1.573	 0.6023287940698471
1.574	 0.6026995942998966
1.575	 0.6030359941289412
1.576	 0.6041995704153559
1.577	 0.6036001670327381
1.578	 0.6046344971947257
1.579	 0.604009136428567
1.58	 0.6048996838470713
1.581	 0.6042493246570378
1.582	 0.6049825400595458
1.583	 0.6043086624827388
1.584	 0.6048742287005217
1.585	 0.6041790320965271
1.586	 0.6045683844052459
1.587	 0.6038536465467266
1.588	 0.6040607526539625
1.589	 0.6033284855607789
1.59	 0.6033522854946395
1.591	 0.6026047582022884
1.592	 0.602447250401873
1.593	 0.6016858769142227
1.594	 0.6013505198401677
1.595	 0.6005772647205521
1.596	 0.6000706879387502
1.597	 0.599287717240821
1.598	 0.598621099104542
1.599	 0.5978301392021944
1.6	 0.5970172213643539
1.601	 0.596219896929232
1.602	 0.5952738705641875
1.603	 0.5944717122239451
1.604	 0.5934065395625546
1.605	 0.5926007018704912
1.606	 0.5914300673479119
1.607	 0.5906218387865493
1.608	 0.5893595158750371
1.609	 0.588549627897932
1.61	 0.587207818057961
1.611	 0.5863977557394235
1.612	 0.5849874570120221
1.613	 0.584178221917356
1.614	 0.5827093315835586
1.615	 0.5819011890617547
1.616	 0.5803824077749096
1.617	 0.5795760003117931
1.618	 0.5780143620091858
1.619	 0.5772100223872179
1.62	 0.5756112227560706
1.621	 0.5748092669769471
1.622	 0.5731781258671639
1.623	 0.5723785641475517
1.624	 0.5707196120361061
1.625	 0.5699224332875734
1.626	 0.5688424199726355
1.627	 0.5674459616949228
1.628	 0.5663563240666883
1.629	 0.5649577517692654
1.63	 0.5638596619866765
1.631	 0.562460048510959
1.632	 0.5613545477339629
1.633	 0.559955104458
1.634	 0.5588431897616571
1.635	 0.5574442304716758
1.636	 0.5563264507474186
1.637	 0.5549166808486706
1.638	 0.5537933148605844
1.639	 0.5523693961685475
1.64	 0.5512412316036314
1.641	 0.5498020446033612
1.642	 0.5486700130449379
1.643	 0.5472135215181838
1.644	 0.546078568718966
1.645	 0.5446027696531108
1.646	 0.5434658483318318
1.647	 0.5419690428731594
1.648	 0.5408312020979054
1.649	 0.5393103951827307
1.65	 0.5381724542327434
1.651	 0.5366244516267603
1.652	 0.535487413472057
1.653	 0.5339093389572984
1.654	 0.532774609082496
1.655	 0.5311631336941075
1.656	 0.5300316551136041
1.657	 0.5283830158224334
1.658	 0.5272557544416895
1.659	 0.5255657258728706
1.66	 0.5244435449447076
1.661	 0.5227076501197803
1.662	 0.5215911473748066
1.663	 0.5198041626139907
1.664	 0.5186940244077363
1.665	 0.5168515043792399
1.666	 0.5157482810026733
1.667	 0.5138455720784025
1.668	 0.5127497623083795
1.669	 0.5107828806981729
1.67	 0.5096952143613508
1.671	 0.5076598258301422
1.672	 0.5065811886037236
1.673	 0.5044750958373978
1.674	 0.5034059072667335
1.675	 0.501229797619853
1.676	 0.49958562080163776
1.677	 0.4979277034070276
1.678	 0.49625662538863324
1.679	 0.4945728960058356
1.68	 0.49287752591478645
1.681	 0.4911713220184183
1.682	 0.48945480174415884
1.683	 0.4877286402334316
1.684	 0.48599359064259867
1.685	 0.48425032844740795
1.686	 0.48249983973822574
1.687	 0.48074298194698895
1.688	 0.4789806080587495
1.689	 0.4772136856304631
1.69	 0.4754429571788978
1.691	 0.47366881604359495
1.692	 0.4718918305994114
1.693	 0.4701130038551908
1.694	 0.46833306654832235
1.695	 0.4665617387301264
1.696	 0.46479902250914173
1.697	 0.46304460549553933
1.698	 0.4612984430999527
1.699	 0.4595606229765732
1.7	 0.45783110037096686
1.701	 0.455680178335509
1.702	 0.4543974507387985
1.703	 0.45227266882464284
1.704	 0.45099703380763045
1.705	 0.4488984240329563
1.706	 0.4476298650383976
1.707	 0.44555761294385565
1.708	 0.4442963427207529
1.709	 0.4422506106417096
1.71	 0.4409958934805183
1.711	 0.4389762732914955
1.712	 0.43772751772357926
1.713	 0.4357334743750503
1.714	 0.4344904187430084
1.715	 0.43252169328823886
1.716	 0.4312837321315274
1.717	 0.4293400464685547
1.718	 0.4281069248236015
1.719	 0.4261884205512133
1.72	 0.42496012009511114
1.721	 0.42306589737596395
1.722	 0.4218415624199899
1.723	 0.4199709340917104
1.724	 0.41875047274923516
1.725	 0.4169039084174932
1.726	 0.4156872234048929
1.727	 0.41386409909734395
1.728	 0.4126503120483783
1.729	 0.41084948132707155
1.73	 0.4096381766021326
1.731	 0.4078597733497806
1.732	 0.4066510055032709
1.733	 0.40489464018825105
1.734	 0.403688310460763
1.735	 0.4019540530384677
1.736	 0.40075057716124923
1.737	 0.3990392271484324
1.738	 0.3978390348101008
1.739	 0.3961505378192166
1.74	 0.394954522747246
1.741	 0.3932897502845188
1.742	 0.3920987905497334
1.743	 0.3904587253855461
1.744	 0.38927355720079915
1.745	 0.3876588388540699
1.746	 0.38648074533617377
1.747	 0.38489262215907777
1.748	 0.3837223625950331
1.749	 0.38216097976155194
1.75	 0.38099862206854695
1.751	 0.38031664105309587
1.752	 0.3783090013027842
1.753	 0.377637173223595
1.754	 0.37565477420126386
1.755	 0.37499359922955666
1.756	 0.3730364132615465
1.757	 0.3723854137162527
1.758	 0.37045289089211036
1.759	 0.3698112953121993
1.76	 0.367902649998489
1.761	 0.3672692331826938
1.762	 0.36538314699421204
1.763	 0.3647565576431409
1.764	 0.3628920046682538
1.765	 0.36227116796689185
1.766	 0.36042707522710354
1.767	 0.35981058422575635
1.768	 0.3579854523218352
1.769	 0.35737212900111187
1.77	 0.3555652899943702
1.771	 0.35495363573303956
1.772	 0.3531635154938631
1.773	 0.3525523681011481
1.774	 0.35077834503222155
1.775	 0.3501670906856584
1.776	 0.3484084913958787
1.777	 0.34779596228308607
1.778	 0.3460516140620994
1.779	 0.34543628456202896
1.78	 0.3437051694775398
1.781	 0.3430861634823592
1.782	 0.3413674275716831
1.783	 0.3407437883567368
1.784	 0.33903666780570224
1.785	 0.33840720009946473
1.786	 0.33671070885615684
1.787	 0.33607398165748825
1.788	 0.3343867369343064
1.789	 0.33374134007174144
1.79	 0.3320622763730262
1.791	 0.3314067206976511
1.792	 0.3297349325268131
1.793	 0.3290684880539853
1.794	 0.32741142011381685
1.795	 0.3267326122267359
1.796	 0.32509327754093764
1.797	 0.3244001816322126
1.798	 0.32277833648841064
1.799	 0.3220706604728116
1.8	 0.3204662725058094
1.801	 0.31931101983064947
1.802	 0.31815649425462156
1.803	 0.31741681329307314
1.804	 0.31584895575510685
1.805	 0.31469588277410676
1.806	 0.31354313307948034
1.807	 0.31276926265729893
1.808	 0.31123873017675685
1.809	 0.31008718057007656
1.81	 0.3089354815886625
1.811	 0.30812651538846586
1.812	 0.30663219428207
1.813	 0.3054801094353513
1.814	 0.304328252760826
1.815	 0.3034828082645966
1.816	 0.30202573195943205
1.817	 0.3008755172764954
1.818	 0.2997260977507074
1.819	 0.29884483021234093
1.82	 0.2974296915019887
1.821	 0.2962829189815584
1.822	 0.2951372825632805
1.823	 0.2942208437941322
1.824	 0.29285011655983206
1.825	 0.2917092362042242
1.826	 0.2906600223952296
1.827	 0.28961843310167207
1.828	 0.28838332425562496
1.829	 0.28714494766444204
1.83	 0.28609729448348
1.831	 0.28499485234542576
1.832	 0.2838004842624424
1.833	 0.28254194807496624
1.834	 0.281492820759439
1.835	 0.2803294951366656
1.836	 0.27918627028350246
1.837	 0.2779294672466825
1.838	 0.2769133859574173
1.839	 0.2757313111097003
1.84	 0.2746804262228342
1.841	 0.2734557731931099
1.842	 0.27249484519121675
1.843	 0.2713099601968594
1.844	 0.27036629016072017
1.845	 0.269192800946101
1.846	 0.2683061812450257
1.847	 0.26713804351621284
1.848	 0.2663231481175918
1.849	 0.26522133429678335
1.85	 0.2644292639338859
1.851	 0.26330285355699945
1.852	 0.2626394206793035
1.853	 0.26163741185532635
1.854	 0.2609672284856345
1.855	 0.2599120766540312
1.856	 0.2594267967651864
1.857	 0.25855437704560785
1.858	 0.2580360547468272
1.859	 0.25708605552564756
1.86	 0.2568146114022589
1.861	 0.25610927715880294
1.862	 0.2557811522140443
1.863	 0.25497527095604267
1.864	 0.25495399806005603
1.865	 0.25445210381299
1.866	 0.25435283172319373
1.867	 0.25373036721308684
1.868	 0.25399645621212696
1.869	 0.2537341625581576
1.87	 0.25390103447479356
1.871	 0.2534993989711793
1.872	 0.25408339299498134
1.873	 0.25409070410053336
1.874	 0.25455230812782415
1.875	 0.25439477679189326
1.876	 0.2547982291955205
1.877	 0.25558915352502865
1.878	 0.25614068425698155
1.879	 0.2564333024616133
1.88	 0.2571160278208275
1.881	 0.25820500743142294
1.882	 0.25902482391005816
1.883	 0.2595571444289861
1.884	 0.2604972163480442
1.885	 0.26185916659465724
1.886	 0.2629231009182599
1.887	 0.2636729444465881
1.888	 0.2648420237571648
1.889	 0.26643998234267857
1.89	 0.26771219960417375
1.891	 0.2686454653921102
1.892	 0.27000497643535426
1.893	 0.2717981501271002
1.894	 0.27324172348684966
1.895	 0.2743061491286009
1.896	 0.2757757804345688
1.897	 0.2776592345517624
1.898	 0.2791529618821193
1.899	 0.2802490211248722
1.9	 0.2817614351144645
1.901	 0.2836974812701854
1.902	 0.2852334080355602
1.903	 0.286361908141112
1.904	 0.2879166490023007
1.905	 0.2899035502202737
1.906	 0.2914810878467173
1.907	 0.2926427217870127
1.908	 0.2942392591821659
1.909	 0.296277575653065
1.91	 0.29789760086473765
1.911	 0.29909282188782127
1.912	 0.3007317043969891
1.913	 0.30281964670246325
1.914	 0.3044813523469445
1.915	 0.30571139285481347
1.916	 0.30739264804643557
1.917	 0.3095288656956655
1.918	 0.31123139824128343
1.919	 0.31249728015639733
1.92	 0.314218125471901
1.921	 0.316396686128896
1.922	 0.31813864441557343
1.923	 0.31944110145930843
1.924	 0.32120242159816115
1.925	 0.32342463860635534
1.926	 0.32520610688794654
1.927	 0.32699733487128685
1.928	 0.3283463944736572
1.929	 0.3306097720202809
1.93	 0.33243129389122483
1.931	 0.334262395869696
1.932	 0.3356500463548999
1.933	 0.33795274893662547
1.934	 0.33981125996274053
1.935	 0.3416787581750828
1.936	 0.3431049778410591
1.937	 0.3454410427260435
1.938	 0.34733530496777054
1.939	 0.34923790964841767
1.94	 0.3507013234751898
1.941	 0.3530656572940878
1.942	 0.354990477641673
1.943	 0.356922342731265
1.944	 0.35842054719703803
1.945	 0.3608077114273252
1.946	 0.36276091880407424
1.947	 0.3647204839630254
1.948	 0.3662507203504514
1.949	 0.3686572497839739
1.95	 0.3706344526746171
1.951	 0.3731983669388519
1.952	 0.3741788453227734
1.953	 0.37719433024614807
1.954	 0.37860517473597
1.955	 0.3812108331316746
1.956	 0.38219939919596685
1.957	 0.3852458827932871
1.958	 0.3866551549233601
1.959	 0.3893007994614605
1.96	 0.3902965451777279
1.961	 0.39337606616577303
1.962	 0.39478347632654376
1.963	 0.3974717407038701
1.964	 0.3984737195899488
1.965	 0.40158529837118234
1.966	 0.40298553422614586
1.967	 0.40571757774861583
1.968	 0.4067247413435945
1.969	 0.4098735226838206
1.97	 0.4112690635258369
1.971	 0.41405374986697985
1.972	 0.4150650299775384
1.973	 0.41825761285170554
1.974	 0.41964558010669045
1.975	 0.4224854543690024
1.976	 0.4234997170111737
1.977	 0.4267368768174801
1.978	 0.42811454788762887
1.979	 0.43101300384267927
1.98	 0.43202903435139334
1.981	 0.435316308347695
1.982	 0.43668382747485707
1.983	 0.43964747973190155
1.984	 0.4406640091562252
1.985	 0.4440043458112529
1.986	 0.44535711091865815
1.987	 0.44838825437643937
1.988	 0.4494039130412049
1.989	 0.4528025765377398
1.99	 0.4541407901141724
1.991	 0.45724855008982157
1.992	 0.4582618945318594
1.993	 0.46172200115410456
1.994	 0.46303191718752185
1.995	 0.46620254167382963
1.996	 0.4671860149804913
1.997	 0.4706850647119557
1.998	 0.4719421964087167
1.999	 0.47516666858149337
2.0	 0.4761120525394956
2.001	 0.478342420336328
2.002	 0.48057236243848267
2.003	 0.4841266985657737
2.004	 0.485027975592052
2.005	 0.48725390995347806
2.006	 0.4894791358934108
2.007	 0.49307207368926664
2.008	 0.4939269553159335
2.009	 0.4961488332252223
2.01	 0.49836924698130053
2.011	 0.5019959824492478
2.012	 0.5028038387378014
2.013	 0.5050190222476846
2.014	 0.5072329016650428
2.015	 0.5108966396180961
2.016	 0.5116551364101758
2.017	 0.5138626265259629
2.018	 0.5160673348148228
2.019	 0.5197631256935025
2.02	 0.5204679309434221
2.021	 0.5226633729523109
2.022	 0.5248551274527616
2.023	 0.5285763324755044
2.024	 0.5292256783395302
2.025	 0.5314043936351734
2.026	 0.5335780301653911
2.027	 0.5373209672218234
2.028	 0.5379122790016249
2.029	 0.5400755517341926
2.03	 0.5422365839384302
2.031	 0.5460211860760842
2.032	 0.5465525700359665
2.033	 0.5487081074618975
2.034	 0.5508614965268901
2.035	 0.5546902619288822
2.036	 0.555160123465943
2.037	 0.5572947528236188
2.038	 0.5594164556117506
2.039	 0.5632128424933627
2.04	 0.5636181393080825
2.041	 0.5656968198024076
2.042	 0.5677581103771093
2.043	 0.5714845299803313
2.044	 0.5718254094916511
2.045	 0.5738282311386279
2.046	 0.575808701606083
2.047	 0.5794296438891317
2.048	 0.5797019390938883
2.049	 0.581611956654119
2.05	 0.583494962648231
2.051	 0.5869651282617576
2.052	 0.5871778085692967
2.053	 0.5889591694877122
2.054	 0.5907122219970807
2.055	 0.5939666009229809
2.056	 0.5940887185438758
2.057	 0.5957412994685876
2.058	 0.5973327891516433
2.059	 0.6003025003870716
2.06	 0.6003329960556929
2.061	 0.6018161488346783
2.062	 0.6032054777431001
2.063	 0.6058080588427192
2.064	 0.6057463207816979
2.065	 0.6070233672126111
2.066	 0.6081699476010085
2.067	 0.6103211964152523
2.068	 0.6101717981072654
2.069	 0.6112034882910392
2.07	 0.6120747851921566
2.071	 0.613714979530317
2.072	 0.6134870133676319
2.073	 0.6142436516528715
2.074	 0.6148139122472748
2.075	 0.615897796151552
2.076	 0.6162543382604351
2.077	 0.6160718722067461
2.078	 0.6163429845615739
2.079	 0.6168825764599065
2.08	 0.6169498512080646
2.081	 0.6167244463126483
2.082	 0.6167131708998671
2.083	 0.6167484987315074
2.084	 0.6165530880671362
2.085	 0.6162876315232864
2.086	 0.6160220809574036
2.087	 0.6156122487019301
2.088	 0.6151893962253799
2.089	 0.614890166494049
2.09	 0.614409526613076
2.091	 0.6136304070844084
2.092	 0.6130202262998736
2.093	 0.6126911299006073
2.094	 0.6120340138770538
2.095	 0.6109798460798651
2.096	 0.6102662574143849
2.097	 0.6099114464626905
2.098	 0.6091791089302508
2.099	 0.6080493920841711
2.1	 0.6072861137647341
2.101	 0.6069070892440934
2.102	 0.6061258082826704
2.103	 0.604925502837248
2.104	 0.6041162788489358
2.105	 0.6037143358178823
2.106	 0.6028883326907549
2.107	 0.601620839946975
2.108	 0.600766179555681
2.109	 0.6003402040285516
2.11	 0.599468474421456
2.111	 0.5981374350483746
2.112	 0.5972413715206274
2.113	 0.5967929380658801
2.114	 0.5958815889241011
2.115	 0.5944971789233403
2.116	 0.593564805604197
2.117	 0.5930949526871411
2.118	 0.5921497101253278
2.119	 0.5907184792290372
2.12	 0.5897542862276188
2.121	 0.5892684377410182
2.122	 0.5882911123567852
2.123	 0.586807178773097
2.124	 0.5858053134201565
2.125	 0.5853018360800696
2.126	 0.584286580663894
2.127	 0.5832624512973479
2.128	 0.5817073113764012
2.129	 0.581188149589979
2.13	 0.5801362469764195
2.131	 0.5790750977791564
2.132	 0.5774603457066784
2.133	 0.5769264658477676
2.134	 0.5758409606210196
2.135	 0.5747482881350662
2.136	 0.5730825208413307
2.137	 0.5725379907714009
2.138	 0.5714201661699835
2.139	 0.570294734054827
2.14	 0.5685787226418418
2.141	 0.5680255556567807
2.142	 0.5668808068611388
2.143	 0.5657292254819638
2.144	 0.5639635349389034
2.145	 0.5634035863959476
2.146	 0.5622294349721405
2.147	 0.5610480833008036
2.148	 0.5592318729055508
2.149	 0.55866365275164
2.15	 0.5574614819314045
2.151	 0.556252176375861
2.152	 0.554393085180253
2.153	 0.5538149901718133
2.154	 0.5525871956322854
2.155	 0.5513548684196952
2.156	 0.5494569382344907
2.157	 0.5488730932692223
2.158	 0.5476238222976486
2.159	 0.5463683548683337
2.16	 0.5444329466687957
2.161	 0.5438420207475873
2.162	 0.5425702190985268
2.163	 0.5412925771408769
2.164	 0.5393156919344176
2.165	 0.5387214656336301
2.166	 0.5374303425717174
2.167	 0.5361355976929486
2.168	 0.5341278652359532
2.169	 0.5335292220111452
2.17	 0.5322171150608112
2.171	 0.53089886703158
2.172	 0.5288510185362439
2.173	 0.5282453437088035
2.174	 0.5269101838929997
2.175	 0.5255692954596111
2.176	 0.5234820004871619
2.177	 0.5225350417942132
2.178	 0.52151504371232
2.179	 0.5201529892569
2.18	 0.5180304840553527
2.181	 0.5170725217166694
2.182	 0.5160344117711855
2.183	 0.5146498399548509
2.184	 0.5124885766236856
2.185	 0.5115208798800255
2.186	 0.5104689218107029
2.187	 0.5090665875087681
2.188	 0.506875336673782
2.189	 0.5059023271208644
2.19	 0.5048335385973635
2.191	 0.5034139229515359
2.192	 0.5011949306543161
2.193	 0.5002140526536712
2.194	 0.49913439283973293
2.195	 0.497706982188678
2.196	 0.4954870426474901
2.197	 0.49450144190507384
2.198	 0.4934273780309044
2.199	 0.49200430442176124
2.2	 0.48979674819332114
2.201	 0.48837612068124925
2.202	 0.48731174680782885
2.203	 0.4863195075488716
2.204	 0.4841179504431755
2.205	 0.4827034497178918
2.206	 0.48164828899441486
2.207	 0.48065537133491404
2.208	 0.47847725118195716
2.209	 0.47707285843902447
2.21	 0.4760291503902748
2.211	 0.4750374408682099
2.212	 0.4728736667123542
2.213	 0.4714796075280449
2.214	 0.4704491216608726
2.215	 0.46945830741165634
2.216	 0.46731345246008027
2.217	 0.4659274287153977
2.218	 0.46490838951606833
2.219	 0.46391487070225246
2.22	 0.46177809066781744
2.221	 0.4604010310828293
2.222	 0.45939746702103107
2.223	 0.45840817668942757
2.224	 0.4563012978534013
2.225	 0.45494449105826107
2.226	 0.4539597581693276
2.227	 0.45298257222793614
2.228	 0.4509245425985478
2.229	 0.4496035265047991
2.23	 0.4486441122714313
2.231	 0.447695168085034
2.232	 0.4456999153128504
2.233	 0.44441867156005915
2.234	 0.4434871195614173
2.235	 0.44256852460650364
2.236	 0.4406377923421971
2.237	 0.4393994742855029
2.238	 0.43849996908317096
2.239	 0.4376164818949481
2.24	 0.4357578942272275
2.241	 0.43457052146081904
2.242	 0.43371138407011545
2.243	 0.4328715630200438
2.244	 0.4310907064924124
2.245	 0.42995735454940254
2.246	 0.4291381758797484
2.247	 0.42833515869231703
2.248	 0.4266255994073355
2.249	 0.4255376889814043
2.25	 0.4247518493466247
2.251	 0.42398520369534537
2.252	 0.4229295944616223
2.253	 0.42131403602973727
2.254	 0.4205697573113827
2.255	 0.41984551740923814
2.256	 0.41884507743372984
2.257	 0.4173090595806428
2.258	 0.4166089516581131
2.259	 0.41592758472184715
2.26	 0.41498304393232
2.261	 0.4135308269612824
2.262	 0.41287723890278816
2.263	 0.4122426509159974
2.264	 0.41136336601091367
2.265	 0.4100040344064958
2.266	 0.4094092825508792
2.267	 0.40882984111028753
2.268	 0.40801662103549396
2.269	 0.4067465762936554
2.27	 0.40619913348640874
2.271	 0.40566058724003845
2.272	 0.4049044214093442
2.273	 0.40371809687751226
2.274	 0.4032183784645019
2.275	 0.40272284779980017
2.276	 0.402022241518407
2.277	 0.4009150718193199
2.278	 0.40045682488212486
2.279	 0.3999975287407386
2.28	 0.39934875992390095
2.281	 0.3983196451974722
2.282	 0.3979033888155842
2.283	 0.3974794275014219
2.284	 0.3968812099415705
2.285	 0.3959287280930571
2.286	 0.3955506484685037
2.287	 0.3951565253561337
2.288	 0.3946048009155326
2.289	 0.3937258526781506
2.29	 0.39338555909586814
2.291	 0.3930232187587361
2.292	 0.39252307716288615
2.293	 0.39172456683887213
2.294	 0.391429184917371
2.295	 0.3911044166936568
2.296	 0.3906564860947341
2.297	 0.3899344439169336
2.298	 0.3896794877458858
2.299	 0.38938665901152464
2.3	 0.3889878099483904
2.301	 0.3884959787650676
2.302	 0.3882789685839039
2.303	 0.38816466552463175
2.304	 0.3879573531172625
2.305	 0.38767066095187097
2.306	 0.3874837704156523
2.307	 0.3873827879466213
2.308	 0.3872065050562972
2.309	 0.3869680077132073
2.31	 0.3868086858822025
2.311	 0.3867142237720565
2.312	 0.3865604363401122
2.313	 0.3863604045296237
2.314	 0.3862188293787039
2.315	 0.3861196148715898
2.316	 0.3859765492534848
2.317	 0.38580427013279156
2.318	 0.3856711402195811
2.319	 0.3855639239856522
2.32	 0.38543162484324656
2.321	 0.38528786224935613
2.322	 0.38516911427266
2.323	 0.3850639834514789
2.324	 0.38495533480060845
2.325	 0.3848560418273343
2.326	 0.38476540571032974
2.327	 0.38468016317237574
2.328	 0.38458583902035054
2.329	 0.3845305280422294
2.33	 0.38446774584697696
2.331	 0.3844128645728242
2.332	 0.38433244742793665
2.333	 0.3843237491028244
2.334	 0.38428760025190045
2.335	 0.38425883166199704
2.336	 0.38418832152026267
2.337	 0.3842249897573793
2.338	 0.38421980877409767
2.339	 0.3842194005319501
2.34	 0.38415903097333354
2.341	 0.38423806304349734
2.342	 0.38425931764546134
2.343	 0.38428902584662333
2.344	 0.3842465089990319
2.345	 0.3843734916613757
2.346	 0.3844268564518635
2.347	 0.3844891697235027
2.348	 0.38446198457390834
2.349	 0.38463821912120005
2.35	 0.38472323551346027
2.351	 0.3848127637203047
2.352	 0.38479109766477954
2.353	 0.38500485605225926
2.354	 0.38510673267410483
2.355	 0.38521409564219117
2.356	 0.3851972776394907
2.357	 0.3854500943362906
2.358	 0.385577197781814
2.359	 0.3857094257464982
2.36	 0.3856955499956143
2.361	 0.38598624898288486
2.362	 0.3861357198426179
2.363	 0.3862940726487243
2.364	 0.3862962092751175
2.365	 0.3866341073374446
2.366	 0.3868100976128715
2.367	 0.3869914134554682
2.368	 0.3869967362680778
2.369	 0.38737272097418396
2.37	 0.3875744170166798
2.371	 0.3877848238042763
2.372	 0.3878022887505632
2.373	 0.3882289012851904
2.374	 0.3884641330887943
2.375	 0.38870872594248446
2.376	 0.38874430451231995
2.377	 0.3890017108638122
2.378	 0.3894961500137906
2.379	 0.3897756071896271
2.38	 0.3898243237629111
2.381	 0.3901161535033082
2.382	 0.3906650076887438
2.383	 0.3909802251637663
2.384	 0.39105036590365794
2.385	 0.39138161713542285
2.386	 0.3919861263952757
2.387	 0.39233927915004446
2.388	 0.3924226318194277
2.389	 0.3927802702202782
2.39	 0.3934314785278826
2.391	 0.3938102954589111
2.392	 0.39390270832189334
2.393	 0.39429487912030653
2.394	 0.39499783629534774
2.395	 0.39541116278343597
2.396	 0.39552150597882935
2.397	 0.3959494857447075
2.398	 0.3967080975411234
2.399	 0.39715832889295816
2.4	 0.39728650533112414
2.401	 0.39775569098125213
2.402	 0.39858444101465695
2.403	 0.39908999012388574
2.404	 0.39925896207144423
2.405	 0.39977922722776993
2.406	 0.400661464718822
2.407	 0.401196715513289
2.408	 0.4013699326478528
2.409	 0.4019194137509259
2.41	 0.4028637786539487
2.411	 0.4034517902759735
2.412	 0.40366788153746874
2.413	 0.4042749375965711
2.414	 0.4052839754497834
2.415	 0.4059146324939466
2.416	 0.40616301223968054
2.417	 0.4068279578499354
2.418	 0.4079201299721059
2.419	 0.40863021612318
2.42	 0.40894550309233607
2.421	 0.4096865161225289
2.422	 0.41086023219001666
2.423	 0.4116276368447215
2.424	 0.41197798539394986
2.425	 0.41276841227784367
2.426	 0.4139996266810223
2.427	 0.4147966924240056
2.428	 0.4151504143084118
2.429	 0.415944525488991
2.43	 0.417185738384296
2.431	 0.417980915906581
2.432	 0.41832402143750685
2.433	 0.41911594688087694
2.434	 0.4203619336587816
2.435	 0.42115368332120273
2.436	 0.4214860095150218
2.437	 0.4222737014711096
2.438	 0.4235197513671044
2.439	 0.42430408856410623
2.44	 0.424625512716146
2.441	 0.4254042794331072
2.442	 0.42663836556821283
2.443	 0.42740970356548186
2.444	 0.4277201869170753
2.445	 0.4284860945663524
2.446	 0.4297082475724804
2.447	 0.4304708050802217
2.448	 0.430770316213038
2.449	 0.43152778741312975
2.45	 0.4327429256458819
2.451	 0.4334941562022239
2.452	 0.43424200339526386
2.453	 0.43452774013186635
2.454	 0.43572593285221684
2.455	 0.43646190821329667
2.456	 0.4371937597979036
2.457	 0.43746851732570374
2.458	 0.4386448754581991
2.459	 0.43936475365676514
2.46	 0.4400801156024622
2.461	 0.4403439691997582
2.462	 0.4414957918738438
2.463	 0.4421947067601604
2.464	 0.4428864820773966
2.465	 0.44313957467780235
2.466	 0.44425051948762667
2.467	 0.4449239373195144
2.468	 0.44559290044923355
2.469	 0.4458354665953767
2.47	 0.4469170781442022
2.471	 0.4475720056907705
2.472	 0.44822096398131756
2.473	 0.4484531687090703
2.474	 0.4495037552441844
2.475	 0.45013805396898604
2.476	 0.45076863431520015
2.477	 0.4509906631777935
2.478	 0.45201600055713304
2.479	 0.4526326954253084
2.48	 0.4532447350550204
2.481	 0.453456749959875
2.482	 0.45445563601292155
2.483	 0.45505460730944225
2.484	 0.45564972271540094
2.485	 0.4558518942945276
2.486	 0.45682863038672894
2.487	 0.45741254764001904
2.488	 0.4579922704428829
2.489	 0.4581847434507836
2.49	 0.4591389824290215
2.491	 0.4597053038686254
2.492	 0.46026529708114494
2.493	 0.4604482548272956
2.494	 0.4613700751639636
2.495	 0.46191477719176866
2.496	 0.46245576647559294
2.497	 0.4626294571593416
2.498	 0.46352326933758137
2.499	 0.4640493045108856
2.5	 0.0
