2.501	 1.0
2.503	 0.4890843914527677
2.504	 0.4883075551487366
2.505	 0.4876115902015426
2.506	 0.48803016571681646
2.507	 0.4885284293313231
2.509	 0.48899865587974534
2.51	 0.4888593306661284
2.511	 0.488890840899593
2.512	 0.48907702448815416
2.514	 0.48893427719799293
2.515	 0.4886756717507099
2.516	 0.48866670528296086
2.517	 0.4885271925714121
2.518	 0.48842422278816144
2.52	 0.4878666032325065
2.521	 0.4877668375534927
2.522	 0.48747213188847316
2.523	 0.48703626542228623
2.525	 0.48683785174005473
2.526	 0.4865912736230463
2.527	 0.4863997506433572
2.528	 0.4864352001980767
2.53	 0.48609615601466394
2.531	 0.4860076727320619
2.532	 0.48602112291847466
2.533	 0.4859213035929732
2.534	 0.48600336823429563
2.536	 0.48569301007846777
2.537	 0.4854703159429845
2.538	 0.4853999511344419
2.539	 0.4850300974390538
2.541	 0.4850373496278708
2.542	 0.4848395144977531
2.543	 0.4846435526182813
2.544	 0.4845313613767035
2.546	 0.48413139704465885
2.547	 0.48387831232134254
2.548	 0.48378294334526795
2.549	 0.4835410275083413
2.551	 0.48318550249481484
2.552	 0.4829666815634699
2.553	 0.48291184657171776
2.554	 0.4828217402046143
2.556	 0.4824153210879259
2.557	 0.48235065400853255
2.558	 0.482197453763414
2.559	 0.4819475941127359
2.561	 0.4815867551909633
2.562	 0.48118709779011776
2.563	 0.480832533425383
2.565	 0.4804768779962621
2.566	 0.48027175343204626
2.567	 0.47971838192962285
2.568	 0.4794945521622538
2.57	 0.4791829779843846
2.571	 0.4789190363360333
2.572	 0.4786462426096232
2.573	 0.47852279869622655
2.575	 0.47808210534127893
2.576	 0.4777523593239165
2.577	 0.4775563810814212
2.579	 0.4770918363270703
2.58	 0.4767599863538162
2.581	 0.4765559361029993
2.582	 0.4763496569971147
2.584	 0.47595359957271915
2.585	 0.47575781414986407
2.586	 0.47546330347745763
2.588	 0.4750835988541865
2.589	 0.47497161108516717
2.59	 0.47473859846895017
2.591	 0.4744772179287727
2.593	 0.47418868223367683
2.594	 0.4740397708830287
2.595	 0.4736718706544092
2.597	 0.473524215874631
2.598	 0.4731566460465687
2.599	 0.4727968640594482
2.601	 0.47248856667371414
2.602	 0.4722723856455189
2.603	 0.4720387471859795
2.604	 0.47174382022853917
2.606	 0.471561802747908
2.607	 0.47130045502646445
2.608	 0.471074781494929
2.61	 0.47084535911804537
2.611	 0.47061063941045783
2.612	 0.47034952629865123
2.614	 0.4701807302377933
2.615	 0.46984664475922777
2.616	 0.469705088502175
2.618	 0.46946224315749957
2.619	 0.4691767408943224
2.62	 0.46892055229932905
2.622	 0.46868192331666886
2.623	 0.4684725283459272
2.624	 0.4682574703951073
2.626	 0.46816372097300707
2.627	 0.46797285792559107
2.628	 0.46780962354748284
2.63	 0.4676992200132827
2.631	 0.46767012322330365
2.632	 0.46744811435227457
2.634	 0.46736244005379307
2.635	 0.467202329604493
2.636	 0.4670817570127545
2.638	 0.46699129791020805
2.639	 0.46692118102160857
2.64	 0.4668332628906093
2.642	 0.4667340646935246
2.643	 0.46669106649227354
2.644	 0.466510709676943
2.646	 0.46648632896041814
2.647	 0.46636435010419125
2.648	 0.46626886027238884
2.65	 0.46614560893456497
2.651	 0.46610943107982816
2.652	 0.465963102181975
2.654	 0.4659357721129929
2.655	 0.4658956295762858
2.657	 0.4658693632188076
2.658	 0.46583774530336575
2.659	 0.46583128540216956
2.661	 0.4657720153717313
2.662	 0.465767821036931
2.663	 0.46573960086856486
2.665	 0.4656830595877319
2.666	 0.4656087571591944
2.667	 0.46559868326906706
2.669	 0.4655974291741215
2.67	 0.4656116830590892
2.672	 0.4655438721944264
2.673	 0.46556178191459757
2.674	 0.4655919724739024
2.676	 0.4655868651985104
2.677	 0.4656298924198023
2.678	 0.46563966594361106
2.68	 0.46560765868361803
2.681	 0.4655918079560489
2.683	 0.46560369661017376
2.684	 0.4656312351190259
2.685	 0.46565498423413576
2.687	 0.4656547610259172
2.688	 0.4656237330535579
2.69	 0.4656039564557327
2.691	 0.4655808466590665
2.692	 0.4656090757506063
2.694	 0.46568043180028124
2.695	 0.4657366795262445
2.697	 0.4657959247291403
2.698	 0.4658582621994711
2.699	 0.4659150147902217
2.701	 0.46603430534569384
2.702	 0.466061255894281
2.704	 0.466279285868313
2.705	 0.4663966845737853
2.706	 0.46651169720473895
2.708	 0.46670910284557504
2.709	 0.4668731025619912
2.711	 0.4670542803675761
2.712	 0.4673271131361569
2.713	 0.4674531627444131
2.715	 0.4676277082156636
2.716	 0.467875359791405
2.718	 0.4681262340182295
2.719	 0.4682242352045096
2.721	 0.46848699910329605
2.722	 0.46868072248557247
2.723	 0.46880411052736926
2.725	 0.469171333740816
2.726	 0.4693929827760907
2.728	 0.4697368800334851
2.729	 0.46984789172943026
2.731	 0.4700560623120789
2.732	 0.4703722775794195
2.734	 0.47067051689448897
2.735	 0.47086571888106865
2.736	 0.4711764718895434
2.738	 0.4715173132095596
2.739	 0.47170832655389355
2.741	 0.47209428653914254
2.742	 0.4723079195098796
2.744	 0.4726757097707828
2.745	 0.4728572939845387
2.747	 0.47313049472727725
2.748	 0.47354749941506724
2.749	 0.4738103747226896
2.751	 0.4740128323071148
2.752	 0.47433217277594975
2.754	 0.47486801684488694
2.755	 0.47502857896755757
2.757	 0.4754698716151105
2.758	 0.47572088049011635
2.76	 0.47603642687579006
2.761	 0.4764125033083989
2.763	 0.47673815089052796
2.764	 0.47711333549645807
2.766	 0.477652352318576
2.767	 0.4778227373678374
2.769	 0.4784085737481664
2.77	 0.4786781408407986
2.772	 0.4790176866715545
2.773	 0.4795757508479417
2.774	 0.47973419889786273
2.776	 0.48014677563280866
2.777	 0.4807078791605498
2.779	 0.4809700347993764
2.78	 0.48132461985532504
2.782	 0.4820620134503075
2.783	 0.48224035978881163
2.785	 0.48283492163466474
2.786	 0.4831217574542623
2.788	 0.48330217822080196
2.789	 0.4838440219796625
2.791	 0.4841781405145854
2.792	 0.4844814420673968
2.794	 0.48498889698015857
2.795	 0.4851931085388333
2.797	 0.4858523762273864
2.798	 0.4862691714272568
2.8	 0.48673313946729496
2.801	 0.48712363308435774
2.803	 0.4874339740467334
2.804	 0.48785021806199363
2.806	 0.48853113071961685
2.808	 0.4888461584873133
2.809	 0.4891988037461705
2.811	 0.48953361792342304
2.812	 0.48985689526538717
2.814	 0.4904208026928624
2.815	 0.4905384325415248
2.817	 0.49119320640469144
2.818	 0.4915819105203673
2.82	 0.49194952107527296
2.821	 0.4923495703838766
2.823	 0.4927601685720222
2.824	 0.49311454674071403
2.826	 0.49374978495461636
2.827	 0.49406211978339415
2.829	 0.49443891324058714
2.831	 0.49486586246679004
2.832	 0.49503540868164164
2.834	 0.4955849177174318
2.835	 0.4958843050772978
2.837	 0.49617774460622077
2.838	 0.49643930463625807
2.84	 0.4966672687759782
2.841	 0.4970067247763214
2.843	 0.49744481378851635
2.844	 0.49764729460207857
2.846	 0.49814802111364714
2.848	 0.4984864016159066
2.849	 0.49882648341171887
2.851	 0.499318793564769
2.852	 0.4994604093062517
2.854	 0.49987488721629153
2.855	 0.5000609909162889
2.857	 0.5002945596867363
2.859	 0.5006257097515583
2.86	 0.5007284700087458
2.862	 0.5010976506338577
2.863	 0.5013532173396308
2.865	 0.5016869199127213
2.866	 0.501957417618686
2.868	 0.5022063353286423
2.87	 0.5026658299071392
2.871	 0.5027574500338037
2.873	 0.503093005099713
2.874	 0.503309073586276
2.876	 0.5033949725833665
2.878	 0.5038917703568873
2.879	 0.5039551327593681
2.881	 0.5041704020042449
2.882	 0.5043489111875584
2.884	 0.5044980394669346
2.886	 0.5047612854861872
2.887	 0.5049582708196615
2.889	 0.5052011777033929
2.89	 0.5054474752762572
2.892	 0.5056574702287131
2.894	 0.5059583176365735
2.895	 0.5061088401710281
2.897	 0.5061819442294028
2.899	 0.5065172182644819
2.9	 0.5065804320176237
2.902	 0.5068294558008276
2.903	 0.50684700861435
2.905	 0.5069682839947773
2.907	 0.5071417367851079
2.908	 0.5071436682302839
2.91	 0.5072784009225402
2.912	 0.5073580208642506
2.913	 0.5074071914372218
2.915	 0.5075751097704897
2.916	 0.5076236975848424
2.918	 0.507820168452298
2.92	 0.5079379853873875
2.921	 0.508027164312091
2.923	 0.5082686909264156
2.925	 0.5083039734153286
2.926	 0.508367352343029
2.928	 0.5083703960125584
2.93	 0.5084669082424177
2.931	 0.5084754324251444
2.933	 0.508492577262585
2.935	 0.5085531664796263
2.936	 0.508595731148328
2.938	 0.5086172291717793
2.94	 0.508607618651043
2.941	 0.5086006899986526
2.943	 0.508759921843928
2.945	 0.5087812875100375
2.946	 0.5088522122214757
2.948	 0.5088719922042532
2.95	 0.5088573210782397
2.951	 0.5088342648294036
2.953	 0.5087937852413564
2.955	 0.5087521903229504
2.956	 0.508740107843659
2.958	 0.5087997401217157
2.96	 0.5088350639362533
2.961	 0.5088555211059941
2.963	 0.5088329064507651
2.965	 0.5088167773486424
2.967	 0.5087660705960977
2.968	 0.5087259910362114
2.97	 0.5086529304344658
2.972	 0.5086161608342096
2.973	 0.5085808816259827
2.975	 0.5084856096378032
2.977	 0.5083709231922392
2.978	 0.5082878743714425
2.98	 0.5081299320184924
2.982	 0.5080390660813064
2.984	 0.5079789697918943
2.985	 0.5079284783200203
2.987	 0.5078788041636493
2.989	 0.5077949004836144
2.99	 0.5077426179732848
2.992	 0.5077313840555375
2.994	 0.5076702735673823
2.996	 0.5076102234663609
2.997	 0.5075774112791344
2.999	 0.5073871777379639
3.001	 0.5072577033972347
3.003	 0.507117583907912
3.004	 0.5070301512088982
3.006	 0.5069808808425403
3.008	 0.5068361646031968
3.01	 0.5067318773444259
3.011	 0.5067078521844608
3.013	 0.5066814280461719
3.015	 0.5065438410026911
3.017	 0.5064452320585824
3.018	 0.5063342555110374
3.02	 0.5061963747114573
3.022	 0.5060659072950315
3.024	 0.5058413361051189
3.025	 0.5057667027549105
3.027	 0.505529242491236
3.029	 0.5054833257891302
3.031	 0.5052985891814922
3.032	 0.5052346584241569
3.034	 0.5052033071001798
3.036	 0.5050446385235928
3.038	 0.5049423186237518
3.04	 0.5048220634712144
3.041	 0.5047570042703141
3.043	 0.5045603963861996
3.045	 0.5044245907360709
3.047	 0.504249084805571
3.048	 0.5041127812757297
3.05	 0.5039638775903235
3.052	 0.5037733527586644
3.054	 0.5037498161272745
3.056	 0.5036723284610999
3.057	 0.5036531726293026
3.059	 0.503452760977698
3.061	 0.5033840899926737
3.063	 0.5031201758785036
3.065	 0.5031166947151268
3.067	 0.5028507931877119
3.068	 0.5027114055871046
3.07	 0.5026031652254985
3.072	 0.502367564045666
3.074	 0.5022866854724413
3.076	 0.5020435967040954
3.077	 0.5019648491895736
3.079	 0.5017617922063033
3.081	 0.501662778440886
3.083	 0.5016080645557863
3.085	 0.5015600364684051
3.087	 0.501424408428826
3.088	 0.5013657273223288
3.09	 0.5012578416968857
3.092	 0.5009222777653302
3.094	 0.5008840257918412
3.096	 0.5007021171897921
3.098	 0.500577053936715
3.1	 0.5003857888858678
3.101	 0.5003861027703682
3.103	 0.5002603316302359
3.105	 0.5002266258179582
3.107	 0.5000869083908159
3.109	 0.5000580351142987
3.111	 0.4998750097160493
3.113	 0.4997855370796425
3.114	 0.49968916553457804
3.116	 0.49945410901456666
3.118	 0.49942493509564145
3.12	 0.49911688308317226
3.122	 0.49897073488975835
3.124	 0.49866494775959025
3.126	 0.49861967388825756
3.128	 0.49836044744891145
3.129	 0.4983160161416058
3.131	 0.49818952807883765
3.133	 0.49811382551277616
3.135	 0.4979751067392857
3.137	 0.4977542762633566
3.139	 0.4976413976686021
3.141	 0.4974278062368102
3.143	 0.49719588258251257
3.145	 0.4968803042330033
3.147	 0.49663125226063676
3.148	 0.49646315073352737
3.15	 0.4964220811243442
3.152	 0.49618705116845224
3.154	 0.4961330974351904
3.156	 0.495791855383961
3.158	 0.4957094363909564
3.16	 0.49539372734289283
3.162	 0.49515938199601184
3.164	 0.49494417380562966
3.166	 0.49476169348303295
3.168	 0.4945680059895454
3.17	 0.49439395824854754
3.172	 0.49415239225592783
3.173	 0.494062989562711
3.175	 0.4938615513902615
3.177	 0.4936684628676411
3.179	 0.4934599237559576
3.181	 0.4932608542404276
3.183	 0.49320598856792586
3.185	 0.49284492464980767
3.187	 0.49277414022543986
3.189	 0.4923861451911566
3.191	 0.4922500564270769
3.193	 0.49202338565461534
3.195	 0.4917934959590569
3.197	 0.49154503786972475
3.199	 0.4913153455391138
3.201	 0.4911427622536435
3.203	 0.4910532913340932
3.205	 0.4906819023249705
3.207	 0.49059234775993255
3.209	 0.49048155373376395
3.211	 0.49042612627627646
3.213	 0.4903225770416442
3.215	 0.49034424675934624
3.217	 0.4904864691516392
3.219	 0.4906222840732442
3.221	 0.49081235811377943
3.223	 0.49075027732644627
3.225	 0.49171416582386446
3.227	 0.49171840829920044
3.229	 0.49242379726558877
3.231	 0.4931378790053081
3.233	 0.49376359290824823
3.235	 0.4942989791134684
3.237	 0.4947639717199262
3.239	 0.49477879607113845
3.241	 0.4955081029952931
3.243	 0.49547144619991645
3.245	 0.49610549489618216
3.247	 0.4960879056051964
3.249	 0.4963910944085019
3.251	 0.49661212126909804
3.253	 0.49682664090255685
3.255	 0.4968089450362206
3.257	 0.4973137321189942
3.259	 0.4973860495612619
3.261	 0.4977158303283623
3.263	 0.4979952827962988
3.265	 0.49822293506549253
3.267	 0.49841925202344217
3.27	 0.4987247629650248
3.272	 0.49889270118584855
3.274	 0.4991058603533578
3.276	 0.49917266199431365
3.278	 0.4994605476370027
3.28	 0.49968807109139984
3.282	 0.4998683519115862
3.284	 0.5000149726187768
3.286	 0.5001231603505951
3.288	 0.5002464313368091
3.29	 0.5004103703025268
3.292	 0.5005771979029967
3.294	 0.5007730778413035
3.297	 0.5009327996101017
3.299	 0.5010550194320145
3.301	 0.5013444995750008
3.303	 0.5014248901639231
3.305	 0.5016951294051358
3.307	 0.5020854793015237
3.309	 0.5026576092432742
3.311	 0.5028203730415871
3.313	 0.5041286287338136
3.316	 0.5043775885441242
3.318	 0.5054461566225539
3.32	 0.5056736099270269
3.322	 0.5062772142875547
3.324	 0.5067869043944669
3.326	 0.5073273237213849
3.328	 0.5075933029046076
3.33	 0.5082777562852725
3.333	 0.5087595513790837
3.335	 0.5090544215084203
3.337	 0.5095563188661052
3.339	 0.5098589633954016
3.341	 0.510365551831374
3.343	 0.5108907188368309
3.345	 0.511398356537361
3.348	 0.5118109745542945
3.35	 0.5122398452794231
3.352	 0.5125441667089831
3.354	 0.513019406941244
3.356	 0.5134003291864285
3.358	 0.5139724422254536
3.361	 0.5145185090015938
3.363	 0.5149856480898817
3.365	 0.5154688192960563
3.367	 0.5159398487296853
3.369	 0.5164545807655962
3.372	 0.5169806829876038
3.374	 0.517593841669981
3.376	 0.5181271098236822
3.378	 0.518671964080062
3.38	 0.5192333738329921
3.383	 0.5198633412689814
3.385	 0.520360379294648
3.387	 0.520989632553227
3.389	 0.5215266835139485
3.391	 0.5221762499239482
3.394	 0.5225909873537968
3.396	 0.5231982894804311
3.398	 0.5237594321726097
3.4	 0.5243340568608779
3.403	 0.5249779019456133
3.405	 0.5254190807245773
3.407	 0.5259836666510099
3.409	 0.5263437220712311
3.411	 0.526643211424674
3.414	 0.52665618057548
3.416	 0.5267986911738622
3.418	 0.5266534018932211
3.42	 0.5264191783480211
3.423	 0.5260855407984759
3.425	 0.5252917095714615
3.427	 0.5242650923330553
3.43	 0.5230037670275979
3.432	 0.5217821265884488
3.434	 0.5207001539170195
3.436	 0.5199043755380931
3.439	 0.5191135196605633
3.441	 0.5186003667962245
3.443	 0.5181364875402966
3.445	 0.5175880083387477
3.448	 0.5170996876872469
3.45	 0.5166690537065001
3.452	 0.5164161305671342
3.455	 0.5159239652078143
3.457	 0.5156139176603128
3.459	 0.5151644505409981
3.462	 0.5148586601894871
3.464	 0.5146173886488179
3.466	 0.5143606839228295
3.469	 0.5141412153995449
3.471	 0.5139512793305673
3.473	 0.5137651006463727
3.476	 0.5135222489569932
3.478	 0.5132471171429825
3.48	 0.5131083824713325
3.483	 0.5127842999198274
3.485	 0.5127490073109051
3.487	 0.5126509004551753
3.49	 0.512473134943767
3.492	 0.5123947084913711
3.494	 0.5123147011228315
3.497	 0.5123314600580919
3.499	 0.512175950653607
3.501	 0.5121138581752053
3.504	 0.5117741483323996
3.506	 0.5113258322198755
3.508	 0.5105796054220985
3.511	 0.5094069481529494
3.513	 0.5083127583048827
3.516	 0.507041676609311
3.518	 0.5062547486421358
3.52	 0.5053738811681536
3.523	 0.5045783762209498
3.525	 0.5039357226050288
3.528	 0.5031256311551945
3.53	 0.502748432682924
3.532	 0.5022098583919994
3.535	 0.5015368399986005
3.537	 0.5013257863123927
3.54	 0.5007151462114999
3.542	 0.500229263885518
3.544	 0.49981403583215883
3.547	 0.4993868104058399
3.549	 0.49907067442851627
3.552	 0.4984186674187
3.554	 0.49833887847549435
3.557	 0.4976868437855523
3.559	 0.49723984838933805
3.561	 0.49711757775655424
3.564	 0.4964165494262105
3.566	 0.4960485075214862
3.569	 0.4956509483613028
3.571	 0.49522396880982533
3.574	 0.4948175201843076
3.576	 0.4940738843102371
3.579	 0.4936338414132671
3.581	 0.4932082670822026
3.584	 0.49274749262720013
3.586	 0.4922729489259315
3.589	 0.49149222121663794
3.591	 0.491159877776559
3.594	 0.49120668829261277
3.596	 0.4904262468961344
3.599	 0.48996784072114247
3.601	 0.48956857026953077
3.604	 0.4891102643874343
3.606	 0.4887591263597936
3.609	 0.4881336736934065
3.611	 0.4879191152513484
3.614	 0.4879655378296675
3.616	 0.4877024356942752
3.619	 0.4876967130620761
3.621	 0.4877459676618821
3.624	 0.4879354557566414
3.626	 0.4883026302827307
3.629	 0.4888392988046121
3.631	 0.48937399226177347
3.634	 0.48988045490720267
3.636	 0.49057074383978116
3.639	 0.49064828533083504
3.641	 0.49102969880510283
3.644	 0.4912566270162576
3.647	 0.4915478681882513
3.649	 0.4918118957702189
3.652	 0.49198287317938977
3.654	 0.49210634618319415
3.657	 0.4923147758868783
3.659	 0.4923101649900559
3.662	 0.4922817717285323
3.665	 0.49228489935630293
3.667	 0.4922787570351283
3.67	 0.492265859424881
3.672	 0.4922236611043304
3.675	 0.4922118787957111
3.678	 0.4922461873771728
3.68	 0.4923194052303168
3.683	 0.49244370520830916
3.685	 0.4923959681118084
3.688	 0.4923817706282522
3.691	 0.49231980431592653
3.693	 0.49223851924510675
3.696	 0.49219080749982586
3.699	 0.49213934399663717
3.701	 0.4921309398403099
3.704	 0.4922328785707113
3.707	 0.4924391361151386
3.709	 0.49282282392106763
3.712	 0.4933479026291658
3.715	 0.4938379114530652
3.717	 0.4942312760640055
3.72	 0.4948182892973624
3.723	 0.4948821284864958
3.725	 0.4953494526002443
3.728	 0.4955135284497904
3.731	 0.4956738371797365
3.733	 0.49581996319669397
3.736	 0.49588018940541184
3.739	 0.49590139892943064
3.741	 0.4959913063413649
3.744	 0.4961651453145281
3.747	 0.4961524073344434
3.749	 0.49629922488203615
3.752	 0.4963556418026709
3.755	 0.49654297326768654
3.758	 0.49669026411415396
3.76	 0.49680650362358986
3.763	 0.4968828490064805
3.766	 0.4970105334757269
3.769	 0.49708883092263223
3.771	 0.4970823867422671
3.774	 0.49720815252986605
3.777	 0.4972656908996691
3.779	 0.4972696685160064
3.782	 0.49742718054176405
3.785	 0.49754345650181503
3.788	 0.4976192745854751
3.791	 0.4976413404847819
3.793	 0.49764929777415884
3.796	 0.4977139377937396
3.799	 0.49780602502410504
3.802	 0.4979497001525292
3.804	 0.497975139304131
3.807	 0.4981153494953154
3.81	 0.49819445304347126
3.813	 0.4982818282621867
3.816	 0.4983662326797427
3.818	 0.4984011848163271
3.821	 0.49848824655385976
3.824	 0.49843323469773254
3.827	 0.49838949351367895
3.83	 0.4983987068574093
3.833	 0.49844321096079264
3.835	 0.4984652551709122
3.838	 0.49844306072274247
3.841	 0.4984505106164264
3.844	 0.4984494278914105
3.847	 0.4983574662707608
3.85	 0.49832235199318153
3.852	 0.4983712648110425
3.855	 0.49839539819333023
3.858	 0.49846994679883716
3.861	 0.4985988061843111
3.864	 0.4987092493591247
3.867	 0.4988143690313734
3.87	 0.4988930183533446
3.873	 0.4989314141242647
3.876	 0.49895677385174725
3.878	 0.49891949559010956
3.881	 0.4988936699561554
3.884	 0.4988874626337026
3.887	 0.49891581316098077
3.89	 0.4989471755702358
3.893	 0.4990455722223932
3.896	 0.49910855595413356
3.899	 0.49910291840094423
3.902	 0.4990905025072419
3.905	 0.4990611619613226
3.908	 0.49905736252605654
3.911	 0.4990687639331943
3.914	 0.4991165595352629
3.917	 0.4991741712480587
3.919	 0.4992486454189083
3.922	 0.49927288941072273
3.925	 0.4992814805813323
3.928	 0.4993181291233689
3.931	 0.49938604458219743
3.934	 0.49944891971334904
3.937	 0.49952688688720087
3.94	 0.499565748463541
3.943	 0.4995679163010997
3.946	 0.4996308348552518
3.949	 0.49964051175719143
3.952	 0.499608879002077
3.955	 0.4995145846014985
3.958	 0.49946306712476335
3.961	 0.49948001760558547
3.964	 0.49949443882709815
3.967	 0.4994839677244026
3.97	 0.49944320712694873
3.974	 0.4994925191420159
3.977	 0.4995050585217764
3.98	 0.4995463327323
3.983	 0.49954691371655885
3.986	 0.4995033665451348
3.989	 0.4995159249407931
3.992	 0.4994724420527148
3.995	 0.49941606664094074
3.998	 0.49935044892244906
4.001	 0.4993178062227004
4.004	 0.49928855680494344
4.007	 0.49922660042245676
4.01	 0.49910474102799773
4.014	 0.4989423984309087
4.017	 0.49885562240388037
4.02	 0.4987742534878649
4.023	 0.4988147993474319
4.026	 0.4988030631791696
4.029	 0.49874662560321104
4.032	 0.4986301524201893
4.035	 0.4985603848581959
4.039	 0.4984267591374901
4.042	 0.49827897035242097
4.045	 0.49820237770886827
4.048	 0.49818263500999554
4.051	 0.4981148895768636
4.054	 0.4980485832243989
4.057	 0.49798757935620336
4.061	 0.497881640499799
4.064	 0.49780192858369315
4.067	 0.4977087088845478
4.07	 0.4975511382211549
4.073	 0.49742287211127134
4.077	 0.4973361953898694
4.08	 0.4972693592420182
4.083	 0.49719402457089384
4.086	 0.4970985526787765
4.089	 0.49703904717834385
4.093	 0.49692235837944065
4.096	 0.4968635031930421
4.099	 0.4968026199470807
4.102	 0.49672362365857803
4.106	 0.49662452303241716
4.109	 0.49656292674459157
4.112	 0.496546639293112
4.115	 0.4965019135673736
4.119	 0.49640554356095157
4.122	 0.4962622134557388
4.125	 0.49616001250505753
4.129	 0.4959999322850097
4.132	 0.4959515779644979
4.135	 0.495926945034133
4.138	 0.4959393104921007
4.142	 0.4959509300720014
4.145	 0.495919689057847
4.148	 0.49586898934090634
4.152	 0.49589571227020207
4.155	 0.49592519440761057
4.158	 0.4958878059384116
4.162	 0.4958181355598875
4.165	 0.4957560439159836
4.168	 0.49574101747838334
4.172	 0.4956980820431957
4.175	 0.49564336064241304
4.178	 0.49557545553356813
4.182	 0.4955271915140263
4.185	 0.49551866622567353
4.189	 0.4955726105624534
4.192	 0.49563574830268936
4.195	 0.4956479520622045
4.199	 0.495661883618255
4.202	 0.49564934211731304
4.206	 0.49572384553605475
4.209	 0.4958108172668905
4.212	 0.4960118702560962
4.216	 0.49620381269894126
4.219	 0.49634608377390277
4.223	 0.4964958947926688
4.226	 0.4966697036238478
4.23	 0.49689188647143845
4.233	 0.4970820455278377
4.236	 0.4973073165106289
4.24	 0.4975808155770723
4.243	 0.4977418919736003
4.247	 0.49782116771259866
4.25	 0.49788654922091236
4.254	 0.49791457827845964
4.257	 0.4978999762977009
4.261	 0.49798218037681086
4.264	 0.49801761373294146
4.268	 0.49819265578686167
4.271	 0.4984507041800598
4.275	 0.49865911560166754
4.278	 0.4988252170356038
4.282	 0.49888188454800425
4.285	 0.49892663791105135
4.289	 0.4989777033606064
4.293	 0.49902419705741946
4.296	 0.49903240345817595
4.3	 0.4991489287349355
4.303	 0.49931293905479845
4.307	 0.49941113733350717
4.31	 0.4993757763811425
4.314	 0.49931523368780667
4.318	 0.49930452689630617
4.321	 0.4994220951298424
4.325	 0.49965891478603536
4.328	 0.4996937137454574
4.332	 0.49972314770893983
4.336	 0.4996434735763164
4.339	 0.499570451507308
4.343	 0.4995589762292335
4.347	 0.4995977103229581
4.35	 0.4995660484320051
4.354	 0.4994689933169436
4.358	 0.49938751715006047
4.361	 0.4994022208490673
4.365	 0.49947889259414074
4.369	 0.49945812955458024
4.372	 0.4994434855069345
4.376	 0.4994349761084152
4.38	 0.4994623550402395
4.383	 0.4994502698314104
4.387	 0.49938949522277454
4.391	 0.4993281941854887
4.394	 0.49931979689194217
4.398	 0.49929047523398895
4.402	 0.49927178196642347
4.406	 0.4991769471925075
4.409	 0.49907872854105234
4.413	 0.4988935133065327
4.417	 0.49873743776134694
4.421	 0.4986039872960756
4.424	 0.4984446837648857
4.428	 0.4982489461646151
4.432	 0.4980711014118406
4.436	 0.4978174680249056
4.44	 0.49767290455168983
4.443	 0.4976190366894948
4.447	 0.4975321350398566
4.451	 0.4974943188743498
4.455	 0.49749023120762353
4.459	 0.497504005074005
4.463	 0.49755210762368424
4.466	 0.4975543262451974
4.47	 0.4974320916311813
4.474	 0.4972832401017998
4.478	 0.49716007348364827
4.482	 0.4971760171738262
4.486	 0.49714116576268536
4.49	 0.49713772005750556
4.493	 0.49720660927695765
4.497	 0.4972196881249537
4.501	 0.4971139125280625
4.505	 0.4970263633174148
4.509	 0.4970308704651609
4.513	 0.4970949205272071
4.517	 0.49709235889443243
4.521	 0.4970570057488907
4.525	 0.4970031943324552
4.529	 0.4970040943644391
4.533	 0.4970518876620245
4.537	 0.4970883511179329
4.541	 0.4971109524118678
4.545	 0.49705283497333236
4.549	 0.4969984171895649
4.553	 0.4970777355421103
4.557	 0.4971858837705668
4.561	 0.49732649314719646
4.565	 0.49738198527831795
4.569	 0.49745540626524404
4.573	 0.49751036875473237
4.577	 0.4974886221228685
4.581	 0.4974395393668026
4.585	 0.49746024192956934
4.589	 0.4975112938898849
4.593	 0.49755673593496613
4.597	 0.49756777846990374
4.601	 0.49764056646476973
4.605	 0.49768084491032655
4.609	 0.49774199882191256
4.613	 0.49778929982941306
4.617	 0.49784125933355017
4.622	 0.4978687821052071
4.626	 0.4979156213945336
4.63	 0.4979995054946105
4.634	 0.4980495721671373
4.638	 0.4980517503560154
4.642	 0.4980560781332312
4.646	 0.49812472447004363
4.651	 0.4982166700362608
4.655	 0.4982789044737773
4.659	 0.4982739093242716
4.663	 0.4981824180717323
4.667	 0.49814017433032426
4.672	 0.49815653908496493
4.676	 0.4981837802528583
4.68	 0.4981970798604952
4.684	 0.4982448861134682
4.688	 0.49829654711803645
4.693	 0.49829010201986523
4.697	 0.4982816103991221
4.701	 0.49829322487510286
4.705	 0.4983543626902498
4.71	 0.4983396278631507
4.714	 0.4983945219128319
4.718	 0.4984783334142515
4.723	 0.49851318316783594
4.727	 0.49849878619656757
4.731	 0.49849094180483494
4.736	 0.4985422971216961
4.74	 0.4985680306354391
4.744	 0.49861540423249245
4.749	 0.49876715945844263
4.753	 0.498829529654175
4.757	 0.49886567794186143
4.762	 0.4988499707940031
4.766	 0.4988193314249835
4.77	 0.49881713107203457
4.775	 0.4988347695057964
4.779	 0.49889176081388764
4.784	 0.4989308170822321
4.788	 0.49894516374955217
4.792	 0.49897560922606504
4.797	 0.49901147100668525
4.801	 0.49900328318840814
4.806	 0.4990154245936272
4.81	 0.4990784098834314
4.815	 0.4991347593314494
4.819	 0.4991777791336048
4.824	 0.4992735911983296
4.828	 0.4993385181699926
4.833	 0.499393842401431
4.837	 0.4995042610686352
4.842	 0.499611368053046
4.846	 0.4996294325076273
4.851	 0.49957153453756453
4.855	 0.4995335929364524
4.86	 0.49958485145287235
4.864	 0.4996779333876226
4.869	 0.4996870150593424
4.874	 0.4996942828625113
4.878	 0.49964627498898334
4.883	 0.4995586010349459
4.887	 0.499494021083622
4.892	 0.4994853690749779
4.897	 0.4996045274046022
4.901	 0.49964063705478157
4.906	 0.49969146061184827
4.91	 0.49966831872640594
4.915	 0.4995566407571348
4.92	 0.49947620303824186
4.924	 0.4994950126568043
4.929	 0.49954562872233377
4.934	 0.49960183958582843
4.939	 0.49956778266550356
4.943	 0.499483853813841
4.948	 0.49937634277017184
4.953	 0.499217260148953
4.957	 0.4991147017790344
4.962	 0.49902083341383185
4.967	 0.49894722367494715
4.972	 0.4989375967343008
4.976	 0.49900404254716135
4.981	 0.49907952231571073
4.986	 0.499080269679062
4.991	 0.4990212352303562
4.996	 0.49888078826155674
5.0	 0.49885746312351864
5.005	 0.49883515852650806
5.01	 0.49882816216106435
5.015	 0.498713215099223
5.02	 0.49857961441391424
5.025	 0.49840103610208314
5.03	 0.49824319398116373
5.034	 0.49813086891435926
5.039	 0.4979979893244639
5.044	 0.4978679023874187
5.049	 0.4978263977529455
5.054	 0.4978292583986325
5.059	 0.4978406112731166
5.064	 0.4978014513137347
5.069	 0.4977930480205945
5.074	 0.49783484418697954
5.079	 0.4978759368162696
5.084	 0.49788400590773996
5.089	 0.4977970424831521
5.094	 0.4976014875781901
5.099	 0.4974005389019417
5.104	 0.49728678802428206
5.109	 0.49724417694340073
5.114	 0.49730474838854816
5.119	 0.49737439639394637
5.124	 0.49738774746440795
5.129	 0.4972895311448724
5.134	 0.49715002827236593
5.139	 0.49716228587409794
5.144	 0.4972161052673124
5.149	 0.49728298331104004
5.155	 0.4973475211204751
5.16	 0.49742857448766786
5.165	 0.4974863962985461
5.17	 0.49752192131269884
5.175	 0.4973796282219777
5.18	 0.4970959140131976
5.185	 0.49695518832578944
5.191	 0.49677476317609626
5.196	 0.49676724771883574
5.201	 0.49669499884160817
5.206	 0.49660272034004493
5.211	 0.49657182800013194
5.217	 0.49654369291955697
5.222	 0.49648552317765654
5.227	 0.4964601678435854
5.233	 0.4963703746685605
5.238	 0.4962789384001189
5.243	 0.4961860628608354
5.248	 0.49605817710622013
5.254	 0.49589054119041565
5.259	 0.49575775535079497
5.264	 0.49569239311473845
5.27	 0.4955043780229956
5.275	 0.4953411831637394
5.28	 0.4952178381900795
5.286	 0.49515330513545164
5.291	 0.4951122391245758
5.297	 0.4951589445920471
5.302	 0.49512440557144904
5.308	 0.49498483162405177
5.313	 0.49477339134194304
5.318	 0.4945561762791294
5.324	 0.4943569586285534
5.329	 0.4941736149404866
5.335	 0.4939768672927758
5.34	 0.4938591389557162
5.346	 0.4935738582519538
5.351	 0.49324546770597955
5.357	 0.49291553195714843
5.362	 0.4925949339499288
5.368	 0.49226444364557326
5.374	 0.4919808252129155
5.379	 0.49178130116944274
5.385	 0.49174201205329765
5.39	 0.49156103675371
5.396	 0.4914748674202839
5.401	 0.4912924421412112
5.407	 0.49097680414607847
5.413	 0.49065285768750017
5.418	 0.49067195847962153
5.424	 0.4901122617611259
5.43	 0.4901144211116759
5.435	 0.48983816945475284
5.441	 0.489472099844821
5.447	 0.48908829936400267
5.453	 0.48882010648279645
5.458	 0.488455835889216
5.464	 0.4881036178317404
5.47	 0.4875863595191259
5.476	 0.4870234279056184
5.481	 0.4864525373083485
5.487	 0.48585690728720327
5.493	 0.48517858201854225
5.499	 0.48451251800449824
5.505	 0.48433878556945165
5.511	 0.4836845897066212
5.516	 0.48300139347128
5.522	 0.4822967431455434
5.528	 0.4816718268878345
5.534	 0.4810446865466331
5.54	 0.48064621536450686
5.546	 0.4802061750286026
5.552	 0.47985442220480873
5.558	 0.47954513521579134
5.564	 0.4793301698770001
5.57	 0.47927493978958036
5.576	 0.4795104200630936
5.582	 0.4799092951892655
5.588	 0.48037786913286473
5.594	 0.4808998978344357
5.6	 0.48079315496400926
5.606	 0.4816099565388792
5.612	 0.48258748079051184
5.618	 0.483785503925827
5.624	 0.48474262039132093
5.63	 0.4861199879873406
5.636	 0.48757396170681566
5.642	 0.4892571309157917
5.649	 0.4909056803281632
5.655	 0.49259675509326656
5.661	 0.49442280929954996
5.667	 0.49650761495682666
5.673	 0.4976426535106176
5.68	 0.5009384191697428
5.686	 0.5022340831109416
5.692	 0.5045933007070714
5.698	 0.5070321382320931
5.705	 0.5098424087016623
5.711	 0.5124155051556706
5.717	 0.5150880313971496
5.723	 0.5177710833990137
5.73	 0.5203247649611304
5.736	 0.5227313667393424
5.742	 0.5249817519380165
5.749	 0.52713321551788
5.755	 0.5291180566671384
5.762	 0.5309479436904286
5.768	 0.5325075775283951
5.774	 0.5337339048493818
5.781	 0.5346169575441717
5.787	 0.5351798974134994
5.794	 0.5355531583153904
5.8	 0.5360149888528807
5.807	 0.5358393837829493
5.813	 0.5354353361168488
5.82	 0.5349043319229955
5.826	 0.5343150624275718
5.833	 0.5335558619761889
5.839	 0.53242572423953
5.846	 0.5310581076797147
5.853	 0.5296954727888687
5.859	 0.5283839153345068
5.866	 0.5268610293604413
5.873	 0.5246598806820655
5.879	 0.523313566719846
5.886	 0.5208504801097394
5.893	 0.5189135101388046
5.899	 0.5170045332339032
5.906	 0.5150593615571816
5.913	 0.5130034799898462
5.919	 0.5109077130845988
5.926	 0.5089317898444101
5.933	 0.507232919996903
5.94	 0.5056486222933859
5.947	 0.5040019692384634
5.953	 0.5024156055553219
5.96	 0.5011190417070094
5.967	 0.4999339091138085
5.974	 0.4979682572152367
5.981	 0.49702624941610735
5.988	 0.4963734232507364
5.995	 0.49589622612259143
6.002	 0.4956334458524708
6.009	 0.49559105146851695
6.016	 0.49561395108592676
6.023	 0.4956768265120873
6.03	 0.49574834637474
6.037	 0.495958295041226
6.044	 0.4963856151689747
6.051	 0.49700153275247705
6.058	 0.49744609584529237
6.065	 0.497763335342095
6.072	 0.49828628565336786
6.079	 0.49930719334905616
6.086	 0.4999518335562809
6.093	 0.5004186533170516
6.101	 0.5010159070616863
6.108	 0.5016104041580643
6.115	 0.5022669547974503
6.122	 0.5028549699355931
6.129	 0.503226779720427
6.137	 0.5034147213275584
6.144	 0.5036917308144363
6.151	 0.5040514432365407
6.158	 0.5043383614480286
6.166	 0.5044865587036322
6.173	 0.5047118216372222
6.18	 0.5050267714380556
6.188	 0.5052897481904993
6.195	 0.5053829778846533
6.203	 0.5052908305741499
6.21	 0.5051207797108527
6.218	 0.504718922587536
6.225	 0.5043507591412908
6.232	 0.503918512033142
6.24	 0.5033689075021494
6.248	 0.5026363393487601
6.255	 0.5019613941577711
6.263	 0.5014939072854473
6.27	 0.5010387031459576
6.278	 0.5003641271944692
6.285	 0.49962466719037096
6.293	 0.49872566329549667
6.301	 0.4980241551190617
6.308	 0.4971796965179536
6.316	 0.4963491417107291
6.324	 0.4954785893982314
6.331	 0.494786389037421
6.339	 0.49413612492624354
6.347	 0.4935013500386682
6.355	 0.49308354841516117
6.362	 0.49230513240577267
6.37	 0.4915106823091362
6.378	 0.49063080912213075
6.386	 0.4896884234770121
6.394	 0.488713470237668
6.402	 0.4879567201299474
6.41	 0.48755605184539924
6.418	 0.48737494862907443
6.426	 0.48711435884410237
6.434	 0.48714187216688426
6.442	 0.4872733231695081
6.45	 0.48758706229199295
6.458	 0.48772161137663933
6.466	 0.4878882133936566
6.474	 0.4879221375620876
6.482	 0.4881842398890828
6.49	 0.4884532737840112
6.498	 0.4888293453624246
6.506	 0.4892667956174321
6.514	 0.4896975444247811
6.523	 0.49023181899298074
6.531	 0.490800274269829
6.539	 0.4912901929168892
6.547	 0.49169402562469766
6.556	 0.4924378800366003
6.564	 0.4929314941673856
6.572	 0.4935743091289103
6.58	 0.4942847134881804
6.589	 0.4953205773223862
6.597	 0.4961282072069481
6.606	 0.49668812584728833
6.614	 0.49705721906516337
6.623	 0.497302440474829
6.631	 0.4975577850411127
6.639	 0.49774983809559165
6.648	 0.4980061582412202
6.657	 0.4981116915528981
6.665	 0.498061545917131
6.674	 0.4983747869491259
6.682	 0.4987683820181858
6.691	 0.49903663102129575
6.7	 0.4993315096478933
6.708	 0.49958780535984726
6.717	 0.49999329668856407
6.726	 0.5002112904221548
6.734	 0.5006042423962678
6.743	 0.5011016584619797
6.752	 0.5017188038767888
6.761	 0.5022304108244755
6.769	 0.5027649899680893
6.778	 0.5034789898354814
6.787	 0.5039543984364837
6.796	 0.5044690553357088
6.805	 0.5051403711481375
6.814	 0.5060754698478362
6.823	 0.5067587292583053
6.832	 0.507365195147935
6.841	 0.5074455118428176
6.85	 0.5076097327502882
6.859	 0.5078304271429259
6.868	 0.5081667416780132
6.877	 0.5082166788597621
6.886	 0.5082754341853956
6.896	 0.5082105326308614
6.905	 0.5082660397965703
6.914	 0.5079425511059338
6.923	 0.5078574041705622
6.932	 0.5076116281841526
6.942	 0.5071290199066649
6.951	 0.5064467249922451
6.96	 0.5057482893638385
6.97	 0.504638301377634
6.979	 0.5035793851180751
6.988	 0.5026715325865883
6.998	 0.5015391449797424
7.007	 0.5006192409532215
7.017	 0.4996306581395441
7.026	 0.49894228920086026
7.036	 0.4983005900721088
7.045	 0.49804885449513586
7.055	 0.4975997428446959
7.065	 0.4973509248574956
7.074	 0.49693402045866325
7.084	 0.4965294435708634
7.094	 0.49593455548806786
7.103	 0.49548635860754536
7.113	 0.49517510990242053
7.123	 0.4948920121274727
7.133	 0.49502015650936687
7.142	 0.495289164157019
7.152	 0.49577291802990175
7.162	 0.4958910430952633
7.172	 0.49633570437570207
7.182	 0.4968611126297457
7.192	 0.4977653842417813
7.202	 0.4984183319188335
7.212	 0.49917319754723083
7.222	 0.49949109303469147
7.232	 0.49999656441319257
7.242	 0.5004469391694241
7.252	 0.5011927512191284
7.262	 0.5015071878263556
7.273	 0.5018611550552665
7.283	 0.5022407804878048
7.293	 0.5028822775530438
7.303	 0.5037836046922325
7.314	 0.5040880543541624
7.324	 0.5043291261104129
7.334	 0.5040913290220403
7.345	 0.504020443344195
7.355	 0.5039189129179803
7.366	 0.5041543857360945
7.376	 0.5038216286561797
7.387	 0.5032813918431593
7.397	 0.5023104220384803
7.408	 0.5014971837116965
7.418	 0.500700066709381
7.429	 0.500400832286841
7.44	 0.49984778042334743
7.45	 0.4993886804871393
7.461	 0.4987220207890168
7.472	 0.49835229029393663
7.483	 0.49785001639421045
7.493	 0.49726370898083433
7.504	 0.49700212414938094
7.515	 0.49673394546593524
7.526	 0.4969685143629699
7.537	 0.49702271905111234
7.548	 0.4972185136167221
7.559	 0.4970152580996732
7.57	 0.49705425864896974
7.581	 0.49716284781520315
7.592	 0.49779752049803677
7.603	 0.49813026208878264
7.614	 0.49880732294406666
7.626	 0.49913777046533997
7.637	 0.49956090225563915
7.648	 0.49973187683497394
7.659	 0.5002283094384986
7.671	 0.5003868508014337
7.682	 0.5009450878152996
7.694	 0.5015389350569407
7.705	 0.5015348341766905
7.716	 0.5017989786190157
7.728	 0.5017291125431951
7.739	 0.5019249738337175
7.751	 0.501657054889916
7.763	 0.5016650397531516
7.774	 0.5014723877118903
7.786	 0.5016292273081884
7.798	 0.5016578077361457
7.809	 0.5019164903600144
7.821	 0.5016562503677046
7.833	 0.5016397329702267
7.845	 0.5013478709913585
7.857	 0.5011851544363496
7.869	 0.5007455021371061
7.881	 0.5003603858309903
7.893	 0.4994221717522974
7.905	 0.4987108901916204
7.917	 0.4976940357350075
7.929	 0.4966596906210666
7.941	 0.4959522318633151
7.953	 0.49572592623163975
7.965	 0.495637553846613
7.978	 0.49490591941529166
7.99	 0.49445324881141045
8.002	 0.4936071672727654
8.015	 0.49327185189396544
8.027	 0.4924161897894044
8.039	 0.49196448404003046
8.052	 0.4913478372850238
8.064	 0.49152389413541314
8.077	 0.4913871151001005
8.09	 0.49195176077198827
8.102	 0.4923656309299701
8.115	 0.4934312577640767
8.128	 0.49433548728413257
8.14	 0.49553730378307936
8.153	 0.4960979515256404
8.166	 0.4966253081679668
8.179	 0.49737325659519016
8.192	 0.4978337449892699
8.205	 0.49794288774740114
8.218	 0.4985317260736246
8.231	 0.49962392400479133
8.244	 0.5001847179043928
8.257	 0.5008888557959447
8.27	 0.500981083956703
8.283	 0.5012388341918236
8.297	 0.5008848733233978
8.31	 0.5011707815323407
8.323	 0.5009389570336286
8.337	 0.5011461992381916
8.35	 0.5013837435075404
8.364	 0.502461864134298
8.377	 0.5028738372445839
8.391	 0.5041042364805776
8.404	 0.5054744577974034
8.418	 0.5074343431563448
8.432	 0.5084618019869817
8.445	 0.5097191855698279
8.459	 0.5107974979120861
8.473	 0.5118772317633055
8.487	 0.5129608417122735
8.501	 0.5139065439568821
8.515	 0.5145323010534332
8.529	 0.5148120633546452
8.543	 0.5151163854313375
8.557	 0.5139799174904647
8.571	 0.5131969994190795
8.585	 0.5116297745543189
8.599	 0.5098383398710987
8.614	 0.5070874551558853
8.628	 0.5047830084399955
8.642	 0.5018325043279118
8.657	 0.4996569220490783
8.671	 0.4970053772811485
8.686	 0.4949660564506294
8.7	 0.4923505227223549
8.715	 0.4902577206933073
8.73	 0.4869695321001089
8.744	 0.4852332546741696
8.759	 0.483952733505963
8.774	 0.48307259559622634
8.789	 0.48239772518803886
8.804	 0.4820960457693687
8.819	 0.48205057088707065
8.834	 0.48239114331859856
8.849	 0.4833018019415067
8.864	 0.48399618658981836
8.879	 0.4858836287487847
8.894	 0.4872659471017642
8.91	 0.4895593822585674
8.925	 0.49173427682547427
8.94	 0.49459646833326537
8.956	 0.4963542844223378
8.971	 0.4987463464616749
8.987	 0.5008732398574822
9.002	 0.503860440800154
9.018	 0.5060732115104772
9.034	 0.5091847159787494
9.05	 0.510749670928441
9.065	 0.5120219970466928
9.081	 0.5124984757956347
9.097	 0.512683510422581
9.113	 0.5128850351685666
9.129	 0.5131462393300048
9.145	 0.5139126862456289
9.162	 0.5149980055843638
9.178	 0.5153882858165335
9.194	 0.5148139346047966
9.21	 0.5138992591663043
9.227	 0.5127543429639115
9.243	 0.5127567956699683
9.26	 0.5119775366345901
9.276	 0.51233151630476
9.293	 0.5125158161113454
9.31	 0.5134917892987559
9.326	 0.5133593625372983
9.343	 0.5137821185357573
9.36	 0.5127579771362543
9.377	 0.5124345145321094
9.394	 0.5121962484924688
9.411	 0.5130510115680578
9.428	 0.5141333062385693
9.445	 0.5146724811483601
9.462	 0.5151930223891872
9.48	 0.5151311836571201
9.497	 0.5148081971631346
9.515	 0.514604333677276
9.532	 0.5140460842269949
9.55	 0.5134354830763166
9.567	 0.5133569391167503
9.585	 0.5133318987440824
9.603	 0.5125805821449502
9.62	 0.5105207220154824
9.638	 0.5089984445455754
9.656	 0.5069988087134104
9.674	 0.5063547667988767
9.692	 0.505124231221013
9.711	 0.5045311183547521
9.729	 0.503288078166912
9.747	 0.503374580867968
9.765	 0.5027446100287056
9.784	 0.5023432099354008
9.802	 0.5008213273067789
9.821	 0.5007479001265677
9.839	 0.5009523211519946
9.858	 0.5008116288081101
9.877	 0.5004921775190065
9.896	 0.49993714249795707
9.915	 0.4990504170819999
9.934	 0.4976922672554276
9.953	 0.4960386860237257
9.972	 0.4945008549534526
9.991	 0.4934801231003522
10.01	 0.4925311423270606
10.03	 0.491237579042457
10.049	 0.4899305259568664
10.069	 0.48876963042943744
10.088	 0.4878946040030668
10.108	 0.48813625577872616
10.128	 0.48835324660422547
10.148	 0.4901254454978685
10.167	 0.4911516805022353
10.187	 0.4930933746889314
10.207	 0.494013094322982
10.228	 0.49659154665042105
10.248	 0.4986339209421667
10.268	 0.5013610385103406
10.289	 0.5036276207894769
10.309	 0.5043624526543801
10.33	 0.5048416613139748
10.35	 0.5049021385655049
10.371	 0.5045665972188575
10.392	 0.5043203983225978
10.412	 0.5038179947963939
10.433	 0.5026947515644028
10.454	 0.5014940479059231
10.476	 0.5012107988875035
10.497	 0.5012833737136277
10.518	 0.5011848341232228
10.539	 0.5012034054578328
10.561	 0.5019972574971681
10.582	 0.5027396769688071
10.604	 0.5032260368553878
10.626	 0.5036244843455658
10.648	 0.503812773908309
10.67	 0.5045309668145741
10.692	 0.5036292267394837
10.714	 0.5040766774300245
10.736	 0.5032229651279176
10.758	 0.5024058250984471
10.78	 0.5007056535300467
10.803	 0.5005359152142104
10.825	 0.4991869918699187
10.848	 0.4981729922918945
10.871	 0.4975326095654725
10.894	 0.4975079957356076
10.917	 0.49754500818330616
10.94	 0.49852377912543894
10.963	 0.4998269112986979
10.986	 0.500352820567442
11.009	 0.500951139371849
11.033	 0.502787807986406
11.056	 0.5046543082186331
11.08	 0.5051075910743188
11.104	 0.504736004245158
11.127	 0.5042361083489121
11.151	 0.5037728355837967
11.175	 0.5036229967736817
11.2	 0.5035141490739028
11.224	 0.5030418200773321
11.248	 0.501992084259247
11.273	 0.5014671207754781
11.297	 0.5023991516151798
11.322	 0.5029033034759384
11.347	 0.5037051951029905
11.372	 0.5018913860129058
11.397	 0.5016597882648484
11.422	 0.49991096315374134
11.447	 0.49963152081579226
11.472	 0.4974131462197707
11.498	 0.49508383745890694
11.523	 0.49305356954708973
11.549	 0.49286003874048384
11.575	 0.49327916389778287
11.6	 0.49327110426389964
11.626	 0.49197665381508965
11.653	 0.49034400440717396
11.679	 0.4893975196528132
11.705	 0.4896162178891984
11.732	 0.48924127607821133
11.758	 0.48810842001840266
11.785	 0.48664791034688715
11.812	 0.4868321810182275
11.839	 0.48929842600648576
11.866	 0.4922272403137627
11.893	 0.4933891828806216
11.92	 0.4942049142327306
11.948	 0.4948969735994848
11.976	 0.49600644122383253
12.003	 0.4971987203429741
12.031	 0.49838093387733956
12.059	 0.49799018626618263
12.087	 0.4979107903435679
12.115	 0.49956217162872163
12.144	 0.49897219663593606
12.172	 0.5011250906022481
12.201	 0.5014755150815444
12.23	 0.502934467615329
12.259	 0.5017995832544043
12.288	 0.5005296810563354
12.317	 0.5006901767987141
12.346	 0.5018311560824585
12.376	 0.5017974440533775
12.405	 0.5007331653945933
12.435	 0.5008459282652832
12.465	 0.5017867218356216
12.495	 0.5017700448160284
12.525	 0.5004904734955669
12.555	 0.498149896167642
12.586	 0.4970571590265987
12.617	 0.4969973939645731
12.647	 0.4968462003323766
12.678	 0.4971445803569746
12.709	 0.498126000565025
12.741	 0.5004612980361883
12.772	 0.5027512908453623
12.803	 0.5038787422331011
12.835	 0.5051426207622737
12.867	 0.5056279008587482
12.899	 0.5050476619380019
12.931	 0.5042827957190785
12.964	 0.5027500280615108
12.996	 0.5011685956285175
13.029	 0.5002894328982503
13.061	 0.5000837380673254
13.094	 0.4977001881664227
13.128	 0.4977476552848926
13.161	 0.49439806967365607
13.194	 0.49558538672913194
13.228	 0.49231002348662767
13.262	 0.49125397546569743
13.296	 0.4896754484691182
13.33	 0.4901717929310305
13.364	 0.490269930947897
13.399	 0.4912365889752127
13.434	 0.49355841848067533
13.469	 0.4966482007355337
13.504	 0.4994129801822111
13.539	 0.5005725503026338
13.574	 0.499525323966393
13.61	 0.4976947629743469
13.646	 0.49627738271369254
13.682	 0.4951256447872794
13.718	 0.494209412380205
13.754	 0.4974662162162162
13.791	 0.5031983949014517
13.828	 0.507901627080606
13.865	 0.5091690071039154
13.902	 0.5091139418678301
13.939	 0.5057435726686803
13.977	 0.5004593964237753
14.015	 0.4963141480011341
14.053	 0.4956707444462499
14.091	 0.4964052287581699
14.129	 0.498196448390677
14.168	 0.5001762839346574
14.207	 0.5016421902125464
14.246	 0.500166563555894
14.285	 0.4982140339333552
14.324	 0.498839360410996
14.364	 0.49743715340342537
14.404	 0.49970612436816736
14.444	 0.49352487313251653
14.484	 0.4936464920204758
14.525	 0.4892782821123745
14.566	 0.4862382558419658
14.607	 0.48733719247467444
14.648	 0.49411229135053103
14.69	 0.49727077583563317
14.731	 0.4993828303400605
14.773	 0.49956610673774254
14.815	 0.4981526902418579
14.858	 0.4942689404528935
14.901	 0.4949387983928738
14.944	 0.4980926092485191
14.987	 0.5014999226843977
15.03	 0.5049825687224262
15.074	 0.5104903710084292
15.118	 0.511707227138643
15.162	 0.5072108008591593
15.206	 0.5021643692628864
15.251	 0.49333443394279575
15.296	 0.4889121596649008
15.341	 0.47422094528462727
15.387	 0.0
