0.35	 1.0
0.351	 0.5327454163260745
0.352	 0.5338683841763352
0.353	 0.5349881693561956
0.354	 0.5361019896230922
0.355	 0.5372077109071479
0.356	 0.5383034373706985
0.357	 0.5393875056946095
0.358	 0.5404580883807211
0.359	 0.5415126132963477
0.36	 0.5425497172387354
0.361	 0.5435680606482725
0.362	 0.5445647901015757
0.363	 0.546274547537178
0.364	 0.5471922708071224
0.365	 0.5480820215487286
0.366	 0.5489441074130569
0.367	 0.5497786380737689
0.368	 0.5505844125212835
0.369	 0.5513620935699882
0.37	 0.552113251256483
0.371	 0.5528390592892407
0.372	 0.5535390172978927
0.373	 0.5542135399267458
0.374	 0.5548643078879194
0.375	 0.5554944323753713
0.376	 0.5561066216934416
0.377	 0.5567017406848158
0.378	 0.5572795587048528
0.379	 0.557841645494055
0.38	 0.5583877557920077
0.381	 0.5589183610788663
0.382	 0.5594351773929265
0.383	 0.5599395458631518
0.384	 0.5604324377369915
0.385	 0.5609146366185437
0.386	 0.5613862092221406
0.387	 0.5618475742722797
0.388	 0.5622993224064875
0.389	 0.5627415100887744
0.39	 0.5631759501657417
0.391	 0.5636035632914269
0.392	 0.5640249122862204
0.393	 0.5644402057572334
0.394	 0.5648501736918848
0.395	 0.565255018024796
0.396	 0.5656547651917109
0.397	 0.5660503085670838
0.398	 0.5664418422589166
0.399	 0.5668288674781059
0.4	 0.5672101986808165
0.401	 0.5675855196211683
0.402	 0.5679541720179981
0.403	 0.5683158449825554
0.404	 0.5686702292199656
0.405	 0.5690159902908669
0.406	 0.5693521432289297
0.407	 0.5696787316860678
0.408	 0.5699951166620492
0.409	 0.5703020224046762
0.41	 0.5706003377476908
0.411	 0.5708911152702688
0.412	 0.571171335605434
0.413	 0.5714386707316491
0.414	 0.5716931681483927
0.415	 0.5719372361136508
0.416	 0.5721709097610409
0.417	 0.5723945595381628
0.418	 0.5726102356453253
0.419	 0.5728188023504791
0.42	 0.5730211198475237
0.421	 0.5732178767428191
0.422	 0.5734094234118028
0.423	 0.573596611076573
0.424	 0.5737799530155866
0.425	 0.5739599605430932
0.426	 0.5741363077801084
0.427	 0.5743101721206711
0.428	 0.5744827270138831
0.429	 0.5746543087865076
0.43	 0.5748249196232736
0.431	 0.5749942289118204
0.432	 0.5751619070782034
0.433	 0.5753271271716575
0.434	 0.5754892307581222
0.435	 0.5756475613077433
0.436	 0.5758012983262919
0.437	 0.5759482982946041
0.438	 0.5760880784956821
0.439	 0.5762201568084369
0.44	 0.5763430595174575
0.441	 0.5764559762742331
0.442	 0.576558922989471
0.443	 0.5766522443492412
0.444	 0.576735127894616
0.445	 0.5768069259633299
0.446	 0.576868474457014
0.447	 0.5769211013999787
0.448	 0.5769653079979039
0.449	 0.5770017588186179
0.45	 0.5770312818710052
0.451	 0.5770545391834399
0.452	 0.5770716975909799
0.453	 0.5770830880974172
0.454	 0.5770890411449798
0.455	 0.5770898867018325
0.456	 0.5770898867018325
0.457	 0.5770898867018326
0.458	 0.5770898867018326
0.459	 0.5770898867018326
0.46	 0.5770898867018325
0.461	 0.5770898867018325
0.462	 0.5770898867018325
0.463	 0.5770898867018325
0.464	 0.5770898867018325
0.465	 0.5770898867018325
0.466	 0.5770898867018325
0.467	 0.5770898867018325
0.468	 0.5770898867018325
0.469	 0.5774172922602427
0.47	 0.5774172922602427
0.471	 0.5774172922602426
0.472	 0.5774172922602426
0.473	 0.5774172922602426
0.474	 0.5774172922602427
0.475	 0.5774172922602426
0.476	 0.5774172922602427
0.477	 0.5774172922602427
0.478	 0.5774172922602426
0.479	 0.5774172922602426
0.48	 0.5774172922602427
0.481	 0.5774172922602427
0.482	 0.5774172922602429
0.483	 0.5774172922602429
0.484	 0.5774172922602429
0.485	 0.5774172922602429
0.486	 0.5774181407474407
0.487	 0.5774333719864602
0.488	 0.5771920968231109
0.489	 0.5772724645807633
0.49	 0.5773838993705596
0.491	 0.577533750563789
0.492	 0.5777298208346481
0.493	 0.5779801846119813
0.494	 0.5782930034210215
0.495	 0.5786776468769224
0.496	 0.5791422053679104
0.497	 0.5796942850499472
0.498	 0.5803414676309538
0.499	 0.5810911131695224
0.5	 0.5819485539209489
0.501	 0.5829177396591799
0.502	 0.584001238882319
0.503	 0.585201200360195
0.504	 0.5865147553892865
0.505	 0.5879265813845516
0.506	 0.589418784526425
0.507	 0.5909853072880781
0.508	 0.5926228892640654
0.509	 0.5943290535507669
0.51	 0.5960935297721377
0.511	 0.5979061633294587
0.512	 0.5997614059049089
0.513	 0.6016516199554703
0.514	 0.6035691221851172
0.515	 0.605504620445529
0.516	 0.6074471144171991
0.517	 0.6093903948033569
0.518	 0.6113284253030576
0.519	 0.61325411945645
0.52	 0.6151624099465639
0.521	 0.6170474965897309
0.522	 0.6189060161842804
0.523	 0.6207350469618165
0.524	 0.6225315643444618
0.525	 0.6242913179139823
0.526	 0.6260132233222355
0.527	 0.6277012425834685
0.528	 0.6293570317608091
0.529	 0.6309806271458895
0.53	 0.6325743308107898
0.531	 0.6341391680732418
0.532	 0.6356771054103945
0.533	 0.6371917146959905
0.534	 0.6386862842234029
0.535	 0.6401625260210202
0.536	 0.6416224406575236
0.537	 0.6430667833687297
0.538	 0.6444960950146755
0.539	 0.6459121574122052
0.54	 0.6473148696419431
0.541	 0.6487015634999592
0.542	 0.6500714124343734
0.543	 0.6514252275211858
0.544	 0.6527636725926628
0.545	 0.6540874032117463
0.546	 0.6553989035601481
0.547	 0.6567023476028035
0.548	 0.6580004682478954
0.549	 0.6592925560634232
0.55	 0.6604437985317946
0.551	 0.6615794081035606
0.552	 0.6626992290260382
0.553	 0.6638054512716466
0.554	 0.6649010905651079
0.555	 0.6659891719006239
0.556	 0.6670721911633906
0.557	 0.6681514444881399
0.558	 0.6692302634814363
0.559	 0.6703112926352431
0.56	 0.6713959088825749
0.561	 0.6724870324462231
0.562	 0.673588189456117
0.563	 0.6731562130199416
0.564	 0.6743131398525346
0.565	 0.6754852179873969
0.566	 0.6766740763737631
0.567	 0.6778790941777264
0.568	 0.6791003040677388
0.569	 0.6803380301132735
0.57	 0.6815913610368706
0.571	 0.682858527392842
0.572	 0.6841387995874887
0.573	 0.6854326759685149
0.574	 0.6867386039209961
0.575	 0.688053979645234
0.576	 0.6893753015612406
0.577	 0.6906994705394969
0.578	 0.692026009016099
0.579	 0.6933551006485845
0.58	 0.6946859947861563
0.581	 0.6960178591273831
0.582	 0.6973498928386987
0.583	 0.6986807822048404
0.584	 0.7000088850629032
0.585	 0.7013331654502722
0.586	 0.7026528926604495
0.587	 0.7039678899855627
0.588	 0.7052781300310011
0.589	 0.7065829976540092
0.59	 0.707882031292519
0.591	 0.7091737421059087
0.592	 0.7104574029782298
0.593	 0.711732712628448
0.594	 0.7129990765888474
0.595	 0.7142553731709865
0.596	 0.7155022739944353
0.597	 0.7167396536657307
0.598	 0.7179666798188132
0.599	 0.7191838358430237
0.6	 0.7203919865123605
0.601	 0.721592210971314
0.602	 0.7227850304302917
0.603	 0.7239713415226235
0.604	 0.7251516351871385
0.605	 0.726326496393307
0.606	 0.7274973249925546
0.607	 0.7286651141500523
0.608	 0.72983016815474
0.609	 0.7309928718770301
0.61	 0.7321525697424431
0.611	 0.7333078896243648
0.612	 0.7344590804254283
0.613	 0.7363330347785968
0.614	 0.7374701229977046
0.615	 0.7386076883249081
0.616	 0.7397435932205887
0.617	 0.7408778677810448
0.618	 0.7420097283502198
0.619	 0.7431375115334176
0.62	 0.7442605417214075
0.621	 0.7453776654509457
0.622	 0.7464885061324927
0.623	 0.7475929496489416
0.624	 0.7486899331343492
0.625	 0.7497786344328435
0.626	 0.750859189011768
0.627	 0.7519321056894426
0.628	 0.7529958645617906
0.629	 0.7540500980621709
0.63	 0.7550946969375708
0.631	 0.756129439263106
0.632	 0.7571544844037746
0.633	 0.7581707897056975
0.634	 0.7591796982579171
0.635	 0.7601821623138261
0.636	 0.7611782992914715
0.637	 0.7621694708592474
0.638	 0.7631577195437245
0.639	 0.7641433392660714
0.64	 0.7651274817505088
0.641	 0.7661113277683104
0.642	 0.7670952629996287
0.643	 0.7680793612946495
0.644	 0.7690634176217744
0.645	 0.7700483170945249
0.646	 0.7710346303033792
0.647	 0.77202089955329
0.648	 0.773006045652776
0.649	 0.77398987323496
0.65	 0.7749722394620767
0.651	 0.7759522688393952
0.652	 0.7769291872606964
0.653	 0.7779027209909498
0.654	 0.7788728178444025
0.655	 0.7798393249173833
0.656	 0.7808011863623273
0.657	 0.7817552964812713
0.658	 0.7827009454021258
0.659	 0.7836388139468473
0.66	 0.7845689348528628
0.661	 0.785491030822041
0.662	 0.7864055132413738
0.663	 0.7873126286051176
0.664	 0.7882124653197756
0.665	 0.7891050203093037
0.666	 0.7899901134971027
0.667	 0.7908679266380647
0.668	 0.7917387541161182
0.669	 0.7923821339237254
0.67	 0.7932401700156185
0.671	 0.7940913718382568
0.672	 0.7949356505325963
0.673	 0.7957732026862906
0.674	 0.7966041083171771
0.675	 0.7974285845003327
0.676	 0.7982468700530851
0.677	 0.7990591429239124
0.678	 0.7998654145341133
0.679	 0.8006655631485121
0.68	 0.8014595517623277
0.681	 0.8022476093347647
0.682	 0.8030301941491403
0.683	 0.8038071024226693
0.684	 0.8045779060540232
0.685	 0.8053429032398045
0.686	 0.8060998195014755
0.687	 0.8068397188390849
0.688	 0.8076634254685118
0.689	 0.8083642220862948
0.69	 0.8090388741883853
0.691	 0.8096834883627514
0.692	 0.8102924861539841
0.693	 0.8108599444965466
0.694	 0.8113799457103473
0.695	 0.8118468443717677
0.696	 0.8122540910241944
0.697	 0.8125953295219067
0.698	 0.8128651847098708
0.699	 0.8130581162702246
0.7	 0.8131688028465058
0.701	 0.8131933596051778
0.702	 0.813129027737291
0.703	 0.812973532772103
0.704	 0.8127248468100005
0.705	 0.8123844817356568
0.706	 0.811957797307976
0.707	 0.8114467564299631
0.708	 0.8108529953582572
0.709	 0.8101773149331514
0.71	 0.8094216840213858
0.711	 0.8085911325995626
0.712	 0.8076881252208703
0.713	 0.8067149642064483
0.714	 0.8056755510121916
0.715	 0.804573145427814
0.716	 0.8034117996440885
0.717	 0.8021955715659835
0.718	 0.8009272500855042
0.719	 0.7996111399807984
0.72	 0.7982504271826644
0.721	 0.7968481889335469
0.722	 0.7954078409429317
0.723	 0.793932127777827
0.724	 0.7924239508290892
0.725	 0.79088646778744
0.726	 0.7893236018472747
0.727	 0.7877363941236015
0.728	 0.7861257855447166
0.729	 0.7844943687085716
0.73	 0.7828440993286679
0.731	 0.7811772506356127
0.732	 0.7794956030154855
0.733	 0.77779994939061
0.734	 0.7760902081636492
0.735	 0.7743671042593715
0.736	 0.7726327521304375
0.737	 0.7708882802703169
0.738	 0.769155194889836
0.739	 0.7673933022042754
0.74	 0.7656239972019507
0.741	 0.7638492765206197
0.742	 0.7620704596937373
0.743	 0.7602894309627437
0.744	 0.7585063653061055
0.745	 0.756722368911068
0.746	 0.7549382397462133
0.747	 0.7531529547322452
0.748	 0.7513655786764439
0.749	 0.7495767941170911
0.75	 0.7477878856730934
0.751	 0.7460002334215317
0.752	 0.7442148117579757
0.753	 0.7424314441625695
0.754	 0.7406492169595695
0.755	 0.738868244369431
0.756	 0.7370875895631713
0.757	 0.735307166949746
0.758	 0.7335275831862126
0.759	 0.7317483293523018
0.76	 0.7299686734098989
0.761	 0.7281882259880471
0.762	 0.7264062989997042
0.763	 0.7243978510071197
0.764	 0.7225948290337046
0.765	 0.7207886234600009
0.766	 0.7189794898986179
0.767	 0.7171676837346597
0.768	 0.7153536519713598
0.769	 0.7135378696961363
0.77	 0.7117199696232575
0.771	 0.7099011307674019
0.772	 0.7080806632039303
0.773	 0.706258591142897
0.774	 0.704436410376789
0.775	 0.7026151545007542
0.776	 0.7007960290011999
0.777	 0.698979840221729
0.778	 0.6971659592043988
0.779	 0.6953543909299877
0.78	 0.693545273870686
0.781	 0.6917396468776498
0.782	 0.6899375497995189
0.783	 0.6881395315645981
0.784	 0.6863461801526337
0.785	 0.6845574663054155
0.786	 0.6827732469543888
0.787	 0.6809942992022898
0.788	 0.6792211259510235
0.789	 0.6774537707046648
0.79	 0.6756919105912825
0.791	 0.6739364918840063
0.792	 0.6721886861577661
0.793	 0.6704486372724026
0.794	 0.6687173473333032
0.795	 0.6669952113926678
0.796	 0.6652814704903133
0.797	 0.663576573038001
0.798	 0.6618806134340472
0.799	 0.6601931568524038
0.8	 0.6585139648288344
0.801	 0.6568431107092331
0.802	 0.6551804192677677
0.803	 0.6535256277750349
0.804	 0.6518786956748628
0.805	 0.6502394650741439
0.806	 0.6486076221490693
0.807	 0.6469829762408237
0.808	 0.6453652576938971
0.809	 0.6437546359346089
0.81	 0.6421494926714649
0.811	 0.6405511078663687
0.812	 0.6389581930285032
0.813	 0.6381241446161743
0.814	 0.6365167425556276
0.815	 0.6349798585489971
0.816	 0.633382025024361
0.817	 0.6318570133912704
0.818	 0.6302701473245421
0.819	 0.6287581108687201
0.82	 0.6271834274368737
0.821	 0.6256855701123992
0.822	 0.6241244710359235
0.823	 0.6226413726722599
0.824	 0.6210940699532372
0.825	 0.6196265090597
0.826	 0.6180955339375409
0.827	 0.6166448356107783
0.828	 0.6151290327989911
0.829	 0.6136956954587516
0.83	 0.6121957824385118
0.831	 0.610779002384733
0.832	 0.6092957743522802
0.833	 0.6078967337260847
0.834	 0.6064296374110567
0.835	 0.6050451924212886
0.836	 0.6035911586403593
0.837	 0.6022212890490053
0.838	 0.6007801505370831
0.839	 0.5994225652826707
0.84	 0.5979922844661143
0.841	 0.5966446508630204
0.842	 0.5952232364938388
0.843	 0.593884721797795
0.844	 0.5924726070088501
0.845	 0.5911432714343999
0.846	 0.5897394214450767
0.847	 0.5884179672741724
0.848	 0.5870236953112264
0.849	 0.5857126834005097
0.85	 0.5843282973236398
0.851	 0.5830259889045039
0.852	 0.5816509592717399
0.853	 0.5803590626941745
0.854	 0.5789953454046852
0.855	 0.5777138074764299
0.856	 0.5763607741154996
0.857	 0.5750903693239177
0.858	 0.5737509633403391
0.859	 0.5724939911258888
0.86	 0.5711671976887199
0.861	 0.5699219878458888
0.862	 0.5686080847016993
0.863	 0.5673739499657834
0.864	 0.566071480407216
0.865	 0.5648476624681863
0.866	 0.5635568896454496
0.867	 0.5623444468948721
0.868	 0.5610658663841324
0.869	 0.5598634893545772
0.87	 0.5585954982043093
0.871	 0.5574022019145675
0.872	 0.5561453706091501
0.873	 0.5549623330346838
0.874	 0.5537171684655181
0.875	 0.5525435933526072
0.876	 0.5513089921272165
0.877	 0.5501435052338379
0.878	 0.5489180103524288
0.879	 0.5477600928155302
0.88	 0.546544552679994
0.881	 0.5453948171806506
0.882	 0.544188663869314
0.883	 0.5430453161027936
0.884	 0.5418481693721634
0.885	 0.5407135039489488
0.886	 0.5395261366625254
0.887	 0.53840155163319
0.888	 0.5362145150539604
0.889	 0.5351106590692999
0.89	 0.5339648668084429
0.891	 0.5328836169776128
0.892	 0.531766345799136
0.893	 0.5307160230845469
0.894	 0.5296348116633256
0.895	 0.5286209779067338
0.896	 0.5275817297500999
0.897	 0.5266120137648291
0.898	 0.5256231726480507
0.899	 0.5247043885540037
0.9	 0.5237722736928396
0.901	 0.5229101647413655
0.902	 0.5220378871732122
0.903	 0.5212346734938029
0.904	 0.5204250716908361
0.905	 0.5196826311538415
0.906	 0.5189352996457743
0.907	 0.5182524692031466
0.908	 0.5175657126158748
0.909	 0.5169407645841249
0.91	 0.5163131506076039
0.911	 0.5157435819930081
0.912	 0.5151726174207464
0.913	 0.514655841427762
0.914	 0.5141381771249235
0.915	 0.5136718402337254
0.916	 0.5132064562453158
0.917	 0.5127877413136529
0.918	 0.5123703351485758
0.919	 0.511995369964921
0.92	 0.5116234462072111
0.921	 0.5112881965765241
0.922	 0.5109574782992173
0.923	 0.5106579293732155
0.924	 0.5103650302361146
0.925	 0.5100967944834471
0.926	 0.509839915154014
0.927	 0.5095979696945213
0.928	 0.5093696308242704
0.929	 0.5091532411227649
0.93	 0.5089478926606337
0.931	 0.5087528079359129
0.932	 0.5085668338548444
0.933	 0.5083894291454626
0.934	 0.5082206682283891
0.935	 0.5080593373008269
0.936	 0.5079040631962691
0.937	 0.5077540486242602
0.938	 0.5077043761328622
0.939	 0.5075909488027799
0.94	 0.5074135123010199
0.941	 0.5073164437418486
0.942	 0.507139922453376
0.943	 0.5070586444077365
0.944	 0.5068798958262326
0.945	 0.506811178559185
0.946	 0.5066292465462833
0.947	 0.5065718651530632
0.948	 0.5063873768587444
0.949	 0.506342760593949
0.95	 0.5061580927382727
0.951	 0.5061250617698326
0.952	 0.5059397046383058
0.953	 0.5059155599902219
0.954	 0.5057314734257842
0.955	 0.5057181167323844
0.956	 0.5055380207266758
0.957	 0.5055349516129791
0.958	 0.5053596215862123
0.959	 0.5053633649397979
0.96	 0.5051903502958909
0.961	 0.5052001709813148
0.962	 0.5050319479337562
0.963	 0.5050466764998907
0.964	 0.5048813628043113
0.965	 0.5048993692746123
0.966	 0.5047368501664198
0.967	 0.5047572551633916
0.968	 0.504596993269296
0.969	 0.5046182112521985
0.97	 0.5044600137293909
0.971	 0.5044832799973864
0.972	 0.5043272616252166
0.973	 0.5043517999515891
0.974	 0.5041982010753219
0.975	 0.5042231026366438
0.976	 0.5040701311002211
0.977	 0.5040942614086029
0.978	 0.5039408285197432
0.979	 0.5039646699914274
0.98	 0.5038118108407474
0.981	 0.5038346890013472
0.982	 0.5036811346467621
0.983	 0.5037029680504047
0.984	 0.5035479993169375
0.985	 0.5035680256468817
0.986	 0.503413154790562
0.987	 0.5034332744740542
0.988	 0.5032776729293339
0.989	 0.503294310796646
0.99	 0.5031366752742478
0.991	 0.5031515757444778
0.992	 0.502990916455075
0.993	 0.5029985499495749
0.994	 0.5028304793617872
0.995	 0.5028287761421711
0.996	 0.5026532529850906
0.997	 0.502642590563069
0.998	 0.5024601777262374
0.999	 0.5024404034152664
1.0	 0.502251626837155
1.001	 0.5022225894981714
1.002	 0.5020276542106854
1.003	 0.5019891345148589
1.004	 0.5017879665647821
1.005	 0.5017398856192568
1.006	 0.5015323389265337
1.007	 0.5014744063928918
1.008	 0.5012609360199414
1.009	 0.5011932525184041
1.01	 0.5009761105566061
1.011	 0.5009047003829507
1.012	 0.5006889841441464
1.013	 0.5006143080705737
1.014	 0.5003909917611222
1.015	 0.5003211591364267
1.016	 0.5000987640520264
1.017	 0.5000264245668856
1.018	 0.4998042700948121
1.019	 0.4997291181749624
1.02	 0.49950762001458054
1.021	 0.4994294903550208
1.022	 0.4992082852510187
1.023	 0.4991279033596423
1.024	 0.49890786634902007
1.025	 0.4988255289262143
1.026	 0.49860477297002914
1.027	 0.498520038090059
1.028	 0.4982989390890878
1.029	 0.49821125138715383
1.03	 0.4979899428021739
1.031	 0.4978999184740002
1.032	 0.4976778253028733
1.033	 0.49758594217683305
1.034	 0.4973633363410105
1.035	 0.4972693610933267
1.036	 0.4970473280386316
1.037	 0.4969508404477317
1.038	 0.4967276761070817
1.039	 0.4966287959474715
1.04	 0.49640544696661526
1.041	 0.4963047881975994
1.042	 0.4960821677283581
1.043	 0.4959799811598165
1.044	 0.49575730780513366
1.045	 0.4956535285112591
1.046	 0.4954311866263539
1.047	 0.49532596258414496
1.048	 0.49510370738730236
1.049	 0.4949971497079758
1.05	 0.49477518386733293
1.051	 0.49463464015544906
1.052	 0.49444646253576163
1.053	 0.4943058273807516
1.054	 0.4941159179385803
1.055	 0.49397558836189015
1.056	 0.49378517877015615
1.057	 0.49364529643002303
1.058	 0.49345374865760083
1.059	 0.4933138200204009
1.06	 0.493121794265985
1.061	 0.4929816721927629
1.062	 0.4927891058403845
1.063	 0.492649461725365
1.064	 0.49245750509830305
1.065	 0.4923179378446883
1.066	 0.49212596529090774
1.067	 0.4919863955127873
1.068	 0.49179391789566756
1.069	 0.4916545554887147
1.07	 0.49146311918024127
1.071	 0.49132394605371615
1.072	 0.4911327156621025
1.073	 0.4909937224025561
1.074	 0.4908020994572644
1.075	 0.4906633092308203
1.076	 0.49047227762097256
1.077	 0.49033349423578076
1.078	 0.4901440060149708
1.079	 0.4900051781929943
1.08	 0.4898163630117204
1.081	 0.4896777208107411
1.082	 0.4894902499360649
1.083	 0.4893514394196478
1.084	 0.4891646455094841
1.085	 0.48902511842681384
1.086	 0.4888385146964861
1.087	 0.48869824616961693
1.088	 0.4885128795524104
1.089	 0.4883718019370595
1.09	 0.48818722001615605
1.091	 0.48804505175488544
1.092	 0.4878604107304296
1.093	 0.48771680531842077
1.094	 0.4875318001172946
1.095	 0.4873866609479484
1.096	 0.48720311320925197
1.097	 0.48705690187261663
1.098	 0.4868734920933786
1.099	 0.4867257733835452
1.1	 0.4865416006222957
1.101	 0.4863914092357722
1.102	 0.48620682209231203
1.103	 0.4860542992262462
1.104	 0.48586870293467893
1.105	 0.48571335068315136
1.106	 0.4855265974824691
1.107	 0.4853679369602466
1.108	 0.48517982814799004
1.109	 0.48501757829489617
1.11	 0.4848280144641591
1.111	 0.48466233666840636
1.112	 0.4844712009659195
1.113	 0.4843016115132679
1.114	 0.48410874709395874
1.115	 0.4839349518359066
1.116	 0.4837383689178407
1.117	 0.4835603587215643
1.118	 0.48336073909662414
1.119	 0.4831784614019747
1.12	 0.4829752021990549
1.121	 0.4827887818229546
1.122	 0.4825825701389031
1.123	 0.4823925306859464
1.124	 0.4821838982284532
1.125	 0.48199047121706096
1.126	 0.481883864717417
1.127	 0.48158327324500194
1.128	 0.4814808968146816
1.129	 0.4811725963659583
1.13	 0.48107647148282673
1.131	 0.48076160325109474
1.132	 0.48067281299342424
1.133	 0.48035312070052394
1.134	 0.4802737121884042
1.135	 0.4799495408711459
1.136	 0.47988030475707943
1.137	 0.4795540666592534
1.138	 0.4794972128468264
1.139	 0.4791593559469119
1.14	 0.4791261003605808
1.141	 0.47878655505132994
1.142	 0.47876771554673486
1.143	 0.47842571065979583
1.144	 0.4784214688604856
1.145	 0.478078427519513
1.146	 0.47808823424114
1.147	 0.4777434816940412
1.148	 0.47776682223410655
1.149	 0.47741709375981556
1.15	 0.4774521892160891
1.151	 0.47709527735102986
1.152	 0.47713969890686847
1.153	 0.476775089623423
1.154	 0.47682686458594375
1.155	 0.47644931399155754
1.156	 0.47650618592824723
1.157	 0.47611349057768054
1.158	 0.47617329647262047
1.159	 0.4757654925109249
1.16	 0.47582665266878316
1.161	 0.4754017756117304
1.162	 0.47546285782681513
1.163	 0.4750192763266122
1.164	 0.47507912889034437
1.165	 0.4746153410726718
1.166	 0.4746731326611982
1.167	 0.474187223711809
1.168	 0.4742423447999258
1.169	 0.47373153048651645
1.17	 0.47378339783529105
1.171	 0.4732426023212412
1.172	 0.47329094110132947
1.173	 0.47271690660612786
1.174	 0.4727613703656161
1.175	 0.47215013015097324
1.176	 0.4718809068327896
1.177	 0.4715384834885305
1.178	 0.4712433684930396
1.179	 0.47087527355979364
1.18	 0.4705510185239461
1.181	 0.47015468985286707
1.182	 0.46979832668030913
1.183	 0.4693716133883974
1.184	 0.46898096447529264
1.185	 0.4685220924489964
1.186	 0.46809467828275975
1.187	 0.4675988647403903
1.188	 0.46713239098628584
1.189	 0.4666022698460881
1.19	 0.46609583697509344
1.191	 0.4655288664543204
1.192	 0.4649822595402735
1.193	 0.4643837854989847
1.194	 0.46379655395037694
1.195	 0.4631678256233752
1.196	 0.4625400651893863
1.197	 0.4618818046104855
1.198	 0.4612149285818325
1.199	 0.4605290320122997
1.2	 0.4598249533863205
1.201	 0.4591130748075332
1.202	 0.4583734380832626
1.203	 0.4576380744484673
1.204	 0.4568654765146218
1.205	 0.4561091833159924
1.206	 0.45530622910820295
1.207	 0.4545315383051795
1.208	 0.45370048881419295
1.209	 0.4529099194482155
1.21	 0.45205320690231343
1.211	 0.45124268452677685
1.212	 0.45036209140984584
1.213	 0.44953289757748127
1.214	 0.44863023266437535
1.215	 0.4477839313327189
1.216	 0.44686097084999693
1.217	 0.44599903666910234
1.218	 0.4450569930398283
1.219	 0.4441807028657917
1.22	 0.44322080837444777
1.221	 0.4423316505191085
1.222	 0.44135494593553404
1.223	 0.4404532961062951
1.224	 0.43946085713150884
1.225	 0.4385472114908623
1.226	 0.43753994179855205
1.227	 0.43661576242067124
1.228	 0.43559442585263025
1.229	 0.4346609136449963
1.23	 0.4336262117198234
1.231	 0.4326835246751543
1.232	 0.43163621824474674
1.233	 0.43068430699689897
1.234	 0.42962458889003846
1.235	 0.4286640564123498
1.236	 0.4275923742029426
1.237	 0.42662413092486823
1.238	 0.4255410493781929
1.239	 0.42456545029602094
1.24	 0.4234712886946653
1.241	 0.4224880700448335
1.242	 0.42138329092947213
1.243	 0.4203926186697219
1.244	 0.41927745707179703
1.245	 0.4182795458853854
1.246	 0.41715418550659905
1.247	 0.4161489755342046
1.248	 0.4150133777618106
1.249	 0.41400071408088823
1.25	 0.41285496190138027
1.251	 0.4124840976257055
1.252	 0.41067978040834174
1.253	 0.4102927572041849
1.254	 0.40848920870633965
1.255	 0.40808584323662034
1.256	 0.40628337488925653
1.257	 0.40586312405410857
1.258	 0.4040624385436031
1.259	 0.40362536128388
1.26	 0.4018281424956566
1.261	 0.40137468462192033
1.262	 0.3995827581627709
1.263	 0.39911260808717686
1.264	 0.39732770647769455
1.265	 0.3968410497599324
1.266	 0.39506487699728676
1.267	 0.394561704575969
1.268	 0.39279637660588224
1.269	 0.3922766595908027
1.27	 0.3905241549989356
1.271	 0.38998788560529435
1.272	 0.38825016597995604
1.273	 0.38769754637686255
1.274	 0.3859764977659477
1.275	 0.38540797709842195
1.276	 0.3837053017519202
1.277	 0.38312077757151214
1.278	 0.3814377602126097
1.279	 0.3808374164548386
1.28	 0.3791757030367152
1.281	 0.37855991544280754
1.282	 0.3769206587463833
1.283	 0.37628962701501284
1.284	 0.37467428464316344
1.285	 0.3740287920728317
1.286	 0.3724391811363801
1.287	 0.37177962609025006
1.288	 0.3702172244836251
1.289	 0.36954440734559907
1.29	 0.3680107132036866
1.291	 0.36732523967189
1.292	 0.36582157881586636
1.293	 0.36512415019814853
1.294	 0.3636516146629868
1.295	 0.36294254327116626
1.296	 0.36150272651847615
1.297	 0.36078237407149266
1.298	 0.3593760549751563
1.299	 0.35864555712338564
1.3	 0.357274912583302
1.301	 0.356235113029528
1.302	 0.3552027685990456
1.303	 0.3541779632406132
1.304	 0.3531608145814978
1.305	 0.3521516638849708
1.306	 0.3511508103452398
1.307	 0.3501585094244268
1.308	 0.34917536085882867
1.309	 0.3482015764742595
1.31	 0.34723734172382836
1.311	 0.3462829144020561
1.312	 0.3453385793361491
1.313	 0.34440453704284374
1.314	 0.3434811109561875
1.315	 0.342568556877023
1.316	 0.3416672021811268
1.317	 0.3407771477022504
1.318	 0.3398989784619612
1.319	 0.3390328974785571
1.32	 0.3381790767487318
1.321	 0.3373377838647353
1.322	 0.33650929076755415
1.323	 0.3356934418025069
1.324	 0.3348906057371862
1.325	 0.3341009912128373
1.326	 0.33340940451080453
1.327	 0.3325614676296212
1.328	 0.3318954481275522
1.329	 0.3310759867859819
1.33	 0.3304348374524438
1.331	 0.32964451302617476
1.332	 0.3290269967792064
1.333	 0.32826627626658916
1.334	 0.3276717168964994
1.335	 0.3269411711090775
1.336	 0.32636831114108894
1.337	 0.32566821192756573
1.338	 0.3251158474699061
1.339	 0.3244467062824524
1.34	 0.3239143826209183
1.341	 0.323276363160273
1.342	 0.32276298217763044
1.343	 0.32215542246036094
1.344	 0.3216608489925268
1.345	 0.3210840329316956
1.346	 0.32060860069264296
1.347	 0.3200624929775656
1.348	 0.319606450159595
1.349	 0.31909040221078544
1.35	 0.31865486070006604
1.351	 0.3181687261502196
1.352	 0.31775598008094524
1.353	 0.31729997301131885
1.354	 0.31691202010730657
1.355	 0.31648657960109355
1.356	 0.3161258936149167
1.357	 0.31573140458835236
1.358	 0.3154007972575264
1.359	 0.31503798250126497
1.36	 0.31473981118953337
1.361	 0.3144101583369275
1.362	 0.31414761710601447
1.363	 0.3138532379326594
1.364	 0.3136294835988133
1.365	 0.31337263723957787
1.366	 0.3131915290272074
1.367	 0.3129752486001298
1.368	 0.31284095268971257
1.369	 0.312669722517125
1.37	 0.3125876134368416
1.371	 0.31246648570901636
1.372	 0.3124423823648221
1.373	 0.31237708038545103
1.374	 0.3124174747482197
1.375	 0.3124141365801957
1.376	 0.31200865664598937
1.377	 0.3125923886209734
1.378	 0.31225135660544423
1.379	 0.31292916604536897
1.38	 0.31266207330692175
1.381	 0.31344146251471255
1.382	 0.3132573929035043
1.383	 0.31414456363482635
1.384	 0.3140509954665509
1.385	 0.31505097616892275
1.386	 0.31505509760836437
1.387	 0.3161725696143215
1.388	 0.3162805957144504
1.389	 0.31751762651458204
1.39	 0.3177325044710771
1.391	 0.31908941109119615
1.392	 0.3194126986200411
1.393	 0.3208883418509517
1.394	 0.32132072242944626
1.395	 0.32291209193784526
1.396	 0.32345215420819573
1.397	 0.3251545343356192
1.398	 0.32579822974834816
1.399	 0.3276041783175807
1.4	 0.32834537012253967
1.401	 0.3302466861996864
1.402	 0.33107959048311497
1.403	 0.3330676711273857
1.404	 0.33398522831902266
1.405	 0.3360512620719723
1.406	 0.337045890844862
1.407	 0.3391807727188503
1.408	 0.3402452984003232
1.409	 0.3424403728000819
1.41	 0.34356791731546554
1.411	 0.3458149073376852
1.412	 0.34699939339263697
1.413	 0.34929195193598994
1.414	 0.3505279298674679
1.415	 0.3528600085988287
1.416	 0.35414237677366556
1.417	 0.35650771661821695
1.418	 0.35783208780777254
1.419	 0.3602256191201084
1.42	 0.3615885121074112
1.421	 0.3640062515726712
1.422	 0.36540455052055715
1.423	 0.3678431349444061
1.424	 0.3692739262715985
1.425	 0.37172992311286274
1.426	 0.37369039756201483
1.427	 0.37566150455019526
1.428	 0.377642747753364
1.429	 0.3796336293698938
1.43	 0.3816336065339694
1.431	 0.3836422481573185
1.432	 0.3856590327758861
1.433	 0.3876836825380669
1.434	 0.38971596389742136
1.435	 0.3917554639942828
1.436	 0.39380201705175205
1.437	 0.3958552750610185
1.438	 0.3979150231375842
1.439	 0.3999808606408776
1.44	 0.40205254800257956
1.441	 0.40412982183966034
1.442	 0.4062125323807113
1.443	 0.40830034354839506
1.444	 0.4103931498807286
1.445	 0.4124906884458611
1.446	 0.414592622335504
1.447	 0.4166988946397551
1.448	 0.4188094002904563
1.449	 0.4209240828728773
1.45	 0.42304276975074184
1.451	 0.42563754857745045
1.452	 0.42729123228884197
1.453	 0.4299107438797943
1.454	 0.431551862830574
1.455	 0.43419524864906117
1.456	 0.43582225805346175
1.457	 0.4384885831042529
1.458	 0.4400999770879939
1.459	 0.4427885212084486
1.46	 0.4443826268537193
1.461	 0.447091269720204
1.462	 0.44866619350394404
1.463	 0.45139301737817455
1.464	 0.452946498632743
1.465	 0.4556896744854193
1.466	 0.45721990777487487
1.467	 0.45997795652236234
1.468	 0.4614827348220584
1.469	 0.46425318643731583
1.47	 0.4657298390776409
1.471	 0.4685103536235871
1.472	 0.46995681233624576
1.473	 0.4727457006064067
1.474	 0.47416064160077215
1.475	 0.47695562165660604
1.476	 0.47833684029187745
1.477	 0.4811361478526711
1.478	 0.48248201532378465
1.479	 0.48528415998455826
1.48	 0.48659336369472206
1.481	 0.4893966179949199
1.482	 0.490667778001406
1.483	 0.49347035224207886
1.484	 0.49470235986231015
1.485	 0.49750255223976103
1.486	 0.498694127249244
1.487	 0.5014903222760206
1.488	 0.5026408661982352
1.489	 0.5054313839391572
1.49	 0.5065403660483608
1.491	 0.5093235901138886
1.492	 0.5103904321255461
1.493	 0.5131650682595136
1.494	 0.5141892588043171
1.495	 0.5169542874699646
1.496	 0.5179353128559202
1.497	 0.5206893327043919
1.498	 0.5216270111209818
1.499	 0.5243677076589325
1.5	 0.5252612589492746
1.501	 0.5269475688696424
1.502	 0.5288351159872929
1.503	 0.5305008178333822
1.504	 0.532347374798546
1.505	 0.5339919494959763
1.506	 0.5357969588734772
1.507	 0.5374192975253372
1.508	 0.5391818879967685
1.509	 0.5407806816844136
1.51	 0.5425001555177054
1.511	 0.5440739206366675
1.512	 0.5457494247449496
1.513	 0.5472972408630723
1.514	 0.5489282126347566
1.515	 0.5504493687623806
1.516	 0.5520354556489109
1.517	 0.553528632049685
1.518	 0.5550691054630501
1.519	 0.5565330376237383
1.52	 0.5580263567235657
1.521	 0.5594599339756898
1.522	 0.560906552149435
1.523	 0.562308741882748
1.524	 0.5637080926980897
1.525	 0.5650781052602656
1.526	 0.5664290869490399
1.527	 0.5677661388043503
1.528	 0.5690683560656546
1.529	 0.5703712557483798
1.53	 0.5716246846705505
1.531	 0.5728929556176284
1.532	 0.5740976720115062
1.533	 0.5753311813755263
1.534	 0.5764869600470842
1.535	 0.5776847685479116
1.536	 0.578791274581336
1.537	 0.5799530480340955
1.538	 0.5810095559900096
1.539	 0.5821349316064168
1.54	 0.5831406105005341
1.541	 0.584229213326085
1.542	 0.5851838061441766
1.543	 0.5862363002079527
1.544	 0.587139670929101
1.545	 0.5881555412390732
1.546	 0.5890070574223453
1.547	 0.5899863276658026
1.548	 0.5907859752398835
1.549	 0.5917291433883056
1.55	 0.5924781535109666
1.551	 0.5932919152702706
1.552	 0.5940841030875627
1.553	 0.5948545342787109
1.554	 0.595603205066019
1.555	 0.596329880228756
1.556	 0.5970346422528335
1.557	 0.5977175721143252
1.558	 0.5983783823284196
1.559	 0.599017261690548
1.56	 0.5996340791969337
1.561	 0.6002287308979518
1.562	 0.6008009774549705
1.563	 0.6013503113458858
1.564	 0.60187657010521
1.565	 0.6023793245674428
1.566	 0.6028579525230932
1.567	 0.6033123124543379
1.568	 0.603741647342349
1.569	 0.6041451091518207
1.57	 0.6045220415542218
1.571	 0.6048714058812575
1.572	 0.6051923765138936
1.573	 0.6054838572429536
1.574	 0.6057447751130617
1.575	 0.6059742728854008
1.576	 0.6069532251849538
1.577	 0.6063333381039653
1.578	 0.6071932570564551
1.579	 0.6065490536250098
1.58	 0.6072762824167285
1.581	 0.6066093271405707
1.582	 0.6071916291156763
1.583	 0.6065033592767093
1.584	 0.6069306525919586
1.585	 0.6062233670186428
1.586	 0.6064867567114506
1.587	 0.6057620119865683
1.588	 0.6058542839744573
1.589	 0.605113743444814
1.59	 0.6050324873018993
1.591	 0.6042778870945396
1.592	 0.6040231041751007
1.593	 0.6032559670050157
1.594	 0.6028297084022654
1.595	 0.6020523004909902
1.596	 0.6014601693729873
1.597	 0.6006740425541129
1.598	 0.5999253561868445
1.599	 0.5991321326428827
1.6	 0.5982390641864612
1.601	 0.5974402481974064
1.602	 0.5964153686216993
1.603	 0.5956126171606588
1.604	 0.5944692939341838
1.605	 0.593663731977699
1.606	 0.5924155242638087
1.607	 0.591607845782871
1.608	 0.5902681187461545
1.609	 0.5894596250663314
1.61	 0.5880408518898618
1.611	 0.5872326331624774
1.612	 0.5857458578649312
1.613	 0.5849379665335647
1.614	 0.5833922732159943
1.615	 0.5825850879936518
1.616	 0.5809895397038396
1.617	 0.5801838205900823
1.618	 0.5785464131447562
1.619	 0.5777427361658635
1.62	 0.5760695242944349
1.621	 0.5752681058970781
1.622	 0.5735642161810892
1.623	 0.5727648413214895
1.624	 0.5710348750818486
1.625	 0.5702379688961515
1.626	 0.5691328561028759
1.627	 0.5676917928870423
1.628	 0.5665782816400368
1.629	 0.5651314274240696
1.63	 0.5640111088369416
1.631	 0.5625602378600866
1.632	 0.5614345703556023
1.633	 0.5599811414442628
1.634	 0.558851370270953
1.635	 0.5573970956901965
1.636	 0.5562640514018342
1.637	 0.5548022582706176
1.638	 0.5536665437275939
1.639	 0.5521935725723919
1.64	 0.5510561108163995
1.641	 0.5495702962900142
1.642	 0.5484318274429228
1.643	 0.5469313370432148
1.644	 0.5457924477561623
1.645	 0.5442750587703761
1.646	 0.5431365083296251
1.647	 0.5416004110646179
1.648	 0.540462891121657
1.649	 0.538904804380731
1.65	 0.5377685439072206
1.651	 0.5361847111065299
1.652	 0.5350501757741517
1.653	 0.5334369463244775
1.654	 0.532305223327443
1.655	 0.5306585376168941
1.656	 0.5295303969777885
1.657	 0.527846001044878
1.658	 0.5267225864638074
1.659	 0.5249958084024584
1.66	 0.5238776176905274
1.661	 0.5221046558546552
1.662	 0.5209922909784094
1.663	 0.5191682628514321
1.664	 0.518062514439943
1.665	 0.5161824193768169
1.666	 0.5150837002009868
1.667	 0.5131420484382307
1.668	 0.5120506455981748
1.669	 0.5100421167053204
1.67	 0.5089592084650636
1.671	 0.5068802351786249
1.672	 0.5058066298148296
1.673	 0.5036539024047908
1.674	 0.5025894652671316
1.675	 0.5003617230673556
1.676	 0.4986915634665596
1.677	 0.4970057282327471
1.678	 0.4953046832620094
1.679	 0.49358895594941116
1.68	 0.49185926970757915
1.681	 0.49011629842094007
1.682	 0.4883609643418335
1.683	 0.4865936833473812
1.684	 0.48481520847173804
1.685	 0.48302622064671713
1.686	 0.4812274135022262
1.687	 0.4794195700468806
1.688	 0.47760354298676244
1.689	 0.47578020984392916
1.69	 0.4739505321636035
1.691	 0.47211540823470155
1.692	 0.4702756826372018
1.693	 0.4684389661221281
1.694	 0.466609731547307
1.695	 0.46478784769239667
1.696	 0.4629733282313825
1.697	 0.4611661191033388
1.698	 0.45936624676233545
1.699	 0.45757403621930776
1.7	 0.4557895544274953
1.701	 0.45359111176002764
1.702	 0.45224381871315134
1.703	 0.4500706325129643
1.704	 0.4487279317006413
1.705	 0.4465797767551428
1.706	 0.44524201142135694
1.707	 0.4431190578409982
1.708	 0.4417861738843512
1.709	 0.4396881588669382
1.71	 0.4383594659491788
1.711	 0.43628646133680865
1.712	 0.43496211421050723
1.713	 0.43291408874805004
1.714	 0.4315941752330944
1.715	 0.42957069698500217
1.716	 0.4282547833528562
1.717	 0.42625553695911456
1.718	 0.42494349301564144
1.719	 0.42296898024758633
1.72	 0.4216611524374006
1.721	 0.4197106334522812
1.722	 0.4184059317900754
1.723	 0.4164785435251454
1.724	 0.4151769296980255
1.725	 0.41327317353455545
1.726	 0.41197502847673806
1.727	 0.4100946393681663
1.728	 0.40879968173589054
1.729	 0.40694228988162384
1.73	 0.40565016018973726
1.731	 0.4038149429270528
1.732	 0.40252527936423393
1.733	 0.40071168449793154
1.734	 0.3994242688332562
1.735	 0.39763210628365847
1.736	 0.3963471567321624
1.737	 0.3945769783699498
1.738	 0.3932952689217373
1.739	 0.3915477845800205
1.74	 0.3902699902563399
1.741	 0.38854538535459127
1.742	 0.38727231336752965
1.743	 0.3855712963887522
1.744	 0.3843039268347127
1.745	 0.3826274281069912
1.746	 0.3813664555836198
1.747	 0.3797150205826492
1.748	 0.3784607568146492
1.749	 0.3768338334956284
1.75	 0.3755860760851494
1.751	 0.3748607698309437
1.752	 0.37274212715578237
1.753	 0.3720249643529755
1.754	 0.3699299387071007
1.755	 0.36922155656759115
1.756	 0.3671507286530954
1.757	 0.366450791604574
1.758	 0.3644033747868864
1.759	 0.36371101354600865
1.76	 0.36168615059214476
1.761	 0.3610000862508677
1.762	 0.35899650137119926
1.763	 0.358315614231234
1.764	 0.35633285786812163
1.765	 0.3556568053091386
1.766	 0.35369449287070376
1.767	 0.35302205456646624
1.768	 0.35107864840634045
1.769	 0.3504084952649078
1.77	 0.348483073395421
1.771	 0.3478141040095751
1.772	 0.3459058769509178
1.773	 0.3452371386297128
1.774	 0.34334521804500034
1.775	 0.34267530771985877
1.776	 0.3407983123858111
1.777	 0.3401261342921912
1.778	 0.33826335511045746
1.779	 0.3375879524706218
1.78	 0.33573887191975466
1.781	 0.3350592276013943
1.782	 0.33322253406814484
1.783	 0.33253735813876056
1.784	 0.33071207169519623
1.785	 0.3300196511297114
1.786	 0.3282042340268127
1.787	 0.32750332712260694
1.788	 0.32569697607091336
1.789	 0.3249863654152967
1.79	 0.3231883200667338
1.791	 0.32246712194753424
1.792	 0.32067656546346823
1.793	 0.3199436708915105
1.794	 0.3181628075861562
1.795	 0.31741623800957697
1.796	 0.31565501010986297
1.797	 0.31489376462267193
1.798	 0.3131532209844825
1.799	 0.3123762456529939
1.8	 0.3106569411312652
1.801	 0.30941108347930246
1.802	 0.30816632049110027
1.803	 0.30735547729809987
1.804	 0.30567967471553437
1.805	 0.30443737753376654
1.806	 0.3031958410941518
1.807	 0.3023484272259252
1.808	 0.30071449419860286
1.809	 0.29947455809235374
1.81	 0.29823502608424884
1.811	 0.2973494626299955
1.812	 0.295758091531041
1.813	 0.2945211207968881
1.814	 0.2932854668805946
1.815	 0.2923619815439438
1.816	 0.29081672297528116
1.817	 0.28958424708434327
1.818	 0.2883530611510553
1.819	 0.2873919604280064
1.82	 0.28589513415909046
1.821	 0.2846685420021316
1.822	 0.2834439866415509
1.823	 0.28244652839953766
1.824	 0.2810024310921371
1.825	 0.27978584543470975
1.826	 0.27865524252979607
1.827	 0.2775393541764512
1.828	 0.2762372862619091
1.829	 0.2749402475334734
1.83	 0.273824341215763
1.831	 0.27265857736627813
1.832	 0.2714166146441416
1.833	 0.2701159141445459
1.834	 0.26901440668909066
1.835	 0.26779649159602564
1.836	 0.26661909955158924
1.837	 0.26532550649046627
1.838	 0.2642562582093031
1.839	 0.2630168539502132
1.84	 0.2619357858494914
1.841	 0.2606784571240788
1.842	 0.25966655466719724
1.843	 0.2584235084998549
1.844	 0.2574555839556811
1.845	 0.2562505881778896
1.846	 0.2553113252350911
1.847	 0.2540833618239396
1.848	 0.25324547069945263
1.849	 0.25211481215995946
1.85	 0.25127180148181794
1.851	 0.2500836962685155
1.852	 0.24940546285417647
1.853	 0.2483779627162816
1.854	 0.2476603274292892
1.855	 0.24654394271278582
1.856	 0.24605413114601105
1.857	 0.24516356303840556
1.858	 0.24460666850523957
1.859	 0.24359979269163204
1.86	 0.24333604538204373
1.861	 0.24261981616066514
1.862	 0.2422604893176235
1.863	 0.24140026984931046
1.864	 0.24139981134578936
1.865	 0.24089604390715472
1.866	 0.2407759665418872
1.867	 0.24010558037635205
1.868	 0.2404101256514682
1.869	 0.2401589444732968
1.87	 0.24031991542717906
1.871	 0.23988253091543899
1.872	 0.24052349256264494
1.873	 0.24055762834608854
1.874	 0.2410325933632785
1.875	 0.24085618439879755
1.876	 0.24129467223997159
1.877	 0.24218665328726993
1.878	 0.2427879711540156
1.879	 0.24307650818369558
1.88	 0.24382263190790293
1.881	 0.2450442217640523
1.882	 0.24594143377060534
1.883	 0.24649498965071118
1.884	 0.24752547499855332
1.885	 0.24904837455672998
1.886	 0.250217503365533
1.887	 0.2510151236551479
1.888	 0.2523031994093919
1.889	 0.2540923831474157
1.89	 0.2554967751992254
1.891	 0.2565025019717375
1.892	 0.25800454614662643
1.893	 0.25999411516580384
1.894	 0.2615466249020746
1.895	 0.2626491311241656
1.896	 0.2642240473025332
1.897	 0.26628156281155263
1.898	 0.2678853298116238
1.899	 0.2690268050373635
1.9	 0.2706530742366991
1.901	 0.2727741790273608
1.902	 0.2744299130456934
1.903	 0.2756106635514133
1.904	 0.277289391376436
1.905	 0.2794739891968584
1.906	 0.28118014325672197
1.907	 0.28240140393685526
1.908	 0.28412978347834233
1.909	 0.2863719937144707
1.91	 0.2881275867739873
1.911	 0.2893900777867341
1.912	 0.29116900472734525
1.913	 0.29346970049629195
1.914	 0.2952746466069529
1.915	 0.2965789651541422
1.916	 0.29840600972099174
1.917	 0.30075997173815344
1.918	 0.3026125932959708
1.919	 0.303959520437728
1.92	 0.3058345699230672
1.921	 0.3082420500753436
1.922	 0.31014266096553006
1.923	 0.31153286076504016
1.924	 0.31345653758248126
1.925	 0.31591689432128084
1.926	 0.3178650616633733
1.927	 0.31982449084568937
1.928	 0.32126940800379855
1.929	 0.32377709554931644
1.93	 0.32576950012846523
1.931	 0.3277726697475605
1.932	 0.3292620313050952
1.933	 0.3318099968729596
1.934	 0.33384442862200747
1.935	 0.33588928022947895
1.936	 0.33742353749660975
1.937	 0.340010172001682
1.938	 0.3420854927866767
1.939	 0.34417023838167327
1.94	 0.34574795138805536
1.941	 0.34836689231123275
1.942	 0.35047819254293605
1.943	 0.35259746812277
1.944	 0.3542165115158685
1.945	 0.35686052019958486
1.946	 0.359003936782737
1.947	 0.361155495620451
1.948	 0.3628132716478592
1.949	 0.3654808440347563
1.95	 0.36765434658142865
1.951	 0.3704629298205493
1.952	 0.3715305169648612
1.953	 0.3748560312035852
1.954	 0.37641484203465375
1.955	 0.37927216256461205
1.956	 0.38035061779245377
1.957	 0.38371136456133026
1.958	 0.38526898808833915
1.959	 0.38817461415104354
1.96	 0.3892627800152976
1.961	 0.3926604644889432
1.962	 0.3942139517307645
1.963	 0.39716966045710766
1.964	 0.39826631029635307
1.965	 0.40170126069810386
1.966	 0.4032480986491147
1.967	 0.4062546847225461
1.968	 0.40735852100730463
1.969	 0.41083268206483925
1.97	 0.41237263452117306
1.971	 0.41543630712341967
1.972	 0.41654598027718964
1.973	 0.4200655535062465
1.974	 0.42159674653901164
1.975	 0.42472056089799304
1.976	 0.425834662812017
1.977	 0.4294021517029233
1.978	 0.43092156015819966
1.979	 0.4341092790378828
1.98	 0.43522631266022904
1.981	 0.43884291255418373
1.982	 0.4403490441201032
1.983	 0.44360649570137906
1.984	 0.4447248888996345
1.985	 0.44840186119150016
1.986	 0.449894661520319
1.987	 0.4532283569880523
1.988	 0.45434647463829797
1.989	 0.458086443472272
1.99	 0.45956179994140706
1.991	 0.46297727702838326
1.992	 0.46409336952984964
1.993	 0.4679002578711601
1.994	 0.46935055583547564
1.995	 0.47283926454169806
1.996	 0.47392927878996655
1.997	 0.47777646567151144
1.998	 0.47916681125447924
1.999	 0.48271106865075086
2.0	 0.48375449290621236
2.001	 0.48620696205857494
2.002	 0.48865722448103777
2.003	 0.49255946127207967
2.004	 0.49354965359099984
2.005	 0.4959920342521175
2.006	 0.4984322329904215
2.007	 0.502368404358609
2.008	 0.503305097756698
2.009	 0.5057383907502556
2.01	 0.5081690503034981
2.011	 0.5121407810864663
2.012	 0.513021523336171
2.013	 0.5154436643038254
2.014	 0.5178618011486611
2.015	 0.5218654731135107
2.016	 0.5226861013685394
2.017	 0.5250913656402291
2.018	 0.5274922565662894
2.019	 0.5315228658213769
2.02	 0.5322818497985643
2.021	 0.53466995737258
2.022	 0.5370531959043662
2.023	 0.5411072852314722
2.024	 0.5418009187336198
2.025	 0.5441648931835007
2.026	 0.5465216566099985
2.027	 0.5505901376210933
2.028	 0.55121581044566
2.029	 0.5535534752451386
2.03	 0.5558851953001126
2.031	 0.5599741924391123
2.032	 0.5605304693993002
2.033	 0.5628424237731549
2.034	 0.5651472619391813
2.035	 0.5692524973358597
2.036	 0.5697364735971988
2.037	 0.5720142346946845
2.038	 0.5742768369389282
2.039	 0.5783437162224546
2.04	 0.578754613800629
2.041	 0.5809664879292789
2.042	 0.5831597374882471
2.043	 0.587150806443478
2.044	 0.5874866424608628
2.045	 0.5896185279265972
2.046	 0.5917280945126767
2.047	 0.5956113469953009
2.048	 0.5958740082189247
2.049	 0.597906095316621
2.05	 0.5999093270118944
2.051	 0.6036329638048459
2.052	 0.6038375429182522
2.053	 0.6057192770768529
2.054	 0.6075834600901268
2.055	 0.611081630416867
2.056	 0.6111903726944037
2.057	 0.6129301157762438
2.058	 0.614620710655885
2.059	 0.6178122485701666
2.06	 0.6178210104266612
2.061	 0.6193759080105424
2.062	 0.6208479601731525
2.063	 0.6236501311263442
2.064	 0.6235627629894708
2.065	 0.6248921059058458
2.066	 0.6261065684485028
2.067	 0.6284321627949118
2.068	 0.628251405997313
2.069	 0.6293132137659169
2.07	 0.6302298601723193
2.071	 0.6319959472928139
2.072	 0.6317311850585864
2.073	 0.6324929652538359
2.074	 0.6330812503376686
2.075	 0.634238645093683
2.076	 0.6345884477486053
2.077	 0.6343426045364793
2.078	 0.6345963320346458
2.079	 0.6351409744434287
2.08	 0.6351644791145952
2.081	 0.6348708195230456
2.082	 0.6348072216733571
2.083	 0.6347855509393592
2.084	 0.6345163114962279
2.085	 0.634181449222083
2.086	 0.633833111333029
2.087	 0.6333027797410326
2.088	 0.632773357754399
2.089	 0.6324025559800113
2.09	 0.631809002078628
2.091	 0.6308625718962181
2.092	 0.6301289489103931
2.093	 0.6297312960882483
2.094	 0.6289662790616546
2.095	 0.6278107958196977
2.096	 0.6270096436453283
2.097	 0.626585262092157
2.098	 0.6257632684998085
2.099	 0.6245220828212141
2.1	 0.6236657309555221
2.101	 0.6232149891235725
2.102	 0.6223376096607068
2.103	 0.6210132880152367
2.104	 0.6201024636089196
2.105	 0.6196250794592122
2.106	 0.6186958643475997
2.107	 0.6172957730396743
2.108	 0.616337208802951
2.109	 0.6158382427390254
2.11	 0.6148628447992656
2.111	 0.6133943058938093
2.112	 0.6123910376450731
2.113	 0.6118693220769211
2.114	 0.6108509040415543
2.115	 0.6093190746600419
2.116	 0.6082750447974705
2.117	 0.6077347847392897
2.118	 0.6066755264451289
2.119	 0.6050820555532426
2.12	 0.6039976163353495
2.121	 0.603437527343833
2.122	 0.6023370223629732
2.123	 0.6006796579540575
2.124	 0.5995527350871537
2.125	 0.5989730610448327
2.126	 0.5978307079385479
2.127	 0.5966783146501199
2.128	 0.594940261922884
2.129	 0.5943444566682704
2.13	 0.5931624043906368
2.131	 0.5919709404060468
2.132	 0.5901649038277847
2.133	 0.5895587246576303
2.134	 0.5883397050410707
2.135	 0.5871122962885302
2.136	 0.5852504049778596
2.137	 0.5846339325425179
2.138	 0.5833819185366093
2.139	 0.5821220258123714
2.14	 0.580202808020953
2.141	 0.5795787243693455
2.142	 0.5782962287008495
2.143	 0.5770064293108556
2.144	 0.5750315262858513
2.145	 0.5744027217889258
2.146	 0.5730882053249904
2.147	 0.5717654201688326
2.148	 0.5697321577901073
2.149	 0.5690963006727174
2.15	 0.5677511857641918
2.151	 0.5663992171566278
2.152	 0.5643158215190087
2.153	 0.5636760606646442
2.154	 0.5623070824720953
2.155	 0.5609334753454261
2.156	 0.5588148428254847
2.157	 0.5581738099883259
2.158	 0.556785074216965
2.159	 0.5553913762214324
2.16	 0.553231748802769
2.161	 0.5525884587939719
2.162	 0.5511792589370714
2.163	 0.5497646091306106
2.164	 0.5475630059966604
2.165	 0.5469185342208426
2.166	 0.5454879224262499
2.167	 0.5440515999013047
2.168	 0.5418085253221919
2.169	 0.54116293496256
2.17	 0.5397088647204572
2.171	 0.5382494589420086
2.172	 0.5359627582321178
2.173	 0.5353127162657466
2.174	 0.5338359776538235
2.175	 0.532354243758292
2.176	 0.5300290998638778
2.177	 0.529001774219582
2.178	 0.5278794677536622
2.179	 0.5263778343519869
2.18	 0.5240159722266206
2.181	 0.5229820012411425
2.182	 0.5218455686600896
2.183	 0.5203231908899574
2.184	 0.5179169908356024
2.185	 0.5168656149910561
2.186	 0.5157100317925015
2.187	 0.514160408112938
2.188	 0.5117155046219396
2.189	 0.5106553875442608
2.19	 0.5094846487209591
2.191	 0.5079150450667909
2.192	 0.5054316029877375
2.193	 0.5043604658535902
2.194	 0.5031763709374887
2.195	 0.5015925376619895
2.196	 0.4990930218818101
2.197	 0.4980135214831725
2.198	 0.4968352580092515
2.199	 0.49525016381429243
2.2	 0.4927672918594639
2.201	 0.4911913844269797
2.202	 0.49002324112129425
2.203	 0.48893704867311105
2.204	 0.48646993620390416
2.205	 0.484896779297114
2.206	 0.48374273248153365
2.207	 0.48264754564102047
2.208	 0.4801931214473373
2.209	 0.47863092032387605
2.21	 0.4774904399682445
2.211	 0.4763951081070824
2.212	 0.4739634593565872
2.213	 0.4724125414691003
2.214	 0.4712856894084511
2.215	 0.47018877769324036
2.216	 0.4677729518745685
2.217	 0.4662346139144327
2.218	 0.4651260265447214
2.219	 0.46402936051961247
2.22	 0.46163995689656157
2.221	 0.46011255364852444
2.222	 0.45901927066221854
2.223	 0.4579237134029151
2.224	 0.45556069738948374
2.225	 0.4540523875995698
2.226	 0.4529797570959995
2.227	 0.4518884500599437
2.228	 0.4495579512193858
2.229	 0.4480747657351445
2.23	 0.44702572226039006
2.231	 0.44595273818041875
2.232	 0.44368208882321336
2.233	 0.4422391667137517
2.234	 0.441219669761983
2.235	 0.4401784411887095
2.236	 0.43798201614180565
2.237	 0.4365891202143028
2.238	 0.4356081687274852
2.239	 0.4346063669357294
2.24	 0.4324887271950668
2.241	 0.43114732063066175
2.242	 0.43020341875915047
2.243	 0.429238202185134
2.244	 0.42719722295852297
2.245	 0.42590459001433284
2.246	 0.4249955670048789
2.247	 0.4240650530865096
2.248	 0.42209575148649353
2.249	 0.42084866175359237
2.25	 0.41997136818710107
2.251	 0.4190731939278427
2.252	 0.41785606082708115
2.253	 0.41598165692147215
2.254	 0.41514089444852215
2.255	 0.41427700590293004
2.256	 0.41310654640541106
2.257	 0.4113058042649265
2.258	 0.4104993698580336
2.259	 0.4096728112816221
2.26	 0.4085583220191718
2.261	 0.406844839014994
2.262	 0.40608426328826425
2.263	 0.4052997591134385
2.264	 0.4042409480360952
2.265	 0.4026124640837899
2.266	 0.40189581962128973
2.267	 0.401152553058842
2.268	 0.40015245235299385
2.269	 0.3986124732010615
2.27	 0.39794232655958944
2.271	 0.3972432376846873
2.272	 0.39630345511534215
2.273	 0.39485180312398754
2.274	 0.39422599338716574
2.275	 0.3935647585635512
2.276	 0.39267799439787154
2.277	 0.3913085513225899
2.278	 0.3907238424302862
2.279	 0.39010014348638034
2.28	 0.38926882131964663
2.281	 0.3879844611017612
2.282	 0.38744186309620643
2.283	 0.3868540476885265
2.284	 0.3860742596531548
2.285	 0.3848711314403902
2.286	 0.3843699094536526
2.287	 0.3838191062665736
2.288	 0.38309577927648153
2.289	 0.3819795746809863
2.29	 0.38151945908021234
2.291	 0.38100069508860396
2.292	 0.3803262861058038
2.293	 0.3792868992354185
2.294	 0.3788656136481031
2.295	 0.37838288285774735
2.296	 0.37776350531330943
2.297	 0.3768109266205928
2.298	 0.3764350900323458
2.299	 0.3759898009573177
2.3	 0.37542512205902107
2.301	 0.3747557404088787
2.302	 0.37442069363135294
2.303	 0.3742024114982038
2.304	 0.37387972037997325
2.305	 0.37346708845000726
2.306	 0.3731656663556302
2.307	 0.37296133170711465
2.308	 0.37266985944055847
2.309	 0.37230427448951564
2.31	 0.3720293735419057
2.311	 0.3718302037568289
2.312	 0.3715603318705605
2.313	 0.3712333075892167
2.314	 0.3709768774390939
2.315	 0.3707785570710232
2.316	 0.37052882392396463
2.317	 0.3702408288191843
2.318	 0.370005577732011
2.319	 0.3698077330372069
2.32	 0.369576043610201
2.321	 0.3693269374459786
2.322	 0.36911289287688026
2.323	 0.368918213854627
2.324	 0.3687103511511927
2.325	 0.368505287803112
2.326	 0.36831634705071364
2.327	 0.3681332329343129
2.328	 0.36794806881722286
2.329	 0.3677915576935942
2.33	 0.36763423749659
2.331	 0.36748792783931655
2.332	 0.3673244986231648
2.333	 0.3672221629509293
2.334	 0.36709994865398654
2.335	 0.3669825204937813
2.336	 0.36682722233175
2.337	 0.3667680569621744
2.338	 0.3666719058531522
2.339	 0.3665832923693346
2.34	 0.36644134289926616
2.341	 0.3664289421904345
2.342	 0.36636339418443736
2.343	 0.36630740599128453
2.344	 0.3661845852527934
2.345	 0.3662270739086877
2.346	 0.3662022209163615
2.347	 0.3661863472448685
2.348	 0.36608454462374435
2.349	 0.3661796522594444
2.35	 0.36618753813919536
2.351	 0.3662036544314377
2.352	 0.36611537340487277
2.353	 0.3662547729537113
2.354	 0.3662870370773425
2.355	 0.36632164237623316
2.356	 0.3662319578724276
2.357	 0.36640179575417914
2.358	 0.36644998550030267
2.359	 0.3665037435348675
2.36	 0.36642128446029426
2.361	 0.3666318962629437
2.362	 0.3667058312711381
2.363	 0.36678877128173226
2.364	 0.36671866016835075
2.365	 0.3669766112880709
2.366	 0.3670841620267207
2.367	 0.36719894234577516
2.368	 0.36714526268808634
2.369	 0.3674551717684844
2.37	 0.3675957254999741
2.371	 0.3677441886774011
2.372	 0.36770642572336526
2.373	 0.36806747767773923
2.374	 0.3682404883177762
2.375	 0.3684199533145504
2.376	 0.36839329230280243
2.377	 0.36858398433985806
2.378	 0.36900700760043176
2.379	 0.36922068355239207
2.38	 0.36920773854269107
2.381	 0.36942931757992614
2.382	 0.36990232779366694
2.383	 0.3701523592456968
2.384	 0.37016632178046033
2.385	 0.3704412375445287
2.386	 0.37098998853497783
2.387	 0.37128819718820466
2.388	 0.37131941353142134
2.389	 0.3716298807636544
2.39	 0.37223585686783145
2.391	 0.3725740567909115
2.392	 0.3726313466514116
2.393	 0.3729913537919232
2.394	 0.3736656900215574
2.395	 0.3740592988425155
2.396	 0.37415576346341645
2.397	 0.3745682560926579
2.398	 0.3753169360985108
2.399	 0.37575296133917196
2.4	 0.37585266679721513
2.401	 0.37629059064508535
2.402	 0.3770884847231915
2.403	 0.3775601757209587
2.404	 0.37769846907159355
2.405	 0.378209687451686
2.406	 0.37910271416048763
2.407	 0.37964521306226373
2.408	 0.3798223085325843
2.409	 0.38038205818717813
2.41	 0.381340246353969
2.411	 0.38192865327396547
2.412	 0.3821311372174422
2.413	 0.38273909643356163
2.414	 0.3837713450698164
2.415	 0.38442704052202203
2.416	 0.3846913447139809
2.417	 0.3853763896408204
2.418	 0.3864958049115418
2.419	 0.38721076155620904
2.42	 0.38751202084971426
2.421	 0.38826424511994595
2.422	 0.38947203679073844
2.423	 0.3902581340622052
2.424	 0.3906119070532558
2.425	 0.39143103093984627
2.426	 0.3927308304208722
2.427	 0.39359048389249796
2.428	 0.3940018986411287
2.429	 0.39488216964243783
2.43	 0.3962359238549745
2.431	 0.3971223976699012
2.432	 0.39753136841023173
2.433	 0.3984152352337044
2.434	 0.39978165896004003
2.435	 0.4006666975584787
2.436	 0.40106508875608016
2.437	 0.4019461528583703
2.438	 0.4033124999030803
2.439	 0.40419162858136876
2.44	 0.4045792493712891
2.441	 0.4054541820016228
2.442	 0.4068212081030236
2.443	 0.4076947876043407
2.444	 0.40807145883114093
2.445	 0.4089407797869066
2.446	 0.410307163854892
2.447	 0.4111757591783995
2.448	 0.41154130762056074
2.449	 0.4124059063014466
2.45	 0.41377537673753134
2.451	 0.4146385185422443
2.452	 0.415499834624175
2.453	 0.4158512296009052
2.454	 0.417216647173034
2.455	 0.4180733456289469
2.456	 0.4189280452049134
2.457	 0.41926795393099464
2.458	 0.4206306076316876
2.459	 0.4214759052896535
2.46	 0.4223176721047763
2.461	 0.4226459933511673
2.462	 0.4239915270760347
2.463	 0.4248234984542196
2.464	 0.42565270268807376
2.465	 0.4259693994239213
2.466	 0.4272993914547302
2.467	 0.4281165779886656
2.468	 0.4289302531891283
2.469	 0.42923530963691015
2.47	 0.43054306221986144
2.471	 0.4313425685015574
2.472	 0.43213761536875933
2.473	 0.4324310734070599
2.474	 0.4337170281790411
2.475	 0.4345019829903067
2.476	 0.4352832938491969
2.477	 0.4355651772850757
2.478	 0.4368335281764582
2.479	 0.4376025106273784
2.48	 0.4383669109071083
2.481	 0.4386372565982621
2.482	 0.4398844029703634
2.483	 0.44063774819274576
2.484	 0.4413875456235872
2.485	 0.4416464054214699
2.486	 0.44287303076314816
2.487	 0.44360859769742145
2.488	 0.4443394832570151
2.489	 0.44458694264666415
2.49	 0.44579047233947255
2.491	 0.4465110355514351
2.492	 0.4472272656566263
2.493	 0.4474634043302773
2.494	 0.4486455830063934
2.495	 0.4493468109307749
2.496	 0.45004273377135884
2.497	 0.4502676751925963
2.498	 0.45141899220886744
2.499	 0.45209978035513093
2.5	 0.0
