2.501	 1.0
2.503	 0.4673913343875765
2.504	 0.4692040296269136
2.505	 0.46936836111601987
2.506	 0.46935922566136373
2.507	 0.4683733717942941
2.509	 0.46820858886924926
2.51	 0.46855929004581887
2.511	 0.4686231412552112
2.512	 0.46876259570184003
2.514	 0.46784116894268274
2.515	 0.46742897158383734
2.516	 0.46771827700803076
2.517	 0.4671724525979996
2.518	 0.4674685861836854
2.52	 0.4665020862008994
2.521	 0.46668414320861684
2.522	 0.46602585962334137
2.523	 0.46481232457499055
2.525	 0.4647920338048945
2.526	 0.4639801204266172
2.527	 0.4630671630212976
2.528	 0.46277672698245426
2.529	 0.4617659389018201
2.531	 0.4601870066041901
2.532	 0.4598573506083093
2.533	 0.45889511851617276
2.534	 0.45784234682155533
2.536	 0.45676097459238924
2.537	 0.4557536814715539
2.538	 0.4553884231343589
2.539	 0.453772136135998
2.541	 0.45347150563273125
2.542	 0.452444386085089
2.543	 0.45137700781819906
2.544	 0.45101259551020134
2.546	 0.4492487060415132
2.547	 0.4481511916573185
2.548	 0.4476947514536521
2.549	 0.44656939930793293
2.551	 0.4447454253451731
2.552	 0.44348823236908946
2.553	 0.44298865524422437
2.554	 0.4424417269425592
2.556	 0.4407095620634228
2.557	 0.4400812579634699
2.558	 0.43888086734110565
2.559	 0.43763983731001616
2.561	 0.43642172174788774
2.562	 0.43517837013493027
2.563	 0.4339316587680319
2.564	 0.4326428646147693
2.566	 0.43197800761795985
2.567	 0.4301386283204196
2.568	 0.4288682214909143
2.57	 0.4281461505407549
2.571	 0.4262791157187198
2.572	 0.42549206906341264
2.573	 0.42474243812455503
2.575	 0.4228958917212133
2.576	 0.4216103958931109
2.577	 0.42074794238630797
2.579	 0.41894181708832623
2.58	 0.41770854780779815
2.581	 0.4170045321530712
2.582	 0.4163206437063958
2.584	 0.4144524919375452
2.585	 0.41359645402967243
2.586	 0.4122184503744854
2.588	 0.41053289122833825
2.589	 0.4099026121006762
2.59	 0.40871573530977845
2.591	 0.40748650027154165
2.593	 0.4062941600077622
2.594	 0.40554913421261846
2.595	 0.40377926539461373
2.597	 0.40303135420209807
2.598	 0.4017330077055289
2.599	 0.40037125390633266
2.6	 0.3990005760470822
2.602	 0.3976923911896115
2.603	 0.3963972064032113
2.604	 0.39513619623734914
2.606	 0.39429112160265306
2.607	 0.39256287497994613
2.608	 0.3917078273496797
2.61	 0.3903860580772438
2.611	 0.3891172162088725
2.612	 0.38794951755616885
2.614	 0.3872580889656535
2.615	 0.38571546161526876
2.616	 0.38498649146622166
2.618	 0.38385503207439653
2.619	 0.38277648492773797
2.62	 0.38168334307270807
2.622	 0.3805380435731595
2.623	 0.37944955556869286
2.624	 0.37837524199399286
2.626	 0.3776815919665996
2.627	 0.37657378410156184
2.628	 0.3754969183177225
2.63	 0.3744819287146893
2.631	 0.37342004382698657
2.632	 0.3723242645300563
2.634	 0.37164439411197264
2.635	 0.37061550397888005
2.636	 0.36964852209426896
2.638	 0.36870622238999734
2.639	 0.36781735889377065
2.64	 0.366945645441002
2.642	 0.36606756238530513
2.643	 0.36546816982205316
2.644	 0.3644036739818543
2.646	 0.36393962807400454
2.647	 0.363157125398362
2.648	 0.3623802005994049
2.65	 0.36164059251864983
2.651	 0.3611841719237583
2.652	 0.3601751268001086
2.654	 0.35968071347684294
2.655	 0.3590112915096748
2.656	 0.3583864373160746
2.658	 0.35779615672349685
2.659	 0.35738471522381127
2.661	 0.35642771672098783
2.662	 0.355930683982942
2.663	 0.3551259381581347
2.665	 0.35440549168437424
2.666	 0.3537558923243503
2.667	 0.35328102186769866
2.669	 0.3528169907923979
2.67	 0.35233190252790825
2.672	 0.35162684673447886
2.673	 0.3513267969889648
2.674	 0.3509186925110929
2.676	 0.35052370672423444
2.677	 0.35031580111642885
2.678	 0.35007802978302943
2.68	 0.34972372015515363
2.681	 0.34945439423191876
2.683	 0.34936141191920883
2.684	 0.3492385173269973
2.685	 0.3491847872574135
2.687	 0.3491059254341781
2.688	 0.3490309202302278
2.69	 0.34896674131131195
2.691	 0.34879885872605676
2.692	 0.3486651510472285
2.694	 0.3487445120327819
2.695	 0.34868251287341384
2.697	 0.3486636738314115
2.698	 0.34888087139504137
2.699	 0.34915550770848786
2.701	 0.349564565387345
2.702	 0.3498752802023145
2.704	 0.35035478879567816
2.705	 0.350739806481419
2.706	 0.35118941676364235
2.708	 0.3516997612043625
2.709	 0.35223695287483525
2.711	 0.3528293290162917
2.712	 0.35365629554196665
2.713	 0.35405958791631525
2.715	 0.35459680359455015
2.716	 0.35524866657017795
2.718	 0.35603755017815175
2.719	 0.35655494834836343
2.721	 0.35739481503821974
2.722	 0.3581193667007876
2.723	 0.35866424282779286
2.725	 0.35950938021103684
2.726	 0.3603225467959222
2.728	 0.361418552774583
2.729	 0.36222503809251266
2.731	 0.36276915047949826
2.732	 0.3638122239650663
2.733	 0.364573305008065
2.735	 0.3654422968925325
2.736	 0.36632007581682696
2.738	 0.367371954067949
2.739	 0.36778438065621666
2.741	 0.3689163071880674
2.742	 0.3698570649335812
2.744	 0.37112690219312333
2.745	 0.3719032343098389
2.747	 0.3728723028613318
2.748	 0.3740567341716687
2.749	 0.3750148441770812
2.751	 0.37552693406996335
2.752	 0.3766826415142217
2.754	 0.3785363808606644
2.755	 0.37888412986361136
2.757	 0.3802709790675028
2.758	 0.3812767967163107
2.76	 0.3821738955778286
2.761	 0.38227898592274273
2.763	 0.3834392218504525
2.764	 0.3840312866775326
2.766	 0.3854085124661581
2.767	 0.3856204816666675
2.768	 0.38664319598974456
2.77	 0.38835245477112607
2.771	 0.38881669870661756
2.773	 0.390054093994593
2.774	 0.3905193926201737
2.776	 0.39231571603614873
2.777	 0.3944117097208716
2.779	 0.3943918063266827
2.78	 0.3953517907094096
2.782	 0.3975025671722186
2.783	 0.39777055340978557
2.785	 0.39950308945763174
2.786	 0.40068706444317187
2.788	 0.40121988588006385
2.789	 0.40313500442265165
2.791	 0.4042800154766839
2.792	 0.4053808591369355
2.794	 0.4075039542968314
2.795	 0.4081722956389361
2.797	 0.41112100651810946
2.798	 0.41245097475208653
2.8	 0.4142611844360019
2.801	 0.4161023279985058
2.803	 0.4174674101897217
2.804	 0.41912055489116534
2.806	 0.42169633564629616
2.807	 0.42212007646651495
2.809	 0.42464718024433556
2.811	 0.42609429127773085
2.812	 0.42744411516562875
2.814	 0.4297745293389389
2.815	 0.4302448323266397
2.817	 0.4328546442278961
2.818	 0.4341190092576688
2.82	 0.43537512758829516
2.821	 0.4370447540984028
2.823	 0.4387462831207968
2.824	 0.440107858866673
2.826	 0.44284617122864445
2.827	 0.4442515827337749
2.829	 0.44574246833901293
2.83	 0.44699757161566567
2.832	 0.44855693807231484
2.834	 0.4517694387902014
2.835	 0.4530984305792008
2.837	 0.4545236739029507
2.838	 0.45552880460732087
2.84	 0.4567260766999047
2.841	 0.45818401402270204
2.843	 0.4603748400977876
2.844	 0.46114610478154117
2.846	 0.4634078202222313
2.848	 0.4649305717872511
2.849	 0.4658995938044516
2.851	 0.4678411661053986
2.852	 0.4682312047983754
2.854	 0.47038864206668995
2.855	 0.47149915225280936
2.857	 0.4717525501140819
2.859	 0.4736932208088273
2.86	 0.4752073714575445
2.862	 0.47921611557230237
2.863	 0.4805877438601008
2.865	 0.4818538289903038
2.866	 0.482675016458781
2.868	 0.4834890880565038
2.87	 0.48483494811445577
2.871	 0.4850184096285727
2.873	 0.4867760743997467
2.874	 0.48761339008898213
2.876	 0.4877175853479809
2.878	 0.48978362215128834
2.879	 0.4897633468955452
2.881	 0.49039839038099914
2.882	 0.4909512196252503
2.884	 0.4915223431961263
2.886	 0.49283410740076217
2.887	 0.4934787123883246
2.889	 0.49407814069862865
2.89	 0.49475215823796703
2.892	 0.495679847322932
2.894	 0.4970049050913823
2.895	 0.49772373839821105
2.897	 0.4978791354133779
2.898	 0.49867361290135304
2.9	 0.49911902321587404
2.902	 0.49981267369462146
2.903	 0.5000496855775033
2.905	 0.5003626391083688
2.907	 0.5010323247713555
2.908	 0.5011468452046925
2.91	 0.5017604891859042
2.912	 0.5020610897341381
2.913	 0.5022748172354992
2.915	 0.5026916413344666
2.916	 0.5028300207270581
2.918	 0.5029646228448159
2.92	 0.5031925899498604
2.921	 0.5034936378113813
2.923	 0.5042503176011818
2.925	 0.5046886137984983
2.926	 0.5050026723588326
2.928	 0.5048720970535356
2.93	 0.5047863526544134
2.931	 0.5049484747303354
2.933	 0.5052346937314667
2.935	 0.5055280009550784
2.936	 0.5054931469899537
2.938	 0.5058093509480078
2.94	 0.5055427210406411
2.941	 0.5056337114293529
2.943	 0.5050319915820959
2.945	 0.5050057054768794
2.946	 0.5052080377845022
2.948	 0.5054794097758624
2.95	 0.5065277823005753
2.951	 0.5066384562669131
2.953	 0.5063604576718905
2.955	 0.5062908567532235
2.956	 0.5063722802731161
2.958	 0.5064390722642491
2.96	 0.5071495876277077
2.961	 0.5082970584164362
2.963	 0.5101060316082662
2.965	 0.5120595832024385
2.966	 0.5133126268969084
2.968	 0.51382279180657
2.97	 0.5129732155887101
2.972	 0.5135261926729536
2.973	 0.514863004057237
2.975	 0.5137820473371323
2.977	 0.5127687099469468
2.978	 0.5127390102616274
2.98	 0.5140635832437858
2.982	 0.5150331277210395
2.984	 0.5156912251264691
2.985	 0.5161779399376851
2.987	 0.5156968013710443
2.989	 0.5155784922677025
2.99	 0.5153897905405497
2.992	 0.5153855791009994
2.994	 0.5150643051557262
2.996	 0.514524944851789
2.997	 0.5137134170302441
2.999	 0.5128080532959541
3.001	 0.5119046724062387
3.003	 0.5107221228330333
3.004	 0.5103229853073272
3.006	 0.5098594822557795
3.008	 0.5094317403259192
3.01	 0.5091544561624954
3.011	 0.5092702160416371
3.013	 0.5090688387224874
3.015	 0.5084664341320054
3.017	 0.5081781682665277
3.018	 0.50822690368657
3.02	 0.5081930305156558
3.022	 0.5075598218972005
3.024	 0.5069754263248146
3.025	 0.5065877475675954
3.027	 0.5060410547454915
3.029	 0.5058544543007354
3.031	 0.5055635936171535
3.032	 0.5049172337325033
3.034	 0.5039394795584359
3.036	 0.5031365180269992
3.038	 0.5031764768856721
3.04	 0.5036835880134797
3.041	 0.5033957402121202
3.043	 0.502253193577196
3.045	 0.5015572817853154
3.047	 0.5007395965723078
3.048	 0.5006930723123887
3.05	 0.5009518658638377
3.052	 0.5005039415765312
3.054	 0.5003754290615406
3.056	 0.5009368209658885
3.057	 0.5018342303351019
3.059	 0.5009706979689112
3.061	 0.49768763046304715
3.063	 0.49572809846192034
3.065	 0.49567652811430113
3.066	 0.4961936321630669
3.068	 0.4968920993303816
3.07	 0.4975094390170675
3.072	 0.49788353375791045
3.074	 0.49794736454252286
3.076	 0.49789781050331194
3.077	 0.49803513771247293
3.079	 0.4980959658318844
3.081	 0.4980781276058887
3.083	 0.49809906257581693
3.085	 0.4978937584659253
3.087	 0.49755892727356466
3.088	 0.4974771150805659
3.09	 0.497623343812484
3.092	 0.4971040129180529
3.094	 0.4970295223296035
3.096	 0.49670385505456954
3.098	 0.4965773808831145
3.099	 0.49647608107952373
3.101	 0.4963732244370343
3.103	 0.49624231357993864
3.105	 0.4962965824778902
3.107	 0.4958338063617657
3.109	 0.4954805368129327
3.111	 0.4950331353211092
3.112	 0.4947801774832523
3.114	 0.49467673951930924
3.116	 0.4947361770246462
3.118	 0.49506314091748266
3.12	 0.4945566720148423
3.122	 0.49392880033977093
3.124	 0.49308834163241944
3.126	 0.49257449280864535
3.127	 0.4924442533524824
3.129	 0.49265330073456115
3.131	 0.4927359229182108
3.133	 0.49243148275251786
3.135	 0.49226129893154535
3.137	 0.4920812896604985
3.139	 0.49240642421969766
3.141	 0.4932194893894477
3.143	 0.4938945733715732
3.145	 0.4938913260493273
3.146	 0.4933758679738605
3.148	 0.4921583662194184
3.15	 0.4914356819393584
3.152	 0.4907000708738569
3.154	 0.4912124646560617
3.156	 0.49101743163388417
3.158	 0.4913559531272704
3.16	 0.4904063090874882
3.162	 0.4886038549456087
3.164	 0.48573299332547354
3.166	 0.48330864418492114
3.168	 0.48211420287591034
3.17	 0.48281249463993237
3.171	 0.483963205740336
3.173	 0.48281189150592174
3.175	 0.4833065345140335
3.177	 0.48479192975402785
3.179	 0.4839204234515497
3.181	 0.48255549421825966
3.183	 0.4818934050340229
3.185	 0.4806627877740515
3.187	 0.4810614919225354
3.189	 0.4804555607295917
3.191	 0.480514554892513
3.193	 0.4800961565292756
3.195	 0.479492077082965
3.197	 0.47956825560397337
3.199	 0.479048203575264
3.201	 0.4794422482988347
3.203	 0.4790120799048071
3.205	 0.4789424272311964
3.207	 0.4790806522822837
3.209	 0.4782696389732045
3.211	 0.4778635649756906
3.213	 0.47742029431257893
3.215	 0.47712452957187984
3.217	 0.4771259705640519
3.219	 0.4767978719320234
3.221	 0.4770866642004238
3.223	 0.47706766362108843
3.225	 0.47935790984776155
3.227	 0.47928267917134837
3.229	 0.4828537435120963
3.231	 0.48282887039197275
3.233	 0.4850619975459773
3.235	 0.4871487581962772
3.237	 0.48867241566070896
3.239	 0.4883679742314015
3.241	 0.49069508311346066
3.243	 0.490694137482277
3.245	 0.4930800125493906
3.247	 0.49325947131650366
3.249	 0.494321785972956
3.251	 0.49506590914095383
3.253	 0.4962981103974416
3.255	 0.49616881931177853
3.257	 0.49704962784024614
3.259	 0.49688258327497437
3.261	 0.5003142353112737
3.263	 0.5001624162106579
3.265	 0.5005308987382736
3.267	 0.500673572682245
3.269	 0.5006848755981722
3.272	 0.5006246350562755
3.274	 0.5007652065025155
3.276	 0.5012621842143231
3.278	 0.5015075393515761
3.28	 0.5020259466260555
3.282	 0.5024200899600798
3.284	 0.5027776308131846
3.286	 0.5032578333584239
3.288	 0.5036538139403665
3.29	 0.5036686929761436
3.292	 0.5038972852401209
3.294	 0.5041096808782091
3.296	 0.5040990854439341
3.299	 0.5041467645409738
3.301	 0.5040703005890262
3.303	 0.5041680811441128
3.305	 0.5043309682236222
3.307	 0.5050950641105985
3.309	 0.5067564213268774
3.311	 0.5069132355472261
3.313	 0.5106406763576238
3.315	 0.510885056818713
3.318	 0.513326346926956
3.32	 0.5137239886886739
3.322	 0.5155713258971267
3.324	 0.5165292212952076
3.326	 0.5180201901376965
3.328	 0.5190092463884685
3.33	 0.5198615201312861
3.333	 0.5209179239626024
3.335	 0.5214332771182659
3.337	 0.5228898286078628
3.339	 0.5228838832626365
3.341	 0.5232576261889773
3.343	 0.5239284534290222
3.345	 0.5249472694372533
3.348	 0.5262539807666236
3.35	 0.5280750824945233
3.352	 0.5288026218437881
3.354	 0.5298366706791546
3.356	 0.5307764950184363
3.358	 0.531857420456652
3.361	 0.533403348809989
3.363	 0.5351709056697822
3.365	 0.5377019148269626
3.367	 0.539547490605688
3.369	 0.5406814500522091
3.372	 0.5406747136298441
3.374	 0.5416422693638943
3.376	 0.5422604981110848
3.378	 0.5431022395774581
3.38	 0.5445831129231625
3.383	 0.546293799751452
3.385	 0.5478665893339115
3.387	 0.5491276251716406
3.389	 0.5505587226920863
3.391	 0.5519722340187875
3.394	 0.5534103275039994
3.396	 0.5551442348694355
3.398	 0.5564689021820111
3.4	 0.558060572186541
3.402	 0.5596470078989213
3.405	 0.5611873739892894
3.407	 0.562835796428977
3.409	 0.5641418233732505
3.411	 0.5659524845624194
3.414	 0.5669600005879353
3.416	 0.5679675291897244
3.418	 0.568630194769564
3.42	 0.5689893470111054
3.423	 0.5689126543372149
3.425	 0.567593104001661
3.427	 0.565883539768912
3.429	 0.5634240497871867
3.432	 0.560808178038538
3.434	 0.5583021597688171
3.436	 0.5562167398986149
3.439	 0.5544049121968372
3.441	 0.5529891103987981
3.443	 0.5518791791226257
3.445	 0.5508214282859131
3.448	 0.5494896929411727
3.45	 0.5482360107691637
3.452	 0.5471811044603347
3.455	 0.5458348426143755
3.457	 0.544604602516358
3.459	 0.5438075994256476
3.462	 0.5435193921281974
3.464	 0.5432749193695958
3.466	 0.5425325629859267
3.468	 0.5419532645437328
3.471	 0.5415485368223815
3.473	 0.5412526608498124
3.475	 0.5409576795089464
3.478	 0.5404530651642784
3.48	 0.5404203807967721
3.482	 0.540559293005999
3.485	 0.5407483762972453
3.487	 0.5408951370641643
3.489	 0.541210386443235
3.492	 0.5415068479841006
3.494	 0.5418736541624992
3.497	 0.5423815610811443
3.499	 0.5429331021330036
3.501	 0.5436145443250936
3.504	 0.5439631435004553
3.506	 0.5437523790343758
3.508	 0.542631649329166
3.511	 0.5403198844814032
3.513	 0.5376060385559958
3.516	 0.5347149286668655
3.518	 0.5326479325210881
3.52	 0.5304982556175618
3.523	 0.5289685790652454
3.525	 0.5276760545036407
3.527	 0.5263684197365269
3.53	 0.5250265854111952
3.532	 0.523761118841238
3.535	 0.522356792650097
3.537	 0.5218930909103355
3.54	 0.5207760373607871
3.542	 0.5199960215301527
3.544	 0.5190298860576276
3.547	 0.5180146527192812
3.549	 0.517076473715953
3.552	 0.5155320747939512
3.554	 0.5151157045937866
3.557	 0.5134842862312734
3.559	 0.5124045168637137
3.561	 0.5121597810796621
3.564	 0.5105192467470424
3.566	 0.5096159606405828
3.569	 0.5089892493872857
3.571	 0.508074575716324
3.574	 0.5071118015935563
3.576	 0.5056417288475256
3.579	 0.5052237433177827
3.581	 0.5043781702289025
3.584	 0.5033575601283976
3.586	 0.5022650171836246
3.589	 0.5004844166122265
3.591	 0.4996842502659848
3.593	 0.4999147124282812
3.596	 0.4982769079043556
3.598	 0.4984890403075684
3.601	 0.49670358509792323
3.603	 0.49586175714602115
3.606	 0.49519749673427615
3.608	 0.49446616476940103
3.611	 0.49291800468570357
3.614	 0.49318347260078726
3.616	 0.4920246751562156
3.619	 0.4918618516452821
3.621	 0.49174508523487925
3.624	 0.49222850630361686
3.626	 0.4926637667875182
3.629	 0.49449980367159935
3.631	 0.4947677351697034
3.634	 0.4958959103582491
3.636	 0.4974686277646134
3.639	 0.4977450034661981
3.641	 0.4986499655961959
3.644	 0.49933186088859033
3.647	 0.499727432052264
3.649	 0.5004285352497436
3.652	 0.5015498652865907
3.654	 0.5016197544703813
3.657	 0.5026014507379268
3.659	 0.5029976807949087
3.662	 0.5034458882222106
3.665	 0.5039417771335586
3.667	 0.50430174339577
3.67	 0.5047040317080255
3.672	 0.5049840352810984
3.675	 0.505176978652115
3.678	 0.5053228714581146
3.68	 0.5049877381618697
3.683	 0.5047818452959763
3.685	 0.5045964617995127
3.688	 0.5044322428712893
3.691	 0.5041583881316001
3.693	 0.503999623776028
3.696	 0.5039257962358025
3.699	 0.5036165362684174
3.701	 0.5028713546718991
3.704	 0.5028800446166372
3.706	 0.5031537322584928
3.709	 0.5038827745463812
3.712	 0.5052261911536213
3.714	 0.5064861966092913
3.717	 0.5078436700821185
3.72	 0.5094327079444618
3.722	 0.5096295693766979
3.725	 0.5108350454560073
3.728	 0.5115232276268319
3.73	 0.5120915088348863
3.733	 0.512629293883478
3.736	 0.5129237011940565
3.739	 0.5129745931815763
3.741	 0.5130336409884685
3.744	 0.5133928677281836
3.747	 0.5136977757250362
3.749	 0.5145435917771402
3.752	 0.5148180066441025
3.755	 0.5151847887290915
3.758	 0.5154108089039102
3.76	 0.5156777127009311
3.763	 0.5159541968045749
3.766	 0.5161548297065918
3.768	 0.5161463890086566
3.771	 0.5163863441049309
3.774	 0.5166605934793647
3.777	 0.516735832896173
3.779	 0.5167083260073022
3.782	 0.5168704356676371
3.785	 0.5172529417391104
3.788	 0.5174155305045411
3.79	 0.5175199762158903
3.793	 0.5175157118435335
3.796	 0.5177693174702027
3.799	 0.517736484140892
3.802	 0.5177546147566752
3.804	 0.5177002893135372
3.807	 0.5176667405424693
3.81	 0.5177551357403487
3.813	 0.5178662820207218
3.816	 0.5178239547747898
3.818	 0.5178070729588623
3.821	 0.5176593881738484
3.824	 0.5175666493070107
3.827	 0.5175901358141429
3.83	 0.5176347238240591
3.833	 0.5177840817587287
3.835	 0.5178965623145227
3.838	 0.5181474910574357
3.841	 0.5180531181571012
3.844	 0.5179231099258237
3.847	 0.5176155378453757
3.85	 0.517367181041766
3.852	 0.5172160204017812
3.855	 0.5170573362029949
3.858	 0.5169435395478731
3.861	 0.5168695163696172
3.864	 0.5166124778248502
3.867	 0.5163805399462398
3.87	 0.5163282353620224
3.873	 0.5163056715569945
3.875	 0.5162914716946236
3.878	 0.5161619439821458
3.881	 0.5160486028769934
3.884	 0.5159914576357152
3.887	 0.515918130814323
3.89	 0.5158074155399435
3.893	 0.5156698299300969
3.896	 0.5154962233729741
3.899	 0.5151142612977531
3.902	 0.514813865692135
3.905	 0.5145378682459638
3.908	 0.5145641672969685
3.911	 0.5145506106408682
3.914	 0.5144038372752944
3.916	 0.5144720196578095
3.919	 0.5144055188376596
3.922	 0.5141457219144296
3.925	 0.5140729842489751
3.928	 0.5138371814876884
3.931	 0.5134515617491184
3.934	 0.5133768673269113
3.937	 0.5133365382600297
3.94	 0.5134102146281826
3.943	 0.5134387780541511
3.946	 0.513418281874243
3.949	 0.5131688458017517
3.952	 0.5126905170022998
3.955	 0.5125963508398845
3.958	 0.5124051109745846
3.961	 0.5121224532281196
3.964	 0.5118643263285315
3.967	 0.5117711381470108
3.97	 0.5115932716368125
3.973	 0.5113242868780965
3.977	 0.5110817702673796
3.98	 0.5108310773228273
3.983	 0.5105365963453655
3.986	 0.510188021189821
3.989	 0.5100031215450862
3.992	 0.5096750041482119
3.995	 0.5093030393687974
3.998	 0.5089688699322398
4.001	 0.5088766212803539
4.004	 0.5089027881371297
4.007	 0.5088323857548069
4.01	 0.5085271866315061
4.013	 0.5082260309178231
4.017	 0.5079547611614955
4.02	 0.5080495654605961
4.023	 0.508071871463707
4.026	 0.5083059427517047
4.029	 0.5082945652442588
4.032	 0.5079017952874985
4.035	 0.5072225213536576
4.038	 0.50711271183606
4.042	 0.5073847208825836
4.045	 0.5073476470804534
4.048	 0.5072893690861648
4.051	 0.5073928417312242
4.054	 0.5073405324433995
4.057	 0.5072500622911863
4.061	 0.506973795484826
4.064	 0.5066875297080399
4.067	 0.506358978163632
4.07	 0.5060306601593689
4.073	 0.5057850832124192
4.077	 0.5055889050236992
4.08	 0.5054442557716391
4.083	 0.5052615113181593
4.086	 0.5050695171581834
4.089	 0.5050131239409854
4.093	 0.504754033627465
4.096	 0.5046456004204635
4.099	 0.5044812019981093
4.102	 0.5043140314454967
4.106	 0.5039477233975539
4.109	 0.5035304315246903
4.112	 0.5031669302920136
4.115	 0.5027155813257289
4.119	 0.5022226881549949
4.122	 0.5017583449436156
4.125	 0.5015092729670395
4.128	 0.5012404922424113
4.132	 0.5008539723537156
4.135	 0.5005193782294429
4.138	 0.5002085952977868
4.142	 0.49975992268045427
4.145	 0.4992464941136016
4.148	 0.49876531469005203
4.152	 0.49825600685255483
4.155	 0.49794164121210244
4.158	 0.4976396918460603
4.162	 0.4973678220365292
4.165	 0.49734067120535047
4.168	 0.49714263602503606
4.172	 0.49693147407721944
4.175	 0.4966015745110768
4.178	 0.49620595145135554
4.182	 0.49583490736073477
4.185	 0.49553117047149714
4.189	 0.49518879097613544
4.192	 0.49492903450345055
4.195	 0.4946482110498094
4.199	 0.49421435452391155
4.202	 0.49380680457719894
4.206	 0.4927232154859524
4.209	 0.4925349614836662
4.212	 0.49210859759680164
4.216	 0.4915428611203474
4.219	 0.49069803244793625
4.223	 0.4894502538478397
4.226	 0.4885206198631592
4.23	 0.48806806092879534
4.233	 0.4878577381605971
4.236	 0.48750672697758446
4.24	 0.4864103651513826
4.243	 0.48531222282529546
4.247	 0.485044044079886
4.25	 0.48440042498200786
4.254	 0.483665331596054
4.257	 0.4829600390885056
4.261	 0.4823318823787303
4.264	 0.48182901908566744
4.268	 0.4813992266499293
4.271	 0.4808415290238042
4.275	 0.4802580716612623
4.278	 0.47991299966039946
4.282	 0.47951453580568076
4.285	 0.4790938972798794
4.289	 0.4784708934199882
4.293	 0.47773527113291897
4.296	 0.47715503778987617
4.3	 0.47669780574306764
4.303	 0.47635878593461994
4.307	 0.4760559692065567
4.31	 0.47560653353318455
4.314	 0.47526060102718853
4.318	 0.4749692071130917
4.321	 0.47493597850234726
4.325	 0.4746620932258888
4.328	 0.47441392182092745
4.332	 0.47419463727652095
4.336	 0.47395476230646905
4.339	 0.4738977874265867
4.343	 0.47391030998299594
4.347	 0.47382966334301235
4.35	 0.47369813332070043
4.354	 0.47362978029468367
4.357	 0.47374321464735736
4.361	 0.47377830869345716
4.365	 0.47364209963347886
4.368	 0.47339701806803225
4.372	 0.47327858788474747
4.376	 0.4732631943406631
4.38	 0.4733696767235519
4.383	 0.473401858444818
4.387	 0.4733978953195491
4.391	 0.4734322548330332
4.394	 0.47341735968482956
4.398	 0.47339471864760757
4.402	 0.4739270620296265
4.406	 0.4740633615924865
4.409	 0.4746233097853713
4.413	 0.474783116607093
4.417	 0.4752743298328141
4.421	 0.47614687269276734
4.424	 0.4769850433689317
4.428	 0.47744501327095695
4.432	 0.47745657855797363
4.436	 0.4780222371755769
4.44	 0.47851493181349686
4.443	 0.4783774716506407
4.447	 0.47859172390346005
4.451	 0.4790538515624255
4.455	 0.4792602043695257
4.459	 0.4795603025006083
4.462	 0.47996846574943286
4.466	 0.4802682436621497
4.47	 0.4806645553470299
4.474	 0.4810259948425805
4.478	 0.48149909256261847
4.482	 0.48157020534406847
4.486	 0.48185783516851705
4.49	 0.48235037563697386
4.493	 0.4828090827150395
4.497	 0.4832633102044643
4.501	 0.4834962655397975
4.505	 0.4838103172172069
4.509	 0.4841363615666835
4.513	 0.4844805139162619
4.517	 0.48487796507436115
4.521	 0.4856192759574135
4.525	 0.48584019246381577
4.529	 0.4858936065492814
4.533	 0.48601428637351635
4.537	 0.48612523340296915
4.541	 0.48616997345143675
4.545	 0.48628604491416505
4.549	 0.48653579452604684
4.553	 0.4868824433571451
4.557	 0.48690607348895937
4.561	 0.4870422050873237
4.565	 0.4872330534242194
4.569	 0.487651616353848
4.573	 0.4880271781700321
4.577	 0.48821163093631226
4.581	 0.4885069725708045
4.585	 0.4889268396462103
4.589	 0.4893966014944532
4.593	 0.4899129878259897
4.597	 0.49024897191327443
4.601	 0.49045332697860095
4.605	 0.4903719707923836
4.609	 0.4906269005062881
4.613	 0.49072171498743167
4.617	 0.4903231228004866
4.622	 0.4898480886544994
4.626	 0.48968561447496467
4.63	 0.4898219721302224
4.634	 0.4901335547491625
4.638	 0.49057910061044574
4.642	 0.49110621737769145
4.646	 0.4916317044232061
4.651	 0.4924155932574099
4.655	 0.4928630796549398
4.659	 0.4932289670877201
4.663	 0.4934623394879803
4.667	 0.4935893583933067
4.672	 0.49375412268704516
4.676	 0.4942665216224562
4.68	 0.4948030080596893
4.684	 0.4950337893073193
4.688	 0.4951239826023347
4.693	 0.49530989353615057
4.697	 0.4955613213223357
4.701	 0.4956073565610284
4.705	 0.49601752725956777
4.71	 0.49631639678936895
4.714	 0.49662010226179854
4.718	 0.4967561563826731
4.723	 0.4970041596639745
4.727	 0.49754356399926286
4.731	 0.498023120189965
4.736	 0.49839469885485727
4.74	 0.498857357698152
4.744	 0.49927791577609615
4.749	 0.4997088993623511
4.753	 0.5001286911749093
4.757	 0.5005153233623626
4.762	 0.5011220656607144
4.766	 0.5013013369869512
4.77	 0.5011870425369059
4.775	 0.50120398059854
4.779	 0.5012752128207654
4.784	 0.5010404166686195
4.788	 0.5007371128116399
4.792	 0.5003530984531044
4.797	 0.5002537199669
4.801	 0.5007660111455162
4.806	 0.501242087936507
4.81	 0.5012789384921138
4.815	 0.5017268438570258
4.819	 0.5022491815010457
4.824	 0.5027405942662353
4.828	 0.5030060868650154
4.833	 0.5031129567638478
4.837	 0.5031999681110445
4.842	 0.5031911957333112
4.846	 0.5030600004214176
4.851	 0.5029799359932842
4.855	 0.5029746181567023
4.86	 0.5031597687956352
4.864	 0.5032449834938688
4.869	 0.5035720167190771
4.873	 0.5036905246991361
4.878	 0.5037540302127773
4.883	 0.5039922255749526
4.887	 0.5044370992921832
4.892	 0.5047680065108733
4.896	 0.505031640323384
4.901	 0.5052619040268344
4.906	 0.5054154223013637
4.91	 0.5054843263361372
4.915	 0.5056099948576237
4.92	 0.5057846213109726
4.924	 0.5057968641845048
4.929	 0.5058138165336299
4.934	 0.5058529660191691
4.938	 0.506110589571924
4.943	 0.5062988791133043
4.948	 0.5064419518516221
4.953	 0.5062846547888299
4.957	 0.5063083434876304
4.962	 0.506336427476156
4.967	 0.506634998691176
4.972	 0.5069959064749219
4.976	 0.5073430173617585
4.981	 0.5078222808208971
4.986	 0.5082886933247975
4.991	 0.508630116961025
4.996	 0.509151075662693
5.0	 0.5090232207986634
5.005	 0.5087962280094299
5.01	 0.5087613018231695
5.015	 0.5088354834900569
5.02	 0.5085898909310171
5.025	 0.5084729801939434
5.029	 0.508467843316104
5.034	 0.5084732876410745
5.039	 0.5085493551392749
5.044	 0.5084915510665048
5.049	 0.5085028789791248
5.054	 0.5086193700275621
5.059	 0.5086366173912702
5.064	 0.5083770603949384
5.069	 0.5082105873335351
5.074	 0.5081920757870295
5.079	 0.5078524284407949
5.084	 0.5074024364679137
5.089	 0.5071354143200183
5.094	 0.5071191825286581
5.099	 0.506997981229025
5.104	 0.5068163690977323
5.109	 0.5066007351945272
5.114	 0.506459277591597
5.119	 0.5062922505047742
5.124	 0.5062049112124717
5.129	 0.5061639134393314
5.134	 0.5055892064741113
5.139	 0.5051333411492956
5.144	 0.5047078612630862
5.149	 0.5043564445861386
5.154	 0.5040123142157864
5.16	 0.5037275949604132
5.165	 0.503302766258508
5.17	 0.5028571929437679
5.175	 0.5024504556678525
5.18	 0.5020095408283547
5.185	 0.5015274439000177
5.191	 0.5008857131757598
5.196	 0.500665788757366
5.201	 0.5004216205377446
5.206	 0.5002127639514384
5.211	 0.49986613522981377
5.217	 0.4996084071158021
5.222	 0.499450398806724
5.227	 0.49922482814586255
5.232	 0.49878884573962845
5.238	 0.49831909837311894
5.243	 0.4977857623083621
5.248	 0.4974570649369794
5.254	 0.49698751237938465
5.259	 0.4963990682680773
5.264	 0.49622934223438364
5.27	 0.4955341170677307
5.275	 0.4950623212309747
5.28	 0.49486167220182325
5.286	 0.49457433825681363
5.291	 0.4938264345076824
5.297	 0.4930713308712974
5.302	 0.4924743813115456
5.307	 0.49199572521858675
5.313	 0.49134241359322384
5.318	 0.49050580825752266
5.324	 0.48936938294284116
5.329	 0.4884546196515992
5.335	 0.4877604432114011
5.34	 0.48751629805395147
5.346	 0.4867766389136904
5.351	 0.48601239000437807
5.357	 0.48520323836435086
5.362	 0.48437229352066746
5.368	 0.4837130732902385
5.373	 0.48278998236705695
5.379	 0.481604844668142
5.385	 0.4805007879312601
5.39	 0.4793298946146049
5.396	 0.47821292544159344
5.401	 0.4769868675448431
5.407	 0.4757603997702934
5.413	 0.4745328058927841
5.418	 0.47415751772062636
5.424	 0.4721164499832278
5.43	 0.4717513024290376
5.435	 0.4705183945498215
5.441	 0.4692037392303342
5.447	 0.4675025628265737
5.453	 0.46573863731771853
5.458	 0.4639873470848372
5.464	 0.4625536371751996
5.47	 0.4609583672440986
5.476	 0.45890365293874197
5.481	 0.45655197669738756
5.487	 0.4543433004162345
5.493	 0.4522335380442691
5.499	 0.45004928254745097
5.505	 0.4475441016342304
5.511	 0.4468732827799652
5.516	 0.4444560356221072
5.522	 0.44176474682758976
5.528	 0.4388172804035014
5.534	 0.4354744090367794
5.54	 0.4324397981097315
5.546	 0.4292587639185176
5.552	 0.4270972685870898
5.558	 0.42644830607753864
5.564	 0.42754669896094855
5.57	 0.43049589652426296
5.576	 0.4352158038577137
5.582	 0.4407492214542699
5.588	 0.4462250132444342
5.594	 0.4512773907546603
5.6	 0.4518625047026209
5.606	 0.45671893852418244
5.612	 0.4611164570646127
5.618	 0.4660175759611487
5.624	 0.46954416717855274
5.63	 0.474165724613048
5.636	 0.47843275672317603
5.642	 0.48308412930239886
5.649	 0.4879086765698853
5.655	 0.4928802678434812
5.661	 0.4977861363266152
5.667	 0.5027385604828677
5.673	 0.5080567090989695
5.68	 0.5138694345856472
5.686	 0.5187117808156674
5.692	 0.524995940622424
5.698	 0.5314032416748738
5.704	 0.5378884837610496
5.711	 0.5461727679998304
5.717	 0.5537079258636387
5.723	 0.561817868534854
5.73	 0.570357886803513
5.736	 0.5790745292168853
5.742	 0.5877554639972343
5.749	 0.5955229233043057
5.755	 0.6012115528494247
5.762	 0.6042091947841434
5.768	 0.60419568873892
5.774	 0.6013463269191645
5.781	 0.5967050215318827
5.787	 0.5912568396643808
5.794	 0.586267682293898
5.8	 0.5827152045859758
5.807	 0.5791354304451531
5.813	 0.5761016004419149
5.82	 0.5732159218396498
5.826	 0.5705602517371825
5.833	 0.5681184699021393
5.839	 0.565758147719898
5.846	 0.5633310595772761
5.853	 0.5609302317541371
5.859	 0.5585271873045187
5.866	 0.5562588336508327
5.872	 0.553675574579433
5.879	 0.5511455303660451
5.886	 0.5461380607588819
5.892	 0.5433817321736082
5.899	 0.5407595330477588
5.906	 0.5380371337316286
5.913	 0.5350035136672205
5.919	 0.5319320262077457
5.926	 0.5288830892133082
5.933	 0.5260170199228537
5.94	 0.5231499051233397
5.947	 0.5205480690731344
5.953	 0.5187962296512963
5.96	 0.5180008497746834
5.967	 0.5184902848824976
5.974	 0.5213622607280037
5.981	 0.5244539012126209
5.988	 0.5274888941818503
5.995	 0.5291689039495
6.002	 0.5312725422130298
6.009	 0.5327732844304643
6.016	 0.5339440772028718
6.023	 0.5350757389070907
6.03	 0.5360016074165699
6.037	 0.5364953124273978
6.044	 0.5366452604302973
6.051	 0.5366802668157185
6.058	 0.5366404799838939
6.065	 0.5363934708525346
6.072	 0.5355198375992353
6.079	 0.5349494695468585
6.086	 0.5337646312387693
6.093	 0.5335344413878416
6.1	 0.5317036322433266
6.108	 0.529626331622325
6.115	 0.5271314949771417
6.122	 0.52410744410938
6.129	 0.5205395193841286
6.137	 0.5162262946010346
6.144	 0.5115165400680284
6.151	 0.5063807473721553
6.158	 0.5011059174371036
6.166	 0.4958813715825458
6.173	 0.49069697599741263
6.18	 0.4856523307359197
6.188	 0.48106318491150807
6.195	 0.47597783182488734
6.203	 0.47193109365274294
6.21	 0.4689862359663942
6.217	 0.46573193012496605
6.225	 0.4628285565928571
6.232	 0.4601463399861386
6.24	 0.4578714195931129
6.247	 0.4555553017479685
6.255	 0.4533130286624056
6.263	 0.4512811817024434
6.27	 0.4496650270470034
6.278	 0.44825866081469457
6.285	 0.4472709286306061
6.293	 0.44611561055231846
6.301	 0.4460580251895589
6.308	 0.4458716910122652
6.316	 0.44627463673030987
6.324	 0.44682450378077704
6.331	 0.4481985995278684
6.339	 0.4499855329750602
6.347	 0.45220564687369796
6.355	 0.454265900095537
6.362	 0.45703279530723334
6.37	 0.45888237669048454
6.378	 0.4606917307487234
6.386	 0.4622189033006676
6.394	 0.4635830888677969
6.402	 0.46487689649070135
6.41	 0.46740727916990504
6.418	 0.4680469649662246
6.426	 0.4685916352829313
6.433	 0.4692807244689735
6.441	 0.4695641951904926
6.449	 0.47036143162858435
6.458	 0.47122168660836966
6.466	 0.4718802219034552
6.474	 0.4725191236981479
6.482	 0.4725736576052295
6.49	 0.47232711608642547
6.498	 0.47219276035513197
6.506	 0.4724815001681803
6.514	 0.4726048178519267
6.523	 0.47232719913036414
6.531	 0.4714848637552256
6.539	 0.4701102048842662
6.547	 0.4687417304961521
6.555	 0.4677250320226682
6.564	 0.4670108858531105
6.572	 0.4667042819078403
6.58	 0.4666678992119861
6.589	 0.46764766856738404
6.597	 0.469017958113629
6.606	 0.47101531316903716
6.614	 0.4720277934854764
6.622	 0.47373131385145123
6.631	 0.4752791189755317
6.639	 0.4775630938049555
6.648	 0.4805273793874707
6.656	 0.4830741287894118
6.665	 0.48509360038130434
6.674	 0.48792670489516116
6.682	 0.4904960628646513
6.691	 0.49260247809709234
6.699	 0.49426426546790025
6.708	 0.4953919783909731
6.717	 0.4976340411769619
6.726	 0.5004230952022163
6.734	 0.5040133335984149
6.743	 0.5072087358185948
6.752	 0.5106666117446338
6.761	 0.5142872411081676
6.769	 0.5180296967078112
6.778	 0.5210506191133435
6.787	 0.5227655298887757
6.796	 0.523148228846737
6.805	 0.5223747970464764
6.814	 0.5219948045808115
6.823	 0.5210820773589431
6.832	 0.5196424732008477
6.841	 0.5165672613888703
6.85	 0.5132730784743038
6.859	 0.5104277492212835
6.868	 0.5086837332790892
6.877	 0.5067348411661702
6.886	 0.5053149500693587
6.895	 0.5044887776914816
6.905	 0.5043495723917937
6.914	 0.5034758191235523
6.923	 0.5020377906444665
6.932	 0.5007242709031574
6.942	 0.4997885972615215
6.951	 0.49910621968607666
6.96	 0.4975780190571263
6.97	 0.4937418620746284
6.979	 0.49219869549975875
6.988	 0.4918746457392289
6.998	 0.49210799895844964
7.007	 0.4928220454140705
7.017	 0.49295328866667737
7.026	 0.49400529932943277
7.036	 0.49562608118190093
7.045	 0.4980072692187508
7.055	 0.49973116706484316
7.065	 0.5012510057645464
7.074	 0.5020126332776119
7.084	 0.5028496062423293
7.094	 0.5024735216972676
7.103	 0.5021462443221931
7.113	 0.5017097360896655
7.123	 0.501640108767876
7.133	 0.5006660570650315
7.142	 0.4985657919073673
7.152	 0.4973301132988128
7.162	 0.49677735114284755
7.172	 0.4969596632513331
7.182	 0.49664298782678157
7.192	 0.4965148847366716
7.202	 0.49572998461974543
7.212	 0.4958585195005814
7.222	 0.4955568379551888
7.232	 0.4951183344625939
7.242	 0.4938824303894297
7.252	 0.49365505575753416
7.262	 0.4935754948094116
7.273	 0.493759458362115
7.283	 0.49344809510774407
7.293	 0.4935181328066072
7.303	 0.49500939416775297
7.314	 0.4959785758187725
7.324	 0.4980691556569963
7.334	 0.5005903704452969
7.345	 0.5038917763637247
7.355	 0.50649618687856
7.366	 0.5095191420942595
7.376	 0.5121640344916184
7.387	 0.5157029308444493
7.397	 0.5192028824003059
7.408	 0.5228391359938447
7.418	 0.5252080021713135
7.429	 0.5271104513025272
7.44	 0.528390509733929
7.45	 0.5302321465992968
7.461	 0.5306782986544472
7.472	 0.5307460855543654
7.483	 0.5300834994493776
7.493	 0.5294898103594678
7.504	 0.5297584818115965
7.515	 0.5275923952666705
7.526	 0.5250199044689363
7.537	 0.5209387047713366
7.548	 0.5167256940358579
7.559	 0.5114224512788853
7.57	 0.5058341280001508
7.581	 0.4986536265914134
7.592	 0.49093150684931514
7.603	 0.482816365446688
7.614	 0.47617086783273044
7.626	 0.4704380242606667
7.637	 0.46711281363602036
7.648	 0.4635748135968741
7.659	 0.4605349417240777
7.671	 0.45793367391612366
7.682	 0.4570121777885935
7.693	 0.4564754685468513
7.705	 0.4551625372648095
7.716	 0.4555874443678872
7.728	 0.456459001360401
7.739	 0.4586783266660465
7.751	 0.4608567677710983
7.763	 0.4642516823389497
7.774	 0.46723026566300396
7.786	 0.47154867253865435
7.798	 0.4756675417611239
7.809	 0.48001760293109275
7.821	 0.4835787497963004
7.833	 0.4864925351349773
7.845	 0.48717681101941024
7.857	 0.4889558694046155
7.869	 0.4906307221647878
7.881	 0.4925096048943114
7.893	 0.4941827004457484
7.905	 0.4956774288329623
7.917	 0.49715533135017126
7.929	 0.4978960704024613
7.941	 0.49810543936840423
7.953	 0.49760332001341057
7.965	 0.498998690015509
7.978	 0.49987887615124077
7.99	 0.501516355703051
8.002	 0.5024521483971918
8.015	 0.5035388675623801
8.027	 0.5029006746854507
8.039	 0.5036852807031098
8.052	 0.5039370078740157
8.064	 0.5050990072928976
8.077	 0.5054947536223375
8.09	 0.5062174346776565
8.102	 0.5057247083468775
8.115	 0.5062461257210098
8.128	 0.5056868022702224
8.14	 0.5062698210321107
8.153	 0.5058607575194058
8.166	 0.5040763309430032
8.179	 0.5016021986726353
8.192	 0.4996885481552469
8.205	 0.4984838860457591
8.218	 0.49848260370865993
8.231	 0.4992596539586739
8.244	 0.4993234653569956
8.257	 0.5003603826453366
8.27	 0.49921543210929376
8.283	 0.49909478658443035
8.297	 0.4987349353515383
8.31	 0.4987047460253732
8.323	 0.497097199099595
8.337	 0.49661163686300275
8.35	 0.4955545658836243
8.364	 0.49760588817038115
8.377	 0.49963755629760787
8.391	 0.5021843720621578
8.404	 0.5032024098250902
8.418	 0.5052370501222275
8.432	 0.5055310295833968
8.445	 0.505530945449943
8.459	 0.5057379742675868
8.473	 0.5070545289191476
8.487	 0.5079599168084703
8.501	 0.5089645814225227
8.515	 0.5111425849794445
8.529	 0.5121648139822521
8.543	 0.5152548299676545
8.557	 0.515514066451942
8.571	 0.5149762615820508
8.585	 0.5130754326184273
8.599	 0.5130906796188582
8.614	 0.511465417920987
8.628	 0.5106778951286466
8.642	 0.5087906607170964
8.657	 0.5095799119362133
8.671	 0.5092337954555104
8.686	 0.5095480702268813
8.7	 0.5077189220477671
8.715	 0.5066981410445559
8.73	 0.5033659891031014
8.744	 0.5017557093065598
8.759	 0.5024854313488819
8.774	 0.5046021760429021
8.789	 0.5058111847609241
8.804	 0.507035040776351
8.819	 0.5080900750625521
8.834	 0.5088509576507113
8.849	 0.5091927124184052
8.864	 0.506830908487901
8.879	 0.5061868070994852
8.894	 0.5055533271552858
8.91	 0.5068164053764518
8.925	 0.5066199865918933
8.94	 0.5075743663114736
8.956	 0.5054214640837351
8.971	 0.5033778583522892
8.987	 0.5003457145227758
9.002	 0.49938589349047097
9.018	 0.49757747276969444
9.034	 0.4970429592311694
9.05	 0.4981130527524817
9.065	 0.5004918704741085
9.081	 0.5019522717343818
9.097	 0.5024976520709414
9.113	 0.5037412568454156
9.129	 0.5054155524943954
9.145	 0.5074021687883074
9.161	 0.5100694631414571
9.178	 0.5116874713542369
9.194	 0.5114567721202792
9.21	 0.5124676504918105
9.227	 0.5119418038502498
9.243	 0.513851880615401
9.26	 0.513198415388372
9.276	 0.512935687217827
9.293	 0.5110044167592618
9.309	 0.5105967591487885
9.326	 0.5083410108318881
9.343	 0.5087119657058841
9.36	 0.5065589760018293
9.377	 0.5064618576330916
9.394	 0.5068048826007149
9.411	 0.5085968769378207
9.428	 0.5088946885800946
9.445	 0.5081582148399816
9.462	 0.5083858174251841
9.48	 0.5083626454599802
9.497	 0.5084026575847246
9.514	 0.509427408261661
9.532	 0.5092449386225251
9.55	 0.5086248633993167
9.567	 0.5096558211598052
9.585	 0.5104255377599517
9.603	 0.5095268796554138
9.62	 0.507828940280208
9.638	 0.5068228332838876
9.656	 0.5040161793484046
9.674	 0.5039535197430723
9.692	 0.5029464340331822
9.71	 0.5032797392573197
9.729	 0.5013172981582309
9.747	 0.500905383962004
9.765	 0.49719188319546875
9.784	 0.49459989272491073
9.802	 0.4907300814612593
9.821	 0.49052571376969734
9.839	 0.49247774949926965
9.858	 0.49329952915610287
9.877	 0.492865761689291
9.896	 0.49217924328894525
9.915	 0.49230513142563137
9.934	 0.49213350309203346
9.953	 0.49235008449160417
9.972	 0.49340955767403366
9.991	 0.49449413942011106
10.01	 0.4948008815221777
10.03	 0.49217033609124483
10.049	 0.4892786306632725
10.069	 0.4877211678603332
10.088	 0.4861505452245458
10.108	 0.4852708200655799
10.128	 0.48311728662040326
10.148	 0.48474717927287925
10.167	 0.48446773727902454
10.187	 0.4866523625681467
10.207	 0.4856634114432481
10.228	 0.48757228220687976
10.248	 0.4880578711082057
10.268	 0.4900058060560239
10.289	 0.4920124879046245
10.309	 0.49606471359860077
10.33	 0.49828588190001283
10.35	 0.49845845115388127
10.371	 0.4989283555295022
10.392	 0.49903334062887567
10.412	 0.5000917330202179
10.433	 0.5017792295479845
10.454	 0.5043707252843715
10.476	 0.5065032060623724
10.497	 0.5046139705882352
10.518	 0.5018113953233065
10.539	 0.5007255827623579
10.561	 0.5000823346445887
10.582	 0.4990066956073872
10.604	 0.4988001685259475
10.626	 0.4983251739242464
10.648	 0.49609545909566755
10.67	 0.49589201341607186
10.692	 0.4965108409518399
10.714	 0.5014619617529013
10.736	 0.5029090315915393
10.758	 0.5068163520078159
10.78	 0.507838578184331
10.803	 0.5097109421771397
10.825	 0.5082041232830942
10.848	 0.5080750674625889
10.871	 0.506689031624596
10.894	 0.5043317335068739
10.917	 0.5019581583165926
10.94	 0.4981483742318805
10.963	 0.4930678556159531
10.986	 0.49064347684743076
11.009	 0.49047783581634524
11.033	 0.49170866525768164
11.056	 0.492764863154887
11.08	 0.4876303160681781
11.104	 0.47485335535650003
11.127	 0.46956148815267496
11.151	 0.47297268206574394
11.175	 0.4765044094760505
11.2	 0.4775421895283427
11.224	 0.47559650571515494
11.248	 0.469653464261447
11.273	 0.4696889826041118
11.297	 0.4863124996108853
11.322	 0.500165584002038
11.347	 0.5077742169587751
11.372	 0.5047194267772322
11.397	 0.5053546643758554
11.422	 0.5045280792221454
11.447	 0.5133014378387308
11.472	 0.5205399755137791
11.498	 0.5146393597454888
11.523	 0.5116527795050367
11.549	 0.5114439665826288
11.575	 0.5115072933549433
11.6	 0.5116348226897629
11.626	 0.5088656910244242
11.653	 0.5033931644947135
11.679	 0.49693539617418814
11.705	 0.49212656364974244
11.732	 0.48940131056393965
11.758	 0.48870768470471954
11.785	 0.4869191136011205
11.812	 0.4852783525716138
11.839	 0.48610340479192937
11.866	 0.489960139511709
11.893	 0.49304119812414904
11.92	 0.4958160572936299
11.948	 0.4982696320423431
11.976	 0.5011727912431587
12.003	 0.5031518770895541
12.031	 0.5048837564226485
12.059	 0.504475590996542
12.087	 0.49968200666514023
12.115	 0.5032830816515742
12.144	 0.5032560715664389
12.172	 0.5082951083135233
12.201	 0.5094993211831983
12.23	 0.5169983585538941
12.259	 0.5194434126689333
12.288	 0.5199726285176631
12.317	 0.5185542168674699
12.346	 0.5155781735934408
12.376	 0.5126815156026177
12.405	 0.5088420643513506
12.435	 0.5053057652335631
12.465	 0.5064208725870822
12.495	 0.5076138020411469
12.525	 0.5096635839699771
12.555	 0.5123933795021257
12.586	 0.5116254180602007
12.617	 0.5083554625680642
12.647	 0.5007296114143652
12.678	 0.4890568931985647
12.709	 0.4766597077244259
12.741	 0.46313708880417903
12.772	 0.45204735216744824
12.803	 0.44681343477883534
12.835	 0.44878133907277057
12.867	 0.45821881761300515
12.899	 0.4709925925925926
12.931	 0.48116951976973177
12.964	 0.49025701588090875
12.996	 0.49718520403295063
13.029	 0.49918936446173795
13.061	 0.49721726209871875
13.094	 0.4835495096488453
13.128	 0.48581927336714625
13.161	 0.48209289129201205
13.194	 0.4892011786419712
13.228	 0.4872534998753559
13.262	 0.4986397508181209
13.296	 0.5014473845150242
13.33	 0.5025832604721405
13.364	 0.5039661767666599
13.399	 0.5076261243644896
13.434	 0.5119268225367661
13.469	 0.5179708045889393
13.504	 0.5264880264880265
13.539	 0.5313692792292014
13.574	 0.530497411658789
13.61	 0.5249771271729187
13.646	 0.5211153321284991
13.682	 0.5195672923958002
13.718	 0.5223208048064831
13.754	 0.5263436065140554
13.791	 0.531116342296343
13.828	 0.5345101729564851
13.865	 0.5320903430918003
13.902	 0.518762278978389
13.939	 0.5021972168586458
13.977	 0.492515446843748
14.015	 0.48559776500433516
14.053	 0.4798534798534798
14.091	 0.4761842662928308
14.129	 0.48071060998393916
14.168	 0.47950452004692573
14.207	 0.4784485666104554
14.246	 0.4814484603250806
14.285	 0.4893988777258828
14.324	 0.49888926056489036
14.364	 0.4943586826295693
14.404	 0.5000764436610219
14.444	 0.4907609329707706
14.484	 0.4958028459846478
14.525	 0.4925184312699035
14.566	 0.5000435843793584
14.607	 0.5034602848595794
14.648	 0.5052698240376351
14.69	 0.49847886300685645
14.731	 0.48360243333485803
14.773	 0.44256527082568287
14.815	 0.3838441172626749
14.858	 0.37424945404548543
14.901	 0.38757853504610795
14.944	 0.4344713649214991
14.987	 0.5204587275660028
15.03	 0.5927922217335062
15.074	 0.6156523179315301
15.118	 0.6188220756654553
15.162	 0.589110653320071
15.206	 0.5362169262525802
15.251	 0.5145425198594803
15.296	 0.5001634826474848
15.341	 0.4384925573754169
15.387	 0.0
