0.35	 1.0
0.351	 0.5144222395327088
0.352	 0.5152697502312886
0.353	 0.516726317658779
0.354	 0.5184619242070162
0.355	 0.5202078558786084
0.356	 0.522362369422314
0.357	 0.5243722509054899
0.358	 0.5258621891240286
0.359	 0.526850362879293
0.36	 0.5277634677234748
0.361	 0.5287094469886854
0.362	 0.5297591323761773
0.363	 0.5316975749508996
0.364	 0.5329446324854057
0.365	 0.5339244793054497
0.366	 0.5348802251702133
0.367	 0.5359919009805878
0.368	 0.5371434894974557
0.369	 0.5382314033337142
0.37	 0.5392692207973063
0.371	 0.5401241828260486
0.372	 0.5409500735960867
0.373	 0.5418612012970507
0.374	 0.542543253548162
0.375	 0.543142102345587
0.376	 0.5438175315884997
0.377	 0.5446058854618072
0.378	 0.5453920687764318
0.379	 0.5460382146158264
0.38	 0.5465476131447624
0.381	 0.5470957216394164
0.382	 0.5476847902353826
0.383	 0.5482601334278907
0.384	 0.5488194800646488
0.385	 0.5495006832647594
0.386	 0.5502201238511325
0.387	 0.5508811469260395
0.388	 0.551454748889114
0.389	 0.5519847657894383
0.39	 0.5525285837623566
0.391	 0.5530950250240819
0.392	 0.5536358237407317
0.393	 0.5541977182305201
0.394	 0.5547664680290565
0.395	 0.5553013537989909
0.396	 0.5558254782833456
0.397	 0.5563419479117823
0.398	 0.5568715703297831
0.399	 0.5574306752679052
0.4	 0.5579584543052555
0.401	 0.5584596460208672
0.402	 0.5589728775505872
0.403	 0.5595187654413192
0.404	 0.560054186862818
0.405	 0.5605644332365461
0.406	 0.5610609984715931
0.407	 0.5615447630636232
0.408	 0.5620315302769375
0.409	 0.5625091452006113
0.41	 0.5629427810523745
0.411	 0.5633485836018212
0.412	 0.5637472472596171
0.413	 0.5641527718424141
0.414	 0.5645737289144185
0.415	 0.5649942838711891
0.416	 0.5653895480338845
0.417	 0.5657513970568109
0.418	 0.5661132056077665
0.419	 0.5664792793437032
0.42	 0.5668351260365818
0.421	 0.5671640698379617
0.422	 0.567473711920515
0.423	 0.5677735401324695
0.424	 0.5680676731530131
0.425	 0.5683508640503164
0.426	 0.5686230084014854
0.427	 0.5688828348644187
0.428	 0.5691262883884683
0.429	 0.5693538546999367
0.43	 0.5695750427858243
0.431	 0.569796961267944
0.432	 0.570016386525506
0.433	 0.5702302567352484
0.434	 0.570432090507373
0.435	 0.5706224782699315
0.436	 0.5708141966578824
0.437	 0.5709977443532895
0.438	 0.5711660495841195
0.439	 0.571323077584741
0.44	 0.5714640075384183
0.441	 0.5715834361625601
0.442	 0.5716813670442557
0.443	 0.5717663803438662
0.444	 0.5718441272584518
0.445	 0.571915347087093
0.446	 0.5719748938563901
0.447	 0.5720183522409779
0.448	 0.5720528607764993
0.449	 0.5720845592245742
0.45	 0.5721101971534507
0.451	 0.572127187427835
0.452	 0.5721352202180429
0.453	 0.5721341400381481
0.454	 0.5721237760282508
0.455	 0.5721056518604618
0.456	 0.5720809769850154
0.457	 0.5720502602264387
0.458	 0.5720148617558318
0.459	 0.5719791978420472
0.46	 0.5719422392711745
0.461	 0.5718960489618394
0.462	 0.5718442526507874
0.463	 0.5717898558102308
0.464	 0.5717329768068352
0.465	 0.5716720533435737
0.466	 0.5716071951210832
0.467	 0.5715421994435866
0.468	 0.5714789732274591
0.469	 0.571628967570673
0.47	 0.5715652223209098
0.471	 0.5715015122122263
0.472	 0.5714349398150108
0.473	 0.5713682968713975
0.474	 0.5713032075348711
0.475	 0.5712416109973637
0.476	 0.5711848216950544
0.477	 0.5711309825087676
0.478	 0.5710772212811394
0.479	 0.5710239509195485
0.48	 0.570976153610571
0.481	 0.5709352050836797
0.482	 0.5708998381398955
0.483	 0.5708677251431481
0.484	 0.5708402599946969
0.485	 0.5708204487712055
0.486	 0.5708106424145467
0.487	 0.5708118206335419
0.488	 0.5706935283666091
0.489	 0.5707354520561405
0.49	 0.5707969960028407
0.491	 0.5708770880353029
0.492	 0.5709800769591173
0.493	 0.5711138318783399
0.494	 0.5712822000473832
0.495	 0.5714917874542367
0.496	 0.5717488716717771
0.497	 0.5720575959372084
0.498	 0.5724232203135025
0.499	 0.5728521921251037
0.5	 0.5733502698985166
0.501	 0.5739211571382339
0.502	 0.5745661321933235
0.503	 0.5752863385921222
0.504	 0.5760805562691594
0.505	 0.5769467643152307
0.506	 0.5778839333085786
0.507	 0.5788883100361055
0.508	 0.5799563498452074
0.509	 0.5810875454186664
0.51	 0.5822781286189874
0.511	 0.583521519138414
0.512	 0.5848122131111995
0.513	 0.5861438744025643
0.514	 0.5875121733618353
0.515	 0.5889143538578543
0.516	 0.5903421517297749
0.517	 0.5917910832125501
0.518	 0.5932575335441057
0.519	 0.5947355828099115
0.52	 0.5962202369321883
0.521	 0.597708196213677
0.522	 0.5991963759617677
0.523	 0.6006820005985806
0.524	 0.6021635293534953
0.525	 0.6036392865326689
0.526	 0.6051083891965624
0.527	 0.6065692071592251
0.528	 0.6080221217310889
0.529	 0.609465467533619
0.53	 0.61089937282496
0.531	 0.6123255874975566
0.532	 0.6137451868443179
0.533	 0.6151572556533474
0.534	 0.6165619441135682
0.535	 0.6179615353542025
0.536	 0.619356397146904
0.537	 0.6207454899829842
0.538	 0.6221280970035277
0.539	 0.6235052092568942
0.54	 0.6248804100485769
0.541	 0.6262545748047555
0.542	 0.6276255593786124
0.543	 0.6289940247310101
0.544	 0.6303598504458294
0.545	 0.6317203549154726
0.546	 0.633072154874286
0.547	 0.6344124795319175
0.548	 0.6357378952541354
0.549	 0.6370486728475806
0.55	 0.6382857084992766
0.551	 0.63950581139392
0.552	 0.6407030136184627
0.553	 0.6418761951371571
0.554	 0.6430296260257007
0.555	 0.6441544391325639
0.556	 0.6452620485435624
0.557	 0.646368584800534
0.558	 0.6474815093213858
0.559	 0.6485916188644165
0.56	 0.6496978720267755
0.561	 0.6507988946562224
0.562	 0.6518815518285842
0.563	 0.6516436013454008
0.564	 0.6527634745318088
0.565	 0.6539017133388219
0.566	 0.6550469524704541
0.567	 0.6561882292061786
0.568	 0.6573317756369891
0.569	 0.6584828723293202
0.57	 0.6596395593059932
0.571	 0.6608125910580714
0.572	 0.661991127544489
0.573	 0.6631627315507086
0.574	 0.6643560440430794
0.575	 0.6655603067162532
0.576	 0.6667607448908852
0.577	 0.6679525396137505
0.578	 0.6691435502357636
0.579	 0.6703469479226151
0.58	 0.6715662933154252
0.581	 0.6727818014164844
0.582	 0.673989883588848
0.583	 0.6751940434761247
0.584	 0.6763950786641563
0.585	 0.6775713896362148
0.586	 0.6787293138060734
0.587	 0.6798811670040136
0.588	 0.6810346963906602
0.589	 0.6821864444355442
0.59	 0.6833290727301149
0.591	 0.6844604460966194
0.592	 0.6855894113541392
0.593	 0.6867095236147857
0.594	 0.687821077272629
0.595	 0.68892868969089
0.596	 0.6900277467401458
0.597	 0.6911178590903793
0.598	 0.692196568218429
0.599	 0.6932586508696522
0.6	 0.6943164646537717
0.601	 0.6953722775600554
0.602	 0.6964197506985123
0.603	 0.6974537917940078
0.604	 0.6984816514889396
0.605	 0.699507518899124
0.606	 0.7005303813359598
0.607	 0.7015507216256239
0.608	 0.7025654932279415
0.609	 0.7035765044473579
0.61	 0.7045938996099265
0.611	 0.7056156134539375
0.612	 0.7066385302710517
0.613	 0.708330691230012
0.614	 0.7093270604380664
0.615	 0.7103163630228813
0.616	 0.7113034639220249
0.617	 0.7122925918262557
0.618	 0.7132774443337826
0.619	 0.714255953863439
0.62	 0.7152299871988768
0.621	 0.716202876735497
0.622	 0.7171732677775141
0.623	 0.7181387251283804
0.624	 0.7190976757965142
0.625	 0.7200516988973323
0.626	 0.7210004788031744
0.627	 0.7219435396319953
0.628	 0.7228818799852982
0.629	 0.7238161764309053
0.63	 0.7247449317707368
0.631	 0.725665739627243
0.632	 0.7265791681067154
0.633	 0.7274859748985913
0.634	 0.7283875282067935
0.635	 0.7292855145529203
0.636	 0.7301774923153056
0.637	 0.7310657645517756
0.638	 0.7319527828356157
0.639	 0.7328385346866598
0.64	 0.733724123296801
0.641	 0.7346119294893216
0.642	 0.735503089497311
0.643	 0.7363955088800965
0.644	 0.7372876324030164
0.645	 0.7381798397434345
0.646	 0.7390735670671658
0.647	 0.7399694447381528
0.648	 0.7408657174622796
0.649	 0.7417601647037876
0.65	 0.7426529944175375
0.651	 0.7435453312521977
0.652	 0.7444374829293599
0.653	 0.7453283228367049
0.654	 0.7462169821128968
0.655	 0.7471035209612972
0.656	 0.7479879024774709
0.657	 0.7488705547255984
0.658	 0.7497518267998509
0.659	 0.7506300751899394
0.66	 0.7515050512543057
0.661	 0.7523799047286186
0.662	 0.7532535112434883
0.663	 0.7541248234521669
0.664	 0.7549934112577458
0.665	 0.755859269102176
0.666	 0.7567224551499291
0.667	 0.7575825308305192
0.668	 0.7584374297607921
0.669	 0.7590944324411303
0.67	 0.759939474342484
0.671	 0.7607800835298792
0.672	 0.7616149644584541
0.673	 0.7624425333603649
0.674	 0.7632637516833396
0.675	 0.7640777339229785
0.676	 0.7648842223252537
0.677	 0.7656834707192909
0.678	 0.7664761182565744
0.679	 0.7672599881375953
0.68	 0.7680336680858134
0.681	 0.7687980543188141
0.682	 0.7695534255833028
0.683	 0.7702993751741495
0.684	 0.7710349041777989
0.685	 0.7717581835400633
0.686	 0.772467635387147
0.687	 0.7731625934571363
0.688	 0.7739137727916147
0.689	 0.7745788671048356
0.69	 0.775222162750342
0.691	 0.7758423402696133
0.692	 0.7764366156316911
0.693	 0.7769994240593721
0.694	 0.7775266581116673
0.695	 0.7780126594651584
0.696	 0.7784512623396522
0.697	 0.7788375978020451
0.698	 0.7791671917330737
0.699	 0.7794350104304439
0.7	 0.7796355869363626
0.701	 0.7797644878721292
0.702	 0.7798184595404096
0.703	 0.7797956082462448
0.704	 0.7796944736567414
0.705	 0.7795154767055162
0.706	 0.7792582547615612
0.707	 0.7789224394420313
0.708	 0.7785100914033594
0.709	 0.778022122834214
0.71	 0.7774598514944056
0.711	 0.7768259676550392
0.712	 0.7761231249410704
0.713	 0.7753547102461588
0.714	 0.7745235372264515
0.715	 0.7736313588332295
0.716	 0.7726821744888642
0.717	 0.7716789307967709
0.718	 0.7706238720382551
0.719	 0.7695211224354463
0.72	 0.7683746639653138
0.721	 0.7671868928187002
0.722	 0.7659596096424485
0.723	 0.7646953930478501
0.724	 0.7633970977410492
0.725	 0.7620669991202478
0.726	 0.7607074194722419
0.727	 0.7593211629731115
0.728	 0.7579099877282043
0.729	 0.7564751017251821
0.73	 0.7550190880112571
0.731	 0.7535432855336955
0.732	 0.7520480330832726
0.733	 0.7505357264739275
0.734	 0.7490084115339165
0.735	 0.7474668390840263
0.736	 0.7459116447819452
0.737	 0.7443435010048404
0.738	 0.7427674049695804
0.739	 0.7411780616582917
0.74	 0.7395799315220352
0.741	 0.7379722399260755
0.742	 0.7363560973646691
0.743	 0.7347333002337094
0.744	 0.7331038955346015
0.745	 0.7314693412034674
0.746	 0.7298318072225025
0.747	 0.7281933580605756
0.748	 0.7265552078496983
0.749	 0.7249179812938641
0.75	 0.7232819690178945
0.751	 0.7216470213667774
0.752	 0.7200127361351428
0.753	 0.718379324445349
0.754	 0.7167471880583877
0.755	 0.7151151491560753
0.756	 0.7134851302174475
0.757	 0.7118575496560632
0.758	 0.7102306906053042
0.759	 0.7086048732493185
0.76	 0.7069792848572101
0.761	 0.7053531963409776
0.762	 0.7037266193963677
0.763	 0.701853218104743
0.764	 0.7002105304059624
0.765	 0.698566262908302
0.766	 0.6969211223466998
0.767	 0.6952736319550902
0.768	 0.6936245742889553
0.769	 0.6919759870439918
0.77	 0.6903277598887576
0.771	 0.6886796936606502
0.772	 0.6870312831285975
0.773	 0.6853829930537321
0.774	 0.6837361201079641
0.775	 0.682090680078905
0.776	 0.680445530771666
0.777	 0.678801727892963
0.778	 0.6771611388107027
0.779	 0.6755228860361071
0.78	 0.6738863744157095
0.781	 0.6722517517225411
0.782	 0.6706195989079938
0.783	 0.6689931906386888
0.784	 0.667372366261271
0.785	 0.6657577595585217
0.786	 0.6641504188040966
0.787	 0.6625500722926732
0.788	 0.6609546628857655
0.789	 0.6593640832177146
0.79	 0.6577792066004033
0.791	 0.6562003197874725
0.792	 0.6546264799738618
0.793	 0.6530571690100879
0.794	 0.6514933578638826
0.795	 0.6499361859775267
0.796	 0.6483858079032028
0.797	 0.6468422407141475
0.798	 0.6453062400569995
0.799	 0.6437773568346472
0.8	 0.6422533848477809
0.801	 0.6407344199887481
0.802	 0.6392211583951422
0.803	 0.637713622151692
0.804	 0.6362117824180592
0.805	 0.6347148509686894
0.806	 0.6332223424347795
0.807	 0.6317352409658499
0.808	 0.6302538191294289
0.809	 0.6287762406411247
0.81	 0.6272999233096692
0.811	 0.6258257876621826
0.812	 0.6243558626241693
0.813	 0.6235739016871329
0.814	 0.6221236255940229
0.815	 0.6206726600294079
0.816	 0.6192316930316509
0.817	 0.6177916701673405
0.818	 0.6163596422306146
0.819	 0.614929282258722
0.82	 0.6135046102106434
0.821	 0.6120855693843015
0.822	 0.6106714100084367
0.823	 0.609265788967121
0.824	 0.607862618853383
0.825	 0.6064691322935541
0.826	 0.6050757834892114
0.827	 0.6036938864525865
0.828	 0.6023116568602582
0.829	 0.600943839884012
0.83	 0.5995726956095957
0.831	 0.5982173824110097
0.832	 0.5968581181113983
0.833	 0.5955160448218759
0.834	 0.5941682394288036
0.835	 0.5928392529174412
0.836	 0.5915018691150492
0.837	 0.590184229018714
0.838	 0.5888558485446047
0.839	 0.5875481533228648
0.84	 0.5862273621128653
0.841	 0.5849273021389102
0.842	 0.5836132798808151
0.843	 0.5823205512339351
0.844	 0.5810136265689383
0.845	 0.579729969967169
0.846	 0.5784291042108316
0.847	 0.5771506074152424
0.848	 0.5758557737760588
0.849	 0.5745845441534113
0.85	 0.5732975771663827
0.851	 0.5720345168546154
0.852	 0.5707537603093461
0.853	 0.5694971698674417
0.854	 0.5682238641341374
0.855	 0.5669767947473575
0.856	 0.5657128343558927
0.857	 0.5644750466750879
0.858	 0.5632186250268963
0.859	 0.5619886543400855
0.86	 0.5607400837319279
0.861	 0.5595171075611364
0.862	 0.5582758141878622
0.863	 0.5570608327536485
0.864	 0.5558277714763733
0.865	 0.5546214642943034
0.866	 0.5533967823480664
0.867	 0.5521983273171128
0.868	 0.5509812399586397
0.869	 0.5497924441591414
0.87	 0.5485860935618704
0.871	 0.5474075752345554
0.872	 0.5462114796336726
0.873	 0.5450429024867449
0.874	 0.5438580531662579
0.875	 0.5426987090766404
0.876	 0.54152273264671
0.877	 0.5403734243655646
0.878	 0.5392085603618186
0.879	 0.5380711273129593
0.88	 0.5369191292930233
0.881	 0.5357951545496411
0.882	 0.5346555099466815
0.883	 0.5335429977395556
0.884	 0.5324151947619477
0.885	 0.5313152064628744
0.886	 0.5302024969967044
0.887	 0.5291179681637963
0.888	 0.5270986791825807
0.889	 0.526034415334829
0.89	 0.5249608826120913
0.891	 0.523918778251141
0.892	 0.5228693677924343
0.893	 0.5218545616151893
0.894	 0.5208364793189739
0.895	 0.5198569578142108
0.896	 0.5188792084184047
0.897	 0.5179425283392373
0.898	 0.517009988544721
0.899	 0.516120661739754
0.9	 0.5152394243813196
0.901	 0.514402404151501
0.902	 0.5135775562323753
0.903	 0.5127974926530426
0.904	 0.5120305374837494
0.905	 0.511306246360115
0.906	 0.5105980829013232
0.907	 0.5099346677085804
0.908	 0.5092866702988168
0.909	 0.5086810891007819
0.91	 0.5080895872244636
0.911	 0.5075383829255236
0.912	 0.5070012003877342
0.913	 0.5065026555678102
0.914	 0.506017523589629
0.915	 0.5055673340043485
0.916	 0.5051306802065043
0.917	 0.5047271161665396
0.918	 0.5043364396702029
0.919	 0.5039731545180118
0.92	 0.5036225155555895
0.921	 0.5032961468567474
0.922	 0.5029862990055083
0.923	 0.5026958072250746
0.924	 0.502422860256392
0.925	 0.5021623367299892
0.926	 0.5019170088271591
0.927	 0.5016855170401914
0.928	 0.5014680241702201
0.929	 0.5012629424617647
0.93	 0.5010694758931753
0.931	 0.5008878163755125
0.932	 0.5007164246664746
0.933	 0.5005531360222288
0.934	 0.5003978799643989
0.935	 0.5002499599130537
0.936	 0.5001087419744187
0.937	 0.4999746057481327
0.938	 0.49993897005005905
0.939	 0.4998381003225762
0.94	 0.499685416839548
0.941	 0.49959873133693206
0.942	 0.4994488220525905
0.943	 0.4993756865451136
0.944	 0.4992279342967297
0.945	 0.49916828542215674
0.946	 0.49901999204502323
0.947	 0.4989698749085711
0.948	 0.4988182195152301
0.949	 0.4987779197285765
0.95	 0.4986256489339632
0.951	 0.4985958355663099
0.952	 0.49844470830638754
0.953	 0.49842557786051833
0.954	 0.4982762651389802
0.955	 0.4982663790678669
0.956	 0.4981188481980229
0.957	 0.4981149350285347
0.958	 0.49796752668453975
0.959	 0.49797083102988443
0.96	 0.4978260181633626
0.961	 0.49783518837834145
0.962	 0.4976933290542004
0.963	 0.4977077583825821
0.964	 0.49756890238647683
0.965	 0.4975879847941891
0.966	 0.4974516460365981
0.967	 0.4974729860028609
0.968	 0.497339934446207
0.969	 0.4973633364265263
0.97	 0.4972308030196132
0.971	 0.49725366739681715
0.972	 0.49712299500139956
0.973	 0.49714926311007657
0.974	 0.49702194522527804
0.975	 0.49704790231862217
0.976	 0.4969215578705642
0.977	 0.4969484445718697
0.978	 0.496823379425244
0.979	 0.49684767692558923
0.98	 0.49672125437591225
0.981	 0.49674536295925265
0.982	 0.49662126948912744
0.983	 0.49664667549535624
0.984	 0.49652113332471315
0.985	 0.4965440330276545
0.986	 0.49641778324183117
0.987	 0.4964376553952877
0.988	 0.49630850266061494
0.989	 0.49632664870613447
0.99	 0.4961980670882857
0.991	 0.4962137261816775
0.992	 0.4960829489802954
0.993	 0.4960952718435081
0.994	 0.49596333919422747
0.995	 0.4959725273649109
0.996	 0.49583871817772773
0.997	 0.4958445335941033
0.998	 0.4957089364316167
0.999	 0.4957106294817981
1.0	 0.49557360686643104
1.001	 0.4955725526725243
1.002	 0.4954352668530839
1.003	 0.49543089062609513
1.004	 0.49529301646136425
1.005	 0.49528489147399907
1.006	 0.495147497795661
1.007	 0.49513615122405263
1.008	 0.49499802115347247
1.009	 0.4949821747759577
1.01	 0.49484515799582596
1.011	 0.49482896434590634
1.012	 0.4946945597811736
1.013	 0.4946766644093443
1.014	 0.49454572079516684
1.015	 0.4945238436315937
1.016	 0.4943954941570965
1.017	 0.4943712491970864
1.018	 0.4942462273345876
1.019	 0.4942190871719914
1.02	 0.49409642975625584
1.021	 0.4940656086569406
1.022	 0.49394321504763145
1.023	 0.49390928998950256
1.024	 0.4937882080517708
1.025	 0.4937518050830012
1.026	 0.4936342220897669
1.027	 0.4935952395362456
1.028	 0.49347890451028986
1.029	 0.49343638162154413
1.03	 0.4933213503624207
1.031	 0.493276778009075
1.032	 0.49316314130564814
1.033	 0.4931162831451293
1.034	 0.4930044777068996
1.035	 0.4929547755980502
1.036	 0.4928434613347591
1.037	 0.49279066603437677
1.038	 0.49268180823575863
1.039	 0.49262713576270006
1.04	 0.49252088355128304
1.041	 0.49246479044904873
1.042	 0.4923611401632977
1.043	 0.4923031401191626
1.044	 0.4922002189423896
1.045	 0.49213990695745286
1.046	 0.49203919096686266
1.047	 0.4919776994500467
1.048	 0.49188041840355873
1.049	 0.4918182525214435
1.05	 0.4917220286687202
1.051	 0.491634621488056
1.052	 0.49156539925097215
1.053	 0.49147782022115594
1.054	 0.49140942160244094
1.055	 0.4913215845992678
1.056	 0.4912522844825412
1.057	 0.4911635721203821
1.058	 0.4910945012967208
1.059	 0.4910057139608945
1.06	 0.49093730615652775
1.061	 0.49084921132109466
1.062	 0.4907817062896206
1.063	 0.490693726469444
1.064	 0.4906257904892253
1.065	 0.4905373494452859
1.066	 0.49046962467102356
1.067	 0.49038059730598627
1.068	 0.49031333931692234
1.069	 0.4902236391772211
1.07	 0.4901546144273845
1.071	 0.4900647753460939
1.072	 0.48999630751481965
1.073	 0.4899069170389521
1.074	 0.48983826419307475
1.075	 0.48974861067293673
1.076	 0.4896814038650718
1.077	 0.48959105863743424
1.078	 0.4895230942851618
1.079	 0.489431729104583
1.08	 0.48936184854553866
1.081	 0.48926949036192785
1.082	 0.4891985938679576
1.083	 0.4891054663826505
1.084	 0.4890348063900378
1.085	 0.4889408923076249
1.086	 0.48886863433026073
1.087	 0.48877401046571634
1.088	 0.4887009915095627
1.089	 0.48860497259978625
1.09	 0.48853030849475976
1.091	 0.48843273262652664
1.092	 0.48835712852766316
1.093	 0.4882576137736701
1.094	 0.48818013273655175
1.095	 0.4880794765199434
1.096	 0.48799879178718697
1.097	 0.4878967229418071
1.098	 0.4878145935215097
1.099	 0.4877110523836556
1.1	 0.48762794465850484
1.101	 0.4875237655069276
1.102	 0.4874392447449427
1.103	 0.48733363056044604
1.104	 0.4872482251162111
1.105	 0.48714060236619877
1.106	 0.4870528946348991
1.107	 0.4869424711766319
1.108	 0.4868499690450961
1.109	 0.4867364456858528
1.11	 0.486641378950399
1.111	 0.48652473565470594
1.112	 0.48642665339606167
1.113	 0.4863072618511126
1.114	 0.4862060849220457
1.115	 0.48608362650065307
1.116	 0.485979438485936
1.117	 0.48585369292038516
1.118	 0.48574579178190497
1.119	 0.4856172938756056
1.12	 0.4855089615800566
1.121	 0.48537853815585424
1.122	 0.4852664270054143
1.123	 0.48513418111055795
1.124	 0.48501865848036685
1.125	 0.48488438908081954
1.126	 0.48482141122600186
1.127	 0.48463215018808753
1.128	 0.4845719172179812
1.129	 0.48437554779425546
1.13	 0.4843190503486709
1.131	 0.48411634697275896
1.132	 0.4840637657871987
1.133	 0.4838552901877695
1.134	 0.4838094305310667
1.135	 0.48359568762891725
1.136	 0.48355718832458255
1.137	 0.48333993696373917
1.138	 0.4833089124941619
1.139	 0.48309213504103976
1.14	 0.48306568116058435
1.141	 0.4828459681290398
1.142	 0.4828297934267808
1.143	 0.4826067787763141
1.144	 0.48260144448796993
1.145	 0.4823746550901582
1.146	 0.4823808660996433
1.147	 0.4821532288058579
1.148	 0.48217088294489924
1.149	 0.4819408946657305
1.15	 0.48196900972387874
1.151	 0.48173323764493203
1.152	 0.4817701533987608
1.153	 0.4815258376066875
1.154	 0.4815700261703534
1.155	 0.48131691208348115
1.156	 0.48136691126167136
1.157	 0.48110570679966624
1.158	 0.4811605031867585
1.159	 0.48088829232309727
1.16	 0.48094619257088866
1.161	 0.48066215339179535
1.162	 0.4807216880095687
1.163	 0.48042328197318174
1.164	 0.48048360546459223
1.165	 0.48016935563527363
1.166	 0.4802290691509729
1.167	 0.47989839500656395
1.168	 0.4799566082515344
1.169	 0.47960572510417293
1.17	 0.4796616745650412
1.171	 0.47929086677193344
1.172	 0.47934453305929176
1.173	 0.47894740959970183
1.174	 0.47899836569609466
1.175	 0.478574754988695
1.176	 0.4783872837491031
1.177	 0.4781666426565013
1.178	 0.47795937613837414
1.179	 0.4777216789985057
1.18	 0.47749322786618725
1.181	 0.4772353959688306
1.182	 0.4769837676053135
1.183	 0.47670086452232946
1.184	 0.4764230128819663
1.185	 0.4761170910685693
1.186	 0.47581090515040686
1.187	 0.47547932446047864
1.188	 0.47514264434919484
1.189	 0.4747829288903774
1.19	 0.4744135701113869
1.191	 0.47402368729093464
1.192	 0.4736204865951153
1.193	 0.47320112374675255
1.194	 0.47276323569719536
1.195	 0.4723136260124975
1.196	 0.47184070247532356
1.197	 0.4713610878179038
1.198	 0.4708535313086732
1.199	 0.47034425144280695
1.2	 0.46980276875121474
1.201	 0.46926454812653223
1.202	 0.4686897961403015
1.203	 0.46812382708231265
1.204	 0.4675169986906308
1.205	 0.46692443545241646
1.206	 0.46628694630322987
1.207	 0.46566959797019414
1.208	 0.46500374059571836
1.209	 0.4643639741771777
1.21	 0.4636719173856814
1.211	 0.4630095056648744
1.212	 0.46229276549591425
1.213	 0.46160974274898614
1.214	 0.46086987617177044
1.215	 0.4601678776388043
1.216	 0.4594067940366898
1.217	 0.4586876264995559
1.218	 0.4579069966621409
1.219	 0.45717308054844347
1.22	 0.456375245716183
1.221	 0.4556293434827615
1.222	 0.4548158562003999
1.223	 0.4540589013103047
1.224	 0.45323097556269215
1.225	 0.4524629918857863
1.226	 0.4516210735720963
1.227	 0.45084304856328067
1.228	 0.4499884418800143
1.229	 0.44920277579695206
1.23	 0.4483367815095828
1.231	 0.4475426633014855
1.232	 0.44666587919591844
1.233	 0.4458646194008615
1.234	 0.4449779164003842
1.235	 0.44417042288475594
1.236	 0.44327394614611826
1.237	 0.4424603661592236
1.238	 0.44155384930217156
1.239	 0.44073332683093014
1.24	 0.4398179911101457
1.241	 0.4389915512380374
1.242	 0.4380682275073602
1.243	 0.4372363157733184
1.244	 0.43630497722074085
1.245	 0.43546794633140967
1.246	 0.4345285043481027
1.247	 0.4336856675122141
1.248	 0.43273896708728143
1.249	 0.43189074582400555
1.25	 0.4309374471290537
1.251	 0.4306500488483206
1.252	 0.4291241263242726
1.253	 0.4288231228456244
1.254	 0.4272992712046228
1.255	 0.4269853708119909
1.256	 0.4254644111212805
1.257	 0.42513799341615616
1.258	 0.4236205636946143
1.259	 0.4232808372792762
1.26	 0.42176748701805666
1.261	 0.4214139534492977
1.262	 0.41990567411476315
1.263	 0.419538396029705
1.264	 0.4180368917526458
1.265	 0.4176565681204778
1.266	 0.41616294385319663
1.267	 0.4157693234234527
1.268	 0.41428564977369703
1.269	 0.41387946138877185
1.27	 0.41240816287577736
1.271	 0.4119897021698956
1.272	 0.41053151416681366
1.273	 0.41009984907449243
1.274	 0.4086561803371405
1.275	 0.4082119189347766
1.276	 0.40678451408602906
1.277	 0.40632775359477896
1.278	 0.4049174011818537
1.279	 0.4044485490763654
1.28	 0.40305652397401015
1.281	 0.4025757708996125
1.282	 0.4012032413075426
1.283	 0.40071077676444783
1.284	 0.39935859821544456
1.285	 0.39885467541276515
1.286	 0.39752376374141457
1.287	 0.3970081399502685
1.288	 0.3956988268069287
1.289	 0.395172397336175
1.29	 0.39388530285893214
1.291	 0.3933487625554831
1.292	 0.3920852248900029
1.293	 0.39153915605747897
1.294	 0.3902994802023048
1.295	 0.3897434169345326
1.296	 0.38852750844418144
1.297	 0.3879615936514772
1.298	 0.38676998401479895
1.299	 0.3861943871751923
1.3	 0.3850280733714002
1.301	 0.3841632965782274
1.302	 0.3833030405054769
1.303	 0.3824475760334541
1.304	 0.3815969659313817
1.305	 0.38075142798955613
1.306	 0.3799111466550553
1.307	 0.37907615696179947
1.308	 0.37824673736109393
1.309	 0.37742283216486405
1.31	 0.3766051058398153
1.311	 0.37579391582158495
1.312	 0.3749891962791665
1.313	 0.3741910169103564
1.314	 0.3733993179143267
1.315	 0.372614086179616
1.316	 0.37183589347988477
1.317	 0.37106495115082677
1.318	 0.3703016488889961
1.319	 0.3695460139221851
1.32	 0.368797740667611
1.321	 0.36805708331905496
1.322	 0.36732414896695864
1.323	 0.36659900091252645
1.324	 0.36588216566286685
1.325	 0.3651734846390632
1.326	 0.36454221466284853
1.327	 0.36378102019592573
1.328	 0.36316598567122504
1.329	 0.3624234820137632
1.33	 0.3618245528612624
1.331	 0.36110171530988205
1.332	 0.3605183925924898
1.333	 0.3598159596556591
1.334	 0.35924804178628433
1.335	 0.358566367693324
1.336	 0.35801347316195464
1.337	 0.3573529669352065
1.338	 0.3568141957678046
1.339	 0.35617562643233874
1.34	 0.3556503692441039
1.341	 0.3550340146021775
1.342	 0.3545222522684131
1.343	 0.3539281964181169
1.344	 0.35342944044323277
1.345	 0.3528574464618271
1.346	 0.35237058063263893
1.347	 0.351820504519068
1.348	 0.3513453515635571
1.349	 0.3508167682115244
1.35	 0.35035393384281893
1.351	 0.34984634239834644
1.352	 0.34939705105510155
1.353	 0.34891060545959396
1.354	 0.3484764686404618
1.355	 0.3480113397656839
1.356	 0.3475937552042187
1.357	 0.34714933771557693
1.358	 0.3467486077324543
1.359	 0.3463250099011548
1.36	 0.34594363820351404
1.361	 0.34554221728510465
1.362	 0.3451831819503344
1.363	 0.34480526413301327
1.364	 0.3444705364175097
1.365	 0.3441175300792462
1.366	 0.34381029980429034
1.367	 0.34348454614296303
1.368	 0.34320905720933365
1.369	 0.34291420152890045
1.37	 0.3426743020278086
1.371	 0.3424132351333425
1.372	 0.3422117127830442
1.373	 0.3419867994032985
1.374	 0.34182752624781226
1.375	 0.34164336349409336
1.376	 0.34123705807780474
1.377	 0.3413945880176859
1.378	 0.3410306993521333
1.379	 0.3412533576810103
1.38	 0.34093786548057253
1.381	 0.3412305887499398
1.382	 0.340970355642082
1.383	 0.3413387913266481
1.384	 0.3411412800773725
1.385	 0.34159181758243146
1.386	 0.3414634953587096
1.387	 0.3420021271190185
1.388	 0.34194894263280884
1.389	 0.34257933704673865
1.39	 0.3426063763444421
1.391	 0.3433313420864649
1.392	 0.34344217437996494
1.393	 0.34426303949495196
1.394	 0.3444602875048517
1.395	 0.34537730160589725
1.396	 0.34566251941912907
1.397	 0.3466737463277464
1.398	 0.3470459938605808
1.399	 0.3481485148543644
1.4	 0.34860531901429875
1.401	 0.3497951864983608
1.402	 0.3503340902668906
1.403	 0.3516068918530772
1.404	 0.35222394222944536
1.405	 0.3535742164167744
1.406	 0.3542646396485155
1.407	 0.3556854976098026
1.408	 0.3564438581082213
1.409	 0.3579283051932462
1.41	 0.35874908828307867
1.411	 0.36029076171561747
1.412	 0.36116880593893874
1.413	 0.36276199422771394
1.414	 0.3636919929524801
1.415	 0.36533051260836075
1.416	 0.36630728885776725
1.417	 0.3679846018994069
1.418	 0.3690034686140428
1.419	 0.37071402206980153
1.42	 0.3717703652359345
1.421	 0.373509858803687
1.422	 0.37459966641185244
1.423	 0.3763643647202409
1.424	 0.37748428478303
1.425	 0.379270795392874
1.426	 0.3807419573550511
1.427	 0.38222419601138374
1.428	 0.3837164727333321
1.429	 0.3852179205210404
1.43	 0.3867274079891824
1.431	 0.3882449365965728
1.432	 0.38977002459950355
1.433	 0.39130197984713766
1.434	 0.39284061118041635
1.435	 0.39438531888600215
1.436	 0.3959356057422787
1.437	 0.39749147966520637
1.438	 0.3990526567313196
1.439	 0.4006188576420951
1.44	 0.40218985836130144
1.441	 0.40376469991622593
1.442	 0.4053431827634057
1.443	 0.40692514188611695
1.444	 0.4085101340283487
1.445	 0.41009817813889476
1.446	 0.4116889431607471
1.447	 0.41328210761631873
1.448	 0.414877154593385
1.449	 0.4164736186572375
1.45	 0.41807153885326426
1.451	 0.42003180766724485
1.452	 0.42127211926989
1.453	 0.4232498806793372
1.454	 0.4244786426608856
1.455	 0.4264720108948137
1.456	 0.4276880677518689
1.457	 0.4296968770655319
1.458	 0.43089987608828306
1.459	 0.43292369377393985
1.46	 0.43411213349313993
1.461	 0.436150078333601
1.462	 0.4373229226371813
1.463	 0.43937461166261005
1.464	 0.4405311394878899
1.465	 0.44259492248866655
1.466	 0.4437336259284534
1.467	 0.445809108948772
1.468	 0.44692906317460485
1.469	 0.44901380688878
1.47	 0.45011317799583117
1.471	 0.45220525349166196
1.472	 0.45328254154789227
1.473	 0.4553815407678641
1.474	 0.4564356548358614
1.475	 0.45853907915524367
1.476	 0.4595676401280878
1.477	 0.46167423992008494
1.478	 0.4626762306485697
1.479	 0.4647849687641861
1.48	 0.46575925882241737
1.481	 0.46786847252168595
1.482	 0.4688136140810642
1.483	 0.47092187886128245
1.484	 0.47183711896798186
1.485	 0.47394330699170745
1.486	 0.4748280155130968
1.487	 0.4769320658556429
1.488	 0.47778629317284327
1.489	 0.47988775005281614
1.49	 0.48071157772039996
1.491	 0.48280903289084276
1.492	 0.48360186366545305
1.493	 0.4856945799134917
1.494	 0.4864564443592849
1.495	 0.48854429382253994
1.496	 0.48927498542466163
1.497	 0.4913582162649953
1.498	 0.4920577325376216
1.499	 0.4941358809060581
1.5	 0.4948042570661988
1.501	 0.4960992100014444
1.502	 0.4975114359584261
1.503	 0.4987928296191941
1.504	 0.5001780560390161
1.505	 0.5014454957120862
1.506	 0.5028035775928138
1.507	 0.5040568280113233
1.508	 0.5053871621636817
1.509	 0.5066263189990876
1.51	 0.5079285909750202
1.511	 0.5091524927421008
1.512	 0.5104261697623235
1.513	 0.5116337032921552
1.514	 0.5128778167022092
1.515	 0.5140693452206462
1.516	 0.5152839740783193
1.517	 0.5164587381809003
1.518	 0.5176431457654802
1.519	 0.5187999062205999
1.52	 0.5199538359103851
1.521	 0.5210925433678786
1.522	 0.5222161777430049
1.523	 0.5233362521314816
1.524	 0.5244289687120333
1.525	 0.5255295457810445
1.526	 0.5265902606870563
1.527	 0.5276714313098975
1.528	 0.5286997370275044
1.529	 0.5297601495485633
1.53	 0.530755991633077
1.531	 0.5317945832167968
1.532	 0.5327575522557325
1.533	 0.5337741115280816
1.534	 0.5347050024768835
1.535	 0.5356995989672838
1.536	 0.5365984639185837
1.537	 0.5375704113809054
1.538	 0.538437094276368
1.539	 0.5393857336770262
1.54	 0.5402199446962127
1.541	 0.5411453393695874
1.542	 0.541947058101516
1.543	 0.5428490248426773
1.544	 0.5436186484155833
1.545	 0.5444968868703922
1.546	 0.5452349643525483
1.547	 0.5460897667074573
1.548	 0.5467959772711998
1.549	 0.5476276326041308
1.55	 0.5483022570871987
1.551	 0.549035222898904
1.552	 0.5497549009884626
1.553	 0.5504612330037328
1.554	 0.5511541913715264
1.555	 0.5518337844131753
1.556	 0.5525002579365872
1.557	 0.5531538439168395
1.558	 0.5537949453984807
1.559	 0.5544233379670983
1.56	 0.5550385573606459
1.561	 0.5556404858213063
1.562	 0.5562286766402428
1.563	 0.5568027607654081
1.564	 0.5573628240670877
1.565	 0.5579085739206686
1.566	 0.5584396967919546
1.567	 0.5589559752959876
1.568	 0.5594565512595645
1.569	 0.5599407197657245
1.57	 0.5604081674485544
1.571	 0.5608579003063956
1.572	 0.5612900721021521
1.573	 0.561704664943792
1.574	 0.5621008048431377
1.575	 0.5624778687517615
1.576	 0.5635306497523606
1.577	 0.5631691088827944
1.578	 0.564148032505295
1.579	 0.5637682878955796
1.58	 0.5646647028071085
1.581	 0.5642680707169281
1.582	 0.5650727448788418
1.583	 0.5646604081120613
1.584	 0.5653636266782176
1.585	 0.5649364414396663
1.586	 0.5655285914216377
1.587	 0.5650865970435219
1.588	 0.5655594534743553
1.589	 0.565103852706605
1.59	 0.5654521420153965
1.591	 0.5649846997124648
1.592	 0.5652042692758065
1.593	 0.5647256732913498
1.594	 0.564813574575844
1.595	 0.5643248032693372
1.596	 0.5642811142363955
1.597	 0.5637846468955487
1.598	 0.563613152381648
1.599	 0.5631102768644644
1.6	 0.5628155493728136
1.601	 0.562306533166545
1.602	 0.5618940053057918
1.603	 0.5613800778873146
1.604	 0.5608582876052935
1.605	 0.5603409605217234
1.606	 0.5597183674917842
1.607	 0.5591981996622909
1.608	 0.5584839836202697
1.609	 0.557961231622423
1.61	 0.5571641884353542
1.611	 0.5566391372183136
1.612	 0.5557682154467735
1.613	 0.5552417849162338
1.614	 0.5543060997362023
1.615	 0.5537789427301592
1.616	 0.5527874813625403
1.617	 0.5522599214046664
1.618	 0.5512205768642174
1.619	 0.5506940683934227
1.62	 0.549614215917422
1.621	 0.5490882014955141
1.622	 0.5479730774483121
1.623	 0.547447970964965
1.624	 0.5463029732421415
1.625	 0.5457791793259329
1.626	 0.5450351197995471
1.627	 0.5440865664637864
1.628	 0.5433304551011537
1.629	 0.5423771463930284
1.63	 0.5416127408975744
1.631	 0.5406581083402724
1.632	 0.5398873295569119
1.633	 0.5389321618414783
1.634	 0.5381557449047086
1.635	 0.5372006372890464
1.636	 0.5364204057326823
1.637	 0.5354615232170016
1.638	 0.5346790352199369
1.639	 0.5337131608601943
1.64	 0.5329289605018689
1.641	 0.5319548409965575
1.642	 0.5311699582939545
1.643	 0.5301889290745798
1.644	 0.5294049361207376
1.645	 0.5284167087862071
1.646	 0.5276350107186536
1.647	 0.5266398021196494
1.648	 0.5258618321173744
1.649	 0.5248565586912497
1.65	 0.5240837861018348
1.651	 0.5230654241501451
1.652	 0.5222973969372511
1.653	 0.52126277465559
1.654	 0.5205000293168682
1.655	 0.5194492672367103
1.656	 0.5186930536039426
1.657	 0.5176213181545142
1.658	 0.5168712681347024
1.659	 0.515773268095645
1.66	 0.5150299540790002
1.661	 0.5139027718692728
1.662	 0.5131659502459679
1.663	 0.5120059563566718
1.664	 0.5112749479836136
1.665	 0.5100772277778077
1.666	 0.5093524932202682
1.667	 0.5081105531781391
1.668	 0.507391592984502
1.669	 0.5060985270844334
1.67	 0.5053854441948418
1.671	 0.5040339988088199
1.672	 0.5033266553564509
1.673	 0.5019113512064651
1.674	 0.5012093873150681
1.675	 0.4997265397929974
1.676	 0.4986112314631972
1.677	 0.49748039140730477
1.678	 0.4963337470818422
1.679	 0.4951712810804958
1.68	 0.493993587045451
1.681	 0.4928009045068943
1.682	 0.49159315249613694
1.683	 0.4903707828831875
1.684	 0.4891338081671498
1.685	 0.48788227144037655
1.686	 0.4866169455558567
1.687	 0.4853383289918487
1.688	 0.48404648063942685
1.689	 0.4827420133192625
1.69	 0.48142544258105424
1.691	 0.480097967547986
1.692	 0.4787602000257708
1.693	 0.47741310220847444
1.694	 0.47605750850505035
1.695	 0.4746944381354131
1.696	 0.47332428593570325
1.697	 0.4719478323361176
1.698	 0.47056602263070335
1.699	 0.4691794889117692
1.7	 0.4677890261276337
1.701	 0.46611373328522854
1.702	 0.4650017969196909
1.703	 0.4633316364716699
1.704	 0.46221074252259975
1.705	 0.4605480464825723
1.706	 0.45942007482553504
1.707	 0.4577664325553724
1.708	 0.4566335026655248
1.709	 0.45499009213560077
1.71	 0.45385402523131707
1.711	 0.4522228438562128
1.712	 0.45108422097299733
1.713	 0.4494659776480221
1.714	 0.448327357943031
1.715	 0.4467242639971632
1.716	 0.44558630786941633
1.717	 0.44399848269766723
1.718	 0.442861431288735
1.719	 0.4412886306667509
1.72	 0.44015258746392616
1.721	 0.4385951458172028
1.722	 0.43746106778648675
1.723	 0.4359189815980491
1.724	 0.43478688789488007
1.725	 0.4332614561300394
1.726	 0.43213235575167375
1.727	 0.43062319599038273
1.728	 0.42949783035703887
1.729	 0.42800610909882897
1.73	 0.4268846032513983
1.731	 0.4254103463403082
1.732	 0.42429165951664455
1.733	 0.42283304036641883
1.734	 0.4217160405622211
1.735	 0.4202713912592244
1.736	 0.4191563673682269
1.737	 0.41772687026229893
1.738	 0.41661382270304465
1.739	 0.41519945543405007
1.74	 0.4140898440998856
1.741	 0.41269161482853034
1.742	 0.41158614441125446
1.743	 0.410203738913351
1.744	 0.4091009608678756
1.745	 0.40773290466753764
1.746	 0.4066326355590454
1.747	 0.405279706125701
1.748	 0.40418272313570835
1.749	 0.40284601337315434
1.75	 0.4017543669370238
1.751	 0.40122734824944944
1.752	 0.39934743845026754
1.753	 0.39882013215634304
1.754	 0.3969613893222712
1.755	 0.39643352540678456
1.756	 0.3945947262668032
1.757	 0.3940652271141151
1.758	 0.39224650400656114
1.759	 0.39171442595979156
1.76	 0.3899170298174614
1.761	 0.3893826858916215
1.762	 0.38760714590688655
1.763	 0.387070586130942
1.764	 0.38531680635656196
1.765	 0.38477776597394286
1.766	 0.3830455470195056
1.767	 0.38250299929330434
1.768	 0.3807924281611022
1.769	 0.380245783480239
1.77	 0.3785564733129626
1.771	 0.37800657451493924
1.772	 0.3763416811490829
1.773	 0.3757874755803866
1.774	 0.3741459441224179
1.775	 0.3735857638676815
1.776	 0.3719670286245326
1.777	 0.371401585611103
1.778	 0.36980978313975743
1.779	 0.36923934809130277
1.78	 0.367674443405567
1.781	 0.3670978656014305
1.782	 0.36555693700036684
1.783	 0.3649734227848429
1.784	 0.3634552468732531
1.785	 0.3628637271076587
1.786	 0.36136853142816633
1.787	 0.360768471981769
1.788	 0.35929617430473393
1.789	 0.3586868707492461
1.79	 0.3572378423985078
1.791	 0.3566179323492165
1.792	 0.3551942265495235
1.793	 0.35456422040711666
1.794	 0.35316550503263205
1.795	 0.3525259280407322
1.796	 0.3511518105911005
1.797	 0.3505002729206252
1.798	 0.3491488528080286
1.799	 0.3484836591612663
1.8	 0.34715677366856723
1.801	 0.3461646794325914
1.802	 0.3451750941697714
1.803	 0.34448356633582605
1.804	 0.343200500688361
1.805	 0.34221475106554006
1.806	 0.3412314944296509
1.807	 0.3405083705936002
1.808	 0.3392707798969241
1.809	 0.33829390588840313
1.81	 0.3373195835729626
1.811	 0.3365698921287858
1.812	 0.33537937737383894
1.813	 0.3344128512847196
1.814	 0.3334483513640264
1.815	 0.33266968368434136
1.816	 0.3315254316681245
1.817	 0.330567488896427
1.818	 0.3296114638635214
1.819	 0.3288043213947722
1.82	 0.3277039666838027
1.821	 0.3267535247118301
1.822	 0.3258049993782419
1.823	 0.3249676918778769
1.824	 0.3239110059857566
1.825	 0.32296556393957837
1.826	 0.322092973588897
1.827	 0.32115162692155147
1.828	 0.32020985019509046
1.829	 0.3191901555788923
1.83	 0.3183227216083639
1.831	 0.3173348057670864
1.832	 0.3164298641986602
1.833	 0.3153980474496775
1.834	 0.31453160169664557
1.835	 0.3134972392210834
1.836	 0.31263247104059316
1.837	 0.3115987009588571
1.838	 0.3107486422422454
1.839	 0.30969187406191423
1.84	 0.3088875434573746
1.841	 0.3078720301310862
1.842	 0.30705167189078
1.843	 0.3059828406720545
1.844	 0.30524156995112756
1.845	 0.3042494947175093
1.846	 0.30346368691915976
1.847	 0.3023909356605662
1.848	 0.3017242671624362
1.849	 0.3007715598579412
1.85	 0.30003603222464215
1.851	 0.2989812916738648
1.852	 0.298408968593139
1.853	 0.2975158076837311
1.854	 0.296846746232815
1.855	 0.2958264007355585
1.856	 0.2953558772770199
1.857	 0.294537525546373
1.858	 0.2939556268700937
1.859	 0.29299735366045787
1.86	 0.29265945520210884
1.861	 0.2919456388659631
1.862	 0.2914781223414662
1.863	 0.29060642170699236
1.864	 0.2904239403107373
1.865	 0.28983806079244806
1.866	 0.2895159951258902
1.867	 0.28876437093417806
1.868	 0.28877662001319326
1.869	 0.288358629153764
1.87	 0.2882276506636743
1.871	 0.28764082834131205
1.872	 0.2878923832033561
1.873	 0.2876841741439416
1.874	 0.28778836304921496
1.875	 0.2874038613801141
1.876	 0.287495397655422
1.877	 0.2879481991157242
1.878	 0.2881699401500464
1.879	 0.28814988622892823
1.88	 0.2884965975013038
1.881	 0.2892230381788792
1.882	 0.2897040075492047
1.883	 0.2899274888914556
1.884	 0.2905336754278426
1.885	 0.29152872392183504
1.886	 0.29226077523309885
1.887	 0.29272413055259683
1.888	 0.29357381072878164
1.889	 0.29481451964659494
1.89	 0.2957816067650839
1.891	 0.29646586356694643
1.892	 0.2975369642094067
1.893	 0.2989935724986709
1.894	 0.3001585089363707
1.895	 0.3010292221579702
1.896	 0.30227725889945867
1.897	 0.3038990851023378
1.898	 0.3052201581300991
1.899	 0.3062386651171973
1.9	 0.30762381716330683
1.901	 0.3093698776480282
1.902	 0.3108052561894648
1.903	 0.31193446703654976
1.904	 0.31341472476701465
1.905	 0.31524072467698183
1.906	 0.31675834016994525
1.907	 0.31796947261872405
1.908	 0.3195240478406022
1.909	 0.32141737769109435
1.91	 0.32300004326569465
1.911	 0.32427593869319166
1.912	 0.3258840204210829
1.913	 0.32781871274936997
1.914	 0.3294466796727466
1.915	 0.33077123004260134
1.916	 0.3324203875723172
1.917	 0.334387555267734
1.918	 0.3360504522595874
1.919	 0.3374158074095632
1.92	 0.33909529009658745
1.921	 0.34108255111295666
1.922	 0.34277396479831823
1.923	 0.34417347945318777
1.924	 0.3458800976414073
1.925	 0.347887921300351
1.926	 0.3496044276943941
1.927	 0.35132622615311265
1.928	 0.35276251757145605
1.929	 0.3547792992372006
1.93	 0.3565096168476969
1.931	 0.35824320731020026
1.932	 0.35970290130378113
1.933	 0.36172260599612616
1.934	 0.3634688721337345
1.935	 0.3652201591452322
1.936	 0.36670668217757857
1.937	 0.3687356996145199
1.938	 0.37050079203609165
1.939	 0.3722697179720811
1.94	 0.37377715331588973
1.941	 0.37581396895654795
1.942	 0.3775887062093636
1.943	 0.37936460922822673
1.944	 0.38088687963592927
1.945	 0.38292526887025724
1.946	 0.3847101677513598
1.947	 0.386497352957752
1.948	 0.38803700921693846
1.949	 0.3900775511959405
1.95	 0.3918680957374684
1.951	 0.39413774466730317
1.952	 0.3952067289611057
1.953	 0.39773158303392553
1.954	 0.3990310721472063
1.955	 0.4013254757278462
1.956	 0.40237883027763044
1.957	 0.40492148008000994
1.958	 0.4061962785933264
1.959	 0.4085188055279611
1.96	 0.409551621873383
1.961	 0.4121159872504827
1.962	 0.4133639815885764
1.963	 0.4157136811882631
1.964	 0.416723796021561
1.965	 0.41931203752032054
1.966	 0.4205329622003297
1.967	 0.42290953308793283
1.968	 0.42389422473629185
1.969	 0.4265017238375059
1.97	 0.4276918725787144
1.971	 0.43009472036095636
1.972	 0.4310507375224256
1.973	 0.43367890762584715
1.974	 0.43482952819943915
1.975	 0.43725112996203297
1.976	 0.43817236038398494
1.977	 0.44081375923229266
1.978	 0.44192042150223415
1.979	 0.44435723986204173
1.98	 0.4452362823030384
1.981	 0.4478806136790548
1.982	 0.448938700840232
1.983	 0.45139396180809793
1.984	 0.4522345346217036
1.985	 0.4548979686435899
1.986	 0.45591197904398006
1.987	 0.45839204153751134
1.988	 0.4591913679124946
1.989	 0.461876791110449
1.99	 0.46284416670055334
1.991	 0.4653533883006005
1.992	 0.4661045292444331
1.993	 0.4688175659345526
1.994	 0.469734817643282
1.995	 0.47226668249175663
1.996	 0.4729687665130155
1.997	 0.47570307007953744
1.998	 0.4765671241517021
1.999	 0.4791270486126893
2.0	 0.47977646331302454
2.001	 0.48146891761687793
2.002	 0.4831587974727921
2.003	 0.485933270679475
2.004	 0.486530831840599
2.005	 0.4882151951960035
2.006	 0.48989636834711536
2.007	 0.4927063307055164
2.008	 0.49324904197723246
2.009	 0.49492199113191365
2.01	 0.4965920447155026
2.011	 0.49943126100891294
2.012	 0.49992105170691514
2.013	 0.5015798488403819
2.014	 0.5032351975964341
2.015	 0.506100780021754
2.016	 0.5065366445428965
2.017	 0.508183476498318
2.018	 0.5098268911976616
2.019	 0.512721562222653
2.02	 0.513105563246756
2.021	 0.5147389291714526
2.022	 0.5163677141153585
2.023	 0.5192847049019282
2.024	 0.5196158479005
2.025	 0.5212343998792096
2.026	 0.5228495955706419
2.027	 0.5257907159748141
2.028	 0.5260693997941371
2.029	 0.5276740421496896
2.03	 0.5292763224914004
2.031	 0.532243615027511
2.032	 0.5324731989034952
2.033	 0.5340681561745
2.034	 0.5356611530199051
2.035	 0.5386573351380854
2.036	 0.5388391622019382
2.037	 0.5404209938820049
2.038	 0.5419951190284874
2.039	 0.5449828053065102
2.04	 0.5451194224110806
2.041	 0.5466685410575169
2.042	 0.5482097561902975
2.043	 0.5511700048118734
2.044	 0.5512652518265944
2.045	 0.5527763223868328
2.046	 0.5542760656632792
2.047	 0.5571898642631565
2.048	 0.5572383415777967
2.049	 0.558697718296697
2.05	 0.5601404215850974
2.051	 0.5629718679142807
2.052	 0.5630184669588589
2.053	 0.5643642986559952
2.054	 0.565736457242465
2.055	 0.5684597342625544
2.056	 0.568445581856376
2.057	 0.5697313143963714
2.058	 0.5710128567469525
2.059	 0.5735711731810383
2.06	 0.573494321126568
2.061	 0.5746908377629376
2.062	 0.5758596495544676
2.063	 0.5782193558179846
2.064	 0.5780860570165646
2.065	 0.5791732089831749
2.066	 0.5802065982819872
2.067	 0.5823079208775593
2.068	 0.582121763897139
2.069	 0.5830633918856064
2.07	 0.5839274561064796
2.071	 0.5856958362983422
2.072	 0.5854567140739143
2.073	 0.586214403671158
2.074	 0.586869192099008
2.075	 0.5882374534491512
2.076	 0.5887350188516107
2.077	 0.5885072942483528
2.078	 0.5889424941467704
2.079	 0.5898831246940359
2.08	 0.5901483444364555
2.081	 0.5898957212127424
2.082	 0.5900941974857618
2.083	 0.5905907051730591
2.084	 0.590623601070557
2.085	 0.5903501547183959
2.086	 0.5903265374493858
2.087	 0.5904013899731518
2.088	 0.5902219430791763
2.089	 0.5899362294682082
2.09	 0.5897016748877014
2.091	 0.5893850348095568
2.092	 0.589015447331396
2.093	 0.5887180152726624
2.094	 0.5883074680763407
2.095	 0.5876749803851946
2.096	 0.5871590660528896
2.097	 0.586859353625106
2.098	 0.5863118111121375
2.099	 0.5854330063702619
2.1	 0.584805130594286
2.101	 0.5845046477508206
2.102	 0.5838576402790654
2.103	 0.5828093477752594
2.104	 0.5821149564080076
2.105	 0.5818211713545505
2.106	 0.5811143512416524
2.107	 0.5799530366411388
2.108	 0.5792062668917177
2.109	 0.5789110400873549
2.11	 0.578153028268028
2.111	 0.5769047112784852
2.112	 0.5761241580746973
2.113	 0.5758342752178556
2.114	 0.5750479047575393
2.115	 0.5737455068642832
2.116	 0.5729393236216752
2.117	 0.5726499231421487
2.118	 0.571840924227896
2.119	 0.5704963034201014
2.12	 0.5696760400445467
2.121	 0.5693928133535476
2.122	 0.5685693163883088
2.123	 0.5671924938073312
2.124	 0.5663555947563573
2.125	 0.5660722911216678
2.126	 0.5652305994967175
2.127	 0.5643843718456427
2.128	 0.5629623060810995
2.129	 0.5626840762370908
2.13	 0.5618338077924441
2.131	 0.5609840900535482
2.132	 0.5595537994128885
2.133	 0.5592836914985775
2.134	 0.5584342045147304
2.135	 0.5575825065558687
2.136	 0.5561361344101999
2.137	 0.5558692289751299
2.138	 0.5550060034438762
2.139	 0.554137499650058
2.14	 0.5526642277918999
2.141	 0.5523942255784642
2.142	 0.55151674746236
2.143	 0.5506383043327429
2.144	 0.5491505916034415
2.145	 0.5488804023868052
2.146	 0.5479965300361785
2.147	 0.5471108600525961
2.148	 0.5456025736893308
2.149	 0.5453296805354362
2.15	 0.5444360255185654
2.151	 0.5435420186753799
2.152	 0.5420273418105355
2.153	 0.5417524443229419
2.154	 0.5408579709579858
2.155	 0.5399639298091452
2.156	 0.5384502895333896
2.157	 0.5381763805233777
2.158	 0.5372827016058888
2.159	 0.5363894200468174
2.16	 0.5348806208634833
2.161	 0.5346001835175064
2.162	 0.5337025318645053
2.163	 0.5328011844184098
2.164	 0.5312821461302557
2.165	 0.530992208402896
2.166	 0.530085492179207
2.167	 0.5291787610722426
2.168	 0.527652640152385
2.169	 0.5273582308266994
2.17	 0.5264391595454835
2.171	 0.5255151128425939
2.172	 0.5239741202675791
2.173	 0.5236674107485568
2.174	 0.5227473022178177
2.175	 0.5218310745795873
2.176	 0.520313342807106
2.177	 0.5197626467043939
2.178	 0.5190846769895076
2.179	 0.5181708188524539
2.18	 0.5166614883226789
2.181	 0.5161062530158768
2.182	 0.5154394257217926
2.183	 0.5145316272862479
2.184	 0.5130374589570317
2.185	 0.5124667186078784
2.186	 0.5118006668034983
2.187	 0.5108877039598871
2.188	 0.5093944360568596
2.189	 0.5088077682620648
2.19	 0.508141777362296
2.191	 0.5072185373768455
2.192	 0.5057205060368636
2.193	 0.505106295908319
2.194	 0.5044362418899306
2.195	 0.5035094323476906
2.196	 0.5020249889849702
2.197	 0.5013956328322623
2.198	 0.5007249648048177
2.199	 0.49979177092003024
2.2	 0.49830407648285135
2.201	 0.49737017696694386
2.202	 0.4967051200605197
2.203	 0.4960424980499832
2.204	 0.494553523978898
2.205	 0.49360651903921954
2.206	 0.4929367916286768
2.207	 0.49224595566904844
2.208	 0.4907613068118332
2.209	 0.48980983624671687
2.21	 0.4891353175403265
2.211	 0.4884279817248739
2.212	 0.48694890225184634
2.213	 0.4859928192017482
2.214	 0.48531734749730293
2.215	 0.48459000261919505
2.216	 0.48311293743285333
2.217	 0.48215198652847097
2.218	 0.48147250494166804
2.219	 0.4807304621546775
2.22	 0.4792598420955509
2.221	 0.4782927294086587
2.222	 0.4776162626680731
2.223	 0.4768551112685493
2.224	 0.4753833548242778
2.225	 0.47441538963175284
2.226	 0.47374538483977136
2.227	 0.47297688865652704
2.228	 0.47151689582809764
2.229	 0.47055096049208317
2.23	 0.46989400107535123
2.231	 0.4691217994772654
2.232	 0.4676657353133318
2.233	 0.46670986725877583
2.234	 0.4660688554805902
2.235	 0.46530212275055194
2.236	 0.46386521136916886
2.237	 0.46292536857900707
2.238	 0.46230315071210587
2.239	 0.4615478390344003
2.24	 0.4601412059974886
2.241	 0.45922562834459907
2.242	 0.4586234867898446
2.243	 0.45788944835896267
2.244	 0.456504396455502
2.245	 0.4556079529517083
2.246	 0.4550340263869848
2.247	 0.4543143515857601
2.248	 0.45295516210252496
2.249	 0.4520797139598724
2.25	 0.4515331584905029
2.251	 0.4508278565989538
2.252	 0.4499745642605332
2.253	 0.44867832730700963
2.254	 0.4481557443374607
2.255	 0.4474947653350165
2.256	 0.4466846975720751
2.257	 0.4454083097389229
2.258	 0.44492372362245997
2.259	 0.44428117327194533
2.26	 0.4434991302195526
2.261	 0.4422698526317192
2.262	 0.4418118605913263
2.263	 0.4411919259855668
2.264	 0.4404253060526998
2.265	 0.4391866134707386
2.266	 0.43875769346050736
2.267	 0.4381425282233043
2.268	 0.4374000349467232
2.269	 0.4362239086699205
2.27	 0.43581718920583795
2.271	 0.43524296861686645
2.272	 0.43453931898199005
2.273	 0.4334006832031858
2.274	 0.43302047994745413
2.275	 0.43245500510008744
2.276	 0.4317681267759688
2.277	 0.4306711921756063
2.278	 0.4303027902681933
2.279	 0.42976210448689256
2.28	 0.42910025049799694
2.281	 0.4280241669216982
2.282	 0.4276711662832589
2.283	 0.4271236711544361
2.284	 0.4264688775064286
2.285	 0.4254214944710787
2.286	 0.42507615887344136
2.287	 0.42456704411031515
2.288	 0.42396164441360307
2.289	 0.422989599026291
2.29	 0.42266440209901274
2.291	 0.4221581108008994
2.292	 0.42155173489689546
2.293	 0.4205635084644648
2.294	 0.4202522813846918
2.295	 0.41974018615820546
2.296	 0.4191574634503435
2.297	 0.41821200230992595
2.298	 0.4179232169758951
2.299	 0.4174600945027721
2.3	 0.4169056038436366
2.301	 0.41626914070462195
2.302	 0.41600045176376355
2.303	 0.4158136066520739
2.304	 0.41554811726512636
2.305	 0.4152068730968535
2.306	 0.4149458322195861
2.307	 0.41475935198935643
2.308	 0.4145007967109935
2.309	 0.41417821028189655
2.31	 0.41392918755332103
2.311	 0.41374709900973955
2.312	 0.4134992899191522
2.313	 0.4131899070047578
2.314	 0.412945278343573
2.315	 0.4127603166268015
2.316	 0.4125180523223022
2.317	 0.4122241865080852
2.318	 0.41198797574322743
2.319	 0.41180388911052673
2.32	 0.4115676478504916
2.321	 0.41128479245498123
2.322	 0.4110539954690179
2.323	 0.410868175518024
2.324	 0.41064038177047046
2.325	 0.4103796861036693
2.326	 0.4101656536085194
2.327	 0.4099572922281816
2.328	 0.4097866107524376
2.329	 0.4095504338314975
2.33	 0.40934853401460797
2.331	 0.40914607908991424
2.332	 0.408970785672818
2.333	 0.40873568844828523
2.334	 0.40852809971163423
2.335	 0.40832395473345773
2.336	 0.4081447358221297
2.337	 0.4079289734584234
2.338	 0.40774149696276163
2.339	 0.40755843556540106
2.34	 0.40739061820992906
2.341	 0.40721066163526437
2.342	 0.4070485868409028
2.343	 0.40688634075872937
2.344	 0.40672770325882945
2.345	 0.4065709318529267
2.346	 0.40641992479343986
2.347	 0.40627431490526617
2.348	 0.4061260026634862
2.349	 0.40600029761500006
2.35	 0.4058690138426306
2.351	 0.40573996875431956
2.352	 0.4055941225615588
2.353	 0.40549021896662124
2.354	 0.40536741688292893
2.355	 0.4052438351680923
2.356	 0.40509380898045017
2.357	 0.4050010674287684
2.358	 0.40487802021941505
2.359	 0.4047541810926987
2.36	 0.40459101052714685
2.361	 0.4045133729880144
2.362	 0.40440277063515
2.363	 0.4042956026503351
2.364	 0.40413805748289383
2.365	 0.40409114789334855
2.366	 0.40398961366825636
2.367	 0.4038942463504931
2.368	 0.40374643999582166
2.369	 0.4037431988618375
2.37	 0.4036858180691164
2.371	 0.4036333590087002
2.372	 0.40349930891370245
2.373	 0.4035239717530686
2.374	 0.403462396813295
2.375	 0.4033958351679932
2.376	 0.4032375387569325
2.377	 0.4031748416937566
2.378	 0.4032163772917863
2.379	 0.4031688435652137
2.38	 0.40301936615286127
2.381	 0.4029646015677009
2.382	 0.4030192741700297
2.383	 0.40297020594235067
2.384	 0.40280729793083553
2.385	 0.40276696419050856
2.386	 0.4028587199499913
2.387	 0.4028321345495202
2.388	 0.4026754094694313
2.389	 0.40265287432995267
2.39	 0.40278385902365815
2.391	 0.40278694923109143
2.392	 0.40264200882959744
2.393	 0.40265147527806666
2.394	 0.4028199211815512
2.395	 0.4028277434058004
2.396	 0.40267410913492613
2.397	 0.4026900144629582
2.398	 0.40289776484792633
2.399	 0.4029452834404813
2.4	 0.40281281109104955
2.401	 0.40286745604505636
2.402	 0.40312161083740655
2.403	 0.40319491149419406
2.404	 0.4030730670469533
2.405	 0.4031642513726264
2.406	 0.40348090392089647
2.407	 0.4035854333109481
2.408	 0.4034650492919829
2.409	 0.4035700478208804
2.41	 0.40391173459371976
2.411	 0.40402732589993984
2.412	 0.40390706601085824
2.413	 0.4040315499749435
2.414	 0.40441943064094366
2.415	 0.4045690977179923
2.416	 0.4044549915330341
2.417	 0.4045964633527579
2.418	 0.4050102837353578
2.419	 0.4051672171428528
2.42	 0.4050562119201386
2.421	 0.4052353088173562
2.422	 0.405721021458024
2.423	 0.40593069595210574
2.424	 0.40585307638226015
2.425	 0.4060736868019161
2.426	 0.40660338811713664
2.427	 0.4068424708554416
2.428	 0.4067796618020401
2.429	 0.4070463957976933
2.43	 0.4076414513820111
2.431	 0.40793162750963896
2.432	 0.40792788225297993
2.433	 0.40823903488959906
2.434	 0.40886783803692
2.435	 0.40919264505903036
2.436	 0.40919414869904175
2.437	 0.40952150746709176
2.438	 0.41017432601739495
2.439	 0.41049456590763395
2.44	 0.41049511673497596
2.441	 0.4108125368709029
2.442	 0.4114602120798836
2.443	 0.4118028801611918
2.444	 0.4118315350281342
2.445	 0.41219589195413436
2.446	 0.41289137140600873
2.447	 0.41326561477838564
2.448	 0.41333063323995134
2.449	 0.41374434926998904
2.45	 0.41449151639266785
2.451	 0.4148928553115079
2.452	 0.41524279595071617
2.453	 0.4152284863895773
2.454	 0.4158412748893331
2.455	 0.4161478759511458
2.456	 0.4165144046275356
2.457	 0.4165977232729559
2.458	 0.4173056172684815
2.459	 0.4176784530468846
2.46	 0.41804173345840234
2.461	 0.4180895451638857
2.462	 0.41879833211270934
2.463	 0.41927413056269697
2.464	 0.4198119568948874
2.465	 0.4200877318831076
2.466	 0.42098624905674514
2.467	 0.4215232748057427
2.468	 0.4220217222900692
2.469	 0.42215756571564556
2.47	 0.4228802192516657
2.471	 0.4233310982476588
2.472	 0.42380849970421136
2.473	 0.42402002197755373
2.474	 0.42486741520850535
2.475	 0.425406272829213
2.476	 0.42590667230456936
2.477	 0.42599319992293405
2.478	 0.426690815225868
2.479	 0.42715323098034147
2.48	 0.42763494503457716
2.481	 0.427896926409653
2.482	 0.4288382232055937
2.483	 0.42947284118017
2.484	 0.43009830620688333
2.485	 0.4302647429709312
2.486	 0.4307628777611211
2.487	 0.4307987979828487
2.488	 0.4308690270402965
2.489	 0.43049220013399125
2.49	 0.4310457331804629
2.491	 0.4314284800261801
2.492	 0.431648869192519
2.493	 0.43217096071525224
2.494	 0.43351076556818624
2.495	 0.4339479356795781
2.496	 0.4345574983174842
2.497	 0.43479759518848404
2.498	 0.4340060681794685
2.499	 0.4333629515052014
2.5	 0.0
