2.501	 1.0
2.503	 0.4964184212595626
2.504	 0.4965381942306171
2.505	 0.4962615071259193
2.506	 0.49600384516661566
2.507	 0.49624219718420637
2.509	 0.49606199870808004
2.51	 0.4946390292923362
2.511	 0.49399003926826957
2.512	 0.49416339010574745
2.514	 0.4936802241417208
2.515	 0.49341346105220973
2.516	 0.49370062043959084
2.517	 0.4934863411040039
2.518	 0.4937672488670437
2.52	 0.4932707194727188
2.521	 0.49318082042425104
2.522	 0.4925969415681903
2.523	 0.4917304552580889
2.525	 0.49151959681765106
2.526	 0.4912629385700459
2.527	 0.49104532736884016
2.528	 0.49094749871955173
2.529	 0.4903725201671654
2.531	 0.48964800968062355
2.532	 0.4894455706029838
2.533	 0.4889600178742831
2.534	 0.48844386942925183
2.536	 0.48801548360238833
2.537	 0.487611704194217
2.538	 0.4874716173156217
2.539	 0.48645023921226926
2.541	 0.4861647697608854
2.542	 0.48549394951607877
2.543	 0.48481707434932897
2.544	 0.4844396835492473
2.546	 0.4833522855324369
2.547	 0.48281727398981544
2.548	 0.4826201766167806
2.549	 0.48187687663051504
2.551	 0.4805808955849335
2.552	 0.47968322870070085
2.553	 0.47942563724380144
2.554	 0.479257101730837
2.556	 0.47833259835107755
2.557	 0.47815563269853917
2.558	 0.47747517063357636
2.559	 0.47667636569032046
2.561	 0.4759013167272416
2.562	 0.4750790371189399
2.563	 0.47432541414895274
2.564	 0.4736062125432669
2.566	 0.47330896081334417
2.567	 0.4722767866204108
2.568	 0.4715853441317198
2.57	 0.4712527786519851
2.571	 0.47011040948057703
2.572	 0.46968416051341355
2.573	 0.4691551417502518
2.575	 0.467862993274639
2.576	 0.46699923760179585
2.577	 0.4665603570939879
2.579	 0.46534487806639313
2.58	 0.46450801863043156
2.581	 0.46404116019678776
2.582	 0.46354334064595204
2.584	 0.4622249843615825
2.585	 0.4617683064896399
2.586	 0.4609473461685371
2.588	 0.4597495875837785
2.589	 0.4593587363056932
2.59	 0.4585342574920571
2.591	 0.4576725321335906
2.593	 0.4568433420731774
2.594	 0.45645773906500375
2.595	 0.4553126908213646
2.597	 0.4549819576341961
2.598	 0.45422360669029194
2.599	 0.4533513724869817
2.6	 0.4523888828781065
2.602	 0.45148319455521047
2.603	 0.4506490836341013
2.604	 0.4497976201657268
2.606	 0.4492904030536112
2.607	 0.4480368574922751
2.608	 0.4475722732742924
2.61	 0.4467008506593514
2.611	 0.44590034403692813
2.612	 0.44508513671724037
2.614	 0.44464579533241144
2.615	 0.44334695819943754
2.616	 0.4428619061981071
2.618	 0.44202287458415435
2.619	 0.44115041238713776
2.62	 0.44023795553392825
2.622	 0.4393372928365102
2.623	 0.4384458753880128
2.624	 0.4374994454217069
2.626	 0.4370201702138694
2.627	 0.4362601345287388
2.628	 0.4355182602282509
2.63	 0.4347103365283752
2.631	 0.43382425330772806
2.632	 0.4329608024874058
2.634	 0.4324533713623397
2.635	 0.4316242253727071
2.636	 0.43085115459000384
2.638	 0.4300561053371849
2.639	 0.4292274083676659
2.64	 0.4283717580991745
2.642	 0.4275551936597593
2.643	 0.4270698305160009
2.644	 0.42593335524688675
2.646	 0.4254771776276501
2.647	 0.42471034294453364
2.648	 0.423935091692294
2.65	 0.4231748367682305
2.651	 0.42279381160754403
2.652	 0.4219543742486165
2.654	 0.4216100959860642
2.655	 0.4209386488239858
2.656	 0.42022305436000573
2.658	 0.4195645683842658
2.659	 0.41918639442389166
2.661	 0.41829480018174797
2.662	 0.4180004576226626
2.663	 0.4174166728860707
2.665	 0.4168472213954656
2.666	 0.41626170656160916
2.667	 0.41568405139547926
2.669	 0.4150683601396959
2.67	 0.41472188360760176
2.672	 0.4138864700347145
2.673	 0.4136251188088818
2.674	 0.4132366755763062
2.676	 0.41250778122880183
2.677	 0.4122710348641875
2.678	 0.41203435831475244
2.68	 0.41136231430388615
2.681	 0.4109653090493648
2.683	 0.4104926188327148
2.684	 0.41000486718913165
2.685	 0.40978459061165545
2.687	 0.40933854337903336
2.688	 0.40883842941610143
2.69	 0.4084215434568532
2.691	 0.4079996810542135
2.692	 0.40756762523673934
2.694	 0.4073493025714916
2.695	 0.4068395232246719
2.697	 0.4061288281622755
2.698	 0.40591511846039274
2.699	 0.40556751043291384
2.701	 0.40521516164882804
2.702	 0.4050453158424964
2.704	 0.40456742134999035
2.705	 0.4042585554809631
2.706	 0.40407964547339387
2.708	 0.40360210380662986
2.709	 0.4036453799828007
2.711	 0.403512474747855
2.712	 0.4034674585267462
2.713	 0.403336411000147
2.715	 0.4033524589028082
2.716	 0.403042209160117
2.718	 0.40306102648395725
2.719	 0.4029169310381257
2.721	 0.40272224330317125
2.722	 0.40277450194899306
2.723	 0.4027951597766734
2.725	 0.4026736273409686
2.726	 0.4027729650709856
2.728	 0.40281868500322593
2.729	 0.4029039926316242
2.731	 0.4027821555016384
2.732	 0.4028597887287424
2.733	 0.4028813562229584
2.735	 0.402986584205406
2.736	 0.40290774473585067
2.738	 0.4031331305587874
2.739	 0.4031438844591899
2.741	 0.4034279325376508
2.742	 0.40370347278508634
2.744	 0.40418024418218484
2.745	 0.40436891517724843
2.747	 0.4046386113117077
2.748	 0.405056007750173
2.749	 0.40543739275456214
2.751	 0.40561779683509935
2.752	 0.4060994748585313
2.754	 0.40680193231647527
2.755	 0.4069897526136011
2.757	 0.4075454292682937
2.758	 0.4079482782210874
2.76	 0.40837206724900127
2.761	 0.4088012737263467
2.763	 0.40919956218431963
2.764	 0.4095951955624075
2.766	 0.4101536565182426
2.767	 0.41024744712101685
2.768	 0.41061027351192825
2.77	 0.41129188319810894
2.771	 0.4115481724239895
2.773	 0.4127266768139706
2.774	 0.41294085563071614
2.776	 0.41354966747167626
2.777	 0.4144226619774778
2.779	 0.41476659054116216
2.78	 0.41531293555337295
2.782	 0.4166812583354686
2.783	 0.4170360206425461
2.785	 0.4180899522813267
2.786	 0.4186027980967423
2.788	 0.41899958500798706
2.789	 0.42004392489233944
2.791	 0.4207434025077917
2.792	 0.4213808702309988
2.794	 0.4224124183937262
2.795	 0.4227456307505229
2.797	 0.4238076829393502
2.798	 0.4244398336946168
2.8	 0.4253246269987882
2.801	 0.4262099771155998
2.803	 0.4268636849333789
2.804	 0.4276448355819099
2.806	 0.4289138807075165
2.807	 0.42925337114151085
2.809	 0.4305948658144213
2.811	 0.4315408085054122
2.812	 0.4324839842730997
2.814	 0.43390524933655994
2.815	 0.434335541581135
2.817	 0.43592989041902525
2.818	 0.43692985313680444
2.82	 0.4378031282300902
2.821	 0.43889754165353745
2.823	 0.43993359737616744
2.824	 0.44088364001033237
2.826	 0.44251490991624093
2.827	 0.44329994278087764
2.829	 0.44438580908990893
2.83	 0.4452517685195882
2.832	 0.44627247790788604
2.834	 0.4481003809393431
2.835	 0.44892704885752777
2.837	 0.4500023332926026
2.838	 0.451087323943662
2.84	 0.4520491623897229
2.841	 0.4532436703572298
2.843	 0.45473663202098535
2.844	 0.45524739235794626
2.846	 0.45687978363860277
2.848	 0.4580258733216908
2.849	 0.4592291056391233
2.851	 0.46082702788080293
2.852	 0.4611002588715535
2.854	 0.4627387317515214
2.855	 0.46367831858841607
2.857	 0.46489169784925605
2.859	 0.4662903330072605
2.86	 0.466859015348134
2.862	 0.46844459842593544
2.863	 0.46935535989581206
2.865	 0.47059609881978015
2.866	 0.4716527223773042
2.868	 0.47252982859123416
2.87	 0.4743520535224295
2.871	 0.47470791622038
2.873	 0.476184007445388
2.874	 0.4771524754177876
2.876	 0.47760871308764224
2.878	 0.4797903796172772
2.879	 0.48014181137849593
2.881	 0.4810739149831648
2.882	 0.482053700999685
2.884	 0.4831282082351066
2.886	 0.4847000272172323
2.887	 0.48558328154613456
2.889	 0.487058998967594
2.89	 0.48814077852274496
2.892	 0.48902926310350625
2.894	 0.491005382419597
2.895	 0.4919783222980123
2.897	 0.49270248297726593
2.898	 0.49424047064629706
2.9	 0.4952310881487804
2.902	 0.49668348299954446
2.903	 0.49705800699300295
2.905	 0.498078173721673
2.907	 0.49959763793633466
2.908	 0.5002480405927076
2.91	 0.5015740305011192
2.912	 0.5024516249006084
2.913	 0.5033128733836881
2.915	 0.5046757742706853
2.916	 0.5050930645959012
2.918	 0.5066605643978153
2.92	 0.5073514159002159
2.921	 0.5079858319414914
2.923	 0.5096729866863688
2.925	 0.5102642863199376
2.926	 0.5113424055038354
2.928	 0.511787237203174
2.93	 0.5129592331512295
2.931	 0.513828097422708
2.933	 0.5143948301868652
2.935	 0.5156830620734648
2.936	 0.5160119662630175
2.938	 0.5172343021188012
2.94	 0.5180404208911151
2.941	 0.5182953874817854
2.943	 0.5196261920222043
2.945	 0.5199920864722538
2.946	 0.520874387291539
2.948	 0.5213006248540577
2.95	 0.5224007799254696
2.951	 0.5227825098574392
2.953	 0.5232955249245409
2.955	 0.5240303322724598
2.956	 0.524163389598236
2.958	 0.5252219480428368
2.96	 0.5256001648766723
2.961	 0.5260599639389051
2.963	 0.5269055095983336
2.965	 0.5276098167144864
2.966	 0.5284244743996389
2.968	 0.5291660766273467
2.97	 0.5301156558829654
2.972	 0.5306916262383645
2.973	 0.5308415085004472
2.975	 0.5319221130794106
2.977	 0.5322202187429272
2.978	 0.5328047322469839
2.98	 0.5334633370689984
2.982	 0.5339304921179017
2.984	 0.5344996042779998
2.985	 0.5346265616360923
2.987	 0.5355684971471734
2.989	 0.5357154225755204
2.99	 0.5362745418806989
2.992	 0.5370061613771266
2.994	 0.5376340294904914
2.996	 0.5382332950977302
2.997	 0.5384122610316959
2.999	 0.5391522232267519
3.001	 0.5392455767120389
3.003	 0.5398550262614027
3.004	 0.5401139515404038
3.006	 0.5405301572178032
3.008	 0.5410526130848785
3.01	 0.5413617868364671
3.011	 0.5416473007729584
3.013	 0.5417062084757349
3.015	 0.5421742014437005
3.017	 0.5422777932188176
3.018	 0.5425769516890786
3.02	 0.5428666580132435
3.022	 0.5430544378815295
3.024	 0.5433001769857234
3.025	 0.5434379328470681
3.027	 0.5439956687164257
3.029	 0.544087185917145
3.031	 0.544691628902441
3.032	 0.5448031852102756
3.034	 0.5450217513206832
3.036	 0.5451998814958194
3.038	 0.5453288249124142
3.04	 0.5455021993195113
3.041	 0.5456518632927584
3.043	 0.5461017969020002
3.045	 0.5461745544765989
3.047	 0.5463549364264615
3.048	 0.5462273361556953
3.05	 0.5462161582768507
3.052	 0.5463624011778871
3.054	 0.5466142480807522
3.056	 0.5467685847290308
3.057	 0.5468839464916571
3.059	 0.5472864542044875
3.061	 0.5471959901234734
3.063	 0.5472664027278761
3.065	 0.547326971341634
3.066	 0.5474247206054752
3.068	 0.5474807944931478
3.07	 0.5476557504359115
3.072	 0.5476253286766662
3.074	 0.5476052575991934
3.076	 0.5477084632148308
3.077	 0.547785603671717
3.079	 0.5477674465763117
3.081	 0.547872316203484
3.083	 0.5478975365666653
3.085	 0.5478349892754508
3.087	 0.5474968419554574
3.088	 0.5475057879635399
3.09	 0.547258293881841
3.092	 0.5470907784464495
3.094	 0.5469495281357026
3.096	 0.5467576583199449
3.098	 0.5464845513231804
3.099	 0.5465525498971596
3.101	 0.5464287658795003
3.103	 0.5462959564035536
3.105	 0.5460699779739766
3.107	 0.5460243874899381
3.109	 0.5458284245445884
3.111	 0.5459302685914689
3.112	 0.5457935159348478
3.114	 0.545602905153546
3.116	 0.5451132354162023
3.118	 0.5450321674890276
3.12	 0.54478452398255
3.122	 0.5444654699596267
3.124	 0.544313328485822
3.126	 0.5441404548193156
3.127	 0.5440353788971043
3.129	 0.543844282563502
3.131	 0.5435416647045733
3.133	 0.543211425397122
3.135	 0.5432221588772997
3.137	 0.5427990677386081
3.139	 0.5424839696658363
3.141	 0.5418576054037485
3.143	 0.541592442297922
3.145	 0.5410544166837531
3.146	 0.5408709291117046
3.148	 0.5404425705463681
3.15	 0.5403878383494325
3.152	 0.5398746500010291
3.154	 0.5396850743637417
3.156	 0.5391116237872463
3.158	 0.5389691244689059
3.16	 0.5382994324264403
3.162	 0.5378345213685767
3.164	 0.5373505521760371
3.166	 0.5367875776436977
3.168	 0.5358398000391567
3.17	 0.5354242888260867
3.171	 0.5350628545347115
3.173	 0.534286310835472
3.175	 0.533833514993104
3.177	 0.5329210555812541
3.179	 0.53232169729406
3.181	 0.5317169868970786
3.183	 0.5313189525810397
3.185	 0.530499235576206
3.187	 0.5302433330630119
3.189	 0.5292906490632706
3.191	 0.5287000831834168
3.193	 0.5278813973902285
3.195	 0.5270630394131056
3.197	 0.5261741921230074
3.199	 0.5259434543948219
3.201	 0.5254390742157787
3.203	 0.5252592307061463
3.205	 0.524578745888974
3.207	 0.5241222736303254
3.209	 0.5235757022192803
3.211	 0.5232010079945733
3.213	 0.5226245249128376
3.215	 0.5224432978462712
3.217	 0.521728095832685
3.219	 0.5213372830425714
3.221	 0.5210787194639718
3.223	 0.5206576504224738
3.225	 0.5205713978147795
3.227	 0.5203240546829352
3.229	 0.5208173213267056
3.231	 0.5205803210593982
3.233	 0.5204580634636249
3.235	 0.5206258795841858
3.237	 0.5207587637736678
3.239	 0.5203801638822603
3.241	 0.520565090403472
3.243	 0.5203552046061742
3.245	 0.5204957065364325
3.247	 0.5204965458974963
3.249	 0.5204168379766626
3.251	 0.5205128065143559
3.253	 0.5205227539264266
3.255	 0.5200738694714597
3.257	 0.5200392073588261
3.259	 0.5197541726025879
3.261	 0.5194456257969102
3.263	 0.5196188697800772
3.265	 0.5194079782966172
3.267	 0.5193755986234242
3.269	 0.5193290242451979
3.272	 0.5193783158014067
3.274	 0.5191588729129523
3.276	 0.519345473441771
3.278	 0.5186375002548644
3.28	 0.5185422764267171
3.282	 0.5185065108941211
3.284	 0.5184943520704834
3.286	 0.5186322554684293
3.288	 0.5188027329434252
3.29	 0.5186775832450017
3.292	 0.5185609994265078
3.294	 0.5184054546583728
3.296	 0.5184908437412769
3.299	 0.5182521768028839
3.301	 0.5182507053566385
3.303	 0.5182103023141771
3.305	 0.518208791873566
3.307	 0.5186646074786183
3.309	 0.518738376416204
3.311	 0.5186868772848916
3.313	 0.5198390640733895
3.315	 0.5197222880619421
3.318	 0.5209803943782971
3.32	 0.5209754753296604
3.322	 0.5213453157728292
3.324	 0.5220636128920872
3.326	 0.5224387566821671
3.328	 0.5230466306475196
3.33	 0.5237578926689764
3.333	 0.5242389191923438
3.335	 0.5242399406787032
3.337	 0.5254375667547706
3.339	 0.5256420070204638
3.341	 0.5265556807055759
3.343	 0.5273895557957529
3.345	 0.5282621264012826
3.348	 0.5291164744262715
3.35	 0.5296827248708322
3.352	 0.5301232461425719
3.354	 0.5313404613047672
3.356	 0.5318740267481608
3.358	 0.5327368488296791
3.361	 0.5342343383530789
3.363	 0.5347325525334827
3.365	 0.5358349549447737
3.367	 0.5369784965866282
3.369	 0.5381869083751158
3.372	 0.5393107446838955
3.374	 0.5405904106758954
3.376	 0.5414250918936361
3.378	 0.5426292999533491
3.38	 0.5438282014125873
3.383	 0.5448959421399544
3.385	 0.5460046044685385
3.387	 0.5470516312502233
3.389	 0.5478478727601003
3.391	 0.5492008171508309
3.394	 0.5509724312561678
3.396	 0.5518766638418245
3.398	 0.5533610081154313
3.4	 0.5540122332199708
3.402	 0.5548965397537784
3.405	 0.555946754960141
3.407	 0.5569850248972408
3.409	 0.5580486322971722
3.411	 0.5586576497236573
3.414	 0.559818886945224
3.416	 0.5604474615063131
3.418	 0.5612725699324442
3.42	 0.5619910381656998
3.423	 0.5624963673416242
3.425	 0.5628933704366832
3.427	 0.5631169869106115
3.429	 0.5626757329253026
3.432	 0.5626871062167772
3.434	 0.5625395726678135
3.436	 0.5622046414366841
3.439	 0.5624621345394376
3.441	 0.5622434437225078
3.443	 0.5623405102786307
3.445	 0.5625718985597349
3.448	 0.5626524828226763
3.45	 0.5628522280324348
3.452	 0.5627789509338612
3.455	 0.5632149594647569
3.457	 0.5632329376096622
3.459	 0.5637768346375803
3.462	 0.5640066182400846
3.464	 0.5640558925780697
3.466	 0.564256908568838
3.468	 0.5645607767393106
3.471	 0.564851593077458
3.473	 0.5650973815360523
3.475	 0.5653308875330874
3.478	 0.5656501178106783
3.48	 0.5657826934463059
3.482	 0.5660763725700213
3.485	 0.5662922873260008
3.487	 0.5664415155843335
3.489	 0.5666422567131617
3.492	 0.566911068360078
3.494	 0.5672567454125362
3.497	 0.567632128671854
3.499	 0.5679223907169789
3.501	 0.5680623920431341
3.504	 0.5681189390844593
3.506	 0.5681367878966552
3.508	 0.5680233763462363
3.511	 0.5675112178228946
3.513	 0.5668653442607132
3.516	 0.5659429409663781
3.518	 0.56532254517917
3.52	 0.5644710624392929
3.523	 0.5642403359148053
3.525	 0.5635600424632787
3.527	 0.5630315436703858
3.53	 0.5625443407973822
3.532	 0.5620581512956666
3.535	 0.5614108631814289
3.537	 0.5612273494323432
3.54	 0.560405657888387
3.542	 0.5598534580369806
3.544	 0.5591191950384081
3.547	 0.5586439269829289
3.549	 0.557892603158104
3.552	 0.5572273737701928
3.554	 0.556883438746077
3.557	 0.5558530856882126
3.559	 0.5552446103612483
3.561	 0.555223708638227
3.564	 0.5541138649624111
3.566	 0.5532300799442781
3.569	 0.5526912892227281
3.571	 0.552006875836817
3.574	 0.5510032651667356
3.576	 0.5496976308608825
3.579	 0.5492428577161041
3.581	 0.5483841012430327
3.584	 0.5477845299447336
3.586	 0.5472401534248197
3.589	 0.5459299242386907
3.591	 0.5451684220608585
3.593	 0.544914018464134
3.596	 0.543635139244906
3.598	 0.5434019748082538
3.601	 0.542276150762308
3.603	 0.5416257867883062
3.606	 0.5408543628826638
3.608	 0.5401172349837355
3.611	 0.5388705163578706
3.614	 0.5389952468303758
3.616	 0.5378995893903129
3.619	 0.5374951024999799
3.621	 0.5369111123484976
3.624	 0.5367458498998741
3.626	 0.5361645047810178
3.629	 0.5359115004023267
3.631	 0.5359873637927797
3.634	 0.5359419744730126
3.636	 0.5355376989075185
3.639	 0.5355900169365818
3.641	 0.5350376189632462
3.644	 0.5350781583375878
3.647	 0.5346192763473666
3.649	 0.5343232815806467
3.652	 0.5339522005492835
3.654	 0.5338677620103999
3.657	 0.533270560406455
3.659	 0.5334364021127873
3.662	 0.5333063815986401
3.665	 0.5327806931901222
3.667	 0.532373564075787
3.67	 0.5320886946535567
3.672	 0.5317887127743683
3.675	 0.5315515522536107
3.678	 0.531266654734419
3.68	 0.5305649369759963
3.683	 0.5303827585203555
3.685	 0.5302550722954272
3.688	 0.5300627037873087
3.691	 0.5297772014119084
3.693	 0.529438167511023
3.696	 0.529143062315487
3.699	 0.5287199355255162
3.701	 0.528136248141219
3.704	 0.5280719655312333
3.706	 0.5279473359245284
3.709	 0.527886240054761
3.712	 0.5281211299666887
3.714	 0.5282750820348594
3.717	 0.5287547236309361
3.72	 0.5287642494855851
3.722	 0.5287457099590066
3.725	 0.5288100350618844
3.728	 0.528770509020046
3.73	 0.5285746282790221
3.733	 0.5285144154753276
3.736	 0.528482628795729
3.739	 0.5284069352228183
3.741	 0.5283200987854602
3.744	 0.5280838537369376
3.747	 0.5281900264351611
3.749	 0.5280369613266442
3.752	 0.5279927603614264
3.755	 0.5277177671123945
3.758	 0.5276476050618222
3.76	 0.5274679479699111
3.763	 0.5272518597507747
3.766	 0.5269755633782975
3.768	 0.5271156221383535
3.771	 0.5270498464702078
3.774	 0.5268086327093141
3.777	 0.5266571044699607
3.779	 0.5266621201358804
3.782	 0.5263204394916352
3.785	 0.5261318528462581
3.788	 0.5259091415055287
3.79	 0.5257404482179879
3.793	 0.5254765550827354
3.796	 0.5255486416990085
3.799	 0.5252698829963532
3.802	 0.5250786068694644
3.804	 0.5251158570538034
3.807	 0.5251583214988789
3.81	 0.5250933436811952
3.813	 0.5249117778240735
3.816	 0.5246114628362579
3.818	 0.524387831412238
3.821	 0.5239858844260429
3.824	 0.52400966881694
3.827	 0.5237384548521864
3.83	 0.523553432708138
3.833	 0.5234037269837468
3.835	 0.5233084043096997
3.838	 0.5232101686148729
3.841	 0.5227604207310698
3.844	 0.5226992941300096
3.847	 0.5223497969257841
3.85	 0.5222239516298187
3.852	 0.522151564587222
3.855	 0.5217501065118356
3.858	 0.5215866117088712
3.861	 0.5214316675811124
3.864	 0.5210415564056603
3.867	 0.5205081319260404
3.87	 0.5202823028473957
3.873	 0.5200562888019772
3.875	 0.5198518335281341
3.878	 0.5195931720265267
3.881	 0.5192817751647174
3.884	 0.5189314592132456
3.887	 0.5186342083944963
3.89	 0.5183675312614211
3.893	 0.518154096175904
3.896	 0.5179121870821124
3.899	 0.5173544978049187
3.902	 0.5169149406562829
3.905	 0.5165032012385515
3.908	 0.5162184385481712
3.911	 0.5158602295904572
3.914	 0.5151202335677496
3.916	 0.5150140802291958
3.919	 0.5147679704450191
3.922	 0.5143224269452666
3.925	 0.5141544284407359
3.928	 0.5139083744229798
3.931	 0.5134633948889399
3.934	 0.5132129837991245
3.937	 0.512948796561977
3.94	 0.5127344584651117
3.943	 0.5125369017006544
3.946	 0.512343191763303
3.949	 0.5121262792698882
3.952	 0.5116763659083969
3.955	 0.5115220687177574
3.958	 0.511361769862816
3.961	 0.5112876587092697
3.964	 0.5112001875343026
3.967	 0.5109868429469069
3.97	 0.510625711638324
3.973	 0.5102902212735475
3.977	 0.5100715452238322
3.98	 0.5097036268317823
3.983	 0.5095067645199461
3.986	 0.5093180744608159
3.989	 0.5092118941030038
3.992	 0.5089453665689079
3.995	 0.5086037665902752
3.998	 0.5082058340887564
4.001	 0.5077416951918131
4.004	 0.5069960574262029
4.007	 0.5059676320120441
4.01	 0.5046943572365481
4.013	 0.5032209363177789
4.017	 0.5013918033817946
4.02	 0.49942536200722254
4.023	 0.49908405510261256
4.026	 0.4968817686126922
4.029	 0.4946183442515612
4.032	 0.4921957619128922
4.035	 0.4895354199755431
4.038	 0.4869956061038812
4.042	 0.48448936207534726
4.045	 0.48202471235548655
4.048	 0.47967218038180265
4.051	 0.4776603345489675
4.054	 0.4760615919451493
4.057	 0.47467018047190546
4.061	 0.47383824697236426
4.064	 0.47212577967472685
4.067	 0.4700788958154562
4.07	 0.46775262789675
4.073	 0.4653535486410165
4.077	 0.4629986453224049
4.08	 0.4606693957852593
4.083	 0.4583206775202229
4.086	 0.4560313696786541
4.089	 0.4538260502597308
4.093	 0.4526857100207738
4.096	 0.4505151565545562
4.099	 0.4484434046546455
4.102	 0.44649697089570717
4.106	 0.4446038110151987
4.109	 0.44273250655639373
4.112	 0.4409655579407855
4.115	 0.4394358140371653
4.119	 0.4380019525364486
4.122	 0.4365750363769658
4.125	 0.43512209945467983
4.128	 0.4337682603854989
4.132	 0.43258859052440135
4.135	 0.4315311756124751
4.138	 0.43061362226017
4.142	 0.429849886489784
4.145	 0.429189261617062
4.148	 0.4285359386544956
4.152	 0.4278633871372777
4.155	 0.4271394543183478
4.158	 0.42633286143677857
4.162	 0.4256399943183497
4.165	 0.42393490575670545
4.168	 0.42357506595326205
4.172	 0.4233165696895901
4.175	 0.42279880538703957
4.178	 0.42209243215041986
4.182	 0.4215083621620472
4.185	 0.4210918496120723
4.189	 0.42070635149373264
4.192	 0.42050143117875366
4.195	 0.4203965462642828
4.199	 0.42053749923289235
4.202	 0.4197788646066916
4.206	 0.42217099392000895
4.209	 0.42263075434158315
4.212	 0.42491388859245105
4.216	 0.4278034661494055
4.219	 0.43135440029635713
4.223	 0.43561250144396296
4.226	 0.4400206712363476
4.23	 0.44462315246342715
4.233	 0.44939875370679605
4.236	 0.45351210347763804
4.24	 0.4585923856199924
4.243	 0.46432391599642847
4.247	 0.4681248753979373
4.25	 0.47219531046139657
4.254	 0.4754017699360356
4.257	 0.47783238004789
4.261	 0.4808631819852595
4.264	 0.4840824366881592
4.268	 0.48806671125425877
4.271	 0.49235934406459614
4.275	 0.49665483746754185
4.278	 0.5004687893716969
4.282	 0.50471935004876
4.285	 0.5089625113922696
4.289	 0.5130167943665307
4.293	 0.5177840027820507
4.296	 0.5215781242795445
4.3	 0.5252006877228065
4.303	 0.528515667747319
4.307	 0.5316868242918097
4.31	 0.5348233605716253
4.314	 0.5376515860531941
4.318	 0.5399725460896299
4.321	 0.5420436527795325
4.325	 0.5453804032786073
4.328	 0.5471262726481284
4.332	 0.5487781741230734
4.336	 0.5501827011607473
4.339	 0.5512639786806356
4.343	 0.5520734692599489
4.347	 0.5527408623412522
4.35	 0.5532830521717655
4.354	 0.5538451588958384
4.357	 0.5545467420924876
4.361	 0.555242156524187
4.365	 0.5572928893327856
4.368	 0.557500477229479
4.372	 0.5578598870489927
4.376	 0.5584905980365298
4.38	 0.5591653243668767
4.383	 0.5597027019198327
4.387	 0.5600747088033132
4.391	 0.5602884248501822
4.394	 0.5604679475260063
4.398	 0.5604945793726895
4.402	 0.5612457632530491
4.406	 0.5598440470168242
4.409	 0.5594509074244995
4.413	 0.5581616064512771
4.417	 0.556448216123562
4.421	 0.5542679744684268
4.424	 0.5518365463457409
4.428	 0.5493846435779407
4.432	 0.5468631909676269
4.436	 0.5423477665959971
4.44	 0.539486392691772
4.443	 0.5384988566746243
4.447	 0.534376948208913
4.451	 0.5324831300596822
4.455	 0.5311576335262177
4.459	 0.5302489496308229
4.462	 0.5290305832752352
4.466	 0.5271438881820921
4.47	 0.5249760356523991
4.474	 0.5227565747915974
4.478	 0.5189842491318981
4.482	 0.5168479606438553
4.486	 0.5147466813452627
4.49	 0.5128245137547495
4.493	 0.5110019470071808
4.497	 0.5092103578525813
4.501	 0.5076610605029698
4.505	 0.5063180083396566
4.509	 0.5048538659781254
4.513	 0.5033274205073519
4.517	 0.5021052731875334
4.521	 0.5005194609688112
4.525	 0.4997934442262917
4.529	 0.4991119601282863
4.533	 0.4984540793791245
4.537	 0.49787414047112527
4.541	 0.4974405738242228
4.545	 0.4971449603615762
4.549	 0.4969668908549303
4.553	 0.4969845248593193
4.557	 0.4966699642343594
4.561	 0.4966076561521288
4.565	 0.49667333571935357
4.569	 0.496708207474461
4.573	 0.4965549556625616
4.577	 0.4963326829463366
4.581	 0.49599899963911026
4.585	 0.4956205463794137
4.589	 0.4954018791697261
4.593	 0.49532318862582425
4.597	 0.4954231688966699
4.601	 0.49565925000782457
4.605	 0.4957737675731014
4.609	 0.4956889764144214
4.613	 0.495525658976076
4.617	 0.49550864642140885
4.622	 0.49557174563644174
4.626	 0.49541112022267825
4.63	 0.4951419708128791
4.634	 0.4949390897716696
4.638	 0.4949496770181577
4.642	 0.49503391747461534
4.646	 0.49514605888454266
4.651	 0.49497296125150886
4.655	 0.4946633640354706
4.659	 0.49450053334561256
4.663	 0.4944136475441433
4.667	 0.4942886323365459
4.672	 0.4942352536857291
4.676	 0.49424878807467293
4.68	 0.4941628176978608
4.684	 0.4941218171043057
4.688	 0.4940330038040891
4.693	 0.49384000846291587
4.697	 0.4937592479466414
4.701	 0.4935920979780553
4.705	 0.4934781704981148
4.71	 0.4936570734585064
4.714	 0.4938756110572345
4.718	 0.4939311054092303
4.723	 0.4939495220595405
4.727	 0.49399073939842775
4.731	 0.49409920603368973
4.736	 0.49419518377693283
4.74	 0.49427170770769496
4.744	 0.4943210256805145
4.749	 0.49444519173170254
4.753	 0.494553132048195
4.757	 0.49446548384826705
4.762	 0.49424246193770793
4.766	 0.4940270886280205
4.77	 0.49394039156250996
4.775	 0.49386543605236755
4.779	 0.49396142288831923
4.784	 0.4942599574327299
4.788	 0.49464797040055775
4.792	 0.4949370333898192
4.797	 0.49506407308623807
4.801	 0.4950104904865244
4.806	 0.49513370067725054
4.81	 0.4951717359641976
4.815	 0.49529934248471563
4.819	 0.49515046232013077
4.824	 0.4952433689573066
4.828	 0.49546290592675823
4.833	 0.4956776643855254
4.837	 0.4957881735197613
4.842	 0.4957771386192182
4.846	 0.49590043414997637
4.851	 0.4961265811671995
4.855	 0.49635449613787785
4.86	 0.4965176977448006
4.864	 0.49675531003270473
4.869	 0.49710745817934915
4.873	 0.49732254670318254
4.878	 0.4975645121686728
4.883	 0.49778404289970857
4.887	 0.4980491059129433
4.892	 0.49829664560282494
4.896	 0.4984017070521774
4.901	 0.4986372265778368
4.906	 0.4986574067030776
4.91	 0.4986022075647434
4.915	 0.4986731688178469
4.92	 0.49869670744550765
4.924	 0.49864051921141544
4.929	 0.49867373546597454
4.934	 0.4987466450151218
4.938	 0.49892887921025975
4.943	 0.4990995653807704
4.948	 0.4991906071421606
4.953	 0.49931755795315275
4.957	 0.49972994581230074
4.962	 0.5002274596719536
4.967	 0.5006504244455058
4.972	 0.5010481020077017
4.976	 0.5014001653144935
4.981	 0.5016419970275795
4.986	 0.5017007675812347
4.991	 0.5015248684450936
4.996	 0.5014224343398359
5.0	 0.5013612282163481
5.005	 0.5013527219761871
5.01	 0.5015080859410385
5.015	 0.501439428738231
5.02	 0.5015900114576877
5.025	 0.5015593400927599
5.029	 0.5016410153268088
5.034	 0.5016911480065193
5.039	 0.5017162960242689
5.044	 0.501700523262112
5.049	 0.5016647159950782
5.054	 0.5015172454804268
5.059	 0.5014902564070461
5.064	 0.5012264910853473
5.069	 0.5010462499576792
5.074	 0.5009192180941467
5.079	 0.5007682299243408
5.084	 0.5006760857937848
5.089	 0.500552988561689
5.094	 0.5006783146723388
5.099	 0.5009233613114914
5.104	 0.5009338019686811
5.109	 0.5008304893905957
5.114	 0.5008321087991523
5.119	 0.5007619980507516
5.124	 0.5008530313558089
5.129	 0.5008540111349794
5.134	 0.5006416696920829
5.139	 0.5003019380081845
5.144	 0.49998996945434887
5.149	 0.49982280169793475
5.154	 0.49962986311695823
5.16	 0.49932861808322176
5.165	 0.4989043438178184
5.17	 0.4984118370962398
5.175	 0.49791780575872113
5.18	 0.49756721883239824
5.185	 0.4972605327791423
5.191	 0.4971128633394517
5.196	 0.4969794547283336
5.201	 0.49671719706856754
5.206	 0.4965406073144889
5.211	 0.4962844896865793
5.217	 0.4960393886940083
5.222	 0.49577157662659527
5.227	 0.4953119951524571
5.232	 0.49476906860383735
5.238	 0.4944276726010778
5.243	 0.49424542522817144
5.248	 0.4940750592258688
5.254	 0.4938332122707957
5.259	 0.4936513192687836
5.264	 0.4936276166254646
5.27	 0.493246162025653
5.275	 0.49306865861856736
5.28	 0.4928519836207357
5.286	 0.492603922141242
5.291	 0.49220731278021645
5.297	 0.4916516707017064
5.302	 0.4910883326800057
5.307	 0.4908041309407318
5.313	 0.4903841537560881
5.318	 0.4898325908015327
5.324	 0.48916205427572124
5.329	 0.48877811931410936
5.335	 0.4884085843968597
5.34	 0.48853071389569536
5.346	 0.48818129395226945
5.351	 0.48772665794019093
5.357	 0.48694598203620937
5.362	 0.4861228920561411
5.368	 0.48564007404036547
5.373	 0.48512854779537334
5.379	 0.4843632137768897
5.385	 0.4835403296551087
5.39	 0.48254253643286327
5.396	 0.4818270860581462
5.401	 0.48087729827050024
5.407	 0.47975724628060074
5.413	 0.47881300326781223
5.418	 0.4786651980894071
5.424	 0.47721156575692447
5.43	 0.47724661935245744
5.435	 0.47644336226529954
5.441	 0.47540155060700096
5.447	 0.4741419058297197
5.453	 0.4729336202054033
5.458	 0.471774579407613
5.464	 0.4708791679197775
5.47	 0.46959527226156855
5.476	 0.4679681935758885
5.481	 0.46633889096215797
5.487	 0.46484706082551486
5.493	 0.4633903037282297
5.499	 0.46211039872706844
5.505	 0.46063415714692574
5.511	 0.46008263278265576
5.516	 0.45868133509315195
5.522	 0.4571189893582454
5.528	 0.45548862755869834
5.534	 0.4538401861908455
5.54	 0.45242792181659686
5.546	 0.4508101685305355
5.552	 0.44961729860812877
5.558	 0.4488268932713376
5.564	 0.4481117729951749
5.57	 0.4474154739848382
5.576	 0.4471327156389299
5.582	 0.44735505011669885
5.588	 0.44792083824265694
5.594	 0.4484081225078824
5.6	 0.4485446167757772
5.606	 0.44939364261791626
5.612	 0.4500994410557586
5.618	 0.45117635065355277
5.624	 0.45157120750680546
5.63	 0.4531277235215923
5.636	 0.45452876062727726
5.642	 0.4564098376791882
5.649	 0.4583368453276583
5.655	 0.4602287445385054
5.661	 0.4620208286047222
5.667	 0.46404897245299515
5.673	 0.46656225440029847
5.68	 0.4691894365726116
5.686	 0.4712642191511514
5.692	 0.4737524555409321
5.698	 0.4764293044560729
5.704	 0.4791014480746584
5.711	 0.48296485121819704
5.717	 0.4859908724845402
5.723	 0.4894454347614813
5.73	 0.493152598356295
5.736	 0.49653217232825403
5.742	 0.4998476647354377
5.749	 0.5033350556916509
5.755	 0.5063796209448093
5.762	 0.5091024723745926
5.768	 0.5114083124756823
5.774	 0.513448416361939
5.781	 0.5148723595253155
5.787	 0.5158343116112538
5.794	 0.5165560828911455
5.8	 0.517944354085848
5.807	 0.5186739186739187
5.813	 0.519665169916574
5.82	 0.5203024668269182
5.826	 0.5203101367580601
5.833	 0.5199192987089136
5.839	 0.5192267943235189
5.846	 0.51833378966228
5.853	 0.5174717893605588
5.859	 0.516854407738524
5.866	 0.5160732438248378
5.872	 0.5151271484571311
5.879	 0.5138359398127648
5.886	 0.5126231791837929
5.892	 0.5117077832010088
5.899	 0.5105277038688937
5.906	 0.509110095305246
5.913	 0.5077937649880098
5.919	 0.5064137955282556
5.926	 0.50469941125753
5.933	 0.5029376063299916
5.94	 0.50112927945874
5.947	 0.4991066808187563
5.953	 0.4971905184950461
5.96	 0.49548213195904256
5.967	 0.4940327798540891
5.974	 0.4924154595119294
5.981	 0.4916075556529202
5.988	 0.49102475318496475
5.995	 0.49078166279262525
6.002	 0.4902742216236981
6.009	 0.48933553893223636
6.016	 0.48838109972697935
6.023	 0.4880661290701204
6.03	 0.488111563679036
6.037	 0.4880486051055299
6.044	 0.4880880165824523
6.051	 0.48846454053360244
6.058	 0.488718733736819
6.065	 0.4889164313505132
6.072	 0.4896754944661831
6.079	 0.4901418151527385
6.086	 0.4897478069885778
6.093	 0.4898108897625689
6.1	 0.49018137056911515
6.108	 0.49071483992440124
6.115	 0.4908914370260774
6.122	 0.49086146913182865
6.129	 0.4910403482322402
6.137	 0.49172495426665225
6.144	 0.49281175682992107
6.151	 0.4938223447574741
6.158	 0.4945164363086816
6.166	 0.4952435777505936
6.173	 0.49580692412700783
6.18	 0.49607096594319816
6.188	 0.49651814062605765
6.195	 0.49708381686819153
6.203	 0.49772533114128875
6.21	 0.49840429331231734
6.217	 0.49883167915129556
6.225	 0.49901358084579583
6.232	 0.4995171669466287
6.24	 0.5005029889468592
6.247	 0.5010880705983486
6.255	 0.5010287524666763
6.263	 0.501043168778572
6.27	 0.5011084807724516
6.278	 0.5011711072967514
6.285	 0.502006825848445
6.293	 0.503310225778851
6.301	 0.5038089467806572
6.308	 0.5041286567613756
6.316	 0.5048866233737163
6.324	 0.5056638986994886
6.331	 0.506207617947227
6.339	 0.5057860182665365
6.347	 0.5053200911971314
6.355	 0.5049972474432236
6.362	 0.5050588302165633
6.37	 0.5049137677814611
6.378	 0.5048822189675529
6.386	 0.5050388194599924
6.394	 0.5051814557881148
6.402	 0.505135966861484
6.41	 0.5049686168791124
6.418	 0.5051650120740543
6.426	 0.5049714772748999
6.433	 0.5043208327349884
6.441	 0.5033552545983017
6.449	 0.5030258517911131
6.458	 0.5026868817738455
6.466	 0.5024853354623249
6.474	 0.5022959596859069
6.482	 0.5014115692163835
6.49	 0.4999124499657695
6.498	 0.4988398339019803
6.506	 0.49827024809183734
6.514	 0.4973779114686957
6.523	 0.49615028901328645
6.531	 0.4949432590709326
6.539	 0.49418654651412186
6.547	 0.49355161694734345
6.555	 0.4928316516081662
6.564	 0.4919536920471188
6.572	 0.4912726776741798
6.58	 0.49010943520473904
6.589	 0.48894585092536463
6.597	 0.4876303525588988
6.606	 0.48653906943977615
6.614	 0.4860533972712613
6.622	 0.484460569550931
6.631	 0.483403873014536
6.639	 0.4828293760146136
6.648	 0.4824182506645267
6.656	 0.48206806436803257
6.665	 0.48177793156599213
6.674	 0.4814242345596803
6.682	 0.4817633107651564
6.691	 0.48189599916355647
6.699	 0.48168417562835425
6.708	 0.48138804977786775
6.717	 0.48182443623179916
6.726	 0.482212562488224
6.734	 0.4828808707283433
6.743	 0.48366828620987723
6.752	 0.48480469735544385
6.761	 0.4854831597303419
6.769	 0.48618515703287946
6.778	 0.4871349266782932
6.787	 0.48877903147912366
6.796	 0.49098475315531437
6.805	 0.4928940429341956
6.814	 0.4954472984942427
6.823	 0.49746393718679616
6.832	 0.4993090154786071
6.841	 0.5003703755080526
6.85	 0.5013891685121804
6.859	 0.5019507876122554
6.868	 0.5032038746772493
6.877	 0.5040491945465
6.886	 0.504492815071747
6.895	 0.5049586480970963
6.905	 0.5060874810115271
6.914	 0.506337322489983
6.923	 0.5064922362146962
6.932	 0.5064857757426409
6.942	 0.5057479946517508
6.951	 0.5047563335989919
6.96	 0.5039136302294197
6.97	 0.5036866871688467
6.979	 0.5029310351039643
6.988	 0.5014543147417251
6.998	 0.49957440151177523
7.007	 0.4987405541561713
7.017	 0.49775707446369116
7.026	 0.4971044975403356
7.036	 0.4965025512790187
7.045	 0.4965734076785143
7.055	 0.49647217620712925
7.065	 0.49666230226019015
7.074	 0.4963977029776914
7.084	 0.49647144494061973
7.094	 0.4960802042661583
7.103	 0.4955062144893049
7.113	 0.4952620962865863
7.123	 0.4949961182863999
7.133	 0.4954799047592698
7.142	 0.4961551540060121
7.152	 0.49741205865245997
7.162	 0.4985283681426339
7.172	 0.49978761285891166
7.182	 0.501007241186428
7.192	 0.5030595115611631
7.202	 0.5042351690059912
7.212	 0.5049851123342054
7.222	 0.505369551484523
7.232	 0.5061831676869673
7.242	 0.5062349388436858
7.252	 0.5064169307124401
7.262	 0.5060440116494811
7.273	 0.505883106621965
7.283	 0.5057200748042172
7.293	 0.5060207016002718
7.303	 0.5073310160097485
7.314	 0.5077646941516295
7.324	 0.5089982451555092
7.334	 0.5095066597854784
7.345	 0.5094806347438476
7.355	 0.5082281443121481
7.366	 0.5067679249775129
7.376	 0.5050042237998535
7.387	 0.5035120800388808
7.397	 0.5018333933292785
7.408	 0.5009540575066386
7.418	 0.49947800964238226
7.429	 0.49800881557023496
7.44	 0.4962928842425016
7.45	 0.4951733220427128
7.461	 0.493924234271239
7.472	 0.49333054787957337
7.483	 0.49249006212658586
7.493	 0.4911787814575843
7.504	 0.4903183500526485
7.515	 0.4885938507319873
7.526	 0.48699561753993426
7.537	 0.48579468438119305
7.548	 0.4861204139914074
7.559	 0.48618924987025325
7.57	 0.4864834040743742
7.581	 0.48681894716777324
7.592	 0.4876195457790532
7.603	 0.4871324441621378
7.614	 0.4870194083714586
7.626	 0.4872549990629986
7.637	 0.4885788260522263
7.648	 0.48968782705050606
7.659	 0.4907231864788248
7.671	 0.49079845502082264
7.682	 0.49097802064639723
7.693	 0.4912430611479612
7.705	 0.49163140596629024
7.716	 0.4915257578196608
7.728	 0.49053632314519285
7.739	 0.4893915924622075
7.751	 0.488129820030078
7.763	 0.48797987118289243
7.774	 0.4873164575557055
7.786	 0.48639234327879205
7.798	 0.48486475179503463
7.809	 0.484649594629826
7.821	 0.4838464861385216
7.833	 0.482536985359093
7.845	 0.4800496717748601
7.857	 0.4781224484194781
7.869	 0.4759273277167927
7.881	 0.47474453566108976
7.893	 0.47383703703703695
7.905	 0.47273539928486286
7.917	 0.47194264028679855
7.929	 0.47142295835096415
7.941	 0.47061690784463056
7.953	 0.4703807575961692
7.965	 0.46825410689275676
7.978	 0.46549963893523244
7.99	 0.4649321207879108
8.002	 0.46452736271327594
8.015	 0.4643893160022192
8.027	 0.4634679622150642
8.039	 0.46397911348042215
8.052	 0.4639629847143224
8.064	 0.46475673134679174
8.077	 0.4650045256315313
8.09	 0.465880482310852
8.102	 0.46687646682312783
8.115	 0.46901322028225584
8.128	 0.4705391369904046
8.14	 0.4730414100428729
8.153	 0.47672073970462675
8.166	 0.48035906511704285
8.179	 0.48361968951991596
8.192	 0.48519341106792524
8.205	 0.4860110571284973
8.218	 0.487774855927936
8.231	 0.4897144035854258
8.244	 0.49090601199092015
8.257	 0.4936093055634253
8.27	 0.4956027403916234
8.283	 0.4980713792683423
8.297	 0.4998272603491373
8.31	 0.5023917616197383
8.323	 0.5043521612590277
8.337	 0.5070279506109159
8.35	 0.508546305693392
8.364	 0.5106832683622629
8.377	 0.5125779052561005
8.391	 0.5159830335774033
8.404	 0.5189120104866458
8.418	 0.5221357639270194
8.432	 0.5246045522810165
8.445	 0.5271650485436894
8.459	 0.5285203440610805
8.473	 0.5295474200057654
8.487	 0.530988338749761
8.501	 0.531889381625778
8.515	 0.5310527811996588
8.529	 0.5290577147535843
8.543	 0.5281060308814366
8.557	 0.5267830608679174
8.571	 0.5247269445679954
8.585	 0.5204430505333995
8.599	 0.5176762585229128
8.614	 0.5149255103007442
8.628	 0.5126052550057731
8.642	 0.5087933962781014
8.657	 0.506684706872284
8.671	 0.5052328875044019
8.686	 0.5039377275427666
8.7	 0.49992244454785173
8.715	 0.49728924915384165
8.73	 0.49531786192054905
8.744	 0.49366843511598185
8.759	 0.4920933297159024
8.774	 0.4921911331576499
8.789	 0.49253644087613996
8.804	 0.49192289683159046
8.819	 0.49106915778147314
8.834	 0.4915396748836542
8.849	 0.49161202418462063
8.864	 0.4893579257199485
8.879	 0.48700377915987886
8.894	 0.48600553351998116
8.91	 0.48820960698689964
8.925	 0.48909661454359693
8.94	 0.4895258012791161
8.956	 0.48960363005471774
8.971	 0.4910465984423203
8.987	 0.49146468421333617
9.002	 0.4926303428132669
9.018	 0.4930577080635135
9.034	 0.4940032273540058
9.05	 0.4954222659237409
9.065	 0.4976422853383046
9.081	 0.49939407293158533
9.097	 0.49920533309787657
9.113	 0.4984868900620707
9.129	 0.49916099973505257
9.145	 0.5002099493911467
9.161	 0.4999557012492248
9.178	 0.49898090300855147
9.194	 0.4984395404944776
9.21	 0.499128641464606
9.227	 0.4981791873149714
9.243	 0.4975542481077179
9.26	 0.49569811809095515
9.276	 0.49543732538723095
9.293	 0.4945228059291158
9.309	 0.49485339955854374
9.326	 0.49389069097477784
9.343	 0.49356076342220373
9.36	 0.4925670635519123
9.377	 0.49378578069188234
9.394	 0.49416794441733547
9.411	 0.49500939551455686
9.428	 0.4956172567455071
9.445	 0.4969051987767584
9.462	 0.4994609692752487
9.48	 0.5028359989288931
9.497	 0.5049924504407969
9.514	 0.5064524752715872
9.532	 0.5082338611449453
9.55	 0.5094362536737024
9.567	 0.5102140077821011
9.585	 0.5106321072666876
9.603	 0.5109591698186403
9.62	 0.5109401936082748
9.638	 0.5140256023662503
9.656	 0.5148383829697786
9.674	 0.5137769169854883
9.692	 0.5104900076545181
9.71	 0.5108857176553838
9.729	 0.5113927849603046
9.747	 0.5130507442063471
9.765	 0.5124740535502181
9.784	 0.5125521311323056
9.802	 0.5114391897221281
9.821	 0.5097465390879479
9.839	 0.5075646409958003
9.858	 0.5068831005410848
9.877	 0.5081382497739375
9.896	 0.5084835098639626
9.915	 0.5070598838373723
9.934	 0.5057333732176688
9.953	 0.5042792289945673
9.972	 0.5040702709390078
9.991	 0.5050103662750518
10.01	 0.5056606565868338
10.03	 0.5049796120103793
10.049	 0.5035510133379525
10.069	 0.502359597756529
10.088	 0.5009319664492079
10.108	 0.5008062948492954
10.128	 0.4986716390818633
10.148	 0.4980316259429501
10.167	 0.4964328180737217
10.187	 0.49573980054895794
10.207	 0.4930362653789928
10.228	 0.4931196756124162
10.248	 0.4930870241127245
10.268	 0.4951469424772785
10.289	 0.4946492271105826
10.309	 0.49504485852311936
10.33	 0.4964452343923572
10.35	 0.4964980544747082
10.371	 0.49586314847942753
10.392	 0.49666303649716564
10.412	 0.49789727486822916
10.433	 0.49822491823442255
10.454	 0.49667998424399296
10.476	 0.494384236453202
10.497	 0.49365942028985504
10.518	 0.4937898718455372
10.539	 0.4937554869587381
10.561	 0.49428150832295326
10.582	 0.4939669680805545
10.604	 0.4924810957340562
10.626	 0.4909419251275583
10.648	 0.4903054221002059
10.67	 0.4924546000165319
10.692	 0.4922007141514753
10.714	 0.4923665788592802
10.736	 0.49077571338121956
10.758	 0.49061985297071464
10.78	 0.48913759052007905
10.803	 0.4902322979949441
10.825	 0.4897164968456532
10.848	 0.49140664108126153
10.871	 0.49233077692564187
10.894	 0.4935573479701463
10.917	 0.4947750411612513
10.94	 0.49640432824786607
10.963	 0.4979821080244837
10.986	 0.4991405170379858
11.009	 0.4997296383913485
11.033	 0.499728168535508
11.056	 0.4979029563201146
11.08	 0.4950755762259763
11.104	 0.49277705166127816
11.127	 0.49120624719256417
11.151	 0.48938817836156245
11.175	 0.4879482657260435
11.2	 0.48722299168975064
11.224	 0.48716792675313864
11.248	 0.48795348513334724
11.273	 0.490313798038326
11.297	 0.49442484895955463
11.322	 0.495165033197924
11.347	 0.4962539991090592
11.372	 0.4937217119445836
11.397	 0.49363778978560224
11.422	 0.49207667039670794
11.447	 0.49373664564293984
11.472	 0.49137032678179804
11.498	 0.4886274509803922
11.523	 0.488391445452276
11.549	 0.49054172036752175
11.575	 0.49392593833780163
11.6	 0.4965912417917939
11.626	 0.495260663507109
11.653	 0.4928927997292495
11.679	 0.4937828483527753
11.705	 0.4956325365375602
11.732	 0.4963528705054493
11.758	 0.4947327852004111
11.785	 0.4912848390715333
11.812	 0.49069148936170215
11.839	 0.4928723081589324
11.866	 0.492993907745866
11.893	 0.48989140990553537
11.92	 0.4861282912175295
11.948	 0.482832618025751
11.976	 0.48223009008201495
12.003	 0.482197262516484
12.031	 0.48157715839564924
12.059	 0.4822367372948861
12.087	 0.48294590153958494
12.115	 0.48742975906396735
12.144	 0.48764191428105813
12.172	 0.49030558068195224
12.201	 0.4894303542195544
12.23	 0.4894067796610169
12.259	 0.48697813682842783
12.288	 0.4868748585652863
12.317	 0.4871300600975168
12.346	 0.48805246649558026
12.376	 0.48971405650106004
12.405	 0.49338146811070993
12.435	 0.4974619289340102
12.465	 0.4971708569095257
12.495	 0.49595876771699665
12.525	 0.4965133313800175
12.555	 0.49635122410546134
12.586	 0.49515595463137996
12.617	 0.4919154962823085
12.647	 0.4911493981590748
12.678	 0.49427401649557945
12.709	 0.49544181612345833
12.741	 0.4941794519730165
12.772	 0.49554399186554215
12.803	 0.49997017240350766
12.835	 0.5032773209391015
12.867	 0.5031930766935243
12.899	 0.5023002927645336
12.931	 0.5017377756471717
12.964	 0.5018654471055481
12.996	 0.4982740870829044
13.029	 0.4925833989223225
13.061	 0.4916825152266544
13.094	 0.48655956542391865
13.128	 0.4857663653156845
13.161	 0.477360398486948
13.194	 0.47574866108471003
13.228	 0.47137129934210525
13.262	 0.47089453641097384
13.296	 0.46986225017915434
13.33	 0.47501189909566865
13.364	 0.48174351467837684
13.399	 0.48585636259884246
13.434	 0.4907546226886556
13.469	 0.4985516841843914
13.504	 0.49991525423728816
13.539	 0.49498186725141263
13.574	 0.4911090112533289
13.61	 0.48871922450030025
13.646	 0.4819308889475073
13.682	 0.47439141436174853
13.718	 0.471463130543858
13.754	 0.4732070729737007
13.791	 0.4740570377184913
13.828	 0.4798210372534697
13.865	 0.487037903603182
13.902	 0.493006340917568
13.939	 0.4942329873125721
13.977	 0.492246942116922
14.015	 0.4868041031769744
14.053	 0.48160205188911903
14.091	 0.4744496061401737
14.129	 0.4690167721201165
14.168	 0.4691855063487148
14.207	 0.4724945814841573
14.246	 0.47156756756756757
14.285	 0.47221621621621623
14.324	 0.47918629787705785
14.364	 0.47857641311933014
14.404	 0.48234624145785876
14.444	 0.47846889952153115
14.484	 0.4861131564221129
14.525	 0.48252400500763715
14.566	 0.47708216742549
14.607	 0.47832264112798883
14.648	 0.4796696058194498
14.69	 0.4840926411686017
14.731	 0.4888234876326077
14.773	 0.4938057749647496
14.815	 0.4871111535930011
14.858	 0.48783605226666743
14.901	 0.4836899932172628
14.944	 0.4848213981689942
14.987	 0.48739178789897314
15.03	 0.49585064812336815
15.074	 0.49585064812336815
15.118	 0.5
15.162	 0.5
15.206	 0.5
15.251	 0.49999999999999994
15.296	 0.5
15.341	 0.5
15.387	 0.0
